1640.32	-656.715	-607.3311	0.7037497
1640.33	-656.5695	-607.33	0.703697
1640.34	-656.424	-607.3289	0.7036449
1640.35	-656.2785	-607.3279	0.7035935
1640.36	-656.133	-607.3267	0.7035425
1640.37	-655.9875	-607.3256	0.7034923
1640.38	-655.842	-607.3245	0.7034426
1640.39	-655.6965	-607.3233	0.7033935
1640.4	-655.551	-607.3221	0.7033448
1640.41	-655.4055	-607.321	0.7032968
1640.42	-655.2601	-607.3197	0.7032494
1640.43	-655.1146	-607.3185	0.7032028
1640.44	-654.9692	-607.3173	0.7031568
1640.45	-654.8237	-607.316	0.7031115
1640.46	-654.6783	-607.3147	0.7030667
1640.47	-654.5328	-607.3134	0.7030232
1640.48	-654.3874	-607.3121	0.7029807
1640.49	-654.2419	-607.3107	0.7029392
1640.5	-654.0965	-607.3094	0.7028988
1640.51	-653.951	-607.308	0.7028593
1640.52	-653.8056	-607.3066	0.7028214
1640.53	-653.6602	-607.3052	0.7027849
1640.54	-653.5147	-607.3038	0.70275
1640.55	-653.3693	-607.3024	0.7027165
1640.56	-653.2238	-607.3009	0.7026842
1640.57	-653.0784	-607.2994	0.7026538
1640.58	-652.933	-607.2979	0.702625
1640.59	-652.7877	-607.2964	0.702598
1640.6	-652.6423	-607.295	0.7025724
1640.61	-652.4969	-607.2935	0.7025483
1640.62	-652.3515	-607.2919	0.7025256
1640.63	-652.2061	-607.2904	0.7025045
1640.64	-652.0607	-607.2888	0.702485
1640.65	-651.9153	-607.2873	0.7024669
1640.66	-651.77	-607.2857	0.7024503
1640.67	-651.6246	-607.2841	0.7024348
1640.68	-651.4793	-607.2825	0.7024207
1640.69	-651.334	-607.2809	0.7024078
1640.7	-651.1887	-607.2794	0.702396
1640.71	-651.0433	-607.2777	0.7023853
1640.72	-650.8979	-607.2761	0.7023757
1640.73	-650.7526	-607.2744	0.7023669
1640.74	-650.6073	-607.2728	0.7023592
1640.75	-650.462	-607.2711	0.7023523
1640.76	-650.3167	-607.2695	0.7023463
1640.77	-650.1713	-607.2677	0.7023411
1640.78	-650.026	-607.266	0.7023365
1640.79	-649.8807	-607.2643	0.7023327
1640.8	-649.7354	-607.2626	0.7023294
1640.81	-649.59	-607.2609	0.7023268
1640.82	-649.4447	-607.2592	0.7023247
1640.83	-649.2994	-607.2574	0.7023233
1640.84	-649.1541	-607.2557	0.7023223
1640.85	-649.0087	-607.2539	0.7023219
1640.86	-648.8634	-607.2521	0.7023219
1640.87	-648.7181	-607.2504	0.7023225
1640.88	-648.5728	-607.2486	0.7023235
1640.89	-648.4274	-607.2468	0.7023249
1640.9	-648.2821	-607.2451	0.7023267
1640.91	-648.1368	-607.2433	0.7023288
1640.92	-647.9915	-607.2415	0.7023313
1640.93	-647.8462	-607.2397	0.7023342
1640.94	-647.7009	-607.2379	0.7023374
1640.95	-647.5555	-607.2361	0.7023408
1640.96	-647.4102	-607.2343	0.7023447
1640.97	-647.2649	-607.2325	0.7023488
1640.98	-647.1196	-607.2307	0.7023532
1640.99	-646.9742	-607.2288	0.7023578
1641	-646.8289	-607.227	0.7023627
1641.01	-646.6835	-607.2252	0.7023678
1641.02	-646.5382	-607.2233	0.7023731
1641.03	-646.3929	-607.2215	0.7023786
1641.04	-646.2475	-607.2197	0.7023843
1641.05	-646.1021	-607.2178	0.7023903
1641.06	-645.9567	-607.216	0.7023964
1641.07	-645.8113	-607.2142	0.7024027
1641.08	-645.666	-607.2123	0.702409
1641.09	-645.5206	-607.2105	0.7024156
1641.1	-645.3751	-607.2087	0.7024224
1641.11	-645.2297	-607.2068	0.7024293
1641.12	-645.0842	-607.205	0.7024363
1641.13	-644.9388	-607.2032	0.7024434
1641.14	-644.7933	-607.2014	0.7024506
1641.15	-644.6478	-607.1995	0.702458
1641.16	-644.5023	-607.1977	0.7024655
1641.17	-644.3568	-607.1959	0.7024731
1641.18	-644.2113	-607.194	0.7024809
1641.19	-644.0657	-607.1922	0.7024886
1641.2	-643.9202	-607.1904	0.7024965
1641.21	-643.7746	-607.1886	0.7025045
1641.22	-643.629	-607.1868	0.7025125
1641.23	-643.4834	-607.1849	0.7025207
1641.24	-643.3378	-607.1831	0.7025289
1641.25	-643.1921	-607.1813	0.7025372
1641.26	-643.0464	-607.1794	0.7025455
1641.27	-642.9007	-607.1776	0.7025538
1641.28	-642.755	-607.1758	0.7025622
1641.29	-642.6093	-607.174	0.7025706
1641.3	-642.4635	-607.1721	0.7025791
1641.31	-642.3177	-607.1703	0.7025875
1641.32	-642.1719	-607.1685	0.702596
1641.33	-642.0261	-607.1666	0.7026045
1641.34	-641.8802	-607.1648	0.7026129
1641.35	-641.7343	-607.163	0.7026214
1641.36	-641.5884	-607.1611	0.7026298
1641.37	-641.4424	-607.1593	0.7026382
1641.38	-641.2965	-607.1575	0.7026467
1641.39	-641.1505	-607.1557	0.702655
1641.4	-641.0045	-607.1539	0.7026635
1641.41	-640.8584	-607.152	0.7026719
1641.42	-640.7123	-607.1502	0.7026803
1641.43	-640.5662	-607.1484	0.7026887
1641.44	-640.4201	-607.1465	0.702697
1641.45	-640.2739	-607.1447	0.7027054
1641.46	-640.1277	-607.1429	0.7027137
1641.47	-639.9814	-607.1411	0.702722
1641.48	-639.8352	-607.1392	0.7027302
1641.49	-639.6889	-607.1374	0.7027385
1641.5	-639.5425	-607.1356	0.7027467
1641.51	-639.3962	-607.1337	0.7027549
1641.52	-639.2498	-607.1319	0.7027631
1641.53	-639.1034	-607.1301	0.7027712
1641.54	-638.9569	-607.1282	0.7027792
1641.55	-638.8104	-607.1264	0.7027873
1641.56	-638.6639	-607.1246	0.7027952
1641.57	-638.5173	-607.1228	0.7028031
1641.58	-638.3707	-607.121	0.7028109
1641.59	-638.2241	-607.1191	0.7028187
1641.6	-638.0774	-607.1173	0.7028264
1641.61	-637.9307	-607.1155	0.7028341
1641.62	-637.7839	-607.1136	0.7028418
1641.63	-637.6371	-607.1118	0.7028495
1641.64	-637.4904	-607.11	0.7028571
1641.65	-637.3435	-607.1082	0.7028646
1641.66	-637.1966	-607.1064	0.7028722
1641.67	-637.0497	-607.1047	0.7028797
1641.68	-636.9027	-607.1029	0.7028871
1641.69	-636.7557	-607.1011	0.7028945
1641.7	-636.6087	-607.0994	0.7029018
1641.71	-636.4616	-607.0976	0.7029092
1641.72	-636.3145	-607.0958	0.7029165
1641.73	-636.1674	-607.0941	0.7029237
1641.74	-636.0202	-607.0923	0.7029309
1641.75	-635.873	-607.0905	0.7029382
1641.76	-635.7257	-607.0887	0.7029454
1641.77	-635.5784	-607.087	0.7029524
1641.78	-635.4311	-607.0853	0.7029596
1641.79	-635.2838	-607.0835	0.7029667
1641.8	-635.1364	-607.0817	0.7029737
1641.81	-634.9889	-607.08	0.7029808
1641.82	-634.8414	-607.0782	0.7029878
1641.83	-634.6939	-607.0764	0.7029948
1641.84	-634.5464	-607.0746	0.7030017
1641.85	-634.3988	-607.0729	0.7030087
1641.86	-634.2512	-607.0711	0.7030156
1641.87	-634.1035	-607.0693	0.7030225
1641.88	-633.9558	-607.0676	0.7030295
1641.89	-633.8081	-607.0658	0.7030364
1641.9	-633.6603	-607.064	0.7030432
1641.91	-633.5125	-607.0623	0.70305
1641.92	-633.3647	-607.0606	0.7030569
1641.93	-633.2168	-607.0589	0.7030637
1641.94	-633.0688	-607.0572	0.7030705
1641.95	-632.9209	-607.0555	0.7030773
1641.96	-632.7729	-607.0538	0.7030841
1641.97	-632.6249	-607.0521	0.7030908
1641.98	-632.4768	-607.0504	0.7030976
1641.99	-632.3287	-607.0487	0.7031044
1642	-632.1805	-607.047	0.7031111
1642.01	-632.0323	-607.0453	0.7031178
1642.02	-631.8842	-607.0436	0.7031246
1642.03	-631.7359	-607.0419	0.7031313
1642.04	-631.5876	-607.0402	0.7031381
1642.05	-631.4393	-607.0385	0.7031447
1642.06	-631.2909	-607.0367	0.7031514
1642.07	-631.1425	-607.035	0.7031581
1642.08	-630.9941	-607.0333	0.7031648
1642.09	-630.8456	-607.0316	0.7031715
1642.1	-630.6971	-607.0299	0.7031782
1642.11	-630.5485	-607.0282	0.7031848
1642.12	-630.4	-607.0265	0.7031916
1642.13	-630.2513	-607.0248	0.7031982
1642.14	-630.1027	-607.0231	0.7032048
1642.15	-629.9539	-607.0214	0.7032114
1642.16	-629.8052	-607.0197	0.7032181
1642.17	-629.6564	-607.018	0.7032248
1642.18	-629.5076	-607.0164	0.7032314
1642.19	-629.3588	-607.0147	0.703238
1642.2	-629.2098	-607.0131	0.7032447
1642.21	-629.0609	-607.0114	0.7032513
1642.22	-628.912	-607.0098	0.7032579
1642.23	-628.763	-607.0082	0.7032645
1642.24	-628.614	-607.0065	0.7032712
1642.25	-628.4648	-607.0049	0.7032778
1642.26	-628.3157	-607.0032	0.7032844
1642.27	-628.1666	-607.0016	0.7032911
1642.28	-628.0174	-606.9999	0.7032977
1642.29	-627.8682	-606.9983	0.7033043
1642.3	-627.7189	-606.9966	0.7033109
1642.31	-627.5696	-606.995	0.7033176
1642.32	-627.4202	-606.9933	0.7033242
1642.33	-627.2709	-606.9917	0.7033308
1642.34	-627.1215	-606.9901	0.7033374
1642.35	-626.972	-606.9884	0.7033441
1642.36	-626.8224	-606.9868	0.7033507
1642.37	-626.6729	-606.9851	0.7033573
1642.38	-626.5234	-606.9835	0.7033639
1642.39	-626.3738	-606.9818	0.7033705
1642.4	-626.2241	-606.9802	0.7033771
1642.41	-626.0744	-606.9785	0.7033837
1642.42	-625.9247	-606.9769	0.7033904
1642.43	-625.7749	-606.9753	0.703397
1642.44	-625.6251	-606.9738	0.7034037
1642.45	-625.4753	-606.9722	0.7034103
1642.46	-625.3254	-606.9706	0.7034169
1642.47	-625.1755	-606.9691	0.7034236
1642.48	-625.0255	-606.9675	0.7034302
1642.49	-624.8755	-606.9659	0.7034368
1642.5	-624.7255	-606.9643	0.7034434
1642.51	-624.5754	-606.9627	0.70345
1642.52	-624.4254	-606.9611	0.7034566
1642.53	-624.2752	-606.9595	0.7034633
1642.54	-624.125	-606.9579	0.7034699
1642.55	-623.9748	-606.9564	0.7034765
1642.56	-623.8245	-606.9548	0.7034831
1642.57	-623.6743	-606.9532	0.7034898
1642.58	-623.5239	-606.9516	0.7034963
1642.59	-623.3735	-606.95	0.703503
1642.6	-623.2231	-606.9484	0.7035096
1642.61	-623.0727	-606.9468	0.7035162
1642.62	-622.9222	-606.9453	0.7035228
1642.63	-622.7717	-606.9437	0.7035295
1642.64	-622.6212	-606.9421	0.7035361
1642.65	-622.4706	-606.9405	0.7035427
1642.66	-622.3199	-606.9389	0.7035493
1642.67	-622.1693	-606.9374	0.7035559
1642.68	-622.0186	-606.9359	0.7035626
1642.69	-621.8679	-606.9343	0.7035692
1642.7	-621.717	-606.9328	0.7035758
1642.71	-621.5662	-606.9313	0.7035825
1642.72	-621.4154	-606.9297	0.703589
1642.73	-621.2645	-606.9282	0.7035956
1642.74	-621.1136	-606.9267	0.7036021
1642.75	-620.9626	-606.9252	0.7036086
1642.76	-620.8116	-606.9236	0.703615
1642.77	-620.6605	-606.9221	0.7036213
1642.78	-620.5095	-606.9206	0.7036274
1642.79	-620.3583	-606.9191	0.7036334
1642.8	-620.2072	-606.9175	0.7036393
1642.81	-620.056	-606.916	0.7036451
1642.82	-619.9047	-606.9145	0.7036505
1642.83	-619.7535	-606.913	0.7036557
1642.84	-619.6022	-606.9114	0.7036605
1642.85	-619.4508	-606.9099	0.7036651
1642.86	-619.2994	-606.9084	0.7036694
1642.87	-619.1479	-606.9069	0.7036731
1642.88	-618.9965	-606.9053	0.7036763
1642.89	-618.845	-606.9038	0.703679
1642.9	-618.6935	-606.9023	0.7036811
1642.91	-618.5419	-606.9008	0.7036827
1642.92	-618.3903	-606.8992	0.7036839
1642.93	-618.2386	-606.8977	0.7036839
1642.94	-618.0869	-606.8962	0.7036829
1642.95	-617.9352	-606.8947	0.7036808
1642.96	-617.7834	-606.8931	0.7036779
1642.97	-617.6316	-606.8916	0.7036739
1642.98	-617.4798	-606.8901	0.7036684
1642.99	-617.3279	-606.8885	0.7036615
1643	-617.1761	-606.887	0.7036533
1643.01	-617.0242	-606.8855	0.7036437
1643.02	-616.8723	-606.884	0.7036324
1643.03	-616.7203	-606.8824	0.7036195
1643.04	-616.5684	-606.8809	0.703605
1643.05	-616.4164	-606.8794	0.703589
1643.06	-616.2643	-606.8779	0.7035716
1643.07	-616.1123	-606.8762	0.7035528
1643.08	-615.9603	-606.8746	0.7035324
1643.09	-615.8082	-606.873	0.7035106
1643.1	-615.6561	-606.8715	0.7034876
1643.11	-615.504	-606.8699	0.7034633
1643.12	-615.3519	-606.8683	0.7034376
1643.13	-615.1998	-606.8667	0.7034108
1643.14	-615.0476	-606.8651	0.7033829
1643.15	-614.8954	-606.8635	0.7033539
1643.16	-614.7432	-606.8619	0.703324
1643.17	-614.5911	-606.8602	0.703293
1643.18	-614.4388	-606.8586	0.703261
1643.19	-614.2866	-606.8569	0.7032282
1643.2	-614.1344	-606.8552	0.7031947
1643.21	-613.9822	-606.8536	0.7031602
1643.22	-613.83	-606.8519	0.7031254
1643.23	-613.6777	-606.8502	0.70309
1643.24	-613.5255	-606.8486	0.7030542
1643.25	-613.3733	-606.8469	0.7030181
1643.26	-613.2211	-606.8452	0.7029815
1643.27	-613.0688	-606.8434	0.7029448
1643.28	-612.9166	-606.8417	0.7029081
1643.29	-612.7644	-606.84	0.7028713
1643.3	-612.6122	-606.8383	0.7028344
1643.31	-612.46	-606.8365	0.7027974
1643.32	-612.3078	-606.8347	0.7027605
1643.33	-612.1556	-606.8329	0.7027238
1643.34	-612.0034	-606.8312	0.7026871
1643.35	-611.8511	-606.8294	0.7026506
1643.36	-611.6989	-606.8276	0.7026142
1643.37	-611.5468	-606.8258	0.7025781
1643.38	-611.3946	-606.824	0.7025422
1643.39	-611.2424	-606.8222	0.7025065
1643.4	-611.0903	-606.8203	0.7024711
1643.41	-610.9381	-606.8185	0.702436
1643.42	-610.7859	-606.8167	0.7024013
1643.43	-610.6338	-606.8148	0.7023669
1643.44	-610.4817	-606.8129	0.7023329
1643.45	-610.3296	-606.811	0.7022994
1643.46	-610.1775	-606.8091	0.7022662
1643.47	-610.0254	-606.8073	0.7022336
1643.48	-609.8733	-606.8054	0.7022015
1643.49	-609.7213	-606.8034	0.70217
1643.5	-609.5692	-606.8015	0.7021391
1643.51	-609.4172	-606.7996	0.7021087
1643.52	-609.2651	-606.7976	0.7020792
1643.53	-609.1132	-606.7957	0.7020506
1643.54	-608.9612	-606.7936	0.7020227
1643.55	-608.8092	-606.7917	0.7019957
1643.56	-608.6572	-606.7897	0.7019694
1643.57	-608.5053	-606.7878	0.7019446
1643.58	-608.3534	-606.7858	0.7019212
1643.59	-608.2015	-606.7838	0.7018992
1643.6	-608.0496	-606.7817	0.7018786
1643.61	-607.8976	-606.7797	0.7018592
1643.62	-607.7458	-606.7776	0.701842
1643.63	-607.5939	-606.7756	0.7018268
1643.64	-607.4421	-606.7736	0.7018136
1643.65	-607.2903	-606.7716	0.7018023
1643.66	-607.1385	-606.7696	0.7017927
1643.67	-606.9867	-606.7676	0.7017848
1643.68	-606.835	-606.7656	0.7017795
1643.69	-606.6832	-606.7635	0.7017764
1643.7	-606.5315	-606.7615	0.7017757
1643.71	-606.3798	-606.7594	0.701777
1643.72	-606.2281	-606.7573	0.7017809
1643.73	-606.0764	-606.7552	0.7017871
1643.74	-605.9247	-606.7532	0.7017955
1643.75	-605.7731	-606.7511	0.7018061
1643.76	-605.6214	-606.749	0.7018189
1643.77	-605.4698	-606.7469	0.7018337
1643.78	-605.3182	-606.7449	0.7018504
1643.79	-605.1666	-606.7428	0.7018691
1643.8	-605.0151	-606.7408	0.7018896
1643.81	-604.8635	-606.7387	0.7019119
1643.82	-604.712	-606.7366	0.7019358
1643.83	-604.5605	-606.7346	0.7019612
1643.84	-604.4091	-606.7325	0.7019882
1643.85	-604.2576	-606.7305	0.7020165
1643.86	-604.1061	-606.7286	0.7020463
1643.87	-603.9547	-606.7266	0.7020773
1643.88	-603.8032	-606.7245	0.7021096
1643.89	-603.6518	-606.7225	0.702143
1643.9	-603.5004	-606.7205	0.7021775
1643.91	-603.349	-606.7186	0.7022132
1643.92	-603.1976	-606.7166	0.7022499
1643.93	-603.0463	-606.7145	0.7022876
1643.94	-602.895	-606.7125	0.7023261
1643.95	-602.7437	-606.7106	0.7023656
1643.96	-602.5923	-606.7086	0.7024059
1643.97	-602.4411	-606.7066	0.7024472
1643.98	-602.2899	-606.7047	0.7024894
1643.99	-602.1386	-606.7028	0.7025324
1644	-601.9874	-606.7008	0.7025761
1644.01	-601.8361	-606.6989	0.7026206
1644.02	-601.6849	-606.697	0.7026662
1644.03	-601.5338	-606.695	0.7027127
1644.04	-601.3826	-606.6931	0.70276
1644.05	-601.2314	-606.6913	0.7028083
1644.06	-601.0802	-606.6894	0.7028573
1644.07	-600.9291	-606.6875	0.7029079
1644.08	-600.778	-606.6857	0.70296
1644.09	-600.6268	-606.6838	0.7030135
1644.1	-600.4758	-606.682	0.7030683
1644.11	-600.3247	-606.6802	0.7031243
1644.12	-600.1736	-606.6784	0.7031823
1644.13	-600.0226	-606.6766	0.703242
1644.14	-599.8716	-606.6749	0.7033035
1644.15	-599.7206	-606.6732	0.7033665
1644.16	-599.5696	-606.6715	0.7034311
1644.17	-599.4187	-606.6698	0.7034973
1644.18	-599.2678	-606.6682	0.7035651
1644.19	-599.1168	-606.6665	0.7036343
1644.2	-598.9659	-606.6649	0.703705
1644.21	-598.8149	-606.6633	0.703777
1644.22	-598.6641	-606.6617	0.7038502
1644.23	-598.5132	-606.6602	0.7039247
1644.24	-598.3623	-606.6586	0.7040004
1644.25	-598.2114	-606.6571	0.7040772
1644.26	-598.0605	-606.6556	0.704155
1644.27	-597.9097	-606.6541	0.7042339
1644.28	-597.7589	-606.6526	0.7043137
1644.29	-597.6081	-606.6512	0.7043945
1644.3	-597.4573	-606.6499	0.7044761
1644.31	-597.3066	-606.6485	0.7045586
1644.32	-597.1558	-606.6472	0.7046421
1644.33	-597.0051	-606.6458	0.7047265
1644.34	-596.8544	-606.6445	0.7048119
1644.35	-596.7037	-606.6432	0.7048981
1644.36	-596.553	-606.642	0.7049853
1644.37	-596.4024	-606.6409	0.7050738
1644.38	-596.2518	-606.6396	0.7051638
1644.39	-596.1011	-606.6385	0.705255
1644.4	-595.9505	-606.6374	0.7053477
1644.41	-595.7999	-606.6364	0.7054415
1644.42	-595.6493	-606.6353	0.7055373
1644.43	-595.4987	-606.6343	0.7056348
1644.44	-595.3481	-606.6333	0.7057343
1644.45	-595.1976	-606.6324	0.7058353
1644.46	-595.047	-606.6314	0.7059379
1644.47	-594.8965	-606.6306	0.7060429
1644.48	-594.746	-606.6298	0.70615
1644.49	-594.5955	-606.6289	0.7062591
1644.5	-594.445	-606.6282	0.7063702
1644.51	-594.2946	-606.6275	0.7064832
1644.52	-594.1441	-606.6268	0.7065978
1644.53	-593.9937	-606.6262	0.7067145
1644.54	-593.8433	-606.6256	0.706833
1644.55	-593.6929	-606.6251	0.7069534
1644.56	-593.5425	-606.6246	0.7070754
1644.57	-593.3922	-606.6241	0.707199
1644.58	-593.2418	-606.6237	0.7073241
1644.59	-593.0915	-606.6233	0.7074506
1644.6	-592.9412	-606.623	0.7075783
1644.61	-592.7908	-606.6227	0.7077073
1644.62	-592.6406	-606.6224	0.7078373
1644.63	-592.4903	-606.6223	0.7079684
1644.64	-592.34	-606.6221	0.7081002
1644.65	-592.1898	-606.6219	0.7082329
1644.66	-592.0395	-606.6218	0.7083664
1644.67	-591.8892	-606.6218	0.7085007
1644.68	-591.739	-606.6218	0.7086349
1644.69	-591.5888	-606.6219	0.7087691
1644.7	-591.4386	-606.622	0.7089034
1644.71	-591.2884	-606.6222	0.7090375
1644.72	-591.1382	-606.6224	0.7091706
1644.73	-590.9881	-606.6226	0.7093025
1644.74	-590.838	-606.6229	0.7094335
1644.75	-590.6878	-606.6232	0.7095634
1644.76	-590.5377	-606.6235	0.7096924
1644.77	-590.3875	-606.624	0.7098193
1644.78	-590.2374	-606.6245	0.7099441
1644.79	-590.0872	-606.6249	0.7100671
1644.8	-589.9371	-606.6254	0.7101882
1644.81	-589.7869	-606.626	0.7103075
1644.82	-589.6368	-606.6266	0.710424
1644.83	-589.4866	-606.6273	0.7105379
1644.84	-589.3365	-606.6281	0.7106491
1644.85	-589.1863	-606.6287	0.7107579
1644.86	-589.0362	-606.6295	0.7108643
1644.87	-588.886	-606.6304	0.7109676
1644.88	-588.7359	-606.6312	0.7110677
1644.89	-588.5858	-606.6321	0.7111649
1644.9	-588.4356	-606.6331	0.7112594
1644.91	-588.2855	-606.634	0.7113512
1644.92	-588.1353	-606.635	0.7114394
1644.93	-587.9852	-606.636	0.7115242
1644.94	-587.835	-606.6371	0.7116058
1644.95	-587.6848	-606.6382	0.7116843
1644.96	-587.5345	-606.6393	0.7117599
1644.97	-587.3843	-606.6405	0.7118318
1644.98	-587.2341	-606.6417	0.7119001
1644.99	-587.0839	-606.6429	0.711965
1645	-586.9336	-606.6442	0.7120267
1645.01	-586.7833	-606.6455	0.7120852
1645.02	-586.6331	-606.6468	0.71214
1645.03	-586.4827	-606.6482	0.7121909
1645.04	-586.3324	-606.6495	0.7122384
1645.05	-586.1821	-606.6509	0.7122826
1645.06	-586.0317	-606.6524	0.7123235
1645.07	-585.8813	-606.6539	0.7123607
1645.08	-585.731	-606.6553	0.7123944
1645.09	-585.5806	-606.6568	0.7124248
1645.1	-585.4301	-606.6584	0.7124518
1645.11	-585.2797	-606.6599	0.7124758
1645.12	-585.1292	-606.6615	0.7124968
1645.13	-584.9787	-606.6631	0.7125145
1645.14	-584.8282	-606.6647	0.7125291
1645.15	-584.6777	-606.6663	0.7125407
1645.16	-584.5271	-606.668	0.7125493
1645.17	-584.3765	-606.6696	0.7125551
1645.18	-584.226	-606.6713	0.7125581
1645.19	-584.0753	-606.673	0.7125584
1645.2	-583.9247	-606.6747	0.7125564
1645.21	-583.774	-606.6765	0.7125518
1645.22	-583.6232	-606.6783	0.712545
1645.23	-583.4725	-606.6801	0.712536
1645.24	-583.3218	-606.6818	0.7125248
1645.25	-583.171	-606.6836	0.7125114
1645.26	-583.0201	-606.6854	0.7124961
1645.27	-582.8693	-606.6873	0.7124786
1645.28	-582.7184	-606.6891	0.7124589
1645.29	-582.5676	-606.6909	0.7124373
1645.3	-582.4166	-606.6927	0.7124136
1645.31	-582.2657	-606.6945	0.7123882
1645.32	-582.1147	-606.6964	0.7123604
1645.33	-581.9637	-606.6983	0.7123307
1645.34	-581.8127	-606.7002	0.712299
1645.35	-581.6616	-606.702	0.7122653
1645.36	-581.5105	-606.7039	0.7122297
1645.37	-581.3594	-606.7058	0.7121919
1645.38	-581.2083	-606.7077	0.712152
1645.39	-581.0571	-606.7095	0.7121099
1645.4	-580.9059	-606.7114	0.7120659
1645.41	-580.7546	-606.7133	0.71202
1645.42	-580.6034	-606.7151	0.7119719
1645.43	-580.4521	-606.717	0.7119216
1645.44	-580.3008	-606.7189	0.7118692
1645.45	-580.1494	-606.7208	0.7118148
1645.46	-579.998	-606.7226	0.7117586
1645.47	-579.8467	-606.7244	0.7117002
1645.48	-579.6953	-606.7262	0.7116395
1645.49	-579.5438	-606.728	0.7115769
1645.5	-579.3923	-606.7298	0.7115123
1645.51	-579.2407	-606.7316	0.7114458
1645.52	-579.0892	-606.7334	0.7113774
1645.53	-578.9376	-606.7352	0.7113072
1645.54	-578.7859	-606.7369	0.7112351
1645.55	-578.6343	-606.7386	0.7111613
1645.56	-578.4825	-606.7404	0.7110859
1645.57	-578.3308	-606.7421	0.7110088
1645.58	-578.1791	-606.7437	0.7109302
1645.59	-578.0273	-606.7454	0.7108502
1645.6	-577.8754	-606.7471	0.7107689
1645.61	-577.7236	-606.7487	0.7106861
1645.62	-577.5717	-606.7503	0.7106021
1645.63	-577.4197	-606.752	0.7105169
1645.64	-577.2678	-606.7535	0.7104305
1645.65	-577.1158	-606.7551	0.710343
1645.66	-576.9637	-606.7566	0.7102544
1645.67	-576.8117	-606.7581	0.7101648
1645.68	-576.6596	-606.7596	0.7100744
1645.69	-576.5075	-606.761	0.7099828
1645.7	-576.3553	-606.7625	0.7098904
1645.71	-576.2031	-606.7639	0.7097971
1645.72	-576.0509	-606.7653	0.709703
1645.73	-575.8986	-606.7667	0.7096082
1645.74	-575.7463	-606.768	0.7095125
1645.75	-575.594	-606.7693	0.7094162
1645.76	-575.4416	-606.7706	0.7093192
1645.77	-575.2892	-606.7719	0.7092214
1645.78	-575.1368	-606.7731	0.7091231
1645.79	-574.9843	-606.7743	0.7090242
1645.8	-574.8318	-606.7755	0.7089247
1645.81	-574.6793	-606.7766	0.7088246
1645.82	-574.5267	-606.7777	0.708724
1645.83	-574.3741	-606.7787	0.7086228
1645.84	-574.2215	-606.7798	0.7085212
1645.85	-574.0688	-606.7808	0.7084191
1645.86	-573.9161	-606.7818	0.7083166
1645.87	-573.7634	-606.7827	0.7082136
1645.88	-573.6107	-606.7837	0.7081102
1645.89	-573.4579	-606.7845	0.7080064
1645.9	-573.3051	-606.7854	0.7079023
1645.91	-573.1522	-606.7863	0.7077977
1645.92	-572.9993	-606.787	0.7076929
1645.93	-572.8463	-606.7877	0.7075875
1645.94	-572.6934	-606.7885	0.707482
1645.95	-572.5403	-606.7891	0.7073762
1645.96	-572.3873	-606.7897	0.70727
1645.97	-572.2342	-606.7903	0.7071635
1645.98	-572.0811	-606.7909	0.7070568
1645.99	-571.928	-606.7914	0.7069498
1646	-571.7748	-606.7919	0.7068426
1646.01	-571.6216	-606.7924	0.7067351
1646.02	-571.4683	-606.7927	0.7066274
1646.03	-571.3151	-606.7931	0.7065194
1646.04	-571.1617	-606.7934	0.7064113
1646.05	-571.0084	-606.7937	0.7063029
1646.06	-570.855	-606.7939	0.7061943
1646.07	-570.7017	-606.7941	0.7060856
1646.08	-570.5482	-606.7943	0.7059768
1646.09	-570.3947	-606.7944	0.7058679
1646.1	-570.2412	-606.7945	0.7057588
1646.11	-570.0876	-606.7945	0.7056496
1646.12	-569.9341	-606.7946	0.7055404
1646.13	-569.7805	-606.7945	0.705431
1646.14	-569.6268	-606.7944	0.7053216
1646.15	-569.4731	-606.7943	0.7052121
1646.16	-569.3193	-606.7941	0.7051026
1646.17	-569.1656	-606.7939	0.704993
1646.18	-569.0118	-606.7936	0.7048834
1646.19	-568.8579	-606.7934	0.7047738
1646.2	-568.704	-606.793	0.7046642
1646.21	-568.5501	-606.7926	0.7045544
1646.22	-568.3961	-606.7922	0.7044448
1646.23	-568.2421	-606.7917	0.7043353
1646.24	-568.0881	-606.7912	0.7042263
1646.25	-567.9341	-606.7906	0.7041175
1646.26	-567.78	-606.7901	0.7040089
1646.27	-567.6259	-606.7894	0.7039008
1646.28	-567.4717	-606.7887	0.7037933
1646.29	-567.3175	-606.788	0.7036862
1646.3	-567.1633	-606.7872	0.7035795
1646.31	-567.009	-606.7864	0.7034733
1646.32	-566.8547	-606.7855	0.7033679
1646.33	-566.7003	-606.7847	0.7032636
1646.34	-566.546	-606.7837	0.70316
1646.35	-566.3915	-606.7827	0.7030572
1646.36	-566.2371	-606.7817	0.7029551
1646.37	-566.0826	-606.7806	0.7028544
1646.38	-565.928	-606.7795	0.7027548
1646.39	-565.7735	-606.7784	0.7026563
1646.4	-565.6189	-606.7772	0.7025589
1646.41	-565.4642	-606.776	0.7024626
1646.42	-565.3096	-606.7748	0.7023677
1646.43	-565.1548	-606.7734	0.7022743
1646.44	-565.0001	-606.7721	0.7021822
1646.45	-564.8453	-606.7708	0.7020914
1646.46	-564.6905	-606.7693	0.7020019
1646.47	-564.5356	-606.7679	0.7019138
1646.48	-564.3808	-606.7664	0.7018273
1646.49	-564.2259	-606.7648	0.7017421
1646.5	-564.0709	-606.7632	0.7016582
1646.51	-563.9159	-606.7616	0.7015756
1646.52	-563.7609	-606.7599	0.7014946
1646.53	-563.6058	-606.7582	0.7014149
1646.54	-563.4507	-606.7565	0.7013367
1646.55	-563.2956	-606.7548	0.7012597
1646.56	-563.1404	-606.753	0.7011841
1646.57	-562.9852	-606.7511	0.7011096
1646.58	-562.8299	-606.7493	0.7010366
1646.59	-562.6746	-606.7473	0.7009647
1646.6	-562.5193	-606.7454	0.7008941
1646.61	-562.3639	-606.7435	0.7008247
1646.62	-562.2085	-606.7414	0.7007564
1646.63	-562.053	-606.7394	0.7006891
1646.64	-561.8975	-606.7372	0.7006229
1646.65	-561.742	-606.7352	0.7005576
1646.66	-561.5864	-606.733	0.7004933
1646.67	-561.4308	-606.7308	0.7004299
1646.68	-561.2751	-606.7286	0.7003672
1646.69	-561.1194	-606.7263	0.7003055
1646.7	-560.9637	-606.7241	0.7002444
1646.71	-560.808	-606.7217	0.7001842
1646.72	-560.6522	-606.7194	0.7001246
1646.73	-560.4964	-606.717	0.7000658
1646.74	-560.3405	-606.7145	0.7000076
1646.75	-560.1846	-606.7121	0.69995
1646.76	-560.0286	-606.7096	0.6998931
1646.77	-559.8726	-606.7071	0.6998367
1646.78	-559.7166	-606.7046	0.699781
1646.79	-559.5605	-606.702	0.6997262
1646.8	-559.4044	-606.6994	0.6996722
1646.81	-559.2482	-606.6968	0.6996188
1646.82	-559.092	-606.6941	0.6995664
1646.83	-558.9358	-606.6914	0.699515
1646.84	-558.7795	-606.6887	0.6994646
1646.85	-558.6232	-606.6859	0.6994151
1646.86	-558.4669	-606.6832	0.6993665
1646.87	-558.3105	-606.6804	0.6993192
1646.88	-558.1541	-606.6775	0.6992732
1646.89	-557.9977	-606.6746	0.6992285
1646.9	-557.8412	-606.6718	0.699185
1646.91	-557.6848	-606.6688	0.6991426
1646.92	-557.5284	-606.6659	0.6991019
1646.93	-557.3719	-606.663	0.6990628
1646.94	-557.2155	-606.66	0.6990254
1646.95	-557.0591	-606.6569	0.6989895
1646.96	-556.9026	-606.6539	0.6989549
1646.97	-556.7462	-606.6509	0.6989221
1646.98	-556.5898	-606.6478	0.6988908
1646.99	-556.4335	-606.6448	0.698861
1647	-556.2771	-606.6416	0.6988326
1647.01	-556.1207	-606.6385	0.6988055
1647.02	-555.9644	-606.6354	0.6987797
1647.03	-555.808	-606.6322	0.6987553
1647.04	-555.6517	-606.629	0.698732
1647.05	-555.4954	-606.6259	0.6987098
1647.06	-555.3391	-606.6227	0.6986889
1647.07	-555.1829	-606.6194	0.698669
1647.08	-555.0266	-606.6161	0.6986501
1647.09	-554.8704	-606.6129	0.6986322
1647.1	-554.7142	-606.6096	0.6986152
1647.11	-554.558	-606.6063	0.698599
1647.12	-554.4019	-606.603	0.6985838
1647.13	-554.2457	-606.5997	0.6985692
1647.14	-554.0896	-606.5964	0.6985555
1647.15	-553.9335	-606.593	0.6985424
1647.16	-553.7773	-606.5896	0.69853
1647.17	-553.6212	-606.5862	0.6985182
1647.18	-553.4651	-606.5828	0.6985071
1647.19	-553.3091	-606.5794	0.6984965
1647.2	-553.153	-606.576	0.6984864
1647.21	-552.997	-606.5726	0.6984769
1647.22	-552.841	-606.5692	0.698468
1647.23	-552.6851	-606.5657	0.6984594
1647.24	-552.5291	-606.5622	0.6984515
1647.25	-552.3732	-606.5587	0.6984438
1647.26	-552.2172	-606.5552	0.6984366
1647.27	-552.0613	-606.5518	0.6984299
1647.28	-551.9055	-606.5483	0.6984235
1647.29	-551.7496	-606.5447	0.6984175
1647.3	-551.5937	-606.5412	0.6984118
1647.31	-551.4378	-606.5377	0.6984065
1647.32	-551.282	-606.5341	0.6984016
1647.33	-551.1262	-606.5306	0.6983969
1647.34	-550.9703	-606.527	0.6983925
1647.35	-550.8146	-606.5234	0.6983885
1647.36	-550.6588	-606.5198	0.6983846
1647.37	-550.5031	-606.5162	0.6983811
1647.38	-550.3477	-606.5126	0.698378
1647.39	-550.1926	-606.509	0.6983752
1647.4	-550.0378	-606.5054	0.6983728
1647.41	-549.8833	-606.5018	0.6983707
1647.42	-549.7292	-606.4982	0.6983689
1647.43	-549.5754	-606.4946	0.6983674
1647.44	-549.4219	-606.491	0.6983662
1647.45	-549.2688	-606.4874	0.6983652
1647.46	-549.116	-606.4838	0.6983645
1647.47	-548.9635	-606.4802	0.698364
1647.48	-548.8113	-606.4766	0.6983637
1647.49	-548.6595	-606.473	0.6983637
1647.5	-548.5079	-606.4694	0.6983638
1647.51	-548.3567	-606.4658	0.6983643
1647.52	-548.2057	-606.4622	0.6983648
1647.53	-548.0552	-606.4587	0.6983655
1647.54	-547.9049	-606.4551	0.6983665
1647.55	-547.7549	-606.4516	0.6983675
1647.56	-547.6053	-606.4481	0.6983687
1647.57	-547.456	-606.4445	0.6983701
1647.58	-547.307	-606.441	0.6983716
1647.59	-547.1583	-606.4374	0.6983733
1647.6	-547.0099	-606.4339	0.6983751
1647.61	-546.8619	-606.4304	0.698377
1647.62	-546.7142	-606.4268	0.6983791
1647.63	-546.5668	-606.4233	0.6983812
1647.64	-546.4198	-606.4197	0.6983835
1647.65	-546.2731	-606.4163	0.6983859
1647.66	-546.1266	-606.4127	0.6983884
1647.67	-545.9805	-606.4092	0.698391
1647.68	-545.8348	-606.4058	0.6983936
1647.69	-545.6893	-606.4023	0.6983964
1647.7	-545.5442	-606.3988	0.6983992
1647.71	-545.3994	-606.3953	0.6984021
1647.72	-545.2548	-606.3918	0.6984051
1647.73	-545.1107	-606.3884	0.6984082
1647.74	-544.9668	-606.3849	0.6984113
1647.75	-544.8232	-606.3814	0.6984146
1647.76	-544.68	-606.3779	0.6984179
1647.77	-544.5371	-606.3745	0.6984212
1647.78	-544.3945	-606.3711	0.6984246
1647.79	-544.2523	-606.3677	0.698428
1647.8	-544.1103	-606.3643	0.6984315
1647.81	-543.9687	-606.3608	0.698435
1647.82	-543.8274	-606.3574	0.6984386
1647.83	-543.6864	-606.354	0.6984422
1647.84	-543.5458	-606.3506	0.6984459
1647.85	-543.4055	-606.3472	0.6984496
1647.86	-543.2654	-606.3438	0.6984533
1647.87	-543.1257	-606.3405	0.6984571
1647.88	-542.9864	-606.3371	0.6984609
1647.89	-542.8474	-606.3337	0.6984647
1647.9	-542.7086	-606.3304	0.6984686
1647.91	-542.5702	-606.327	0.6984725
1647.92	-542.4321	-606.3237	0.6984764
1647.93	-542.2944	-606.3203	0.6984803
1647.94	-542.1569	-606.317	0.6984843
1647.95	-542.0198	-606.3137	0.6984882
1647.96	-541.8829	-606.3104	0.6984922
1647.97	-541.7464	-606.3071	0.6984963
1647.98	-541.6102	-606.3038	0.6985003
1647.99	-541.4744	-606.3005	0.6985043
1648	-541.3388	-606.2972	0.6985084
1648.01	-541.2036	-606.2939	0.6985124
1648.02	-541.0687	-606.2907	0.6985165
1648.03	-540.9341	-606.2875	0.6985206
1648.04	-540.7999	-606.2842	0.6985247
1648.05	-540.666	-606.281	0.6985288
1648.06	-540.5324	-606.2778	0.6985329
1648.07	-540.3991	-606.2745	0.6985371
1648.08	-540.2662	-606.2714	0.6985412
1648.09	-540.1335	-606.2682	0.6985454
1648.1	-540.0012	-606.265	0.6985496
1648.11	-539.8692	-606.2618	0.6985537
1648.12	-539.7375	-606.2587	0.6985579
1648.13	-539.6062	-606.2555	0.698562
1648.14	-539.4752	-606.2523	0.6985661
1648.15	-539.3444	-606.2491	0.6985703
1648.16	-539.214	-606.246	0.6985745
1648.17	-539.0839	-606.2429	0.6985786
1648.18	-538.9542	-606.2398	0.6985828
1648.19	-538.8247	-606.2367	0.6985869
1648.2	-538.6956	-606.2336	0.6985911
1648.21	-538.5668	-606.2305	0.6985952
1648.22	-538.4383	-606.2274	0.6985993
1648.23	-538.3101	-606.2243	0.6986035
1648.24	-538.1823	-606.2213	0.6986077
1648.25	-538.0547	-606.2182	0.6986118
1648.26	-537.9276	-606.2151	0.698616
1648.27	-537.8007	-606.2121	0.69862
1648.28	-537.6741	-606.209	0.6986239
1648.29	-537.5479	-606.206	0.6986276
1648.3	-537.422	-606.203	0.6986312
1648.31	-537.2964	-606.2	0.6986347
1648.32	-537.1711	-606.197	0.6986377
1648.33	-537.0462	-606.194	0.6986403
1648.34	-536.9217	-606.191	0.6986421
1648.35	-536.7978	-606.188	0.6986441
1648.36	-536.6739	-606.1851	0.6986475
1648.37	-536.55	-606.1821	0.6986499
1648.38	-536.4261	-606.1791	0.6986515
1648.39	-536.3022	-606.1761	0.6986522
1648.4	-536.1784	-606.1731	0.6986521
1648.41	-536.0546	-606.1701	0.6986513
1648.42	-535.9308	-606.1671	0.6986495
1648.43	-535.807	-606.1641	0.6986466
1648.44	-535.6832	-606.1611	0.6986427
1648.45	-535.5594	-606.1581	0.698638
1648.46	-535.4357	-606.1552	0.6986323
1648.47	-535.3119	-606.1522	0.6986258
1648.48	-535.1882	-606.1492	0.6986186
1648.49	-535.0645	-606.1462	0.6986106
1648.5	-534.9407	-606.1432	0.698602
1648.51	-534.817	-606.1402	0.6985926
1648.52	-534.6934	-606.1372	0.6985826
1648.53	-534.5697	-606.1342	0.698572
1648.54	-534.446	-606.1312	0.6985609
1648.55	-534.3223	-606.1282	0.6985492
1648.56	-534.1986	-606.1252	0.6985369
1648.57	-534.0749	-606.1222	0.6985241
1648.58	-533.9512	-606.1192	0.6985109
1648.59	-533.8275	-606.1162	0.6984973
1648.6	-533.7038	-606.1132	0.6984831
1648.61	-533.5801	-606.1102	0.6984686
1648.62	-533.4564	-606.1072	0.6984536
1648.63	-533.3326	-606.1042	0.6984383
1648.64	-533.2088	-606.1012	0.6984226
1648.65	-533.085	-606.0981	0.6984066
1648.66	-532.9612	-606.0951	0.6983902
1648.67	-532.8374	-606.092	0.6983736
1648.68	-532.7136	-606.0889	0.6983567
1648.69	-532.5897	-606.0859	0.6983395
1648.7	-532.4659	-606.0828	0.6983221
1648.71	-532.342	-606.0798	0.6983044
1648.72	-532.2181	-606.0767	0.6982864
1648.73	-532.0942	-606.0737	0.6982682
1648.74	-531.9702	-606.0706	0.6982498
1648.75	-531.8463	-606.0675	0.6982312
1648.76	-531.7222	-606.0645	0.6982123
1648.77	-531.5982	-606.0614	0.6981933
1648.78	-531.4742	-606.0583	0.6981741
1648.79	-531.3501	-606.0552	0.6981547
1648.8	-531.226	-606.0521	0.6981351
1648.81	-531.1017	-606.049	0.6981153
1648.82	-530.9775	-606.0458	0.6980954
1648.83	-530.8532	-606.0427	0.6980752
1648.84	-530.7289	-606.0396	0.6980549
1648.85	-530.6045	-606.0364	0.6980344
1648.86	-530.48	-606.0333	0.6980138
1648.87	-530.3555	-606.0302	0.697993
1648.88	-530.231	-606.027	0.6979721
1648.89	-530.1063	-606.0239	0.6979511
1648.9	-529.9816	-606.0207	0.69793
1648.91	-529.8568	-606.0175	0.6979088
1648.92	-529.7319	-606.0143	0.6978877
1648.93	-529.6069	-606.0111	0.6978666
1648.94	-529.4819	-606.0079	0.6978455
1648.95	-529.3569	-606.0048	0.6978245
1648.96	-529.2317	-606.0015	0.6978036
1648.97	-529.1065	-605.9983	0.6977832
1648.98	-528.9812	-605.995	0.6977634
1648.99	-528.8558	-605.9918	0.6977442
1649	-528.7304	-605.9885	0.6977254
1649.01	-528.6049	-605.9853	0.6977072
1649.02	-528.4794	-605.9821	0.6976907
1649.03	-528.3538	-605.9788	0.6976759
1649.04	-528.2281	-605.9756	0.6976627
1649.05	-528.1023	-605.9724	0.697651
1649.06	-527.9764	-605.9691	0.6976408
1649.07	-527.8505	-605.9659	0.6976319
1649.08	-527.7245	-605.9626	0.6976265
1649.09	-527.5985	-605.9594	0.6976244
1649.1	-527.4724	-605.9562	0.6976255
1649.11	-527.3462	-605.9529	0.6976295
1649.12	-527.22	-605.9497	0.6976382
1649.13	-527.0936	-605.9465	0.6976513
1649.14	-526.9672	-605.9432	0.6976683
1649.15	-526.8408	-605.94	0.6976894
1649.16	-526.7142	-605.9368	0.6977142
1649.17	-526.5876	-605.9335	0.6977425
1649.18	-526.4609	-605.9304	0.697777
1649.19	-526.3342	-605.9272	0.6978173
1649.2	-526.2073	-605.9241	0.6978633
1649.21	-526.0804	-605.9209	0.6979145
1649.22	-525.9535	-605.9178	0.6979724
1649.23	-525.8265	-605.9147	0.6980366
1649.24	-525.6994	-605.9117	0.6981067
1649.25	-525.5722	-605.9086	0.6981826
1649.26	-525.4449	-605.9056	0.6982638
1649.27	-525.3177	-605.9026	0.6983512
1649.28	-525.1903	-605.8997	0.6984445
1649.29	-525.0629	-605.8967	0.6985434
1649.3	-524.9354	-605.8938	0.6986474
1649.31	-524.8078	-605.8909	0.6987565
1649.32	-524.6802	-605.8881	0.698871
1649.33	-524.5525	-605.8852	0.6989907
1649.34	-524.4247	-605.8824	0.6991153
1649.35	-524.2968	-605.8796	0.6992446
1649.36	-524.1689	-605.8769	0.6993782
1649.37	-524.0409	-605.8742	0.6995164
1649.38	-523.9128	-605.8715	0.6996589
1649.39	-523.7847	-605.8689	0.6998054
1649.4	-523.6564	-605.8663	0.6999559
1649.41	-523.5281	-605.8638	0.70011
1649.42	-523.3998	-605.8613	0.7002677
1649.43	-523.2714	-605.8588	0.7004287
1649.44	-523.1429	-605.8563	0.7005929
1649.45	-523.0143	-605.8539	0.7007601
1649.46	-522.8856	-605.8516	0.7009302
1649.47	-522.7569	-605.8492	0.701103
1649.48	-522.6281	-605.847	0.7012783
1649.49	-522.4993	-605.8448	0.7014561
1649.5	-522.3703	-605.8426	0.7016362
1649.51	-522.2413	-605.8405	0.7018183
1649.52	-522.1122	-605.8384	0.7020027
1649.53	-521.983	-605.8363	0.7021892
1649.54	-521.8538	-605.8344	0.7023776
1649.55	-521.7245	-605.8324	0.7025679
1649.56	-521.5951	-605.8305	0.7027599
1649.57	-521.4656	-605.8287	0.7029536
1649.58	-521.3361	-605.8269	0.7031491
1649.59	-521.2065	-605.8251	0.703346
1649.6	-521.0768	-605.8234	0.7035444
1649.61	-520.9471	-605.8218	0.7037444
1649.62	-520.8173	-605.8203	0.7039458
1649.63	-520.6874	-605.8187	0.7041489
1649.64	-520.5574	-605.8173	0.7043535
1649.65	-520.4274	-605.8159	0.7045594
1649.66	-520.2972	-605.8146	0.7047667
1649.67	-520.1671	-605.8134	0.7049755
1649.68	-520.0368	-605.8121	0.7051858
1649.69	-519.9065	-605.811	0.7053976
1649.7	-519.7761	-605.8099	0.7056107
1649.71	-519.6456	-605.8089	0.705825
1649.72	-519.5151	-605.808	0.7060406
1649.73	-519.3845	-605.8071	0.7062574
1649.74	-519.2538	-605.8063	0.7064753
1649.75	-519.1231	-605.8055	0.7066942
1649.76	-518.9922	-605.8048	0.7069142
1649.77	-518.8614	-605.8042	0.7071351
1649.78	-518.7304	-605.8037	0.7073569
1649.79	-518.5994	-605.8032	0.7075794
1649.8	-518.4683	-605.8029	0.7078029
1649.81	-518.3371	-605.8025	0.7080269
1649.82	-518.2059	-605.8022	0.7082517
1649.83	-518.0746	-605.802	0.7084768
1649.84	-517.9432	-605.8019	0.7087025
1649.85	-517.8117	-605.8019	0.7089285
1649.86	-517.6802	-605.8019	0.7091551
1649.87	-517.5486	-605.802	0.709381
1649.88	-517.4169	-605.8022	0.7096065
1649.89	-517.2852	-605.8024	0.7098315
1649.9	-517.1534	-605.8028	0.7100562
1649.91	-517.0215	-605.8032	0.7102804
1649.92	-516.8896	-605.8036	0.7105023
1649.93	-516.7576	-605.8041	0.710722
1649.94	-516.6255	-605.8047	0.7109398
1649.95	-516.4933	-605.8054	0.7111555
1649.96	-516.3611	-605.8062	0.7113695
1649.97	-516.2289	-605.807	0.7115787
1649.98	-516.0966	-605.8079	0.7117834
1649.99	-515.9641	-605.8088	0.7119839
1650	-515.8316	-605.8098	0.7121803
1650.01	-515.699	-605.8109	0.712373
1650.02	-515.5664	-605.812	0.7125586
1650.03	-515.4337	-605.8131	0.7127377
1650.04	-515.301	-605.8144	0.7129105
1650.05	-515.1681	-605.8157	0.7130774
1650.06	-515.0352	-605.817	0.7132388
1650.07	-514.9022	-605.8184	0.713392
1650.08	-514.7692	-605.8198	0.7135372
1650.09	-514.636	-605.8212	0.7136751
1650.1	-514.5029	-605.8228	0.7138061
1650.11	-514.3696	-605.8243	0.7139304
1650.12	-514.2363	-605.8259	0.7140463
1650.13	-514.103	-605.8275	0.7141542
1650.14	-513.9695	-605.8292	0.7142546
1650.15	-513.8359	-605.8309	0.7143478
1650.16	-513.7023	-605.8327	0.7144342
1650.17	-513.5687	-605.8345	0.7145128
1650.18	-513.4349	-605.8364	0.7145839
1650.19	-513.3011	-605.8382	0.7146481
1650.2	-513.1673	-605.8401	0.7147055
1650.21	-513.0333	-605.842	0.7147565
1650.22	-512.8994	-605.844	0.714801
1650.23	-512.7653	-605.846	0.7148392
1650.24	-512.6311	-605.848	0.7148714
1650.25	-512.4969	-605.85	0.714898
1650.26	-512.3626	-605.8521	0.7149192
1650.27	-512.2283	-605.8542	0.7149354
1650.28	-512.0939	-605.8563	0.7149466
1650.29	-511.9594	-605.8585	0.7149534
1650.3	-511.8249	-605.8607	0.7149558
1650.31	-511.6902	-605.8629	0.7149541
1650.32	-511.5555	-605.8651	0.7149485
1650.33	-511.4208	-605.8674	0.7149392
1650.34	-511.2859	-605.8696	0.7149265
1650.35	-511.151	-605.8719	0.7149105
1650.36	-511.0161	-605.8743	0.7148913
1650.37	-510.881	-605.8766	0.7148691
1650.38	-510.7459	-605.879	0.7148441
1650.39	-510.6108	-605.8813	0.7148166
1650.4	-510.4755	-605.8837	0.7147865
1650.41	-510.3402	-605.886	0.714754
1650.42	-510.2048	-605.8885	0.7147194
1650.43	-510.0694	-605.8909	0.7146828
1650.44	-509.9339	-605.8933	0.7146443
1650.45	-509.7983	-605.8958	0.714604
1650.46	-509.6627	-605.8982	0.7145619
1650.47	-509.5269	-605.9006	0.7145185
1650.48	-509.3912	-605.9031	0.7144738
1650.49	-509.2553	-605.9056	0.7144278
1650.5	-509.1194	-605.908	0.7143808
1650.51	-508.9834	-605.9105	0.7143325
1650.52	-508.8473	-605.913	0.7142832
1650.53	-508.7112	-605.9155	0.7142333
1650.54	-508.575	-605.918	0.7141828
1650.55	-508.4388	-605.9205	0.7141317
1650.56	-508.3024	-605.9229	0.71408
1650.57	-508.166	-605.9254	0.7140278
1650.58	-508.0295	-605.9279	0.7139751
1650.59	-507.893	-605.9304	0.7139221
1650.6	-507.7564	-605.9329	0.7138687
1650.61	-507.6197	-605.9354	0.713815
1650.62	-507.483	-605.9378	0.713761
1650.63	-507.3462	-605.9403	0.7137066
1650.64	-507.2093	-605.9428	0.7136521
1650.65	-507.0724	-605.9453	0.7135971
1650.66	-506.9353	-605.9478	0.7135419
1650.67	-506.7983	-605.9503	0.7134866
1650.68	-506.6611	-605.9527	0.7134309
1650.69	-506.5239	-605.9551	0.713375
1650.7	-506.3867	-605.9575	0.7133188
1650.71	-506.2493	-605.96	0.7132625
1650.72	-506.1119	-605.9624	0.7132061
1650.73	-505.9744	-605.9648	0.7131493
1650.74	-505.8369	-605.9672	0.7130924
1650.75	-505.6993	-605.9696	0.7130353
1650.76	-505.5616	-605.972	0.7129781
1650.77	-505.4238	-605.9744	0.7129207
1650.78	-505.286	-605.9767	0.7128631
1650.79	-505.1481	-605.9791	0.7128054
1650.8	-505.0102	-605.9814	0.7127476
1650.81	-504.8722	-605.9837	0.7126896
1650.82	-504.7341	-605.986	0.7126315
1650.83	-504.5959	-605.9883	0.7125732
1650.84	-504.4577	-605.9906	0.7125148
1650.85	-504.3195	-605.9929	0.7124563
1650.86	-504.1811	-605.9951	0.7123977
1650.87	-504.0427	-605.9973	0.7123393
1650.88	-503.9042	-605.9995	0.7122811
1650.89	-503.7657	-606.0018	0.712223
1650.9	-503.627	-606.004	0.7121652
1650.91	-503.4883	-606.0061	0.7121075
1650.92	-503.3496	-606.0083	0.7120504
1650.93	-503.2108	-606.0105	0.7119941
1650.94	-503.0719	-606.0126	0.7119384
1650.95	-502.933	-606.0147	0.7118833
1650.96	-502.7939	-606.0168	0.7118288
1650.97	-502.6548	-606.0189	0.7117755
1650.98	-502.5157	-606.021	0.7117236
1650.99	-502.3765	-606.023	0.7116728
1651	-502.2372	-606.0251	0.7116231
1651.01	-502.0978	-606.0272	0.7115745
1651.02	-501.9584	-606.0291	0.7115275
1651.03	-501.8189	-606.0311	0.7114818
1651.04	-501.6794	-606.0331	0.7114377
1651.05	-501.5398	-606.0352	0.7113949
1651.06	-501.4001	-606.0371	0.7113533
1651.07	-501.2603	-606.0391	0.7113133
1651.08	-501.1205	-606.041	0.7112749
1651.09	-500.9807	-606.0429	0.7112377
1651.1	-500.8407	-606.0449	0.7112018
1651.11	-500.7007	-606.0468	0.7111673
1651.12	-500.5606	-606.0487	0.7111339
1651.13	-500.4205	-606.0506	0.711102
1651.14	-500.2803	-606.0524	0.7110714
1651.15	-500.14	-606.0543	0.711042
1651.16	-499.9996	-606.0562	0.711014
1651.17	-499.8593	-606.058	0.7109873
1651.18	-499.7188	-606.0599	0.7109622
1651.19	-499.5782	-606.0616	0.7109385
1651.2	-499.4377	-606.0635	0.7109159
1651.21	-499.297	-606.0653	0.7108946
1651.22	-499.1562	-606.0671	0.7108744
1651.23	-499.0154	-606.0688	0.7108564
1651.24	-498.8746	-606.0706	0.7108402
1651.25	-498.7336	-606.0724	0.7108257
1651.26	-498.5927	-606.0742	0.710813
1651.27	-498.4516	-606.0759	0.7108027
1651.28	-498.3105	-606.0777	0.7107945
1651.29	-498.1693	-606.0794	0.7107884
1651.3	-498.028	-606.0812	0.7107843
1651.31	-497.8867	-606.0829	0.7107821
1651.32	-497.7454	-606.0847	0.7107821
1651.33	-497.6039	-606.0864	0.7107843
1651.34	-497.4624	-606.0881	0.7107885
1651.35	-497.3208	-606.0898	0.7107946
1651.36	-497.1792	-606.0916	0.7108026
1651.37	-497.0375	-606.0933	0.7108126
1651.38	-496.8957	-606.095	0.7108245
1651.39	-496.7539	-606.0967	0.7108383
1651.4	-496.612	-606.0984	0.7108539
1651.41	-496.47	-606.1001	0.7108712
1651.42	-496.328	-606.1018	0.7108902
1651.43	-496.1859	-606.1035	0.7109109
1651.44	-496.0438	-606.1052	0.7109333
1651.45	-495.9016	-606.107	0.7109571
1651.46	-495.7593	-606.1087	0.7109824
1651.47	-495.6169	-606.1104	0.7110093
1651.48	-495.4745	-606.1121	0.7110377
1651.49	-495.3321	-606.1138	0.7110676
1651.5	-495.1895	-606.1156	0.7110988
1651.51	-495.0469	-606.1174	0.7111314
1651.52	-494.9043	-606.1191	0.7111653
1651.53	-494.7616	-606.1209	0.7112006
1651.54	-494.6188	-606.1227	0.7112371
1651.55	-494.4759	-606.1245	0.7112748
1651.56	-494.333	-606.1263	0.7113137
1651.57	-494.19	-606.1281	0.7113536
1651.58	-494.0469	-606.1299	0.7113947
1651.59	-493.9038	-606.1317	0.711437
1651.6	-493.7607	-606.1335	0.7114803
1651.61	-493.6174	-606.1353	0.7115247
1651.62	-493.4741	-606.1372	0.7115701
1651.63	-493.3308	-606.139	0.7116165
1651.64	-493.1873	-606.1409	0.711664
1651.65	-493.0439	-606.1428	0.7117124
1651.66	-492.9003	-606.1447	0.7117615
1651.67	-492.7567	-606.1465	0.7118117
1651.68	-492.6131	-606.1485	0.7118628
1651.69	-492.4693	-606.1504	0.7119147
1651.7	-492.3255	-606.1523	0.7119674
1651.71	-492.1816	-606.1543	0.7120209
1651.72	-492.0377	-606.1563	0.7120751
1651.73	-491.8937	-606.1582	0.7121301
1651.74	-491.7497	-606.1602	0.7121857
1651.75	-491.6055	-606.1622	0.7122421
1651.76	-491.4613	-606.1642	0.7122992
1651.77	-491.3171	-606.1663	0.7123569
1651.78	-491.1728	-606.1683	0.7124152
1651.79	-491.0284	-606.1704	0.7124741
1651.8	-490.884	-606.1725	0.7125335
1651.81	-490.7395	-606.1746	0.7125935
1651.82	-490.595	-606.1767	0.7126539
1651.83	-490.4503	-606.1788	0.712715
1651.84	-490.3057	-606.181	0.7127764
1651.85	-490.1609	-606.1832	0.7128382
1651.86	-490.0161	-606.1854	0.7129005
1651.87	-489.8712	-606.1876	0.7129632
1651.88	-489.7263	-606.1898	0.7130263
1651.89	-489.5813	-606.1921	0.7130896
1651.9	-489.4363	-606.1944	0.7131535
1651.91	-489.2911	-606.1967	0.7132177
1651.92	-489.146	-606.199	0.7132821
1651.93	-489.0007	-606.2014	0.7133469
1651.94	-488.8554	-606.2037	0.7134119
1651.95	-488.7101	-606.2061	0.7134773
1651.96	-488.5646	-606.2086	0.7135428
1651.97	-488.4192	-606.2109	0.7136086
1651.98	-488.2736	-606.2134	0.7136746
1651.99	-488.128	-606.2159	0.7137408
1652	-487.9823	-606.2184	0.713807
1652.01	-487.8366	-606.2209	0.7138734
1652.02	-487.6908	-606.2234	0.7139401
1652.03	-487.5449	-606.226	0.7140061
1652.04	-487.399	-606.2286	0.7140717
1652.05	-487.253	-606.2312	0.7141367
1652.06	-487.1069	-606.2338	0.7142012
1652.07	-486.9608	-606.2365	0.7142643
1652.08	-486.8147	-606.2391	0.714326
1652.09	-486.6685	-606.2419	0.7143863
1652.1	-486.5222	-606.2446	0.7144454
1652.11	-486.3758	-606.2473	0.7145032
1652.12	-486.2294	-606.2501	0.7145582
1652.13	-486.0829	-606.2528	0.7146105
1652.14	-485.9364	-606.2556	0.7146602
1652.15	-485.7898	-606.2584	0.7147074
1652.16	-485.6431	-606.2612	0.7147523
1652.17	-485.4964	-606.264	0.7147949
1652.18	-485.3496	-606.2668	0.7148336
1652.19	-485.2028	-606.2697	0.7148684
1652.2	-485.0558	-606.2725	0.7148998
1652.21	-484.9089	-606.2753	0.7149277
1652.22	-484.7619	-606.2782	0.7149514
1652.23	-484.6148	-606.2811	0.7149711
1652.24	-484.4676	-606.284	0.7149869
1652.25	-484.3204	-606.2869	0.7149991
1652.26	-484.1731	-606.2897	0.7150078
1652.27	-484.0258	-606.2927	0.7150123
1652.28	-483.8784	-606.2956	0.7150128
1652.29	-483.731	-606.2985	0.7150096
1652.3	-483.5834	-606.3015	0.7150028
1652.31	-483.4359	-606.3044	0.7149924
1652.32	-483.2882	-606.3073	0.7149779
1652.33	-483.1405	-606.3102	0.7149594
1652.34	-482.9928	-606.3131	0.7149372
1652.35	-482.8449	-606.316	0.7149113
1652.36	-482.6971	-606.319	0.7148819
1652.37	-482.5491	-606.3219	0.7148486
1652.38	-482.4011	-606.3248	0.7148114
1652.39	-482.253	-606.3277	0.7147706
1652.4	-482.1049	-606.3306	0.7147263
1652.41	-481.9567	-606.3335	0.7146786
1652.42	-481.8084	-606.3364	0.7146277
1652.43	-481.6601	-606.3394	0.7145734
1652.44	-481.5117	-606.3422	0.714516
1652.45	-481.3633	-606.3452	0.7144555
1652.46	-481.2148	-606.348	0.7143923
1652.47	-481.0663	-606.3508	0.7143263
1652.48	-480.9176	-606.3537	0.7142577
1652.49	-480.769	-606.3565	0.7141866
1652.5	-480.6202	-606.3594	0.7141132
1652.51	-480.4714	-606.3622	0.7140374
1652.52	-480.3225	-606.365	0.7139595
1652.53	-480.1736	-606.3677	0.7138795
1652.54	-480.0246	-606.3705	0.7137976
1652.55	-479.8756	-606.3733	0.7137136
1652.56	-479.7265	-606.376	0.7136279
1652.57	-479.5773	-606.3788	0.7135404
1652.58	-479.428	-606.3815	0.7134514
1652.59	-479.2787	-606.3842	0.7133609
1652.6	-479.1294	-606.3868	0.713269
1652.61	-478.98	-606.3895	0.7131758
1652.62	-478.8305	-606.3922	0.7130813
1652.63	-478.681	-606.3948	0.7129858
1652.64	-478.5314	-606.3974	0.7128891
1652.65	-478.3817	-606.4	0.7127914
1652.66	-478.232	-606.4025	0.7126929
1652.67	-478.0823	-606.4051	0.7125935
1652.68	-477.9324	-606.4076	0.7124934
1652.69	-477.7825	-606.41	0.7123926
1652.7	-477.6326	-606.4125	0.7122911
1652.71	-477.4825	-606.415	0.7121888
1652.72	-477.3325	-606.4174	0.7120862
1652.73	-477.1824	-606.4197	0.7119831
1652.74	-477.0322	-606.4221	0.7118794
1652.75	-476.8819	-606.4244	0.7117752
1652.76	-476.7315	-606.4267	0.7116708
1652.77	-476.5811	-606.429	0.7115658
1652.78	-476.4307	-606.4312	0.7114604
1652.79	-476.2802	-606.4334	0.7113546
1652.8	-476.1296	-606.4356	0.7112485
1652.81	-475.979	-606.4377	0.7111419
1652.82	-475.8283	-606.4398	0.7110351
1652.83	-475.6776	-606.4419	0.710928
1652.84	-475.5268	-606.444	0.7108204
1652.85	-475.3759	-606.446	0.7107126
1652.86	-475.225	-606.4479	0.7106045
1652.87	-475.074	-606.45	0.7104961
1652.88	-474.923	-606.4518	0.7103875
1652.89	-474.7719	-606.4537	0.7102785
1652.9	-474.6207	-606.4555	0.7101693
1652.91	-474.4695	-606.4573	0.7100599
1652.92	-474.3182	-606.4591	0.7099503
1652.93	-474.1669	-606.4608	0.7098404
1652.94	-474.0155	-606.4625	0.7097303
1652.95	-473.864	-606.4642	0.70962
1652.96	-473.7125	-606.4658	0.7095094
1652.97	-473.5609	-606.4673	0.7093987
1652.98	-473.4093	-606.4689	0.7092878
1652.99	-473.2576	-606.4704	0.7091767
1653	-473.1058	-606.4719	0.7090655
1653.01	-472.954	-606.4733	0.708954
1653.02	-472.8022	-606.4747	0.7088425
1653.03	-472.6502	-606.476	0.7087307
1653.04	-472.4983	-606.4773	0.7086187
1653.05	-472.3462	-606.4785	0.7085066
1653.06	-472.1941	-606.4798	0.7083943
1653.07	-472.0419	-606.481	0.7082819
1653.08	-471.8896	-606.4821	0.7081695
1653.09	-471.7374	-606.4832	0.7080569
1653.1	-471.585	-606.4843	0.7079443
1653.11	-471.4326	-606.4852	0.7078317
1653.12	-471.2802	-606.4862	0.707719
1653.13	-471.1277	-606.4871	0.7076064
1653.14	-470.9751	-606.488	0.7074938
1653.15	-470.8224	-606.4888	0.7073814
1653.16	-470.6697	-606.4896	0.707269
1653.17	-470.517	-606.4904	0.7071571
1653.18	-470.3642	-606.4911	0.7070457
1653.19	-470.2113	-606.4918	0.7069348
1653.2	-470.0584	-606.4924	0.7068243
1653.21	-469.9054	-606.4929	0.7067143
1653.22	-469.7523	-606.4935	0.7066055
1653.23	-469.5992	-606.494	0.706498
1653.24	-469.446	-606.4944	0.7063915
1653.25	-469.2928	-606.4949	0.7062862
1653.26	-469.1395	-606.4953	0.7061819
1653.27	-468.9862	-606.4956	0.7060797
1653.28	-468.8328	-606.496	0.7059797
1653.29	-468.6794	-606.4962	0.7058817
1653.3	-468.5258	-606.4964	0.7057856
1653.31	-468.3723	-606.4966	0.7056914
1653.32	-468.2186	-606.4968	0.7056003
1653.33	-468.0649	-606.4969	0.7055121
1653.34	-467.9112	-606.497	0.7054267
1653.35	-467.7574	-606.497	0.705344
1653.36	-467.6035	-606.4971	0.7052639
1653.37	-467.4496	-606.497	0.7051871
1653.38	-467.2957	-606.497	0.7051136
1653.39	-467.1416	-606.4969	0.7050434
1653.4	-466.9875	-606.4968	0.7049762
1653.41	-466.8333	-606.4966	0.7049118
1653.42	-466.6791	-606.4965	0.7048509
1653.43	-466.5249	-606.4963	0.7047932
1653.44	-466.3705	-606.4961	0.7047385
1653.45	-466.2162	-606.4958	0.7046869
1653.46	-466.0617	-606.4956	0.7046382
1653.47	-465.9072	-606.4952	0.7045926
1653.48	-465.7527	-606.4949	0.7045498
1653.49	-465.5981	-606.4946	0.70451
1653.5	-465.4434	-606.4942	0.7044727
1653.51	-465.2887	-606.4937	0.704438
1653.52	-465.1339	-606.4933	0.7044058
1653.53	-464.979	-606.4929	0.704376
1653.54	-464.8241	-606.4924	0.7043483
1653.55	-464.6692	-606.4919	0.7043228
1653.56	-464.5141	-606.4913	0.7042992
1653.57	-464.359	-606.4907	0.7042775
1653.58	-464.2039	-606.4902	0.7042578
1653.59	-464.0487	-606.4896	0.7042398
1653.6	-463.8935	-606.489	0.7042235
1653.61	-463.7382	-606.4883	0.7042087
1653.62	-463.5829	-606.4876	0.7041955
1653.63	-463.4275	-606.4869	0.7041837
1653.64	-463.272	-606.4862	0.7041733
1653.65	-463.1165	-606.4855	0.7041643
1653.66	-462.9609	-606.4847	0.7041565
1653.67	-462.8052	-606.4839	0.7041499
1653.68	-462.6495	-606.4832	0.7041445
1653.69	-462.4937	-606.4824	0.7041401
1653.7	-462.3379	-606.4816	0.7041369
1653.71	-462.182	-606.4807	0.7041346
1653.72	-462.0261	-606.4799	0.7041333
1653.73	-461.8701	-606.479	0.7041327
1653.74	-461.7141	-606.4781	0.704133
1653.75	-461.558	-606.4772	0.7041342
1653.76	-461.4019	-606.4763	0.7041361
1653.77	-461.2457	-606.4754	0.7041386
1653.78	-461.0894	-606.4745	0.7041418
1653.79	-460.9331	-606.4736	0.7041456
1653.8	-460.7767	-606.4726	0.7041501
