2096.02	-648.7371	-606.6832	0.7086815
2096.03	-648.6111	-606.6835	0.7087436
2096.04	-648.4852	-606.6838	0.7088048
2096.05	-648.3593	-606.6843	0.7088651
2096.06	-648.2334	-606.6846	0.7089233
2096.07	-648.1075	-606.685	0.7089796
2096.08	-647.9816	-606.6855	0.7090341
2096.09	-647.8558	-606.6859	0.7090869
2096.1	-647.7299	-606.6863	0.7091368
2096.11	-647.6041	-606.6868	0.7091841
2096.12	-647.4783	-606.6873	0.7092286
2096.13	-647.3525	-606.6877	0.7092707
2096.14	-647.2267	-606.6883	0.7093105
2096.15	-647.101	-606.6888	0.709347
2096.16	-646.9753	-606.6893	0.7093802
2096.17	-646.8495	-606.6898	0.7094105
2096.18	-646.7238	-606.6903	0.709438
2096.19	-646.5981	-606.6909	0.7094628
2096.2	-646.4724	-606.6915	0.7094847
2096.21	-646.3467	-606.692	0.7095039
2096.22	-646.2211	-606.6926	0.7095206
2096.23	-646.0954	-606.6931	0.7095349
2096.24	-645.9697	-606.6937	0.7095469
2096.25	-645.8441	-606.6943	0.7095574
2096.26	-645.7185	-606.6949	0.7095661
2096.27	-645.5929	-606.6955	0.7095733
2096.28	-645.4673	-606.6961	0.7095792
2096.29	-645.3417	-606.6967	0.7095838
2096.3	-645.2162	-606.6973	0.7095879
2096.31	-645.0906	-606.6981	0.7095916
2096.32	-644.9651	-606.6987	0.709595
2096.33	-644.8397	-606.6994	0.7095981
2096.34	-644.7142	-606.7001	0.7096007
2096.35	-644.5887	-606.7007	0.7096038
2096.36	-644.4633	-606.7014	0.7096072
2096.37	-644.3378	-606.7021	0.7096108
2096.38	-644.2124	-606.7029	0.7096148
2096.39	-644.087	-606.7036	0.709619
2096.4	-643.9615	-606.7043	0.7096235
2096.41	-643.8362	-606.7051	0.7096285
2096.42	-643.7108	-606.7058	0.709634
2096.43	-643.5854	-606.7065	0.70964
2096.44	-643.4601	-606.7073	0.7096465
2096.45	-643.3348	-606.7081	0.7096534
2096.46	-643.2095	-606.7089	0.7096607
2096.47	-643.0842	-606.7097	0.7096684
2096.48	-642.9589	-606.7105	0.7096765
2096.49	-642.8336	-606.7113	0.7096849
2096.5	-642.7083	-606.7121	0.7096937
2096.51	-642.5831	-606.7129	0.7097023
2096.52	-642.4578	-606.7137	0.7097108
2096.53	-642.3326	-606.7146	0.7097192
2096.54	-642.2074	-606.7155	0.7097276
2096.55	-642.0822	-606.7163	0.7097351
2096.56	-641.957	-606.7172	0.7097418
2096.57	-641.8319	-606.7181	0.7097478
2096.58	-641.7068	-606.7189	0.709753
2096.59	-641.5817	-606.7198	0.7097576
2096.6	-641.4565	-606.7206	0.7097604
2096.61	-641.3315	-606.7215	0.7097615
2096.62	-641.2064	-606.7224	0.709761
2096.63	-641.0814	-606.7232	0.7097589
2096.64	-640.9563	-606.7241	0.7097554
2096.65	-640.8313	-606.7249	0.7097498
2096.66	-640.7063	-606.7258	0.7097422
2096.67	-640.5813	-606.7266	0.7097328
2096.68	-640.4563	-606.7274	0.7097215
2096.69	-640.3313	-606.7283	0.7097086
2096.7	-640.2064	-606.7291	0.7096941
2096.71	-640.0814	-606.73	0.7096785
2096.72	-639.9565	-606.7308	0.7096615
2096.73	-639.8315	-606.7317	0.7096433
2096.74	-639.7066	-606.7325	0.7096241
2096.75	-639.5817	-606.7333	0.7096046
2096.76	-639.4568	-606.734	0.709585
2096.77	-639.332	-606.7348	0.7095652
2096.78	-639.2071	-606.7356	0.7095452
2096.79	-639.0823	-606.7364	0.7095252
2096.8	-638.9575	-606.7372	0.709505
2096.81	-638.8326	-606.738	0.7094862
2096.82	-638.7079	-606.7388	0.7094687
2096.83	-638.5831	-606.7396	0.7094523
2096.84	-638.4584	-606.7403	0.7094371
2096.85	-638.3336	-606.7411	0.7094229
2096.86	-638.2089	-606.7419	0.709411
2096.87	-638.0842	-606.7428	0.7094012
2096.88	-637.9595	-606.7437	0.7093934
2096.89	-637.8348	-606.7445	0.7093874
2096.9	-637.7102	-606.7454	0.7093837
2096.91	-637.5856	-606.7462	0.7093821
2096.92	-637.4609	-606.7471	0.7093826
2096.93	-637.3363	-606.7479	0.7093849
2096.94	-637.2117	-606.7488	0.709389
2096.95	-637.087	-606.7496	0.7093949
2096.96	-636.9625	-606.7505	0.7094019
2096.97	-636.8379	-606.7513	0.7094101
2096.98	-636.7133	-606.7522	0.7094193
2096.99	-636.5887	-606.7531	0.7094296
2097	-636.4642	-606.754	0.7094398
2097.01	-636.3397	-606.7548	0.70945
2097.02	-636.2152	-606.7557	0.70946
2097.03	-636.0907	-606.7565	0.70947
2097.04	-635.9662	-606.7574	0.7094799
2097.05	-635.8418	-606.7582	0.7094898
2097.06	-635.7173	-606.7591	0.7094978
2097.07	-635.593	-606.7599	0.7095041
2097.08	-635.4686	-606.7608	0.7095087
2097.09	-635.3442	-606.7617	0.7095117
2097.1	-635.2198	-606.7625	0.7095123
2097.11	-635.0955	-606.7634	0.7095104
2097.12	-634.9711	-606.7642	0.7095065
2097.13	-634.8468	-606.765	0.7095003
2097.14	-634.7225	-606.7658	0.7094921
2097.15	-634.5982	-606.7666	0.709482
2097.16	-634.4739	-606.7674	0.70947
2097.17	-634.3497	-606.7682	0.7094562
2097.18	-634.2254	-606.769	0.7094408
2097.19	-634.1011	-606.7697	0.7094237
2097.2	-633.9769	-606.7705	0.709406
2097.21	-633.8527	-606.7713	0.7093877
2097.22	-633.7285	-606.7721	0.7093688
2097.23	-633.6043	-606.7729	0.7093493
2097.24	-633.4801	-606.7737	0.7093294
2097.25	-633.356	-606.7745	0.70931
2097.26	-633.2318	-606.7753	0.7092912
2097.27	-633.1077	-606.776	0.7092728
2097.28	-632.9835	-606.7767	0.709255
2097.29	-632.8594	-606.7775	0.7092376
2097.3	-632.7354	-606.7782	0.7092212
2097.31	-632.6113	-606.7789	0.7092057
2097.32	-632.4872	-606.7797	0.7091911
2097.33	-632.3632	-606.7804	0.7091774
2097.34	-632.2392	-606.7811	0.7091643
2097.35	-632.1152	-606.7819	0.709152
2097.36	-631.9912	-606.7826	0.7091405
2097.37	-631.8672	-606.7833	0.7091295
2097.38	-631.7433	-606.784	0.7091193
2097.39	-631.6193	-606.7847	0.7091096
2097.4	-631.4954	-606.7855	0.7091001
2097.41	-631.3715	-606.7862	0.7090909
2097.42	-631.2476	-606.7869	0.709082
2097.43	-631.1237	-606.7877	0.7090733
2097.44	-630.9998	-606.7884	0.7090648
2097.45	-630.8759	-606.7891	0.7090566
2097.46	-630.7521	-606.7899	0.7090478
2097.47	-630.6282	-606.7906	0.7090385
2097.48	-630.5044	-606.7913	0.7090288
2097.49	-630.3806	-606.7921	0.7090187
2097.5	-630.2568	-606.7928	0.709008
2097.51	-630.133	-606.7935	0.7089968
2097.52	-630.0092	-606.7941	0.7089851
2097.53	-629.8854	-606.7947	0.7089729
2097.54	-629.7617	-606.7954	0.7089603
2097.55	-629.638	-606.7961	0.7089474
2097.56	-629.5143	-606.7968	0.7089342
2097.57	-629.3906	-606.7974	0.7089207
2097.58	-629.2669	-606.7981	0.7089069
2097.59	-629.1432	-606.7988	0.7088929
2097.6	-629.0196	-606.7994	0.7088789
2097.61	-628.896	-606.8001	0.7088646
2097.62	-628.7724	-606.8008	0.7088503
2097.63	-628.6488	-606.8014	0.7088359
2097.64	-628.5252	-606.8021	0.7088214
2097.65	-628.4017	-606.8027	0.7088065
2097.66	-628.2781	-606.8033	0.7087913
2097.67	-628.1546	-606.8039	0.7087757
2097.68	-628.0311	-606.8045	0.7087598
2097.69	-627.9075	-606.8051	0.7087437
2097.7	-627.7841	-606.8057	0.7087268
2097.71	-627.6606	-606.8063	0.7087089
2097.72	-627.5371	-606.8069	0.7086905
2097.73	-627.4136	-606.8075	0.7086713
2097.74	-627.2902	-606.8081	0.7086514
2097.75	-627.1667	-606.8087	0.7086304
2097.76	-627.0433	-606.8092	0.7086087
2097.77	-626.9199	-606.8098	0.7085861
2097.78	-626.7965	-606.8103	0.7085626
2097.79	-626.6732	-606.8109	0.7085384
2097.8	-626.5498	-606.8113	0.7085136
2097.81	-626.4265	-606.8119	0.7084884
2097.82	-626.3031	-606.8124	0.7084627
2097.83	-626.1798	-606.8129	0.7084367
2097.84	-626.0565	-606.8134	0.7084102
2097.85	-625.9332	-606.8138	0.7083841
2097.86	-625.8099	-606.8143	0.7083583
2097.87	-625.6867	-606.8148	0.7083328
2097.88	-625.5635	-606.8153	0.7083077
2097.89	-625.4402	-606.8158	0.7082828
2097.9	-625.3171	-606.8163	0.708259
2097.91	-625.1939	-606.8168	0.7082363
2097.92	-625.0707	-606.8172	0.7082146
2097.93	-624.9476	-606.8177	0.7081939
2097.94	-624.8244	-606.8181	0.7081741
2097.95	-624.7013	-606.8185	0.7081558
2097.96	-624.5782	-606.819	0.7081386
2097.97	-624.4551	-606.8194	0.7081227
2097.98	-624.332	-606.8198	0.708108
2097.99	-624.2089	-606.8203	0.7080943
2098	-624.0858	-606.8206	0.7080817
2098.01	-623.9628	-606.821	0.7080702
2098.02	-623.8397	-606.8215	0.7080597
2098.03	-623.7167	-606.8219	0.7080501
2098.04	-623.5936	-606.8223	0.7080414
2098.05	-623.4706	-606.8228	0.7080333
2098.06	-623.3477	-606.8232	0.7080259
2098.07	-623.2247	-606.8236	0.7080191
2098.08	-623.1017	-606.824	0.7080129
2098.09	-622.9788	-606.8245	0.7080072
2098.1	-622.8559	-606.8249	0.7080015
2098.11	-622.733	-606.8253	0.7079959
2098.12	-622.6101	-606.8256	0.7079903
2098.13	-622.4872	-606.826	0.7079848
2098.14	-622.3644	-606.8264	0.7079793
2098.15	-622.2416	-606.8267	0.7079733
2098.16	-622.1188	-606.8271	0.7079668
2098.17	-621.996	-606.8275	0.7079598
2098.18	-621.8732	-606.8278	0.7079524
2098.19	-621.7504	-606.8282	0.7079446
2098.2	-621.6276	-606.8286	0.7079365
2098.21	-621.5049	-606.8289	0.7079279
2098.22	-621.3821	-606.8292	0.7079189
2098.23	-621.2594	-606.8295	0.7079097
2098.24	-621.1367	-606.8298	0.7079001
2098.25	-621.014	-606.8301	0.7078908
2098.26	-620.8913	-606.8304	0.7078817
2098.27	-620.7686	-606.8307	0.7078728
2098.28	-620.6459	-606.8311	0.7078641
2098.29	-620.5233	-606.8314	0.7078556
2098.3	-620.4006	-606.8317	0.7078478
2098.31	-620.278	-606.832	0.7078408
2098.32	-620.1554	-606.8323	0.7078344
2098.33	-620.0328	-606.8326	0.7078286
2098.34	-619.9102	-606.8329	0.7078234
2098.35	-619.7877	-606.8332	0.7078193
2098.36	-619.6651	-606.8335	0.7078161
2098.37	-619.5426	-606.8338	0.7078139
2098.38	-619.4201	-606.8341	0.7078125
2098.39	-619.2976	-606.8344	0.707812
2098.4	-619.1751	-606.8347	0.7078125
2098.41	-619.0527	-606.835	0.707814
2098.42	-618.9302	-606.8353	0.7078164
2098.43	-618.8078	-606.8356	0.7078195
2098.44	-618.6854	-606.8359	0.7078235
2098.45	-618.563	-606.8362	0.7078284
2098.46	-618.4406	-606.8365	0.707834
2098.47	-618.3182	-606.8369	0.7078404
2098.48	-618.1959	-606.8372	0.7078474
2098.49	-618.0735	-606.8375	0.7078552
2098.5	-617.9511	-606.8378	0.7078636
2098.51	-617.8288	-606.8381	0.7078725
2098.52	-617.7065	-606.8384	0.707882
2098.53	-617.5842	-606.8387	0.7078921
2098.54	-617.4619	-606.839	0.7079027
2098.55	-617.3396	-606.8393	0.7079138
2098.56	-617.2173	-606.8396	0.7079253
2098.57	-617.0951	-606.84	0.7079372
2098.58	-616.9728	-606.8403	0.7079495
2098.59	-616.8506	-606.8406	0.7079623
2098.6	-616.7285	-606.8409	0.7079754
2098.61	-616.6063	-606.8412	0.7079888
2098.62	-616.4841	-606.8415	0.7080026
2098.63	-616.3619	-606.8418	0.7080166
2098.64	-616.2398	-606.8421	0.7080309
2098.65	-616.1177	-606.8424	0.7080456
2098.66	-615.9955	-606.8427	0.7080605
2098.67	-615.8735	-606.8431	0.7080756
2098.68	-615.7514	-606.8435	0.708091
2098.69	-615.6293	-606.8439	0.7081066
2098.7	-615.5073	-606.8442	0.7081224
2098.71	-615.3853	-606.8446	0.7081383
2098.72	-615.2633	-606.845	0.7081546
2098.73	-615.1413	-606.8453	0.7081709
2098.74	-615.0193	-606.8457	0.7081874
2098.75	-614.8973	-606.8461	0.7082041
2098.76	-614.7754	-606.8464	0.7082209
2098.77	-614.6534	-606.8469	0.7082379
2098.78	-614.5315	-606.8472	0.7082551
2098.79	-614.4095	-606.8476	0.7082724
2098.8	-614.2877	-606.848	0.7082898
2098.81	-614.1658	-606.8483	0.7083072
2098.82	-614.0439	-606.8487	0.7083247
2098.83	-613.922	-606.8491	0.7083424
2098.84	-613.8001	-606.8495	0.70836
2098.85	-613.6783	-606.8499	0.7083778
2098.86	-613.5565	-606.8504	0.7083952
2098.87	-613.4346	-606.8508	0.7084123
2098.88	-613.3128	-606.8513	0.7084291
2098.89	-613.191	-606.8517	0.7084456
2098.9	-613.0693	-606.8521	0.7084612
2098.91	-612.9475	-606.8525	0.708476
2098.92	-612.8258	-606.853	0.70849
2098.93	-612.7041	-606.8534	0.7085032
2098.94	-612.5824	-606.8538	0.7085158
2098.95	-612.4607	-606.8542	0.7085266
2098.96	-612.3391	-606.8547	0.7085357
2098.97	-612.2174	-606.8552	0.7085433
2098.98	-612.0958	-606.8556	0.7085495
2098.99	-611.9741	-606.856	0.7085543
2099	-611.8525	-606.8564	0.7085568
2099.01	-611.731	-606.8569	0.7085572
2099.02	-611.6094	-606.8573	0.7085556
2099.03	-611.4878	-606.8577	0.708552
2099.04	-611.3662	-606.8582	0.7085467
2099.05	-611.2446	-606.8586	0.7085397
2099.06	-611.1231	-606.8589	0.7085307
2099.07	-611.0016	-606.8594	0.7085199
2099.08	-610.8801	-606.8598	0.7085073
2099.09	-610.7585	-606.8602	0.7084932
2099.1	-610.637	-606.8607	0.7084774
2099.11	-610.5156	-606.861	0.7084606
2099.12	-610.3941	-606.8614	0.7084425
2099.13	-610.2726	-606.8618	0.7084234
2099.14	-610.1512	-606.8621	0.7084033
2099.15	-610.0298	-606.8624	0.7083828
2099.16	-609.9084	-606.8628	0.708362
2099.17	-609.787	-606.8632	0.7083408
2099.18	-609.6657	-606.8635	0.7083194
2099.19	-609.5444	-606.8639	0.7082977
2099.2	-609.423	-606.8643	0.7082766
2099.21	-609.3018	-606.8646	0.7082562
2099.22	-609.1805	-606.865	0.7082365
2099.23	-609.0592	-606.8653	0.7082172
2099.24	-608.9379	-606.8657	0.7081985
2099.25	-608.8167	-606.866	0.7081815
2099.26	-608.6955	-606.8664	0.7081658
2099.27	-608.5743	-606.8668	0.7081516
2099.28	-608.4531	-606.8671	0.7081386
2099.29	-608.3318	-606.8675	0.7081268
2099.3	-608.2106	-606.8679	0.7081162
2099.31	-608.0895	-606.8682	0.7081078
2099.32	-607.9683	-606.8686	0.7081013
2099.33	-607.8472	-606.869	0.7080967
2099.34	-607.726	-606.8693	0.7080939
2099.35	-607.6049	-606.8697	0.7080929
2099.36	-607.4838	-606.8701	0.7080941
2099.37	-607.3627	-606.8705	0.7080973
2099.38	-607.2416	-606.8709	0.7081025
2099.39	-607.1205	-606.8713	0.7081095
2099.4	-606.9995	-606.8718	0.7081186
2099.41	-606.8784	-606.8722	0.7081295
2099.42	-606.7574	-606.8726	0.7081422
2099.43	-606.6364	-606.873	0.7081567
2099.44	-606.5153	-606.8735	0.7081727
2099.45	-606.3943	-606.8739	0.7081904
2099.46	-606.2734	-606.8743	0.7082095
2099.47	-606.1524	-606.8748	0.7082301
2099.48	-606.0314	-606.8752	0.7082519
2099.49	-605.9105	-606.8757	0.708275
2099.5	-605.7895	-606.8761	0.7082992
2099.51	-605.6685	-606.8765	0.7083246
2099.52	-605.5475	-606.877	0.708351
2099.53	-605.4266	-606.8775	0.7083784
2099.54	-605.3057	-606.8781	0.7084069
2099.55	-605.1848	-606.8785	0.7084361
2099.56	-605.0638	-606.879	0.7084662
2099.57	-604.9429	-606.8795	0.7084971
2099.58	-604.822	-606.88	0.7085287
2099.59	-604.7011	-606.8806	0.7085611
2099.6	-604.5803	-606.881	0.708594
2099.61	-604.4594	-606.8815	0.7086275
2099.62	-604.3386	-606.8821	0.7086616
2099.63	-604.2177	-606.8827	0.7086962
2099.64	-604.0969	-606.8832	0.7087312
2099.65	-603.976	-606.8838	0.7087667
2099.66	-603.8552	-606.8843	0.7088026
2099.67	-603.7343	-606.8849	0.7088389
2099.68	-603.6135	-606.8855	0.7088756
2099.69	-603.4927	-606.886	0.7089126
2099.7	-603.3719	-606.8867	0.7089499
2099.71	-603.2511	-606.8873	0.7089875
2099.72	-603.1303	-606.8879	0.7090255
2099.73	-603.0095	-606.8885	0.7090637
2099.74	-602.8887	-606.8892	0.7091022
2099.75	-602.768	-606.8898	0.709141
2099.76	-602.6473	-606.8905	0.7091799
2099.77	-602.5266	-606.8912	0.7092191
2099.78	-602.4058	-606.8918	0.7092586
2099.79	-602.2851	-606.8926	0.7092982
2099.8	-602.1644	-606.8932	0.709338
2099.81	-602.0436	-606.8939	0.7093779
2099.82	-601.9229	-606.8947	0.7094181
2099.83	-601.8022	-606.8954	0.7094585
2099.84	-601.6815	-606.8962	0.7094989
2099.85	-601.5607	-606.8969	0.7095395
2099.86	-601.4401	-606.8976	0.7095802
2099.87	-601.3194	-606.8984	0.7096211
2099.88	-601.1987	-606.8992	0.709662
2099.89	-601.0781	-606.9	0.709703
2099.9	-600.9574	-606.9009	0.7097443
2099.91	-600.8367	-606.9017	0.7097856
2099.92	-600.7161	-606.9025	0.7098269
2099.93	-600.5954	-606.9033	0.7098683
2099.94	-600.4747	-606.9042	0.7099099
2099.95	-600.3541	-606.9051	0.7099514
2099.96	-600.2335	-606.9059	0.709993
2099.97	-600.1129	-606.9068	0.7100347
2099.98	-599.9923	-606.9078	0.7100763
2099.99	-599.8717	-606.9087	0.710118
2100	-599.7511	-606.9096	0.7101594
2100.01	-599.6305	-606.9106	0.7102007
2100.02	-599.5099	-606.9115	0.7102416
2100.03	-599.3893	-606.9125	0.7102825
2100.04	-599.2687	-606.9135	0.7103231
2100.05	-599.1481	-606.9145	0.7103636
2100.06	-599.0275	-606.9155	0.7104033
2100.07	-598.9069	-606.9164	0.7104425
2100.08	-598.7863	-606.9175	0.710481
2100.09	-598.6656	-606.9186	0.7105191
2100.1	-598.545	-606.9196	0.7105561
2100.11	-598.4244	-606.9207	0.7105924
2100.12	-598.3038	-606.9217	0.7106277
2100.13	-598.1832	-606.9228	0.7106624
2100.14	-598.0626	-606.9239	0.7106961
2100.15	-597.9421	-606.925	0.7107286
2100.16	-597.8215	-606.9261	0.7107599
2100.17	-597.7009	-606.9272	0.71079
2100.18	-597.5803	-606.9283	0.7108191
2100.19	-597.4597	-606.9294	0.7108471
2100.2	-597.3391	-606.9305	0.7108735
2100.21	-597.2185	-606.9317	0.7108983
2100.22	-597.0979	-606.9329	0.7109217
2100.23	-596.9773	-606.9341	0.7109438
2100.24	-596.8567	-606.9352	0.7109645
2100.25	-596.7361	-606.9364	0.7109832
2100.26	-596.6155	-606.9376	0.7110001
2100.27	-596.4949	-606.9387	0.7110153
2100.28	-596.3743	-606.9399	0.7110288
2100.29	-596.2537	-606.941	0.7110408
2100.3	-596.1332	-606.9422	0.7110505
2100.31	-596.0126	-606.9434	0.7110583
2100.32	-595.892	-606.9446	0.711064
2100.33	-595.7714	-606.9458	0.711068
2100.34	-595.6508	-606.947	0.7110702
2100.35	-595.5302	-606.9482	0.7110708
2100.36	-595.4097	-606.9495	0.7110693
2100.37	-595.2891	-606.9507	0.7110657
2100.38	-595.1685	-606.9519	0.7110602
2100.39	-595.0479	-606.9531	0.711053
2100.4	-594.9273	-606.9543	0.7110437
2100.41	-594.8068	-606.9556	0.7110327
2100.42	-594.6862	-606.9568	0.7110199
2100.43	-594.5656	-606.958	0.7110055
2100.44	-594.4449	-606.9592	0.7109896
2100.45	-594.3243	-606.9604	0.7109723
2100.46	-594.2038	-606.9617	0.7109534
2100.47	-594.0832	-606.9628	0.710933
2100.48	-593.9626	-606.9641	0.7109112
2100.49	-593.842	-606.9653	0.7108881
2100.5	-593.7214	-606.9665	0.7108638
2100.51	-593.6008	-606.9677	0.7108382
2100.52	-593.4802	-606.9688	0.7108116
2100.53	-593.3596	-606.9699	0.7107838
2100.54	-593.239	-606.9711	0.7107551
2100.55	-593.1184	-606.9722	0.7107254
2100.56	-592.9978	-606.9734	0.7106948
2100.57	-592.8772	-606.9745	0.7106633
2100.58	-592.7566	-606.9756	0.710631
2100.59	-592.636	-606.9768	0.7105979
2100.6	-592.5154	-606.978	0.7105641
2100.61	-592.3948	-606.9791	0.7105296
2100.62	-592.2742	-606.9803	0.7104943
2100.63	-592.1536	-606.9814	0.7104586
2100.64	-592.033	-606.9825	0.7104222
2100.65	-591.9124	-606.9836	0.7103853
2100.66	-591.7917	-606.9847	0.7103478
2100.67	-591.6711	-606.9857	0.7103099
2100.68	-591.5505	-606.9868	0.7102714
2100.69	-591.4298	-606.9879	0.7102325
2100.7	-591.3092	-606.989	0.7101932
2100.71	-591.1885	-606.9901	0.7101535
2100.72	-591.0679	-606.9911	0.7101133
2100.73	-590.9472	-606.9921	0.7100729
2100.74	-590.8265	-606.9931	0.7100321
2100.75	-590.7059	-606.9941	0.7099909
2100.76	-590.5852	-606.9952	0.7099494
2100.77	-590.4645	-606.9962	0.7099077
2100.78	-590.3438	-606.9971	0.7098657
2100.79	-590.2231	-606.9981	0.7098234
2100.8	-590.1024	-606.9991	0.7097809
2100.81	-589.9816	-607	0.7097382
2100.82	-589.8609	-607.001	0.7096953
2100.83	-589.7402	-607.002	0.7096524
2100.84	-589.6194	-607.0029	0.7096092
2100.85	-589.4987	-607.0037	0.7095659
2100.86	-589.378	-607.0046	0.7095225
2100.87	-589.2573	-607.0056	0.7094791
2100.88	-589.1365	-607.0064	0.7094354
2100.89	-589.0157	-607.0073	0.7093917
2100.9	-588.8949	-607.0082	0.709348
2100.91	-588.7741	-607.009	0.7093042
2100.92	-588.6533	-607.0098	0.7092603
2100.93	-588.5325	-607.0107	0.7092165
2100.94	-588.4117	-607.0115	0.7091725
2100.95	-588.291	-607.0123	0.7091287
2100.96	-588.1702	-607.0131	0.7090847
2100.97	-588.0493	-607.0139	0.7090409
2100.98	-587.9285	-607.0146	0.708997
2100.99	-587.8076	-607.0153	0.7089531
2101	-587.6868	-607.0161	0.7089093
2101.01	-587.5659	-607.0168	0.7088655
2101.02	-587.4451	-607.0175	0.7088217
2101.03	-587.3242	-607.0182	0.708778
2101.04	-587.2032	-607.0189	0.7087343
2101.05	-587.0823	-607.0195	0.7086905
2101.06	-586.9614	-607.0201	0.7086469
2101.07	-586.8405	-607.0208	0.7086033
2101.08	-586.7196	-607.0215	0.7085596
2101.09	-586.5986	-607.022	0.708516
2101.1	-586.4777	-607.0226	0.7084724
2101.11	-586.3567	-607.0233	0.7084289
2101.12	-586.2357	-607.0238	0.7083853
2101.13	-586.1147	-607.0244	0.7083417
2101.14	-585.9937	-607.0249	0.7082981
2101.15	-585.8727	-607.0255	0.7082546
2101.16	-585.7517	-607.0259	0.7082111
2101.17	-585.6307	-607.0265	0.7081676
2101.18	-585.5096	-607.027	0.708124
2101.19	-585.3885	-607.0274	0.7080805
2101.2	-585.2674	-607.0279	0.7080371
2101.21	-585.1462	-607.0284	0.7079939
2101.22	-585.0251	-607.0288	0.7079508
2101.23	-584.9039	-607.0292	0.7079079
2101.24	-584.7826	-607.0296	0.7078651
2101.25	-584.6613	-607.03	0.7078228
2101.26	-584.54	-607.0304	0.7077812
2101.27	-584.4187	-607.0308	0.70774
2101.28	-584.2973	-607.0311	0.7076994
2101.29	-584.1759	-607.0315	0.7076592
2101.3	-584.0544	-607.0318	0.7076203
2101.31	-583.933	-607.0322	0.7075824
2101.32	-583.8115	-607.0325	0.7075455
2101.33	-583.6899	-607.0328	0.7075096
2101.34	-583.5682	-607.033	0.7074746
2101.35	-583.4466	-607.0333	0.7074414
2101.36	-583.325	-607.0336	0.7074099
2101.37	-583.2032	-607.0339	0.7073799
2101.38	-583.0815	-607.0342	0.7073515
2101.39	-582.9597	-607.0344	0.7073244
2101.4	-582.8378	-607.0346	0.7072987
2101.41	-582.7159	-607.0349	0.7072755
2101.42	-582.5939	-607.0351	0.7072547
2101.43	-582.4719	-607.0353	0.7072363
2101.44	-582.3499	-607.0356	0.70722
2101.45	-582.2278	-607.0358	0.7072067
2101.46	-582.1057	-607.0361	0.7071962
2101.47	-581.9835	-607.0363	0.7071883
2101.48	-581.8613	-607.0366	0.7071829
2101.49	-581.7391	-607.0367	0.7071798
2101.5	-581.6168	-607.037	0.7071791
2101.51	-581.4944	-607.0372	0.7071815
2101.52	-581.372	-607.0375	0.7071871
2101.53	-581.2496	-607.0378	0.7071956
2101.54	-581.1271	-607.038	0.707207
2101.55	-581.0045	-607.0383	0.7072214
2101.56	-580.8819	-607.0385	0.7072388
2101.57	-580.7592	-607.0388	0.7072589
2101.58	-580.6365	-607.039	0.7072818
2101.59	-580.5137	-607.0392	0.7073071
2101.6	-580.3909	-607.0396	0.7073349
2101.61	-580.268	-607.0398	0.7073652
2101.62	-580.1451	-607.04	0.7073976
2101.63	-580.0221	-607.0403	0.7074322
2101.64	-579.899	-607.0405	0.7074687
2101.65	-579.7759	-607.0408	0.7075073
2101.66	-579.6528	-607.0411	0.7075475
2101.67	-579.5295	-607.0413	0.7075896
2101.68	-579.4063	-607.0416	0.7076333
2101.69	-579.2829	-607.042	0.7076785
2101.7	-579.1595	-607.0423	0.7077251
2101.71	-579.0361	-607.0426	0.7077731
2101.72	-578.9127	-607.043	0.7078224
2101.73	-578.7891	-607.0433	0.7078729
2101.74	-578.6654	-607.0436	0.7079246
2101.75	-578.5417	-607.044	0.7079775
2101.76	-578.418	-607.0444	0.7080311
2101.77	-578.2943	-607.0447	0.7080858
2101.78	-578.1704	-607.0452	0.7081414
2101.79	-578.0465	-607.0455	0.7081978
2101.8	-577.9225	-607.046	0.7082549
2101.81	-577.7985	-607.0464	0.7083126
2101.82	-577.6744	-607.0468	0.7083707
2101.83	-577.5503	-607.0473	0.7084295
2101.84	-577.426	-607.0477	0.7084888
2101.85	-577.3017	-607.0482	0.7085484
2101.86	-577.1774	-607.0487	0.7086082
2101.87	-577.053	-607.0492	0.7086681
2101.88	-576.9285	-607.0497	0.708728
2101.89	-576.8039	-607.0502	0.7087879
2101.9	-576.6793	-607.0508	0.7088474
2101.91	-576.5547	-607.0514	0.7089066
2101.92	-576.4299	-607.0519	0.7089655
2101.93	-576.3051	-607.0526	0.7090241
2101.94	-576.1802	-607.0531	0.7090824
2101.95	-576.0553	-607.0538	0.7091398
2101.96	-575.9303	-607.0544	0.7091966
2101.97	-575.8052	-607.055	0.7092527
2101.98	-575.6801	-607.0557	0.709308
2101.99	-575.5549	-607.0563	0.7093627
2102	-575.4297	-607.057	0.7094164
2102.01	-575.3044	-607.0577	0.7094692
2102.02	-575.179	-607.0584	0.7095211
2102.03	-575.0535	-607.0591	0.709572
2102.04	-574.928	-607.0599	0.7096221
2102.05	-574.8024	-607.0606	0.7096709
2102.06	-574.6768	-607.0613	0.7097183
2102.07	-574.551	-607.0621	0.7097645
2102.08	-574.4252	-607.0629	0.7098095
2102.09	-574.2994	-607.0637	0.7098535
2102.1	-574.1735	-607.0646	0.7098963
2102.11	-574.0475	-607.0654	0.7099372
2102.12	-573.9214	-607.0662	0.7099761
2102.13	-573.7953	-607.067	0.7100133
2102.14	-573.6692	-607.0679	0.7100487
2102.15	-573.543	-607.0687	0.7100817
2102.16	-573.4167	-607.0696	0.7101125
2102.17	-573.2903	-607.0704	0.7101411
2102.18	-573.1639	-607.0713	0.7101678
2102.19	-573.0374	-607.0722	0.7101926
2102.2	-572.9108	-607.0731	0.7102144
2102.21	-572.7842	-607.074	0.7102336
2102.22	-572.6575	-607.075	0.7102501
2102.23	-572.5307	-607.0759	0.7102643
2102.24	-572.4039	-607.0768	0.7102761
2102.25	-572.277	-607.0777	0.7102849
2102.26	-572.15	-607.0786	0.7102909
2102.27	-572.023	-607.0795	0.7102941
2102.28	-571.8959	-607.0804	0.7102946
2102.29	-571.7688	-607.0814	0.7102928
2102.3	-571.6416	-607.0823	0.7102877
2102.31	-571.5143	-607.0832	0.7102799
2102.32	-571.387	-607.0841	0.7102694
2102.33	-571.2596	-607.085	0.7102563
2102.34	-571.1321	-607.0859	0.7102408
2102.35	-571.0045	-607.0869	0.7102229
2102.36	-570.877	-607.0878	0.7102023
2102.37	-570.7493	-607.0886	0.7101793
2102.38	-570.6215	-607.0895	0.7101538
2102.39	-570.4937	-607.0905	0.7101262
2102.4	-570.3658	-607.0914	0.7100962
2102.41	-570.2379	-607.0923	0.7100641
2102.42	-570.1099	-607.0931	0.7100299
2102.43	-569.9819	-607.0941	0.7099938
2102.44	-569.8538	-607.095	0.7099559
2102.45	-569.7256	-607.0959	0.7099161
2102.46	-569.5974	-607.0967	0.7098745
2102.47	-569.4691	-607.0977	0.7098313
2102.48	-569.3407	-607.0986	0.7097865
2102.49	-569.2123	-607.0994	0.7097402
2102.5	-569.0838	-607.1002	0.7096922
2102.51	-568.9553	-607.1011	0.7096428
2102.52	-568.8267	-607.1019	0.709592
2102.53	-568.6979	-607.1027	0.7095398
2102.54	-568.5692	-607.1036	0.7094864
2102.55	-568.4404	-607.1044	0.7094315
2102.56	-568.3115	-607.1052	0.7093751
2102.57	-568.1826	-607.106	0.7093176
2102.58	-568.0535	-607.1067	0.7092586
2102.59	-567.9244	-607.1075	0.7091985
2102.6	-567.7953	-607.1082	0.7091372
2102.61	-567.6661	-607.1089	0.7090747
2102.62	-567.5368	-607.1097	0.7090111
2102.63	-567.4075	-607.1104	0.7089463
2102.64	-567.2781	-607.1111	0.7088806
2102.65	-567.1486	-607.1118	0.7088138
2102.66	-567.0191	-607.1124	0.7087463
2102.67	-566.8895	-607.113	0.7086778
2102.68	-566.7599	-607.1137	0.7086084
2102.69	-566.6302	-607.1143	0.7085384
2102.7	-566.5004	-607.1149	0.7084675
2102.71	-566.3706	-607.1155	0.7083961
2102.72	-566.2407	-607.116	0.7083239
2102.73	-566.1108	-607.1166	0.7082512
2102.74	-565.9807	-607.1171	0.7081779
2102.75	-565.8506	-607.1176	0.7081043
2102.76	-565.7205	-607.118	0.7080301
2102.77	-565.5903	-607.1185	0.7079557
2102.78	-565.46	-607.119	0.707881
2102.79	-565.3297	-607.1194	0.7078061
2102.8	-565.1993	-607.1198	0.707731
2102.81	-565.0688	-607.1202	0.7076562
2102.82	-564.9382	-607.1205	0.7075813
2102.83	-564.8076	-607.1208	0.7075066
2102.84	-564.6769	-607.1212	0.7074319
2102.85	-564.5462	-607.1215	0.7073572
2102.86	-564.4154	-607.1217	0.7072834
2102.87	-564.2845	-607.122	0.7072105
2102.88	-564.1536	-607.1223	0.7071383
2102.89	-564.0226	-607.1225	0.7070669
2102.9	-563.8915	-607.1227	0.7069969
2102.91	-563.7604	-607.1229	0.7069283
2102.92	-563.6292	-607.123	0.7068608
2102.93	-563.4979	-607.1232	0.7067947
2102.94	-563.3666	-607.1234	0.7067297
2102.95	-563.2352	-607.1235	0.7066664
2102.96	-563.1037	-607.1236	0.706605
2102.97	-562.9722	-607.1237	0.7065452
2102.98	-562.8406	-607.1238	0.7064871
2102.99	-562.7089	-607.1238	0.7064305
2103	-562.5771	-607.1238	0.7063752
2103.01	-562.4453	-607.1239	0.7063224
2103.02	-562.3134	-607.1238	0.7062718
2103.03	-562.1815	-607.1238	0.7062232
2103.04	-562.0494	-607.1238	0.7061766
2103.05	-561.9174	-607.1238	0.7061324
2103.06	-561.7852	-607.1237	0.7060903
2103.07	-561.653	-607.1237	0.7060503
2103.08	-561.5208	-607.1236	0.7060124
2103.09	-561.3884	-607.1235	0.7059762
2103.1	-561.2559	-607.1234	0.7059417
2103.11	-561.1234	-607.1232	0.7059095
2103.12	-560.9908	-607.1231	0.7058793
2103.13	-560.8582	-607.123	0.705851
2103.14	-560.7255	-607.1229	0.7058246
2103.15	-560.5928	-607.1226	0.7058001
2103.16	-560.46	-607.1224	0.7057774
2103.17	-560.327	-607.1223	0.7057564
2103.18	-560.194	-607.1221	0.705737
2103.19	-560.061	-607.1219	0.7057191
2103.2	-559.9279	-607.1216	0.7057028
2103.21	-559.7947	-607.1214	0.7056881
2103.22	-559.6614	-607.1212	0.7056748
2103.23	-559.5281	-607.1208	0.7056628
2103.24	-559.3947	-607.1206	0.7056522
2103.25	-559.2613	-607.1204	0.705643
2103.26	-559.1277	-607.1201	0.7056351
2103.27	-558.9941	-607.1198	0.7056285
2103.28	-558.8605	-607.1194	0.7056231
2103.29	-558.7267	-607.1191	0.7056189
2103.3	-558.593	-607.1188	0.7056159
2103.31	-558.4591	-607.1185	0.7056141
2103.32	-558.3251	-607.1182	0.7056134
2103.33	-558.1911	-607.1179	0.7056139
2103.34	-558.057	-607.1175	0.7056154
2103.35	-557.9229	-607.1171	0.7056179
2103.36	-557.7886	-607.1168	0.7056214
2103.37	-557.6544	-607.1164	0.7056258
2103.38	-557.52	-607.116	0.705631
2103.39	-557.3856	-607.1157	0.705637
2103.4	-557.2511	-607.1153	0.7056438
2103.41	-557.1165	-607.1149	0.7056514
2103.42	-556.9819	-607.1146	0.7056597
2103.43	-556.8472	-607.1142	0.7056686
2103.44	-556.7124	-607.1139	0.7056782
2103.45	-556.5775	-607.1135	0.7056884
2103.46	-556.4426	-607.1131	0.7056991
2103.47	-556.3076	-607.1127	0.7057104
2103.48	-556.1725	-607.1122	0.7057223
2103.49	-556.0374	-607.1118	0.7057346
2103.5	-555.9022	-607.1114	0.7057472
2103.51	-555.767	-607.111	0.7057605
2103.52	-555.6317	-607.1105	0.7057742
2103.53	-555.4963	-607.1101	0.7057882
2103.54	-555.3608	-607.1097	0.7058026
2103.55	-555.2253	-607.1093	0.7058173
2103.56	-555.0897	-607.1089	0.7058325
2103.57	-554.954	-607.1085	0.705848
2103.58	-554.8182	-607.108	0.7058637
2103.59	-554.6824	-607.1076	0.7058798
2103.6	-554.5466	-607.1072	0.7058961
2103.61	-554.4106	-607.1068	0.7059126
2103.62	-554.2747	-607.1063	0.7059293
2103.63	-554.1385	-607.1059	0.7059463
2103.64	-554.0024	-607.1055	0.7059635
2103.65	-553.8661	-607.1051	0.7059808
2103.66	-553.7299	-607.1047	0.7059983
2103.67	-553.5935	-607.1042	0.7060159
2103.68	-553.4571	-607.1038	0.7060337
2103.69	-553.3206	-607.1034	0.7060515
2103.7	-553.184	-607.103	0.7060696
2103.71	-553.0474	-607.1027	0.7060874
2103.72	-552.9107	-607.1023	0.7061051
2103.73	-552.7739	-607.1019	0.7061227
2103.74	-552.6371	-607.1016	0.70614
2103.75	-552.5002	-607.1013	0.706157
2103.76	-552.3632	-607.1009	0.7061735
2103.77	-552.2262	-607.1005	0.7061896
2103.78	-552.0891	-607.1002	0.7062052
2103.79	-551.9519	-607.0998	0.7062206
2103.8	-551.8147	-607.0994	0.706235
2103.81	-551.6774	-607.0991	0.7062486
2103.82	-551.54	-607.0987	0.7062614
2103.83	-551.4026	-607.0983	0.7062734
2103.84	-551.2651	-607.098	0.7062848
2103.85	-551.1275	-607.0977	0.7062945
2103.86	-550.9899	-607.0973	0.7063029
2103.87	-550.8522	-607.0969	0.7063099
2103.88	-550.7144	-607.0966	0.7063156
2103.89	-550.5765	-607.0962	0.70632
2103.9	-550.4386	-607.0958	0.7063233
2103.91	-550.3007	-607.0955	0.7063243
2103.92	-550.1626	-607.0951	0.7063233
2103.93	-550.0245	-607.0947	0.7063205
2103.94	-549.8863	-607.0944	0.7063156
2103.95	-549.748	-607.094	0.7063085
2103.96	-549.6097	-607.0936	0.7062991
2103.97	-549.4714	-607.0932	0.7062874
2103.98	-549.3329	-607.0927	0.7062738
2103.99	-549.1944	-607.0923	0.7062581
2104	-549.0558	-607.0919	0.7062402
2104.01	-548.9172	-607.0914	0.7062203
2104.02	-548.7785	-607.091	0.7061982
2104.03	-548.6397	-607.0906	0.7061741
2104.04	-548.5009	-607.0901	0.7061483
2104.05	-548.3619	-607.0897	0.7061206
2104.06	-548.223	-607.0892	0.7060912
2104.07	-548.0839	-607.0888	0.7060601
2104.08	-547.9448	-607.0883	0.7060274
2104.09	-547.8057	-607.0878	0.7059932
2104.1	-547.6664	-607.0873	0.7059578
2104.11	-547.5272	-607.0868	0.7059213
2104.12	-547.3878	-607.0863	0.7058837
2104.13	-547.2483	-607.0858	0.7058451
2104.14	-547.1088	-607.0853	0.7058055
2104.15	-546.9692	-607.0848	0.7057656
2104.16	-546.8295	-607.0842	0.7057254
2104.17	-546.6898	-607.0837	0.7056849
2104.18	-546.55	-607.0831	0.7056441
2104.19	-546.4102	-607.0825	0.705603
2104.2	-546.2703	-607.082	0.7055627
2104.21	-546.1304	-607.0814	0.7055229
2104.22	-545.9904	-607.0808	0.7054837
2104.23	-545.8502	-607.0803	0.7054451
2104.24	-545.71	-607.0797	0.705407
2104.25	-545.5698	-607.079	0.7053702
2104.26	-545.4295	-607.0784	0.7053348
2104.27	-545.2891	-607.0778	0.7053006
2104.28	-545.1487	-607.0772	0.7052676
2104.29	-545.0082	-607.0766	0.7052357
2104.3	-544.8676	-607.0759	0.7052051
2104.31	-544.727	-607.0753	0.7051761
2104.32	-544.5863	-607.0747	0.7051483
2104.33	-544.4456	-607.0741	0.7051219
2104.34	-544.3047	-607.0735	0.7050966
2104.35	-544.1639	-607.0728	0.7050727
2104.36	-544.0229	-607.0721	0.7050502
2104.37	-543.882	-607.0714	0.705029
2104.38	-543.7408	-607.0707	0.705009
2104.39	-543.5997	-607.0701	0.7049903
2104.4	-543.4584	-607.0694	0.7049726
2104.41	-543.3171	-607.0687	0.7049562
2104.42	-543.1758	-607.0681	0.7049409
2104.43	-543.0344	-607.0674	0.7049268
2104.44	-542.8929	-607.0667	0.7049137
2104.45	-542.7513	-607.0659	0.7049017
2104.46	-542.6097	-607.0652	0.7048907
2104.47	-542.4681	-607.0645	0.7048805
2104.48	-542.3264	-607.0637	0.7048714
2104.49	-542.1846	-607.063	0.7048631
2104.5	-542.0427	-607.0623	0.7048556
2104.51	-541.9008	-607.0615	0.7048489
2104.52	-541.7589	-607.0608	0.704843
2104.53	-541.6168	-607.0601	0.7048379
2104.54	-541.4746	-607.0593	0.7048334
2104.55	-541.3325	-607.0586	0.7048296
2104.56	-541.1902	-607.0578	0.7048265
2104.57	-541.0479	-607.057	0.704824
2104.58	-540.9055	-607.0562	0.7048221
2104.59	-540.763	-607.0554	0.7048209
2104.6	-540.6205	-607.0546	0.7048203
2104.61	-540.4779	-607.0538	0.7048206
2104.62	-540.3353	-607.053	0.7048215
2104.63	-540.1926	-607.0522	0.7048231
2104.64	-540.0498	-607.0515	0.7048253
2104.65	-539.907	-607.0507	0.7048282
2104.66	-539.7641	-607.0499	0.7048321
2104.67	-539.6212	-607.0491	0.704837
2104.68	-539.4781	-607.0483	0.7048429
2104.69	-539.335	-607.0475	0.7048496
2104.7	-539.1919	-607.0467	0.7048576
2104.71	-539.0487	-607.0459	0.7048668
2104.72	-538.9055	-607.0451	0.7048771
2104.73	-538.7621	-607.0443	0.7048885
2104.74	-538.6187	-607.0435	0.704901
2104.75	-538.4752	-607.0427	0.7049146
2104.76	-538.3317	-607.042	0.7049295
2104.77	-538.188	-607.0412	0.7049456
2104.78	-538.0444	-607.0404	0.7049627
2104.79	-537.9006	-607.0396	0.704981
2104.8	-537.7568	-607.0388	0.7050002
2104.81	-537.613	-607.038	0.7050204
2104.82	-537.4691	-607.0372	0.7050415
2104.83	-537.3251	-607.0364	0.7050636
2104.84	-537.181	-607.0357	0.7050866
2104.85	-537.0369	-607.0349	0.7051103
2104.86	-536.8928	-607.0341	0.7051349
2104.87	-536.7485	-607.0333	0.7051601
2104.88	-536.6042	-607.0326	0.7051861
2104.89	-536.4599	-607.0319	0.7052128
2104.9	-536.3154	-607.0312	0.7052401
2104.91	-536.1709	-607.0305	0.7052681
2104.92	-536.0264	-607.0297	0.7052966
2104.93	-535.8818	-607.029	0.7053257
2104.94	-535.7371	-607.0283	0.7053553
2104.95	-535.5923	-607.0276	0.7053856
2104.96	-535.4476	-607.0269	0.7054162
2104.97	-535.3027	-607.0261	0.7054474
2104.98	-535.1578	-607.0254	0.705479
2104.99	-535.0128	-607.0247	0.705511
2105	-534.8677	-607.0241	0.7055435
2105.01	-534.7227	-607.0234	0.7055764
2105.02	-534.5775	-607.0228	0.7056097
2105.03	-534.4322	-607.0221	0.7056433
2105.04	-534.2869	-607.0215	0.7056773
2105.05	-534.1415	-607.0208	0.7057116
2105.06	-533.9961	-607.0201	0.7057462
2105.07	-533.8506	-607.0195	0.7057811
2105.08	-533.705	-607.0189	0.7058164
2105.09	-533.5594	-607.0184	0.7058519
2105.1	-533.4137	-607.0178	0.7058877
2105.11	-533.2679	-607.0172	0.7059237
2105.12	-533.1221	-607.0165	0.70596
2105.13	-532.9763	-607.0161	0.7059966
2105.14	-532.8303	-607.0155	0.7060334
2105.15	-532.6843	-607.015	0.7060704
2105.16	-532.5383	-607.0144	0.7061076
2105.17	-532.3922	-607.0139	0.706145
2105.18	-532.246	-607.0134	0.7061827
2105.19	-532.0997	-607.0129	0.7062205
2105.2	-531.9534	-607.0124	0.7062585
2105.21	-531.8071	-607.012	0.7062967
2105.22	-531.6606	-607.0115	0.706335
2105.23	-531.5142	-607.011	0.7063735
2105.24	-531.3676	-607.0106	0.7064121
2105.25	-531.221	-607.0102	0.7064509
2105.26	-531.0743	-607.0098	0.7064898
2105.27	-530.9276	-607.0093	0.7065288
2105.28	-530.7808	-607.0089	0.7065681
2105.29	-530.6339	-607.0086	0.7066073
2105.3	-530.487	-607.0082	0.7066467
2105.31	-530.34	-607.0079	0.7066863
2105.32	-530.193	-607.0075	0.7067259
2105.33	-530.0458	-607.0072	0.7067657
2105.34	-529.8986	-607.0069	0.7068055
2105.35	-529.7514	-607.0066	0.7068454
2105.36	-529.6041	-607.0063	0.7068855
2105.37	-529.4567	-607.006	0.7069256
2105.38	-529.3093	-607.0058	0.7069657
2105.39	-529.1617	-607.0056	0.707006
2105.4	-529.0142	-607.0054	0.7070463
2105.41	-528.8666	-607.0051	0.7070867
2105.42	-528.7189	-607.0049	0.7071272
2105.43	-528.5712	-607.0047	0.7071678
2105.44	-528.4233	-607.0046	0.7072085
2105.45	-528.2755	-607.0044	0.7072491
2105.46	-528.1276	-607.0042	0.7072898
2105.47	-527.9796	-607.0041	0.7073306
2105.48	-527.8315	-607.004	0.7073715
2105.49	-527.6833	-607.0039	0.7074125
2105.5	-527.5352	-607.0038	0.7074534
2105.51	-527.387	-607.0038	0.7074944
2105.52	-527.2388	-607.0037	0.7075355
2105.53	-527.0905	-607.0037	0.7075766
2105.54	-526.9421	-607.0036	0.7076178
2105.55	-526.7937	-607.0037	0.7076591
2105.56	-526.6453	-607.0037	0.7077004
2105.57	-526.4968	-607.0037	0.7077417
2105.58	-526.3482	-607.0037	0.7077831
2105.59	-526.1996	-607.0038	0.7078246
2105.6	-526.0511	-607.0038	0.7078661
2105.61	-525.9025	-607.0039	0.7079076
2105.62	-525.7539	-607.004	0.7079492
2105.63	-525.6053	-607.0042	0.7079908
2105.64	-525.4567	-607.0043	0.7080325
2105.65	-525.3081	-607.0044	0.7080743
2105.66	-525.1595	-607.0046	0.7081162
2105.67	-525.011	-607.0048	0.7081581
2105.68	-524.8624	-607.005	0.7082001
2105.69	-524.7139	-607.0052	0.7082422
2105.7	-524.5654	-607.0055	0.7082843
2105.71	-524.4169	-607.0057	0.7083265
2105.72	-524.2684	-607.006	0.7083688
2105.73	-524.1199	-607.0063	0.7084112
2105.74	-523.9714	-607.0066	0.7084535
2105.75	-523.8229	-607.0069	0.708496
2105.76	-523.6745	-607.0072	0.7085385
2105.77	-523.5261	-607.0076	0.7085811
2105.78	-523.3777	-607.0079	0.7086237
2105.79	-523.2293	-607.0083	0.7086664
2105.8	-523.081	-607.0087	0.7087091
2105.81	-522.9327	-607.0092	0.7087519
2105.82	-522.7844	-607.0096	0.7087947
2105.83	-522.636	-607.01	0.7088375
2105.84	-522.4877	-607.0105	0.7088804
2105.85	-522.3395	-607.011	0.7089233
2105.86	-522.1912	-607.0115	0.7089663
2105.87	-522.043	-607.012	0.7090092
2105.88	-521.8947	-607.0125	0.7090522
2105.89	-521.7465	-607.0131	0.7090953
2105.9	-521.5983	-607.0136	0.7091383
2105.91	-521.4501	-607.0142	0.7091814
2105.92	-521.3019	-607.0148	0.7092245
2105.93	-521.1537	-607.0154	0.7092677
2105.94	-521.0056	-607.0161	0.7093108
2105.95	-520.8575	-607.0167	0.7093539
2105.96	-520.7095	-607.0174	0.7093971
2105.97	-520.5614	-607.0181	0.7094404
2105.98	-520.4133	-607.0188	0.7094836
2105.99	-520.2653	-607.0195	0.7095267
2106	-520.1172	-607.0203	0.7095701
2106.01	-519.9692	-607.0211	0.7096136
2106.02	-519.8212	-607.0218	0.7096572
2106.03	-519.6732	-607.0226	0.7097009
2106.04	-519.5252	-607.0234	0.7097448
2106.05	-519.3773	-607.0242	0.7097889
2106.06	-519.2293	-607.0251	0.7098332
2106.07	-519.0814	-607.0259	0.7098778
2106.08	-518.9335	-607.0269	0.7099225
2106.09	-518.7856	-607.0278	0.7099674
2106.1	-518.6378	-607.0287	0.7100127
2106.11	-518.4902	-607.0297	0.710058
2106.12	-518.343	-607.0306	0.7101035
2106.13	-518.1961	-607.0316	0.7101492
2106.14	-518.0495	-607.0326	0.7101951
2106.15	-517.9033	-607.0336	0.7102413
2106.16	-517.7573	-607.0345	0.7102878
2106.17	-517.6118	-607.0356	0.7103347
2106.18	-517.4665	-607.0367	0.7103818
2106.19	-517.3215	-607.0377	0.7104291
2106.2	-517.1769	-607.0388	0.7104769
2106.21	-517.0327	-607.04	0.710525
2106.22	-516.8887	-607.0411	0.7105734
2106.23	-516.745	-607.0422	0.7106221
2106.24	-516.6016	-607.0434	0.710671
2106.25	-516.4586	-607.0446	0.7107202
2106.26	-516.3159	-607.0457	0.7107697
2106.27	-516.1735	-607.0469	0.7108195
2106.28	-516.0314	-607.0482	0.7108696
2106.29	-515.8896	-607.0494	0.7109198
2106.3	-515.7482	-607.0507	0.7109702
2106.31	-515.6071	-607.0519	0.7110208
2106.32	-515.4663	-607.0532	0.7110716
2106.33	-515.3258	-607.0546	0.7111226
2106.34	-515.1857	-607.0558	0.7111736
2106.35	-515.0458	-607.0572	0.7112248
2106.36	-514.9063	-607.0586	0.7112761
2106.37	-514.7671	-607.0599	0.7113275
2106.38	-514.6282	-607.0613	0.711379
2106.39	-514.4897	-607.0627	0.7114306
2106.4	-514.3514	-607.0641	0.7114822
2106.41	-514.2136	-607.0656	0.711534
2106.42	-514.076	-607.067	0.7115857
2106.43	-513.9387	-607.0685	0.7116374
2106.44	-513.8018	-607.0699	0.7116892
2106.45	-513.6652	-607.0715	0.711741
2106.46	-513.5289	-607.073	0.7117929
2106.47	-513.3929	-607.0746	0.7118447
2106.48	-513.2572	-607.0761	0.7118966
2106.49	-513.1218	-607.0776	0.7119484
2106.5	-512.9868	-607.0793	0.7120002
2106.51	-512.8521	-607.0809	0.712052
2106.52	-512.7177	-607.0825	0.7121038
2106.53	-512.5836	-607.0841	0.7121555
2106.54	-512.4498	-607.0858	0.7122072
2106.55	-512.3164	-607.0874	0.7122589
2106.56	-512.1833	-607.0891	0.7123104
2106.57	-512.0506	-607.0908	0.7123614
2106.58	-511.9185	-607.0925	0.7124121
2106.59	-511.7865	-607.0942	0.7124663
2106.6	-511.6546	-607.0959	0.7125202
2106.61	-511.5227	-607.0977	0.7125741
2106.62	-511.3908	-607.0995	0.7126278
2106.63	-511.2589	-607.1013	0.7126813
2106.64	-511.1271	-607.1031	0.7127348
2106.65	-510.9952	-607.105	0.7127879
2106.66	-510.8634	-607.1069	0.712841
2106.67	-510.7316	-607.1088	0.7128939
2106.68	-510.5998	-607.1107	0.7129465
2106.69	-510.468	-607.1126	0.712999
2106.7	-510.3362	-607.1146	0.7130514
2106.71	-510.2044	-607.1166	0.7131036
2106.72	-510.0727	-607.1185	0.7131556
2106.73	-509.9409	-607.1206	0.7132074
2106.74	-509.8092	-607.1226	0.7132592
2106.75	-509.6776	-607.1246	0.7133108
2106.76	-509.5459	-607.1267	0.7133622
2106.77	-509.4142	-607.1288	0.7134135
2106.78	-509.2826	-607.1309	0.7134647
2106.79	-509.1509	-607.133	0.7135158
2106.8	-509.0193	-607.1351	0.7135668
2106.81	-508.8877	-607.1373	0.7136176
2106.82	-508.756	-607.1395	0.7136684
2106.83	-508.6244	-607.1417	0.7137191
2106.84	-508.4927	-607.1439	0.7137697
2106.85	-508.3611	-607.1461	0.7138202
2106.86	-508.2294	-607.1484	0.7138705
2106.87	-508.0977	-607.1506	0.7139209
2106.88	-507.9659	-607.153	0.7139711
2106.89	-507.8341	-607.1553	0.7140212
2106.9	-507.7024	-607.1576	0.7140712
2106.91	-507.5705	-607.16	0.7141211
2106.92	-507.4387	-607.1624	0.7141708
2106.93	-507.3067	-607.1647	0.7142203
2106.94	-507.1747	-607.1672	0.7142697
2106.95	-507.0427	-607.1696	0.7143189
2106.96	-506.9106	-607.1721	0.7143678
2106.97	-506.7785	-607.1746	0.7144164
2106.98	-506.6463	-607.1771	0.7144649
2106.99	-506.514	-607.1796	0.7145132
2107	-506.3817	-607.1821	0.714561
2107.01	-506.2494	-607.1847	0.7146087
2107.02	-506.117	-607.1873	0.7146561
2107.03	-505.9845	-607.1899	0.7147032
2107.04	-505.8519	-607.1925	0.7147501
2107.05	-505.7193	-607.1951	0.7147966
2107.06	-505.5866	-607.1978	0.7148427
2107.07	-505.4539	-607.2005	0.7148883
2107.08	-505.3211	-607.2032	0.7149335
2107.09	-505.1882	-607.2059	0.7149782
2107.1	-505.0553	-607.2087	0.7150223
2107.11	-504.9224	-607.2114	0.7150656
2107.12	-504.7893	-607.2142	0.7151083
2107.13	-504.6562	-607.217	0.7151504
2107.14	-504.523	-607.2198	0.715192
2107.15	-504.3898	-607.2226	0.7152326
2107.16	-504.2565	-607.2254	0.7152722
2107.17	-504.1231	-607.2283	0.7153111
2107.18	-503.9897	-607.2312	0.715349
2107.19	-503.8561	-607.2341	0.7153863
2107.2	-503.7226	-607.2369	0.7154223
2107.21	-503.5889	-607.2399	0.7154571
2107.22	-503.4552	-607.2429	0.7154909
2107.23	-503.3214	-607.2458	0.7155237
2107.24	-503.1876	-607.2487	0.7155554
2107.25	-503.0537	-607.2518	0.7155859
2107.26	-502.9197	-607.2548	0.7156151
2107.27	-502.7857	-607.2578	0.7156432
2107.28	-502.6516	-607.2607	0.7156701
2107.29	-502.5174	-607.2638	0.7156961
2107.3	-502.3832	-607.2668	0.7157208
2107.31	-502.2489	-607.27	0.7157445
2107.32	-502.1145	-607.273	0.7157671
2107.33	-501.9801	-607.2761	0.7157887
2107.34	-501.8456	-607.2792	0.7158094
2107.35	-501.711	-607.2823	0.7158293
2107.36	-501.5764	-607.2854	0.7158483
2107.37	-501.4417	-607.2885	0.7158663
2107.38	-501.3069	-607.2917	0.7158837
2107.39	-501.172	-607.2949	0.7159004
2107.4	-501.0371	-607.298	0.7159163
2107.41	-500.9021	-607.3012	0.7159316
2107.42	-500.767	-607.3044	0.7159463
2107.43	-500.6319	-607.3076	0.7159603
2107.44	-500.4967	-607.3108	0.7159738
2107.45	-500.3615	-607.314	0.7159868
2107.46	-500.2261	-607.3173	0.7159992
2107.47	-500.0907	-607.3205	0.7160112
2107.48	-499.9553	-607.3238	0.7160227
2107.49	-499.8197	-607.327	0.7160338
2107.5	-499.6841	-607.3303	0.7160445
2107.51	-499.5484	-607.3336	0.7160547
2107.52	-499.4127	-607.3369	0.7160646
2107.53	-499.2769	-607.3402	0.7160742
2107.54	-499.141	-607.3435	0.7160834
2107.55	-499.0051	-607.3468	0.7160923
2107.56	-498.869	-607.3502	0.7161009
2107.57	-498.733	-607.3535	0.7161092
2107.58	-498.5968	-607.3569	0.7161173
2107.59	-498.4606	-607.3602	0.7161251
2107.6	-498.3243	-607.3636	0.7161326
2107.61	-498.1879	-607.3669	0.7161399
2107.62	-498.0515	-607.3703	0.7161469
2107.63	-497.915	-607.3737	0.7161539
2107.64	-497.7784	-607.3771	0.7161605
2107.65	-497.6418	-607.3806	0.7161669
2107.66	-497.5051	-607.384	0.7161731
2107.67	-497.3683	-607.3875	0.716179
2107.68	-497.2315	-607.3909	0.7161846
2107.69	-497.0945	-607.3943	0.71619
2107.7	-496.9576	-607.3977	0.7161951
2107.71	-496.8205	-607.4011	0.7161997
2107.72	-496.6834	-607.4046	0.716204
2107.73	-496.5462	-607.4081	0.7162079
2107.74	-496.4089	-607.4116	0.7162115
2107.75	-496.2716	-607.415	0.7162148
2107.76	-496.1342	-607.4185	0.7162172
2107.77	-495.9967	-607.422	0.7162187
2107.78	-495.8592	-607.4255	0.7162192
2107.79	-495.7215	-607.429	0.7162191
2107.8	-495.5839	-607.4324	0.7162177
2107.81	-495.4461	-607.4359	0.7162152
2107.82	-495.3083	-607.4394	0.7162116
2107.83	-495.1704	-607.4429	0.7162069
2107.84	-495.0325	-607.4464	0.7162013
2107.85	-494.8945	-607.4498	0.7161943
2107.86	-494.7564	-607.4533	0.7161859
2107.87	-494.6182	-607.4568	0.7161763
2107.88	-494.48	-607.4602	0.7161654
2107.89	-494.3417	-607.4637	0.7161534
2107.9	-494.2033	-607.4672	0.71614
2107.91	-494.0649	-607.4706	0.7161251
2107.92	-493.9264	-607.4741	0.716109
2107.93	-493.7878	-607.4776	0.7160915
2107.94	-493.6492	-607.4811	0.7160729
2107.95	-493.5105	-607.4846	0.7160531
2107.96	-493.3717	-607.488	0.716032
2107.97	-493.2328	-607.4915	0.7160095
2107.98	-493.0939	-607.4949	0.7159858
2107.99	-492.9549	-607.4984	0.715961
2108	-492.8159	-607.5019	0.715935
2108.01	-492.6768	-607.5054	0.7159081
2108.02	-492.5376	-607.5089	0.71588
2108.03	-492.3983	-607.5123	0.7158509
2108.04	-492.259	-607.5157	0.7158209
2108.05	-492.1196	-607.5192	0.71579
2108.06	-491.9801	-607.5226	0.7157583
2108.07	-491.8406	-607.526	0.7157258
2108.08	-491.701	-607.5294	0.7156926
2108.09	-491.5613	-607.5328	0.7156585
2108.1	-491.4216	-607.5362	0.7156239
2108.11	-491.2818	-607.5396	0.7155884
2108.12	-491.1419	-607.543	0.7155524
2108.13	-491.002	-607.5464	0.7155158
2108.14	-490.862	-607.5498	0.7154785
2108.15	-490.7219	-607.5532	0.7154408
2108.16	-490.5818	-607.5565	0.7154025
2108.17	-490.4416	-607.5598	0.7153637
2108.18	-490.3013	-607.5632	0.7153245
2108.19	-490.1609	-607.5665	0.7152848
2108.2	-490.0206	-607.5698	0.7152446
2108.21	-489.8801	-607.5732	0.7152041
2108.22	-489.7396	-607.5765	0.7151631
2108.23	-489.5989	-607.5798	0.7151217
2108.24	-489.4583	-607.5831	0.71508
2108.25	-489.3175	-607.5864	0.715038
2108.26	-489.1767	-607.5897	0.7149957
2108.27	-489.0359	-607.5929	0.7149529
2108.28	-488.8949	-607.5962	0.71491
2108.29	-488.7539	-607.5994	0.7148667
2108.3	-488.6128	-607.6026	0.7148232
2108.31	-488.4717	-607.6058	0.7147793
2108.32	-488.3305	-607.6091	0.7147353
2108.33	-488.1892	-607.6123	0.714691
2108.34	-488.0478	-607.6154	0.7146465
2108.35	-487.9064	-607.6186	0.7146018
2108.36	-487.765	-607.6218	0.7145568
2108.37	-487.6234	-607.6249	0.7145116
2108.38	-487.4818	-607.6281	0.7144663
2108.39	-487.3401	-607.6312	0.7144209
2108.4	-487.1984	-607.6342	0.7143751
2108.41	-487.0565	-607.6373	0.7143292
2108.42	-486.9147	-607.6404	0.7142832
2108.43	-486.7727	-607.6436	0.714237
2108.44	-486.6307	-607.6465	0.7141907
2108.45	-486.4886	-607.6496	0.7141442
2108.46	-486.3464	-607.6526	0.7140977
2108.47	-486.2042	-607.6556	0.7140509
2108.48	-486.0619	-607.6586	0.714004
2108.49	-485.9196	-607.6616	0.7139571
2108.5	-485.7771	-607.6646	0.71391
2108.51	-485.6346	-607.6675	0.7138627
2108.52	-485.4921	-607.6705	0.7138153
2108.53	-485.3495	-607.6733	0.7137676
2108.54	-485.2068	-607.6763	0.7137198
2108.55	-485.0641	-607.6792	0.7136717
2108.56	-484.9212	-607.682	0.7136232
2108.57	-484.7784	-607.6849	0.7135742
2108.58	-484.6354	-607.6877	0.713525
2108.59	-484.4924	-607.6906	0.7134754
2108.6	-484.3493	-607.6934	0.7134251
2108.61	-484.2062	-607.6962	0.713374
2108.62	-484.063	-607.6989	0.7133223
2108.63	-483.9197	-607.7017	0.7132698
2108.64	-483.7763	-607.7044	0.7132167
2108.65	-483.6329	-607.7071	0.7131623
2108.66	-483.4895	-607.7098	0.7131066
2108.67	-483.3459	-607.7125	0.7130499
2108.68	-483.2023	-607.7151	0.7129919
2108.69	-483.0586	-607.7178	0.7129329
2108.7	-482.9149	-607.7203	0.7128729
2108.71	-482.7711	-607.723	0.7128112
2108.72	-482.6272	-607.7255	0.712748
2108.73	-482.4832	-607.728	0.7126832
2108.74	-482.3392	-607.7306	0.7126171
2108.75	-482.1952	-607.733	0.7125496
2108.76	-482.051	-607.7355	0.7124807
2108.77	-481.9068	-607.7379	0.7124105
2108.78	-481.7626	-607.7404	0.7123391
2108.79	-481.6182	-607.7427	0.7122665
2108.8	-481.4738	-607.7451	0.7121929
2108.81	-481.3294	-607.7474	0.7121182
2108.82	-481.1849	-607.7498	0.7120425
2108.83	-481.0403	-607.7521	0.711966
2108.84	-480.8956	-607.7544	0.7118885
2108.85	-480.7509	-607.7566	0.7118103
2108.86	-480.6061	-607.7589	0.7117314
2108.87	-480.4613	-607.761	0.7116519
2108.88	-480.3163	-607.7632	0.7115716
2108.89	-480.1714	-607.7653	0.7114908
2108.9	-480.0263	-607.7675	0.7114097
2108.91	-479.8812	-607.7695	0.7113284
2108.92	-479.7361	-607.7716	0.7112469
2108.93	-479.5908	-607.7736	0.7111652
2108.94	-479.4455	-607.7756	0.7110834
2108.95	-479.3001	-607.7776	0.7110021
2108.96	-479.1547	-607.7795	0.7109213
2108.97	-479.0092	-607.7815	0.7108409
2108.98	-478.8636	-607.7834	0.7107611
2108.99	-478.718	-607.7853	0.7106817
2109	-478.5724	-607.7871	0.7106037
2109.01	-478.4266	-607.789	0.7105269
2109.02	-478.2808	-607.7908	0.7104514
2109.03	-478.1349	-607.7926	0.710377
2109.04	-477.989	-607.7943	0.7103037
2109.05	-477.843	-607.7961	0.7102321
2109.06	-477.6969	-607.7978	0.710162
2109.07	-477.5508	-607.7995	0.7100934
2109.08	-477.4045	-607.8011	0.7100262
2109.09	-477.2583	-607.8029	0.7099603
2109.1	-477.1119	-607.8045	0.7098957
2109.11	-476.9655	-607.8061	0.7098323
2109.12	-476.819	-607.8077	0.7097703
2109.13	-476.6725	-607.8092	0.7097095
2109.14	-476.5259	-607.8108	0.7096499
2109.15	-476.3793	-607.8123	0.7095914
2109.16	-476.2326	-607.8138	0.7095341
2109.17	-476.0858	-607.8152	0.7094778
2109.18	-475.9389	-607.8167	0.7094225
2109.19	-475.792	-607.8181	0.7093681
2109.2	-475.6451	-607.8195	0.7093146
2109.21	-475.498	-607.8209	0.7092621
2109.22	-475.351	-607.8222	0.7092105
2109.23	-475.2038	-607.8235	0.7091596
2109.24	-475.0565	-607.8248	0.7091095
2109.25	-474.9093	-607.8261	0.7090603
2109.26	-474.7619	-607.8274	0.7090119
2109.27	-474.6145	-607.8286	0.7089642
2109.28	-474.467	-607.8298	0.7089174
2109.29	-474.3195	-607.8311	0.7088711
2109.3	-474.1719	-607.8322	0.7088255
2109.31	-474.0243	-607.8333	0.7087806
2109.32	-473.8765	-607.8345	0.7087363
2109.33	-473.7287	-607.8356	0.7086925
2109.34	-473.5809	-607.8366	0.7086492
2109.35	-473.433	-607.8377	0.7086065
2109.36	-473.285	-607.8387	0.7085644
2109.37	-473.1369	-607.8397	0.7085227
2109.38	-472.9888	-607.8408	0.7084814
2109.39	-472.8406	-607.8417	0.7084406
2109.4	-472.6924	-607.8427	0.7084002
2109.41	-472.5441	-607.8436	0.7083601
2109.42	-472.3958	-607.8445	0.7083205
2109.43	-472.2473	-607.8455	0.7082813
2109.44	-472.0988	-607.8464	0.7082422
2109.45	-471.9503	-607.8472	0.7082037
2109.46	-471.8017	-607.848	0.7081653
2109.47	-471.653	-607.8489	0.7081274
2109.48	-471.5043	-607.8497	0.7080896
2109.49	-471.3555	-607.8504	0.7080521
2109.5	-471.2066	-607.8512	0.7080148
2109.51	-471.0577	-607.8519	0.7079778
2109.52	-470.9087	-607.8527	0.707941
2109.53	-470.7597	-607.8533	0.7079045
2109.54	-470.6106	-607.854	0.707868
2109.55	-470.4614	-607.8547	0.7078319
2109.56	-470.3122	-607.8553	0.7077959
2109.57	-470.1629	-607.856	0.7077601
2109.58	-470.0135	-607.8566	0.7077244
2109.59	-469.8641	-607.8572	0.7076889
2109.6	-469.7146	-607.8578	0.7076536
2109.61	-469.5651	-607.8583	0.7076184
2109.62	-469.4155	-607.8588	0.7075832
2109.63	-469.2658	-607.8594	0.7075483
2109.64	-469.1161	-607.8599	0.7075135
2109.65	-468.9663	-607.8604	0.7074788
2109.66	-468.8164	-607.8608	0.7074441
2109.67	-468.6665	-607.8613	0.7074096
2109.68	-468.5165	-607.8618	0.7073752
2109.69	-468.3665	-607.8622	0.7073408
2109.7	-468.2164	-607.8625	0.7073067
2109.71	-468.0663	-607.863	0.7072725
2109.72	-467.916	-607.8633	0.7072385
2109.73	-467.7657	-607.8637	0.7072044
2109.74	-467.6154	-607.864	0.7071704
2109.75	-467.465	-607.8644	0.7071366
2109.76	-467.3145	-607.8647	0.7071028
2109.77	-467.164	-607.865	0.707069
2109.78	-467.0134	-607.8653	0.7070352
2109.79	-466.8628	-607.8655	0.7070016
2109.8	-466.7121	-607.8657	0.706968
2109.81	-466.5613	-607.866	0.7069345
2109.82	-466.4105	-607.8662	0.706901
2109.83	-466.2596	-607.8663	0.7068675
2109.84	-466.1086	-607.8665	0.7068341
2109.85	-465.9576	-607.8667	0.7068007
2109.86	-465.8065	-607.8669	0.7067673
2109.87	-465.6554	-607.867	0.706734
2109.88	-465.5042	-607.8671	0.7067007
2109.89	-465.3529	-607.8672	0.7066674
2109.9	-465.2016	-607.8673	0.7066342
2109.91	-465.0502	-607.8674	0.706601
2109.92	-464.8987	-607.8674	0.7065678
2109.93	-464.7472	-607.8674	0.7065346
2109.94	-464.5956	-607.8675	0.7065014
2109.95	-464.444	-607.8675	0.7064683
2109.96	-464.2924	-607.8675	0.7064352
2109.97	-464.1406	-607.8674	0.706402
2109.98	-463.9888	-607.8674	0.7063689
2109.99	-463.8369	-607.8674	0.7063359
2110	-463.685	-607.8673	0.7063028
2110.01	-463.533	-607.8672	0.7062697
2110.02	-463.381	-607.8671	0.7062367
2110.03	-463.2289	-607.867	0.7062036
2110.04	-463.0767	-607.8669	0.7061706
2110.05	-462.9244	-607.8668	0.7061375
2110.06	-462.7721	-607.8666	0.7061045
2110.07	-462.6198	-607.8664	0.7060714
2110.08	-462.4673	-607.8662	0.7060385
2110.09	-462.3148	-607.866	0.7060054
2110.1	-462.1623	-607.8658	0.7059723
2110.11	-462.0097	-607.8655	0.7059393
2110.12	-461.8571	-607.8653	0.7059063
2110.13	-461.7043	-607.8651	0.7058733
2110.14	-461.5515	-607.8648	0.7058402
2110.15	-461.3987	-607.8644	0.7058071
2110.16	-461.2458	-607.8641	0.7057741
2110.17	-461.0929	-607.8638	0.7057411
2110.18	-460.9398	-607.8635	0.7057081
2110.19	-460.7868	-607.8632	0.705675
2110.2	-460.6337	-607.8627	0.7056419
2110.21	-460.4805	-607.8624	0.7056089
2110.22	-460.3272	-607.862	0.7055758
2110.23	-460.1739	-607.8616	0.7055428
2110.24	-460.0205	-607.8611	0.7055097
2110.25	-459.8671	-607.8607	0.7054766
2110.26	-459.7136	-607.8602	0.7054436
2110.27	-459.5601	-607.8598	0.7054105
2110.28	-459.4064	-607.8593	0.7053773
2110.29	-459.2527	-607.8588	0.7053443
2110.3	-459.099	-607.8583	0.7053112
2110.31	-458.9452	-607.8578	0.7052781
2110.32	-458.7914	-607.8572	0.705245
2110.33	-458.6375	-607.8566	0.7052118
2110.34	-458.4835	-607.8561	0.7051786
2110.35	-458.3294	-607.8555	0.7051455
2110.36	-458.1754	-607.8549	0.7051123
2110.37	-458.0212	-607.8543	0.7050792
2110.38	-457.867	-607.8536	0.7050461
2110.39	-457.7127	-607.853	0.7050129
2110.4	-457.5584	-607.8524	0.7049797
2110.41	-457.4041	-607.8517	0.7049465
2110.42	-457.2496	-607.851	0.7049133
2110.43	-457.0951	-607.8503	0.7048801
2110.44	-456.9405	-607.8495	0.7048469
2110.45	-456.7859	-607.8488	0.7048136
2110.46	-456.6313	-607.8481	0.7047803
2110.47	-456.4765	-607.8473	0.704747
2110.48	-456.3217	-607.8465	0.7047138
2110.49	-456.1668	-607.8457	0.7046806
2110.5	-456.0119	-607.8449	0.7046472
2110.51	-455.857	-607.8441	0.704614
2110.52	-455.7019	-607.8432	0.7045805
2110.53	-455.5468	-607.8423	0.7045473
2110.54	-455.3917	-607.8415	0.7045139
2110.55	-455.2365	-607.8406	0.7044806
2110.56	-455.0812	-607.8397	0.7044472
2110.57	-454.9259	-607.8388	0.7044139
2110.58	-454.7705	-607.8379	0.7043805
2110.59	-454.6151	-607.837	0.7043471
2110.6	-454.4596	-607.8361	0.7043137
2110.61	-454.304	-607.835	0.7042803
2110.62	-454.1484	-607.834	0.7042469
2110.63	-453.9927	-607.8331	0.7042134
