2265.37	-646.7258	-607.5159	0.7039453
2265.38	-646.5858	-607.515	0.7039632
2265.39	-646.4457	-607.5142	0.7039834
2265.4	-646.3057	-607.5132	0.704006
2265.41	-646.1657	-607.5124	0.7040308
2265.42	-646.0257	-607.5115	0.7040576
2265.43	-645.8857	-607.5106	0.7040865
2265.44	-645.7458	-607.5096	0.704116
2265.45	-645.6058	-607.5087	0.7041461
2265.46	-645.4659	-607.5079	0.7041768
2265.47	-645.326	-607.507	0.7042081
2265.48	-645.1862	-607.506	0.7042399
2265.49	-645.0463	-607.5051	0.7042705
2265.5	-644.9065	-607.5042	0.7043002
2265.51	-644.7667	-607.5034	0.7043288
2265.52	-644.6268	-607.5024	0.7043566
2265.53	-644.487	-607.5015	0.7043834
2265.54	-644.3472	-607.5005	0.7044079
2265.55	-644.2075	-607.4995	0.7044303
2265.56	-644.0677	-607.4985	0.7044507
2265.57	-643.9279	-607.4976	0.7044692
2265.58	-643.7881	-607.4966	0.7044859
2265.59	-643.6484	-607.4957	0.7045
2265.6	-643.5087	-607.4947	0.7045115
2265.61	-643.369	-607.4937	0.7045208
2265.62	-643.2294	-607.4927	0.7045279
2265.63	-643.0897	-607.4916	0.7045328
2265.64	-642.9501	-607.4906	0.7045358
2265.65	-642.8105	-607.4896	0.704537
2265.66	-642.6709	-607.4885	0.7045366
2265.67	-642.5313	-607.4875	0.7045344
2265.68	-642.3917	-607.4865	0.7045307
2265.69	-642.2522	-607.4854	0.7045262
2265.7	-642.1127	-607.4844	0.7045212
2265.71	-641.9731	-607.4833	0.7045155
2265.72	-641.8336	-607.4823	0.7045092
2265.73	-641.6941	-607.4813	0.7045022
2265.74	-641.5546	-607.4802	0.7044958
2265.75	-641.4152	-607.4792	0.7044896
2265.76	-641.2757	-607.4781	0.7044839
2265.77	-641.1362	-607.4771	0.7044785
2265.78	-640.9968	-607.4761	0.7044734
2265.79	-640.8574	-607.475	0.7044695
2265.8	-640.718	-607.474	0.7044668
2265.81	-640.5786	-607.473	0.7044651
2265.82	-640.4393	-607.4719	0.7044644
2265.83	-640.2999	-607.4709	0.7044647
2265.84	-640.1606	-607.4698	0.7044665
2265.85	-640.0213	-607.4688	0.7044698
2265.86	-639.882	-607.4678	0.7044744
2265.87	-639.7427	-607.4667	0.7044804
2265.88	-639.6035	-607.4657	0.7044876
2265.89	-639.4642	-607.4647	0.704496
2265.9	-639.325	-607.4637	0.7045057
2265.91	-639.1858	-607.4628	0.7045165
2265.92	-639.0466	-607.4618	0.7045285
2265.93	-638.9073	-607.4608	0.7045415
2265.94	-638.7682	-607.4598	0.7045555
2265.95	-638.629	-607.4589	0.7045704
2265.96	-638.4899	-607.4579	0.7045863
2265.97	-638.3507	-607.4569	0.704603
2265.98	-638.2116	-607.456	0.7046206
2265.99	-638.0725	-607.455	0.704639
2266	-637.9334	-607.454	0.7046581
2266.01	-637.7944	-607.4531	0.7046779
2266.02	-637.6553	-607.4521	0.7046983
2266.03	-637.5163	-607.4512	0.7047195
2266.04	-637.3773	-607.4503	0.7047412
2266.05	-637.2383	-607.4493	0.7047637
2266.06	-637.0994	-607.4485	0.7047866
2266.07	-636.9604	-607.4476	0.7048101
2266.08	-636.8214	-607.4467	0.7048342
2266.09	-636.6825	-607.4457	0.7048591
2266.1	-636.5436	-607.4448	0.7048847
2266.11	-636.4047	-607.4439	0.7049112
2266.12	-636.2657	-607.4431	0.7049384
2266.13	-636.1268	-607.4422	0.7049661
2266.14	-635.988	-607.4413	0.7049952
2266.15	-635.8491	-607.4405	0.7050254
2266.16	-635.7103	-607.4396	0.7050568
2266.17	-635.5715	-607.4388	0.7050892
2266.18	-635.4327	-607.438	0.7051226
2266.19	-635.2939	-607.4371	0.7051576
2266.2	-635.1552	-607.4363	0.7051939
2266.21	-635.0164	-607.4356	0.7052315
2266.22	-634.8777	-607.4348	0.7052705
2266.23	-634.739	-607.434	0.7053106
2266.24	-634.6003	-607.4332	0.705352
2266.25	-634.4616	-607.4326	0.7053946
2266.26	-634.3229	-607.4318	0.7054383
2266.27	-634.1843	-607.4311	0.705483
2266.28	-634.0456	-607.4304	0.7055287
2266.29	-633.907	-607.4297	0.7055753
2266.3	-633.7684	-607.429	0.7056227
2266.31	-633.6298	-607.4283	0.7056709
2266.32	-633.4911	-607.4277	0.7057198
2266.33	-633.3526	-607.4271	0.7057694
2266.34	-633.2141	-607.4265	0.7058194
2266.35	-633.0755	-607.4259	0.7058698
2266.36	-632.937	-607.4253	0.7059204
2266.37	-632.7985	-607.4247	0.7059714
2266.38	-632.66	-607.4241	0.7060226
2266.39	-632.5215	-607.4236	0.7060735
2266.4	-632.3831	-607.423	0.7061241
2266.41	-632.2446	-607.4225	0.7061744
2266.42	-632.1062	-607.422	0.7062244
2266.43	-631.9678	-607.4215	0.7062743
2266.44	-631.8294	-607.4211	0.7063229
2266.45	-631.691	-607.4206	0.7063704
2266.46	-631.5527	-607.4201	0.7064168
2266.47	-631.4143	-607.4197	0.7064623
2266.48	-631.2759	-607.4193	0.7065067
2266.49	-631.1376	-607.4188	0.7065493
2266.5	-630.9993	-607.4185	0.7065902
2266.51	-630.861	-607.418	0.7066294
2266.52	-630.7227	-607.4176	0.7066669
2266.53	-630.5845	-607.4172	0.7067029
2266.54	-630.4462	-607.4169	0.7067375
2266.55	-630.308	-607.4165	0.7067698
2266.56	-630.1698	-607.4161	0.7067999
2266.57	-630.0316	-607.4158	0.7068279
2266.58	-629.8934	-607.4154	0.706854
2266.59	-629.7552	-607.415	0.7068781
2266.6	-629.6171	-607.4147	0.7068998
2266.61	-629.479	-607.4144	0.7069193
2266.62	-629.3409	-607.4141	0.7069364
2266.63	-629.2028	-607.4138	0.7069513
2266.64	-629.0647	-607.4135	0.7069638
2266.65	-628.9266	-607.4131	0.7069739
2266.66	-628.7886	-607.4128	0.7069817
2266.67	-628.6505	-607.4125	0.7069873
2266.68	-628.5125	-607.4122	0.7069909
2266.69	-628.3745	-607.4119	0.7069923
2266.7	-628.2365	-607.4116	0.7069916
2266.71	-628.0984	-607.4113	0.706989
2266.72	-627.9605	-607.411	0.7069845
2266.73	-627.8226	-607.4107	0.7069783
2266.74	-627.6846	-607.4105	0.7069703
2266.75	-627.5467	-607.4102	0.7069609
2266.76	-627.4088	-607.41	0.70695
2266.77	-627.2709	-607.4097	0.7069377
2266.78	-627.1331	-607.4095	0.706924
2266.79	-626.9952	-607.4092	0.7069091
2266.8	-626.8574	-607.409	0.7068931
2266.81	-626.7195	-607.4087	0.7068764
2266.82	-626.5817	-607.4084	0.7068588
2266.83	-626.4439	-607.4082	0.7068405
2266.84	-626.3061	-607.408	0.7068213
2266.85	-626.1683	-607.4077	0.7068019
2266.86	-626.0306	-607.4075	0.7067822
2266.87	-625.8928	-607.4072	0.7067622
2266.88	-625.7551	-607.407	0.7067419
2266.89	-625.6174	-607.4067	0.7067217
2266.9	-625.4797	-607.4064	0.7067016
2266.91	-625.342	-607.4062	0.7066817
2266.92	-625.2043	-607.4059	0.7066619
2266.93	-625.0667	-607.4057	0.7066423
2266.94	-624.9291	-607.4055	0.7066227
2266.95	-624.7915	-607.4052	0.7066034
2266.96	-624.6539	-607.405	0.7065846
2266.97	-624.5164	-607.4047	0.7065661
2266.98	-624.3788	-607.4044	0.706548
2266.99	-624.2412	-607.4042	0.7065302
2267	-624.1037	-607.4039	0.7065127
2267.01	-623.9662	-607.4037	0.7064956
2267.02	-623.8287	-607.4034	0.7064788
2267.03	-623.6912	-607.4032	0.7064623
2267.04	-623.5537	-607.403	0.7064461
2267.05	-623.4163	-607.4027	0.7064302
2267.06	-623.2788	-607.4024	0.7064146
2267.07	-623.1414	-607.4022	0.7063992
2267.08	-623.004	-607.4019	0.7063841
2267.09	-622.8666	-607.4017	0.7063692
2267.1	-622.7292	-607.4014	0.7063545
2267.11	-622.5919	-607.4012	0.7063401
2267.12	-622.4545	-607.4009	0.7063258
2267.13	-622.3172	-607.4007	0.7063117
2267.14	-622.1799	-607.4005	0.7062978
2267.15	-622.0426	-607.4002	0.7062841
2267.16	-621.9053	-607.3998	0.7062705
2267.17	-621.7681	-607.3995	0.7062572
2267.18	-621.6308	-607.3992	0.7062439
2267.19	-621.4935	-607.3989	0.7062308
2267.2	-621.3563	-607.3986	0.7062178
2267.21	-621.2191	-607.3983	0.706205
2267.22	-621.0818	-607.398	0.7061924
2267.23	-620.9446	-607.3977	0.7061799
2267.24	-620.8075	-607.3974	0.7061678
2267.25	-620.6703	-607.3971	0.706156
2267.26	-620.5332	-607.3968	0.7061447
2267.27	-620.3961	-607.3965	0.7061336
2267.28	-620.259	-607.3961	0.7061229
2267.29	-620.1219	-607.3958	0.7061127
2267.3	-619.9848	-607.3955	0.7061033
2267.31	-619.8478	-607.3952	0.7060943
2267.32	-619.7108	-607.3949	0.706086
2267.33	-619.5737	-607.3946	0.7060781
2267.34	-619.4368	-607.3943	0.7060711
2267.35	-619.2998	-607.394	0.706065
2267.36	-619.1628	-607.3937	0.7060596
2267.37	-619.0259	-607.3934	0.706055
2267.38	-618.8889	-607.393	0.706051
2267.39	-618.752	-607.3926	0.7060481
2267.4	-618.6151	-607.3923	0.7060462
2267.41	-618.4782	-607.3919	0.7060454
2267.42	-618.3413	-607.3915	0.7060453
2267.43	-618.2044	-607.3912	0.7060462
2267.44	-618.0676	-607.3908	0.7060484
2267.45	-617.9307	-607.3904	0.7060518
2267.46	-617.7939	-607.3901	0.7060565
2267.47	-617.6571	-607.3898	0.7060623
2267.48	-617.5203	-607.3895	0.7060692
2267.49	-617.3835	-607.3892	0.7060773
2267.5	-617.2468	-607.3889	0.7060866
2267.51	-617.11	-607.3886	0.7060971
2267.52	-616.9733	-607.3883	0.7061086
2267.53	-616.8366	-607.388	0.7061212
2267.54	-616.7	-607.3878	0.7061347
2267.55	-616.5633	-607.3875	0.706149
2267.56	-616.4266	-607.3871	0.7061642
2267.57	-616.29	-607.3868	0.7061802
2267.58	-616.1533	-607.3865	0.7061968
2267.59	-616.0167	-607.3862	0.7062141
2267.6	-615.8801	-607.3859	0.7062317
2267.61	-615.7435	-607.3856	0.7062498
2267.62	-615.6069	-607.3853	0.7062683
2267.63	-615.4703	-607.3851	0.7062873
2267.64	-615.3338	-607.3848	0.7063062
2267.65	-615.1973	-607.3845	0.7063252
2267.66	-615.0607	-607.3842	0.7063442
2267.67	-614.9243	-607.3839	0.7063632
2267.68	-614.7878	-607.3835	0.7063823
2267.69	-614.6513	-607.3832	0.7064009
2267.7	-614.5149	-607.3829	0.7064192
2267.71	-614.3785	-607.3827	0.7064372
2267.72	-614.2421	-607.3824	0.7064548
2267.73	-614.1057	-607.3821	0.706472
2267.74	-613.9693	-607.3818	0.7064885
2267.75	-613.8329	-607.3816	0.7065043
2267.76	-613.6966	-607.3813	0.7065195
2267.77	-613.5602	-607.3811	0.706534
2267.78	-613.4239	-607.3809	0.7065479
2267.79	-613.2875	-607.3806	0.7065612
2267.8	-613.1512	-607.3804	0.7065735
2267.81	-613.015	-607.3802	0.7065847
2267.82	-612.8787	-607.3799	0.7065949
2267.83	-612.7424	-607.3797	0.7066043
2267.84	-612.6061	-607.3795	0.7066121
2267.85	-612.4699	-607.3792	0.7066186
2267.86	-612.3337	-607.379	0.7066239
2267.87	-612.1975	-607.3787	0.7066278
2267.88	-612.0613	-607.3785	0.7066305
2267.89	-611.9252	-607.3782	0.7066314
2267.9	-611.7891	-607.378	0.7066303
2267.91	-611.653	-607.3777	0.7066276
2267.92	-611.5168	-607.3775	0.7066231
2267.93	-611.3807	-607.3773	0.7066171
2267.94	-611.2447	-607.377	0.7066088
2267.95	-611.1086	-607.3767	0.7065984
2267.96	-610.9726	-607.3764	0.7065859
2267.97	-610.8365	-607.376	0.7065716
2267.98	-610.7005	-607.3757	0.7065554
2267.99	-610.5645	-607.3754	0.7065375
2268	-610.4285	-607.3751	0.7065173
2268.01	-610.2925	-607.3748	0.706495
2268.02	-610.1565	-607.3745	0.7064707
2268.03	-610.0206	-607.3742	0.7064443
2268.04	-609.8846	-607.3738	0.7064162
2268.05	-609.7487	-607.3735	0.706386
2268.06	-609.6129	-607.3732	0.7063538
2268.07	-609.477	-607.3728	0.7063198
2268.08	-609.3411	-607.3724	0.706284
2268.09	-609.2053	-607.372	0.7062464
2268.1	-609.0695	-607.3716	0.7062072
2268.11	-608.9337	-607.3713	0.7061663
2268.12	-608.7979	-607.3708	0.706124
2268.13	-608.662	-607.3704	0.7060802
2268.14	-608.5262	-607.37	0.7060351
2268.15	-608.3905	-607.3696	0.7059887
2268.16	-608.2548	-607.3691	0.7059411
2268.17	-608.119	-607.3687	0.7058925
2268.18	-607.9833	-607.3682	0.7058427
2268.19	-607.8476	-607.3677	0.7057921
2268.2	-607.7119	-607.3672	0.705741
2268.21	-607.5762	-607.3667	0.705689
2268.22	-607.4406	-607.3661	0.7056364
2268.23	-607.3049	-607.3657	0.7055833
2268.24	-607.1693	-607.3651	0.7055295
2268.25	-607.0337	-607.3645	0.7054759
2268.26	-606.8981	-607.364	0.7054225
2268.27	-606.7626	-607.3633	0.7053694
2268.28	-606.627	-607.3628	0.7053165
2268.29	-606.4915	-607.3622	0.7052638
2268.3	-606.356	-607.3616	0.7052128
2268.31	-606.2205	-607.361	0.7051633
2268.32	-606.085	-607.3604	0.7051154
2268.33	-605.9495	-607.3597	0.7050689
2268.34	-605.814	-607.3591	0.7050247
2268.35	-605.6786	-607.3585	0.7049829
2268.36	-605.5432	-607.3578	0.7049431
2268.37	-605.4077	-607.3571	0.7049054
2268.38	-605.2723	-607.3564	0.7048696
2268.39	-605.1369	-607.3558	0.7048367
2268.4	-605.0015	-607.3551	0.7048061
2268.41	-604.8661	-607.3544	0.7047781
2268.42	-604.7308	-607.3537	0.7047523
2268.43	-604.5955	-607.353	0.7047288
2268.44	-604.4601	-607.3524	0.7047076
2268.45	-604.3248	-607.3517	0.7046887
2268.46	-604.1896	-607.351	0.704672
2268.47	-604.0543	-607.3503	0.7046573
2268.48	-603.9191	-607.3495	0.7046445
2268.49	-603.7839	-607.3488	0.7046336
2268.5	-603.6487	-607.3481	0.7046245
2268.51	-603.5135	-607.3474	0.704617
2268.52	-603.3783	-607.3466	0.7046111
2268.53	-603.2431	-607.3458	0.7046068
2268.54	-603.108	-607.3451	0.7046039
2268.55	-602.9728	-607.3444	0.7046024
2268.56	-602.8377	-607.3436	0.7046022
2268.57	-602.7026	-607.3429	0.7046032
2268.58	-602.5674	-607.3422	0.7046054
2268.59	-602.4324	-607.3414	0.7046086
2268.6	-602.2973	-607.3406	0.7046127
2268.61	-602.1622	-607.3398	0.7046178
2268.62	-602.0272	-607.3391	0.7046237
2268.63	-601.8922	-607.3383	0.7046305
2268.64	-601.7572	-607.3375	0.7046373
2268.65	-601.6222	-607.3367	0.7046441
2268.66	-601.4872	-607.3359	0.7046509
2268.67	-601.3523	-607.3351	0.7046579
2268.68	-601.2173	-607.3343	0.7046648
2268.69	-601.0825	-607.3335	0.7046705
2268.7	-600.9476	-607.3327	0.7046752
2268.71	-600.8127	-607.3318	0.7046788
2268.72	-600.6778	-607.331	0.7046813
2268.73	-600.5429	-607.3301	0.704683
2268.74	-600.4081	-607.3293	0.7046825
2268.75	-600.2733	-607.3284	0.7046799
2268.76	-600.1384	-607.3276	0.7046756
2268.77	-600.0036	-607.3267	0.7046693
2268.78	-599.8688	-607.3259	0.7046613
2268.79	-599.734	-607.325	0.7046512
2268.8	-599.5992	-607.324	0.7046391
2268.81	-599.4645	-607.3231	0.7046251
2268.82	-599.3298	-607.3221	0.7046092
2268.83	-599.1951	-607.3212	0.7045917
2268.84	-599.0604	-607.3203	0.7045727
2268.85	-598.9257	-607.3194	0.7045524
2268.86	-598.7911	-607.3184	0.7045308
2268.87	-598.6564	-607.3174	0.704508
2268.88	-598.5218	-607.3165	0.7044841
2268.89	-598.3872	-607.3154	0.7044598
2268.9	-598.2526	-607.3145	0.7044352
2268.91	-598.118	-607.3135	0.7044102
2268.92	-597.9835	-607.3125	0.7043849
2268.93	-597.8489	-607.3115	0.7043592
2268.94	-597.7144	-607.3105	0.7043342
2268.95	-597.5798	-607.3095	0.7043096
2268.96	-597.4453	-607.3085	0.7042855
2268.97	-597.3108	-607.3074	0.7042619
2268.98	-597.1763	-607.3064	0.7042388
2268.99	-597.0418	-607.3054	0.7042161
2269	-596.9073	-607.3043	0.7041945
2269.01	-596.7729	-607.3033	0.704174
2269.02	-596.6385	-607.3022	0.7041548
2269.03	-596.5041	-607.3011	0.7041366
2269.04	-596.3697	-607.3001	0.7041192
2269.05	-596.2354	-607.2991	0.7041035
2269.06	-596.101	-607.298	0.7040895
2269.07	-595.9667	-607.297	0.7040768
2269.08	-595.8323	-607.296	0.7040656
2269.09	-595.6981	-607.2949	0.704056
2269.1	-595.5638	-607.2939	0.704048
2269.11	-595.4295	-607.2928	0.7040416
2269.12	-595.2952	-607.2918	0.7040365
2269.13	-595.1609	-607.2908	0.7040328
2269.14	-595.0267	-607.2897	0.7040305
2269.15	-594.8925	-607.2887	0.7040296
2269.16	-594.7583	-607.2877	0.7040299
2269.17	-594.6241	-607.2866	0.7040314
2269.18	-594.4899	-607.2856	0.7040341
2269.19	-594.3557	-607.2845	0.7040379
2269.2	-594.2216	-607.2835	0.7040428
2269.21	-594.0874	-607.2825	0.7040486
2269.22	-593.9533	-607.2814	0.7040554
2269.23	-593.8192	-607.2804	0.7040631
2269.24	-593.6851	-607.2794	0.7040716
2269.25	-593.5511	-607.2783	0.7040808
2269.26	-593.4171	-607.2773	0.7040904
2269.27	-593.283	-607.2762	0.7041005
2269.28	-593.149	-607.2752	0.7041112
2269.29	-593.015	-607.2742	0.7041222
2269.3	-592.881	-607.2731	0.7041333
2269.31	-592.747	-607.2721	0.7041441
2269.32	-592.613	-607.2711	0.7041548
2269.33	-592.4791	-607.2701	0.7041653
2269.34	-592.3452	-607.269	0.7041749
2269.35	-592.2112	-607.2679	0.7041836
2269.36	-592.0773	-607.2668	0.7041913
2269.37	-591.9434	-607.2657	0.7041982
2269.38	-591.8095	-607.2646	0.7042043
2269.39	-591.6757	-607.2635	0.7042085
2269.4	-591.5418	-607.2624	0.7042109
2269.41	-591.408	-607.2613	0.7042117
2269.42	-591.2742	-607.2602	0.7042108
2269.43	-591.1404	-607.2591	0.7042084
2269.44	-591.0066	-607.258	0.7042038
2269.45	-590.8729	-607.2569	0.704197
2269.46	-590.7391	-607.2558	0.704188
2269.47	-590.6054	-607.2547	0.7041772
2269.48	-590.4717	-607.2535	0.7041644
2269.49	-590.338	-607.2523	0.7041497
2269.5	-590.2043	-607.2512	0.7041333
2269.51	-590.0707	-607.25	0.704115
2269.52	-589.937	-607.2488	0.7040952
2269.53	-589.8033	-607.2477	0.7040737
2269.54	-589.6697	-607.2465	0.7040513
2269.55	-589.5361	-607.2454	0.7040278
2269.56	-589.4025	-607.2441	0.7040035
2269.57	-589.2689	-607.243	0.7039783
2269.58	-589.1353	-607.2418	0.7039522
2269.59	-589.0018	-607.2405	0.7039266
2269.6	-588.8682	-607.2393	0.7039012
2269.61	-588.7347	-607.2381	0.703876
2269.62	-588.6012	-607.2368	0.7038512
2269.63	-588.4677	-607.2356	0.7038266
2269.64	-588.3342	-607.2344	0.7038036
2269.65	-588.2008	-607.2332	0.703782
2269.66	-588.0674	-607.2319	0.7037616
2269.67	-587.934	-607.2307	0.7037426
2269.68	-587.8005	-607.2295	0.7037247
2269.69	-587.6672	-607.2283	0.7037092
2269.7	-587.5338	-607.227	0.7036958
2269.71	-587.4005	-607.2258	0.7036845
2269.72	-587.2671	-607.2245	0.7036751
2269.73	-587.1337	-607.2233	0.7036676
2269.74	-587.0004	-607.2221	0.7036618
2269.75	-586.8671	-607.2209	0.7036584
2269.76	-586.7338	-607.2197	0.703657
2269.77	-586.6005	-607.2184	0.7036577
2269.78	-586.4672	-607.2172	0.7036602
2269.79	-586.3339	-607.216	0.7036647
2269.8	-586.2007	-607.2148	0.7036709
2269.81	-586.0674	-607.2136	0.7036788
2269.82	-585.9343	-607.2123	0.7036883
2269.83	-585.8011	-607.2111	0.7036992
2269.84	-585.6679	-607.21	0.7037114
2269.85	-585.5347	-607.2089	0.7037246
2269.86	-585.4016	-607.2077	0.7037389
2269.87	-585.2684	-607.2065	0.703754
2269.88	-585.1352	-607.2054	0.7037702
2269.89	-585.002	-607.2042	0.7037871
2269.9	-584.8689	-607.2031	0.7038046
2269.91	-584.7357	-607.2019	0.7038226
2269.92	-584.6025	-607.2007	0.703841
2269.93	-584.4693	-607.1996	0.7038599
2269.94	-584.3361	-607.1985	0.7038788
2269.95	-584.2028	-607.1973	0.7038978
2269.96	-584.0695	-607.1962	0.7039168
2269.97	-583.9362	-607.195	0.7039359
2269.98	-583.8029	-607.1938	0.703955
2269.99	-583.6695	-607.1927	0.7039737
2270	-583.5361	-607.1915	0.7039919
2270.01	-583.4026	-607.1904	0.7040098
2270.02	-583.2692	-607.1893	0.7040273
2270.03	-583.1356	-607.1881	0.7040444
2270.04	-583.0021	-607.187	0.7040606
2270.05	-582.8685	-607.1858	0.704076
2270.06	-582.7349	-607.1846	0.7040905
2270.07	-582.6012	-607.1835	0.7041042
2270.08	-582.4675	-607.1823	0.7041172
2270.09	-582.3337	-607.1812	0.7041295
2270.1	-582.1999	-607.18	0.7041407
2270.11	-582.066	-607.1788	0.7041506
2270.12	-581.9321	-607.1777	0.7041593
2270.13	-581.7982	-607.1766	0.7041671
2270.14	-581.6641	-607.1754	0.7041739
2270.15	-581.5301	-607.1743	0.7041793
2270.16	-581.396	-607.1731	0.7041833
2270.17	-581.2618	-607.1719	0.7041862
2270.18	-581.1276	-607.1708	0.7041879
2270.19	-580.9934	-607.1696	0.7041882
2270.2	-580.8591	-607.1685	0.7041873
2270.21	-580.7248	-607.1673	0.7041852
2270.22	-580.5904	-607.1661	0.7041818
2270.23	-580.4559	-607.165	0.7041774
2270.24	-580.3214	-607.1638	0.7041719
2270.25	-580.1868	-607.1627	0.7041654
2270.26	-580.0522	-607.1614	0.7041579
2270.27	-579.9175	-607.1603	0.7041495
2270.28	-579.7827	-607.1591	0.7041401
2270.29	-579.6479	-607.158	0.7041299
2270.3	-579.5131	-607.1568	0.7041189
2270.31	-579.3782	-607.1556	0.7041072
2270.32	-579.2433	-607.1545	0.7040947
2270.33	-579.1083	-607.1533	0.7040815
2270.34	-578.9732	-607.152	0.7040676
2270.35	-578.8381	-607.1508	0.7040532
2270.36	-578.703	-607.1496	0.7040381
2270.37	-578.5678	-607.1484	0.7040224
2270.38	-578.4326	-607.1471	0.7040062
2270.39	-578.2972	-607.1459	0.7039896
2270.4	-578.1619	-607.1447	0.7039725
2270.41	-578.0264	-607.1434	0.7039551
2270.42	-577.8909	-607.1422	0.7039374
2270.43	-577.7554	-607.141	0.7039192
2270.44	-577.6198	-607.1398	0.7039011
2270.45	-577.4842	-607.1385	0.7038833
2270.46	-577.3485	-607.1373	0.7038655
2270.47	-577.2128	-607.136	0.7038478
2270.48	-577.077	-607.1348	0.7038302
2270.49	-576.9411	-607.1336	0.7038135
2270.5	-576.8052	-607.1324	0.7037975
2270.51	-576.6692	-607.1312	0.7037823
2270.52	-576.5331	-607.1299	0.7037677
2270.53	-576.397	-607.1287	0.7037537
2270.54	-576.2609	-607.1275	0.703741
2270.55	-576.1248	-607.1263	0.7037296
2270.56	-575.9885	-607.1251	0.7037193
2270.57	-575.8522	-607.1238	0.7037101
2270.58	-575.7159	-607.1226	0.7037019
2270.59	-575.5795	-607.1213	0.7036952
2270.6	-575.443	-607.1201	0.7036898
2270.61	-575.3065	-607.1189	0.7036856
2270.62	-575.1699	-607.1177	0.7036827
2270.63	-575.0332	-607.1165	0.7036808
2270.64	-574.8965	-607.1152	0.70368
2270.65	-574.7598	-607.114	0.7036804
2270.66	-574.623	-607.1128	0.7036817
2270.67	-574.4862	-607.1116	0.703684
2270.68	-574.3493	-607.1104	0.7036873
2270.69	-574.2123	-607.1091	0.7036913
2270.7	-574.0753	-607.1079	0.7036962
2270.71	-573.9382	-607.1067	0.7037018
2270.72	-573.8011	-607.1055	0.7037082
2270.73	-573.6639	-607.1043	0.7037153
2270.74	-573.5267	-607.1031	0.703723
2270.75	-573.3894	-607.1019	0.7037314
2270.76	-573.2521	-607.1006	0.7037404
2270.77	-573.1147	-607.0994	0.70375
2270.78	-572.9772	-607.0982	0.7037601
2270.79	-572.8397	-607.097	0.7037708
2270.8	-572.7021	-607.0958	0.7037819
2270.81	-572.5645	-607.0945	0.7037935
2270.82	-572.4268	-607.0933	0.7038056
2270.83	-572.2891	-607.0921	0.703818
2270.84	-572.1512	-607.0909	0.703831
2270.85	-572.0134	-607.0897	0.7038442
2270.86	-571.8754	-607.0884	0.703858
2270.87	-571.7374	-607.0873	0.703872
2270.88	-571.5994	-607.0861	0.7038863
2270.89	-571.4613	-607.0848	0.7039011
2270.9	-571.3232	-607.0836	0.703916
2270.91	-571.185	-607.0824	0.7039313
2270.92	-571.0468	-607.0812	0.7039468
2270.93	-570.9084	-607.08	0.7039627
2270.94	-570.77	-607.0787	0.7039787
2270.95	-570.6316	-607.0775	0.703995
2270.96	-570.4931	-607.0764	0.7040116
2270.97	-570.3546	-607.0751	0.7040283
2270.98	-570.2159	-607.0739	0.7040453
2270.99	-570.0773	-607.0727	0.7040625
2271	-569.9385	-607.0715	0.7040798
2271.01	-569.7997	-607.0703	0.7040973
2271.02	-569.6609	-607.069	0.704115
2271.03	-569.522	-607.0678	0.7041328
2271.04	-569.383	-607.0666	0.7041508
2271.05	-569.244	-607.0655	0.704169
2271.06	-569.1049	-607.0643	0.7041873
2271.07	-568.9657	-607.0632	0.7042058
2271.08	-568.8265	-607.062	0.7042243
2271.09	-568.6872	-607.0609	0.7042429
2271.1	-568.5479	-607.0597	0.7042618
2271.11	-568.4084	-607.0585	0.7042808
2271.12	-568.269	-607.0574	0.7042999
2271.13	-568.1295	-607.0563	0.7043192
2271.14	-567.9899	-607.0551	0.7043388
2271.15	-567.8503	-607.054	0.7043586
2271.16	-567.7106	-607.0528	0.7043787
2271.17	-567.5709	-607.0517	0.704399
2271.18	-567.431	-607.0506	0.7044195
2271.19	-567.2911	-607.0495	0.7044403
2271.2	-567.1512	-607.0484	0.7044615
2271.21	-567.0113	-607.0474	0.704483
2271.22	-566.8713	-607.0463	0.704505
2271.23	-566.7311	-607.0452	0.7045272
2271.24	-566.591	-607.0441	0.7045497
2271.25	-566.4508	-607.043	0.7045727
2271.26	-566.3105	-607.0419	0.7045959
2271.27	-566.1702	-607.0409	0.7046195
2271.28	-566.0298	-607.0399	0.7046434
2271.29	-565.8894	-607.0388	0.7046675
2271.3	-565.7489	-607.0378	0.7046919
2271.31	-565.6083	-607.0367	0.7047166
2271.32	-565.4677	-607.0357	0.7047414
2271.33	-565.327	-607.0347	0.7047666
2271.34	-565.1863	-607.0337	0.7047919
2271.35	-565.0455	-607.0327	0.7048175
2271.36	-564.9046	-607.0317	0.7048432
2271.37	-564.7637	-607.0308	0.7048692
2271.38	-564.6227	-607.0298	0.7048953
2271.39	-564.4816	-607.0289	0.7049217
2271.4	-564.3405	-607.0279	0.7049481
2271.41	-564.1993	-607.0269	0.7049748
2271.42	-564.0581	-607.0259	0.7050015
2271.43	-563.9168	-607.025	0.7050284
2271.44	-563.7755	-607.0241	0.7050555
2271.45	-563.6341	-607.0233	0.7050827
2271.46	-563.4926	-607.0223	0.7051101
2271.47	-563.3511	-607.0214	0.7051376
2271.48	-563.2095	-607.0205	0.7051651
2271.49	-563.0679	-607.0196	0.7051927
2271.5	-562.9262	-607.0187	0.7052206
2271.51	-562.7845	-607.0179	0.7052485
2271.52	-562.6426	-607.0171	0.7052764
2271.53	-562.5007	-607.0162	0.7053044
2271.54	-562.3588	-607.0154	0.7053326
2271.55	-562.2169	-607.0145	0.7053609
2271.56	-562.0748	-607.0137	0.7053893
2271.57	-561.9327	-607.0129	0.7054176
2271.58	-561.7906	-607.0121	0.7054461
2271.59	-561.6484	-607.0114	0.7054747
2271.6	-561.5061	-607.0106	0.7055033
2271.61	-561.3638	-607.0098	0.705532
2271.62	-561.2214	-607.009	0.7055607
2271.63	-561.0789	-607.0083	0.7055895
2271.64	-560.9364	-607.0076	0.7056184
2271.65	-560.7938	-607.0068	0.7056472
2271.66	-560.6512	-607.0062	0.7056762
2271.67	-560.5085	-607.0054	0.7057052
2271.68	-560.3657	-607.0047	0.7057344
2271.69	-560.2229	-607.004	0.7057635
2271.7	-560.08	-607.0034	0.7057927
2271.71	-559.9371	-607.0027	0.7058219
2271.72	-559.7941	-607.0021	0.7058511
2271.73	-559.651	-607.0014	0.7058805
2271.74	-559.5079	-607.0007	0.7059098
2271.75	-559.3647	-607.0001	0.7059392
2271.76	-559.2215	-606.9995	0.7059686
2271.77	-559.0782	-606.999	0.7059981
2271.78	-558.9348	-606.9984	0.7060276
2271.79	-558.7914	-606.9977	0.7060571
2271.8	-558.648	-606.9971	0.7060867
2271.81	-558.5045	-606.9966	0.7061163
2271.82	-558.361	-606.9961	0.7061459
2271.83	-558.2173	-606.9955	0.7061755
2271.84	-558.0736	-606.995	0.7062052
2271.85	-557.9299	-606.9944	0.7062349
2271.86	-557.7861	-606.994	0.7062646
2271.87	-557.6422	-606.9935	0.7062944
2271.88	-557.4983	-606.993	0.7063242
2271.89	-557.3543	-606.9926	0.706354
2271.9	-557.2103	-606.9921	0.7063838
2271.91	-557.0662	-606.9916	0.7064137
2271.92	-556.922	-606.9912	0.7064436
2271.93	-556.7778	-606.9908	0.7064735
2271.94	-556.6335	-606.9904	0.7065034
2271.95	-556.4891	-606.9899	0.7065334
2271.96	-556.3447	-606.9895	0.7065634
2271.97	-556.2003	-606.9892	0.7065933
2271.98	-556.0557	-606.9888	0.7066233
2271.99	-555.9112	-606.9885	0.7066534
2272	-555.7666	-606.9881	0.7066834
2272.01	-555.6219	-606.9877	0.7067134
2272.02	-555.4771	-606.9875	0.7067436
2272.03	-555.3323	-606.9872	0.7067738
2272.04	-555.1874	-606.9869	0.7068038
2272.05	-555.0425	-606.9866	0.706834
2272.06	-554.8976	-606.9863	0.7068641
2272.07	-554.7526	-606.986	0.7068943
2272.08	-554.6075	-606.9858	0.7069245
2272.09	-554.4623	-606.9855	0.7069547
2272.1	-554.3171	-606.9853	0.7069849
2272.11	-554.1719	-606.985	0.7070152
2272.12	-554.0266	-606.9849	0.7070454
2272.13	-553.8812	-606.9847	0.7070757
2272.14	-553.7357	-606.9845	0.707106
2272.15	-553.5902	-606.9843	0.7071363
2272.16	-553.4446	-606.9841	0.7071666
2272.17	-553.299	-606.984	0.707197
2272.18	-553.1533	-606.9839	0.7072273
2272.19	-553.0076	-606.9838	0.7072576
2272.2	-552.8619	-606.9836	0.707288
2272.21	-552.7161	-606.9835	0.7073184
2272.22	-552.5702	-606.9835	0.7073488
2272.23	-552.4242	-606.9834	0.7073792
2272.24	-552.2781	-606.9833	0.7074096
2272.25	-552.1321	-606.9833	0.7074401
2272.26	-551.986	-606.9832	0.7074705
2272.27	-551.8398	-606.9832	0.7075011
2272.28	-551.6935	-606.9832	0.7075315
2272.29	-551.5472	-606.9832	0.707562
2272.3	-551.4009	-606.9832	0.7075925
2272.31	-551.2545	-606.9832	0.7076231
2272.32	-551.108	-606.9833	0.7076536
2272.33	-550.9614	-606.9833	0.7076842
2272.34	-550.8149	-606.9834	0.7077147
2272.35	-550.6683	-606.9835	0.7077453
2272.36	-550.5216	-606.9835	0.7077759
2272.37	-550.3748	-606.9836	0.7078065
2272.38	-550.228	-606.9838	0.707837
2272.39	-550.0811	-606.9839	0.7078677
2272.4	-549.9342	-606.984	0.7078983
2272.41	-549.7872	-606.9841	0.707929
2272.42	-549.6402	-606.9843	0.7079597
2272.43	-549.4931	-606.9845	0.7079902
2272.44	-549.3459	-606.9847	0.708021
2272.45	-549.1987	-606.9849	0.7080517
2272.46	-549.0515	-606.985	0.7080823
2272.47	-548.9041	-606.9853	0.7081131
2272.48	-548.7567	-606.9855	0.7081438
2272.49	-548.6093	-606.9858	0.7081745
2272.5	-548.4619	-606.986	0.7082052
2272.51	-548.3143	-606.9863	0.7082357
2272.52	-548.1667	-606.9866	0.7082663
2272.53	-548.019	-606.9869	0.7082968
2272.54	-547.8713	-606.9872	0.7083271
2272.55	-547.7235	-606.9875	0.708357
2272.56	-547.5757	-606.9878	0.7083867
2272.57	-547.4278	-606.9882	0.7084161
2272.58	-547.2798	-606.9885	0.7084453
2272.59	-547.1318	-606.9889	0.7084742
2272.6	-546.9838	-606.9893	0.7085022
2272.61	-546.8356	-606.9896	0.7085292
2272.62	-546.6874	-606.9901	0.7085553
2272.63	-546.5392	-606.9905	0.7085806
2272.64	-546.3909	-606.9909	0.7086051
2272.65	-546.2426	-606.9913	0.7086279
2272.66	-546.0942	-606.9918	0.7086493
2272.67	-545.9457	-606.9922	0.7086691
2272.68	-545.7972	-606.9926	0.7086876
2272.69	-545.6487	-606.9931	0.7087035
2272.7	-545.5001	-606.9935	0.7087168
2272.71	-545.3514	-606.994	0.7087277
2272.72	-545.2026	-606.9944	0.7087364
2272.73	-545.0538	-606.9949	0.7087429
2272.74	-544.905	-606.9954	0.708746
2272.75	-544.756	-606.9958	0.7087458
2272.76	-544.6071	-606.9963	0.7087426
2272.77	-544.4581	-606.9968	0.7087364
2272.78	-544.3091	-606.9973	0.7087274
2272.79	-544.16	-606.9977	0.7087148
2272.8	-544.0108	-606.9982	0.7086987
2272.81	-543.8616	-606.9985	0.7086793
2272.82	-543.7124	-606.999	0.7086567
2272.83	-543.5631	-606.9994	0.708631
2272.84	-543.4138	-606.9998	0.7086026
2272.85	-543.2644	-607.0002	0.7085706
2272.86	-543.115	-607.0006	0.7085353
2272.87	-542.9656	-607.001	0.7084968
2272.88	-542.8161	-607.0015	0.7084553
2272.89	-542.6666	-607.0019	0.7084109
2272.9	-542.517	-607.0023	0.7083638
2272.91	-542.3675	-607.0026	0.7083136
2272.92	-542.2179	-607.003	0.7082609
2272.93	-542.0683	-607.0033	0.7082054
2272.94	-541.9187	-607.0037	0.7081474
2272.95	-541.7691	-607.004	0.7080871
2272.96	-541.6195	-607.0043	0.7080244
2272.97	-541.4699	-607.0046	0.7079596
2272.98	-541.3203	-607.0048	0.7078926
2272.99	-541.1707	-607.0051	0.7078237
2273	-541.0211	-607.0054	0.7077528
2273.01	-540.8714	-607.0056	0.7076802
2273.02	-540.7217	-607.0058	0.7076058
2273.03	-540.5721	-607.006	0.7075298
2273.04	-540.4225	-607.0062	0.7074522
2273.05	-540.2729	-607.0064	0.7073731
2273.06	-540.1233	-607.0065	0.7072926
2273.07	-539.9737	-607.0067	0.7072107
2273.08	-539.8241	-607.0068	0.7071276
2273.09	-539.6745	-607.0069	0.7070431
2273.1	-539.5249	-607.007	0.7069575
2273.11	-539.3753	-607.007	0.7068707
2273.12	-539.2257	-607.007	0.7067829
2273.13	-539.0761	-607.007	0.706694
2273.14	-538.9265	-607.007	0.7066041
2273.15	-538.777	-607.007	0.7065133
2273.16	-538.6274	-607.0069	0.7064218
2273.17	-538.4779	-607.0068	0.7063295
2273.18	-538.3284	-607.0067	0.7062365
2273.19	-538.1788	-607.0066	0.7061428
2273.2	-538.0294	-607.0064	0.7060488
2273.21	-537.8799	-607.0062	0.7059546
2273.22	-537.7304	-607.006	0.7058601
2273.23	-537.5809	-607.0058	0.7057655
2273.24	-537.4315	-607.0055	0.7056707
2273.25	-537.282	-607.0052	0.7055768
2273.26	-537.1325	-607.0049	0.7054837
2273.27	-536.983	-607.0046	0.7053916
2273.28	-536.8336	-607.0042	0.7053003
2273.29	-536.6841	-607.0038	0.7052097
2273.3	-536.5347	-607.0034	0.7051215
2273.31	-536.3853	-607.0029	0.7050352
2273.32	-536.2358	-607.0025	0.7049509
2273.33	-536.0864	-607.002	0.7048686
2273.34	-535.937	-607.0015	0.704788
2273.35	-535.7876	-607.001	0.7047092
2273.36	-535.6382	-607.0005	0.7046337
2273.37	-535.4889	-606.9999	0.7045612
2273.38	-535.3395	-606.9993	0.7044916
2273.39	-535.1902	-606.9987	0.7044247
2273.4	-535.0408	-606.998	0.7043613
2273.41	-534.8915	-606.9974	0.7043009
2273.42	-534.7421	-606.9967	0.7042437
2273.43	-534.5928	-606.996	0.7041892
2273.44	-534.4435	-606.9953	0.7041378
2273.45	-534.2942	-606.9946	0.7040894
2273.46	-534.1449	-606.9938	0.7040437
2273.47	-533.9956	-606.993	0.7040008
2273.48	-533.8463	-606.9922	0.7039604
2273.49	-533.6971	-606.9915	0.7039222
2273.5	-533.5479	-606.9907	0.7038861
2273.51	-533.3986	-606.9898	0.7038521
2273.52	-533.2494	-606.989	0.70382
2273.53	-533.1002	-606.9881	0.7037898
2273.54	-532.9509	-606.9872	0.7037613
2273.55	-532.8018	-606.9863	0.7037339
2273.56	-532.6526	-606.9854	0.7037074
2273.57	-532.5034	-606.9844	0.7036819
2273.58	-532.3542	-606.9835	0.7036574
2273.59	-532.2051	-606.9825	0.7036331
2273.6	-532.0559	-606.9815	0.7036088
2273.61	-531.9067	-606.9805	0.7035846
2273.62	-531.7576	-606.9794	0.7035606
2273.63	-531.6084	-606.9783	0.7035367
2273.64	-531.4593	-606.9772	0.7035126
2273.65	-531.3102	-606.9761	0.7034884
2273.66	-531.1611	-606.975	0.7034641
2273.67	-531.012	-606.9739	0.7034397
2273.68	-530.8629	-606.9727	0.7034151
2273.69	-530.7138	-606.9715	0.7033908
2273.7	-530.5648	-606.9703	0.7033669
2273.71	-530.4157	-606.9691	0.7033432
2273.72	-530.2667	-606.9678	0.7033198
2273.73	-530.1176	-606.9666	0.7032966
2273.74	-529.9686	-606.9653	0.7032747
2273.75	-529.8195	-606.9641	0.7032539
2273.76	-529.6705	-606.9627	0.7032341
2273.77	-529.5215	-606.9614	0.7032155
2273.78	-529.3726	-606.9601	0.703198
2273.79	-529.2236	-606.9588	0.7031828
2273.8	-529.0746	-606.9575	0.7031698
2273.81	-528.9256	-606.9561	0.7031592
2273.82	-528.7766	-606.9548	0.7031505
2273.83	-528.6276	-606.9534	0.7031439
2273.84	-528.4787	-606.9521	0.7031404
2273.85	-528.3298	-606.9507	0.70314
2273.86	-528.1808	-606.9494	0.7031423
2273.87	-528.0319	-606.9481	0.7031475
2273.88	-527.883	-606.9467	0.7031552
2273.89	-527.7341	-606.9454	0.7031661
2273.9	-527.5853	-606.944	0.7031801
2273.91	-527.4364	-606.9427	0.7031969
2273.92	-527.2875	-606.9413	0.7032165
2273.93	-527.1387	-606.94	0.7032388
2273.94	-526.9898	-606.9387	0.7032635
2273.95	-526.8409	-606.9374	0.7032905
2273.96	-526.6921	-606.936	0.7033198
2273.97	-526.5432	-606.9347	0.7033513
2273.98	-526.3943	-606.9333	0.7033848
2273.99	-526.2455	-606.9321	0.7034197
2274	-526.0967	-606.9307	0.7034558
2274.01	-525.9479	-606.9294	0.7034931
2274.02	-525.7991	-606.928	0.7035316
2274.03	-525.6503	-606.9268	0.7035712
2274.04	-525.5016	-606.9254	0.703611
2274.05	-525.3528	-606.9241	0.703651
2274.06	-525.2041	-606.9227	0.703691
2274.07	-525.0554	-606.9214	0.7037314
2274.08	-524.9066	-606.9201	0.7037718
2274.09	-524.7579	-606.9188	0.7038112
2274.1	-524.6092	-606.9174	0.7038496
2274.11	-524.4605	-606.9161	0.703887
2274.12	-524.3118	-606.9148	0.7039236
2274.13	-524.1631	-606.9135	0.7039593
2274.14	-524.0145	-606.9121	0.7039927
2274.15	-523.8658	-606.9108	0.704024
2274.16	-523.7171	-606.9095	0.7040532
2274.17	-523.5684	-606.9081	0.7040805
2274.18	-523.4197	-606.9068	0.7041059
2274.19	-523.2711	-606.9055	0.7041283
2274.2	-523.1225	-606.9041	0.7041478
2274.21	-522.9739	-606.9028	0.7041646
2274.22	-522.8253	-606.9015	0.704179
2274.23	-522.6766	-606.9001	0.7041908
2274.24	-522.5281	-606.8988	0.7042
2274.25	-522.3795	-606.8975	0.7042066
2274.26	-522.231	-606.8961	0.7042108
2274.27	-522.0824	-606.8948	0.7042127
2274.28	-521.9338	-606.8934	0.7042123
2274.29	-521.7853	-606.8921	0.7042103
2274.3	-521.6367	-606.8907	0.7042068
2274.31	-521.4882	-606.8894	0.7042017
2274.32	-521.3396	-606.8881	0.7041953
2274.33	-521.191	-606.8867	0.7041875
2274.34	-521.0425	-606.8854	0.7041794
2274.35	-520.894	-606.884	0.7041713
2274.36	-520.7455	-606.8827	0.704163
2274.37	-520.597	-606.8813	0.7041544
2274.38	-520.4485	-606.8799	0.7041458
2274.39	-520.3	-606.8786	0.7041382
2274.4	-520.1516	-606.8773	0.7041317
2274.41	-520.0031	-606.8759	0.7041262
2274.42	-519.8546	-606.8746	0.7041216
2274.43	-519.7061	-606.8732	0.7041179
2274.44	-519.5576	-606.8719	0.7041163
2274.45	-519.4091	-606.8707	0.7041168
2274.46	-519.2606	-606.8694	0.704119
2274.47	-519.1121	-606.8681	0.7041231
2274.48	-518.9636	-606.8668	0.7041289
2274.49	-518.8151	-606.8655	0.7041373
2274.5	-518.6666	-606.8643	0.7041479
2274.51	-518.5181	-606.863	0.7041609
2274.52	-518.3696	-606.8619	0.704176
2274.53	-518.2211	-606.8607	0.7041932
2274.54	-518.0725	-606.8594	0.7042122
2274.55	-517.924	-606.8582	0.7042335
2274.56	-517.7754	-606.857	0.7042568
2274.57	-517.6268	-606.8558	0.704282
2274.58	-517.4782	-606.8546	0.7043092
2274.59	-517.3296	-606.8535	0.7043381
2274.6	-517.181	-606.8524	0.7043687
2274.61	-517.0323	-606.8512	0.7044009
2274.62	-516.8837	-606.85	0.7044346
2274.63	-516.735	-606.8489	0.7044699
2274.64	-516.5863	-606.8478	0.7045065
2274.65	-516.4376	-606.8467	0.7045444
2274.66	-516.2888	-606.8456	0.7045834
2274.67	-516.1401	-606.8445	0.7046236
2274.68	-515.9913	-606.8434	0.7046649
2274.69	-515.8425	-606.8423	0.7047072
2274.7	-515.6937	-606.8412	0.7047505
2274.71	-515.5449	-606.8403	0.7047949
2274.72	-515.396	-606.8392	0.7048401
2274.73	-515.2471	-606.8382	0.7048861
2274.74	-515.0983	-606.8372	0.7049331
2274.75	-514.9494	-606.8362	0.7049809
2274.76	-514.8005	-606.8352	0.7050294
2274.77	-514.6516	-606.8343	0.7050787
2274.78	-514.5026	-606.8333	0.7051288
2274.79	-514.3536	-606.8323	0.7051794
2274.8	-514.2046	-606.8315	0.7052308
2274.81	-514.0556	-606.8306	0.705283
2274.82	-513.9066	-606.8297	0.7053358
2274.83	-513.7575	-606.8288	0.7053893
2274.84	-513.6084	-606.8279	0.7054434
2274.85	-513.4594	-606.8271	0.7054981
2274.86	-513.3102	-606.8263	0.7055535
2274.87	-513.1611	-606.8254	0.7056096
2274.88	-513.012	-606.8246	0.7056662
2274.89	-512.8628	-606.8239	0.7057235
2274.9	-512.7136	-606.8231	0.7057812
2274.91	-512.5645	-606.8224	0.7058395
2274.92	-512.4152	-606.8217	0.7058984
2274.93	-512.266	-606.8209	0.7059577
2274.94	-512.1168	-606.8203	0.7060176
2274.95	-511.9675	-606.8196	0.7060778
2274.96	-511.8182	-606.819	0.7061386
2274.97	-511.6689	-606.8183	0.7061996
2274.98	-511.5196	-606.8177	0.7062612
2274.99	-511.3703	-606.8171	0.7063231
2275	-511.2209	-606.8165	0.7063854
2275.01	-511.0716	-606.816	0.706448
2275.02	-510.9222	-606.8155	0.7065109
2275.03	-510.7728	-606.8149	0.7065741
2275.04	-510.6234	-606.8145	0.7066377
2275.05	-510.474	-606.814	0.7067015
2275.06	-510.3245	-606.8136	0.7067657
2275.07	-510.175	-606.8132	0.70683
2275.08	-510.0255	-606.8128	0.7068946
2275.09	-509.876	-606.8124	0.7069592
2275.1	-509.7265	-606.812	0.7070239
2275.11	-509.577	-606.8117	0.7070886
2275.12	-509.4274	-606.8113	0.7071533
2275.13	-509.2778	-606.8111	0.7072181
2275.14	-509.1282	-606.8108	0.7072829
2275.15	-508.9786	-606.8106	0.7073472
2275.16	-508.829	-606.8104	0.7074112
2275.17	-508.6793	-606.8101	0.7074748
2275.18	-508.5296	-606.81	0.7075379
2275.19	-508.3799	-606.8098	0.7076008
2275.2	-508.2302	-606.8097	0.7076624
2275.21	-508.0805	-606.8096	0.7077228
2275.22	-507.9308	-606.8094	0.7077821
2275.23	-507.781	-606.8094	0.7078404
2275.24	-507.6312	-606.8093	0.7078966
2275.25	-507.4814	-606.8093	0.7079507
2275.26	-507.3316	-606.8093	0.7080028
2275.27	-507.1818	-606.8092	0.7080531
2275.28	-507.0319	-606.8093	0.7081016
2275.29	-506.882	-606.8093	0.7081484
2275.3	-506.7321	-606.8093	0.7081935
2275.31	-506.5822	-606.8093	0.7082353
2275.32	-506.4323	-606.8094	0.7082738
2275.33	-506.2823	-606.8095	0.7083092
2275.34	-506.1323	-606.8096	0.7083418
2275.35	-505.9823	-606.8096	0.7083703
2275.36	-505.8323	-606.8098	0.7083951
2275.37	-505.6822	-606.8099	0.7084162
2275.38	-505.5321	-606.8101	0.7084339
2275.39	-505.382	-606.8102	0.7084484
2275.4	-505.232	-606.8103	0.7084589
2275.41	-505.0818	-606.8104	0.7084656
2275.42	-504.9317	-606.8105	0.7084688
2275.43	-504.7815	-606.8107	0.7084686
2275.44	-504.6313	-606.8109	0.7084651
2275.45	-504.4811	-606.8111	0.7084585
2275.46	-504.3309	-606.8113	0.7084489
2275.47	-504.1806	-606.8115	0.7084364
2275.48	-504.0303	-606.8116	0.7084212
2275.49	-503.88	-606.8118	0.7084041
2275.5	-503.7297	-606.812	0.7083851
2275.51	-503.5793	-606.8121	0.7083644
2275.52	-503.4289	-606.8123	0.708342
2275.53	-503.2785	-606.8126	0.708318
2275.54	-503.128	-606.8128	0.7082941
2275.55	-502.9775	-606.813	0.7082703
2275.56	-502.827	-606.8133	0.7082464
2275.57	-502.6764	-606.8135	0.7082225
2275.58	-502.5258	-606.8137	0.7081987
2275.59	-502.3752	-606.814	0.7081766
2275.6	-502.2245	-606.8142	0.708156
2275.61	-502.0739	-606.8145	0.708137
2275.62	-501.9231	-606.8148	0.7081195
2275.63	-501.7723	-606.8151	0.7081033
2275.64	-501.6216	-606.8154	0.7080899
2275.65	-501.4707	-606.8157	0.708079
2275.66	-501.3199	-606.816	0.7080708
2275.67	-501.1689	-606.8163	0.7080649
2275.68	-501.018	-606.8167	0.7080613
2275.69	-500.8671	-606.817	0.7080606
2275.7	-500.7161	-606.8174	0.7080626
2275.71	-500.565	-606.8177	0.7080674
2275.72	-500.4139	-606.8181	0.7080746
2275.73	-500.2628	-606.8185	0.7080842
2275.74	-500.1117	-606.819	0.708096
2275.75	-499.9605	-606.8194	0.7081099
2275.76	-499.8093	-606.8198	0.7081258
2275.77	-499.6581	-606.8203	0.7081436
2275.78	-499.5067	-606.8207	0.7081631
2275.79	-499.3554	-606.8211	0.7081837
2275.8	-499.2041	-606.8215	0.7082053
2275.81	-499.0527	-606.822	0.7082278
2275.82	-498.9013	-606.8225	0.7082512
2275.83	-498.7498	-606.823	0.7082755
2275.84	-498.5983	-606.8235	0.7082996
2275.85	-498.4468	-606.824	0.7083233
2275.86	-498.2953	-606.8245	0.708347
2275.87	-498.1436	-606.825	0.7083704
2275.88	-497.992	-606.8255	0.7083938
2275.89	-497.8403	-606.826	0.7084169
2275.9	-497.6886	-606.8265	0.7084383
2275.91	-497.5369	-606.827	0.7084582
2275.92	-497.3851	-606.8275	0.7084766
2275.93	-497.2333	-606.8279	0.7084936
2275.94	-497.0815	-606.8284	0.7085081
2275.95	-496.9296	-606.8289	0.7085204
2275.96	-496.7777	-606.8294	0.7085305
2275.97	-496.6258	-606.83	0.7085385
2275.98	-496.4738	-606.8304	0.7085446
2275.99	-496.3217	-606.8309	0.7085487
2276	-496.1697	-606.8314	0.7085502
2276.01	-496.0176	-606.8319	0.708549
2276.02	-495.8655	-606.8324	0.7085454
2276.03	-495.7133	-606.8329	0.7085394
2276.04	-495.5612	-606.8333	0.7085311
2276.05	-495.409	-606.8338	0.7085205
2276.06	-495.2567	-606.8343	0.7085077
2276.07	-495.1044	-606.8348	0.7084928
2276.08	-494.9521	-606.8353	0.7084759
2276.09	-494.7997	-606.8358	0.7084579
2276.1	-494.6473	-606.8362	0.7084389
2276.11	-494.4949	-606.8367	0.7084191
2276.12	-494.3424	-606.8372	0.7083982
2276.13	-494.1899	-606.8376	0.7083763
2276.14	-494.0374	-606.8381	0.7083537
2276.15	-493.8848	-606.8386	0.7083316
2276.16	-493.7322	-606.8391	0.70831
2276.17	-493.5796	-606.8396	0.7082889
2276.18	-493.4269	-606.8401	0.7082683
2276.19	-493.2742	-606.8406	0.7082489
2276.2	-493.1215	-606.841	0.7082306
2276.21	-492.9687	-606.8415	0.7082133
2276.22	-492.8159	-606.842	0.7081971
2276.23	-492.663	-606.8425	0.7081819
2276.24	-492.5101	-606.843	0.7081676
2276.25	-492.3572	-606.8434	0.7081546
2276.26	-492.2043	-606.8439	0.7081427
2276.27	-492.0513	-606.8444	0.708132
2276.28	-491.8983	-606.8449	0.7081222
2276.29	-491.7452	-606.8454	0.7081131
2276.3	-491.5922	-606.8459	0.7081047
2276.31	-491.4391	-606.8464	0.7080969
2276.32	-491.2859	-606.8469	0.7080896
2276.33	-491.1327	-606.8473	0.7080829
2276.34	-490.9795	-606.8478	0.7080766
2276.35	-490.8263	-606.8483	0.7080699
2276.36	-490.673	-606.8488	0.7080625
2276.37	-490.5197	-606.8492	0.7080547
2276.38	-490.3665	-606.8497	0.7080466
2276.39	-490.2132	-606.8502	0.708037
2276.4	-490.06	-606.8506	0.7080261
2276.41	-489.9067	-606.851	0.708014
2276.42	-489.7534	-606.8514	0.7080008
2276.43	-489.6002	-606.8519	0.7079867
2276.44	-489.4469	-606.8523	0.7079713
2276.45	-489.2937	-606.8527	0.7079539
2276.46	-489.1404	-606.8531	0.7079347
2276.47	-488.9872	-606.8535	0.7079137
2276.48	-488.8339	-606.8538	0.7078909
2276.49	-488.6807	-606.8542	0.7078657
2276.5	-488.5274	-606.8546	0.7078384
2276.51	-488.3742	-606.8549	0.7078088
2276.52	-488.221	-606.8552	0.7077772
2276.53	-488.0677	-606.8555	0.7077436
2276.54	-487.9146	-606.8558	0.7077077
2276.55	-487.7614	-606.8561	0.7076695
2276.56	-487.6082	-606.8564	0.707629
2276.57	-487.455	-606.8566	0.7075865
2276.58	-487.3018	-606.8569	0.707542
2276.59	-487.1487	-606.8571	0.7074952
2276.6	-486.9955	-606.8573	0.707446
2276.61	-486.8424	-606.8575	0.7073947
2276.62	-486.6893	-606.8577	0.7073413
2276.63	-486.5361	-606.8578	0.7072859
2276.64	-486.3831	-606.858	0.7072282
2276.65	-486.23	-606.8581	0.7071682
2276.66	-486.0769	-606.8582	0.7071059
2276.67	-485.9238	-606.8583	0.7070417
2276.68	-485.7708	-606.8583	0.7069755
2276.69	-485.6178	-606.8584	0.706907
2276.7	-485.4648	-606.8584	0.7068364
2276.71	-485.3117	-606.8584	0.7067638
2276.72	-485.1588	-606.8583	0.7066892
2276.73	-485.0058	-606.8583	0.7066128
2276.74	-484.8528	-606.8582	0.7065346
2276.75	-484.6999	-606.8582	0.7064546
2276.76	-484.5469	-606.858	0.706373
2276.77	-484.394	-606.8579	0.7062896
2276.78	-484.2411	-606.8577	0.7062048
2276.79	-484.0883	-606.8575	0.706119
2276.8	-483.9354	-606.8573	0.7060321
2276.81	-483.7826	-606.8571	0.7059442
2276.82	-483.6297	-606.8568	0.7058554
2276.83	-483.4769	-606.8565	0.7057658
2276.84	-483.3241	-606.8562	0.7056752
2276.85	-483.1713	-606.8558	0.7055851
2276.86	-483.0186	-606.8555	0.705495
2276.87	-482.8658	-606.8551	0.7054052
2276.88	-482.7131	-606.8547	0.7053155
2276.89	-482.5604	-606.8542	0.7052273
2276.9	-482.4077	-606.8538	0.7051402
2276.91	-482.255	-606.8533	0.7050543
2276.92	-482.1023	-606.8528	0.7049695
2276.93	-481.9497	-606.8522	0.7048858
2276.94	-481.797	-606.8517	0.7048032
2276.95	-481.6444	-606.8511	0.7047229
2276.96	-481.4918	-606.8505	0.7046452
2276.97	-481.3392	-606.8499	0.7045696
2276.98	-481.1866	-606.8492	0.7044962
2276.99	-481.0341	-606.8486	0.7044261
2277	-480.8816	-606.8479	0.7043592
2277.01	-480.7291	-606.8472	0.7042954
2277.02	-480.5766	-606.8465	0.7042344
2277.03	-480.4241	-606.8458	0.7041762
2277.04	-480.2716	-606.845	0.7041215
2277.05	-480.1192	-606.8442	0.7040702
2277.06	-479.9668	-606.8435	0.704022
2277.07	-479.8143	-606.8427	0.7039769
2277.08	-479.6619	-606.8419	0.7039348
2277.09	-479.5096	-606.8411	0.7038956
2277.1	-479.3572	-606.8402	0.7038594
2277.11	-479.2048	-606.8393	0.7038259
2277.12	-479.0525	-606.8384	0.7037951
2277.13	-478.9001	-606.8375	0.7037667
2277.14	-478.7478	-606.8366	0.7037407
2277.15	-478.5955	-606.8357	0.7037171
2277.16	-478.4432	-606.8347	0.7036948
2277.17	-478.2909	-606.8337	0.703674
2277.18	-478.1387	-606.8328	0.7036546
2277.19	-477.9864	-606.8318	0.7036365
2277.2	-477.8342	-606.8307	0.7036188
2277.21	-477.682	-606.8297	0.7036015
2277.22	-477.5298	-606.8287	0.7035847
2277.23	-477.3776	-606.8276	0.7035683
2277.24	-477.2255	-606.8264	0.7035517
2277.25	-477.0733	-606.8253	0.7035351
2277.26	-476.9212	-606.8242	0.7035183
2277.27	-476.7691	-606.8231	0.7035015
2277.28	-476.6169	-606.8219	0.7034845
2277.29	-476.4648	-606.8207	0.7034674
2277.3	-476.3128	-606.8195	0.7034503
2277.31	-476.1607	-606.8183	0.7034331
2277.32	-476.0086	-606.8171	0.7034159
2277.33	-475.8566	-606.8158	0.7033985
2277.34	-475.7046	-606.8145	0.703382
2277.35	-475.5526	-606.8132	0.7033662
2277.36	-475.4005	-606.812	0.7033514
2277.37	-475.2485	-606.8107	0.703337
2277.38	-475.0965	-606.8094	0.7033234
2277.39	-474.9445	-606.808	0.7033104
2277.4	-474.7925	-606.8067	0.7032992
2277.41	-474.6406	-606.8054	0.7032899
2277.42	-474.4886	-606.804	0.7032821
2277.43	-474.3366	-606.8027	0.703276
2277.44	-474.1846	-606.8013	0.7032713
2277.45	-474.0326	-606.8	0.7032691
2277.46	-473.8806	-606.7986	0.7032689
2277.47	-473.7287	-606.7973	0.7032709
2277.48	-473.5767	-606.796	0.703275
2277.49	-473.4247	-606.7946	0.7032813
2277.5	-473.2727	-606.7932	0.7032898
2277.51	-473.1207	-606.7917	0.7033005
2277.52	-472.9686	-606.7903	0.7033131
2277.53	-472.8166	-606.7889	0.7033277
2277.54	-472.6646	-606.7875	0.7033438
2277.55	-472.5125	-606.7861	0.7033614
2277.56	-472.3604	-606.7847	0.7033805
2277.57	-472.2083	-606.7833	0.703401
2277.58	-472.0562	-606.782	0.7034228
2277.59	-471.9041	-606.7806	0.7034448
2277.6	-471.752	-606.7792	0.7034669
2277.61	-471.5999	-606.7778	0.7034892
2277.62	-471.4477	-606.7764	0.7035116
2277.63	-471.2955	-606.775	0.7035342
2277.64	-471.1433	-606.7736	0.7035555
2277.65	-470.9911	-606.7722	0.7035754
2277.66	-470.8389	-606.7708	0.7035941
2277.67	-470.6866	-606.7694	0.7036117
2277.68	-470.5344	-606.768	0.7036282
2277.69	-470.3821	-606.7665	0.7036422
2277.7	-470.2298	-606.7651	0.703654
2277.71	-470.0774	-606.7636	0.7036635
2277.72	-469.925	-606.7621	0.703671
2277.73	-469.7726	-606.7607	0.7036765
2277.74	-469.6203	-606.7592	0.7036797
2277.75	-469.4679	-606.7578	0.7036808
2277.76	-469.3154	-606.7563	0.70368
2277.77	-469.163	-606.7548	0.7036772
2277.78	-469.0105	-606.7534	0.7036726
2277.79	-468.858	-606.7518	0.7036672
2277.8	-468.7054	-606.7503	0.703661
2277.81	-468.5529	-606.7488	0.703654
2277.82	-468.4003	-606.7473	0.7036462
2277.83	-468.2477	-606.7457	0.7036378
2277.84	-468.095	-606.7442	0.7036286
2277.85	-467.9424	-606.7427	0.7036205
2277.86	-467.7897	-606.7411	0.7036132
2277.87	-467.637	-606.7396	0.7036069
2277.88	-467.4843	-606.7381	0.7036015
2277.89	-467.3315	-606.7366	0.7035969
2277.9	-467.1787	-606.7351	0.7035957
2277.91	-467.0259	-606.7336	0.7035978
2277.92	-466.8731	-606.7322	0.703603
2277.93	-466.7202	-606.7307	0.7036112
2277.94	-466.5674	-606.7292	0.7036239
2277.95	-466.4145	-606.7278	0.7036408
2277.96	-466.2615	-606.7264	0.7036616
2277.97	-466.1086	-606.725	0.7036863
2277.98	-465.9556	-606.7236	0.7037147
2277.99	-465.8026	-606.7222	0.7037467
2278	-465.6496	-606.7208	0.7037836
2278.01	-465.4965	-606.7195	0.7038252
2278.02	-465.3434	-606.7182	0.7038714
2278.03	-465.1903	-606.7169	0.7039219
2278.04	-465.0372	-606.7155	0.7039767
2278.05	-464.8841	-606.7143	0.7040357
2278.06	-464.7309	-606.713	0.7040987
2278.07	-464.5777	-606.7118	0.7041655
2278.08	-464.4244	-606.7106	0.704236
2278.09	-464.2712	-606.7094	0.7043095
2278.1	-464.1179	-606.7082	0.7043861
2278.11	-463.9646	-606.7071	0.7044654
2278.12	-463.8112	-606.7059	0.7045474
2278.13	-463.6578	-606.7048	0.7046321
2278.14	-463.5045	-606.7037	0.7047181
2278.15	-463.351	-606.7026	0.7048055
2278.16	-463.1976	-606.7015	0.7048941
2278.17	-463.0441	-606.7005	0.7049839
2278.18	-462.8906	-606.6995	0.705075
2278.19	-462.7371	-606.6985	0.7051671
2278.2	-462.5836	-606.6975	0.7052584
2278.21	-462.43	-606.6965	0.7053488
2278.22	-462.2764	-606.6956	0.7054386
2278.23	-462.1228	-606.6947	0.7055275
2278.24	-461.9691	-606.6938	0.7056157
2278.25	-461.8155	-606.6929	0.7057016
2278.26	-461.6618	-606.692	0.7057853
2278.27	-461.5081	-606.6912	0.705867
2278.28	-461.3543	-606.6903	0.7059466
2278.29	-461.2006	-606.6895	0.7060227
2278.3	-461.0468	-606.6887	0.7060952
2278.31	-460.893	-606.6879	0.7061645
2278.32	-460.7391	-606.6871	0.7062307
2278.33	-460.5853	-606.6863	0.7062939
2278.34	-460.4313	-606.6855	0.7063543
2278.35	-460.2774	-606.6848	0.7064103
2278.36	-460.1235	-606.6841	0.7064623
2278.37	-459.9695	-606.6833	0.7065103
2278.38	-459.8155	-606.6826	0.7065547
2278.39	-459.6614	-606.6819	0.7065955
2278.4	-459.5074	-606.6812	0.7066324
2278.41	-459.3533	-606.6805	0.7066657
2278.42	-459.1992	-606.6799	0.7066954
2278.43	-459.045	-606.6792	0.7067218
2278.44	-458.8908	-606.6786	0.706745
2278.45	-458.7367	-606.6779	0.7067654
2278.46	-458.5825	-606.6773	0.7067834
2278.47	-458.4282	-606.6767	0.7067989
2278.48	-458.274	-606.6761	0.7068121
2278.49	-458.1197	-606.6755	0.7068238
2278.5	-457.9654	-606.6749	0.7068342
2278.51	-457.8111	-606.6744	0.7068433
2278.52	-457.6567	-606.6738	0.7068511
2278.53	-457.5023	-606.6733	0.7068577
2278.54	-457.3479	-606.6728	0.7068642
2278.55	-457.1935	-606.6723	0.7068706
2278.56	-457.0391	-606.6718	0.7068768
2278.57	-456.8846	-606.6714	0.7068828
2278.58	-456.7301	-606.671	0.7068887
2278.59	-456.5756	-606.6705	0.7068956
2278.6	-456.421	-606.6701	0.7069032
2278.61	-456.2664	-606.6697	0.7069117
2278.62	-456.1118	-606.6693	0.706921
2278.63	-455.9571	-606.6689	0.7069311
2278.64	-455.8024	-606.6686	0.7069423
2278.65	-455.6477	-606.6682	0.7069546
2278.66	-455.493	-606.6679	0.7069679
2278.67	-455.3383	-606.6676	0.7069823
2278.68	-455.1835	-606.6673	0.7069976
2278.69	-455.0287	-606.667	0.7070135
2278.7	-454.8739	-606.6667	0.7070302
2278.71	-454.719	-606.6665	0.7070473
2278.72	-454.5641	-606.6663	0.707065
2278.73	-454.4092	-606.666	0.7070832
2278.74	-454.2543	-606.6658	0.7071008
2278.75	-454.0994	-606.6655	0.7071178
2278.76	-453.9444	-606.6653	0.7071341
2278.77	-453.7894	-606.6652	0.7071499
2278.78	-453.6344	-606.665	0.7071652
2278.79	-453.4793	-606.6648	0.70718
2278.8	-453.3243	-606.6647	0.7071924
2278.81	-453.1692	-606.6645	0.7072025
2278.82	-453.0141	-606.6643	0.7072104
2278.83	-452.8589	-606.6641	0.7072163
2278.84	-452.7038	-606.6639	0.7072188
2278.85	-452.5486	-606.6638	0.7072179
2278.86	-452.3933	-606.6636	0.7072138
2278.87	-452.2381	-606.6634	0.7072066
2278.88	-452.0828	-606.6632	0.7071966
2278.89	-451.9274	-606.663	0.7071837
2278.9	-451.7721	-606.6628	0.7071664
2278.91	-451.6167	-606.6626	0.7071449
2278.92	-451.4613	-606.6624	0.7071193
2278.93	-451.3059	-606.6622	0.7070898
2278.94	-451.1505	-606.662	0.7070559
2278.95	-450.995	-606.6617	0.7070179
2278.96	-450.8395	-606.6614	0.7069759
2278.97	-450.684	-606.6612	0.7069302
2278.98	-450.5285	-606.6609	0.7068808
2278.99	-450.3729	-606.6606	0.7068279
2279	-450.2173	-606.6604	0.7067719
2279.01	-450.0617	-606.66	0.7067128
2279.02	-449.9061	-606.6597	0.7066509
2279.03	-449.7504	-606.6594	0.7065861
2279.04	-449.5947	-606.6591	0.7065187
2279.05	-449.439	-606.6588	0.7064495
2279.06	-449.2833	-606.6583	0.7063786
2279.07	-449.1275	-606.658	0.7063061
2279.08	-448.9717	-606.6575	0.706232
2279.09	-448.8159	-606.6572	0.706158
2279.1	-448.6601	-606.6567	0.7060838
2279.11	-448.5042	-606.6563	0.7060096
2279.12	-448.3484	-606.6558	0.7059352
2279.13	-448.1924	-606.6554	0.7058609
2279.14	-448.0365	-606.6549	0.7057885
2279.15	-447.8806	-606.6545	0.7057179
2279.16	-447.7246	-606.654	0.7056491
2279.17	-447.5686	-606.6535	0.705582
2279.18	-447.4126	-606.653	0.7055165
2279.19	-447.2565	-606.6525	0.7054525
2279.2	-447.1004	-606.652	0.7053923
2279.21	-446.9443	-606.6514	0.7053356
2279.22	-446.7881	-606.6509	0.7052824
2279.23	-446.6319	-606.6505	0.7052324
2279.24	-446.4757	-606.6498	0.7051855
2279.25	-446.3195	-606.6493	0.705143
2279.26	-446.1632	-606.6487	0.7051045
2279.27	-446.007	-606.6482	0.7050699
2279.28	-445.8506	-606.6476	0.7050391
2279.29	-445.6943	-606.647	0.7050124
2279.3	-445.538	-606.6465	0.7049897
2279.31	-445.3816	-606.6459	0.7049706
2279.32	-445.2252	-606.6454	0.7049551
2279.33	-445.0688	-606.6448	0.704943
2279.34	-444.9123	-606.6442	0.7049342
2279.35	-444.7558	-606.6436	0.7049286
2279.36	-444.5993	-606.643	0.7049254
2279.37	-444.4428	-606.6424	0.7049247
2279.38	-444.2863	-606.6418	0.7049263
2279.39	-444.1297	-606.6412	0.7049301
2279.4	-443.9731	-606.6406	0.7049354
2279.41	-443.8165	-606.64	0.7049422
2279.42	-443.6598	-606.6393	0.7049504
2279.43	-443.5031	-606.6387	0.7049599
2279.44	-443.3465	-606.638	0.7049698
2279.45	-443.1898	-606.6373	0.7049801
2279.46	-443.033	-606.6367	0.7049909
2279.47	-442.8763	-606.636	0.705002
2279.48	-442.7195	-606.6353	0.7050135
2279.49	-442.5627	-606.6346	0.7050245
2279.5	-442.4058	-606.634	0.7050351
2279.51	-442.249	-606.6332	0.7050452
2279.52	-442.0921	-606.6325	0.7050549
2279.53	-441.9352	-606.6318	0.7050641
2279.54	-441.7782	-606.6311	0.7050723
2279.55	-441.6213	-606.6304	0.7050796
2279.56	-441.4643	-606.6296	0.7050859
2279.57	-441.3073	-606.6289	0.7050913
2279.58	-441.1502	-606.6282	0.7050958
2279.59	-440.9932	-606.6274	0.7050989
2279.6	-440.8361	-606.6266	0.7051006
2279.61	-440.679	-606.6258	0.705101
2279.62	-440.5219	-606.625	0.7051002
2279.63	-440.3647	-606.6242	0.7050982
2279.64	-440.2076	-606.6234	0.7050945
2279.65	-440.0504	-606.6226	0.7050892
2279.66	-439.8931	-606.6218	0.7050823
2279.67	-439.7359	-606.621	0.7050741
2279.68	-439.5786	-606.6201	0.7050644
2279.69	-439.4213	-606.6192	0.7050532
2279.7	-439.264	-606.6183	0.7050405
2279.71	-439.1066	-606.6175	0.7050263
2279.72	-438.9492	-606.6166	0.7050109
2279.73	-438.7918	-606.6158	0.7049942
2279.74	-438.6344	-606.6149	0.7049763
2279.75	-438.477	-606.614	0.7049573
2279.76	-438.3195	-606.613	0.7049373
2279.77	-438.162	-606.6121	0.7049164
2279.78	-438.0045	-606.6111	0.7048945
2279.79	-437.847	-606.6102	0.7048722
2279.8	-437.6894	-606.6093	0.7048495
2279.81	-437.5318	-606.6084	0.7048264
2279.82	-437.3742	-606.6075	0.7048028
2279.83	-437.2165	-606.6065	0.7047789
2279.84	-437.0588	-606.6055	0.7047545
