2635.07	-654.8941	-607.0711	0.6974663
2635.08	-654.7656	-607.0677	0.6974813
2635.09	-654.6371	-607.0643	0.6975006
2635.1	-654.5087	-607.061	0.6975241
2635.11	-654.3802	-607.0576	0.6975515
2635.12	-654.2517	-607.0543	0.6975827
2635.13	-654.1232	-607.0509	0.6976174
2635.14	-653.9948	-607.0476	0.6976568
2635.15	-653.8663	-607.0443	0.6977003
2635.16	-653.7378	-607.041	0.6977481
2635.17	-653.6093	-607.0378	0.6977999
2635.18	-653.4808	-607.0345	0.6978552
2635.19	-653.3524	-607.0313	0.6979154
2635.2	-653.2239	-607.0281	0.6979799
2635.21	-653.0954	-607.0248	0.6980485
2635.22	-652.9669	-607.0217	0.6981212
2635.23	-652.8384	-607.0186	0.6981976
2635.24	-652.71	-607.0154	0.6982782
2635.25	-652.5815	-607.0123	0.6983628
2635.26	-652.453	-607.0093	0.6984512
2635.27	-652.3245	-607.0062	0.6985431
2635.28	-652.196	-607.0032	0.6986384
2635.29	-652.0676	-607.0002	0.6987368
2635.3	-651.9391	-606.9972	0.6988388
2635.31	-651.8106	-606.9943	0.6989439
2635.32	-651.6821	-606.9913	0.6990522
2635.33	-651.5536	-606.9885	0.6991633
2635.34	-651.4251	-606.9855	0.6992771
2635.35	-651.2966	-606.9827	0.6993938
2635.36	-651.1682	-606.9799	0.6995131
2635.37	-651.0397	-606.9772	0.6996349
2635.38	-650.9111	-606.9744	0.6997591
2635.39	-650.7827	-606.9717	0.6998855
2635.4	-650.6542	-606.969	0.7000142
2635.41	-650.5257	-606.9664	0.7001448
2635.42	-650.3972	-606.9637	0.7002773
2635.43	-650.2686	-606.9612	0.7004116
2635.44	-650.1401	-606.9586	0.7005478
2635.45	-650.0116	-606.9561	0.7006854
2635.46	-649.8831	-606.9536	0.7008247
2635.47	-649.7545	-606.9512	0.7009654
2635.48	-649.626	-606.9488	0.7011075
2635.49	-649.4974	-606.9464	0.7012509
2635.5	-649.3689	-606.9441	0.7013955
2635.51	-649.2404	-606.9418	0.7015412
2635.52	-649.1118	-606.9396	0.7016881
2635.53	-648.9833	-606.9374	0.7018359
2635.54	-648.8547	-606.9352	0.7019848
2635.55	-648.7262	-606.9331	0.7021346
2635.56	-648.5977	-606.931	0.7022853
2635.57	-648.4691	-606.929	0.7024367
2635.58	-648.3406	-606.927	0.702589
2635.59	-648.212	-606.925	0.702742
2635.6	-648.0835	-606.9232	0.7028955
2635.61	-647.955	-606.9213	0.7030497
2635.62	-647.8264	-606.9195	0.7032043
2635.63	-647.6979	-606.9177	0.7033595
2635.64	-647.5693	-606.916	0.7035151
2635.65	-647.4408	-606.9144	0.7036708
2635.66	-647.3123	-606.9127	0.7038268
2635.67	-647.1837	-606.9111	0.7039828
2635.68	-647.0552	-606.9096	0.704139
2635.69	-646.9266	-606.9081	0.7042953
2635.7	-646.798	-606.9067	0.7044517
2635.71	-646.6695	-606.9053	0.7046074
2635.72	-646.541	-606.9039	0.7047624
2635.73	-646.4124	-606.9026	0.7049168
2635.74	-646.2838	-606.9014	0.7050706
2635.75	-646.1553	-606.9002	0.7052231
2635.76	-646.0267	-606.899	0.7053744
2635.77	-645.8982	-606.8979	0.7055244
2635.78	-645.7697	-606.8969	0.7056734
2635.79	-645.6411	-606.8959	0.7058213
2635.8	-645.5125	-606.8949	0.7059675
2635.81	-645.384	-606.894	0.7061121
2635.82	-645.2554	-606.8931	0.7062552
2635.83	-645.1268	-606.8923	0.7063968
2635.84	-644.9982	-606.8915	0.7065371
2635.85	-644.8697	-606.8907	0.7066752
2635.86	-644.7411	-606.8901	0.7068113
2635.87	-644.6125	-606.8894	0.7069455
2635.88	-644.4839	-606.8888	0.7070779
2635.89	-644.3554	-606.8882	0.7072074
2635.9	-644.2269	-606.8876	0.7073342
2635.91	-644.0983	-606.8871	0.7074583
2635.92	-643.9697	-606.8867	0.70758
2635.93	-643.8411	-606.8864	0.7076994
2635.94	-643.7126	-606.886	0.7078148
2635.95	-643.584	-606.8856	0.7079262
2635.96	-643.4554	-606.8853	0.7080342
2635.97	-643.3268	-606.8851	0.7081386
2635.98	-643.1982	-606.8848	0.7082399
2635.99	-643.0697	-606.8846	0.7083361
2636	-642.9411	-606.8845	0.7084273
2636.01	-642.8125	-606.8843	0.708514
2636.02	-642.6839	-606.8843	0.7085963
2636.03	-642.5553	-606.8842	0.7086746
2636.04	-642.4267	-606.8842	0.708749
2636.05	-642.2981	-606.8841	0.7088174
2636.06	-642.1695	-606.8841	0.7088801
2636.07	-642.0409	-606.8841	0.7089373
2636.08	-641.9123	-606.8841	0.7089896
2636.09	-641.7837	-606.8842	0.7090371
2636.1	-641.6551	-606.8843	0.7090778
2636.11	-641.5265	-606.8843	0.7091124
2636.12	-641.3979	-606.8845	0.709141
2636.13	-641.2693	-606.8846	0.7091639
2636.14	-641.1407	-606.8848	0.7091815
2636.15	-641.0121	-606.8849	0.7091922
2636.16	-640.8835	-606.885	0.7091963
2636.17	-640.7549	-606.8852	0.7091944
2636.18	-640.6263	-606.8854	0.7091867
2636.19	-640.4977	-606.8856	0.7091725
2636.2	-640.3691	-606.8857	0.7091522
2636.21	-640.2405	-606.8859	0.7091262
2636.22	-640.1119	-606.886	0.7090946
2636.23	-639.9833	-606.8862	0.709058
2636.24	-639.8547	-606.8864	0.7090164
2636.25	-639.7261	-606.8865	0.70897
2636.26	-639.5975	-606.8867	0.7089192
2636.27	-639.4689	-606.8869	0.7088642
2636.28	-639.3403	-606.887	0.708805
2636.29	-639.2117	-606.8872	0.7087421
2636.3	-639.0832	-606.8873	0.7086757
2636.31	-638.9547	-606.8875	0.7086057
2636.32	-638.8261	-606.8876	0.7085326
2636.33	-638.6975	-606.8878	0.7084563
2636.34	-638.5689	-606.8879	0.7083772
2636.35	-638.4404	-606.8881	0.7082952
2636.36	-638.3118	-606.8882	0.7082106
2636.37	-638.1833	-606.8884	0.7081234
2636.38	-638.0547	-606.8884	0.7080339
2636.39	-637.9262	-606.8885	0.7079422
2636.4	-637.7977	-606.8886	0.7078483
2636.41	-637.6691	-606.8887	0.7077523
2636.42	-637.5406	-606.8887	0.7076544
2636.43	-637.412	-606.8887	0.7075546
2636.44	-637.2835	-606.8887	0.7074532
2636.45	-637.155	-606.8888	0.70735
2636.46	-637.0266	-606.8887	0.7072453
2636.47	-636.8981	-606.8887	0.7071391
2636.48	-636.7696	-606.8887	0.7070315
2636.49	-636.6411	-606.8885	0.7069227
2636.5	-636.5126	-606.8884	0.7068124
2636.51	-636.3842	-606.8883	0.706701
2636.52	-636.2557	-606.8882	0.7065884
2636.53	-636.1272	-606.888	0.7064748
2636.54	-635.9987	-606.8878	0.7063601
2636.55	-635.8703	-606.8876	0.7062444
2636.56	-635.7419	-606.8874	0.7061278
2636.57	-635.6135	-606.8871	0.7060103
2636.58	-635.485	-606.8868	0.7058921
2636.59	-635.3567	-606.8864	0.7057729
2636.6	-635.2283	-606.886	0.7056531
2636.61	-635.1	-606.8857	0.7055324
2636.62	-634.9716	-606.8853	0.7054111
2636.63	-634.8433	-606.8848	0.7052892
2636.64	-634.7149	-606.8843	0.7051666
2636.65	-634.5865	-606.8837	0.7050435
2636.66	-634.4582	-606.8832	0.7049198
2636.67	-634.3298	-606.8826	0.7047955
2636.68	-634.2015	-606.882	0.7046708
2636.69	-634.0732	-606.8813	0.7045457
2636.7	-633.9449	-606.8807	0.7044199
2636.71	-633.8166	-606.8799	0.7042938
2636.72	-633.6883	-606.8792	0.7041674
2636.73	-633.56	-606.8784	0.7040404
2636.74	-633.4317	-606.8776	0.7039132
2636.75	-633.3034	-606.8767	0.7037855
2636.76	-633.1751	-606.8758	0.7036576
2636.77	-633.0468	-606.8748	0.7035294
2636.78	-632.9185	-606.8738	0.7034011
2636.79	-632.7902	-606.8729	0.7032725
2636.8	-632.6619	-606.8718	0.7031437
2636.81	-632.5337	-606.8707	0.7030151
2636.82	-632.4055	-606.8696	0.7028865
2636.83	-632.2772	-606.8684	0.7027581
2636.84	-632.149	-606.8672	0.70263
2636.85	-632.0208	-606.866	0.7025022
2636.86	-631.8925	-606.8647	0.7023747
2636.87	-631.7643	-606.8633	0.7022475
2636.88	-631.636	-606.8619	0.7021206
2636.89	-631.5078	-606.8605	0.7019944
2636.9	-631.3796	-606.8591	0.7018687
2636.91	-631.2513	-606.8576	0.7017437
2636.92	-631.1231	-606.8561	0.7016193
2636.93	-630.9949	-606.8545	0.7014955
2636.94	-630.8667	-606.8529	0.7013732
2636.95	-630.7385	-606.8513	0.7012523
2636.96	-630.6103	-606.8496	0.7011327
2636.97	-630.4821	-606.8479	0.7010144
2636.98	-630.3538	-606.8461	0.7008974
2636.99	-630.2256	-606.8443	0.7007815
2637	-630.0974	-606.8425	0.7006693
2637.01	-629.9692	-606.8406	0.7005608
2637.02	-629.8409	-606.8387	0.7004556
2637.03	-629.7127	-606.8368	0.7003537
2637.04	-629.5845	-606.8349	0.7002547
2637.05	-629.4563	-606.8329	0.7001624
2637.06	-629.3281	-606.831	0.7000764
2637.07	-629.1998	-606.829	0.6999963
2637.08	-629.0716	-606.827	0.6999218
2637.09	-628.9434	-606.8249	0.6998526
2637.1	-628.8151	-606.8229	0.6997923
2637.11	-628.6869	-606.8208	0.6997402
2637.12	-628.5587	-606.8187	0.6996959
2637.13	-628.4304	-606.8167	0.6996592
2637.14	-628.3022	-606.8146	0.6996294
2637.15	-628.174	-606.8125	0.6996089
2637.16	-628.0457	-606.8104	0.699597
2637.17	-627.9175	-606.8083	0.6995932
2637.18	-627.7892	-606.8062	0.6995972
2637.19	-627.661	-606.8042	0.6996091
2637.2	-627.5328	-606.8021	0.6996286
2637.21	-627.4045	-606.7999	0.6996552
2637.22	-627.2762	-606.7978	0.6996884
2637.23	-627.1479	-606.7957	0.6997281
2637.24	-627.0197	-606.7936	0.6997738
2637.25	-626.8914	-606.7914	0.6998253
2637.26	-626.7631	-606.7893	0.6998821
2637.27	-626.6348	-606.7872	0.699944
2637.28	-626.5065	-606.7851	0.7000108
2637.29	-626.3782	-606.783	0.7000822
2637.3	-626.2499	-606.7809	0.7001579
2637.31	-626.1216	-606.7789	0.7002378
2637.32	-625.9933	-606.7769	0.7003215
2637.33	-625.8651	-606.7748	0.7004089
2637.34	-625.7367	-606.7728	0.7004997
2637.35	-625.6084	-606.7708	0.7005938
2637.36	-625.4801	-606.7687	0.7006909
2637.37	-625.3517	-606.7667	0.7007909
2637.38	-625.2234	-606.7647	0.7008936
2637.39	-625.095	-606.7628	0.7009989
2637.4	-624.9667	-606.7607	0.7011064
2637.41	-624.8383	-606.7588	0.7012161
2637.42	-624.71	-606.7569	0.7013277
2637.43	-624.5816	-606.755	0.7014412
2637.44	-624.4532	-606.7531	0.701556
2637.45	-624.3249	-606.7512	0.7016724
2637.46	-624.1965	-606.7493	0.7017899
2637.47	-624.0682	-606.7475	0.7019085
2637.48	-623.9398	-606.7456	0.7020283
2637.49	-623.8114	-606.7438	0.7021488
2637.5	-623.683	-606.7421	0.70227
2637.51	-623.5546	-606.7404	0.7023919
2637.52	-623.4261	-606.7386	0.7025142
2637.53	-623.2977	-606.7369	0.7026371
2637.54	-623.1693	-606.7352	0.7027603
2637.55	-623.0409	-606.7336	0.702884
2637.56	-622.9124	-606.732	0.7030079
2637.57	-622.7839	-606.7304	0.703132
2637.58	-622.6555	-606.7289	0.7032565
2637.59	-622.527	-606.7273	0.7033812
2637.6	-622.3985	-606.7258	0.7035062
2637.61	-622.27	-606.7243	0.7036313
2637.62	-622.1414	-606.7229	0.7037567
2637.63	-622.0129	-606.7215	0.7038823
2637.64	-621.8843	-606.7201	0.704008
2637.65	-621.7557	-606.7188	0.7041339
2637.66	-621.6271	-606.7175	0.7042601
2637.67	-621.4985	-606.7162	0.7043864
2637.68	-621.3699	-606.715	0.7045128
2637.69	-621.2412	-606.7137	0.7046393
2637.7	-621.1125	-606.7125	0.704766
2637.71	-620.9839	-606.7114	0.7048927
2637.72	-620.8552	-606.7103	0.7050195
2637.73	-620.7265	-606.7093	0.7051464
2637.74	-620.5978	-606.7083	0.7052734
2637.75	-620.469	-606.7073	0.7054003
2637.76	-620.3403	-606.7064	0.7055265
2637.77	-620.2115	-606.7054	0.7056518
2637.78	-620.0827	-606.7045	0.7057763
2637.79	-619.9539	-606.7037	0.7059001
2637.8	-619.825	-606.7029	0.7060221
2637.81	-619.6962	-606.7021	0.7061423
2637.82	-619.5673	-606.7013	0.7062608
2637.83	-619.4384	-606.7006	0.7063779
2637.84	-619.3095	-606.7	0.7064934
2637.85	-619.1806	-606.6993	0.7066059
2637.86	-619.0517	-606.6987	0.7067155
2637.87	-618.9227	-606.6981	0.7068224
2637.88	-618.7938	-606.6976	0.7069268
2637.89	-618.6648	-606.697	0.707027
2637.9	-618.5358	-606.6965	0.7071235
2637.91	-618.4068	-606.6961	0.7072164
2637.92	-618.2778	-606.6956	0.7073058
2637.93	-618.1487	-606.6953	0.707392
2637.94	-618.0197	-606.6948	0.7074736
2637.95	-617.8906	-606.6945	0.7075509
2637.96	-617.7615	-606.6941	0.7076241
2637.97	-617.6323	-606.6938	0.7076933
2637.98	-617.5032	-606.6935	0.707759
2637.99	-617.374	-606.6932	0.7078196
2638	-617.2449	-606.6929	0.7078755
2638.01	-617.1157	-606.6927	0.7079273
2638.02	-616.9865	-606.6925	0.7079747
2638.03	-616.8572	-606.6923	0.7080182
2638.04	-616.728	-606.6921	0.7080566
2638.05	-616.5988	-606.692	0.7080903
2638.06	-616.4695	-606.6918	0.7081195
2638.07	-616.3402	-606.6916	0.7081443
2638.08	-616.2109	-606.6915	0.708165
2638.09	-616.0815	-606.6913	0.7081811
2638.1	-615.9522	-606.6912	0.7081928
2638.11	-615.8229	-606.6911	0.7082002
2638.12	-615.6935	-606.691	0.7082037
2638.13	-615.5641	-606.691	0.7082033
2638.14	-615.4346	-606.6909	0.7081994
2638.15	-615.3052	-606.6909	0.7081914
2638.16	-615.1758	-606.6908	0.7081795
2638.17	-615.0463	-606.6907	0.7081639
2638.18	-614.9168	-606.6907	0.7081448
2638.19	-614.7873	-606.6906	0.7081216
2638.2	-614.6578	-606.6906	0.7080944
2638.21	-614.5283	-606.6905	0.7080636
2638.22	-614.3987	-606.6905	0.7080292
2638.23	-614.2691	-606.6905	0.7079916
2638.24	-614.1395	-606.6905	0.7079508
2638.25	-614.0099	-606.6904	0.7079061
2638.26	-613.8803	-606.6904	0.7078576
2638.27	-613.7507	-606.6903	0.7078056
2638.28	-613.621	-606.6902	0.7077502
2638.29	-613.4913	-606.6901	0.7076916
2638.3	-613.3616	-606.69	0.7076297
2638.31	-613.2319	-606.6899	0.7075645
2638.32	-613.1021	-606.6899	0.7074964
2638.33	-612.9724	-606.6898	0.7074254
2638.34	-612.8426	-606.6897	0.7073516
2638.35	-612.7128	-606.6895	0.7072752
2638.36	-612.5829	-606.6894	0.7071964
2638.37	-612.4531	-606.6892	0.7071152
2638.38	-612.3233	-606.6891	0.7070317
2638.39	-612.1934	-606.6889	0.7069462
2638.4	-612.0635	-606.6887	0.7068586
2638.41	-611.9337	-606.6885	0.706769
2638.42	-611.8038	-606.6882	0.7066777
2638.43	-611.6738	-606.688	0.7065847
2638.44	-611.5439	-606.6877	0.70649
2638.45	-611.4139	-606.6874	0.7063937
2638.46	-611.284	-606.6872	0.706296
2638.47	-611.154	-606.6868	0.7061968
2638.48	-611.024	-606.6865	0.7060963
2638.49	-610.894	-606.6862	0.7059944
2638.5	-610.7639	-606.6857	0.7058915
2638.51	-610.6339	-606.6853	0.7057873
2638.52	-610.5038	-606.6849	0.705682
2638.53	-610.3737	-606.6844	0.7055758
2638.54	-610.2435	-606.684	0.7054684
2638.55	-610.1134	-606.6834	0.7053602
2638.56	-609.9832	-606.6829	0.7052511
2638.57	-609.853	-606.6823	0.7051411
2638.58	-609.7228	-606.6817	0.7050303
2638.59	-609.5926	-606.6812	0.7049187
2638.6	-609.4623	-606.6805	0.7048064
2638.61	-609.3321	-606.6798	0.7046934
2638.62	-609.2018	-606.6791	0.7045797
2638.63	-609.0715	-606.6784	0.7044654
2638.64	-608.9411	-606.6776	0.7043505
2638.65	-608.8108	-606.6768	0.704235
2638.66	-608.6804	-606.676	0.704119
2638.67	-608.55	-606.6751	0.7040024
2638.68	-608.4196	-606.6743	0.7038854
2638.69	-608.2892	-606.6733	0.7037678
2638.7	-608.1588	-606.6723	0.7036499
2638.71	-608.0283	-606.6713	0.7035315
2638.72	-607.8978	-606.6703	0.7034127
2638.73	-607.7673	-606.6692	0.7032935
2638.74	-607.6367	-606.6681	0.703174
2638.75	-607.5062	-606.6669	0.7030542
2638.76	-607.3756	-606.6657	0.7029343
2638.77	-607.245	-606.6646	0.7028142
2638.78	-607.1144	-606.6633	0.7026939
2638.79	-606.9837	-606.662	0.7025735
2638.8	-606.8531	-606.6606	0.7024534
2638.81	-606.7224	-606.6592	0.7023335
2638.82	-606.5917	-606.6579	0.7022139
2638.83	-606.461	-606.6564	0.7020946
2638.84	-606.3303	-606.655	0.701976
2638.85	-606.1995	-606.6534	0.7018581
2638.86	-606.0687	-606.6519	0.7017411
2638.87	-605.9379	-606.6503	0.7016247
2638.88	-605.8071	-606.6487	0.7015089
2638.89	-605.6762	-606.647	0.7013947
2638.9	-605.5453	-606.6454	0.7012819
2638.91	-605.4144	-606.6437	0.7011706
2638.92	-605.2835	-606.6419	0.7010606
2638.93	-605.1525	-606.6401	0.7009519
2638.94	-605.0215	-606.6383	0.7008443
2638.95	-604.8906	-606.6364	0.7007397
2638.96	-604.7596	-606.6345	0.7006376
2638.97	-604.6285	-606.6326	0.7005379
2638.98	-604.4975	-606.6307	0.7004406
2638.99	-604.3665	-606.6287	0.7003477
2639	-604.2354	-606.6267	0.7002591
2639.01	-604.1042	-606.6246	0.7001745
2639.02	-603.9731	-606.6226	0.7000936
2639.03	-603.8419	-606.6205	0.7000163
2639.04	-603.7108	-606.6185	0.6999447
2639.05	-603.5795	-606.6163	0.6998786
2639.06	-603.4483	-606.6142	0.6998177
2639.07	-603.317	-606.6121	0.6997615
2639.08	-603.1857	-606.6099	0.6997101
2639.09	-603.0544	-606.6077	0.6996651
2639.1	-602.9231	-606.6055	0.6996261
2639.11	-602.7917	-606.6033	0.6995932
2639.12	-602.6603	-606.6011	0.6995656
2639.13	-602.5289	-606.5989	0.6995434
2639.14	-602.3975	-606.5966	0.6995271
2639.15	-602.2661	-606.5944	0.6995165
2639.16	-602.1346	-606.5921	0.6995113
2639.17	-602.0031	-606.5898	0.6995113
2639.18	-601.8715	-606.5876	0.6995161
2639.19	-601.74	-606.5853	0.6995255
2639.2	-601.6084	-606.583	0.6995394
2639.21	-601.4768	-606.5807	0.6995574
2639.22	-601.3452	-606.5784	0.6995794
2639.23	-601.2135	-606.5761	0.6996051
2639.24	-601.0818	-606.5738	0.6996344
2639.25	-600.9501	-606.5715	0.6996671
2639.26	-600.8184	-606.5692	0.699703
2639.27	-600.6866	-606.5668	0.6997419
2639.28	-600.5549	-606.5646	0.6997837
2639.29	-600.423	-606.5623	0.6998283
2639.3	-600.2912	-606.5599	0.6998755
2639.31	-600.1594	-606.5577	0.6999251
2639.32	-600.0275	-606.5554	0.6999771
2639.33	-599.8956	-606.553	0.7000312
2639.34	-599.7636	-606.5508	0.7000875
2639.35	-599.6317	-606.5485	0.7001458
2639.36	-599.4997	-606.5461	0.700206
2639.37	-599.3677	-606.5439	0.7002681
2639.38	-599.2357	-606.5416	0.7003318
2639.39	-599.1036	-606.5393	0.7003971
2639.4	-598.9715	-606.537	0.7004641
2639.41	-598.8394	-606.5347	0.7005325
2639.42	-598.7073	-606.5324	0.7006024
2639.43	-598.5751	-606.5302	0.7006735
2639.44	-598.4429	-606.5279	0.7007459
2639.45	-598.3107	-606.5256	0.7008195
2639.46	-598.1785	-606.5234	0.7008942
2639.47	-598.0463	-606.5212	0.7009701
2639.48	-597.914	-606.519	0.701047
2639.49	-597.7817	-606.5167	0.7011248
2639.5	-597.6494	-606.5146	0.7012036
2639.51	-597.5171	-606.5125	0.7012833
2639.52	-597.3847	-606.5103	0.7013639
2639.53	-597.2523	-606.5081	0.7014451
2639.54	-597.1199	-606.506	0.7015272
2639.55	-596.9875	-606.5039	0.70161
2639.56	-596.855	-606.5018	0.7016935
2639.57	-596.7225	-606.4998	0.7017777
2639.58	-596.59	-606.4977	0.7018625
2639.59	-596.4575	-606.4957	0.7019478
2639.6	-596.3249	-606.4936	0.7020337
2639.61	-596.1923	-606.4916	0.7021201
2639.62	-596.0597	-606.4897	0.7022071
2639.63	-595.9271	-606.4877	0.7022945
2639.64	-595.7944	-606.4858	0.7023824
2639.65	-595.6617	-606.4838	0.7024707
2639.66	-595.529	-606.482	0.7025595
2639.67	-595.3962	-606.4802	0.7026485
2639.68	-595.2635	-606.4783	0.702738
2639.69	-595.1307	-606.4765	0.7028278
2639.7	-594.9979	-606.4747	0.702918
2639.71	-594.8651	-606.473	0.7030084
2639.72	-594.7322	-606.4712	0.703099
2639.73	-594.5993	-606.4695	0.7031898
2639.74	-594.4664	-606.4678	0.7032807
2639.75	-594.3334	-606.4661	0.7033715
2639.76	-594.2005	-606.4645	0.7034622
2639.77	-594.0675	-606.4629	0.7035527
2639.78	-593.9344	-606.4613	0.7036431
2639.79	-593.8014	-606.4598	0.7037328
2639.8	-593.6683	-606.4582	0.7038218
2639.81	-593.5352	-606.4567	0.7039103
2639.82	-593.4021	-606.4552	0.703998
2639.83	-593.2689	-606.4538	0.7040852
2639.84	-593.1357	-606.4524	0.7041718
2639.85	-593.0024	-606.4509	0.7042573
2639.86	-592.8692	-606.4496	0.7043417
2639.87	-592.7359	-606.4482	0.7044249
2639.88	-592.6025	-606.4469	0.7045072
2639.89	-592.4692	-606.4456	0.7045881
2639.9	-592.3358	-606.4443	0.7046678
2639.91	-592.2024	-606.443	0.7047463
2639.92	-592.0689	-606.4418	0.7048236
2639.93	-591.9354	-606.4406	0.7048998
2639.94	-591.8019	-606.4394	0.7049749
2639.95	-591.6683	-606.4382	0.7050491
2639.96	-591.5347	-606.4371	0.7051222
2639.97	-591.4011	-606.436	0.7051944
2639.98	-591.2674	-606.4349	0.7052658
2639.99	-591.1337	-606.4338	0.7053363
2640	-590.9999	-606.4329	0.705406
2640.01	-590.8661	-606.4318	0.705475
2640.02	-590.7324	-606.4308	0.7055433
2640.03	-590.5985	-606.4299	0.7056109
2640.04	-590.4647	-606.429	0.7056779
2640.05	-590.3307	-606.428	0.7057443
2640.06	-590.1968	-606.4271	0.7058101
2640.07	-590.0628	-606.4263	0.7058753
2640.08	-589.9288	-606.4255	0.7059401
2640.09	-589.7947	-606.4247	0.7060043
2640.1	-589.6606	-606.4239	0.7060682
2640.11	-589.5265	-606.4232	0.7061316
2640.12	-589.3923	-606.4224	0.7061945
2640.13	-589.2581	-606.4217	0.7062571
2640.14	-589.1238	-606.4211	0.7063193
2640.15	-588.9896	-606.4204	0.7063811
2640.16	-588.8552	-606.4198	0.7064426
2640.17	-588.7209	-606.4192	0.7065038
2640.18	-588.5865	-606.4186	0.7065645
2640.19	-588.452	-606.4181	0.7066251
2640.2	-588.3176	-606.4175	0.7066852
2640.21	-588.1831	-606.4171	0.7067449
2640.22	-588.0486	-606.4166	0.7068042
2640.23	-587.914	-606.4161	0.7068632
2640.24	-587.7794	-606.4157	0.7069218
2640.25	-587.6447	-606.4153	0.7069793
2640.26	-587.5101	-606.4149	0.707036
2640.27	-587.3754	-606.4146	0.7070916
2640.28	-587.2406	-606.4142	0.7071463
2640.29	-587.1058	-606.4139	0.7071993
2640.3	-586.971	-606.4136	0.7072504
2640.31	-586.8362	-606.4133	0.7072999
2640.32	-586.7013	-606.413	0.7073478
2640.33	-586.5663	-606.4128	0.7073942
2640.34	-586.4314	-606.4125	0.7074392
2640.35	-586.2964	-606.4123	0.7074817
2640.36	-586.1614	-606.4121	0.7075217
2640.37	-586.0263	-606.4119	0.7075593
2640.38	-585.8912	-606.4117	0.7075948
2640.39	-585.756	-606.4116	0.7076281
2640.4	-585.6208	-606.4114	0.7076586
2640.41	-585.4857	-606.4113	0.7076863
2640.42	-585.3504	-606.4112	0.7077115
2640.43	-585.2151	-606.4111	0.7077342
2640.44	-585.0798	-606.4109	0.7077547
2640.45	-584.9445	-606.4108	0.7077724
2640.46	-584.8091	-606.4108	0.7077876
2640.47	-584.6736	-606.4107	0.7078006
2640.48	-584.5381	-606.4106	0.7078111
2640.49	-584.4026	-606.4106	0.7078196
2640.5	-584.2672	-606.4105	0.707826
2640.51	-584.1316	-606.4105	0.7078305
2640.52	-583.996	-606.4104	0.7078331
2640.53	-583.8603	-606.4104	0.707834
2640.54	-583.7246	-606.4104	0.7078333
2640.55	-583.5889	-606.4104	0.707831
2640.56	-583.4532	-606.4104	0.7078271
2640.57	-583.3174	-606.4104	0.7078218
2640.58	-583.1815	-606.4104	0.7078152
2640.59	-583.0457	-606.4104	0.7078073
2640.6	-582.9098	-606.4104	0.7077982
2640.61	-582.7739	-606.4105	0.7077879
2640.62	-582.6379	-606.4105	0.7077765
2640.63	-582.5018	-606.4105	0.7077641
2640.64	-582.3658	-606.4106	0.7077506
2640.65	-582.2297	-606.4106	0.7077363
2640.66	-582.0936	-606.4107	0.707721
2640.67	-581.9574	-606.4108	0.7077048
2640.68	-581.8212	-606.4108	0.7076879
2640.69	-581.6849	-606.4109	0.7076702
2640.7	-581.5486	-606.4109	0.7076517
2640.71	-581.4123	-606.4109	0.7076325
2640.72	-581.2759	-606.411	0.7076126
2640.73	-581.1395	-606.4111	0.7075921
2640.74	-581.0031	-606.4111	0.707571
2640.75	-580.8666	-606.4112	0.7075494
2640.76	-580.73	-606.4113	0.7075272
2640.77	-580.5935	-606.4113	0.7075045
2640.78	-580.4569	-606.4113	0.7074813
2640.79	-580.3203	-606.4114	0.7074575
2640.8	-580.1836	-606.4114	0.7074334
2640.81	-580.0469	-606.4115	0.7074088
2640.82	-579.9101	-606.4116	0.7073838
2640.83	-579.7733	-606.4116	0.7073584
2640.84	-579.6364	-606.4116	0.7073327
2640.85	-579.4995	-606.4117	0.7073064
2640.86	-579.3626	-606.4117	0.70728
2640.87	-579.2256	-606.4118	0.7072532
2640.88	-579.0886	-606.4119	0.7072262
2640.89	-578.9516	-606.4119	0.7071987
2640.9	-578.8145	-606.4119	0.7071711
2640.91	-578.6774	-606.4119	0.7071431
2640.92	-578.5402	-606.4119	0.7071148
2640.93	-578.4029	-606.4119	0.7070864
2640.94	-578.2656	-606.4119	0.7070577
2640.95	-578.1283	-606.4119	0.7070287
2640.96	-577.9909	-606.4119	0.7069995
2640.97	-577.8535	-606.4119	0.7069702
2640.98	-577.716	-606.4119	0.7069406
2640.99	-577.5785	-606.4119	0.7069108
2641	-577.4409	-606.4119	0.7068809
2641.01	-577.3033	-606.4117	0.7068508
2641.02	-577.1656	-606.4117	0.7068205
2641.03	-577.0279	-606.4116	0.7067901
2641.04	-576.8901	-606.4116	0.7067595
2641.05	-576.7523	-606.4114	0.7067286
2641.06	-576.6144	-606.4114	0.7066977
2641.07	-576.4765	-606.4113	0.7066667
2641.08	-576.3386	-606.4113	0.7066355
2641.09	-576.2006	-606.4111	0.7066042
2641.1	-576.0625	-606.4109	0.7065728
2641.11	-575.9244	-606.4108	0.7065413
2641.12	-575.7862	-606.4107	0.7065097
2641.13	-575.648	-606.4106	0.706478
2641.14	-575.5098	-606.4105	0.7064462
2641.15	-575.3715	-606.4103	0.7064142
2641.16	-575.2331	-606.4101	0.7063822
2641.17	-575.0947	-606.4099	0.7063501
2641.18	-574.9562	-606.4097	0.706318
2641.19	-574.8177	-606.4095	0.7062857
2641.2	-574.6792	-606.4093	0.7062533
2641.21	-574.5406	-606.4091	0.7062209
2641.22	-574.4019	-606.4089	0.7061885
2641.23	-574.2632	-606.4086	0.706156
2641.24	-574.1245	-606.4083	0.7061233
2641.25	-573.9857	-606.4081	0.7060906
2641.26	-573.8469	-606.4078	0.706058
2641.27	-573.7079	-606.4076	0.7060252
2641.28	-573.569	-606.4073	0.7059923
2641.29	-573.4301	-606.4069	0.7059594
2641.3	-573.291	-606.4066	0.7059265
2641.31	-573.1519	-606.4063	0.7058935
2641.32	-573.0128	-606.406	0.7058604
2641.33	-572.8736	-606.4056	0.7058274
2641.34	-572.7344	-606.4052	0.7057943
2641.35	-572.5951	-606.4048	0.7057611
2641.36	-572.4557	-606.4045	0.7057279
2641.37	-572.3163	-606.4041	0.7056946
2641.38	-572.1769	-606.4037	0.7056614
2641.39	-572.0375	-606.4033	0.705628
2641.4	-571.8979	-606.4028	0.7055947
2641.41	-571.7584	-606.4024	0.7055613
2641.42	-571.6187	-606.402	0.7055278
2641.43	-571.4791	-606.4015	0.7054944
2641.44	-571.3394	-606.401	0.7054609
2641.45	-571.1996	-606.4005	0.7054274
2641.46	-571.0598	-606.4	0.7053939
2641.47	-570.9199	-606.3995	0.7053603
2641.48	-570.78	-606.399	0.7053267
2641.49	-570.6401	-606.3984	0.7052932
2641.5	-570.5001	-606.3979	0.7052594
2641.51	-570.36	-606.3973	0.7052257
2641.52	-570.2199	-606.3967	0.7051921
2641.53	-570.0798	-606.3962	0.7051584
2641.54	-569.9396	-606.3956	0.7051246
2641.55	-569.7993	-606.395	0.7050908
2641.56	-569.6591	-606.3943	0.705057
2641.57	-569.5187	-606.3937	0.7050232
2641.58	-569.3784	-606.393	0.7049894
2641.59	-569.2379	-606.3923	0.7049555
2641.6	-569.0975	-606.3917	0.7049216
2641.61	-568.957	-606.3909	0.7048877
2641.62	-568.8164	-606.3903	0.7048538
2641.63	-568.6758	-606.3895	0.7048199
2641.64	-568.5351	-606.3888	0.7047859
2641.65	-568.3943	-606.388	0.7047519
2641.66	-568.2536	-606.3873	0.7047179
2641.67	-568.1128	-606.3865	0.7046839
2641.68	-567.9719	-606.3857	0.7046498
2641.69	-567.831	-606.3849	0.7046158
2641.7	-567.6901	-606.3841	0.7045817
2641.71	-567.5491	-606.3833	0.7045476
2641.72	-567.408	-606.3824	0.7045135
2641.73	-567.2669	-606.3816	0.7044794
2641.74	-567.1258	-606.3807	0.7044452
2641.75	-566.9846	-606.3798	0.7044111
2641.76	-566.8434	-606.379	0.7043769
2641.77	-566.7021	-606.3781	0.7043427
2641.78	-566.5607	-606.3771	0.7043085
2641.79	-566.4194	-606.3762	0.7042743
2641.8	-566.278	-606.3752	0.70424
2641.81	-566.1365	-606.3743	0.7042058
2641.82	-565.9949	-606.3734	0.7041715
2641.83	-565.8533	-606.3723	0.7041372
2641.84	-565.7117	-606.3713	0.7041029
2641.85	-565.57	-606.3704	0.7040686
2641.86	-565.4283	-606.3693	0.7040343
2641.87	-565.2865	-606.3682	0.7039999
2641.88	-565.1447	-606.3672	0.7039655
2641.89	-565.0028	-606.3661	0.7039312
2641.9	-564.8609	-606.3651	0.7038968
2641.91	-564.7189	-606.364	0.7038624
2641.92	-564.5769	-606.3629	0.703828
2641.93	-564.4348	-606.3618	0.7037936
2641.94	-564.2927	-606.3607	0.7037591
2641.95	-564.1506	-606.3595	0.7037247
2641.96	-564.0084	-606.3583	0.7036902
2641.97	-563.8661	-606.3571	0.7036557
2641.98	-563.7238	-606.356	0.7036211
2641.99	-563.5815	-606.3547	0.7035867
2642	-563.4391	-606.3535	0.7035522
2642.01	-563.2966	-606.3522	0.7035176
2642.02	-563.1542	-606.351	0.703483
2642.03	-563.0117	-606.3498	0.7034485
2642.04	-562.8691	-606.3485	0.7034138
2642.05	-562.7264	-606.3472	0.7033793
2642.06	-562.5838	-606.3459	0.7033447
2642.07	-562.4411	-606.3446	0.7033101
2642.08	-562.2983	-606.3433	0.7032754
2642.09	-562.1555	-606.3419	0.7032408
2642.1	-562.0127	-606.3405	0.7032061
2642.11	-561.8698	-606.3392	0.7031714
2642.12	-561.7269	-606.3378	0.7031367
2642.13	-561.5839	-606.3364	0.7031021
2642.14	-561.4409	-606.3349	0.7030673
2642.15	-561.2978	-606.3335	0.7030326
2642.16	-561.1547	-606.3321	0.7029979
2642.17	-561.0115	-606.3306	0.7029631
2642.18	-560.8682	-606.3291	0.7029284
2642.19	-560.725	-606.3276	0.7028936
2642.2	-560.5817	-606.3262	0.7028587
2642.21	-560.4383	-606.3246	0.7028239
2642.22	-560.2949	-606.3231	0.7027891
2642.23	-560.1514	-606.3215	0.7027543
2642.24	-560.0079	-606.32	0.7027194
2642.25	-559.8643	-606.3184	0.7026846
2642.26	-559.7207	-606.3168	0.7026497
2642.27	-559.577	-606.3152	0.7026148
2642.28	-559.4333	-606.3136	0.70258
2642.29	-559.2896	-606.312	0.702545
2642.3	-559.1458	-606.3104	0.7025101
2642.31	-559.0019	-606.3087	0.7024752
2642.32	-558.858	-606.307	0.7024403
2642.33	-558.7141	-606.3054	0.7024053
2642.34	-558.5701	-606.3036	0.7023703
2642.35	-558.4261	-606.3019	0.7023354
2642.36	-558.282	-606.3002	0.7023003
2642.37	-558.1379	-606.2985	0.7022654
2642.38	-557.9938	-606.2967	0.7022304
2642.39	-557.8496	-606.2949	0.7021953
2642.4	-557.7054	-606.2931	0.7021602
2642.41	-557.5611	-606.2913	0.7021252
2642.42	-557.4167	-606.2895	0.7020901
2642.43	-557.2723	-606.2877	0.702055
2642.44	-557.1279	-606.2858	0.7020199
2642.45	-556.9835	-606.2839	0.7019849
2642.46	-556.8389	-606.282	0.7019497
2642.47	-556.6943	-606.2802	0.7019146
2642.48	-556.5497	-606.2782	0.7018794
2642.49	-556.405	-606.2763	0.7018445
2642.5	-556.2603	-606.2744	0.7018094
2642.51	-556.1155	-606.2725	0.7017744
2642.52	-555.9707	-606.2705	0.7017395
2642.53	-555.8259	-606.2685	0.7017046
2642.54	-555.681	-606.2665	0.7016703
2642.55	-555.536	-606.2645	0.7016364
2642.56	-555.391	-606.2625	0.701603
2642.57	-555.246	-606.2604	0.70157
2642.58	-555.1009	-606.2584	0.7015375
2642.59	-554.9557	-606.2564	0.7015058
2642.6	-554.8106	-606.2543	0.701475
2642.61	-554.6654	-606.2523	0.7014449
2642.62	-554.5201	-606.2501	0.7014156
2642.63	-554.3748	-606.248	0.701387
2642.64	-554.2295	-606.246	0.7013592
2642.65	-554.0841	-606.2438	0.701332
2642.66	-553.9387	-606.2417	0.7013056
2642.67	-553.7932	-606.2396	0.7012798
2642.68	-553.6476	-606.2374	0.7012546
2642.69	-553.502	-606.2352	0.7012301
2642.7	-553.3563	-606.233	0.7012061
2642.71	-553.2106	-606.2308	0.7011825
2642.72	-553.0649	-606.2286	0.7011596
2642.73	-552.9191	-606.2264	0.701137
2642.74	-552.7733	-606.2242	0.7011151
2642.75	-552.6274	-606.2219	0.7010934
2642.76	-552.4815	-606.2197	0.7010723
2642.77	-552.3356	-606.2174	0.7010515
2642.78	-552.1896	-606.2151	0.7010311
2642.79	-552.0435	-606.2129	0.7010111
2642.8	-551.8975	-606.2106	0.7009913
2642.81	-551.7513	-606.2082	0.700972
2642.82	-551.6052	-606.2059	0.7009529
2642.83	-551.4589	-606.2036	0.7009342
2642.84	-551.3126	-606.2012	0.7009158
2642.85	-551.1663	-606.1989	0.7008976
2642.86	-551.02	-606.1965	0.7008796
2642.87	-550.8735	-606.1942	0.7008619
2642.88	-550.7271	-606.1918	0.7008444
2642.89	-550.5806	-606.1894	0.7008272
2642.9	-550.434	-606.187	0.7008101
2642.91	-550.2874	-606.1846	0.7007933
2642.92	-550.1408	-606.1821	0.7007767
2642.93	-549.9941	-606.1797	0.7007602
2642.94	-549.8474	-606.1772	0.700744
2642.95	-549.7007	-606.1748	0.7007278
2642.96	-549.5539	-606.1724	0.7007119
2642.97	-549.407	-606.1699	0.7006961
2642.98	-549.2601	-606.1674	0.7006804
2642.99	-549.1132	-606.1649	0.7006649
2643	-548.9662	-606.1624	0.7006495
2643.01	-548.8192	-606.1599	0.7006342
2643.02	-548.6721	-606.1573	0.7006191
2643.03	-548.5249	-606.1548	0.7006041
2643.04	-548.3777	-606.1523	0.7005892
2643.05	-548.2305	-606.1498	0.7005743
2643.06	-548.0832	-606.1472	0.7005596
2643.07	-547.9359	-606.1447	0.700545
2643.08	-547.7885	-606.1421	0.7005304
2643.09	-547.6411	-606.1395	0.700516
2643.1	-547.4937	-606.1369	0.7005017
2643.11	-547.3462	-606.1343	0.7004876
2643.12	-547.1987	-606.1317	0.7004736
2643.13	-547.0511	-606.1291	0.7004597
2643.14	-546.9035	-606.1265	0.7004464
2643.15	-546.7559	-606.1238	0.7004337
2643.16	-546.6082	-606.1212	0.7004215
2643.17	-546.4604	-606.1186	0.7004099
2643.18	-546.3126	-606.116	0.7003988
2643.19	-546.1647	-606.1133	0.7003897
2643.2	-546.0168	-606.1107	0.7003825
2643.21	-545.8689	-606.1081	0.7003772
2643.22	-545.7209	-606.1055	0.7003736
2643.23	-545.5729	-606.1028	0.7003717
2643.24	-545.4248	-606.1002	0.7003735
2643.25	-545.2767	-606.0976	0.7003789
2643.26	-545.1285	-606.095	0.7003878
2643.27	-544.9803	-606.0923	0.7003998
2643.28	-544.8321	-606.0897	0.700415
2643.29	-544.6838	-606.0871	0.700435
2643.3	-544.5355	-606.0845	0.7004597
2643.31	-544.3871	-606.0818	0.7004886
2643.32	-544.2387	-606.0793	0.7005218
2643.33	-544.0902	-606.0767	0.7005591
2643.34	-543.9417	-606.0742	0.7006001
2643.35	-543.7931	-606.0716	0.7006461
2643.36	-543.6445	-606.0691	0.7006966
2643.37	-543.4958	-606.0665	0.7007516
2643.38	-543.3472	-606.064	0.7008108
2643.39	-543.1984	-606.0616	0.7008741
2643.4	-543.0497	-606.0591	0.7009419
2643.41	-542.9009	-606.0566	0.7010137
2643.42	-542.752	-606.0542	0.7010897
2643.43	-542.6031	-606.0518	0.7011696
2643.44	-542.4541	-606.0494	0.7012531
2643.45	-542.3051	-606.0471	0.701341
2643.46	-542.1561	-606.0447	0.7014328
2643.47	-542.007	-606.0424	0.7015285
2643.48	-541.8578	-606.0401	0.7016279
2643.49	-541.7086	-606.0378	0.7017307
2643.5	-541.5594	-606.0356	0.7018374
2643.51	-541.4101	-606.0334	0.7019476
2643.52	-541.2608	-606.0312	0.7020613
2643.53	-541.1115	-606.029	0.7021784
2643.54	-540.962	-606.0269	0.7022985
2643.55	-540.8126	-606.0248	0.7024222
2643.56	-540.6631	-606.0227	0.7025491
2643.57	-540.5136	-606.0207	0.7026791
2643.58	-540.364	-606.0187	0.702812
2643.59	-540.2144	-606.0167	0.7029477
2643.6	-540.0647	-606.0148	0.7030863
2643.61	-539.915	-606.0129	0.7032276
2643.62	-539.7652	-606.0111	0.7033715
2643.63	-539.6154	-606.0093	0.703518
2643.64	-539.4656	-606.0075	0.7036668
2643.65	-539.3157	-606.0058	0.7038178
2643.66	-539.1658	-606.0041	0.7039711
2643.67	-539.0158	-606.0024	0.7041264
2643.68	-538.8658	-606.0009	0.7042836
2643.69	-538.7157	-605.9993	0.7044427
2643.7	-538.5656	-605.9978	0.7046036
2643.71	-538.4155	-605.9963	0.7047661
2643.72	-538.2653	-605.995	0.7049302
2643.73	-538.115	-605.9937	0.7050959
2643.74	-537.9647	-605.9923	0.7052631
2643.75	-537.8144	-605.991	0.7054318
2643.76	-537.664	-605.9898	0.7056016
2643.77	-537.5136	-605.9886	0.7057726
2643.78	-537.3632	-605.9875	0.7059448
2643.79	-537.2126	-605.9865	0.7061181
2643.8	-537.0621	-605.9855	0.7062924
2643.81	-536.9116	-605.9846	0.7064676
2643.82	-536.7609	-605.9836	0.7066438
2643.83	-536.6102	-605.9828	0.7068207
2643.84	-536.4595	-605.982	0.706998
2643.85	-536.3088	-605.9813	0.7071755
2643.86	-536.158	-605.9807	0.7073533
2643.87	-536.0071	-605.98	0.7075313
2643.88	-535.8563	-605.9795	0.7077095
2643.89	-535.7053	-605.979	0.7078869
2643.9	-535.5544	-605.9786	0.7080635
2643.91	-535.4034	-605.9782	0.7082394
2643.92	-535.2523	-605.978	0.7084146
2643.93	-535.1012	-605.9777	0.708589
2643.94	-534.9501	-605.9775	0.7087616
2643.95	-534.7989	-605.9773	0.7089325
2643.96	-534.6476	-605.9772	0.7091018
2643.97	-534.4964	-605.9771	0.7092696
2643.98	-534.3451	-605.9771	0.7094358
2643.99	-534.1937	-605.9772	0.7096007
2644	-534.0424	-605.9774	0.7097631
2644.01	-533.8909	-605.9775	0.709923
2644.02	-533.7394	-605.9778	0.7100806
2644.03	-533.5879	-605.9781	0.7102361
2644.04	-533.4363	-605.9785	0.7103881
2644.05	-533.2847	-605.9789	0.710537
2644.06	-533.1331	-605.9794	0.7106827
2644.07	-532.9814	-605.9799	0.7108256
2644.08	-532.8297	-605.9805	0.7109656
2644.09	-532.6779	-605.9811	0.7111019
2644.1	-532.5261	-605.9818	0.7112345
2644.11	-532.3743	-605.9825	0.7113636
2644.12	-532.2224	-605.9833	0.7114894
2644.13	-532.0704	-605.9841	0.7116121
2644.14	-531.9184	-605.985	0.711731
2644.15	-531.7664	-605.986	0.7118464
2644.16	-531.6143	-605.9869	0.7119583
2644.17	-531.4622	-605.988	0.7120671
2644.18	-531.3101	-605.9891	0.7121726
2644.19	-531.1579	-605.9902	0.7122747
2644.2	-531.0057	-605.9914	0.7123734
2644.21	-530.8534	-605.9926	0.7124688
2644.22	-530.701	-605.9938	0.7125612
2644.23	-530.5486	-605.9952	0.7126506
2644.24	-530.3962	-605.9965	0.7127367
2644.25	-530.2438	-605.998	0.7128196
2644.26	-530.0913	-605.9995	0.7128996
2644.27	-529.9388	-606.0009	0.7129765
2644.28	-529.7862	-606.0025	0.7130508
2644.29	-529.6335	-606.004	0.7131224
2644.3	-529.4809	-606.0057	0.7131907
2644.31	-529.3282	-606.0073	0.7132556
2644.32	-529.1754	-606.009	0.7133175
2644.33	-529.0226	-606.0107	0.7133764
2644.34	-528.8698	-606.0125	0.7134326
2644.35	-528.717	-606.0143	0.7134851
2644.36	-528.5641	-606.0162	0.7135342
2644.37	-528.4111	-606.018	0.7135801
2644.38	-528.2581	-606.0199	0.7136229
2644.39	-528.105	-606.0219	0.7136627
2644.4	-527.952	-606.0239	0.7136983
2644.41	-527.7988	-606.0259	0.7137302
2644.42	-527.6457	-606.0279	0.7137583
2644.43	-527.4925	-606.0299	0.7137829
2644.44	-527.3392	-606.032	0.7138041
2644.45	-527.186	-606.0341	0.7138213
2644.46	-527.0327	-606.0363	0.7138348
2644.47	-526.8793	-606.0384	0.7138447
2644.48	-526.7258	-606.0405	0.7138511
2644.49	-526.5724	-606.0427	0.7138543
2644.5	-526.4189	-606.0449	0.7138542
2644.51	-526.2654	-606.0471	0.7138509
2644.52	-526.1118	-606.0494	0.7138446
2644.53	-525.9582	-606.0516	0.7138354
2644.54	-525.8046	-606.0539	0.7138234
2644.55	-525.6509	-606.0562	0.713809
2644.56	-525.4971	-606.0585	0.7137918
2644.57	-525.3433	-606.0608	0.7137724
2644.58	-525.1895	-606.0631	0.7137507
2644.59	-525.0356	-606.0655	0.7137268
2644.6	-524.8817	-606.0679	0.7137008
2644.61	-524.7277	-606.0703	0.7136729
2644.62	-524.5737	-606.0726	0.713643
2644.63	-524.4197	-606.075	0.7136113
2644.64	-524.2656	-606.0773	0.7135779
2644.65	-524.1115	-606.0798	0.7135429
2644.66	-523.9573	-606.0822	0.7135063
2644.67	-523.8031	-606.0846	0.7134681
2644.68	-523.6489	-606.087	0.7134286
2644.69	-523.4946	-606.0895	0.7133877
2644.7	-523.3403	-606.0919	0.7133454
2644.71	-523.1859	-606.0943	0.7133019
2644.72	-523.0315	-606.0967	0.7132572
2644.73	-522.877	-606.0992	0.7132114
2644.74	-522.7225	-606.1016	0.7131644
2644.75	-522.5679	-606.104	0.7131163
2644.76	-522.4133	-606.1064	0.7130674
2644.77	-522.2587	-606.1088	0.7130173
2644.78	-522.1041	-606.1113	0.7129664
2644.79	-521.9494	-606.1137	0.7129146
2644.8	-521.7947	-606.1161	0.712862
2644.81	-521.6399	-606.1185	0.7128085
2644.82	-521.485	-606.121	0.7127543
2644.83	-521.3301	-606.1234	0.7126993
2644.84	-521.1752	-606.1258	0.7126435
2644.85	-521.0203	-606.1281	0.7125871
2644.86	-520.8653	-606.1305	0.71253
2644.87	-520.7103	-606.1329	0.7124724
2644.88	-520.5552	-606.1352	0.712414
2644.89	-520.4001	-606.1376	0.7123551
2644.9	-520.2449	-606.14	0.7122957
2644.91	-520.0897	-606.1422	0.7122357
2644.92	-519.9344	-606.1445	0.7121753
2644.93	-519.7792	-606.1468	0.7121143
2644.94	-519.6238	-606.1491	0.7120528
2644.95	-519.4685	-606.1514	0.711991
2644.96	-519.3131	-606.1536	0.7119287
2644.97	-519.1577	-606.1559	0.7118661
2644.98	-519.0021	-606.1581	0.7118031
2644.99	-518.8466	-606.1603	0.7117397
2645	-518.691	-606.1625	0.7116761
2645.01	-518.5353	-606.1647	0.7116124
2645.02	-518.3797	-606.1669	0.7115489
2645.03	-518.224	-606.1691	0.7114853
2645.04	-518.0682	-606.1713	0.7114218
2645.05	-517.9125	-606.1733	0.7113591
2645.06	-517.7567	-606.1755	0.7112971
2645.07	-517.6008	-606.1776	0.7112359
2645.08	-517.4448	-606.1797	0.7111753
2645.09	-517.2889	-606.1818	0.7111165
2645.1	-517.1329	-606.1838	0.7110593
2645.11	-516.9769	-606.1859	0.7110038
2645.12	-516.8208	-606.1879	0.7109497
2645.13	-516.6647	-606.1899	0.7108971
2645.14	-516.5085	-606.1919	0.7108469
2645.15	-516.3524	-606.1939	0.7107987
2645.16	-516.1961	-606.1959	0.7107526
2645.17	-516.0398	-606.1979	0.7107084
2645.18	-515.8835	-606.1998	0.7106662
2645.19	-515.7271	-606.2017	0.7106259
2645.2	-515.5707	-606.2037	0.7105874
2645.21	-515.4143	-606.2056	0.7105509
2645.22	-515.2578	-606.2075	0.710516
2645.23	-515.1013	-606.2094	0.7104828
2645.24	-514.9446	-606.2112	0.7104511
2645.25	-514.788	-606.2131	0.7104209
2645.26	-514.6313	-606.215	0.7103922
2645.27	-514.4747	-606.2169	0.710365
2645.28	-514.3179	-606.2186	0.710339
2645.29	-514.1612	-606.2205	0.7103143
2645.3	-514.0044	-606.2223	0.7102907
2645.31	-513.8475	-606.2241	0.7102682
2645.32	-513.6906	-606.2258	0.710247
2645.33	-513.5336	-606.2276	0.7102268
2645.34	-513.3766	-606.2294	0.7102076
2645.35	-513.2196	-606.2311	0.7101893
2645.36	-513.0626	-606.2328	0.7101719
2645.37	-512.9055	-606.2345	0.7101555
2645.38	-512.7483	-606.2362	0.7101398
2645.39	-512.5911	-606.2379	0.710125
2645.4	-512.4338	-606.2396	0.7101109
2645.41	-512.2766	-606.2413	0.7100976
2645.42	-512.1193	-606.2429	0.710085
2645.43	-511.9619	-606.2446	0.7100731
2645.44	-511.8045	-606.2462	0.7100618
2645.45	-511.647	-606.2479	0.7100511
2645.46	-511.4896	-606.2495	0.710041
2645.47	-511.3321	-606.251	0.7100314
2645.48	-511.1745	-606.2526	0.7100224
2645.49	-511.0169	-606.2542	0.7100139
2645.5	-510.8593	-606.2557	0.7100059
2645.51	-510.7016	-606.2573	0.7099984
2645.52	-510.5439	-606.2589	0.7099913
2645.53	-510.3861	-606.2604	0.7099846
2645.54	-510.2283	-606.262	0.7099784
2645.55	-510.0705	-606.2635	0.7099725
2645.56	-509.9126	-606.265	0.7099671
2645.57	-509.7547	-606.2665	0.7099619
2645.58	-509.5967	-606.2681	0.7099572
2645.59	-509.4387	-606.2696	0.7099527
2645.6	-509.2807	-606.2711	0.7099485
2645.61	-509.1226	-606.2725	0.7099447
2645.62	-508.9645	-606.274	0.7099411
2645.63	-508.8063	-606.2755	0.7099379
2645.64	-508.6482	-606.2769	0.7099349
2645.65	-508.4899	-606.2784	0.7099321
2645.66	-508.3317	-606.2798	0.7099296
2645.67	-508.1733	-606.2813	0.7099273
2645.68	-508.015	-606.2828	0.7099252
2645.69	-507.8565	-606.2842	0.7099234
2645.7	-507.6981	-606.2856	0.7099217
2645.71	-507.5396	-606.287	0.7099203
2645.72	-507.3811	-606.2885	0.709919
2645.73	-507.2225	-606.2899	0.7099179
2645.74	-507.0639	-606.2913	0.7099169
2645.75	-506.9053	-606.2927	0.7099162
2645.76	-506.7466	-606.2941	0.7099156
2645.77	-506.5879	-606.2955	0.7099151
2645.78	-506.4291	-606.2969	0.7099148
2645.79	-506.2703	-606.2983	0.7099146
2645.8	-506.1114	-606.2997	0.7099145
2645.81	-505.9525	-606.3011	0.7099145
2645.82	-505.7936	-606.3025	0.7099147
2645.83	-505.6346	-606.3039	0.709915
2645.84	-505.4756	-606.3053	0.7099154
2645.85	-505.3166	-606.3066	0.7099159
2645.86	-505.1575	-606.308	0.7099165
2645.87	-504.9984	-606.3093	0.7099172
2645.88	-504.8392	-606.3107	0.709918
2645.89	-504.68	-606.312	0.7099189
2645.9	-504.5208	-606.3134	0.7099198
2645.91	-504.3615	-606.3147	0.7099209
2645.92	-504.2021	-606.316	0.709922
2645.93	-504.0428	-606.3174	0.7099232
2645.94	-503.8834	-606.3187	0.7099245
2645.95	-503.724	-606.3201	0.7099258
2645.96	-503.5645	-606.3214	0.7099273
2645.97	-503.405	-606.3228	0.7099287
2645.98	-503.2454	-606.3241	0.7099302
2645.99	-503.0858	-606.3254	0.7099318
2646	-502.9262	-606.3268	0.7099334
2646.01	-502.7665	-606.3281	0.7099351
2646.02	-502.6068	-606.3295	0.7099369
2646.03	-502.447	-606.3308	0.7099386
2646.04	-502.2872	-606.3322	0.7099404
2646.05	-502.1274	-606.3335	0.7099423
2646.06	-501.9675	-606.3348	0.7099443
2646.07	-501.8076	-606.3362	0.7099462
2646.08	-501.6476	-606.3375	0.7099482
2646.09	-501.4876	-606.3389	0.7099503
2646.1	-501.3276	-606.3402	0.7099523
2646.11	-501.1675	-606.3416	0.7099544
2646.12	-501.0074	-606.3429	0.7099566
2646.13	-500.8472	-606.3442	0.7099587
2646.14	-500.687	-606.3456	0.7099609
2646.15	-500.5268	-606.3469	0.7099632
2646.16	-500.3665	-606.3483	0.7099655
2646.17	-500.2062	-606.3496	0.7099678
2646.18	-500.0458	-606.351	0.7099701
2646.19	-499.8854	-606.3523	0.7099724
2646.2	-499.725	-606.3536	0.7099748
2646.21	-499.5645	-606.355	0.7099772
2646.22	-499.404	-606.3563	0.7099796
2646.23	-499.2435	-606.3577	0.709982
2646.24	-499.0829	-606.359	0.7099845
2646.25	-498.9222	-606.3604	0.709987
2646.26	-498.7616	-606.3617	0.7099895
2646.27	-498.6009	-606.363	0.709992
2646.28	-498.4401	-606.3644	0.7099945
2646.29	-498.2793	-606.3657	0.709997
2646.3	-498.1184	-606.3671	0.7099996
2646.31	-497.9576	-606.3684	0.7100021
2646.32	-497.7967	-606.3698	0.7100047
2646.33	-497.6357	-606.3711	0.7100074
2646.34	-497.4748	-606.3724	0.71001
2646.35	-497.3138	-606.3738	0.7100126
2646.36	-497.1527	-606.3751	0.7100152
2646.37	-496.9916	-606.3765	0.7100179
2646.38	-496.8305	-606.3778	0.7100205
2646.39	-496.6693	-606.3792	0.7100232
2646.4	-496.5081	-606.3805	0.7100259
2646.41	-496.3468	-606.3818	0.7100286
2646.42	-496.1855	-606.3832	0.7100313
2646.43	-496.0242	-606.3845	0.7100341
2646.44	-495.8628	-606.3859	0.7100368
2646.45	-495.7014	-606.3872	0.7100395
2646.46	-495.54	-606.3886	0.7100422
2646.47	-495.3785	-606.39	0.710045
2646.48	-495.2169	-606.3913	0.7100477
2646.49	-495.0554	-606.3926	0.7100505
2646.5	-494.8938	-606.394	0.7100533
2646.51	-494.7321	-606.3953	0.7100561
2646.52	-494.5705	-606.3967	0.7100588
2646.53	-494.4088	-606.398	0.7100616
2646.54	-494.247	-606.3994	0.7100644
2646.55	-494.0852	-606.4007	0.7100672
2646.56	-493.9234	-606.402	0.7100701
2646.57	-493.7615	-606.4034	0.7100729
2646.58	-493.5996	-606.4047	0.7100757
2646.59	-493.4377	-606.4061	0.7100785
2646.6	-493.2757	-606.4074	0.7100814
2646.61	-493.1136	-606.4088	0.7100843
2646.62	-492.9516	-606.4101	0.7100871
2646.63	-492.7895	-606.4114	0.7100899
2646.64	-492.6273	-606.4128	0.7100927
2646.65	-492.4651	-606.4141	0.7100956
2646.66	-492.3029	-606.4155	0.7100984
2646.67	-492.1407	-606.4168	0.7101013
2646.68	-491.9784	-606.4182	0.7101042
2646.69	-491.8161	-606.4195	0.710107
2646.7	-491.6537	-606.4208	0.7101099
2646.71	-491.4913	-606.4222	0.7101128
2646.72	-491.3289	-606.4235	0.7101157
2646.73	-491.1664	-606.4249	0.7101186
2646.74	-491.0038	-606.4263	0.7101215
2646.75	-490.8412	-606.4277	0.7101244
2646.76	-490.6786	-606.4291	0.7101273
2646.77	-490.516	-606.4305	0.7101302
2646.78	-490.3533	-606.4319	0.7101331
2646.79	-490.1906	-606.4333	0.7101361
2646.8	-490.0278	-606.4347	0.710139
2646.81	-489.865	-606.4361	0.7101419
2646.82	-489.7021	-606.4375	0.7101448
2646.83	-489.5393	-606.4389	0.7101477
2646.84	-489.3763	-606.4403	0.7101507
2646.85	-489.2134	-606.4417	0.7101536
2646.86	-489.0504	-606.4431	0.7101565
2646.87	-488.8874	-606.4445	0.7101595
2646.88	-488.7243	-606.4459	0.7101624
2646.89	-488.5612	-606.4473	0.7101653
2646.9	-488.3981	-606.4487	0.7101682
2646.91	-488.2349	-606.4501	0.7101712
2646.92	-488.0717	-606.4515	0.7101741
2646.93	-487.9084	-606.4529	0.7101771
2646.94	-487.7451	-606.4543	0.71018
2646.95	-487.5818	-606.4557	0.710183
2646.96	-487.4185	-606.4572	0.7101859
2646.97	-487.255	-606.4586	0.7101889
2646.98	-487.0916	-606.46	0.7101918
2646.99	-486.9281	-606.4614	0.7101948
2647	-486.7646	-606.4628	0.7101977
2647.01	-486.6011	-606.4642	0.7102007
2647.02	-486.4375	-606.4656	0.7102037
2647.03	-486.2738	-606.467	0.7102067
2647.04	-486.1102	-606.4684	0.7102097
2647.05	-485.9465	-606.4698	0.7102126
2647.06	-485.7827	-606.4713	0.7102156
2647.07	-485.6189	-606.4727	0.7102185
2647.08	-485.4551	-606.4741	0.7102215
2647.09	-485.2912	-606.4755	0.7102244
2647.1	-485.1273	-606.4769	0.7102274
2647.11	-484.9634	-606.4783	0.7102305
2647.12	-484.7994	-606.4797	0.7102334
2647.13	-484.6354	-606.4811	0.7102364
2647.14	-484.4713	-606.4825	0.7102394
2647.15	-484.3073	-606.484	0.7102424
2647.16	-484.1431	-606.4855	0.7102454
2647.17	-483.9789	-606.4869	0.7102484
2647.18	-483.8147	-606.4884	0.7102514
2647.19	-483.6505	-606.4899	0.7102544
2647.2	-483.4862	-606.4913	0.7102574
2647.21	-483.3219	-606.4928	0.7102604
2647.22	-483.1576	-606.4943	0.7102634
2647.23	-482.9932	-606.4957	0.7102664
2647.24	-482.8287	-606.4972	0.7102693
2647.25	-482.6642	-606.4987	0.7102724
2647.26	-482.4998	-606.5001	0.7102754
2647.27	-482.3352	-606.5016	0.7102783
2647.28	-482.1706	-606.5031	0.7102814
2647.29	-482.006	-606.5045	0.7102844
2647.3	-481.8414	-606.506	0.7102874
2647.31	-481.6767	-606.5074	0.7102904
2647.32	-481.5119	-606.5089	0.7102934
2647.33	-481.3471	-606.5104	0.7102964
2647.34	-481.1823	-606.5118	0.7102994
2647.35	-481.0175	-606.5133	0.7103024
2647.36	-480.8526	-606.5148	0.7103055
2647.37	-480.6877	-606.5162	0.7103085
2647.38	-480.5227	-606.5177	0.7103115
2647.39	-480.3577	-606.5192	0.7103146
2647.4	-480.1926	-606.5206	0.7103176
2647.41	-480.0276	-606.5221	0.7103207
2647.42	-479.8625	-606.5236	0.7103236
2647.43	-479.6973	-606.525	0.7103267
2647.44	-479.5321	-606.5265	0.7103297
2647.45	-479.3669	-606.528	0.7103328
2647.46	-479.2016	-606.5294	0.7103358
2647.47	-479.0363	-606.5309	0.7103388
2647.48	-478.871	-606.5324	0.7103418
2647.49	-478.7056	-606.5339	0.7103449
2647.5	-478.5402	-606.5353	0.7103478
2647.51	-478.3748	-606.5369	0.7103509
2647.52	-478.2093	-606.5384	0.7103539
2647.53	-478.0438	-606.5399	0.710357
2647.54	-477.8782	-606.5414	0.71036
2647.55	-477.7126	-606.543	0.710363
2647.56	-477.547	-606.5445	0.7103661
2647.57	-477.3813	-606.546	0.7103692
2647.58	-477.2156	-606.5475	0.7103722
2647.59	-477.0498	-606.5491	0.7103752
2647.6	-476.884	-606.5506	0.7103783
2647.61	-476.7182	-606.5521	0.7103814
2647.62	-476.5524	-606.5536	0.7103844
2647.63	-476.3865	-606.5552	0.7103875
2647.64	-476.2205	-606.5567	0.7103905
2647.65	-476.0546	-606.5582	0.7103935
2647.66	-475.8886	-606.5598	0.7103966
2647.67	-475.7225	-606.5613	0.7103997
2647.68	-475.5565	-606.5628	0.7104028
2647.69	-475.3904	-606.5643	0.7104058
2647.7	-475.2242	-606.5659	0.7104089
2647.71	-475.058	-606.5674	0.7104119
2647.72	-474.8918	-606.5689	0.7104149
2647.73	-474.7255	-606.5704	0.710418
2647.74	-474.5592	-606.572	0.7104211
2647.75	-474.3929	-606.5735	0.7104241
2647.76	-474.2265	-606.575	0.7104272
2647.77	-474.0601	-606.5765	0.7104302
2647.78	-473.8936	-606.5781	0.7104333
2647.79	-473.7271	-606.5796	0.7104364
2647.8	-473.5606	-606.5811	0.7104395
2647.81	-473.3941	-606.5826	0.7104425
2647.82	-473.2275	-606.5842	0.7104456
2647.83	-473.0609	-606.5857	0.7104487
2647.84	-472.8942	-606.5872	0.7104517
2647.85	-472.7275	-606.5887	0.7104548
2647.86	-472.5608	-606.5903	0.7104579
2647.87	-472.394	-606.5919	0.710461
2647.88	-472.2272	-606.5935	0.7104641
2647.89	-472.0603	-606.5951	0.7104672
2647.9	-471.8935	-606.5967	0.7104703
2647.91	-471.7266	-606.5983	0.7104734
2647.92	-471.5596	-606.5999	0.7104766
2647.93	-471.3926	-606.6014	0.7104797
2647.94	-471.2256	-606.603	0.7104828
2647.95	-471.0586	-606.6046	0.7104859
2647.96	-470.8915	-606.6062	0.710489
2647.97	-470.7244	-606.6078	0.7104922
2647.98	-470.5573	-606.6094	0.7104953
2647.99	-470.3901	-606.611	0.7104984
2648	-470.223	-606.6126	0.7105016
2648.01	-470.0558	-606.6142	0.7105047
2648.02	-469.8885	-606.6158	0.7105079
2648.03	-469.7212	-606.6174	0.7105111
2648.04	-469.5539	-606.619	0.7105142
2648.05	-469.3866	-606.6205	0.7105175
2648.06	-469.2193	-606.6221	0.7105206
2648.07	-469.0519	-606.6237	0.7105238
2648.08	-468.8846	-606.6253	0.7105271
2648.09	-468.7172	-606.6269	0.7105304
2648.1	-468.5498	-606.6285	0.7105337
2648.11	-468.3824	-606.6301	0.7105369
2648.12	-468.2149	-606.6317	0.7105402
2648.13	-468.0475	-606.6332	0.7105436
2648.14	-467.8801	-606.6348	0.710547
2648.15	-467.7127	-606.6364	0.7105504
2648.16	-467.5453	-606.638	0.7105538
2648.17	-467.3778	-606.6396	0.7105573
2648.18	-467.2104	-606.6412	0.7105608
2648.19	-467.0429	-606.6428	0.7105643
2648.2	-466.8755	-606.6443	0.7105678
2648.21	-466.7081	-606.6459	0.7105714
2648.22	-466.5406	-606.6475	0.710575
2648.23	-466.3732	-606.6492	0.7105786
2648.24	-466.2057	-606.6508	0.7105823
2648.25	-466.0382	-606.6525	0.7105859
2648.26	-465.8708	-606.6541	0.7105896
2648.27	-465.7033	-606.6558	0.7105933
2648.28	-465.5359	-606.6574	0.7105971
2648.29	-465.3684	-606.6591	0.7106009
2648.3	-465.201	-606.6607	0.7106046
2648.31	-465.0335	-606.6624	0.7106084
2648.32	-464.8661	-606.664	0.7106122
2648.33	-464.6986	-606.6656	0.710616
2648.34	-464.5311	-606.6673	0.7106199
2648.35	-464.3636	-606.6689	0.7106237
2648.36	-464.1962	-606.6706	0.7106276
2648.37	-464.0287	-606.6722	0.7106315
2648.38	-463.8612	-606.6739	0.7106354
2648.39	-463.6938	-606.6755	0.7106393
2648.4	-463.5263	-606.6772	0.7106432
2648.41	-463.3589	-606.6789	0.7106472
2648.42	-463.1914	-606.6805	0.7106511
2648.43	-463.0239	-606.6822	0.710655
2648.44	-462.8564	-606.6838	0.710659
2648.45	-462.689	-606.6855	0.710663
2648.46	-462.5215	-606.6871	0.710667
2648.47	-462.354	-606.6888	0.710671
2648.48	-462.1865	-606.6904	0.710675
2648.49	-462.019	-606.6921	0.710679
2648.5	-461.8516	-606.6937	0.710683
2648.51	-461.6841	-606.6954	0.710687
2648.52	-461.5167	-606.697	0.7106911
2648.53	-461.3492	-606.6987	0.7106951
2648.54	-461.1818	-606.7003	0.7106992
2648.55	-461.0143	-606.702	0.7107033
2648.56	-460.8469	-606.7036	0.7107074
2648.57	-460.6795	-606.7053	0.7107115
2648.58	-460.5121	-606.7069	0.7107157
2648.59	-460.3448	-606.7086	0.7107199
2648.6	-460.1774	-606.7103	0.7107241
2648.61	-460.0101	-606.712	0.7107283
2648.62	-459.8427	-606.7137	0.7107326
2648.63	-459.6754	-606.7154	0.7107368
2648.64	-459.5081	-606.7171	0.7107411
2648.65	-459.3409	-606.7188	0.7107454
2648.66	-459.1736	-606.7205	0.7107497
2648.67	-459.0064	-606.7222	0.7107541
2648.68	-458.8392	-606.7239	0.7107584
2648.69	-458.672	-606.7256	0.7107628
2648.7	-458.5048	-606.7274	0.7107672
2648.71	-458.3376	-606.7291	0.7107716
2648.72	-458.1705	-606.7308	0.710776
2648.73	-458.0034	-606.7325	0.7107805
2648.74	-457.8362	-606.7342	0.710785
2648.75	-457.6692	-606.7359	0.7107894
2648.76	-457.5021	-606.7377	0.7107939
2648.77	-457.335	-606.7394	0.7107984
2648.78	-457.168	-606.7411	0.7108029
2648.79	-457.0009	-606.7428	0.7108074
2648.8	-456.8339	-606.7445	0.7108119
2648.81	-456.6669	-606.7462	0.7108164
2648.82	-456.4999	-606.7479	0.710821
2648.83	-456.3329	-606.7496	0.7108255
2648.84	-456.166	-606.7513	0.7108301
2648.85	-455.9991	-606.7531	0.7108346
2648.86	-455.8322	-606.7548	0.7108392
2648.87	-455.6653	-606.7565	0.7108438
2648.88	-455.4984	-606.7582	0.7108484
2648.89	-455.3316	-606.7599	0.710853
2648.9	-455.1647	-606.7616	0.7108576
2648.91	-454.9979	-606.7633	0.7108622
2648.92	-454.8311	-606.765	0.7108667
2648.93	-454.6643	-606.7667	0.7108714
2648.94	-454.4976	-606.7684	0.7108761
2648.95	-454.3308	-606.7702	0.7108808
2648.96	-454.1641	-606.772	0.7108854
2648.97	-453.9974	-606.7737	0.7108901
2648.98	-453.8307	-606.7755	0.7108947
2648.99	-453.664	-606.7773	0.7108994
2649	-453.4974	-606.7791	0.7109041
2649.01	-453.3307	-606.7808	0.7109087
2649.02	-453.1641	-606.7826	0.7109134
2649.03	-452.9975	-606.7844	0.710918
2649.04	-452.8309	-606.7861	0.7109227
2649.05	-452.6644	-606.7879	0.7109274
2649.06	-452.4978	-606.7897	0.7109321
2649.07	-452.3313	-606.7914	0.7109368
2649.08	-452.1647	-606.7933	0.7109415
2649.09	-451.9983	-606.795	0.7109462
2649.1	-451.8318	-606.7968	0.7109509
2649.11	-451.6653	-606.7986	0.7109556
2649.12	-451.4989	-606.8004	0.7109603
2649.13	-451.3324	-606.8021	0.710965
2649.14	-451.166	-606.8039	0.7109697
2649.15	-450.9996	-606.8057	0.7109745
2649.16	-450.8333	-606.8074	0.7109792
2649.17	-450.6669	-606.8092	0.7109839
2649.18	-450.5005	-606.811	0.7109886
2649.19	-450.3342	-606.8127	0.7109932
2649.2	-450.1679	-606.8145	0.7109979
2649.21	-450.0016	-606.8163	0.7110026
2649.22	-449.8353	-606.8181	0.7110074
2649.23	-449.6691	-606.8198	0.7110121
2649.24	-449.5028	-606.8216	0.7110168
2649.25	-449.3366	-606.8234	0.7110215
2649.26	-449.1704	-606.8251	0.7110263
2649.27	-449.0042	-606.827	0.711031
2649.28	-448.838	-606.8288	0.7110357
2649.29	-448.6718	-606.8306	0.7110404
2649.3	-448.5057	-606.8325	0.711045
2649.31	-448.3396	-606.8343	0.7110493
2649.32	-448.1735	-606.8361	0.7110536
2649.33	-448.0074	-606.838	0.7110576
2649.34	-447.8413	-606.8398	0.7110615
2649.35	-447.6753	-606.8416	0.7110639
2649.36	-447.5092	-606.8434	0.7110649
2649.37	-447.3432	-606.8453	0.7110645
2649.38	-447.1772	-606.8471	0.7110627
2649.39	-447.0112	-606.8489	0.7110597
2649.4	-446.8452	-606.8507	0.711054
2649.41	-446.6793	-606.8525	0.7110458
2649.42	-446.5134	-606.8542	0.7110352
2649.43	-446.3474	-606.856	0.7110223
2649.44	-446.1815	-606.8578	0.7110071
2649.45	-446.0157	-606.8596	0.7109885
2649.46	-445.8498	-606.8613	0.7109664
2649.47	-445.6839	-606.8631	0.7109412
2649.48	-445.5181	-606.8647	0.7109129
2649.49	-445.3523	-606.8665	0.7108813
2649.5	-445.1865	-606.8682	0.7108465
2649.51	-445.0208	-606.8699	0.7108088
2649.52	-444.855	-606.8715	0.7107681
2649.53	-444.6892	-606.8732	0.7107247
2649.54	-444.5235	-606.8748	0.7106786
2649.55	-444.3578	-606.8764	0.7106299
2649.56	-444.1921	-606.8781	0.7105788
2649.57	-444.0264	-606.8797	0.7105253
2649.58	-443.8607	-606.8812	0.7104695
2649.59	-443.6951	-606.8828	0.7104117
2649.6	-443.5294	-606.8844	0.7103518
2649.61	-443.3639	-606.8859	0.7102898
2649.62	-443.1983	-606.8875	0.710226
2649.63	-443.0327	-606.8889	0.7101603
2649.64	-442.8672	-606.8904	0.7100928
2649.65	-442.7016	-606.8919	0.7100237
2649.66	-442.5361	-606.8934	0.709953
2649.67	-442.3706	-606.8948	0.7098807
2649.68	-442.2051	-606.8962	0.7098069
2649.69	-442.0396	-606.8976	0.7097316
2649.7	-441.8742	-606.899	0.709655
2649.71	-441.7087	-606.9003	0.7095771
2649.72	-441.5433	-606.9017	0.7094979
2649.73	-441.3779	-606.903	0.7094175
2649.74	-441.2125	-606.9043	0.7093359
2649.75	-441.0472	-606.9055	0.7092531
2649.76	-440.8818	-606.9068	0.7091694
2649.77	-440.7165	-606.908	0.7090846
2649.78	-440.5512	-606.9092	0.7089988
2649.79	-440.3859	-606.9103	0.7089121
2649.8	-440.2209	-606.9114	0.7088246
2649.81	-440.0563	-606.9126	0.7087365
2649.82	-439.892	-606.9136	0.7086477
2649.83	-439.728	-606.9147	0.7085581
2649.84	-439.5643	-606.9157	0.7084679
2649.85	-439.401	-606.9167	0.7083771
2649.86	-439.238	-606.9177	0.7082855
2649.87	-439.0753	-606.9186	0.7081934
2649.88	-438.9129	-606.9195	0.7081006
2649.89	-438.7509	-606.9203	0.7080072
2649.9	-438.5891	-606.9211	0.7079133
2649.91	-438.4277	-606.922	0.7078189
2649.92	-438.2666	-606.9227	0.707724
2649.93	-438.1059	-606.9235	0.7076286
2649.94	-437.9454	-606.9242	0.7075328
2649.95	-437.7853	-606.9249	0.7074364
2649.96	-437.6255	-606.9255	0.7073398
2649.97	-437.466	-606.9261	0.7072428
