576.32	-657.8076	-606.9265	0.6957444
576.33	-657.6877	-606.9231	0.6956582
576.34	-657.5679	-606.9196	0.6955723
576.35	-657.4481	-606.9161	0.6954868
576.36	-657.3284	-606.9125	0.6954019
576.37	-657.2086	-606.9089	0.6953173
576.38	-657.0889	-606.9053	0.6952332
576.39	-656.9691	-606.9016	0.6951493
576.4	-656.8494	-606.8979	0.6950662
576.41	-656.7297	-606.8942	0.6949835
576.42	-656.61	-606.8905	0.6949015
576.43	-656.4904	-606.8867	0.69482
576.44	-656.3707	-606.8829	0.694739
576.45	-656.251	-606.8791	0.6946586
576.46	-656.1313	-606.8752	0.6945789
576.47	-656.0117	-606.8713	0.6944999
576.48	-655.8921	-606.8674	0.6944217
576.49	-655.7725	-606.8635	0.6943442
576.5	-655.653	-606.8595	0.6942675
576.51	-655.5334	-606.8555	0.6941914
576.52	-655.4138	-606.8515	0.6941161
576.53	-655.2943	-606.8474	0.6940413
576.54	-655.1748	-606.8434	0.6939672
576.55	-655.0553	-606.8392	0.6938936
576.56	-654.9359	-606.8351	0.6938205
576.57	-654.8164	-606.8309	0.6937479
576.58	-654.697	-606.8268	0.6936759
576.59	-654.5775	-606.8225	0.6936043
576.6	-654.4581	-606.8183	0.6935331
576.61	-654.3387	-606.814	0.6934623
576.62	-654.2194	-606.8098	0.6933919
576.63	-654.1	-606.8054	0.6933218
576.64	-653.9806	-606.8011	0.6932521
576.65	-653.8613	-606.7968	0.6931827
576.66	-653.7419	-606.7924	0.6931136
576.67	-653.6226	-606.788	0.6930448
576.68	-653.5033	-606.7835	0.6929762
576.69	-653.384	-606.7791	0.6929079
576.7	-653.2648	-606.7745	0.6928399
576.71	-653.1455	-606.7701	0.6927719
576.72	-653.0262	-606.7655	0.6927043
576.73	-652.907	-606.761	0.6926368
576.74	-652.7878	-606.7564	0.6925696
576.75	-652.6686	-606.7518	0.6925025
576.76	-652.5496	-606.7472	0.6924356
576.77	-652.4304	-606.7425	0.6923689
576.78	-652.3113	-606.7379	0.6923023
576.79	-652.1921	-606.7331	0.6922359
576.8	-652.0731	-606.7284	0.6921697
576.81	-651.954	-606.7237	0.6921036
576.82	-651.8349	-606.7189	0.6920376
576.83	-651.7158	-606.7141	0.6919718
576.84	-651.5967	-606.7093	0.6919061
576.85	-651.4777	-606.7045	0.6918405
576.86	-651.3587	-606.6996	0.6917751
576.87	-651.2397	-606.6947	0.6917098
576.88	-651.1207	-606.6898	0.6916446
576.89	-651.0017	-606.6849	0.6915795
576.9	-650.8828	-606.6799	0.6915145
576.91	-650.7638	-606.6749	0.6914496
576.92	-650.6449	-606.67	0.6913847
576.93	-650.526	-606.6649	0.6913201
576.94	-650.4071	-606.6599	0.6912554
576.95	-650.2882	-606.6549	0.6911909
576.96	-650.1694	-606.6498	0.6911265
576.97	-650.0505	-606.6447	0.6910622
576.98	-649.9317	-606.6395	0.6909979
576.99	-649.8129	-606.6344	0.6909337
577	-649.6941	-606.6293	0.6908697
577.01	-649.5753	-606.624	0.6908059
577.02	-649.4565	-606.6188	0.6907423
577.03	-649.3378	-606.6136	0.6906787
577.04	-649.219	-606.6083	0.6906154
577.05	-649.1003	-606.603	0.6905524
577.06	-648.9816	-606.5978	0.6904896
577.07	-648.8629	-606.5925	0.6904271
577.08	-648.7441	-606.5871	0.6903649
577.09	-648.6255	-606.5818	0.6903029
577.1	-648.5068	-606.5764	0.6902415
577.11	-648.3882	-606.571	0.6901805
577.12	-648.2695	-606.5656	0.6901201
577.13	-648.1509	-606.5601	0.6900601
577.14	-648.0323	-606.5547	0.6900005
577.15	-647.9138	-606.5493	0.6899418
577.16	-647.7952	-606.5437	0.6898841
577.17	-647.6766	-606.5382	0.6898271
577.18	-647.5581	-606.5327	0.689771
577.19	-647.4396	-606.5272	0.6897156
577.2	-647.321	-606.5216	0.6896615
577.21	-647.2025	-606.516	0.6896089
577.22	-647.084	-606.5104	0.6895575
577.23	-646.9655	-606.5049	0.6895073
577.24	-646.847	-606.4992	0.6894582
577.25	-646.7286	-606.4936	0.6894111
577.26	-646.6101	-606.488	0.6893659
577.27	-646.4916	-606.4824	0.6893224
577.28	-646.3732	-606.4766	0.6892806
577.29	-646.2547	-606.4709	0.6892403
577.3	-646.1363	-606.4653	0.6892025
577.31	-646.0179	-606.4596	0.689167
577.32	-645.8995	-606.4539	0.6891335
577.33	-645.7811	-606.4481	0.6891022
577.34	-645.6627	-606.4424	0.6890727
577.35	-645.5442	-606.4366	0.689045
577.36	-645.4258	-606.4309	0.6890202
577.37	-645.3074	-606.4251	0.6889982
577.38	-645.189	-606.4194	0.6889788
577.39	-645.0705	-606.4136	0.6889619
577.4	-644.9521	-606.4078	0.688948
577.41	-644.8336	-606.402	0.6889373
577.42	-644.7151	-606.3962	0.6889294
577.43	-644.5967	-606.3904	0.6889241
577.44	-644.4782	-606.3846	0.6889213
577.45	-644.3597	-606.3788	0.6889218
577.46	-644.2413	-606.373	0.6889254
577.47	-644.1228	-606.3672	0.6889319
577.48	-644.0043	-606.3614	0.6889412
577.49	-643.8857	-606.3556	0.6889531
577.5	-643.7672	-606.3498	0.6889681
577.51	-643.6487	-606.344	0.688986
577.52	-643.5302	-606.3382	0.6890067
577.53	-643.4116	-606.3325	0.6890301
577.54	-643.293	-606.3267	0.6890559
577.55	-643.1744	-606.3209	0.6890841
577.56	-643.0558	-606.3151	0.6891146
577.57	-642.9372	-606.3093	0.6891472
577.58	-642.8186	-606.3035	0.6891819
577.59	-642.7	-606.2977	0.6892185
577.6	-642.5813	-606.2919	0.6892569
577.61	-642.4626	-606.2861	0.689297
577.62	-642.344	-606.2804	0.6893387
577.63	-642.2253	-606.2746	0.689382
577.64	-642.1066	-606.2688	0.6894266
577.65	-641.9879	-606.2631	0.6894727
577.66	-641.8691	-606.2574	0.68952
577.67	-641.7504	-606.2516	0.6895686
577.68	-641.6316	-606.2459	0.6896182
577.69	-641.5128	-606.2402	0.689669
577.7	-641.394	-606.2345	0.6897208
577.71	-641.2752	-606.2288	0.6897736
577.72	-641.1564	-606.2231	0.6898273
577.73	-641.0375	-606.2174	0.6898817
577.74	-640.9186	-606.2117	0.6899372
577.75	-640.7996	-606.2061	0.6899933
577.76	-640.6807	-606.2004	0.6900502
577.77	-640.5617	-606.1948	0.6901078
577.78	-640.4427	-606.1891	0.690166
577.79	-640.3237	-606.1835	0.6902248
577.8	-640.2047	-606.1779	0.6902842
577.81	-640.0857	-606.1723	0.6903442
577.82	-639.9666	-606.1667	0.6904047
577.83	-639.8475	-606.1611	0.6904656
577.84	-639.7284	-606.1555	0.6905271
577.85	-639.6093	-606.15	0.690589
577.86	-639.4901	-606.1445	0.6906514
577.87	-639.3709	-606.139	0.6907142
577.88	-639.2517	-606.1334	0.6907774
577.89	-639.1324	-606.1279	0.6908411
577.9	-639.0132	-606.1225	0.6909051
577.91	-638.8939	-606.117	0.6909698
577.92	-638.7746	-606.1116	0.691035
577.93	-638.6552	-606.1061	0.6911008
577.94	-638.5358	-606.1007	0.6911671
577.95	-638.4164	-606.0953	0.6912342
577.96	-638.297	-606.0899	0.6913022
577.97	-638.1776	-606.0846	0.691371
577.98	-638.058	-606.0792	0.6914404
577.99	-637.9385	-606.0739	0.6915106
578	-637.819	-606.0686	0.6915814
578.01	-637.6994	-606.0634	0.6916535
578.02	-637.5798	-606.058	0.6917268
578.03	-637.4601	-606.0529	0.6918014
578.04	-637.3405	-606.0476	0.6918771
578.05	-637.2208	-606.0424	0.6919546
578.06	-637.1011	-606.0372	0.6920338
578.07	-636.9813	-606.0321	0.6921148
578.08	-636.8615	-606.0269	0.6921973
578.09	-636.7417	-606.0219	0.6922812
578.1	-636.6219	-606.0167	0.6923675
578.11	-636.502	-606.0117	0.6924559
578.12	-636.3821	-606.0067	0.6925464
578.13	-636.2621	-606.0017	0.6926388
578.14	-636.1422	-605.9968	0.6927331
578.15	-636.0222	-605.9918	0.69283
578.16	-635.9022	-605.9869	0.6929293
578.17	-635.7821	-605.982	0.6930311
578.18	-635.662	-605.9771	0.6931351
578.19	-635.5419	-605.9723	0.6932411
578.2	-635.4218	-605.9675	0.6933491
578.21	-635.3016	-605.9627	0.6934597
578.22	-635.1814	-605.958	0.6935727
578.23	-635.0612	-605.9534	0.693688
578.24	-634.9409	-605.9487	0.6938054
578.25	-634.8206	-605.9441	0.693925
578.26	-634.7003	-605.9395	0.6940465
578.27	-634.5799	-605.935	0.6941701
578.28	-634.4595	-605.9305	0.6942954
578.29	-634.3391	-605.926	0.6944224
578.3	-634.2187	-605.9215	0.6945511
578.31	-634.0982	-605.9171	0.6946812
578.32	-633.9777	-605.9128	0.6948128
578.33	-633.8572	-605.9084	0.6949458
578.34	-633.7366	-605.9042	0.6950799
578.35	-633.616	-605.8999	0.6952153
578.36	-633.4954	-605.8957	0.6953518
578.37	-633.3748	-605.8915	0.6954894
578.38	-633.2541	-605.8873	0.6956279
578.39	-633.1334	-605.8832	0.6957675
578.4	-633.0126	-605.8792	0.6959078
578.41	-632.8918	-605.8752	0.6960491
578.42	-632.7711	-605.8712	0.696191
578.43	-632.6502	-605.8673	0.6963338
578.44	-632.5294	-605.8634	0.6964773
578.45	-632.4085	-605.8596	0.6966215
578.46	-632.2876	-605.8558	0.6967662
578.47	-632.1666	-605.852	0.6969116
578.48	-632.0456	-605.8483	0.6970574
578.49	-631.9246	-605.8446	0.6972039
578.5	-631.8035	-605.8409	0.6973508
578.51	-631.6825	-605.8373	0.6974982
578.52	-631.5614	-605.8338	0.697646
578.53	-631.4402	-605.8303	0.6977942
578.54	-631.3191	-605.8268	0.6979428
578.55	-631.1979	-605.8234	0.6980917
578.56	-631.0767	-605.82	0.6982411
578.57	-630.9555	-605.8167	0.6983907
578.58	-630.8342	-605.8133	0.6985406
578.59	-630.7129	-605.8101	0.6986909
578.6	-630.5916	-605.8069	0.6988415
578.61	-630.4702	-605.8037	0.6989923
578.62	-630.3488	-605.8006	0.6991433
578.63	-630.2274	-605.7975	0.6992945
578.64	-630.106	-605.7946	0.699446
578.65	-629.9845	-605.7916	0.6995976
578.66	-629.863	-605.7886	0.6997495
578.67	-629.7415	-605.7858	0.6999015
578.68	-629.6199	-605.783	0.7000538
578.69	-629.4983	-605.7802	0.7002061
578.7	-629.3766	-605.7774	0.7003586
578.71	-629.255	-605.7747	0.7005113
578.72	-629.1333	-605.7721	0.7006641
578.73	-629.0116	-605.7695	0.7008171
578.74	-628.8898	-605.767	0.7009702
578.75	-628.7681	-605.7645	0.7011233
578.76	-628.6462	-605.762	0.7012766
578.77	-628.5244	-605.7596	0.70143
578.78	-628.4025	-605.7573	0.7015834
578.79	-628.2806	-605.755	0.701737
578.8	-628.1588	-605.7527	0.7018906
578.81	-628.0368	-605.7506	0.7020443
578.82	-627.9149	-605.7485	0.7021981
578.83	-627.7928	-605.7464	0.7023519
578.84	-627.6708	-605.7443	0.7025059
578.85	-627.5487	-605.7423	0.7026598
578.86	-627.4266	-605.7404	0.7028139
578.87	-627.3045	-605.7385	0.7029681
578.88	-627.1824	-605.7366	0.7031223
578.89	-627.0602	-605.7349	0.7032766
578.9	-626.938	-605.7331	0.7034309
578.91	-626.8157	-605.7314	0.7035853
578.92	-626.6935	-605.7297	0.7037397
578.93	-626.5712	-605.7281	0.7038942
578.94	-626.4489	-605.7266	0.7040488
578.95	-626.3265	-605.7252	0.7042033
578.96	-626.2042	-605.7237	0.7043579
578.97	-626.0818	-605.7223	0.7045126
578.98	-625.9594	-605.7209	0.7046673
578.99	-625.8369	-605.7197	0.704822
579	-625.7144	-605.7184	0.7049767
579.01	-625.5919	-605.7173	0.7051316
579.02	-625.4693	-605.7161	0.7052863
579.03	-625.3467	-605.715	0.7054412
579.04	-625.2241	-605.714	0.705596
579.05	-625.1015	-605.713	0.7057509
579.06	-624.9788	-605.7121	0.7059057
579.07	-624.8561	-605.7112	0.7060604
579.08	-624.7334	-605.7104	0.7062151
579.09	-624.6107	-605.7097	0.7063697
579.1	-624.4879	-605.7089	0.7065243
579.11	-624.3651	-605.7083	0.7066787
579.12	-624.2423	-605.7076	0.7068331
579.13	-624.1194	-605.7071	0.7069874
579.14	-623.9966	-605.7066	0.7071418
579.15	-623.8737	-605.7062	0.707296
579.16	-623.7508	-605.7057	0.7074502
579.17	-623.6279	-605.7054	0.7076043
579.18	-623.5049	-605.7051	0.7077584
579.19	-623.3819	-605.7048	0.7079124
579.2	-623.2589	-605.7047	0.7080665
579.21	-623.1358	-605.7045	0.7082205
579.22	-623.0128	-605.7045	0.7083744
579.23	-622.8896	-605.7044	0.7085283
579.24	-622.7665	-605.7044	0.7086822
579.25	-622.6434	-605.7045	0.7088361
579.26	-622.5203	-605.7046	0.7089901
579.27	-622.3971	-605.7048	0.709144
579.28	-622.2739	-605.7051	0.7092979
579.29	-622.1506	-605.7054	0.7094519
579.3	-622.0274	-605.7057	0.7096059
579.31	-621.9041	-605.7061	0.7097599
579.32	-621.7808	-605.7065	0.7099139
579.33	-621.6575	-605.707	0.7100679
579.34	-621.5341	-605.7076	0.710222
579.35	-621.4108	-605.7082	0.7103764
579.36	-621.2874	-605.7089	0.7105314
579.37	-621.164	-605.7096	0.7106867
579.38	-621.0406	-605.7104	0.7108424
579.39	-620.9172	-605.7112	0.7109984
579.4	-620.7937	-605.7121	0.7111547
579.41	-620.6702	-605.713	0.7113127
579.42	-620.5468	-605.714	0.7114721
579.43	-620.4232	-605.715	0.7116329
579.44	-620.2997	-605.7161	0.711795
579.45	-620.1761	-605.7173	0.7119584
579.46	-620.0526	-605.7185	0.7121246
579.47	-619.929	-605.7198	0.7122936
579.48	-619.8054	-605.7212	0.712465
579.49	-619.6818	-605.7226	0.712639
579.5	-619.5582	-605.7241	0.7128164
579.51	-619.4346	-605.7256	0.7129971
579.52	-619.311	-605.7273	0.7131811
579.53	-619.1873	-605.7291	0.7133679
579.54	-619.0637	-605.7308	0.7135575
579.55	-618.94	-605.7327	0.7137501
579.56	-618.8163	-605.7346	0.7139457
579.57	-618.6926	-605.7366	0.7141442
579.58	-618.5688	-605.7386	0.7143451
579.59	-618.4451	-605.7407	0.7145485
579.6	-618.3214	-605.7429	0.7147537
579.61	-618.1976	-605.7451	0.7149607
579.62	-618.0739	-605.7474	0.7151693
579.63	-617.9501	-605.7498	0.7153795
579.64	-617.8262	-605.7523	0.7155911
579.65	-617.7025	-605.7548	0.7158031
579.66	-617.5786	-605.7574	0.7160152
579.67	-617.4548	-605.7601	0.7162275
579.68	-617.3309	-605.7628	0.7164401
579.69	-617.207	-605.7656	0.7166529
579.7	-617.0832	-605.7684	0.7168646
579.71	-616.9593	-605.7713	0.7170755
579.72	-616.8354	-605.7742	0.7172854
579.73	-616.7115	-605.7773	0.7174945
579.74	-616.5876	-605.7805	0.7177029
579.75	-616.4636	-605.7836	0.7179104
579.76	-616.3397	-605.7869	0.7181158
579.77	-616.2157	-605.7902	0.7183191
579.78	-616.0917	-605.7936	0.7185205
579.79	-615.9677	-605.7971	0.7187201
579.8	-615.8438	-605.8005	0.7189168
579.81	-615.7197	-605.8041	0.7191108
579.82	-615.5957	-605.8077	0.7193023
579.83	-615.4717	-605.8114	0.7194914
579.84	-615.3476	-605.8151	0.7196782
579.85	-615.2236	-605.8189	0.7198616
579.86	-615.0995	-605.8228	0.7200418
579.87	-614.9754	-605.8267	0.7202187
579.88	-614.8513	-605.8307	0.7203928
579.89	-614.7272	-605.8347	0.7205641
579.9	-614.603	-605.8388	0.7207315
579.91	-614.4789	-605.843	0.7208952
579.92	-614.3547	-605.8472	0.7210554
579.93	-614.2306	-605.8514	0.7212124
579.94	-614.1064	-605.8557	0.7213663
579.95	-613.9822	-605.86	0.7215173
579.96	-613.858	-605.8644	0.721664
579.97	-613.7338	-605.8689	0.7218066
579.98	-613.6096	-605.8734	0.7219456
579.99	-613.4854	-605.8779	0.722081
580	-613.3611	-605.8826	0.7222118
580.01	-613.2368	-605.8872	0.7223383
580.02	-613.1125	-605.8919	0.7224607
580.03	-612.9882	-605.8967	0.7225792
580.04	-612.8639	-605.9015	0.7226942
580.05	-612.7396	-605.9063	0.7228045
580.06	-612.6152	-605.9111	0.7229106
580.07	-612.4908	-605.9161	0.7230124
580.08	-612.3665	-605.921	0.7231105
580.09	-612.2421	-605.926	0.723205
580.1	-612.1177	-605.9311	0.723295
580.11	-611.9932	-605.9362	0.7233809
580.12	-611.8688	-605.9413	0.7234629
580.13	-611.7443	-605.9464	0.7235411
580.14	-611.6198	-605.9516	0.723616
580.15	-611.4953	-605.9568	0.7236866
580.16	-611.3708	-605.9621	0.7237533
580.17	-611.2462	-605.9673	0.7238163
580.18	-611.1216	-605.9727	0.7238756
580.19	-610.9971	-605.978	0.7239318
580.2	-610.8725	-605.9834	0.7239839
580.21	-610.7479	-605.9888	0.7240321
580.22	-610.6232	-605.9943	0.7240768
580.23	-610.4986	-605.9997	0.7241181
580.24	-610.3739	-606.0052	0.7241563
580.25	-610.2492	-606.0107	0.7241905
580.26	-610.1245	-606.0162	0.7242211
580.27	-609.9998	-606.0218	0.7242483
580.28	-609.875	-606.0273	0.7242723
580.29	-609.7502	-606.033	0.7242932
580.3	-609.6255	-606.0386	0.7243106
580.31	-609.5007	-606.0443	0.7243248
580.32	-609.3759	-606.0499	0.724336
580.33	-609.251	-606.0555	0.7243442
580.34	-609.1261	-606.0612	0.7243497
580.35	-609.0012	-606.0669	0.7243525
580.36	-608.8763	-606.0726	0.7243527
580.37	-608.7513	-606.0784	0.7243505
580.38	-608.6264	-606.0841	0.7243459
580.39	-608.5014	-606.0898	0.7243391
580.4	-608.3764	-606.0956	0.7243303
580.41	-608.2514	-606.1014	0.7243195
580.42	-608.1263	-606.1071	0.7243069
580.43	-608.0013	-606.1129	0.7242925
580.44	-607.8762	-606.1187	0.7242765
580.45	-607.751	-606.1245	0.7242589
580.46	-607.6259	-606.1304	0.7242398
580.47	-607.5007	-606.1362	0.7242193
580.48	-607.3755	-606.1421	0.7241975
580.49	-607.2503	-606.1479	0.7241744
580.5	-607.1251	-606.1537	0.7241502
580.51	-606.9998	-606.1596	0.7241248
580.52	-606.8745	-606.1655	0.7240983
580.53	-606.7492	-606.1713	0.7240709
580.54	-606.6238	-606.1772	0.7240424
580.55	-606.4985	-606.183	0.7240131
580.56	-606.3731	-606.1888	0.723983
580.57	-606.2477	-606.1948	0.723952
580.58	-606.1223	-606.2007	0.7239202
580.59	-605.9968	-606.2066	0.7238877
580.6	-605.8713	-606.2125	0.7238545
580.61	-605.7458	-606.2184	0.7238208
580.62	-605.6202	-606.2243	0.7237865
580.63	-605.4947	-606.2302	0.7237517
580.64	-605.3691	-606.2361	0.7237164
580.65	-605.2435	-606.2419	0.7236808
580.66	-605.1179	-606.2478	0.723645
580.67	-604.9922	-606.2537	0.7236089
580.68	-604.8665	-606.2595	0.7235725
580.69	-604.7408	-606.2653	0.723536
580.7	-604.6151	-606.2712	0.7234996
580.71	-604.4893	-606.277	0.7234634
580.72	-604.3635	-606.2829	0.7234274
580.73	-604.2377	-606.2887	0.7233915
580.74	-604.1119	-606.2946	0.7233558
580.75	-603.986	-606.3004	0.7233208
580.76	-603.8602	-606.3063	0.7232864
580.77	-603.7343	-606.3121	0.7232528
580.78	-603.6083	-606.3179	0.7232196
580.79	-603.4824	-606.3238	0.7231871
580.8	-603.3564	-606.3297	0.7231558
580.81	-603.2304	-606.3354	0.7231258
580.82	-603.1044	-606.3413	0.7230969
580.83	-602.9783	-606.3472	0.7230691
580.84	-602.8522	-606.353	0.7230423
580.85	-602.7261	-606.3589	0.7230165
580.86	-602.6	-606.3647	0.7229921
580.87	-602.4739	-606.3705	0.7229691
580.88	-602.3477	-606.3763	0.7229475
580.89	-602.2215	-606.3821	0.722927
580.9	-602.0953	-606.3879	0.7229079
580.91	-601.9691	-606.3937	0.72289
580.92	-601.8428	-606.3995	0.7228733
580.93	-601.7164	-606.4053	0.7228578
580.94	-601.5901	-606.4111	0.7228433
580.95	-601.4637	-606.4168	0.7228298
580.96	-601.3373	-606.4226	0.7228173
580.97	-601.2109	-606.4284	0.7228057
580.98	-601.0844	-606.4342	0.722795
580.99	-600.9579	-606.44	0.7227851
581	-600.8315	-606.4458	0.722776
581.01	-600.705	-606.4516	0.7227676
581.02	-600.5785	-606.4574	0.72276
581.03	-600.452	-606.4632	0.7227529
581.04	-600.3254	-606.469	0.7227465
581.05	-600.1988	-606.4748	0.7227407
581.06	-600.0722	-606.4806	0.7227355
581.07	-599.9456	-606.4864	0.7227308
581.08	-599.819	-606.4921	0.7227266
581.09	-599.6923	-606.4979	0.7227229
581.1	-599.5657	-606.5036	0.7227197
581.11	-599.439	-606.5093	0.7227166
581.12	-599.3123	-606.5151	0.7227138
581.13	-599.1856	-606.5208	0.722711
581.14	-599.0589	-606.5266	0.7227085
581.15	-598.9322	-606.5323	0.7227058
581.16	-598.8055	-606.538	0.7227029
581.17	-598.6787	-606.5438	0.7226999
581.18	-598.5519	-606.5495	0.7226968
581.19	-598.4252	-606.5552	0.7226935
581.2	-598.2984	-606.561	0.7226897
581.21	-598.1716	-606.5667	0.7226853
581.22	-598.0448	-606.5724	0.7226804
581.23	-597.918	-606.5781	0.7226751
581.24	-597.7911	-606.5838	0.7226694
581.25	-597.6643	-606.5895	0.722663
581.26	-597.5375	-606.5952	0.722656
581.27	-597.4106	-606.6008	0.7226485
581.28	-597.2837	-606.6065	0.7226404
581.29	-597.1568	-606.6122	0.7226318
581.3	-597.0299	-606.6179	0.7226227
581.31	-596.903	-606.6235	0.7226132
581.32	-596.7761	-606.6292	0.7226031
581.33	-596.6492	-606.6349	0.7225927
581.34	-596.5223	-606.6406	0.7225819
581.35	-596.3954	-606.6462	0.7225707
581.36	-596.2686	-606.6519	0.7225592
581.37	-596.1417	-606.6576	0.7225474
581.38	-596.0148	-606.6631	0.7225353
581.39	-595.8879	-606.6688	0.7225228
581.4	-595.761	-606.6744	0.7225101
581.41	-595.6342	-606.68	0.7224972
581.42	-595.5074	-606.6856	0.722484
581.43	-595.3806	-606.6912	0.7224706
581.44	-595.2537	-606.6968	0.7224569
581.45	-595.127	-606.7025	0.7224431
581.46	-595.0002	-606.7081	0.7224291
581.47	-594.8734	-606.7137	0.722415
581.48	-594.7466	-606.7193	0.7224006
581.49	-594.6199	-606.7249	0.7223861
581.5	-594.4932	-606.7304	0.7223714
581.51	-594.3665	-606.736	0.7223567
581.52	-594.2397	-606.7415	0.7223417
581.53	-594.113	-606.7471	0.7223266
581.54	-593.9863	-606.7526	0.7223114
581.55	-593.8597	-606.7582	0.7222961
581.56	-593.733	-606.7637	0.7222807
581.57	-593.6064	-606.7693	0.7222652
581.58	-593.4797	-606.7748	0.7222496
581.59	-593.3531	-606.7803	0.7222338
581.6	-593.2266	-606.7859	0.722218
581.61	-593.1	-606.7914	0.7222022
581.62	-592.9734	-606.7969	0.7221863
581.63	-592.8469	-606.8024	0.7221702
581.64	-592.7203	-606.8079	0.7221541
581.65	-592.5938	-606.8134	0.7221379
581.66	-592.4673	-606.8188	0.7221217
581.67	-592.3408	-606.8243	0.7221053
581.68	-592.2144	-606.8298	0.722089
581.69	-592.0879	-606.8353	0.7220725
581.7	-591.9615	-606.8408	0.722056
581.71	-591.8351	-606.8462	0.7220392
581.72	-591.7087	-606.8516	0.7220222
581.73	-591.5823	-606.8571	0.7220051
581.74	-591.4559	-606.8625	0.7219877
581.75	-591.3295	-606.8679	0.7219698
581.76	-591.2032	-606.8734	0.7219514
581.77	-591.0768	-606.8787	0.7219324
581.78	-590.9505	-606.8842	0.7219129
581.79	-590.8242	-606.8896	0.721893
581.8	-590.6979	-606.895	0.7218717
581.81	-590.5716	-606.9003	0.7218492
581.82	-590.4453	-606.9057	0.7218255
581.83	-590.319	-606.911	0.7218008
581.84	-590.1927	-606.9164	0.7217751
581.85	-590.0665	-606.9217	0.7217473
581.86	-589.9403	-606.927	0.7217178
581.87	-589.8141	-606.9323	0.7216864
581.88	-589.6879	-606.9376	0.7216534
581.89	-589.5617	-606.9429	0.7216189
581.9	-589.4355	-606.9481	0.7215823
581.91	-589.3094	-606.9534	0.7215438
581.92	-589.1833	-606.9586	0.7215035
581.93	-589.0572	-606.9638	0.7214616
581.94	-588.931	-606.969	0.721418
581.95	-588.8049	-606.9742	0.7213728
581.96	-588.6789	-606.9793	0.7213264
581.97	-588.5529	-606.9845	0.7212784
581.98	-588.4268	-606.9897	0.7212291
581.99	-588.3008	-606.9948	0.7211787
582	-588.1748	-606.9999	0.7211272
582.01	-588.0488	-607.005	0.7210748
582.02	-587.9229	-607.0101	0.7210215
582.03	-587.7969	-607.0151	0.7209674
582.04	-587.6709	-607.0201	0.7209125
582.05	-587.545	-607.0252	0.720857
582.06	-587.4191	-607.0303	0.7208011
582.07	-587.2932	-607.0352	0.7207447
582.08	-587.1672	-607.0402	0.7206879
582.09	-587.0413	-607.0452	0.7206306
582.1	-586.9155	-607.0502	0.7205736
582.11	-586.7896	-607.0551	0.7205169
582.12	-586.6638	-607.06	0.7204604
582.13	-586.5379	-607.0649	0.7204042
582.14	-586.412	-607.0699	0.7203482
582.15	-586.2863	-607.0747	0.7202936
582.16	-586.1605	-607.0796	0.7202404
582.17	-586.0347	-607.0845	0.7201885
582.18	-585.9089	-607.0893	0.7201378
582.19	-585.7831	-607.0942	0.7200884
582.2	-585.6574	-607.099	0.7200417
582.21	-585.5317	-607.1038	0.7199976
582.22	-585.4059	-607.1086	0.7199559
582.23	-585.2803	-607.1134	0.7199166
582.24	-585.1546	-607.1182	0.7198794
582.25	-585.0289	-607.123	0.7198463
582.26	-584.9033	-607.1278	0.719817
582.27	-584.7777	-607.1326	0.7197912
582.28	-584.6521	-607.1373	0.7197688
582.29	-584.5265	-607.1421	0.7197496
582.3	-584.4009	-607.1469	0.7197348
582.31	-584.2754	-607.1516	0.7197244
582.32	-584.1498	-607.1563	0.7197179
582.33	-584.0243	-607.1611	0.7197153
582.34	-583.8987	-607.1658	0.7197162
582.35	-583.7733	-607.1706	0.7197213
582.36	-583.6478	-607.1754	0.7197303
582.37	-583.5223	-607.1802	0.719743
582.38	-583.3968	-607.1849	0.7197593
582.39	-583.2713	-607.1897	0.7197788
582.4	-583.1459	-607.1945	0.7198016
582.41	-583.0204	-607.1992	0.7198274
582.42	-582.895	-607.204	0.7198562
582.43	-582.7696	-607.2088	0.7198877
582.44	-582.6442	-607.2136	0.7199218
582.45	-582.5189	-607.2183	0.7199584
582.46	-582.3935	-607.2231	0.7199973
582.47	-582.2682	-607.228	0.7200385
582.48	-582.1429	-607.2328	0.7200817
582.49	-582.0176	-607.2377	0.7201269
582.5	-581.8923	-607.2425	0.7201741
582.51	-581.767	-607.2474	0.7202229
582.52	-581.6418	-607.2522	0.7202736
582.53	-581.5165	-607.2571	0.7203257
582.54	-581.3913	-607.2619	0.7203795
582.55	-581.2661	-607.2667	0.7204345
582.56	-581.1409	-607.2717	0.7204911
582.57	-581.0157	-607.2766	0.7205489
582.58	-580.8905	-607.2814	0.7206079
582.59	-580.7653	-607.2864	0.7206682
582.6	-580.6402	-607.2913	0.7207294
582.61	-580.5151	-607.2962	0.7207915
582.62	-580.39	-607.3011	0.7208546
582.63	-580.2648	-607.3062	0.7209185
582.64	-580.1397	-607.3111	0.7209833
582.65	-580.0146	-607.316	0.7210485
582.66	-579.8896	-607.321	0.7211143
582.67	-579.7645	-607.326	0.7211806
582.68	-579.6395	-607.3311	0.7212473
582.69	-579.5145	-607.3361	0.7213144
582.7	-579.3895	-607.3412	0.7213814
582.71	-579.2646	-607.3462	0.7214481
582.72	-579.1397	-607.3513	0.7215145
582.73	-579.0148	-607.3564	0.7215809
582.74	-578.8898	-607.3615	0.7216471
582.75	-578.765	-607.3666	0.7217119
582.76	-578.6401	-607.3716	0.7217755
582.77	-578.5152	-607.3768	0.7218379
582.78	-578.3903	-607.382	0.7218992
582.79	-578.2654	-607.3871	0.7219594
582.8	-578.1406	-607.3923	0.7220187
582.81	-578.0157	-607.3974	0.7220752
582.82	-577.8909	-607.4026	0.722129
582.83	-577.7661	-607.4078	0.7221805
582.84	-577.6413	-607.413	0.7222297
582.85	-577.5165	-607.4183	0.7222754
582.86	-577.3918	-607.4235	0.722318
582.87	-577.267	-607.4286	0.7223576
582.88	-577.1423	-607.4339	0.7223943
582.89	-577.0176	-607.4391	0.7224284
582.9	-576.8929	-607.4444	0.7224591
582.91	-576.7682	-607.4496	0.7224868
582.92	-576.6436	-607.4549	0.7225115
582.93	-576.519	-607.4601	0.7225335
582.94	-576.3943	-607.4655	0.7225528
582.95	-576.2698	-607.4707	0.7225695
582.96	-576.1452	-607.476	0.7225838
582.97	-576.0206	-607.4812	0.7225959
582.98	-575.8961	-607.4865	0.7226057
582.99	-575.7715	-607.4918	0.7226135
583	-575.6469	-607.4971	0.7226193
583.01	-575.5224	-607.5024	0.7226236
583.02	-575.3979	-607.5077	0.7226264
583.03	-575.2734	-607.513	0.7226279
583.04	-575.1489	-607.5183	0.722628
583.05	-575.0244	-607.5236	0.7226274
583.06	-574.9	-607.5289	0.7226261
583.07	-574.7755	-607.5342	0.7226242
583.08	-574.6511	-607.5396	0.7226216
583.09	-574.5267	-607.5449	0.7226185
583.1	-574.4023	-607.5503	0.7226155
583.11	-574.2779	-607.5557	0.7226127
583.12	-574.1536	-607.561	0.7226102
583.13	-574.0292	-607.5664	0.7226077
583.14	-573.9049	-607.5718	0.7226054
583.15	-573.7806	-607.5771	0.7226045
583.16	-573.6563	-607.5825	0.7226047
583.17	-573.532	-607.588	0.722606
583.18	-573.4078	-607.5934	0.7226084
583.19	-573.2835	-607.5988	0.722612
583.2	-573.1593	-607.6042	0.7226177
583.21	-573.0351	-607.6097	0.7226257
583.22	-572.9109	-607.6151	0.7226357
583.23	-572.7867	-607.6205	0.7226477
583.24	-572.6625	-607.626	0.7226615
583.25	-572.5383	-607.6315	0.7226782
583.26	-572.4142	-607.6371	0.7226978
583.27	-572.29	-607.6426	0.72272
583.28	-572.1659	-607.6481	0.7227447
583.29	-572.0418	-607.6536	0.7227718
583.3	-571.9177	-607.6592	0.7228019
583.31	-571.7936	-607.6647	0.7228348
583.32	-571.6696	-607.6703	0.7228705
583.33	-571.5455	-607.676	0.7229086
583.34	-571.4215	-607.6816	0.7229491
583.35	-571.2975	-607.6873	0.7229924
583.36	-571.1735	-607.6929	0.723038
583.37	-571.0496	-607.6985	0.7230859
583.38	-570.9256	-607.7042	0.7231361
583.39	-570.8016	-607.7099	0.7231884
583.4	-570.6777	-607.7156	0.7232426
583.41	-570.5538	-607.7213	0.7232987
583.42	-570.4299	-607.7271	0.7233565
583.43	-570.306	-607.7328	0.7234161
583.44	-570.1821	-607.7386	0.7234772
583.45	-570.0582	-607.7444	0.7235398
583.46	-569.9344	-607.7502	0.7236038
583.47	-569.8105	-607.756	0.7236692
583.48	-569.6867	-607.7619	0.7237357
583.49	-569.5629	-607.7678	0.7238036
583.5	-569.4391	-607.7737	0.7238724
583.51	-569.3154	-607.7795	0.7239422
583.52	-569.1917	-607.7854	0.724013
583.53	-569.0679	-607.7914	0.7240846
583.54	-568.9442	-607.7973	0.7241571
583.55	-568.8206	-607.8033	0.7242298
583.56	-568.6969	-607.8093	0.7243027
583.57	-568.5732	-607.8153	0.7243758
583.58	-568.4496	-607.8213	0.7244492
583.59	-568.3259	-607.8274	0.7245226
583.6	-568.2023	-607.8334	0.7245952
583.61	-568.0787	-607.8395	0.7246668
583.62	-567.9552	-607.8456	0.7247378
583.63	-567.8316	-607.8517	0.7248078
583.64	-567.708	-607.8578	0.7248772
583.65	-567.5845	-607.864	0.7249458
583.66	-567.4609	-607.8701	0.7250123
583.67	-567.3374	-607.8763	0.7250767
583.68	-567.2139	-607.8825	0.7251392
583.69	-567.0904	-607.8887	0.7251999
583.7	-566.9669	-607.8949	0.7252576
583.71	-566.8434	-607.9011	0.7253127
583.72	-566.72	-607.9073	0.7253653
583.73	-566.5966	-607.9136	0.7254154
583.74	-566.4732	-607.9198	0.7254633
583.75	-566.3499	-607.9261	0.725508
583.76	-566.2265	-607.9323	0.7255497
583.77	-566.1031	-607.9386	0.7255886
583.78	-565.9798	-607.9449	0.7256249
583.79	-565.8564	-607.9512	0.7256587
583.8	-565.7332	-607.9575	0.7256889
583.81	-565.6099	-607.9638	0.7257158
583.82	-565.4866	-607.9701	0.7257396
583.83	-565.3633	-607.9764	0.7257605
583.84	-565.24	-607.9827	0.7257786
583.85	-565.1167	-607.9891	0.725794
583.86	-564.9935	-607.9955	0.7258059
583.87	-564.8702	-608.0018	0.7258145
583.88	-564.747	-608.0082	0.72582
583.89	-564.6238	-608.0145	0.7258226
583.9	-564.5007	-608.0209	0.7258223
583.91	-564.3775	-608.0272	0.7258185
583.92	-564.2543	-608.0336	0.7258114
583.93	-564.1312	-608.0399	0.7258011
583.94	-564.0081	-608.0463	0.7257877
583.95	-563.885	-608.0526	0.7257707
583.96	-563.762	-608.0589	0.72575
583.97	-563.6389	-608.0652	0.7257261
583.98	-563.5159	-608.0716	0.725699
583.99	-563.3928	-608.0779	0.7256689
584	-563.2698	-608.0843	0.7256361
584.01	-563.1468	-608.0906	0.7255994
584.02	-563.0238	-608.0969	0.7255592
584.03	-562.9008	-608.1031	0.7255154
584.04	-562.7778	-608.1094	0.7254686
584.05	-562.6548	-608.1157	0.7254187
584.06	-562.5319	-608.1219	0.725365
584.07	-562.409	-608.1282	0.7253077
584.08	-562.2861	-608.1344	0.725247
584.09	-562.1631	-608.1406	0.7251832
584.1	-562.0402	-608.1468	0.7251157
584.11	-561.9173	-608.153	0.7250448
584.12	-561.7944	-608.1591	0.7249707
584.13	-561.6714	-608.1652	0.7248935
584.14	-561.5485	-608.1714	0.7248133
584.15	-561.4256	-608.1775	0.7247301
584.16	-561.3026	-608.1836	0.7246439
584.17	-561.1797	-608.1896	0.7245548
584.18	-561.0568	-608.1957	0.7244631
584.19	-560.9338	-608.2017	0.7243688
584.2	-560.811	-608.2077	0.7242719
584.21	-560.688	-608.2137	0.7241724
584.22	-560.5651	-608.2197	0.7240704
584.23	-560.4422	-608.2256	0.7239662
584.24	-560.3193	-608.2314	0.7238598
584.25	-560.1964	-608.2374	0.7237512
584.26	-560.0735	-608.2432	0.7236405
584.27	-559.9506	-608.249	0.7235278
584.28	-559.8276	-608.2548	0.7234133
584.29	-559.7047	-608.2606	0.7232969
584.3	-559.5818	-608.2664	0.7231789
584.31	-559.4589	-608.272	0.7230594
584.32	-559.3359	-608.2777	0.7229381
584.33	-559.213	-608.2833	0.7228155
584.34	-559.09	-608.289	0.7226914
584.35	-558.967	-608.2946	0.7225661
584.36	-558.8441	-608.3001	0.7224396
584.37	-558.7211	-608.3056	0.7223119
584.38	-558.5981	-608.3111	0.7221831
584.39	-558.4751	-608.3165	0.7220532
584.4	-558.3521	-608.322	0.7219224
584.41	-558.2291	-608.3273	0.7217906
584.42	-558.1061	-608.3327	0.7216578
584.43	-557.983	-608.338	0.7215242
584.44	-557.8599	-608.3433	0.7213898
584.45	-557.7369	-608.3485	0.7212546
584.46	-557.6138	-608.3537	0.7211187
584.47	-557.4907	-608.3588	0.7209821
584.48	-557.3676	-608.364	0.7208449
584.49	-557.2445	-608.369	0.7207069
584.5	-557.1214	-608.374	0.7205685
584.51	-556.9982	-608.379	0.7204294
584.52	-556.8751	-608.384	0.7202898
584.53	-556.7519	-608.3889	0.7201497
584.54	-556.6287	-608.3937	0.7200091
584.55	-556.5054	-608.3986	0.719868
584.56	-556.3822	-608.4033	0.7197265
584.57	-556.259	-608.4081	0.7195846
584.58	-556.1357	-608.4128	0.7194422
584.59	-556.0124	-608.4175	0.7192995
584.6	-555.8891	-608.4221	0.7191564
584.61	-555.7658	-608.4267	0.7190129
584.62	-555.6425	-608.4312	0.7188691
584.63	-555.5191	-608.4357	0.718725
584.64	-555.3957	-608.4401	0.7185806
584.65	-555.2723	-608.4445	0.7184359
584.66	-555.1489	-608.4489	0.718291
584.67	-555.0255	-608.4531	0.718146
584.68	-554.902	-608.4574	0.7180007
584.69	-554.7785	-608.4616	0.7178552
584.7	-554.655	-608.4658	0.7177095
584.71	-554.5315	-608.4698	0.7175637
584.72	-554.408	-608.4739	0.7174178
584.73	-554.2844	-608.478	0.7172717
584.74	-554.1607	-608.4819	0.7171255
584.75	-554.0371	-608.4858	0.7169793
584.76	-553.9135	-608.4897	0.7168328
584.77	-553.7899	-608.4936	0.7166862
584.78	-553.6662	-608.4974	0.7165397
584.79	-553.5425	-608.5011	0.7163929
584.8	-553.4188	-608.5048	0.7162464
584.81	-553.295	-608.5085	0.7160999
584.82	-553.1713	-608.5121	0.7159536
584.83	-553.0475	-608.5156	0.7158075
584.84	-552.9236	-608.5191	0.7156615
584.85	-552.7998	-608.5226	0.7155161
584.86	-552.676	-608.526	0.7153714
584.87	-552.5521	-608.5294	0.7152272
584.88	-552.4282	-608.5327	0.7150835
584.89	-552.3042	-608.5359	0.7149404
584.9	-552.1802	-608.5392	0.7147977
584.91	-552.0563	-608.5424	0.7146564
584.92	-551.9323	-608.5455	0.7145165
584.93	-551.8082	-608.5486	0.7143778
584.94	-551.6841	-608.5517	0.7142404
584.95	-551.5601	-608.5547	0.7141047
584.96	-551.436	-608.5576	0.7139708
584.97	-551.3118	-608.5605	0.7138386
584.98	-551.1877	-608.5634	0.7137078
584.99	-551.0635	-608.5662	0.7135786
585	-550.9393	-608.569	0.7134512
585.01	-550.8151	-608.5718	0.7133256
585.02	-550.6908	-608.5745	0.7132018
585.03	-550.5665	-608.5771	0.7130795
585.04	-550.4422	-608.5798	0.7129586
585.05	-550.3179	-608.5823	0.7128392
585.06	-550.1935	-608.5848	0.7127215
585.07	-550.0692	-608.5874	0.7126054
585.08	-549.9447	-608.5898	0.7124906
585.09	-549.8203	-608.5922	0.7123772
585.1	-549.6958	-608.5946	0.7122651
585.11	-549.5713	-608.597	0.7121543
585.12	-549.4468	-608.5992	0.7120447
585.13	-549.3222	-608.6015	0.7119362
585.14	-549.1976	-608.6037	0.7118287
585.15	-549.0731	-608.6059	0.7117223
585.16	-548.9484	-608.608	0.7116167
585.17	-548.8237	-608.6101	0.7115121
585.18	-548.699	-608.6122	0.7114083
585.19	-548.5743	-608.6142	0.7113053
585.2	-548.4495	-608.6161	0.7112031
585.21	-548.3248	-608.6181	0.7111018
585.22	-548.2	-608.62	0.7110013
585.23	-548.0751	-608.6218	0.7109015
585.24	-547.9502	-608.6237	0.7108024
585.25	-547.8253	-608.6254	0.7107043
585.26	-547.7004	-608.6271	0.7106071
585.27	-547.5754	-608.6289	0.710511
585.28	-547.4504	-608.6306	0.7104155
585.29	-547.3253	-608.6321	0.7103211
585.3	-547.2003	-608.6338	0.7102279
585.31	-547.0752	-608.6353	0.710136
585.32	-546.9501	-608.6369	0.7100453
585.33	-546.8249	-608.6384	0.7099557
585.34	-546.6997	-608.6398	0.7098672
585.35	-546.5745	-608.6412	0.7097805
585.36	-546.4493	-608.6426	0.7096953
585.37	-546.324	-608.644	0.7096117
585.38	-546.1987	-608.6453	0.7095295
585.39	-546.0733	-608.6466	0.7094488
585.4	-545.9479	-608.6478	0.7093701
585.41	-545.8225	-608.6491	0.7092932
585.42	-545.6971	-608.6503	0.7092182
585.43	-545.5716	-608.6515	0.7091449
585.44	-545.446	-608.6526	0.7090732
585.45	-545.3205	-608.6537	0.7090031
585.46	-545.1949	-608.6548	0.708935
585.47	-545.0693	-608.6559	0.708869
585.48	-544.9437	-608.657	0.7088049
585.49	-544.818	-608.658	0.7087427
585.5	-544.6923	-608.659	0.7086822
585.51	-544.5666	-608.66	0.7086237
585.52	-544.4408	-608.6609	0.7085669
585.53	-544.3149	-608.6619	0.7085117
585.54	-544.1891	-608.6628	0.708458
585.55	-544.0632	-608.6637	0.7084059
585.56	-543.9373	-608.6645	0.7083552
585.57	-543.8113	-608.6653	0.708306
585.58	-543.6853	-608.6662	0.7082582
585.59	-543.5593	-608.6669	0.7082115
585.6	-543.4332	-608.6677	0.7081662
585.61	-543.3071	-608.6685	0.7081221
585.62	-543.1809	-608.6692	0.7080793
585.63	-543.0547	-608.6699	0.7080377
585.64	-542.9285	-608.6707	0.7079971
585.65	-542.8023	-608.6713	0.7079581
585.66	-542.676	-608.6719	0.7079203
585.67	-542.5497	-608.6726	0.7078838
585.68	-542.4233	-608.6732	0.7078485
585.69	-542.2969	-608.6738	0.7078143
585.7	-542.1705	-608.6744	0.7077819
585.71	-542.0441	-608.6749	0.7077512
585.72	-541.9175	-608.6755	0.707722
585.73	-541.791	-608.676	0.7076944
585.74	-541.6644	-608.6766	0.7076682
585.75	-541.5378	-608.6771	0.7076442
585.76	-541.4112	-608.6775	0.7076222
585.77	-541.2845	-608.678	0.7076021
585.78	-541.1578	-608.6785	0.7075838
585.79	-541.0311	-608.679	0.7075674
585.8	-540.9043	-608.6794	0.7075533
585.81	-540.7775	-608.6799	0.7075414
585.82	-540.6506	-608.6803	0.7075317
585.83	-540.5237	-608.6807	0.7075239
585.84	-540.3968	-608.6812	0.7075182
585.85	-540.2698	-608.6816	0.7075143
585.86	-540.1428	-608.682	0.7075123
585.87	-540.0158	-608.6824	0.707512
585.88	-539.8887	-608.6829	0.7075134
585.89	-539.7616	-608.6832	0.7075163
585.9	-539.6345	-608.6836	0.7075206
585.91	-539.5073	-608.684	0.707526
585.92	-539.3801	-608.6843	0.7075326
585.93	-539.2529	-608.6847	0.7075403
585.94	-539.1256	-608.6851	0.7075491
585.95	-538.9983	-608.6854	0.7075584
585.96	-538.871	-608.6858	0.7075682
585.97	-538.7436	-608.6862	0.7075784
585.98	-538.6162	-608.6865	0.707589
585.99	-538.4888	-608.6869	0.7076001
586	-538.3613	-608.6872	0.7076106
586.01	-538.2338	-608.6875	0.7076207
586.02	-538.1063	-608.6878	0.7076302
586.03	-537.9788	-608.6882	0.7076393
586.04	-537.8512	-608.6885	0.707648
586.05	-537.7236	-608.6888	0.7076548
586.06	-537.5961	-608.6891	0.7076597
586.07	-537.4685	-608.6894	0.7076631
586.08	-537.3409	-608.6896	0.7076647
586.09	-537.2133	-608.6899	0.7076649
586.1	-537.0858	-608.6901	0.7076619
586.11	-536.9582	-608.6904	0.7076559
586.12	-536.8306	-608.6906	0.707647
586.13	-536.7031	-608.6909	0.7076356
586.14	-536.5755	-608.691	0.7076215
586.15	-536.448	-608.6912	0.7076033
586.16	-536.3205	-608.6913	0.707581
586.17	-536.193	-608.6915	0.7075549
586.18	-536.0655	-608.6917	0.7075253
586.19	-535.938	-608.6918	0.7074922
586.2	-535.8106	-608.6918	0.7074543
586.21	-535.6832	-608.692	0.707412
586.22	-535.5558	-608.692	0.7073654
586.23	-535.4284	-608.692	0.7073147
586.24	-535.301	-608.6921	0.7072602
586.25	-535.1736	-608.6921	0.7072011
586.26	-535.0463	-608.692	0.7071374
586.27	-534.919	-608.692	0.7070696
586.28	-534.7917	-608.6919	0.7069978
586.29	-534.6644	-608.6918	0.7069224
586.3	-534.5371	-608.6917	0.7068427
586.31	-534.4099	-608.6916	0.7067591
586.32	-534.2826	-608.6914	0.7066717
586.33	-534.1553	-608.6912	0.7065808
586.34	-534.0281	-608.691	0.7064866
586.35	-533.9009	-608.6907	0.7063888
586.36	-533.7737	-608.6905	0.7062877
586.37	-533.6465	-608.6902	0.7061836
586.38	-533.5193	-608.6898	0.7060764
586.39	-533.3921	-608.6895	0.7059665
586.4	-533.265	-608.6891	0.7058539
586.41	-533.1378	-608.6887	0.7057388
586.42	-533.0107	-608.6882	0.7056212
586.43	-532.8836	-608.6877	0.7055015
586.44	-532.7565	-608.6872	0.7053796
586.45	-532.6295	-608.6866	0.7052557
586.46	-532.5024	-608.686	0.7051298
586.47	-532.3754	-608.6854	0.7050021
586.48	-532.2484	-608.6848	0.7048726
586.49	-532.1214	-608.6841	0.7047417
586.5	-531.9944	-608.6833	0.7046091
586.51	-531.8674	-608.6827	0.704475
586.52	-531.7405	-608.6819	0.7043396
586.53	-531.6135	-608.681	0.7042028
586.54	-531.4866	-608.6802	0.7040648
586.55	-531.3596	-608.6793	0.7039257
586.56	-531.2327	-608.6783	0.7037853
586.57	-531.1058	-608.6774	0.7036439
586.58	-530.9789	-608.6763	0.7035015
586.59	-530.8521	-608.6753	0.7033581
586.6	-530.7252	-608.6742	0.7032139
586.61	-530.5984	-608.673	0.7030688
586.62	-530.4716	-608.6719	0.7029229
586.63	-530.3448	-608.6707	0.7027762
586.64	-530.218	-608.6694	0.7026289
586.65	-530.0912	-608.6681	0.7024808
586.66	-529.9645	-608.6667	0.7023321
586.67	-529.8378	-608.6653	0.7021827
586.68	-529.7111	-608.6639	0.7020327
586.69	-529.5844	-608.6624	0.7018823
586.7	-529.4578	-608.6609	0.7017313
586.71	-529.3311	-608.6593	0.7015798
586.72	-529.2045	-608.6577	0.7014278
586.73	-529.0778	-608.6561	0.7012754
586.74	-528.9512	-608.6544	0.7011225
586.75	-528.8246	-608.6526	0.7009692
586.76	-528.698	-608.6508	0.7008156
586.77	-528.5714	-608.6489	0.7006616
586.78	-528.4448	-608.647	0.7005072
586.79	-528.3183	-608.6451	0.7003526
586.8	-528.1918	-608.6431	0.7001976
586.81	-528.0652	-608.6411	0.7000424
586.82	-527.9388	-608.639	0.6998869
586.83	-527.8123	-608.6368	0.699731
586.84	-527.6859	-608.6346	0.6995749
586.85	-527.5594	-608.6324	0.6994188
586.86	-527.433	-608.6301	0.6992626
586.87	-527.3066	-608.6278	0.6991063
586.88	-527.1802	-608.6254	0.69895
586.89	-527.0538	-608.623	0.6987936
586.9	-526.9275	-608.6205	0.6986376
586.91	-526.8011	-608.6179	0.698482
586.92	-526.6748	-608.6154	0.6983268
586.93	-526.5485	-608.6127	0.6981719
586.94	-526.4222	-608.61	0.6980174
586.95	-526.2959	-608.6073	0.6978632
586.96	-526.1696	-608.6045	0.6977105
586.97	-526.0434	-608.6017	0.6975595
586.98	-525.9172	-608.5988	0.6974097
586.99	-525.791	-608.5959	0.6972614
587	-525.6648	-608.5929	0.6971157
587.01	-525.5386	-608.5899	0.6969725
587.02	-525.4125	-608.5869	0.6968317
587.03	-525.2864	-608.5837	0.6966931
587.04	-525.1602	-608.5806	0.6965565
587.05	-525.0341	-608.5775	0.696422
587.06	-524.908	-608.5742	0.6962911
587.07	-524.7819	-608.5709	0.6961635
587.08	-524.6558	-608.5676	0.6960391
587.09	-524.5297	-608.5643	0.6959176
587.1	-524.4036	-608.5609	0.6958001
587.11	-524.2776	-608.5575	0.6956863
587.12	-524.1516	-608.554	0.6955758
587.13	-524.0256	-608.5505	0.6954688
587.14	-523.8996	-608.5471	0.6953648
587.15	-523.7736	-608.5435	0.6952646
587.16	-523.6477	-608.5399	0.6951683
587.17	-523.5218	-608.5363	0.6950753
587.18	-523.3959	-608.5326	0.6949856
587.19	-523.27	-608.5289	0.6948991
587.2	-523.1441	-608.5252	0.6948161
587.21	-523.0182	-608.5215	0.6947365
587.22	-522.8924	-608.5177	0.69466
587.23	-522.7665	-608.5139	0.6945866
587.24	-522.6407	-608.51	0.6945159
587.25	-522.5149	-608.5062	0.6944484
587.26	-522.3891	-608.5022	0.6943837
587.27	-522.2633	-608.4983	0.6943218
587.28	-522.1376	-608.4944	0.6942625
587.29	-522.0118	-608.4904	0.6942056
587.3	-521.8861	-608.4864	0.6941516
587.31	-521.7604	-608.4824	0.6941001
587.32	-521.6348	-608.4783	0.6940511
587.33	-521.5091	-608.4742	0.6940044
587.34	-521.3834	-608.4701	0.69396
587.35	-521.2578	-608.4659	0.6939182
587.36	-521.1322	-608.4618	0.6938788
587.37	-521.0066	-608.4576	0.6938418
587.38	-520.881	-608.4534	0.693807
587.39	-520.7554	-608.4492	0.6937743
587.4	-520.6298	-608.4449	0.6937445
587.41	-520.5043	-608.4407	0.6937172
587.42	-520.3787	-608.4364	0.6936924
587.43	-520.2532	-608.4321	0.69367
587.44	-520.1276	-608.4279	0.6936498
587.45	-520.0021	-608.4235	0.6936326
587.46	-519.8766	-608.4191	0.6936182
587.47	-519.7512	-608.4148	0.6936065
587.48	-519.6257	-608.4105	0.6935973
587.49	-519.5003	-608.4061	0.6935906
587.5	-519.3749	-608.4017	0.693586
587.51	-519.2495	-608.3973	0.6935844
587.52	-519.1241	-608.3929	0.6935858
587.53	-518.9988	-608.3885	0.6935899
587.54	-518.8734	-608.3842	0.6935965
587.55	-518.7481	-608.3798	0.6936059
587.56	-518.6228	-608.3754	0.6936181
587.57	-518.4975	-608.371	0.6936328
587.58	-518.3722	-608.3666	0.69365
587.59	-518.2469	-608.3621	0.6936695
587.6	-518.1216	-608.3577	0.6936912
587.61	-517.9964	-608.3532	0.693715
587.62	-517.8712	-608.3488	0.6937408
587.63	-517.7459	-608.3443	0.6937685
587.64	-517.6207	-608.3399	0.693798
587.65	-517.4955	-608.3354	0.6938292
587.66	-517.3703	-608.331	0.6938619
587.67	-517.2451	-608.3265	0.6938962
587.68	-517.1199	-608.3221	0.6939321
587.69	-516.9948	-608.3177	0.6939691
587.7	-516.8697	-608.3132	0.6940076
587.71	-516.7446	-608.3088	0.6940471
587.72	-516.6195	-608.3043	0.6940877
587.73	-516.4944	-608.2999	0.6941292
587.74	-516.3694	-608.2955	0.6941718
587.75	-516.2443	-608.2911	0.6942149
587.76	-516.1193	-608.2867	0.6942586
587.77	-515.9943	-608.2823	0.6943027
587.78	-515.8693	-608.278	0.6943474
587.79	-515.7443	-608.2736	0.6943926
587.8	-515.6194	-608.2692	0.694438
587.81	-515.4944	-608.2648	0.6944833
587.82	-515.3695	-608.2604	0.6945288
587.83	-515.2446	-608.2561	0.6945744
587.84	-515.1196	-608.2517	0.6946201
587.85	-514.9948	-608.2473	0.6946654
587.86	-514.8699	-608.243	0.6947105
587.87	-514.745	-608.2387	0.6947554
587.88	-514.6201	-608.2344	0.6948001
587.89	-514.4952	-608.23	0.6948446
587.9	-514.3704	-608.2258	0.6948885
587.91	-514.2456	-608.2214	0.6949321
587.92	-514.1208	-608.2171	0.694975
587.93	-513.996	-608.2128	0.6950176
587.94	-513.8712	-608.2086	0.6950597
587.95	-513.7465	-608.2043	0.6951008
587.96	-513.6217	-608.2	0.695141
587.97	-513.4969	-608.1958	0.6951802
587.98	-513.3723	-608.1915	0.6952186
587.99	-513.2476	-608.1873	0.6952561
588	-513.1229	-608.183	0.6952928
588.01	-512.9982	-608.1788	0.6953277
588.02	-512.8735	-608.1746	0.6953608
588.03	-512.7489	-608.1703	0.6953924
588.04	-512.6243	-608.1661	0.6954222
588.05	-512.4997	-608.1619	0.6954495
588.06	-512.3751	-608.1577	0.6954744
588.07	-512.2505	-608.1536	0.6954971
588.08	-512.126	-608.1494	0.6955175
588.09	-512.0014	-608.1451	0.695536
588.1	-511.8769	-608.1409	0.6955512
588.11	-511.7524	-608.1367	0.6955634
588.12	-511.6279	-608.1325	0.6955729
588.13	-511.5034	-608.1283	0.6955795
588.14	-511.3789	-608.1241	0.6955836
588.15	-511.2544	-608.1199	0.6955841
588.16	-511.13	-608.1157	0.6955812
588.17	-511.0055	-608.1115	0.6955751
588.18	-510.8811	-608.1072	0.6955658
588.19	-510.7567	-608.103	0.6955538
588.2	-510.6323	-608.0988	0.6955381
588.21	-510.5079	-608.0946	0.6955189
588.22	-510.3836	-608.0904	0.6954964
588.23	-510.2592	-608.0861	0.6954709
588.24	-510.1349	-608.0819	0.6954424
588.25	-510.0106	-608.0777	0.6954107
588.26	-509.8863	-608.0735	0.6953761
588.27	-509.762	-608.0692	0.6953387
588.28	-509.6377	-608.0649	0.6952986
588.29	-509.5134	-608.0606	0.6952559
588.3	-509.3892	-608.0563	0.6952109
588.31	-509.265	-608.052	0.6951636
588.32	-509.1407	-608.0477	0.6951142
588.33	-509.0165	-608.0435	0.6950628
588.34	-508.8923	-608.0391	0.6950093
588.35	-508.7682	-608.0348	0.6949542
588.36	-508.644	-608.0305	0.6948972
588.37	-508.5199	-608.0261	0.6948386
588.38	-508.3958	-608.0217	0.6947785
588.39	-508.2716	-608.0174	0.6947169
588.4	-508.1475	-608.013	0.6946539
588.41	-508.0234	-608.0086	0.6945895
588.42	-507.8994	-608.0042	0.6945236
588.43	-507.7753	-607.9998	0.6944566
588.44	-507.6513	-607.9953	0.6943883
588.45	-507.5273	-607.9909	0.6943185
588.46	-507.4033	-607.9864	0.6942475
588.47	-507.2793	-607.9819	0.6941752
588.48	-507.1553	-607.9775	0.6941017
588.49	-507.0313	-607.9729	0.6940271
588.5	-506.9074	-607.9684	0.6939514
588.51	-506.7834	-607.9638	0.6938744
588.52	-506.6595	-607.9593	0.693796
588.53	-506.5356	-607.9547	0.6937166
588.54	-506.4117	-607.95	0.6936361
588.55	-506.2879	-607.9454	0.6935543
588.56	-506.1641	-607.9407	0.6934717
588.57	-506.0403	-607.9361	0.693388
588.58	-505.9164	-607.9314	0.6933036
588.59	-505.7926	-607.9267	0.6932182
588.6	-505.6688	-607.9219	0.693132
588.61	-505.545	-607.9172	0.6930451
588.62	-505.4213	-607.9124	0.6929577
588.63	-505.2975	-607.9077	0.6928697
588.64	-505.1738	-607.9028	0.6927811
588.65	-505.05	-607.8979	0.692692
588.66	-504.9264	-607.8931	0.6926028
588.67	-504.8027	-607.8882	0.6925136
588.68	-504.679	-607.8834	0.6924245
588.69	-504.5553	-607.8784	0.6923353
588.7	-504.4317	-607.8734	0.692247
588.71	-504.3081	-607.8685	0.6921594
588.72	-504.1845	-607.8635	0.6920724
588.73	-504.0609	-607.8585	0.6919861
588.74	-503.9373	-607.8534	0.6919005
588.75	-503.8138	-607.8484	0.6918167
588.76	-503.6902	-607.8433	0.6917347
588.77	-503.5667	-607.8382	0.6916544
588.78	-503.4432	-607.8331	0.6915756
588.79	-503.3197	-607.8279	0.6914983
588.8	-503.1962	-607.8228	0.691424
588.81	-503.0728	-607.8176	0.6913522
588.82	-502.9493	-607.8124	0.6912831
588.83	-502.8259	-607.8073	0.6912164
588.84	-502.7025	-607.802	0.691152
588.85	-502.5791	-607.7968	0.6910913
588.86	-502.4557	-607.7916	0.6910341
588.87	-502.3323	-607.7863	0.6909803
588.88	-502.209	-607.7811	0.6909295
588.89	-502.0856	-607.7758	0.6908817
588.9	-501.9623	-607.7705	0.6908383
588.91	-501.839	-607.7653	0.6907991
588.92	-501.7157	-607.7599	0.6907638
588.93	-501.5924	-607.7546	0.6907322
588.94	-501.4691	-607.7493	0.6907042
588.95	-501.3458	-607.744	0.6906794
588.96	-501.2226	-607.7386	0.6906596
588.97	-501.0994	-607.7333	0.6906445
588.98	-500.9761	-607.728	0.6906338
588.99	-500.8529	-607.7227	0.6906272
589	-500.7298	-607.7174	0.6906261
589.01	-500.6066	-607.7121	0.69063
589.02	-500.4835	-607.7067	0.6906388
589.03	-500.3603	-607.7014	0.6906521
589.04	-500.2372	-607.696	0.6906697
589.05	-500.114	-607.6906	0.6906914
589.06	-499.991	-607.6854	0.6907188
589.07	-499.8679	-607.6801	0.6907515
589.08	-499.7448	-607.6747	0.6907893
589.09	-499.6218	-607.6694	0.690832
589.1	-499.4987	-607.6642	0.6908805
589.11	-499.3757	-607.6589	0.6909343
589.12	-499.2527	-607.6536	0.6909934
589.13	-499.1297	-607.6484	0.6910573
589.14	-499.0067	-607.6431	0.6911257
589.15	-498.8838	-607.6379	0.6911998
589.16	-498.7608	-607.6327	0.6912794
589.17	-498.6379	-607.6276	0.691364
589.18	-498.515	-607.6224	0.6914535
589.19	-498.3921	-607.6172	0.6915473
589.2	-498.2691	-607.6122	0.6916468
589.21	-498.1463	-607.6071	0.6917514
589.22	-498.0234	-607.602	0.6918609
589.23	-497.9005	-607.597	0.691975
589.24	-497.7777	-607.5919	0.6920935
589.25	-497.6548	-607.587	0.6922161
589.26	-497.532	-607.582	0.692344
589.27	-497.4092	-607.5771	0.6924767
589.28	-497.2864	-607.5723	0.6926142
589.29	-497.1637	-607.5674	0.692756
589.3	-497.0409	-607.5626	0.6929028
589.31	-496.9182	-607.5579	0.6930543
589.32	-496.7954	-607.5531	0.6932102
589.33	-496.6727	-607.5484	0.6933702
589.34	-496.55	-607.5438	0.6935342
589.35	-496.4273	-607.5391	0.6937028
589.36	-496.3046	-607.5345	0.6938758
589.37	-496.182	-607.53	0.6940528
589.38	-496.0593	-607.5255	0.6942338
589.39	-495.9367	-607.5211	0.6944184
589.4	-495.8141	-607.5167	0.6946074
589.41	-495.6914	-607.5124	0.6948004
589.42	-495.5688	-607.5081	0.6949973
589.43	-495.4463	-607.5039	0.6951978
589.44	-495.3237	-607.4997	0.6954017
589.45	-495.2011	-607.4955	0.6956095
589.46	-495.0786	-607.4915	0.6958212
589.47	-494.956	-607.4875	0.6960363
589.48	-494.8335	-607.4836	0.6962548
589.49	-494.711	-607.4797	0.6964763
589.5	-494.5885	-607.4758	0.6967016
589.51	-494.466	-607.4721	0.6969302
589.52	-494.3436	-607.4684	0.6971621
589.53	-494.2211	-607.4648	0.6973969
589.54	-494.0986	-607.4612	0.6976346
589.55	-493.9762	-607.4577	0.6978755
589.56	-493.8538	-607.4543	0.6981195
589.57	-493.7314	-607.4509	0.6983664
589.58	-493.609	-607.4476	0.698616
589.59	-493.4866	-607.4444	0.698868
589.6	-493.3643	-607.4412	0.6991229
589.61	-493.2419	-607.4382	0.6993803
589.62	-493.1196	-607.4352	0.6996402
589.63	-492.9973	-607.4322	0.6999022
589.64	-492.8749	-607.4294	0.7001665
589.65	-492.7527	-607.4266	0.7004328
589.66	-492.6304	-607.424	0.7007009
589.67	-492.5081	-607.4213	0.7009709
589.68	-492.3859	-607.4188	0.7012427
589.69	-492.2636	-607.4163	0.701516
589.7	-492.1414	-607.4139	0.7017907
589.71	-492.0192	-607.4117	0.7020668
589.72	-491.897	-607.4094	0.7023442
589.73	-491.7748	-607.4073	0.7026229
589.74	-491.6526	-607.4053	0.7029027
589.75	-491.5305	-607.4033	0.7031835
589.76	-491.4083	-607.4014	0.7034654
589.77	-491.2862	-607.3997	0.7037481
589.78	-491.1641	-607.3979	0.7040317
589.79	-491.042	-607.3963	0.7043161
589.8	-490.9199	-607.3948	0.704601
589.81	-490.7979	-607.3933	0.7048863
589.82	-490.6758	-607.392	0.7051719
589.83	-490.5538	-607.3907	0.705458
589.84	-490.4317	-607.3895	0.7057444
589.85	-490.3098	-607.3884	0.7060302
589.86	-490.1878	-607.3875	0.7063155
589.87	-490.0658	-607.3865	0.7066001
589.88	-489.9438	-607.3856	0.7068843
589.89	-489.8219	-607.3849	0.707168
589.9	-489.7	-607.3842	0.7074496
589.91	-489.578	-607.3837	0.707729
589.92	-489.4561	-607.3832	0.7080066
589.93	-489.3343	-607.3828	0.7082825
589.94	-489.2124	-607.3824	0.7085566
589.95	-489.0905	-607.3821	0.7088265
589.96	-488.9687	-607.382	0.7090927
589.97	-488.8469	-607.3819	0.7093552
589.98	-488.725	-607.3819	0.7096145
589.99	-488.6032	-607.3819	0.7098704
590	-488.4815	-607.3821	0.7101203
590.01	-488.3597	-607.3823	0.7103647
590.02	-488.238	-607.3826	0.7106037
590.03	-488.1162	-607.3829	0.7108377
590.04	-487.9945	-607.3834	0.7110671
590.05	-487.8728	-607.3839	0.7112889
590.06	-487.7512	-607.3845	0.7115037
590.07	-487.6295	-607.3851	0.7117118
590.08	-487.5078	-607.3858	0.7119136
590.09	-487.3862	-607.3865	0.7121095
590.1	-487.2646	-607.3874	0.712297
590.11	-487.143	-607.3882	0.7124764
590.12	-487.0214	-607.3892	0.7126483
590.13	-486.8998	-607.3901	0.7128132
590.14	-486.7782	-607.3912	0.7129714
590.15	-486.6567	-607.3923	0.7131209
590.16	-486.5352	-607.3934	0.7132621
590.17	-486.4137	-607.3946	0.7133957
590.18	-486.2921	-607.3958	0.7135219
590.19	-486.1707	-607.3971	0.7136413
590.2	-486.0492	-607.3984	0.7137524
590.21	-485.9277	-607.3998	0.7138555
590.22	-485.8063	-607.4012	0.7139512
590.23	-485.6849	-607.4026	0.7140399
590.24	-485.5634	-607.4041	0.7141221
590.25	-485.4421	-607.4056	0.7141966
590.26	-485.3207	-607.4072	0.714264
590.27	-485.1993	-607.4088	0.7143247
590.28	-485.078	-607.4103	0.714379
590.29	-484.9566	-607.412	0.7144272
590.3	-484.8353	-607.4137	0.7144688
590.31	-484.714	-607.4154	0.7145042
590.32	-484.5927	-607.4172	0.7145338
590.33	-484.4715	-607.4189	0.7145578
590.34	-484.3502	-607.4207	0.7145767
590.35	-484.2289	-607.4225	0.7145897
590.36	-484.1077	-607.4243	0.7145972
590.37	-483.9865	-607.4261	0.7145997
590.38	-483.8653	-607.428	0.7145972
590.39	-483.7441	-607.4299	0.7145901
590.4	-483.623	-607.4318	0.7145779
590.41	-483.5018	-607.4337	0.7145606
590.42	-483.3806	-607.4357	0.7145385
590.43	-483.2595	-607.4376	0.7145121
590.44	-483.1384	-607.4395	0.7144815
590.45	-483.0173	-607.4415	0.7144459
590.46	-482.8962	-607.4434	0.7144057
590.47	-482.7752	-607.4453	0.7143611
590.48	-482.6541	-607.4473	0.7143123
590.49	-482.5331	-607.4493	0.7142596
590.5	-482.412	-607.4512	0.7142025
590.51	-482.291	-607.4532	0.714141
590.52	-482.17	-607.4552	0.7140757
590.53	-482.049	-607.4572	0.7140067
590.54	-481.9281	-607.459	0.7139341
590.55	-481.8071	-607.461	0.713858
590.56	-481.6862	-607.4629	0.7137783
590.57	-481.5652	-607.4648	0.7136948
590.58	-481.4443	-607.4667	0.713608
590.59	-481.3234	-607.4687	0.713518
590.6	-481.2025	-607.4706	0.7134246
590.61	-481.0817	-607.4724	0.713328
590.62	-480.9608	-607.4743	0.7132283
590.63	-480.84	-607.4761	0.7131258
590.64	-480.7191	-607.478	0.7130206
590.65	-480.5984	-607.4798	0.7129126
590.66	-480.4776	-607.4816	0.712802
590.67	-480.3568	-607.4833	0.712689
590.68	-480.236	-607.485	0.7125738
590.69	-480.1152	-607.4868	0.7124563
590.7	-479.9945	-607.4885	0.7123369
590.71	-479.8738	-607.4902	0.7122156
590.72	-479.7531	-607.4918	0.7120926
590.73	-479.6324	-607.4935	0.7119679
590.74	-479.5117	-607.4951	0.7118416
590.75	-479.391	-607.4967	0.7117144
590.76	-479.2704	-607.4982	0.7115863
590.77	-479.1497	-607.4998	0.7114571
590.78	-479.0291	-607.5012	0.7113272
590.79	-478.9084	-607.5027	0.7111964
590.8	-478.7878	-607.5041	0.7110649
590.81	-478.6673	-607.5055	0.710934
590.82	-478.5467	-607.507	0.7108035
590.83	-478.4261	-607.5083	0.7106736
590.84	-478.3056	-607.5096	0.710544
590.85	-478.1851	-607.5109	0.7104163
590.86	-478.0645	-607.5122	0.71029
590.87	-477.9441	-607.5134	0.7101653
590.88	-477.8236	-607.5147	0.7100419
590.89	-477.7031	-607.5159	0.7099199
590.9	-477.5826	-607.517	0.7098004
590.91	-477.4622	-607.5182	0.7096834
590.92	-477.3418	-607.5193	0.7095687
590.93	-477.2214	-607.5204	0.7094561
590.94	-477.101	-607.5215	0.7093456
590.95	-476.9806	-607.5225	0.709238
590.96	-476.8602	-607.5235	0.7091332
590.97	-476.7399	-607.5245	0.709031
590.98	-476.6195	-607.5255	0.7089313
590.99	-476.4992	-607.5264	0.708834
591	-476.3789	-607.5273	0.7087395
591.01	-476.2586	-607.5282	0.7086477
591.02	-476.1383	-607.5291	0.7085585
591.03	-476.018	-607.5299	0.7084717
591.04	-475.8977	-607.5308	0.7083871
591.05	-475.7775	-607.5315	0.7083048
591.06	-475.6573	-607.5322	0.708225
591.07	-475.537	-607.533	0.7081477
591.08	-475.4168	-607.5337	0.7080727
591.09	-475.2966	-607.5344	0.7080001
591.1	-475.1765	-607.535	0.7079298
591.11	-475.0563	-607.5357	0.707862
591.12	-474.9362	-607.5364	0.7077965
591.13	-474.816	-607.5369	0.707733
591.14	-474.6959	-607.5375	0.7076716
591.15	-474.5758	-607.538	0.7076127
591.16	-474.4557	-607.5386	0.7075562
591.17	-474.3357	-607.5391	0.7075019
591.18	-474.2156	-607.5396	0.7074497
591.19	-474.0956	-607.54	0.7073995
591.2	-473.9756	-607.5405	0.7073519
591.21	-473.8556	-607.5409	0.7073068
591.22	-473.7356	-607.5413	0.7072639
591.23	-473.6156	-607.5417	0.7072234
591.24	-473.4956	-607.5422	0.7071847
591.25	-473.3756	-607.5425	0.7071487
591.26	-473.2557	-607.5428	0.7071151
591.27	-473.1358	-607.5432	0.7070839
591.28	-473.0158	-607.5435	0.7070549
591.29	-472.8959	-607.5438	0.7070278
591.3	-472.7761	-607.5441	0.7070034
591.31	-472.6562	-607.5444	0.7069814
591.32	-472.5363	-607.5447	0.7069619
591.33	-472.4165	-607.5449	0.7069445
591.34	-472.2967	-607.5452	0.7069291
591.35	-472.1768	-607.5454	0.7069165
591.36	-472.0571	-607.5457	0.7069063
591.37	-471.9373	-607.5459	0.7068983
591.38	-471.8175	-607.5461	0.7068926
591.39	-471.6977	-607.5463	0.706889
591.4	-471.578	-607.5465	0.706888
591.41	-471.4583	-607.5467	0.7068893
591.42	-471.3386	-607.5469	0.706893
591.43	-471.2189	-607.5471	0.7068987
591.44	-471.0992	-607.5472	0.7069065
591.45	-470.9795	-607.5474	0.7069165
591.46	-470.8599	-607.5476	0.7069285
591.47	-470.7402	-607.5478	0.7069425
591.48	-470.6206	-607.548	0.7069583
591.49	-470.501	-607.5482	0.7069758
591.5	-470.3814	-607.5483	0.7069951
591.51	-470.2618	-607.5485	0.7070158
591.52	-470.1422	-607.5488	0.7070381
591.53	-470.0227	-607.549	0.7070618
591.54	-469.9031	-607.5491	0.7070867
591.55	-469.7836	-607.5493	0.7071128
591.56	-469.6641	-607.5495	0.7071402
591.57	-469.5446	-607.5497	0.7071688
591.58	-469.4251	-607.5499	0.7071983
591.59	-469.3056	-607.5501	0.7072289
591.6	-469.1862	-607.5503	0.7072604
591.61	-469.0667	-607.5505	0.7072927
591.62	-468.9473	-607.5507	0.707326
591.63	-468.8279	-607.5509	0.70736
591.64	-468.7085	-607.5511	0.7073947
591.65	-468.5891	-607.5513	0.7074301
591.66	-468.4698	-607.5515	0.7074663
591.67	-468.3504	-607.5517	0.707503
591.68	-468.231	-607.5519	0.7075404
591.69	-468.1117	-607.5521	0.7075782
591.7	-467.9924	-607.5522	0.7076167
591.71	-467.8731	-607.5525	0.7076557
591.72	-467.7538	-607.5527	0.7076951
591.73	-467.6346	-607.553	0.707735
591.74	-467.5153	-607.5532	0.7077753
591.75	-467.3961	-607.5535	0.7078159
591.76	-467.2768	-607.5538	0.707857
591.77	-467.1576	-607.554	0.7078982
591.78	-467.0384	-607.5543	0.7079398
591.79	-466.9192	-607.5546	0.7079817
591.8	-466.8001	-607.5548	0.7080234
591.81	-466.6809	-607.5551	0.7080652
591.82	-466.5618	-607.5555	0.7081068
591.83	-466.4427	-607.5558	0.7081484
591.84	-466.3235	-607.5561	0.7081898
591.85	-466.2045	-607.5564	0.708231
591.86	-466.0854	-607.5568	0.7082717
591.87	-465.9663	-607.5571	0.7083122
591.88	-465.8473	-607.5574	0.7083523
591.89	-465.7282	-607.5579	0.708392
591.9	-465.6092	-607.5582	0.7084314
591.91	-465.4902	-607.5586	0.7084704
591.92	-465.3712	-607.559	0.7085091
591.93	-465.2522	-607.5594	0.7085475
591.94	-465.1332	-607.5598	0.7085856
591.95	-465.0143	-607.5602	0.7086232
591.96	-464.8954	-607.5607	0.7086604
591.97	-464.7764	-607.5612	0.7086973
591.98	-464.6575	-607.5616	0.7087338
591.99	-464.5386	-607.562	0.7087699
592	-464.4197	-607.5624	0.7088054
592.01	-464.3009	-607.563	0.7088403
592.02	-464.182	-607.5635	0.7088746
592.03	-464.0632	-607.564	0.7089084
592.04	-463.9443	-607.5645	0.7089416
592.05	-463.8255	-607.5649	0.7089744
592.06	-463.7067	-607.5655	0.7090057
592.07	-463.5879	-607.566	0.7090358
592.08	-463.4691	-607.5665	0.7090644
592.09	-463.3504	-607.5671	0.709092
592.1	-463.2317	-607.5676	0.7091174
592.11	-463.1129	-607.5682	0.7091408
592.12	-462.9942	-607.5688	0.7091622
592.13	-462.8755	-607.5693	0.7091818
592.14	-462.7568	-607.5699	0.7091997
592.15	-462.6382	-607.5704	0.709215
592.16	-462.5195	-607.571	0.7092279
592.17	-462.4009	-607.5715	0.7092384
592.18	-462.2823	-607.5721	0.7092466
592.19	-462.1636	-607.5726	0.7092529
592.2	-462.045	-607.5732	0.7092563
592.21	-461.9265	-607.5737	0.709257
592.22	-461.8079	-607.5743	0.7092552
592.23	-461.6893	-607.5748	0.7092509
592.24	-461.5708	-607.5754	0.7092445
592.25	-461.4523	-607.5759	0.7092355
592.26	-461.3338	-607.5765	0.7092241
592.27	-461.2153	-607.577	0.7092105
592.28	-461.0968	-607.5776	0.7091947
592.29	-460.9783	-607.5781	0.7091768
592.3	-460.8599	-607.5787	0.709157
592.31	-460.7414	-607.5792	0.7091351
592.32	-460.623	-607.5797	0.7091115
592.33	-460.5046	-607.5803	0.7090862
592.34	-460.3862	-607.5808	0.7090592
592.35	-460.2678	-607.5814	0.7090308
592.36	-460.1494	-607.5819	0.7090008
592.37	-460.0311	-607.5824	0.7089696
592.38	-459.9127	-607.5829	0.7089369
592.39	-459.7944	-607.5835	0.7089032
592.4	-459.6761	-607.584	0.7088682
592.41	-459.5578	-607.5844	0.7088322
592.42	-459.4395	-607.5849	0.7087951
592.43	-459.3212	-607.5854	0.708757
592.44	-459.203	-607.5859	0.7087181
592.45	-459.0847	-607.5863	0.7086783
592.46	-458.9665	-607.5868	0.7086377
592.47	-458.8483	-607.5873	0.7085963
592.48	-458.7301	-607.5878	0.7085541
592.49	-458.6119	-607.5881	0.7085113
592.5	-458.4937	-607.5886	0.708468
592.51	-458.3756	-607.589	0.7084243
592.52	-458.2574	-607.5894	0.70838
592.53	-458.1393	-607.5898	0.7083353
592.54	-458.0212	-607.5902	0.7082903
592.55	-457.903	-607.5906	0.7082448
592.56	-457.785	-607.591	0.7081994
592.57	-457.6669	-607.5914	0.7081542
592.58	-457.5488	-607.5917	0.7081091
592.59	-457.4308	-607.592	0.7080641
592.6	-457.3127	-607.5924	0.7080191
592.61	-457.1947	-607.5928	0.7079746
592.62	-457.0767	-607.5931	0.7079306
592.63	-456.9587	-607.5934	0.7078869
592.64	-456.8408	-607.5937	0.7078437
592.65	-456.7228	-607.594	0.7078007
592.66	-456.6048	-607.5942	0.7077584
592.67	-456.4869	-607.5945	0.7077163
592.68	-456.369	-607.5948	0.7076749
592.69	-456.2511	-607.5952	0.7076337
592.7	-456.1332	-607.5953	0.707593
592.71	-456.0154	-607.5956	0.7075527
592.72	-455.8975	-607.5958	0.7075127
592.73	-455.7796	-607.596	0.707473
592.74	-455.6618	-607.5963	0.7074336
592.75	-455.544	-607.5964	0.7073945
592.76	-455.4262	-607.5966	0.7073556
592.77	-455.3084	-607.5967	0.7073168
592.78	-455.1906	-607.5969	0.7072784
592.79	-455.0728	-607.5971	0.7072401
592.8	-454.9551	-607.5973	0.707202
592.81	-454.8373	-607.5974	0.707164
592.82	-454.7196	-607.5975	0.7071261
592.83	-454.6019	-607.5976	0.7070884
592.84	-454.4842	-607.5977	0.7070507
592.85	-454.3665	-607.5978	0.707013
592.86	-454.2489	-607.5978	0.7069752
592.87	-454.1313	-607.5979	0.7069374
592.88	-454.0136	-607.598	0.7068995
592.89	-453.896	-607.598	0.7068614
592.9	-453.7784	-607.598	0.7068232
592.91	-453.6608	-607.598	0.7067847
592.92	-453.5432	-607.598	0.7067459
592.93	-453.4257	-607.598	0.7067068
592.94	-453.3081	-607.598	0.7066675
592.95	-453.1906	-607.5979	0.7066279
592.96	-453.0731	-607.5978	0.7065881
592.97	-452.9556	-607.5977	0.7065481
592.98	-452.8381	-607.5977	0.7065078
592.99	-452.7206	-607.5976	0.7064673
593	-452.6031	-607.5974	0.7064266
593.01	-452.4857	-607.5973	0.7063858
593.02	-452.3683	-607.5972	0.7063448
593.03	-452.2508	-607.597	0.7063036
593.04	-452.1334	-607.5969	0.7062623
593.05	-452.016	-607.5967	0.7062208
593.06	-451.8987	-607.5965	0.7061792
593.07	-451.7813	-607.5963	0.7061375
593.08	-451.6639	-607.5961	0.7060956
593.09	-451.5466	-607.5958	0.7060536
593.1	-451.4293	-607.5956	0.7060114
593.11	-451.312	-607.5953	0.7059688
593.12	-451.1947	-607.595	0.7059259
593.13	-451.0774	-607.5948	0.7058828
593.14	-450.9601	-607.5945	0.7058394
593.15	-450.8429	-607.5941	0.7057952
593.16	-450.7257	-607.5938	0.7057505
593.17	-450.6085	-607.5935	0.7057051
593.18	-450.4912	-607.5931	0.7056591
593.19	-450.374	-607.5927	0.7056125
593.2	-450.2569	-607.5923	0.7055648
593.21	-450.1397	-607.5919	0.705516
593.22	-450.0226	-607.5914	0.7054662
593.23	-449.9054	-607.591	0.7054154
593.24	-449.7883	-607.5905	0.7053638
593.25	-449.6712	-607.59	0.7053108
593.26	-449.5541	-607.5895	0.7052566
593.27	-449.437	-607.589	0.7052013
593.28	-449.32	-607.5884	0.7051449
593.29	-449.2029	-607.5879	0.7050874
593.3	-449.0859	-607.5873	0.7050288
593.31	-448.9689	-607.5867	0.7049695
593.32	-448.8519	-607.5861	0.7049092
593.33	-448.7349	-607.5854	0.7048481
593.34	-448.6179	-607.5848	0.7047861
593.35	-448.5009	-607.5841	0.7047236
593.36	-448.384	-607.5834	0.7046607
593.37	-448.267	-607.5827	0.7045974
593.38	-448.1501	-607.582	0.7045337
