1338.71	-648.8155	-607.1047	0.7090433
1338.72	-648.6981	-607.1055	0.7089984
1338.73	-648.5807	-607.1063	0.7089534
1338.74	-648.4634	-607.107	0.7089085
1338.75	-648.346	-607.1077	0.7088636
1338.76	-648.2286	-607.1084	0.7088186
1338.77	-648.1113	-607.1091	0.7087737
1338.78	-647.994	-607.1098	0.7087288
1338.79	-647.8767	-607.1104	0.7086838
1338.8	-647.7594	-607.1111	0.7086388
1338.81	-647.6421	-607.1118	0.708594
1338.82	-647.5248	-607.1124	0.708549
1338.83	-647.4076	-607.1129	0.7085041
1338.84	-647.2903	-607.1135	0.7084592
1338.85	-647.1731	-607.1141	0.7084143
1338.86	-647.0559	-607.1146	0.7083694
1338.87	-646.9387	-607.1152	0.7083244
1338.88	-646.8215	-607.1157	0.7082796
1338.89	-646.7043	-607.1162	0.7082346
1338.9	-646.5872	-607.1167	0.7081897
1338.91	-646.4701	-607.1172	0.7081448
1338.92	-646.353	-607.1177	0.7080999
1338.93	-646.2359	-607.1181	0.708055
1338.94	-646.1188	-607.1185	0.7080101
1338.95	-646.0018	-607.119	0.7079652
1338.96	-645.8847	-607.1193	0.7079203
1338.97	-645.7677	-607.1198	0.7078754
1338.98	-645.6507	-607.1201	0.7078306
1338.99	-645.5337	-607.1205	0.7077858
1339	-645.4167	-607.1208	0.707741
1339.01	-645.2997	-607.1212	0.7076962
1339.02	-645.1827	-607.1215	0.7076514
1339.03	-645.0658	-607.1218	0.7076067
1339.04	-644.9489	-607.1221	0.707562
1339.05	-644.8319	-607.1224	0.7075174
1339.06	-644.715	-607.1226	0.7074727
1339.07	-644.5981	-607.1229	0.707428
1339.08	-644.4812	-607.1231	0.7073835
1339.09	-644.3643	-607.1234	0.7073388
1339.1	-644.2474	-607.1235	0.7072942
1339.11	-644.1306	-607.1237	0.7072496
1339.12	-644.0137	-607.1239	0.707205
1339.13	-643.8969	-607.124	0.7071604
1339.14	-643.7801	-607.1242	0.7071158
1339.15	-643.6633	-607.1243	0.7070713
1339.16	-643.5464	-607.1244	0.7070268
1339.17	-643.4296	-607.1245	0.7069823
1339.18	-643.3128	-607.1246	0.7069378
1339.19	-643.196	-607.1247	0.7068932
1339.2	-643.0792	-607.1247	0.7068486
1339.21	-642.9623	-607.1248	0.706804
1339.22	-642.8455	-607.1248	0.7067595
1339.23	-642.7286	-607.1248	0.7067148
1339.24	-642.6117	-607.1248	0.7066702
1339.25	-642.4948	-607.1248	0.7066256
1339.26	-642.3779	-607.1248	0.7065809
1339.27	-642.261	-607.1246	0.7065362
1339.28	-642.1442	-607.1246	0.7064916
1339.29	-642.0272	-607.1245	0.7064469
1339.3	-641.9103	-607.1244	0.7064021
1339.31	-641.7933	-607.1243	0.7063574
1339.32	-641.6764	-607.1241	0.7063127
1339.33	-641.5594	-607.124	0.7062678
1339.34	-641.4424	-607.1238	0.706223
1339.35	-641.3254	-607.1237	0.7061782
1339.36	-641.2084	-607.1235	0.7061333
1339.37	-641.0913	-607.1232	0.7060884
1339.38	-640.9742	-607.123	0.7060435
1339.39	-640.8572	-607.1229	0.7059985
1339.4	-640.7401	-607.1226	0.7059535
1339.41	-640.6229	-607.1223	0.7059085
1339.42	-640.5058	-607.1221	0.7058635
1339.43	-640.3886	-607.1218	0.7058184
1339.44	-640.2714	-607.1215	0.7057734
1339.45	-640.1542	-607.1212	0.7057282
1339.46	-640.0369	-607.1208	0.7056831
1339.47	-639.9197	-607.1205	0.7056379
1339.48	-639.8024	-607.1201	0.7055928
1339.49	-639.6851	-607.1198	0.7055476
1339.5	-639.5677	-607.1193	0.7055023
1339.51	-639.4504	-607.119	0.705457
1339.52	-639.333	-607.1185	0.7054118
1339.53	-639.2156	-607.118	0.7053664
1339.54	-639.0981	-607.1176	0.7053211
1339.55	-638.9807	-607.1172	0.7052758
1339.56	-638.8632	-607.1167	0.7052304
1339.57	-638.7457	-607.1161	0.7051849
1339.58	-638.6281	-607.1157	0.7051396
1339.59	-638.5106	-607.1152	0.7050941
1339.6	-638.3929	-607.1146	0.7050486
1339.61	-638.2753	-607.114	0.7050031
1339.62	-638.1577	-607.1135	0.7049577
1339.63	-638.04	-607.1129	0.7049122
1339.64	-637.9224	-607.1122	0.7048667
1339.65	-637.8046	-607.1116	0.7048213
1339.66	-637.6869	-607.111	0.7047759
1339.67	-637.5692	-607.1104	0.7047305
1339.68	-637.4514	-607.1097	0.7046852
1339.69	-637.3336	-607.109	0.7046399
1339.7	-637.2157	-607.1083	0.7045945
1339.71	-637.0978	-607.1076	0.7045493
1339.72	-636.98	-607.1069	0.7045043
1339.73	-636.8621	-607.1061	0.7044595
1339.74	-636.7441	-607.1053	0.7044152
1339.75	-636.6262	-607.1046	0.7043711
1339.76	-636.5082	-607.1038	0.7043272
1339.77	-636.3902	-607.103	0.704284
1339.78	-636.2722	-607.1022	0.7042416
1339.79	-636.1541	-607.1014	0.7041998
1339.8	-636.036	-607.1005	0.7041586
1339.81	-635.9178	-607.0997	0.704118
1339.82	-635.7997	-607.0988	0.7040783
1339.83	-635.6816	-607.098	0.7040395
1339.84	-635.5634	-607.097	0.7040015
1339.85	-635.4452	-607.0962	0.7039643
1339.86	-635.327	-607.0953	0.7039279
1339.87	-635.2087	-607.0944	0.7038926
1339.88	-635.0905	-607.0934	0.7038585
1339.89	-634.9722	-607.0925	0.7038254
1339.9	-634.8539	-607.0916	0.7037933
1339.91	-634.7356	-607.0906	0.7037622
1339.92	-634.6173	-607.0897	0.7037326
1339.93	-634.499	-607.0886	0.7037042
1339.94	-634.3806	-607.0876	0.7036772
1339.95	-634.2623	-607.0867	0.7036515
1339.96	-634.1439	-607.0857	0.7036269
1339.97	-634.0256	-607.0847	0.7036043
1339.98	-633.9072	-607.0837	0.7035835
1339.99	-633.7888	-607.0827	0.7035646
1340	-633.6704	-607.0816	0.7035472
1340.01	-633.552	-607.0806	0.7035314
1340.02	-633.4336	-607.0795	0.7035187
1340.03	-633.3152	-607.0785	0.7035088
1340.04	-633.1968	-607.0775	0.7035015
1340.05	-633.0783	-607.0764	0.7034968
1340.06	-632.9598	-607.0754	0.7034944
1340.07	-632.8414	-607.0743	0.7034961
1340.08	-632.723	-607.0733	0.7035015
1340.09	-632.6045	-607.0723	0.7035106
1340.1	-632.486	-607.0712	0.7035231
1340.11	-632.3675	-607.0702	0.7035388
1340.12	-632.249	-607.0692	0.7035584
1340.13	-632.1305	-607.0682	0.7035818
1340.14	-632.012	-607.0672	0.7036087
1340.15	-631.8934	-607.0662	0.7036389
1340.16	-631.7748	-607.0652	0.7036722
1340.17	-631.6562	-607.0643	0.7037084
1340.18	-631.5375	-607.0634	0.7037475
1340.19	-631.4189	-607.0624	0.7037891
1340.2	-631.3002	-607.0614	0.7038331
1340.21	-631.1815	-607.0605	0.7038796
1340.22	-631.0627	-607.0595	0.7039281
1340.23	-630.944	-607.0586	0.7039784
1340.24	-630.8252	-607.0577	0.7040306
1340.25	-630.7064	-607.0568	0.7040846
1340.26	-630.5875	-607.0559	0.7041402
1340.27	-630.4686	-607.0551	0.7041973
1340.28	-630.3497	-607.0541	0.7042559
1340.29	-630.2307	-607.0533	0.7043158
1340.3	-630.1117	-607.0524	0.7043771
1340.31	-629.9927	-607.0516	0.7044395
1340.32	-629.8737	-607.0508	0.7045031
1340.33	-629.7546	-607.0499	0.7045678
1340.34	-629.6354	-607.0491	0.7046335
1340.35	-629.5163	-607.0483	0.7047002
1340.36	-629.3971	-607.0476	0.7047678
1340.37	-629.2779	-607.0468	0.7048363
1340.38	-629.1586	-607.046	0.7049056
1340.39	-629.0393	-607.0453	0.7049757
1340.4	-628.9199	-607.0446	0.7050465
1340.41	-628.8005	-607.0439	0.7051181
1340.42	-628.6811	-607.0432	0.7051902
1340.43	-628.5616	-607.0426	0.705263
1340.44	-628.4421	-607.0419	0.7053364
1340.45	-628.3226	-607.0413	0.7054104
1340.46	-628.2029	-607.0406	0.7054847
1340.47	-628.0833	-607.0401	0.7055597
1340.48	-627.9636	-607.0395	0.7056351
1340.49	-627.8439	-607.0389	0.705711
1340.5	-627.7241	-607.0384	0.7057872
1340.51	-627.6042	-607.0379	0.705864
1340.52	-627.4844	-607.0374	0.705941
1340.53	-627.3644	-607.0369	0.7060184
1340.54	-627.2445	-607.0364	0.7060961
1340.55	-627.1245	-607.036	0.7061742
1340.56	-627.0045	-607.0356	0.7062525
1340.57	-626.8843	-607.0352	0.7063312
1340.58	-626.7642	-607.0348	0.7064101
1340.59	-626.6439	-607.0345	0.7064893
1340.6	-626.5236	-607.0341	0.7065687
1340.61	-626.4033	-607.0338	0.7066483
1340.62	-626.283	-607.0335	0.7067282
1340.63	-626.1625	-607.0333	0.7068083
1340.64	-626.0421	-607.0331	0.7068886
1340.65	-625.9215	-607.0328	0.7069691
1340.66	-625.8009	-607.0327	0.7070498
1340.67	-625.6803	-607.0325	0.7071306
1340.68	-625.5596	-607.0323	0.7072116
1340.69	-625.4389	-607.0322	0.7072927
1340.7	-625.3181	-607.0321	0.7073741
1340.71	-625.1973	-607.032	0.7074555
1340.72	-625.0764	-607.032	0.707537
1340.73	-624.9554	-607.0319	0.7076187
1340.74	-624.8344	-607.0319	0.7077005
1340.75	-624.7133	-607.0319	0.7077824
1340.76	-624.5921	-607.032	0.7078645
1340.77	-624.4709	-607.0321	0.7079466
1340.78	-624.3497	-607.0322	0.7080289
1340.79	-624.2285	-607.0323	0.7081112
1340.8	-624.1071	-607.0325	0.7081936
1340.81	-623.9857	-607.0327	0.7082762
1340.82	-623.8643	-607.0328	0.7083586
1340.83	-623.7427	-607.0331	0.7084411
1340.84	-623.6212	-607.0333	0.7085235
1340.85	-623.4996	-607.0336	0.7086059
1340.86	-623.378	-607.0339	0.7086883
1340.87	-623.2563	-607.0342	0.7087698
1340.88	-623.1345	-607.0346	0.7088506
1340.89	-623.0127	-607.035	0.7089304
1340.9	-622.8908	-607.0354	0.7090096
1340.91	-622.7689	-607.0358	0.7090881
1340.92	-622.6469	-607.0363	0.7091647
1340.93	-622.5249	-607.0367	0.7092391
1340.94	-622.4028	-607.0372	0.7093119
1340.95	-622.2807	-607.0377	0.709383
1340.96	-622.1585	-607.0383	0.7094524
1340.97	-622.0363	-607.0388	0.7095193
1340.98	-621.9141	-607.0394	0.7095838
1340.99	-621.7917	-607.04	0.7096461
1341	-621.6694	-607.0405	0.7097062
1341.01	-621.5469	-607.0412	0.7097644
1341.02	-621.4245	-607.0418	0.7098204
1341.03	-621.302	-607.0424	0.7098745
1341.04	-621.1794	-607.0432	0.7099266
1341.05	-621.0568	-607.0438	0.7099768
1341.06	-620.9341	-607.0445	0.7100254
1341.07	-620.8115	-607.0453	0.7100723
1341.08	-620.6887	-607.046	0.7101176
1341.09	-620.5659	-607.0468	0.7101616
1341.1	-620.4431	-607.0476	0.7102042
1341.11	-620.3202	-607.0484	0.7102455
1341.12	-620.1973	-607.0492	0.7102856
1341.13	-620.0743	-607.05	0.7103245
1341.14	-619.9513	-607.0509	0.7103623
1341.15	-619.8282	-607.0518	0.710399
1341.16	-619.7051	-607.0526	0.7104348
1341.17	-619.582	-607.0535	0.7104696
1341.18	-619.4588	-607.0545	0.710503
1341.19	-619.3356	-607.0554	0.7105352
1341.2	-619.2123	-607.0563	0.7105662
1341.21	-619.089	-607.0573	0.7105961
1341.22	-618.9656	-607.0583	0.7106243
1341.23	-618.8422	-607.0593	0.710651
1341.24	-618.7188	-607.0603	0.710676
1341.25	-618.5953	-607.0613	0.7106996
1341.26	-618.4718	-607.0623	0.710722
1341.27	-618.3483	-607.0634	0.7107422
1341.28	-618.2247	-607.0644	0.7107606
1341.29	-618.101	-607.0654	0.7107772
1341.3	-617.9773	-607.0665	0.710792
1341.31	-617.8535	-607.0676	0.7108053
1341.32	-617.7297	-607.0687	0.710817
1341.33	-617.6058	-607.0698	0.7108265
1341.34	-617.4819	-607.0709	0.7108338
1341.35	-617.358	-607.072	0.7108394
1341.36	-617.2339	-607.0731	0.710843
1341.37	-617.1099	-607.0742	0.7108447
1341.38	-616.9858	-607.0753	0.7108445
1341.39	-616.8617	-607.0764	0.7108424
1341.4	-616.7375	-607.0775	0.7108389
1341.41	-616.6133	-607.0786	0.7108336
1341.42	-616.4891	-607.0797	0.7108269
1341.43	-616.3648	-607.0808	0.7108188
1341.44	-616.2405	-607.082	0.7108092
1341.45	-616.1161	-607.0831	0.7107984
1341.46	-615.9916	-607.0842	0.7107865
1341.47	-615.8672	-607.0854	0.7107733
1341.48	-615.7427	-607.0865	0.710759
1341.49	-615.6181	-607.0877	0.7107438
1341.5	-615.4935	-607.0889	0.7107276
1341.51	-615.3688	-607.09	0.7107104
1341.52	-615.244	-607.0912	0.7106924
1341.53	-615.1193	-607.0923	0.7106736
1341.54	-614.9944	-607.0935	0.710654
1341.55	-614.8696	-607.0946	0.7106336
1341.56	-614.7447	-607.0958	0.7106125
1341.57	-614.6198	-607.0969	0.7105907
1341.58	-614.4948	-607.0981	0.7105684
1341.59	-614.3698	-607.0992	0.7105454
1341.6	-614.2447	-607.1004	0.7105219
1341.61	-614.1196	-607.1016	0.7104978
1341.62	-613.9944	-607.1027	0.7104732
1341.63	-613.8693	-607.1038	0.7104481
1341.64	-613.744	-607.105	0.7104225
1341.65	-613.6187	-607.1061	0.7103965
1341.66	-613.4933	-607.1073	0.7103702
1341.67	-613.368	-607.1085	0.7103434
1341.68	-613.2426	-607.1095	0.7103162
1341.69	-613.1171	-607.1106	0.7102886
1341.7	-612.9915	-607.1117	0.7102607
1341.71	-612.866	-607.1128	0.7102326
1341.72	-612.7404	-607.1139	0.7102039
1341.73	-612.6147	-607.1149	0.7101751
1341.74	-612.489	-607.116	0.710146
1341.75	-612.3633	-607.1171	0.7101166
1341.76	-612.2375	-607.1182	0.7100869
1341.77	-612.1117	-607.1193	0.7100571
1341.78	-611.9858	-607.1204	0.710027
1341.79	-611.8599	-607.1215	0.7099966
1341.8	-611.7339	-607.1225	0.7099662
1341.81	-611.6079	-607.1235	0.7099355
1341.82	-611.4819	-607.1246	0.7099046
1341.83	-611.3558	-607.1255	0.7098735
1341.84	-611.2297	-607.1266	0.7098422
1341.85	-611.1035	-607.1276	0.7098109
1341.86	-610.9773	-607.1287	0.7097794
1341.87	-610.8511	-607.1297	0.7097477
1341.88	-610.7248	-607.1307	0.7097157
1341.89	-610.5984	-607.1317	0.7096838
1341.9	-610.472	-607.1326	0.7096517
1341.91	-610.3456	-607.1336	0.7096195
1341.92	-610.2191	-607.1345	0.7095872
1341.93	-610.0926	-607.1355	0.7095547
1341.94	-609.966	-607.1365	0.7095221
1341.95	-609.8394	-607.1375	0.7094894
1341.96	-609.7126	-607.1384	0.7094566
1341.97	-609.5859	-607.1392	0.7094237
1341.98	-609.4592	-607.1401	0.7093908
1341.99	-609.3323	-607.1411	0.7093577
1342	-609.2054	-607.142	0.7093247
1342.01	-609.0785	-607.1429	0.7092914
1342.02	-608.9515	-607.1437	0.7092581
1342.03	-608.8245	-607.1445	0.7092249
1342.04	-608.6974	-607.1454	0.7091916
1342.05	-608.5703	-607.1462	0.7091582
1342.06	-608.4431	-607.147	0.7091249
1342.07	-608.3159	-607.1479	0.7090915
1342.08	-608.1887	-607.1487	0.709058
1342.09	-608.0613	-607.1495	0.7090247
1342.1	-607.934	-607.1503	0.7089912
1342.11	-607.8065	-607.1511	0.7089576
1342.12	-607.6791	-607.1519	0.7089241
1342.13	-607.5516	-607.1526	0.7088905
1342.14	-607.424	-607.1534	0.708857
1342.15	-607.2964	-607.1541	0.7088234
1342.16	-607.1687	-607.1548	0.7087899
1342.17	-607.041	-607.1556	0.7087563
1342.18	-606.9133	-607.1563	0.7087228
1342.19	-606.7855	-607.157	0.7086892
1342.2	-606.6576	-607.1577	0.7086556
1342.21	-606.5297	-607.1583	0.708622
1342.22	-606.4017	-607.159	0.7085887
1342.23	-606.2737	-607.1597	0.7085553
1342.24	-606.1457	-607.1603	0.7085221
1342.25	-606.0176	-607.1609	0.7084891
1342.26	-605.8895	-607.1616	0.7084562
1342.27	-605.7613	-607.1622	0.7084234
1342.28	-605.6331	-607.1628	0.7083907
1342.29	-605.5049	-607.1633	0.708358
1342.3	-605.3766	-607.1639	0.7083256
1342.31	-605.2483	-607.1646	0.7082934
1342.32	-605.12	-607.1651	0.7082613
1342.33	-604.9916	-607.1656	0.7082292
1342.34	-604.8633	-607.1661	0.7081974
1342.35	-604.7349	-607.1667	0.7081658
1342.36	-604.6064	-607.1672	0.7081342
1342.37	-604.478	-607.1677	0.7081027
1342.38	-604.3496	-607.1682	0.7080714
1342.39	-604.2211	-607.1686	0.7080402
1342.4	-604.0927	-607.1691	0.7080092
1342.41	-603.9641	-607.1696	0.7079783
1342.42	-603.8356	-607.1701	0.7079474
1342.43	-603.707	-607.1705	0.7079167
1342.44	-603.5784	-607.1709	0.707886
1342.45	-603.4498	-607.1713	0.7078555
1342.46	-603.3212	-607.1718	0.7078251
1342.47	-603.1925	-607.1722	0.7077947
1342.48	-603.0638	-607.1725	0.7077643
1342.49	-602.9351	-607.1729	0.7077341
1342.5	-602.8063	-607.1732	0.7077039
1342.51	-602.6776	-607.1736	0.7076737
1342.52	-602.5487	-607.174	0.7076436
1342.53	-602.4198	-607.1743	0.7076135
1342.54	-602.2909	-607.1746	0.7075834
1342.55	-602.1619	-607.1749	0.7075534
1342.56	-602.0329	-607.1752	0.7075233
1342.57	-601.9038	-607.1755	0.7074933
1342.58	-601.7747	-607.1757	0.7074631
1342.59	-601.6454	-607.176	0.707433
1342.6	-601.5162	-607.1762	0.7074028
1342.61	-601.3868	-607.1765	0.7073726
1342.62	-601.2574	-607.1767	0.7073421
1342.63	-601.128	-607.1769	0.7073117
1342.64	-600.9985	-607.1771	0.707281
1342.65	-600.8688	-607.1773	0.7072502
1342.66	-600.7391	-607.1775	0.7072194
1342.67	-600.6094	-607.1777	0.7071883
1342.68	-600.4796	-607.1778	0.7071571
1342.69	-600.3497	-607.178	0.7071258
1342.7	-600.2197	-607.1781	0.7070944
1342.71	-600.0896	-607.1782	0.7070629
1342.72	-599.9594	-607.1783	0.7070312
1342.73	-599.8292	-607.1784	0.7069994
1342.74	-599.6989	-607.1785	0.7069676
1342.75	-599.5685	-607.1786	0.7069357
1342.76	-599.4381	-607.1787	0.7069036
1342.77	-599.3076	-607.1787	0.7068715
1342.78	-599.177	-607.1788	0.7068393
1342.79	-599.0463	-607.1788	0.706807
1342.8	-598.9156	-607.1789	0.7067746
1342.81	-598.7847	-607.1789	0.7067421
1342.82	-598.6538	-607.1788	0.7067096
1342.83	-598.5228	-607.1788	0.706677
1342.84	-598.3918	-607.1788	0.7066443
1342.85	-598.2606	-607.1788	0.7066116
1342.86	-598.1294	-607.1788	0.7065787
1342.87	-597.9981	-607.1786	0.7065459
1342.88	-597.8668	-607.1786	0.7065129
1342.89	-597.7353	-607.1785	0.7064799
1342.9	-597.6038	-607.1785	0.7064468
1342.91	-597.4722	-607.1783	0.7064137
1342.92	-597.3405	-607.1782	0.7063805
1342.93	-597.2087	-607.178	0.7063473
1342.94	-597.0769	-607.1779	0.7063141
1342.95	-596.945	-607.1778	0.7062808
1342.96	-596.813	-607.1776	0.7062474
1342.97	-596.6809	-607.1774	0.706214
1342.98	-596.5488	-607.1772	0.7061806
1342.99	-596.4166	-607.177	0.7061471
1343	-596.2842	-607.1768	0.7061136
1343.01	-596.1519	-607.1765	0.70608
1343.02	-596.0194	-607.1763	0.7060464
1343.03	-595.8869	-607.176	0.7060128
1343.04	-595.7543	-607.1758	0.705979
1343.05	-595.6216	-607.1755	0.7059454
1343.06	-595.4888	-607.1752	0.7059116
1343.07	-595.356	-607.1749	0.7058778
1343.08	-595.2231	-607.1746	0.705844
1343.09	-595.0901	-607.1742	0.7058101
1343.1	-594.9571	-607.1739	0.7057763
1343.11	-594.824	-607.1735	0.7057424
1343.12	-594.6908	-607.1732	0.7057084
1343.13	-594.5575	-607.1728	0.7056744
1343.14	-594.4241	-607.1724	0.7056404
1343.15	-594.2907	-607.172	0.7056064
1343.16	-594.1572	-607.1716	0.7055724
1343.17	-594.0236	-607.1711	0.7055383
1343.18	-593.89	-607.1707	0.7055041
1343.19	-593.7562	-607.1702	0.70547
1343.2	-593.6224	-607.1698	0.7054359
1343.21	-593.4885	-607.1693	0.7054017
1343.22	-593.3545	-607.1688	0.7053674
1343.23	-593.2205	-607.1683	0.7053331
1343.24	-593.0864	-607.1678	0.7052988
1343.25	-592.9521	-607.1673	0.7052646
1343.26	-592.8179	-607.1667	0.7052302
1343.27	-592.6835	-607.1661	0.7051958
1343.28	-592.5491	-607.1656	0.7051615
1343.29	-592.4146	-607.165	0.7051271
1343.3	-592.28	-607.1644	0.7050927
1343.31	-592.1454	-607.1638	0.7050582
1343.32	-592.0107	-607.1631	0.7050238
1343.33	-591.8759	-607.1625	0.7049893
1343.34	-591.741	-607.1619	0.7049547
1343.35	-591.6061	-607.1613	0.7049202
1343.36	-591.4711	-607.1605	0.7048857
1343.37	-591.3359	-607.1599	0.7048511
1343.38	-591.2008	-607.1592	0.7048165
1343.39	-591.0656	-607.1585	0.7047818
1343.4	-590.9302	-607.1577	0.7047472
1343.41	-590.7949	-607.157	0.7047125
1343.42	-590.6594	-607.1563	0.7046779
1343.43	-590.5239	-607.1555	0.7046431
1343.44	-590.3882	-607.1547	0.7046084
1343.45	-590.2526	-607.1539	0.7045736
1343.46	-590.1168	-607.1531	0.7045388
1343.47	-589.981	-607.1523	0.7045041
1343.48	-589.845	-607.1515	0.7044692
1343.49	-589.709	-607.1506	0.7044343
1343.5	-589.573	-607.1497	0.7043995
1343.51	-589.4368	-607.1489	0.7043647
1343.52	-589.3007	-607.148	0.7043297
1343.53	-589.1644	-607.1471	0.7042948
1343.54	-589.028	-607.1462	0.7042599
1343.55	-588.8916	-607.1453	0.7042249
1343.56	-588.7551	-607.1443	0.70419
1343.57	-588.6185	-607.1434	0.704155
1343.58	-588.4819	-607.1424	0.7041199
1343.59	-588.3452	-607.1414	0.7040849
1343.6	-588.2084	-607.1404	0.7040498
1343.61	-588.0715	-607.1395	0.7040148
1343.62	-587.9346	-607.1384	0.7039797
1343.63	-587.7975	-607.1373	0.7039446
1343.64	-587.6605	-607.1363	0.7039095
1343.65	-587.5233	-607.1353	0.7038742
1343.66	-587.386	-607.1342	0.7038391
1343.67	-587.2488	-607.1331	0.7038039
1343.68	-587.1114	-607.132	0.7037687
1343.69	-586.9739	-607.1309	0.7037334
1343.7	-586.8364	-607.1297	0.7036982
1343.71	-586.6988	-607.1285	0.7036629
1343.72	-586.5611	-607.1274	0.7036276
1343.73	-586.4233	-607.1262	0.7035924
1343.74	-586.2855	-607.1251	0.703557
1343.75	-586.1476	-607.1238	0.7035216
1343.76	-586.0096	-607.1226	0.7034863
1343.77	-585.8716	-607.1214	0.703451
1343.78	-585.7335	-607.1202	0.7034155
1343.79	-585.5953	-607.1189	0.7033801
1343.8	-585.4571	-607.1176	0.7033447
1343.81	-585.3188	-607.1163	0.7033092
1343.82	-585.1804	-607.1151	0.7032737
1343.83	-585.0419	-607.1137	0.7032382
1343.84	-584.9034	-607.1124	0.7032027
1343.85	-584.7648	-607.111	0.7031672
1343.86	-584.6261	-607.1097	0.7031316
1343.87	-584.4874	-607.1083	0.703096
1343.88	-584.3486	-607.1069	0.7030604
1343.89	-584.2097	-607.1055	0.7030249
1343.9	-584.0707	-607.1041	0.7029892
1343.91	-583.9316	-607.1027	0.7029535
1343.92	-583.7925	-607.1013	0.7029179
1343.93	-583.6534	-607.0998	0.7028823
1343.94	-583.5141	-607.0983	0.7028465
1343.95	-583.3748	-607.0969	0.7028108
1343.96	-583.2354	-607.0953	0.7027751
1343.97	-583.0959	-607.0938	0.7027394
1343.98	-582.9564	-607.0923	0.7027035
1343.99	-582.8168	-607.0908	0.7026677
1344	-582.6771	-607.0892	0.702632
1344.01	-582.5373	-607.0876	0.7025962
1344.02	-582.3975	-607.086	0.7025603
1344.03	-582.2576	-607.0844	0.7025244
1344.04	-582.1176	-607.0828	0.7024885
1344.05	-581.9775	-607.0812	0.7024526
1344.06	-581.8374	-607.0795	0.7024167
1344.07	-581.6972	-607.0779	0.7023807
1344.08	-581.5569	-607.0762	0.7023447
1344.09	-581.4166	-607.0745	0.7023087
1344.1	-581.2762	-607.0728	0.7022728
1344.11	-581.1357	-607.0711	0.7022367
1344.12	-580.9952	-607.0694	0.7022007
1344.13	-580.8546	-607.0676	0.7021646
1344.14	-580.7139	-607.0659	0.7021286
1344.15	-580.5732	-607.0641	0.7020925
1344.16	-580.4324	-607.0623	0.7020563
1344.17	-580.2915	-607.0605	0.7020202
1344.18	-580.1506	-607.0587	0.7019841
1344.19	-580.0095	-607.0568	0.7019479
1344.2	-579.8684	-607.055	0.7019117
1344.21	-579.7272	-607.0531	0.7018755
1344.22	-579.586	-607.0512	0.7018393
1344.23	-579.4447	-607.0493	0.701803
1344.24	-579.3033	-607.0474	0.7017668
1344.25	-579.1618	-607.0455	0.7017305
1344.26	-579.0203	-607.0435	0.7016943
1344.27	-578.8787	-607.0416	0.701658
1344.28	-578.737	-607.0396	0.7016217
1344.29	-578.5953	-607.0377	0.7015852
1344.3	-578.4534	-607.0356	0.7015489
1344.31	-578.3115	-607.0336	0.7015125
1344.32	-578.1696	-607.0316	0.7014761
1344.33	-578.0275	-607.0295	0.7014397
1344.34	-577.8854	-607.0274	0.7014032
1344.35	-577.7433	-607.0253	0.7013668
1344.36	-577.6011	-607.0233	0.7013302
1344.37	-577.4588	-607.0212	0.7012938
1344.38	-577.3165	-607.019	0.7012573
1344.39	-577.174	-607.0168	0.7012208
1344.4	-577.0315	-607.0147	0.7011842
1344.41	-576.8889	-607.0126	0.7011477
1344.42	-576.7463	-607.0103	0.701111
1344.43	-576.6036	-607.0081	0.7010745
1344.44	-576.4608	-607.0059	0.7010378
1344.45	-576.3179	-607.0037	0.7010012
1344.46	-576.175	-607.0014	0.7009645
1344.47	-576.032	-606.9991	0.7009279
1344.48	-575.8889	-606.9969	0.7008912
1344.49	-575.7458	-606.9946	0.7008544
1344.5	-575.6026	-606.9922	0.7008177
1344.51	-575.4593	-606.9899	0.700781
1344.52	-575.316	-606.9876	0.7007442
1344.53	-575.1726	-606.9853	0.7007074
1344.54	-575.0291	-606.9829	0.7006707
1344.55	-574.8856	-606.9805	0.7006338
1344.56	-574.7419	-606.9781	0.700597
1344.57	-574.5983	-606.9757	0.7005602
1344.58	-574.4545	-606.9733	0.7005233
1344.59	-574.3107	-606.9708	0.7004864
1344.6	-574.1668	-606.9683	0.7004495
1344.61	-574.0228	-606.9659	0.7004126
1344.62	-573.8788	-606.9634	0.7003757
1344.63	-573.7347	-606.9608	0.7003387
1344.64	-573.5906	-606.9583	0.7003018
1344.65	-573.4464	-606.9558	0.7002648
1344.66	-573.3021	-606.9532	0.7002277
1344.67	-573.1577	-606.9506	0.7001907
1344.68	-573.0133	-606.9481	0.7001536
1344.69	-572.8688	-606.9454	0.7001166
1344.7	-572.7242	-606.9428	0.7000795
1344.71	-572.5795	-606.9401	0.7000424
1344.72	-572.4348	-606.9375	0.7000053
1344.73	-572.29	-606.9348	0.6999682
1344.74	-572.1452	-606.9321	0.699931
1344.75	-572.0003	-606.9294	0.6998938
1344.76	-571.8553	-606.9267	0.6998566
1344.77	-571.7102	-606.924	0.6998194
1344.78	-571.5651	-606.9212	0.6997822
1344.79	-571.4199	-606.9184	0.699745
1344.8	-571.2747	-606.9156	0.6997077
1344.81	-571.1293	-606.9128	0.6996704
1344.82	-570.9839	-606.91	0.6996331
1344.83	-570.8385	-606.9072	0.6995959
1344.84	-570.693	-606.9044	0.6995586
1344.85	-570.5474	-606.9015	0.6995212
1344.86	-570.4017	-606.8986	0.6994838
1344.87	-570.256	-606.8957	0.6994464
1344.88	-570.1102	-606.8928	0.699409
1344.89	-569.9644	-606.8898	0.6993716
1344.9	-569.8184	-606.8869	0.6993341
1344.91	-569.6724	-606.8839	0.6992968
1344.92	-569.5264	-606.8809	0.6992593
1344.93	-569.3802	-606.8779	0.6992218
1344.94	-569.2341	-606.8749	0.6991843
1344.95	-569.0878	-606.8719	0.6991467
1344.96	-568.9415	-606.8688	0.6991092
1344.97	-568.7951	-606.8658	0.6990717
1344.98	-568.6486	-606.8627	0.6990341
1344.99	-568.5021	-606.8597	0.6989965
1345	-568.3555	-606.8565	0.6989589
1345.01	-568.2088	-606.8534	0.6989213
1345.02	-568.0621	-606.8503	0.6988837
1345.03	-567.9153	-606.8471	0.698846
1345.04	-567.7684	-606.8439	0.6988083
1345.05	-567.6215	-606.8407	0.6987706
1345.06	-567.4745	-606.8375	0.6987329
1345.07	-567.3275	-606.8343	0.6986952
1345.08	-567.1804	-606.831	0.6986574
1345.09	-567.0331	-606.8278	0.6986196
1345.1	-566.8859	-606.8245	0.6985818
1345.11	-566.7385	-606.8212	0.698544
1345.12	-566.5911	-606.8179	0.6985062
1345.13	-566.4437	-606.8146	0.6984684
1345.14	-566.2961	-606.8112	0.6984305
1345.15	-566.1486	-606.8079	0.6983926
1345.16	-566.0009	-606.8044	0.6983547
1345.17	-565.8532	-606.8011	0.6983168
1345.18	-565.7054	-606.7977	0.6982788
1345.19	-565.5576	-606.7943	0.6982409
1345.2	-565.4096	-606.7908	0.6982029
1345.21	-565.2616	-606.7874	0.6981649
1345.22	-565.1135	-606.7839	0.698127
1345.23	-564.9654	-606.7804	0.6980889
1345.24	-564.8172	-606.7769	0.6980509
1345.25	-564.6689	-606.7733	0.6980129
1345.26	-564.5206	-606.7698	0.6979748
1345.27	-564.3723	-606.7662	0.6979367
1345.28	-564.2238	-606.7626	0.6978986
1345.29	-564.0753	-606.759	0.6978605
1345.3	-563.9268	-606.7554	0.6978223
1345.31	-563.7781	-606.7518	0.6977842
1345.32	-563.6294	-606.7481	0.697746
1345.33	-563.4807	-606.7444	0.6977078
1345.34	-563.3318	-606.7408	0.6976696
1345.35	-563.1829	-606.7371	0.6976314
1345.36	-563.0339	-606.7333	0.6975932
1345.37	-562.8848	-606.7296	0.6975549
1345.38	-562.7357	-606.7259	0.6975166
1345.39	-562.5865	-606.7221	0.6974783
1345.4	-562.4373	-606.7183	0.69744
1345.41	-562.288	-606.7145	0.6974016
1345.42	-562.1387	-606.7107	0.6973636
1345.43	-561.9893	-606.7068	0.6973258
1345.44	-561.8398	-606.7029	0.6972884
1345.45	-561.6902	-606.6991	0.6972511
1345.46	-561.5405	-606.6953	0.6972142
1345.47	-561.3909	-606.6913	0.6971785
1345.48	-561.2411	-606.6874	0.6971441
1345.49	-561.0912	-606.6835	0.6971108
1345.5	-560.9413	-606.6796	0.6970788
1345.51	-560.7914	-606.6756	0.6970478
1345.52	-560.6414	-606.6716	0.6970195
1345.53	-560.4913	-606.6676	0.6969936
1345.54	-560.3411	-606.6636	0.6969703
1345.55	-560.1909	-606.6597	0.6969494
1345.56	-560.0407	-606.6557	0.6969306
1345.57	-559.8904	-606.6517	0.6969162
1345.58	-559.74	-606.6478	0.696906
1345.59	-559.5895	-606.6437	0.6968999
1345.6	-559.439	-606.6397	0.6968975
1345.61	-559.2884	-606.6357	0.6968988
1345.62	-559.1378	-606.6317	0.6969056
1345.63	-558.9871	-606.6276	0.6969174
1345.64	-558.8362	-606.6236	0.6969343
1345.65	-558.6853	-606.6196	0.6969558
1345.66	-558.5344	-606.6157	0.6969818
1345.67	-558.3834	-606.6118	0.6970136
1345.68	-558.2323	-606.6078	0.6970506
1345.69	-558.0812	-606.6038	0.6970928
1345.7	-557.93	-606.5999	0.6971399
1345.71	-557.7787	-606.5959	0.6971917
1345.72	-557.6274	-606.592	0.6972489
1345.73	-557.4761	-606.5881	0.6973112
1345.74	-557.3246	-606.5842	0.6973784
1345.75	-557.1732	-606.5803	0.6974502
1345.76	-557.0215	-606.5765	0.6975266
1345.77	-556.8699	-606.5726	0.6976078
1345.78	-556.7183	-606.5688	0.6976936
1345.79	-556.5665	-606.565	0.6977838
1345.8	-556.4147	-606.5612	0.6978782
1345.81	-556.2628	-606.5574	0.6979766
1345.82	-556.1108	-606.5536	0.6980796
1345.83	-555.9588	-606.5499	0.6981869
1345.84	-555.8067	-606.5462	0.6982982
1345.85	-555.6545	-606.5425	0.6984133
1345.86	-555.5023	-606.5388	0.6985322
1345.87	-555.35	-606.5352	0.6986552
1345.88	-555.1977	-606.5316	0.6987823
1345.89	-555.0453	-606.5281	0.698913
1345.9	-554.8928	-606.5245	0.6990473
1345.91	-554.7403	-606.5211	0.6991851
1345.92	-554.5877	-606.5176	0.6993266
1345.93	-554.4351	-606.5142	0.6994718
1345.94	-554.2823	-606.5107	0.6996203
1345.95	-554.1296	-606.5074	0.6997721
1345.96	-553.9767	-606.5041	0.6999271
1345.97	-553.8238	-606.5008	0.7000855
1345.98	-553.6708	-606.4976	0.7002472
1345.99	-553.5178	-606.4944	0.7004119
1346	-553.3646	-606.4912	0.7005796
1346.01	-553.2114	-606.4881	0.7007502
1346.02	-553.0582	-606.485	0.7009239
1346.03	-552.9049	-606.4821	0.7011005
1346.04	-552.7515	-606.4791	0.7012801
1346.05	-552.5981	-606.4762	0.7014624
1346.06	-552.4446	-606.4733	0.7016473
1346.07	-552.291	-606.4705	0.7018352
1346.08	-552.1374	-606.4678	0.7020257
1346.09	-551.9837	-606.4651	0.7022189
1346.1	-551.83	-606.4625	0.7024146
1346.11	-551.6761	-606.46	0.7026126
1346.12	-551.5223	-606.4575	0.7028131
1346.13	-551.3683	-606.4551	0.703016
1346.14	-551.2144	-606.4527	0.7032212
1346.15	-551.0603	-606.4504	0.7034286
1346.16	-550.9062	-606.4482	0.703638
1346.17	-550.752	-606.446	0.7038493
1346.18	-550.5978	-606.4439	0.7040626
1346.19	-550.4435	-606.4418	0.7042777
1346.2	-550.2891	-606.4399	0.7044946
1346.21	-550.1346	-606.4379	0.704713
1346.22	-549.9802	-606.4361	0.7049332
1346.23	-549.8256	-606.4343	0.7051548
1346.24	-549.671	-606.4326	0.7053778
1346.25	-549.5164	-606.431	0.7056022
1346.26	-549.3616	-606.4294	0.7058278
1346.27	-549.2068	-606.4279	0.7060547
1346.28	-549.0519	-606.4265	0.7062829
1346.29	-548.897	-606.4252	0.7065121
1346.3	-548.742	-606.424	0.7067423
1346.31	-548.5869	-606.4227	0.7069736
1346.32	-548.4318	-606.4217	0.7072058
1346.33	-548.2767	-606.4207	0.7074389
1346.34	-548.1214	-606.4197	0.7076728
1346.35	-547.9661	-606.4189	0.7079073
1346.36	-547.8107	-606.4182	0.7081428
1346.37	-547.6553	-606.4174	0.7083786
1346.38	-547.4998	-606.4169	0.7086148
1346.39	-547.3443	-606.4164	0.7088515
1346.4	-547.1887	-606.416	0.7090884
1346.41	-547.0331	-606.4156	0.7093257
1346.42	-546.8774	-606.4153	0.7095621
1346.43	-546.7217	-606.4152	0.7097975
1346.44	-546.5659	-606.4151	0.7100319
1346.45	-546.4101	-606.4152	0.7102655
1346.46	-546.2543	-606.4153	0.7104983
1346.47	-546.0984	-606.4154	0.7107282
1346.48	-545.9426	-606.4157	0.7109554
1346.49	-545.7867	-606.416	0.7111801
1346.5	-545.6307	-606.4164	0.7114024
1346.51	-545.4748	-606.4169	0.7116223
1346.52	-545.3188	-606.4175	0.7118373
1346.53	-545.1628	-606.4182	0.7120476
1346.54	-545.0068	-606.4189	0.7122534
1346.55	-544.8508	-606.4197	0.7124549
1346.56	-544.6946	-606.4206	0.7126524
1346.57	-544.5385	-606.4215	0.7128435
1346.58	-544.3824	-606.4225	0.7130288
1346.59	-544.2262	-606.4236	0.7132082
1346.6	-544.07	-606.4248	0.7133822
1346.61	-543.9138	-606.426	0.7135511
1346.62	-543.7575	-606.4273	0.7137151
1346.63	-543.6013	-606.4286	0.713873
1346.64	-543.4449	-606.4301	0.7140253
1346.65	-543.2886	-606.4316	0.714172
1346.66	-543.1323	-606.4332	0.7143135
1346.67	-542.9759	-606.4349	0.7144502
1346.68	-542.8195	-606.4366	0.7145821
1346.69	-542.6631	-606.4384	0.7147096
1346.7	-542.5067	-606.4401	0.7148328
1346.71	-542.3502	-606.4421	0.7149521
1346.72	-542.1937	-606.4441	0.7150674
1346.73	-542.0372	-606.4462	0.7151791
1346.74	-541.8806	-606.4483	0.7152874
1346.75	-541.7241	-606.4504	0.7153925
1346.76	-541.5674	-606.4527	0.7154943
1346.77	-541.4108	-606.455	0.7155931
1346.78	-541.2542	-606.4573	0.7156891
1346.79	-541.0975	-606.4598	0.7157822
1346.8	-540.9408	-606.4622	0.7158728
1346.81	-540.7841	-606.4648	0.715961
1346.82	-540.6273	-606.4674	0.7160469
1346.83	-540.4705	-606.47	0.7161304
1346.84	-540.3137	-606.4728	0.7162119
1346.85	-540.1569	-606.4755	0.7162914
1346.86	-539.9999	-606.4784	0.7163689
1346.87	-539.843	-606.4813	0.7164446
1346.88	-539.6861	-606.4843	0.7165185
1346.89	-539.5291	-606.4872	0.7165908
1346.9	-539.3721	-606.4903	0.7166616
1346.91	-539.215	-606.4933	0.7167307
1346.92	-539.058	-606.4965	0.7167984
1346.93	-538.9009	-606.4997	0.7168648
1346.94	-538.7437	-606.503	0.7169299
1346.95	-538.5865	-606.5063	0.7169936
1346.96	-538.4293	-606.5096	0.7170563
1346.97	-538.2721	-606.513	0.7171177
1346.98	-538.1149	-606.5164	0.7171782
1346.99	-537.9576	-606.52	0.7172375
1347	-537.8002	-606.5235	0.7172959
1347.01	-537.6428	-606.527	0.7173534
1347.02	-537.4854	-606.5307	0.71741
1347.03	-537.3279	-606.5344	0.7174657
1347.04	-537.1705	-606.5381	0.7175207
1347.05	-537.0129	-606.5418	0.7175748
1347.06	-536.8553	-606.5456	0.7176281
1347.07	-536.6978	-606.5495	0.7176809
1347.08	-536.5402	-606.5533	0.7177328
1347.09	-536.3825	-606.5573	0.7177842
1347.1	-536.2248	-606.5613	0.7178349
1347.11	-536.067	-606.5652	0.7178851
1347.12	-535.9092	-606.5693	0.7179347
1347.13	-535.7515	-606.5734	0.7179838
1347.14	-535.5936	-606.5775	0.7180323
1347.15	-535.4357	-606.5816	0.7180805
1347.16	-535.2778	-606.5858	0.7181281
1347.17	-535.1198	-606.59	0.7181752
1347.18	-534.9619	-606.5942	0.7182219
1347.19	-534.8038	-606.5986	0.7182682
1347.2	-534.6458	-606.6029	0.718314
1347.21	-534.4876	-606.6072	0.7183594
1347.22	-534.3295	-606.6117	0.7184042
1347.23	-534.1713	-606.6161	0.7184484
1347.24	-534.0131	-606.6205	0.7184919
1347.25	-533.8549	-606.625	0.718535
1347.26	-533.6965	-606.6296	0.7185776
1347.27	-533.5382	-606.6341	0.7186196
1347.28	-533.3799	-606.6387	0.7186601
1347.29	-533.2215	-606.6433	0.7186991
1347.3	-533.063	-606.6479	0.7187368
1347.31	-532.9046	-606.6525	0.7187729
1347.32	-532.7461	-606.6572	0.7188066
1347.33	-532.5876	-606.6619	0.7188376
1347.34	-532.429	-606.6666	0.7188661
1347.35	-532.2704	-606.6713	0.7188923
1347.36	-532.1118	-606.6761	0.7189162
1347.37	-531.9531	-606.6808	0.7189365
1347.38	-531.7944	-606.6856	0.7189532
1347.39	-531.6356	-606.6904	0.7189665
1347.4	-531.4768	-606.6952	0.7189766
1347.41	-531.318	-606.7	0.7189837
1347.42	-531.1591	-606.7048	0.7189875
1347.43	-531.0002	-606.7097	0.7189882
1347.44	-530.8413	-606.7145	0.7189859
1347.45	-530.6823	-606.7194	0.7189807
1347.46	-530.5233	-606.7243	0.7189728
1347.47	-530.3643	-606.7292	0.7189623
1347.48	-530.2052	-606.7341	0.7189493
1347.49	-530.0461	-606.739	0.7189339
1347.5	-529.8869	-606.7439	0.7189164
1347.51	-529.7277	-606.7488	0.7188966
1347.52	-529.5685	-606.7538	0.7188744
1347.53	-529.4092	-606.7587	0.7188501
1347.54	-529.2499	-606.7636	0.7188237
1347.55	-529.0906	-606.7686	0.7187952
1347.56	-528.9312	-606.7735	0.718765
1347.57	-528.7718	-606.7784	0.7187314
1347.58	-528.6124	-606.7833	0.7186947
1347.59	-528.4529	-606.7883	0.718655
1347.6	-528.2933	-606.7932	0.7186127
1347.61	-528.1337	-606.7982	0.7185676
1347.62	-527.9741	-606.803	0.718516
1347.63	-527.8145	-606.808	0.7184586
1347.64	-527.6548	-606.8129	0.7183953
1347.65	-527.4951	-606.8177	0.7183265
1347.66	-527.3353	-606.8226	0.7182525
1347.67	-527.1755	-606.8275	0.7181734
1347.68	-527.0157	-606.8322	0.7180863
1347.69	-526.8559	-606.837	0.7179915
1347.7	-526.696	-606.8417	0.7178892
1347.71	-526.536	-606.8464	0.7177801
1347.72	-526.376	-606.8511	0.7176623
1347.73	-526.216	-606.8558	0.7175366
1347.74	-526.056	-606.8604	0.7174031
1347.75	-525.8959	-606.8649	0.7172623
1347.76	-525.7357	-606.8694	0.7171144
1347.77	-525.5755	-606.874	0.7169597
1347.78	-525.4153	-606.8784	0.7167976
1347.79	-525.2551	-606.8828	0.7166286
1347.8	-525.0948	-606.8871	0.716453
1347.81	-524.9344	-606.8914	0.7162709
1347.82	-524.7741	-606.8957	0.7160823
1347.83	-524.6137	-606.8999	0.7158877
1347.84	-524.4533	-606.904	0.7156872
1347.85	-524.2928	-606.9081	0.715481
1347.86	-524.1323	-606.9121	0.7152694
1347.87	-523.9718	-606.9161	0.7150519
1347.88	-523.8112	-606.9201	0.7148286
1347.89	-523.6506	-606.924	0.7145998
1347.9	-523.49	-606.9277	0.7143657
1347.91	-523.3293	-606.9315	0.7141266
1347.92	-523.1686	-606.9351	0.7138813
1347.93	-523.0078	-606.9387	0.7136302
1347.94	-522.847	-606.9422	0.7133734
1347.95	-522.6862	-606.9456	0.7131113
1347.96	-522.5253	-606.949	0.7128441
1347.97	-522.3644	-606.9522	0.7125719
1347.98	-522.2035	-606.9554	0.7122949
1347.99	-522.0425	-606.9586	0.7120134
1348	-521.8815	-606.9615	0.7117275
1348.01	-521.7205	-606.9645	0.7114375
1348.02	-521.5595	-606.9673	0.7111454
1348.03	-521.3984	-606.9701	0.7108515
1348.04	-521.2374	-606.9728	0.7105559
1348.05	-521.0763	-606.9753	0.7102587
1348.06	-520.9152	-606.9778	0.7099599
1348.07	-520.7541	-606.9803	0.7096636
1348.08	-520.593	-606.9826	0.70937
1348.09	-520.4319	-606.9849	0.7090788
1348.1	-520.2708	-606.9871	0.7087898
1348.11	-520.1097	-606.9891	0.7085031
1348.12	-519.9487	-606.9911	0.7082241
1348.13	-519.7877	-606.9932	0.7079522
1348.14	-519.6266	-606.995	0.7076873
1348.15	-519.4656	-606.9968	0.7074288
1348.16	-519.3046	-606.9985	0.7071766
1348.17	-519.1437	-607.0002	0.7069345
1348.18	-518.9827	-607.0018	0.7067019
1348.19	-518.8218	-607.0033	0.7064785
1348.2	-518.6608	-607.0047	0.7062638
1348.21	-518.4999	-607.0061	0.7060575
1348.22	-518.339	-607.0074	0.7058604
1348.23	-518.1781	-607.0087	0.7056723
1348.24	-518.0172	-607.0098	0.7054927
1348.25	-517.8564	-607.0109	0.7053213
1348.26	-517.6956	-607.012	0.7051577
1348.27	-517.5347	-607.0129	0.7050014
1348.28	-517.374	-607.0139	0.7048522
1348.29	-517.2132	-607.0146	0.7047098
1348.3	-517.0524	-607.0154	0.7045737
1348.31	-516.8917	-607.0161	0.7044439
1348.32	-516.731	-607.0167	0.70432
1348.33	-516.5703	-607.0173	0.7042019
1348.34	-516.4095	-607.0178	0.7040892
1348.35	-516.2488	-607.0181	0.7039816
1348.36	-516.0881	-607.0185	0.7038791
1348.37	-515.9274	-607.0187	0.7037823
1348.38	-515.7667	-607.0189	0.7036907
1348.39	-515.606	-607.0191	0.7036044
1348.4	-515.4453	-607.0192	0.7035229
1348.41	-515.2846	-607.0192	0.7034462
1348.42	-515.1239	-607.0192	0.7033762
1348.43	-514.9632	-607.0191	0.7033126
1348.44	-514.8025	-607.019	0.7032552
1348.45	-514.6418	-607.0188	0.7032036
1348.46	-514.4811	-607.0186	0.7031576
1348.47	-514.3204	-607.0184	0.7031198
1348.48	-514.1597	-607.0181	0.7030897
1348.49	-513.999	-607.0178	0.7030669
1348.5	-513.8383	-607.0174	0.7030515
1348.51	-513.6776	-607.017	0.7030427
1348.52	-513.5168	-607.0166	0.7030421
1348.53	-513.3561	-607.0162	0.7030494
1348.54	-513.1954	-607.0157	0.7030642
1348.55	-513.0347	-607.0152	0.7030861
1348.56	-512.874	-607.0147	0.703115
1348.57	-512.7133	-607.0142	0.7031507
1348.58	-512.5526	-607.0136	0.7031928
1348.59	-512.3919	-607.013	0.7032412
1348.6	-512.2312	-607.0125	0.7032956
1348.61	-512.0705	-607.0118	0.7033556
1348.62	-511.9098	-607.0112	0.7034206
1348.63	-511.7491	-607.0106	0.7034903
1348.64	-511.5883	-607.0099	0.7035643
1348.65	-511.4276	-607.0093	0.7036427
1348.66	-511.2669	-607.0087	0.703725
1348.67	-511.1063	-607.0079	0.7038102
1348.68	-510.9456	-607.0073	0.703898
1348.69	-510.7849	-607.0065	0.7039883
1348.7	-510.6241	-607.0059	0.7040811
1348.71	-510.4634	-607.0052	0.7041761
1348.72	-510.3027	-607.0045	0.7042733
1348.73	-510.1421	-607.0038	0.7043712
1348.74	-509.9814	-607.0031	0.7044696
1348.75	-509.8208	-607.0024	0.7045686
1348.76	-509.6602	-607.0017	0.704668
1348.77	-509.4995	-607.001	0.7047658
1348.78	-509.3389	-607.0002	0.7048622
1348.79	-509.1783	-606.9995	0.7049573
1348.8	-509.0177	-606.9987	0.705051
1348.81	-508.8571	-606.998	0.7051435
1348.82	-508.6965	-606.9973	0.7052332
1348.83	-508.5359	-606.9965	0.7053202
1348.84	-508.3753	-606.9957	0.7054046
1348.85	-508.2147	-606.995	0.7054867
1348.86	-508.054	-606.9943	0.7055665
1348.87	-507.8935	-606.9936	0.7056437
1348.88	-507.7329	-606.9929	0.7057186
1348.89	-507.5723	-606.9922	0.7057914
1348.9	-507.4117	-606.9915	0.705862
1348.91	-507.251	-606.9908	0.7059305
1348.92	-507.0904	-606.9901	0.7059976
1348.93	-506.9297	-606.9894	0.7060632
1348.94	-506.7691	-606.9888	0.7061273
1348.95	-506.6084	-606.9881	0.7061902
1348.96	-506.4477	-606.9874	0.7062516
1348.97	-506.287	-606.9868	0.7063134
1348.98	-506.1262	-606.9862	0.7063752
1348.99	-505.9655	-606.9857	0.7064372
1349	-505.8047	-606.985	0.7064994
1349.01	-505.6438	-606.9845	0.7065617
1349.02	-505.483	-606.984	0.7066256
1349.03	-505.3221	-606.9835	0.7066909
1349.04	-505.1613	-606.983	0.7067576
1349.05	-505.0003	-606.9825	0.7068256
1349.06	-504.8393	-606.9822	0.7068948
1349.07	-504.6783	-606.9818	0.7069657
1349.08	-504.5173	-606.9814	0.7070382
1349.09	-504.3563	-606.981	0.7071123
1349.1	-504.1952	-606.9807	0.7071878
1349.11	-504.0341	-606.9804	0.7072647
1349.12	-503.8729	-606.9802	0.707342
1349.13	-503.7118	-606.9799	0.7074197
1349.14	-503.5505	-606.9797	0.7074979
1349.15	-503.3893	-606.9795	0.7075764
1349.16	-503.228	-606.9794	0.7076554
1349.17	-503.0667	-606.9792	0.7077326
1349.18	-502.9054	-606.9791	0.7078081
1349.19	-502.744	-606.9789	0.707882
1349.2	-502.5826	-606.9789	0.7079545
1349.21	-502.4212	-606.9788	0.7080255
1349.22	-502.2597	-606.9788	0.7080934
1349.23	-502.0983	-606.9788	0.7081584
1349.24	-501.9367	-606.9787	0.7082207
1349.25	-501.7752	-606.9788	0.7082804
1349.26	-501.6136	-606.9788	0.7083375
1349.27	-501.452	-606.9788	0.7083911
1349.28	-501.2903	-606.9789	0.7084411
1349.29	-501.1287	-606.9789	0.7084879
1349.3	-500.9669	-606.979	0.7085316
1349.31	-500.8052	-606.9792	0.7085723
1349.32	-500.6435	-606.9793	0.7086097
1349.33	-500.4817	-606.9794	0.7086442
1349.34	-500.3199	-606.9796	0.7086757
1349.35	-500.158	-606.9798	0.7087045
1349.36	-499.9961	-606.98	0.7087306
1349.37	-499.8342	-606.9802	0.7087542
1349.38	-499.6723	-606.9803	0.7087755
1349.39	-499.5103	-606.9806	0.7087945
1349.4	-499.3484	-606.9808	0.7088114
1349.41	-499.1863	-606.9811	0.7088261
1349.42	-499.0243	-606.9813	0.7088388
1349.43	-498.8623	-606.9817	0.7088494
1349.44	-498.7002	-606.982	0.7088581
1349.45	-498.538	-606.9823	0.708865
1349.46	-498.3759	-606.9826	0.7088702
1349.47	-498.2137	-606.9829	0.7088727
1349.48	-498.0515	-606.9833	0.7088727
1349.49	-497.8893	-606.9836	0.7088702
1349.5	-497.727	-606.984	0.7088655
1349.51	-497.5647	-606.9844	0.7088585
1349.52	-497.4023	-606.9847	0.7088493
1349.53	-497.24	-606.985	0.7088378
1349.54	-497.0776	-606.9854	0.7088242
1349.55	-496.9152	-606.9858	0.7088084
1349.56	-496.7527	-606.9863	0.7087907
1349.57	-496.5903	-606.9867	0.7087712
1349.58	-496.4278	-606.9871	0.7087498
1349.59	-496.2653	-606.9875	0.7087268
1349.6	-496.1028	-606.988	0.7087021
1349.61	-495.9402	-606.9883	0.7086757
1349.62	-495.7776	-606.9888	0.7086479
1349.63	-495.6149	-606.9892	0.7086192
1349.64	-495.4523	-606.9896	0.7085894
1349.65	-495.2896	-606.9901	0.7085588
1349.66	-495.1269	-606.9904	0.7085273
1349.67	-494.9641	-606.9908	0.7084958
1349.68	-494.8014	-606.9913	0.7084643
1349.69	-494.6386	-606.9917	0.7084326
1349.7	-494.4758	-606.9921	0.7084009
1349.71	-494.313	-606.9925	0.7083692
1349.72	-494.151	-606.9918	0.7080729
1349.73	-493.989	-606.9913	0.7078058
1349.74	-493.8269	-606.9907	0.7075328
1349.75	-493.6649	-606.9901	0.7072622
1349.76	-493.5028	-606.9895	0.7069867
1349.77	-493.3409	-606.9888	0.7067076
1349.78	-493.179	-606.9882	0.7064384
1349.79	-493.0171	-606.9875	0.7061772
1349.8	-492.8552	-606.9868	0.7059259
1349.81	-492.6934	-606.986	0.7056825
1349.82	-492.5316	-606.9852	0.7054486
1349.83	-492.3699	-606.9844	0.7052249
1349.84	-492.2081	-606.9836	0.7050092
1349.85	-492.0463	-606.9828	0.7048042
1349.86	-491.8846	-606.9819	0.7046067
1349.87	-491.7228	-606.981	0.7044196
1349.88	-491.561	-606.9801	0.7042418
1349.89	-491.3992	-606.9792	0.704072
1349.9	-491.2382	-606.9779	0.7041781
1349.91	-491.0771	-606.9764	0.7043617
1349.92	-490.9161	-606.9749	0.7045469
1349.93	-490.7551	-606.9732	0.7047189
1349.94	-490.5941	-606.9716	0.7048784
1349.95	-490.433	-606.9698	0.7050238
1349.96	-490.2719	-606.9681	0.7051622
1349.97	-490.1108	-606.9664	0.7052937
1349.98	-489.9497	-606.9647	0.7054157
1349.99	-489.7885	-606.963	0.7055325
1350	-489.6273	-606.9613	0.705642
1350.01	-489.4661	-606.9597	0.7057422
1350.02	-489.3049	-606.9581	0.7058408
1350.03	-489.1436	-606.9564	0.7059326
1350.04	-488.9822	-606.9549	0.7060177
1350.05	-488.8209	-606.9533	0.7061015
1350.06	-488.6595	-606.9518	0.7061799
1350.07	-488.498	-606.9503	0.7062541
1350.08	-488.3366	-606.9489	0.7063288
1350.09	-488.1751	-606.9475	0.7063994
1350.1	-488.0136	-606.9462	0.7064666
1350.11	-487.852	-606.9448	0.7065309
1350.12	-487.6905	-606.9436	0.7065978
1350.13	-487.5288	-606.9423	0.706652
1350.14	-487.3672	-606.9411	0.7067152
1350.15	-487.2055	-606.94	0.7067744
1350.16	-487.0438	-606.9388	0.7068251
1350.17	-486.8821	-606.9377	0.7068755
1350.18	-486.7203	-606.9368	0.706929
1350.19	-486.5585	-606.9357	0.7069753
1350.2	-486.3967	-606.9348	0.7070214
1350.21	-486.2348	-606.9339	0.7070612
1350.22	-486.073	-606.933	0.7070957
1350.23	-485.9111	-606.9321	0.7071266
1350.24	-485.7491	-606.9313	0.7071493
1350.25	-485.5872	-606.9305	0.7071771
1350.26	-485.4252	-606.9298	0.7072019
1350.27	-485.2632	-606.9291	0.7072127
1350.28	-485.1011	-606.9283	0.7072248
1350.29	-484.939	-606.9277	0.7072265
1350.3	-484.7769	-606.927	0.7072313
1350.31	-484.6147	-606.9264	0.7072376
1350.32	-484.4525	-606.9258	0.7072254
1350.33	-484.2903	-606.9252	0.7072124
1350.34	-484.1281	-606.9247	0.7071956
1350.35	-483.9658	-606.9241	0.7071738
1350.36	-483.8035	-606.9236	0.7071508
1350.37	-483.6412	-606.9231	0.7071216
1350.38	-483.4788	-606.9226	0.7070878
1350.39	-483.3164	-606.9221	0.7070474
1350.4	-483.154	-606.9216	0.7070079
1350.41	-482.9915	-606.9212	0.7069618
1350.42	-482.829	-606.9208	0.7069145
1350.43	-482.6665	-606.9203	0.7068593
1350.44	-482.504	-606.9199	0.7068043
1350.45	-482.3414	-606.9194	0.7067417
1350.46	-482.1787	-606.9189	0.7066818
1350.47	-482.0161	-606.9186	0.7066188
1350.48	-481.8533	-606.9181	0.7065482
1350.49	-481.6906	-606.9177	0.7064771
1350.5	-481.5278	-606.9172	0.7064008
1350.51	-481.365	-606.9167	0.7063217
1350.52	-481.2021	-606.9163	0.7062355
1350.53	-481.0392	-606.9158	0.7061541
1350.54	-480.8763	-606.9153	0.7060606
1350.55	-480.7133	-606.9149	0.7059649
1350.56	-480.5503	-606.9144	0.7058755
1350.57	-480.3873	-606.9139	0.7057741
1350.58	-480.2242	-606.9133	0.7056718
1350.59	-480.061	-606.9128	0.7055653
1350.6	-479.8979	-606.9123	0.705456
1350.61	-479.7346	-606.9117	0.7053435
1350.62	-479.5714	-606.9112	0.7052265
1350.63	-479.4081	-606.9106	0.7051056
1350.64	-479.2447	-606.91	0.7049879
1350.65	-479.0813	-606.9093	0.7048656
1350.66	-478.9179	-606.9086	0.7047384
1350.67	-478.7544	-606.9079	0.7046123
1350.68	-478.5909	-606.9072	0.7044821
1350.69	-478.4274	-606.9064	0.7043502
1350.7	-478.2638	-606.9056	0.7042166
1350.71	-478.1001	-606.9048	0.7040786
1350.72	-477.9364	-606.9039	0.7039422
1350.73	-477.7727	-606.903	0.7038
1350.74	-477.6089	-606.9021	0.7036554
1350.75	-477.4451	-606.9011	0.7035084
1350.76	-477.2812	-606.9001	0.7033631
1350.77	-477.1173	-606.8991	0.7032105
1350.78	-476.9534	-606.898	0.7030599
1350.79	-476.7894	-606.8969	0.702908
1350.8	-476.6254	-606.8958	0.7027523
1350.81	-476.4613	-606.8945	0.7025917
1350.82	-476.2971	-606.8932	0.7024339
1350.83	-476.133	-606.892	0.7022784
1350.84	-475.9688	-606.8906	0.7021199
1350.85	-475.8045	-606.8892	0.7019576
1350.86	-475.6402	-606.8878	0.7017937
1350.87	-475.4759	-606.8863	0.7016317
1350.88	-475.3115	-606.8848	0.701465
1350.89	-475.1471	-606.8832	0.701299
1350.9	-474.9826	-606.8815	0.7011314
1350.91	-474.818	-606.8798	0.7009633
1350.92	-474.6534	-606.878	0.7007983
1350.93	-474.4888	-606.8762	0.700632
1350.94	-474.3241	-606.8743	0.700466
1350.95	-474.1594	-606.8724	0.7002946
1350.96	-473.9946	-606.8704	0.7001233
1350.97	-473.8298	-606.8683	0.6999474
1350.98	-473.6649	-606.8663	0.6997792
1350.99	-473.5	-606.8641	0.6996042
1351	-473.3351	-606.8619	0.6994339
1351.01	-473.17	-606.8596	0.6992607
1351.02	-473.0049	-606.8573	0.6990855
1351.03	-472.8398	-606.8549	0.6989121
1351.04	-472.6746	-606.8524	0.6987375
1351.05	-472.5093	-606.8499	0.6985633
1351.06	-472.344	-606.8472	0.6983944
1351.07	-472.1787	-606.8445	0.6982254
1351.08	-472.0133	-606.8417	0.698061
1351.09	-471.8478	-606.8389	0.6978961
1351.1	-471.6822	-606.8361	0.6977279
1351.11	-471.5166	-606.8331	0.6975607
1351.12	-471.351	-606.8301	0.6973944
1351.13	-471.1852	-606.8271	0.6972308
1351.14	-471.0195	-606.824	0.6970659
1351.15	-470.8536	-606.8207	0.6969002
1351.16	-470.6877	-606.8174	0.6967384
1351.17	-470.5218	-606.8141	0.6965767
1351.18	-470.3558	-606.8107	0.6964154
1351.19	-470.1898	-606.8072	0.6962541
1351.2	-470.0237	-606.8036	0.6960939
1351.21	-469.8575	-606.8	0.6959389
1351.22	-469.6913	-606.7963	0.695785
1351.23	-469.5251	-606.7925	0.6956269
1351.24	-469.3589	-606.7887	0.6954689
1351.25	-469.1925	-606.7848	0.695312
1351.26	-469.0261	-606.7808	0.6951556
1351.27	-468.8596	-606.7768	0.6949994
1351.28	-468.6931	-606.7726	0.6948449
1351.29	-468.5266	-606.7684	0.6946942
1351.3	-468.36	-606.7642	0.6945465
1351.31	-468.1933	-606.7598	0.6944011
1351.32	-468.0265	-606.7555	0.6942554
1351.33	-467.8597	-606.751	0.6941051
1351.34	-467.6929	-606.7465	0.6939627
1351.35	-467.526	-606.7419	0.6938201
1351.36	-467.3591	-606.7372	0.6936758
1351.37	-467.1921	-606.7325	0.6935375
1351.38	-467.0251	-606.7277	0.6934021
1351.39	-466.8581	-606.7228	0.6932715
1351.4	-466.6909	-606.7178	0.6931465
1351.41	-466.5238	-606.7129	0.6930234
1351.42	-466.3566	-606.7078	0.6929004
1351.43	-466.1894	-606.7027	0.6927829
1351.44	-466.0221	-606.6975	0.6926742
1351.45	-465.8547	-606.6923	0.6925686
1351.46	-465.6873	-606.687	0.6924658
1351.47	-465.5199	-606.6816	0.6923675
1351.48	-465.3524	-606.6763	0.6922705
1351.49	-465.1849	-606.6708	0.6921772
1351.5	-465.0173	-606.6652	0.6920867
1351.51	-464.8497	-606.6597	0.6920052
1351.52	-464.6821	-606.654	0.6919246
1351.53	-464.5144	-606.6484	0.6918512
1351.54	-464.3467	-606.6426	0.6917777
1351.55	-464.1789	-606.6369	0.6917042
1351.56	-464.0111	-606.631	0.6916356
1351.57	-463.8433	-606.6252	0.6915739
1351.58	-463.6754	-606.6193	0.6915146
1351.59	-463.5075	-606.6132	0.6914576
1351.6	-463.3396	-606.6072	0.6914086
1351.61	-463.1716	-606.6011	0.6913672
1351.62	-463.0035	-606.595	0.6913317
1351.63	-462.8355	-606.5888	0.6913013
1351.64	-462.6674	-606.5826	0.6912741
1351.65	-462.4993	-606.5763	0.6912504
1351.66	-462.3311	-606.5699	0.6912312
1351.67	-462.1629	-606.5636	0.6912155
1351.68	-461.9947	-606.5572	0.6912033
1351.69	-461.8264	-606.5507	0.6911947
1351.7	-461.6581	-606.5443	0.6911901
1351.71	-461.4898	-606.5377	0.6911886
1351.72	-461.3214	-606.5311	0.6911907
1351.73	-461.1531	-606.5245	0.6911978
1351.74	-460.9847	-606.5179	0.6912084
1351.75	-460.8162	-606.5112	0.6912239
1351.76	-460.6477	-606.5045	0.6912421
1351.77	-460.4792	-606.4978	0.6912649
1351.78	-460.3107	-606.4911	0.6912917
1351.79	-460.1422	-606.4843	0.6913213
1351.8	-459.9736	-606.4776	0.6913525
1351.81	-459.8049	-606.4708	0.691389
1351.82	-459.6363	-606.4639	0.6914312
1351.83	-459.4676	-606.4571	0.6914755
1351.84	-459.2989	-606.4503	0.6915231
1351.85	-459.1302	-606.4434	0.6915725
1351.86	-458.9613	-606.4365	0.6916273
1351.87	-458.7925	-606.4296	0.6916856
1351.88	-458.6237	-606.4227	0.6917482
1351.89	-458.4549	-606.4158	0.6918157
1351.9	-458.286	-606.4089	0.691885
1351.91	-458.117	-606.402	0.691958
1351.92	-457.9481	-606.395	0.6920347
1351.93	-457.7791	-606.3881	0.6921154
1351.94	-457.6101	-606.3812	0.6921995
1351.95	-457.4411	-606.3743	0.6922922
1351.96	-457.272	-606.3674	0.6923819
1351.97	-457.1029	-606.3605	0.6924751
1351.98	-456.9338	-606.3537	0.6925738
1351.99	-456.7646	-606.3468	0.6926799
1352	-456.5954	-606.34	0.6927844
1352.01	-456.4262	-606.3331	0.6928945
1352.02	-456.257	-606.3263	0.6930069
1352.03	-456.0877	-606.3195	0.6931252
1352.04	-455.9184	-606.3127	0.6932485
1352.05	-455.749	-606.306	0.6933738
1352.06	-455.5796	-606.2993	0.6935025
1352.07	-455.4102	-606.2925	0.6936361
1352.08	-455.2408	-606.2858	0.6937723
1352.09	-455.0714	-606.2792	0.6939127
1352.1	-454.9019	-606.2726	0.6940571
1352.11	-454.7323	-606.266	0.6942042
1352.12	-454.5628	-606.2595	0.6943558
1352.13	-454.3932	-606.2529	0.694508
1352.14	-454.2236	-606.2465	0.6946663
1352.15	-454.054	-606.24	0.6948267
1352.16	-453.8843	-606.2336	0.6949919
1352.17	-453.7146	-606.2272	0.6951574
1352.18	-453.5449	-606.2209	0.6953266
1352.19	-453.3752	-606.2145	0.6954991
1352.2	-453.2054	-606.2083	0.6956756
1352.21	-453.0356	-606.202	0.695854
1352.22	-452.8658	-606.1959	0.696032
1352.23	-452.696	-606.1897	0.6962128
1352.24	-452.5261	-606.1836	0.696391
1352.25	-452.3562	-606.1776	0.6965723
1352.26	-452.1863	-606.1716	0.6967572
1352.27	-452.0164	-606.1656	0.6969401
1352.28	-451.8465	-606.1597	0.6971264
1352.29	-451.6765	-606.1537	0.6973094
1352.3	-451.5066	-606.1479	0.6974933
1352.31	-451.3365	-606.1422	0.697679
1352.32	-451.1665	-606.1364	0.6978659
1352.33	-450.9965	-606.1307	0.6980528
1352.34	-450.8264	-606.1251	0.6982392
1352.35	-450.6563	-606.1195	0.6984249
1352.36	-450.4862	-606.114	0.6986108
1352.37	-450.3161	-606.1085	0.6987953
1352.38	-450.146	-606.103	0.6989802
1352.39	-449.9759	-606.0977	0.6991638
1352.4	-449.8057	-606.0923	0.699347
1352.41	-449.6355	-606.0871	0.6995294
1352.42	-449.4653	-606.0818	0.6997126
1352.43	-449.2951	-606.0767	0.6998923
1352.44	-449.1249	-606.0716	0.7000723
1352.45	-448.9546	-606.0665	0.7002487
1352.46	-448.7843	-606.0615	0.7004216
1352.47	-448.614	-606.0566	0.7005919
1352.48	-448.4437	-606.0517	0.700757
1352.49	-448.2733	-606.0469	0.7009206
1352.5	-448.1029	-606.0422	0.7010815
1352.51	-447.9325	-606.0375	0.7012407
1352.52	-447.762	-606.0329	0.7013985
1352.53	-447.5916	-606.0283	0.7015569
1352.54	-447.4211	-606.0238	0.7017154
1352.55	-447.2506	-606.0194	0.7018701
1352.56	-447.0801	-606.0151	0.7020245
1352.57	-446.9096	-606.0107	0.7021836
1352.58	-446.739	-606.0065	0.7023373
1352.59	-446.5684	-606.0024	0.7024887
1352.6	-446.3978	-605.9983	0.7026398
1352.61	-446.2272	-605.9943	0.7027922
1352.62	-446.0565	-605.9904	0.7029443
1352.63	-445.8859	-605.9865	0.7030964
1352.64	-445.7152	-605.9827	0.7032506
1352.65	-445.5446	-605.979	0.7034059
1352.66	-445.3738	-605.9754	0.7035599
1352.67	-445.2032	-605.9718	0.7037155
1352.68	-445.0324	-605.9683	0.7038727
1352.69	-444.8617	-605.9648	0.7040311
1352.7	-444.691	-605.9614	0.7041906
1352.71	-444.5202	-605.9581	0.7043472
1352.72	-444.3494	-605.9548	0.7045043
1352.73	-444.1786	-605.9517	0.7046616
1352.74	-444.0078	-605.9485	0.7048191
1352.75	-443.837	-605.9455	0.7049755
1352.76	-443.6661	-605.9425	0.7051315
1352.77	-443.4953	-605.9396	0.7052867
1352.78	-443.3245	-605.9368	0.7054464
1352.79	-443.1536	-605.934	0.7056028
1352.8	-442.9827	-605.9313	0.7057584
1352.81	-442.8118	-605.9287	0.7059151
1352.82	-442.6409	-605.9261	0.7060719
1352.83	-442.4699	-605.9236	0.7062285
1352.84	-442.299	-605.9212	0.7063847
1352.85	-442.1281	-605.9189	0.7065404
1352.86	-441.9571	-605.9166	0.7066997
1352.87	-441.7862	-605.9144	0.7068583
1352.88	-441.6152	-605.9123	0.7070161
1352.89	-441.4442	-605.9102	0.7071729
1352.9	-441.2733	-605.9082	0.7073285
1352.91	-441.1022	-605.9063	0.7074805
1352.92	-440.9312	-605.9044	0.7076343
1352.93	-440.7602	-605.9026	0.7077826
1352.94	-440.5891	-605.9009	0.7079282
1352.95	-440.418	-605.8993	0.7080719
1352.96	-440.2469	-605.8977	0.7082129
1352.97	-440.0758	-605.8962	0.708351
1352.98	-439.9047	-605.8948	0.7084864
1352.99	-439.7335	-605.8934	0.7086177
1353	-439.5623	-605.8922	0.7087455
1353.01	-439.3911	-605.8909	0.7088739
1353.02	-439.2199	-605.8898	0.7090003
1353.03	-439.0487	-605.8886	0.709124
1353.04	-438.8774	-605.8876	0.7092454
1353.05	-438.7061	-605.8867	0.7093648
