1130.75	-646.1843	-607.7514	0.7146256
1130.76	-646.0485	-607.7545	0.7145466
1130.77	-645.9127	-607.7576	0.714467
1130.78	-645.7769	-607.7606	0.714387
1130.79	-645.6411	-607.7636	0.7143065
1130.8	-645.5052	-607.7666	0.7142256
1130.81	-645.3694	-607.7696	0.7141442
1130.82	-645.2336	-607.7725	0.7140625
1130.83	-645.0978	-607.7755	0.7139803
1130.84	-644.962	-607.7783	0.7138978
1130.85	-644.8262	-607.7813	0.7138149
1130.86	-644.6904	-607.7841	0.7137316
1130.87	-644.5545	-607.7869	0.7136481
1130.88	-644.4186	-607.7897	0.7135643
1130.89	-644.2828	-607.7924	0.7134802
1130.9	-644.1469	-607.7952	0.7133957
1130.91	-644.011	-607.7979	0.7133111
1130.92	-643.8752	-607.8006	0.7132261
1130.93	-643.7393	-607.8032	0.713141
1130.94	-643.6034	-607.8059	0.7130556
1130.95	-643.4675	-607.8085	0.71297
1130.96	-643.3317	-607.811	0.7128842
1130.97	-643.1957	-607.8136	0.7127981
1130.98	-643.0598	-607.8161	0.712712
1130.99	-642.9239	-607.8186	0.7126256
1131	-642.788	-607.821	0.712539
1131.01	-642.652	-607.8235	0.7124524
1131.02	-642.5161	-607.8259	0.7123654
1131.03	-642.3802	-607.8282	0.7122784
1131.04	-642.2442	-607.8306	0.7121911
1131.05	-642.1083	-607.8328	0.7121038
1131.06	-641.9724	-607.8351	0.7120163
1131.07	-641.8364	-607.8373	0.7119288
1131.08	-641.7004	-607.8396	0.7118411
1131.09	-641.5644	-607.8417	0.7117532
1131.1	-641.4284	-607.8439	0.7116654
1131.11	-641.2924	-607.846	0.7115774
1131.12	-641.1564	-607.8481	0.7114892
1131.13	-641.0204	-607.8502	0.7114009
1131.14	-640.8844	-607.8522	0.7113125
1131.15	-640.7484	-607.8541	0.7112241
1131.16	-640.6124	-607.8561	0.7111357
1131.17	-640.4764	-607.858	0.711047
1131.18	-640.3403	-607.86	0.7109583
1131.19	-640.2043	-607.8618	0.7108694
1131.2	-640.0682	-607.8636	0.7107807
1131.21	-639.9322	-607.8655	0.7106917
1131.22	-639.7961	-607.8672	0.7106026
1131.23	-639.6601	-607.869	0.7105135
1131.24	-639.524	-607.8707	0.7104242
1131.25	-639.3879	-607.8724	0.710335
1131.26	-639.2518	-607.874	0.7102456
1131.27	-639.1157	-607.8756	0.7101563
1131.28	-638.9796	-607.8772	0.7100668
1131.29	-638.8435	-607.8787	0.7099772
1131.3	-638.7074	-607.8802	0.7098877
1131.31	-638.5713	-607.8817	0.7097981
1131.32	-638.4352	-607.8831	0.7097084
1131.33	-638.2991	-607.8846	0.7096187
1131.34	-638.1629	-607.8859	0.7095289
1131.35	-638.0268	-607.8873	0.709439
1131.36	-637.8907	-607.8886	0.7093492
1131.37	-637.7545	-607.8899	0.7092593
1131.38	-637.6183	-607.8912	0.7091693
1131.39	-637.4822	-607.8923	0.7090793
1131.4	-637.346	-607.8936	0.7089893
1131.41	-637.2098	-607.8947	0.7088991
1131.42	-637.0737	-607.8958	0.7088091
1131.43	-636.9375	-607.8969	0.708719
1131.44	-636.8013	-607.8979	0.7086287
1131.45	-636.6651	-607.8989	0.7085385
1131.46	-636.5289	-607.8999	0.7084482
1131.47	-636.3927	-607.9008	0.7083579
1131.48	-636.2565	-607.9017	0.7082676
1131.49	-636.1202	-607.9026	0.7081773
1131.5	-635.984	-607.9034	0.7080869
1131.51	-635.8478	-607.9042	0.7079965
1131.52	-635.7115	-607.905	0.707906
1131.53	-635.5753	-607.9058	0.7078156
1131.54	-635.439	-607.9064	0.707725
1131.55	-635.3028	-607.9072	0.7076346
1131.56	-635.1666	-607.9078	0.707544
1131.57	-635.0303	-607.9083	0.7074534
1131.58	-634.894	-607.9089	0.7073628
1131.59	-634.7577	-607.9094	0.7072722
1131.6	-634.6214	-607.91	0.7071815
1131.61	-634.4851	-607.9104	0.7070909
1131.62	-634.3488	-607.9108	0.7070001
1131.63	-634.2125	-607.9113	0.7069094
1131.64	-634.0762	-607.9116	0.7068186
1131.65	-633.9399	-607.9119	0.7067279
1131.66	-633.8036	-607.9122	0.7066371
1131.67	-633.6673	-607.9124	0.7065463
1131.68	-633.5309	-607.9127	0.7064555
1131.69	-633.3946	-607.9128	0.7063646
1131.7	-633.2582	-607.913	0.7062737
1131.71	-633.1219	-607.9131	0.7061829
1131.72	-632.9855	-607.9132	0.7060919
1131.73	-632.8492	-607.9133	0.706001
1131.74	-632.7128	-607.9133	0.7059101
1131.75	-632.5765	-607.9132	0.7058192
1131.76	-632.4401	-607.9132	0.7057284
1131.77	-632.3038	-607.9131	0.7056374
1131.78	-632.1674	-607.913	0.7055464
1131.79	-632.0311	-607.9128	0.7054555
1131.8	-631.8947	-607.9126	0.7053646
1131.81	-631.7584	-607.9124	0.7052738
1131.82	-631.622	-607.9121	0.705183
1131.83	-631.4857	-607.9119	0.7050923
1131.84	-631.3493	-607.9115	0.7050017
1131.85	-631.213	-607.9111	0.7049111
1131.86	-631.0766	-607.9108	0.7048205
1131.87	-630.9402	-607.9103	0.70473
1131.88	-630.8039	-607.9099	0.7046396
1131.89	-630.6675	-607.9093	0.7045491
1131.9	-630.5313	-607.9088	0.7044588
1131.91	-630.395	-607.9082	0.7043687
1131.92	-630.2587	-607.9076	0.7042785
1131.93	-630.1224	-607.907	0.7041885
1131.94	-629.9861	-607.9063	0.7040986
1131.95	-629.8499	-607.9056	0.7040088
1131.96	-629.7136	-607.9048	0.7039192
1131.97	-629.5774	-607.904	0.7038296
1131.98	-629.4412	-607.9032	0.7037402
1131.99	-629.3049	-607.9023	0.7036509
1132	-629.1687	-607.9015	0.7035617
1132.01	-629.0325	-607.9006	0.7034726
1132.02	-628.8964	-607.8996	0.7033835
1132.03	-628.7602	-607.8986	0.7032946
1132.04	-628.624	-607.8976	0.7032058
1132.05	-628.4879	-607.8965	0.7031171
1132.06	-628.3518	-607.8954	0.7030285
1132.07	-628.2157	-607.8943	0.7029399
1132.08	-628.0796	-607.8932	0.7028514
1132.09	-627.9435	-607.892	0.702763
1132.1	-627.8074	-607.8908	0.7026746
1132.11	-627.6714	-607.8895	0.7025864
1132.12	-627.5353	-607.8882	0.7024981
1132.13	-627.3993	-607.8869	0.7024099
1132.14	-627.2632	-607.8855	0.7023218
1132.15	-627.1273	-607.8842	0.7022337
1132.16	-626.9913	-607.8827	0.7021458
1132.17	-626.8553	-607.8813	0.7020578
1132.18	-626.7193	-607.8798	0.7019699
1132.19	-626.5833	-607.8782	0.7018819
1132.2	-626.4473	-607.8767	0.7017941
1132.21	-626.3114	-607.8751	0.7017063
1132.22	-626.1755	-607.8735	0.7016186
1132.23	-626.0396	-607.8718	0.7015309
1132.24	-625.9036	-607.8701	0.7014431
1132.25	-625.7677	-607.8683	0.7013555
1132.26	-625.6318	-607.8666	0.7012678
1132.27	-625.496	-607.8648	0.7011803
1132.28	-625.3601	-607.863	0.7010928
1132.29	-625.2242	-607.8611	0.7010055
1132.3	-625.0884	-607.8592	0.7009186
1132.31	-624.9526	-607.8573	0.7008319
1132.32	-624.8168	-607.8553	0.7007459
1132.33	-624.681	-607.8533	0.7006601
1132.34	-624.5452	-607.8513	0.7005748
1132.35	-624.4095	-607.8492	0.7004904
1132.36	-624.2737	-607.8471	0.700407
1132.37	-624.138	-607.845	0.7003244
1132.38	-624.0023	-607.8428	0.7002426
1132.39	-623.8665	-607.8406	0.7001616
1132.4	-623.7308	-607.8384	0.7000819
1132.41	-623.5952	-607.8362	0.7000036
1132.42	-623.4595	-607.8339	0.6999264
1132.43	-623.3238	-607.8316	0.6998504
1132.44	-623.1881	-607.8293	0.6997754
1132.45	-623.0525	-607.8269	0.699702
1132.46	-622.9169	-607.8246	0.6996301
1132.47	-622.7813	-607.8221	0.6995596
1132.48	-622.6456	-607.8198	0.6994904
1132.49	-622.51	-607.8173	0.6994225
1132.5	-622.3745	-607.8148	0.6993561
1132.51	-622.2389	-607.8123	0.6992913
1132.52	-622.1033	-607.8098	0.6992278
1132.53	-621.9678	-607.8072	0.6991656
1132.54	-621.8322	-607.8046	0.6991047
1132.55	-621.6967	-607.802	0.6990451
1132.56	-621.5611	-607.7993	0.6989866
1132.57	-621.4255	-607.7967	0.6989293
1132.58	-621.29	-607.794	0.698873
1132.59	-621.1545	-607.7913	0.6988178
1132.6	-621.019	-607.7886	0.6987636
1132.61	-620.8835	-607.7858	0.6987104
1132.62	-620.748	-607.783	0.6986579
1132.63	-620.6125	-607.7802	0.6986064
1132.64	-620.4771	-607.7774	0.6985556
1132.65	-620.3416	-607.7745	0.6985056
1132.66	-620.2061	-607.7717	0.6984563
1132.67	-620.0707	-607.7688	0.6984077
1132.68	-619.9352	-607.7658	0.6983597
1132.69	-619.7998	-607.7629	0.6983124
1132.7	-619.6644	-607.7599	0.6982656
1132.71	-619.5291	-607.7569	0.6982194
1132.72	-619.3937	-607.7539	0.6981736
1132.73	-619.2583	-607.7509	0.6981284
1132.74	-619.1229	-607.7479	0.6980837
1132.75	-618.9875	-607.7448	0.6980393
1132.76	-618.8522	-607.7417	0.6979952
1132.77	-618.7168	-607.7386	0.6979515
1132.78	-618.5814	-607.7354	0.6979079
1132.79	-618.446	-607.7322	0.6978648
1132.8	-618.3107	-607.7291	0.6978217
1132.81	-618.1754	-607.7259	0.6977788
1132.82	-618.04	-607.7226	0.6977357
1132.83	-617.9047	-607.7194	0.6976928
1132.84	-617.7694	-607.7161	0.6976498
1132.85	-617.6341	-607.7128	0.6976064
1132.86	-617.4988	-607.7095	0.6975629
1132.87	-617.3635	-607.7062	0.6975189
1132.88	-617.2281	-607.7028	0.6974747
1132.89	-617.0928	-607.6994	0.6974303
1132.9	-616.9576	-607.696	0.6973851
1132.91	-616.8223	-607.6926	0.6973395
1132.92	-616.687	-607.6891	0.6972932
1132.93	-616.5516	-607.6857	0.6972464
1132.94	-616.4163	-607.6823	0.697199
1132.95	-616.2811	-607.6787	0.6971509
1132.96	-616.1458	-607.6752	0.6971021
1132.97	-616.0106	-607.6717	0.6970525
1132.98	-615.8753	-607.6681	0.6970022
1132.99	-615.7401	-607.6646	0.6969512
1133	-615.6048	-607.6609	0.6968995
1133.01	-615.4696	-607.6573	0.696847
1133.02	-615.3344	-607.6536	0.6967938
1133.03	-615.1991	-607.65	0.69674
1133.04	-615.0638	-607.6462	0.6966854
1133.05	-614.9286	-607.6425	0.6966304
1133.06	-614.7933	-607.6388	0.6965747
1133.07	-614.6581	-607.635	0.6965185
1133.08	-614.5228	-607.6312	0.6964618
1133.09	-614.3876	-607.6274	0.6964045
1133.1	-614.2524	-607.6236	0.696347
1133.11	-614.1172	-607.6198	0.6962892
1133.12	-613.982	-607.6158	0.6962312
1133.13	-613.8468	-607.612	0.6961729
1133.14	-613.7115	-607.6081	0.6961144
1133.15	-613.5764	-607.6041	0.6960559
1133.16	-613.4412	-607.6002	0.6959978
1133.17	-613.306	-607.5963	0.6959397
1133.18	-613.1708	-607.5922	0.6958817
1133.19	-613.0356	-607.5883	0.695824
1133.2	-612.9004	-607.5842	0.6957667
1133.21	-612.7652	-607.5801	0.69571
1133.22	-612.63	-607.5761	0.6956537
1133.23	-612.4948	-607.572	0.6955978
1133.24	-612.3596	-607.5679	0.6955425
1133.25	-612.2244	-607.5638	0.6954879
1133.26	-612.0892	-607.5596	0.6954339
1133.27	-611.954	-607.5554	0.6953807
1133.28	-611.8188	-607.5513	0.6953281
1133.29	-611.6836	-607.5471	0.6952761
1133.3	-611.5483	-607.5428	0.6952247
1133.31	-611.4131	-607.5386	0.6951742
1133.32	-611.278	-607.5344	0.6951246
1133.33	-611.1427	-607.5301	0.6950758
1133.34	-611.0074	-607.5258	0.6950278
1133.35	-610.8722	-607.5215	0.6949804
1133.36	-610.7369	-607.5172	0.6949343
1133.37	-610.6017	-607.5128	0.694889
1133.38	-610.4664	-607.5084	0.6948447
1133.39	-610.3312	-607.5041	0.6948013
1133.4	-610.1959	-607.4997	0.6947588
1133.41	-610.0607	-607.4953	0.6947175
1133.42	-609.9254	-607.4908	0.6946774
1133.43	-609.7901	-607.4865	0.6946385
1133.44	-609.6548	-607.482	0.6946007
1133.45	-609.5195	-607.4775	0.6945643
1133.46	-609.3842	-607.473	0.6945294
1133.47	-609.2489	-607.4686	0.6944957
1133.48	-609.1136	-607.4641	0.6944633
1133.49	-608.9783	-607.4595	0.694432
1133.5	-608.843	-607.455	0.6944022
1133.51	-608.7076	-607.4504	0.694374
1133.52	-608.5723	-607.4459	0.6943471
1133.53	-608.437	-607.4413	0.6943216
1133.54	-608.3016	-607.4368	0.6942973
1133.55	-608.1662	-607.4322	0.6942742
1133.56	-608.0308	-607.4276	0.6942527
1133.57	-607.8954	-607.423	0.6942323
1133.58	-607.7601	-607.4183	0.6942132
1133.59	-607.6247	-607.4137	0.694195
1133.6	-607.4893	-607.4091	0.6941782
1133.61	-607.3539	-607.4044	0.6941625
1133.62	-607.2185	-607.3998	0.6941479
1133.63	-607.0831	-607.3951	0.6941343
1133.64	-606.9476	-607.3904	0.6941217
1133.65	-606.8122	-607.3857	0.69411
1133.66	-606.6768	-607.381	0.6940994
1133.67	-606.5413	-607.3762	0.6940897
1133.68	-606.4059	-607.3715	0.6940808
1133.69	-606.2704	-607.3668	0.6940727
1133.7	-606.1349	-607.3621	0.6940656
1133.71	-605.9995	-607.3573	0.6940593
1133.72	-605.864	-607.3525	0.6940538
1133.73	-605.7285	-607.3478	0.6940491
1133.74	-605.593	-607.343	0.6940451
1133.75	-605.4575	-607.3383	0.694042
1133.76	-605.322	-607.3335	0.6940399
1133.77	-605.1865	-607.3287	0.6940387
1133.78	-605.0509	-607.324	0.6940385
1133.79	-604.9153	-607.3192	0.694039
1133.8	-604.7798	-607.3143	0.6940407
1133.81	-604.6442	-607.3095	0.6940435
1133.82	-604.5087	-607.3047	0.6940475
1133.83	-604.3731	-607.2999	0.6940524
1133.84	-604.2375	-607.295	0.6940582
1133.85	-604.102	-607.2902	0.6940653
1133.86	-603.9664	-607.2854	0.6940736
1133.87	-603.8308	-607.2806	0.6940829
1133.88	-603.6952	-607.2758	0.6940932
1133.89	-603.5596	-607.271	0.6941045
1133.9	-603.424	-607.2662	0.6941168
1133.91	-603.2883	-607.2614	0.6941299
1133.92	-603.1527	-607.2565	0.694144
1133.93	-603.0171	-607.2517	0.6941587
1133.94	-602.8814	-607.2469	0.6941742
1133.95	-602.7458	-607.2421	0.6941906
1133.96	-602.6101	-607.2372	0.6942075
1133.97	-602.4744	-607.2324	0.6942252
1133.98	-602.3387	-607.2276	0.6942435
1133.99	-602.2031	-607.2228	0.6942624
1134	-602.0674	-607.218	0.6942819
1134.01	-601.9317	-607.2132	0.6943019
1134.02	-601.796	-607.2084	0.6943224
1134.03	-601.6603	-607.2036	0.6943434
1134.04	-601.5245	-607.1987	0.6943648
1134.05	-601.3888	-607.1939	0.6943868
1134.06	-601.2531	-607.1891	0.6944091
1134.07	-601.1173	-607.1843	0.6944319
1134.08	-600.9816	-607.1795	0.694455
1134.09	-600.8458	-607.1747	0.6944786
1134.1	-600.71	-607.1699	0.6945024
1134.11	-600.5743	-607.1651	0.6945266
1134.12	-600.4385	-607.1603	0.6945511
1134.13	-600.3027	-607.1556	0.6945758
1134.14	-600.1669	-607.1509	0.6946009
1134.15	-600.0311	-607.1461	0.6946263
1134.16	-599.8953	-607.1414	0.6946518
1134.17	-599.7595	-607.1366	0.6946777
1134.18	-599.6236	-607.1318	0.6947038
1134.19	-599.4877	-607.1271	0.69473
1134.2	-599.3519	-607.1224	0.6947566
1134.21	-599.2161	-607.1176	0.6947833
1134.22	-599.0802	-607.1129	0.6948102
1134.23	-598.9443	-607.1081	0.6948373
1134.24	-598.8085	-607.1034	0.6948646
1134.25	-598.6726	-607.0988	0.694892
1134.26	-598.5367	-607.0941	0.6949196
1134.27	-598.4008	-607.0894	0.6949473
1134.28	-598.2649	-607.0847	0.6949752
1134.29	-598.129	-607.08	0.6950032
1134.3	-597.993	-607.0753	0.6950314
1134.31	-597.8571	-607.0706	0.6950597
1134.32	-597.7212	-607.066	0.6950881
1134.33	-597.5853	-607.0613	0.6951165
1134.34	-597.4493	-607.0567	0.6951451
1134.35	-597.3134	-607.0521	0.6951739
1134.36	-597.1774	-607.0475	0.6952027
1134.37	-597.0414	-607.0428	0.6952316
1134.38	-596.9054	-607.0382	0.6952605
1134.39	-596.7694	-607.0336	0.6952896
1134.4	-596.6334	-607.029	0.6953188
1134.41	-596.4974	-607.0245	0.6953483
1134.42	-596.3615	-607.0199	0.6953779
1134.43	-596.2254	-607.0153	0.6954076
1134.44	-596.0894	-607.0107	0.6954374
1134.45	-595.9533	-607.0062	0.6954678
1134.46	-595.8173	-607.0016	0.6954986
1134.47	-595.6812	-606.9971	0.6955298
1134.48	-595.5452	-606.9926	0.6955614
1134.49	-595.4091	-606.9881	0.6955934
1134.5	-595.273	-606.9836	0.6956265
1134.51	-595.137	-606.9791	0.6956605
1134.52	-595.0009	-606.9747	0.6956954
1134.53	-594.8647	-606.9702	0.6957312
1134.54	-594.7286	-606.9658	0.6957678
1134.55	-594.5925	-606.9614	0.6958053
1134.56	-594.4564	-606.9569	0.6958444
1134.57	-594.3203	-606.9525	0.6958852
1134.58	-594.1841	-606.9481	0.6959276
1134.59	-594.048	-606.9438	0.6959715
1134.6	-593.9118	-606.9394	0.6960167
1134.61	-593.7756	-606.9351	0.6960639
1134.62	-593.6395	-606.9308	0.6961129
1134.63	-593.5033	-606.9265	0.6961635
1134.64	-593.3671	-606.9222	0.6962157
1134.65	-593.2309	-606.918	0.6962695
1134.66	-593.0947	-606.9137	0.6963246
1134.67	-592.9585	-606.9094	0.6963814
1134.68	-592.8223	-606.9053	0.6964395
1134.69	-592.686	-606.9011	0.6964989
1134.7	-592.5498	-606.8969	0.6965597
1134.71	-592.4136	-606.8928	0.6966216
1134.72	-592.2773	-606.8886	0.6966847
1134.73	-592.1411	-606.8845	0.6967489
1134.74	-592.0048	-606.8804	0.6968139
1134.75	-591.8685	-606.8763	0.6968801
1134.76	-591.7322	-606.8723	0.6969472
1134.77	-591.5959	-606.8682	0.6970151
1134.78	-591.4597	-606.8642	0.6970838
1134.79	-591.3234	-606.8602	0.6971534
1134.8	-591.1871	-606.8562	0.6972238
1134.81	-591.0508	-606.8522	0.6972948
1134.82	-590.9144	-606.8483	0.6973665
1134.83	-590.7781	-606.8444	0.697439
1134.84	-590.6417	-606.8405	0.6975119
1134.85	-590.5054	-606.8366	0.6975855
1134.86	-590.369	-606.8328	0.6976596
1134.87	-590.2327	-606.829	0.6977342
1134.88	-590.0963	-606.8252	0.6978094
1134.89	-589.9599	-606.8214	0.697885
1134.9	-589.8235	-606.8177	0.6979612
1134.91	-589.6871	-606.8139	0.6980376
1134.92	-589.5507	-606.8102	0.6981145
1134.93	-589.4143	-606.8065	0.6981918
1134.94	-589.2779	-606.8029	0.6982695
1134.95	-589.1415	-606.7993	0.6983475
1134.96	-589.0051	-606.7957	0.6984258
1134.97	-588.8687	-606.7921	0.6985045
1134.98	-588.7322	-606.7885	0.6985834
1134.99	-588.5957	-606.785	0.6986627
1135	-588.4592	-606.7815	0.6987422
1135.01	-588.3228	-606.778	0.698822
1135.02	-588.1863	-606.7745	0.698902
1135.03	-588.0498	-606.7711	0.6989822
1135.04	-587.9133	-606.7677	0.6990626
1135.05	-587.7768	-606.7643	0.6991433
1135.06	-587.6403	-606.761	0.6992242
1135.07	-587.5037	-606.7577	0.6993052
1135.08	-587.3672	-606.7543	0.6993865
1135.09	-587.2307	-606.7511	0.699468
1135.1	-587.0941	-606.7478	0.6995499
1135.11	-586.9576	-606.7446	0.6996321
1135.12	-586.821	-606.7414	0.6997148
1135.13	-586.6844	-606.7383	0.6997979
1135.14	-586.5479	-606.7351	0.6998814
1135.15	-586.4113	-606.7321	0.6999657
1135.16	-586.2747	-606.7289	0.7000506
1135.17	-586.1381	-606.726	0.7001362
1135.18	-586.0015	-606.723	0.7002226
1135.19	-585.8649	-606.72	0.7003095
1135.2	-585.7283	-606.717	0.7003971
1135.21	-585.5917	-606.7141	0.7004856
1135.22	-585.455	-606.7112	0.7005749
1135.23	-585.3184	-606.7084	0.7006648
1135.24	-585.1817	-606.7056	0.7007554
1135.25	-585.045	-606.7028	0.7008467
1135.26	-584.9084	-606.7	0.7009385
1135.27	-584.7717	-606.6973	0.701031
1135.28	-584.635	-606.6946	0.7011241
1135.29	-584.4983	-606.692	0.7012177
1135.3	-584.3616	-606.6893	0.7013118
1135.31	-584.2249	-606.6867	0.7014063
1135.32	-584.0881	-606.6842	0.7015014
1135.33	-583.9514	-606.6817	0.7015967
1135.34	-583.8147	-606.6792	0.7016926
1135.35	-583.678	-606.6768	0.7017888
1135.36	-583.5413	-606.6743	0.7018855
1135.37	-583.4045	-606.6719	0.7019824
1135.38	-583.2677	-606.6696	0.7020797
1135.39	-583.1309	-606.6672	0.7021772
1135.4	-582.9941	-606.665	0.7022752
1135.41	-582.8574	-606.6627	0.7023733
1135.42	-582.7206	-606.6605	0.7024717
1135.43	-582.5838	-606.6583	0.7025705
1135.44	-582.447	-606.6562	0.7026694
1135.45	-582.3102	-606.6541	0.7027686
1135.46	-582.1733	-606.652	0.702868
1135.47	-582.0365	-606.65	0.7029675
1135.48	-581.8997	-606.6479	0.7030672
1135.49	-581.7628	-606.6459	0.7031673
1135.5	-581.626	-606.644	0.7032673
1135.51	-581.4891	-606.6421	0.7033675
1135.52	-581.3523	-606.6403	0.7034678
1135.53	-581.2154	-606.6384	0.7035682
1135.54	-581.0785	-606.6366	0.7036687
1135.55	-580.9416	-606.6349	0.7037691
1135.56	-580.8047	-606.6332	0.7038693
1135.57	-580.6678	-606.6315	0.7039695
1135.58	-580.5309	-606.6298	0.7040695
1135.59	-580.394	-606.6282	0.7041694
1135.6	-580.257	-606.6266	0.7042692
1135.61	-580.1201	-606.6251	0.7043684
1135.62	-579.9832	-606.6235	0.7044666
1135.63	-579.8462	-606.6221	0.7045643
1135.64	-579.7092	-606.6207	0.7046613
1135.65	-579.5723	-606.6192	0.7047566
1135.66	-579.4353	-606.6179	0.7048506
1135.67	-579.2983	-606.6165	0.7049432
1135.68	-579.1614	-606.6152	0.7050345
1135.69	-579.0244	-606.6139	0.7051246
1135.7	-578.8874	-606.6126	0.7052123
1135.71	-578.7504	-606.6114	0.705298
1135.72	-578.6133	-606.6102	0.7053817
1135.73	-578.4763	-606.609	0.7054634
1135.74	-578.3393	-606.6079	0.7055434
1135.75	-578.2023	-606.6068	0.7056206
1135.76	-578.0652	-606.6057	0.7056953
1135.77	-577.9282	-606.6046	0.7057676
1135.78	-577.7911	-606.6036	0.7058375
1135.79	-577.6541	-606.6026	0.7059053
1135.8	-577.517	-606.6016	0.7059705
1135.81	-577.3799	-606.6007	0.7060334
1135.82	-577.2428	-606.5997	0.706094
1135.83	-577.1057	-606.5989	0.7061525
1135.84	-576.9686	-606.598	0.7062089
1135.85	-576.8315	-606.5971	0.7062635
1135.86	-576.6945	-606.5963	0.7063162
1135.87	-576.5573	-606.5955	0.7063671
1135.88	-576.4202	-606.5947	0.7064165
1135.89	-576.283	-606.5939	0.7064643
1135.9	-576.1459	-606.5932	0.7065105
1135.91	-576.0087	-606.5925	0.7065554
1135.92	-575.8716	-606.5919	0.706599
1135.93	-575.7344	-606.5912	0.7066413
1135.94	-575.5972	-606.5905	0.7066823
1135.95	-575.46	-606.5899	0.7067223
1135.96	-575.3228	-606.5894	0.7067611
1135.97	-575.1856	-606.5887	0.7067989
1135.98	-575.0484	-606.5882	0.7068357
1135.99	-574.9112	-606.5876	0.7068716
1136	-574.774	-606.5872	0.7069067
1136.01	-574.6368	-606.5867	0.706941
1136.02	-574.4996	-606.5862	0.7069746
1136.03	-574.3623	-606.5857	0.7070074
1136.04	-574.225	-606.5853	0.7070396
1136.05	-574.0878	-606.5849	0.7070712
1136.06	-573.9506	-606.5845	0.7071023
1136.07	-573.8133	-606.5841	0.7071329
1136.08	-573.676	-606.5837	0.7071631
1136.09	-573.5388	-606.5834	0.7071929
1136.1	-573.4015	-606.5831	0.7072222
1136.11	-573.2642	-606.5828	0.7072512
1136.12	-573.1269	-606.5825	0.7072798
1136.13	-572.9896	-606.5823	0.7073081
1136.14	-572.8522	-606.5821	0.7073361
1136.15	-572.7149	-606.5818	0.7073638
1136.16	-572.5776	-606.5816	0.7073913
1136.17	-572.4402	-606.5814	0.7074185
1136.18	-572.3029	-606.5812	0.7074455
1136.19	-572.1655	-606.5811	0.7074723
1136.2	-572.0282	-606.581	0.7074988
1136.21	-571.8909	-606.5809	0.7075252
1136.22	-571.7535	-606.5807	0.7075513
1136.23	-571.6161	-606.5806	0.7075772
1136.24	-571.4787	-606.5806	0.7076031
1136.25	-571.3413	-606.5805	0.7076287
1136.26	-571.2039	-606.5805	0.7076542
1136.27	-571.0665	-606.5804	0.7076796
1136.28	-570.9291	-606.5804	0.7077048
1136.29	-570.7917	-606.5804	0.7077298
1136.3	-570.6542	-606.5804	0.7077547
1136.31	-570.5168	-606.5804	0.7077795
1136.32	-570.3793	-606.5805	0.7078042
1136.33	-570.2419	-606.5806	0.7078288
1136.34	-570.1044	-606.5806	0.7078533
1136.35	-569.967	-606.5807	0.7078777
1136.36	-569.8295	-606.5807	0.707902
1136.37	-569.6921	-606.5809	0.7079262
1136.38	-569.5546	-606.5811	0.7079503
1136.39	-569.4171	-606.5812	0.7079744
1136.4	-569.2795	-606.5813	0.7079983
1136.41	-569.142	-606.5814	0.7080222
1136.42	-569.0045	-606.5816	0.708046
1136.43	-568.867	-606.5818	0.7080697
1136.44	-568.7295	-606.582	0.7080935
1136.45	-568.592	-606.5822	0.7081171
1136.46	-568.4545	-606.5824	0.7081407
1136.47	-568.3169	-606.5826	0.7081642
1136.48	-568.1793	-606.5828	0.7081876
1136.49	-568.0417	-606.5831	0.7082111
1136.5	-567.9042	-606.5833	0.7082344
1136.51	-567.7666	-606.5836	0.7082578
1136.52	-567.629	-606.5839	0.7082811
1136.53	-567.4915	-606.5842	0.7083043
1136.54	-567.3538	-606.5845	0.7083274
1136.55	-567.2162	-606.5848	0.7083506
1136.56	-567.0787	-606.5851	0.7083737
1136.57	-566.941	-606.5854	0.7083968
1136.58	-566.8034	-606.5858	0.7084199
1136.59	-566.6658	-606.5861	0.7084429
1136.6	-566.5281	-606.5865	0.7084659
1136.61	-566.3905	-606.5869	0.7084888
1136.62	-566.2529	-606.5872	0.7085118
1136.63	-566.1152	-606.5876	0.7085348
1136.64	-565.9775	-606.5881	0.7085577
1136.65	-565.8399	-606.5885	0.7085806
1136.66	-565.7022	-606.5889	0.7086034
1136.67	-565.5645	-606.5894	0.7086262
1136.68	-565.4268	-606.5898	0.708649
1136.69	-565.2891	-606.5902	0.7086718
1136.7	-565.1514	-606.5908	0.7086946
1136.71	-565.0137	-606.5912	0.7087173
1136.72	-564.876	-606.5917	0.7087401
1136.73	-564.7382	-606.5922	0.7087628
1136.74	-564.6005	-606.5927	0.7087855
1136.75	-564.4627	-606.5932	0.7088082
1136.76	-564.325	-606.5937	0.7088309
1136.77	-564.1872	-606.5943	0.7088535
1136.78	-564.0494	-606.5948	0.7088762
1136.79	-563.9116	-606.5954	0.7088988
1136.8	-563.7737	-606.5959	0.7089214
1136.81	-563.6359	-606.5965	0.708944
1136.82	-563.4981	-606.597	0.7089666
1136.83	-563.3603	-606.5977	0.7089892
1136.84	-563.2224	-606.5983	0.7090118
1136.85	-563.0846	-606.5989	0.7090344
1136.86	-562.9467	-606.5995	0.7090569
1136.87	-562.8088	-606.6002	0.7090794
1136.88	-562.671	-606.6008	0.709102
1136.89	-562.533	-606.6014	0.7091245
1136.9	-562.3951	-606.6021	0.7091471
1136.91	-562.2571	-606.6028	0.7091696
1136.92	-562.1192	-606.6035	0.709192
1136.93	-561.9813	-606.6041	0.7092145
1136.94	-561.8433	-606.6048	0.709237
1136.95	-561.7053	-606.6055	0.7092595
1136.96	-561.5674	-606.6062	0.709282
1136.97	-561.4294	-606.607	0.7093045
1136.98	-561.2914	-606.6077	0.7093269
1136.99	-561.1534	-606.6085	0.7093494
1137	-561.0154	-606.6092	0.7093718
1137.01	-560.8774	-606.6099	0.7093943
1137.02	-560.7393	-606.6107	0.7094167
1137.03	-560.6013	-606.6115	0.7094392
1137.04	-560.4632	-606.6123	0.7094617
1137.05	-560.3251	-606.6131	0.7094841
1137.06	-560.1871	-606.6139	0.7095065
1137.07	-560.049	-606.6147	0.7095289
1137.08	-559.9108	-606.6155	0.7095514
1137.09	-559.7727	-606.6163	0.7095738
1137.1	-559.6346	-606.6172	0.7095962
1137.11	-559.4965	-606.6181	0.7096186
1137.12	-559.3583	-606.619	0.709641
1137.13	-559.2201	-606.6198	0.7096634
1137.14	-559.0819	-606.6207	0.7096858
1137.15	-558.9437	-606.6215	0.7097083
1137.16	-558.8055	-606.6224	0.7097307
1137.17	-558.6673	-606.6234	0.709753
1137.18	-558.5291	-606.6243	0.7097754
1137.19	-558.3908	-606.6252	0.7097978
1137.2	-558.2525	-606.6262	0.7098202
1137.21	-558.1142	-606.6271	0.7098426
1137.22	-557.9759	-606.628	0.709865
1137.23	-557.8375	-606.629	0.7098874
1137.24	-557.6992	-606.63	0.7099097
1137.25	-557.5608	-606.631	0.7099321
1137.26	-557.4224	-606.632	0.7099544
1137.27	-557.284	-606.6329	0.7099767
1137.28	-557.1456	-606.6339	0.709999
1137.29	-557.0071	-606.6349	0.7100214
1137.3	-556.8686	-606.636	0.7100437
1137.31	-556.73	-606.637	0.710066
1137.32	-556.5915	-606.6381	0.7100883
1137.33	-556.4529	-606.6391	0.7101105
1137.34	-556.3142	-606.6401	0.7101328
1137.35	-556.1755	-606.6412	0.710155
1137.36	-556.0369	-606.6423	0.7101772
1137.37	-555.8981	-606.6434	0.7101995
1137.38	-555.7593	-606.6445	0.7102217
1137.39	-555.6205	-606.6456	0.7102438
1137.4	-555.4818	-606.6467	0.7102661
1137.41	-555.3429	-606.6478	0.7102882
1137.42	-555.204	-606.6489	0.7103103
1137.43	-555.065	-606.6501	0.7103325
1137.44	-554.926	-606.6513	0.7103547
1137.45	-554.787	-606.6525	0.7103768
1137.46	-554.6479	-606.6536	0.7103989
1137.47	-554.5089	-606.6548	0.710421
1137.48	-554.3697	-606.6559	0.7104431
1137.49	-554.2305	-606.6571	0.7104651
1137.5	-554.0912	-606.6583	0.7104872
1137.51	-553.952	-606.6596	0.7105094
1137.52	-553.8127	-606.6608	0.7105314
1137.53	-553.6733	-606.662	0.7105533
1137.54	-553.5339	-606.6633	0.7105754
1137.55	-553.3945	-606.6645	0.7105974
1137.56	-553.2551	-606.6658	0.7106194
1137.57	-553.1155	-606.6671	0.7106414
1137.58	-552.976	-606.6684	0.7106635
1137.59	-552.8363	-606.6697	0.7106854
1137.6	-552.6967	-606.671	0.7107074
1137.61	-552.5569	-606.6722	0.7107294
1137.62	-552.4172	-606.6735	0.7107514
1137.63	-552.2774	-606.6749	0.7107733
1137.64	-552.1376	-606.6763	0.7107953
1137.65	-551.9977	-606.6776	0.7108173
1137.66	-551.8578	-606.679	0.7108393
1137.67	-551.7178	-606.6803	0.7108612
1137.68	-551.5778	-606.6816	0.7108832
1137.69	-551.4377	-606.683	0.7109052
1137.7	-551.2977	-606.6844	0.7109271
1137.71	-551.1575	-606.6859	0.7109491
1137.72	-551.0173	-606.6873	0.7109711
1137.73	-550.8771	-606.6887	0.710993
1137.74	-550.7368	-606.6901	0.7110149
1137.75	-550.5964	-606.6915	0.7110369
1137.76	-550.4561	-606.693	0.7110588
1137.77	-550.3156	-606.6945	0.7110807
1137.78	-550.1752	-606.696	0.7111027
1137.79	-550.0347	-606.6974	0.7111247
1137.8	-549.8941	-606.6989	0.7111465
1137.81	-549.7535	-606.7004	0.7111685
1137.82	-549.6129	-606.7018	0.7111904
1137.83	-549.4722	-606.7034	0.7112123
1137.84	-549.3314	-606.7049	0.7112343
1137.85	-549.1907	-606.7065	0.7112562
1137.86	-549.0499	-606.708	0.7112782
1137.87	-548.909	-606.7095	0.7113001
1137.88	-548.7681	-606.7111	0.711322
1137.89	-548.6271	-606.7126	0.7113439
1137.9	-548.4861	-606.7142	0.7113659
1137.91	-548.345	-606.7158	0.7113878
1137.92	-548.2039	-606.7175	0.7114098
1137.93	-548.0627	-606.7191	0.7114317
1137.94	-547.9215	-606.7206	0.7114537
1137.95	-547.7802	-606.7222	0.7114756
1137.96	-547.6389	-606.7239	0.7114976
1137.97	-547.4976	-606.7255	0.7115195
1137.98	-547.3561	-606.7272	0.7115416
1137.99	-547.2147	-606.7289	0.7115636
1138	-547.0732	-606.7305	0.7115855
1138.01	-546.9316	-606.7322	0.7116075
1138.02	-546.79	-606.7339	0.7116295
1138.03	-546.6484	-606.7356	0.7116515
1138.04	-546.5067	-606.7373	0.7116735
1138.05	-546.3649	-606.7391	0.7116955
1138.06	-546.2231	-606.7408	0.7117175
1138.07	-546.0813	-606.7425	0.7117395
1138.08	-545.9394	-606.7442	0.7117615
1138.09	-545.7975	-606.746	0.7117835
1138.1	-545.6555	-606.7477	0.7118055
1138.11	-545.5135	-606.7495	0.7118275
1138.12	-545.3714	-606.7513	0.7118496
1138.13	-545.2293	-606.7531	0.7118716
1138.14	-545.0872	-606.7549	0.7118936
1138.15	-544.9449	-606.7567	0.7119157
1138.16	-544.8027	-606.7585	0.7119377
1138.17	-544.6603	-606.7604	0.7119598
1138.18	-544.518	-606.7622	0.7119819
1138.19	-544.3756	-606.7641	0.7120039
1138.2	-544.2332	-606.7659	0.712026
1138.21	-544.0906	-606.7678	0.712048
1138.22	-543.9481	-606.7697	0.71207
1138.23	-543.8055	-606.7715	0.7120922
1138.24	-543.6628	-606.7734	0.7121142
1138.25	-543.5201	-606.7753	0.7121363
1138.26	-543.3774	-606.7773	0.7121584
1138.27	-543.2346	-606.7792	0.7121805
1138.28	-543.0917	-606.7811	0.7122026
1138.29	-542.9488	-606.7831	0.7122247
1138.3	-542.8058	-606.785	0.7122468
1138.31	-542.6628	-606.787	0.7122689
1138.32	-542.5198	-606.789	0.7122911
1138.33	-542.3766	-606.791	0.7123132
1138.34	-542.2335	-606.7929	0.7123353
1138.35	-542.0903	-606.7949	0.7123575
1138.36	-541.947	-606.7969	0.7123796
1138.37	-541.8037	-606.799	0.7124017
1138.38	-541.6603	-606.801	0.7124239
1138.39	-541.5169	-606.803	0.7124461
1138.4	-541.3734	-606.8051	0.7124683
1138.41	-541.2299	-606.8071	0.7124904
1138.42	-541.0864	-606.8092	0.7125125
1138.43	-540.9427	-606.8113	0.7125347
1138.44	-540.7991	-606.8134	0.712557
1138.45	-540.6553	-606.8154	0.7125791
1138.46	-540.5116	-606.8176	0.7126013
1138.47	-540.3678	-606.8197	0.7126235
1138.48	-540.2239	-606.8218	0.7126456
1138.49	-540.08	-606.824	0.7126678
1138.5	-539.9361	-606.8261	0.7126901
1138.51	-539.7921	-606.8282	0.7127123
1138.52	-539.6481	-606.8304	0.7127345
1138.53	-539.504	-606.8326	0.7127568
1138.54	-539.3598	-606.8348	0.712779
1138.55	-539.2156	-606.837	0.7128012
1138.56	-539.0714	-606.8392	0.7128235
1138.57	-538.9271	-606.8414	0.7128457
1138.58	-538.7828	-606.8436	0.712868
1138.59	-538.6384	-606.8459	0.7128902
1138.6	-538.4939	-606.8481	0.7129125
1138.61	-538.3494	-606.8504	0.7129347
1138.62	-538.2048	-606.8527	0.7129571
1138.63	-538.0602	-606.8549	0.7129794
1138.64	-537.9156	-606.8572	0.7130018
1138.65	-537.7709	-606.8594	0.7130242
1138.66	-537.6261	-606.8618	0.7130466
1138.67	-537.4813	-606.8641	0.713069
1138.68	-537.3364	-606.8665	0.7130914
1138.69	-537.1915	-606.8688	0.7131138
1138.7	-537.0465	-606.8711	0.7131363
1138.71	-536.9015	-606.8734	0.7131587
1138.72	-536.7564	-606.8758	0.7131813
1138.73	-536.6113	-606.8782	0.7132038
1138.74	-536.4661	-606.8806	0.7132263
1138.75	-536.3209	-606.883	0.7132488
1138.76	-536.1756	-606.8854	0.7132713
1138.77	-536.0303	-606.8878	0.7132939
1138.78	-535.8849	-606.8902	0.7133164
1138.79	-535.7394	-606.8927	0.713339
1138.8	-535.594	-606.8951	0.7133616
1138.81	-535.4485	-606.8976	0.7133842
1138.82	-535.3029	-606.9	0.7134068
1138.83	-535.1573	-606.9025	0.7134295
1138.84	-535.0116	-606.905	0.7134521
1138.85	-534.8658	-606.9075	0.7134748
1138.86	-534.7201	-606.91	0.7134974
1138.87	-534.5743	-606.9125	0.7135201
1138.88	-534.4284	-606.915	0.7135427
1138.89	-534.2825	-606.9175	0.7135654
1138.9	-534.1365	-606.9201	0.7135882
1138.91	-533.9905	-606.9227	0.7136109
1138.92	-533.8445	-606.9252	0.7136336
1138.93	-533.6984	-606.9279	0.7136563
1138.94	-533.5522	-606.9304	0.713679
1138.95	-533.406	-606.933	0.7137018
1138.96	-533.2598	-606.9356	0.7137246
1138.97	-533.1135	-606.9382	0.7137474
1138.98	-532.9671	-606.9409	0.7137702
1138.99	-532.8207	-606.9435	0.7137929
1139	-532.6742	-606.9462	0.7138157
1139.01	-532.5277	-606.9488	0.7138385
1139.02	-532.3812	-606.9515	0.7138611
1139.03	-532.2346	-606.9542	0.7138838
1139.04	-532.0879	-606.9568	0.7139063
1139.05	-531.9412	-606.9595	0.7139288
1139.06	-531.7944	-606.9623	0.713951
1139.07	-531.6476	-606.965	0.7139732
1139.08	-531.5007	-606.9677	0.7139951
1139.09	-531.3538	-606.9705	0.714017
1139.1	-531.2068	-606.9732	0.7140386
1139.11	-531.0598	-606.976	0.7140597
1139.12	-530.9128	-606.9787	0.7140806
1139.13	-530.7657	-606.9815	0.714101
1139.14	-530.6185	-606.9843	0.7141212
1139.15	-530.4713	-606.9871	0.7141406
1139.16	-530.3241	-606.9899	0.7141592
1139.17	-530.1768	-606.9927	0.7141771
1139.18	-530.0295	-606.9955	0.7141943
1139.19	-529.8821	-606.9983	0.7142109
1139.2	-529.7347	-607.0011	0.7142262
1139.21	-529.5872	-607.004	0.7142406
1139.22	-529.4397	-607.0068	0.714254
1139.23	-529.2922	-607.0096	0.7142664
1139.24	-529.1446	-607.0125	0.7142778
1139.25	-528.9969	-607.0153	0.7142885
1139.26	-528.8493	-607.0182	0.7142979
1139.27	-528.7017	-607.0211	0.7143062
1139.28	-528.554	-607.0239	0.7143136
1139.29	-528.4062	-607.0268	0.7143198
1139.3	-528.2584	-607.0297	0.7143252
1139.31	-528.1107	-607.0325	0.7143297
1139.32	-527.9628	-607.0354	0.7143332
1139.33	-527.8149	-607.0383	0.7143359
1139.34	-527.6671	-607.0411	0.7143378
1139.35	-527.5192	-607.044	0.714339
1139.36	-527.3712	-607.0469	0.7143394
1139.37	-527.2233	-607.0499	0.7143391
1139.38	-527.0753	-607.0528	0.7143382
1139.39	-526.9272	-607.0557	0.7143367
1139.4	-526.7792	-607.0587	0.7143345
1139.41	-526.6312	-607.0616	0.7143319
1139.42	-526.4831	-607.0645	0.7143286
1139.43	-526.335	-607.0674	0.7143249
1139.44	-526.1869	-607.0704	0.7143207
1139.45	-526.0388	-607.0733	0.714316
1139.46	-525.8907	-607.0762	0.7143109
1139.47	-525.7426	-607.0792	0.7143055
1139.48	-525.5944	-607.0821	0.7142995
1139.49	-525.4462	-607.085	0.7142932
1139.5	-525.298	-607.088	0.7142866
1139.51	-525.1498	-607.0909	0.7142795
1139.52	-525.0016	-607.0938	0.7142723
1139.53	-524.8534	-607.0967	0.7142646
1139.54	-524.7051	-607.0997	0.7142566
1139.55	-524.5569	-607.1026	0.7142484
1139.56	-524.4086	-607.1055	0.7142399
1139.57	-524.2604	-607.1084	0.7142311
1139.58	-524.1121	-607.1113	0.7142221
1139.59	-523.9637	-607.1143	0.7142128
1139.6	-523.8154	-607.1172	0.7142034
1139.61	-523.6671	-607.1201	0.7141938
1139.62	-523.5187	-607.123	0.7141841
1139.63	-523.3704	-607.126	0.7141742
1139.64	-523.222	-607.1289	0.7141642
1139.65	-523.0736	-607.1318	0.7141544
1139.66	-522.9252	-607.1348	0.7141446
1139.67	-522.7767	-607.1377	0.7141349
1139.68	-522.6283	-607.1406	0.7141255
1139.69	-522.4798	-607.1436	0.7141161
1139.7	-522.3313	-607.1465	0.7141071
1139.71	-522.1828	-607.1494	0.7140987
1139.72	-522.0343	-607.1523	0.7140906
1139.73	-521.8857	-607.1553	0.7140831
1139.74	-521.7372	-607.1581	0.7140758
1139.75	-521.5886	-607.1611	0.7140695
1139.76	-521.44	-607.164	0.7140642
1139.77	-521.2914	-607.167	0.7140598
1139.78	-521.1428	-607.17	0.7140561
1139.79	-520.9941	-607.173	0.7140533
1139.8	-520.8454	-607.176	0.7140519
1139.81	-520.6967	-607.179	0.7140518
1139.82	-520.548	-607.1819	0.7140529
1139.83	-520.3993	-607.1849	0.7140553
1139.84	-520.2505	-607.1879	0.7140588
1139.85	-520.1018	-607.1909	0.714064
1139.86	-519.953	-607.1939	0.7140709
1139.87	-519.8042	-607.1969	0.7140793
1139.88	-519.6553	-607.2	0.7140892
1139.89	-519.5065	-607.2029	0.7141005
1139.9	-519.3576	-607.2059	0.7141138
1139.91	-519.2087	-607.2089	0.7141287
1139.92	-519.0598	-607.2119	0.7141455
1139.93	-518.9109	-607.215	0.7141639
1139.94	-518.7619	-607.218	0.7141838
1139.95	-518.6129	-607.2211	0.7142052
1139.96	-518.4639	-607.2241	0.7142282
1139.97	-518.3149	-607.2272	0.7142527
1139.98	-518.1658	-607.2303	0.7142785
1139.99	-518.0167	-607.2333	0.7143057
1140	-517.8676	-607.2364	0.7143342
1140.01	-517.7184	-607.2394	0.714364
1140.02	-517.5693	-607.2426	0.714395
1140.03	-517.42	-607.2457	0.714427
1140.04	-517.2708	-607.2488	0.7144601
1140.05	-517.1216	-607.252	0.7144942
1140.06	-516.9723	-607.2551	0.7145292
1140.07	-516.823	-607.2582	0.7145652
1140.08	-516.6736	-607.2614	0.714602
1140.09	-516.5243	-607.2645	0.7146397
1140.1	-516.3749	-607.2677	0.7146782
1140.11	-516.2255	-607.2709	0.7147174
1140.12	-516.076	-607.2741	0.7147572
1140.13	-515.9266	-607.2773	0.7147979
1140.14	-515.777	-607.2805	0.714839
1140.15	-515.6275	-607.2838	0.7148807
1140.16	-515.4779	-607.287	0.7149228
1140.17	-515.3283	-607.2902	0.7149655
1140.18	-515.1786	-607.2935	0.7150086
1140.19	-515.029	-607.2968	0.715052
1140.2	-514.8793	-607.3	0.7150956
1140.21	-514.7296	-607.3034	0.7151393
1140.22	-514.5798	-607.3067	0.7151832
1140.23	-514.4301	-607.31	0.7152272
1140.24	-514.2802	-607.3133	0.7152713
1140.25	-514.1304	-607.3167	0.7153152
1140.26	-513.9805	-607.3201	0.7153588
1140.27	-513.8306	-607.3234	0.7154022
1140.28	-513.6806	-607.3268	0.7154455
1140.29	-513.5306	-607.3302	0.7154885
1140.3	-513.3806	-607.3336	0.7155313
1140.31	-513.2305	-607.337	0.7155736
1140.32	-513.0804	-607.3405	0.7156154
1140.33	-512.9302	-607.3439	0.7156566
1140.34	-512.78	-607.3474	0.7156975
1140.35	-512.6298	-607.351	0.7157378
1140.36	-512.4796	-607.3544	0.7157775
1140.37	-512.3293	-607.3579	0.7158169
1140.38	-512.179	-607.3614	0.7158558
1140.39	-512.0286	-607.365	0.7158942
1140.4	-511.8782	-607.3685	0.7159323
1140.41	-511.7278	-607.3721	0.7159699
1140.42	-511.5773	-607.3756	0.7160072
1140.43	-511.4267	-607.3793	0.7160441
1140.44	-511.2762	-607.3829	0.7160807
1140.45	-511.1255	-607.3865	0.716117
1140.46	-510.9749	-607.3901	0.7161529
1140.47	-510.8242	-607.3938	0.7161884
1140.48	-510.6735	-607.3975	0.7162238
1140.49	-510.5227	-607.4011	0.7162588
1140.5	-510.3719	-607.4048	0.7162936
1140.51	-510.2211	-607.4086	0.7163281
1140.52	-510.0702	-607.4123	0.7163625
1140.53	-509.9192	-607.416	0.7163965
1140.54	-509.7682	-607.4197	0.7164303
1140.55	-509.6172	-607.4235	0.7164639
1140.56	-509.4662	-607.4274	0.7164973
1140.57	-509.315	-607.4312	0.7165305
1140.58	-509.1639	-607.4349	0.7165635
1140.59	-509.0127	-607.4388	0.7165964
1140.6	-508.8614	-607.4427	0.7166291
1140.61	-508.7101	-607.4465	0.7166616
1140.62	-508.5588	-607.4504	0.716694
1140.63	-508.4074	-607.4543	0.7167262
1140.64	-508.256	-607.4582	0.7167583
1140.65	-508.1045	-607.4622	0.7167903
1140.66	-507.953	-607.4661	0.7168221
1140.67	-507.8015	-607.47	0.7168538
1140.68	-507.6499	-607.474	0.7168854
1140.69	-507.4982	-607.478	0.7169169
1140.7	-507.3466	-607.482	0.7169483
1140.71	-507.1948	-607.486	0.7169796
1140.72	-507.0431	-607.4901	0.7170108
1140.73	-506.8912	-607.4941	0.7170419
1140.74	-506.7393	-607.4982	0.7170729
1140.75	-506.5875	-607.5023	0.7171039
1140.76	-506.4355	-607.5063	0.7171347
1140.77	-506.2835	-607.5104	0.7171656
1140.78	-506.1315	-607.5145	0.7171963
1140.79	-505.9794	-607.5187	0.717227
1140.8	-505.8272	-607.5229	0.7172575
1140.81	-505.6751	-607.527	0.717288
1140.82	-505.5229	-607.5312	0.7173185
1140.83	-505.3706	-607.5354	0.7173489
1140.84	-505.2183	-607.5397	0.7173793
1140.85	-505.0659	-607.5439	0.7174097
1140.86	-504.9135	-607.5481	0.7174399
1140.87	-504.7611	-607.5524	0.7174702
1140.88	-504.6086	-607.5566	0.7175004
1140.89	-504.456	-607.561	0.7175305
1140.9	-504.3035	-607.5652	0.7175606
1140.91	-504.1508	-607.5696	0.7175907
1140.92	-503.9982	-607.5739	0.7176207
1140.93	-503.8455	-607.5782	0.7176507
1140.94	-503.6927	-607.5826	0.7176805
1140.95	-503.5399	-607.587	0.7177103
1140.96	-503.3871	-607.5914	0.7177398
1140.97	-503.2342	-607.5958	0.7177691
1140.98	-503.0813	-607.6002	0.7177981
1140.99	-502.9283	-607.6047	0.7178268
1141	-502.7753	-607.6091	0.7178547
1141.01	-502.6222	-607.6136	0.7178819
1141.02	-502.4691	-607.618	0.7179083
1141.03	-502.3159	-607.6225	0.7179341
1141.04	-502.1628	-607.627	0.7179592
1141.05	-502.0095	-607.6315	0.7179826
1141.06	-501.8562	-607.636	0.7180048
1141.07	-501.7029	-607.6406	0.7180254
1141.08	-501.5495	-607.6451	0.7180447
1141.09	-501.3961	-607.6496	0.7180628
1141.1	-501.2426	-607.6541	0.7180787
1141.11	-501.0891	-607.6586	0.7180925
1141.12	-500.9356	-607.6633	0.7181044
1141.13	-500.782	-607.6678	0.7181143
1141.14	-500.6283	-607.6724	0.7181225
1141.15	-500.4746	-607.677	0.7181281
1141.16	-500.3209	-607.6816	0.7181315
1141.17	-500.1671	-607.6862	0.7181326
1141.18	-500.0133	-607.6907	0.7181316
1141.19	-499.8594	-607.6953	0.7181286
1141.2	-499.7055	-607.6999	0.7181233
1141.21	-499.5516	-607.7045	0.7181157
1141.22	-499.3976	-607.709	0.7181062
1141.23	-499.2435	-607.7136	0.7180946
1141.24	-499.0894	-607.7182	0.7180811
1141.25	-498.9353	-607.7228	0.7180657
1141.26	-498.7811	-607.7275	0.7180483
1141.27	-498.6269	-607.7321	0.7180293
1141.28	-498.4727	-607.7368	0.7180085
1141.29	-498.3183	-607.7414	0.717986
1141.3	-498.164	-607.746	0.717962
1141.31	-498.0096	-607.7506	0.7179362
1141.32	-497.8551	-607.7552	0.7179087
1141.33	-497.7007	-607.7599	0.7178797
1141.34	-497.5461	-607.7645	0.7178491
1141.35	-497.3915	-607.7692	0.7178171
1141.36	-497.2369	-607.7737	0.7177837
1141.37	-497.0822	-607.7783	0.7177481
1141.38	-496.9275	-607.7828	0.7177106
1141.39	-496.7727	-607.7874	0.717671
1141.4	-496.6179	-607.7919	0.7176294
1141.41	-496.463	-607.7965	0.7175862
1141.42	-496.3081	-607.8011	0.7175413
1141.43	-496.1532	-607.8056	0.7174934
1141.44	-495.9982	-607.8101	0.7174429
1141.45	-495.8432	-607.8146	0.7173897
1141.46	-495.6881	-607.8191	0.717334
1141.47	-495.533	-607.8236	0.7172755
1141.48	-495.3778	-607.8281	0.7172145
1141.49	-495.2226	-607.8325	0.7171509
1141.5	-495.0673	-607.837	0.7170849
1141.51	-494.912	-607.8414	0.7170166
1141.52	-494.7567	-607.8458	0.7169461
1141.53	-494.6013	-607.8502	0.7168733
1141.54	-494.4459	-607.8546	0.7167987
1141.55	-494.2904	-607.8589	0.7167221
1141.56	-494.1348	-607.8632	0.7166437
1141.57	-493.9793	-607.8675	0.7165635
1141.58	-493.8237	-607.8718	0.7164816
1141.59	-493.668	-607.8761	0.7163981
1141.6	-493.5123	-607.8803	0.7163129
1141.61	-493.3566	-607.8846	0.7162264
1141.62	-493.2008	-607.8887	0.7161383
1141.63	-493.045	-607.8929	0.7160489
1141.64	-492.8891	-607.8971	0.7159582
1141.65	-492.7332	-607.9012	0.7158663
1141.66	-492.5772	-607.9053	0.7157732
1141.67	-492.4212	-607.9094	0.7156789
1141.68	-492.2651	-607.9135	0.7155836
1141.69	-492.109	-607.9175	0.7154872
1141.7	-491.9529	-607.9215	0.7153899
1141.71	-491.7967	-607.9255	0.7152917
1141.72	-491.6405	-607.9294	0.7151926
1141.73	-491.4842	-607.9333	0.7150926
1141.74	-491.3279	-607.9373	0.7149919
1141.75	-491.1715	-607.9411	0.7148904
1141.76	-491.0151	-607.9449	0.714788
1141.77	-490.8586	-607.9487	0.7146851
1141.78	-490.7021	-607.9525	0.7145814
1141.79	-490.5456	-607.9562	0.7144771
1141.8	-490.389	-607.9598	0.7143722
1141.81	-490.2324	-607.9636	0.7142666
1141.82	-490.0757	-607.9672	0.7141604
1141.83	-489.919	-607.9708	0.7140538
1141.84	-489.7623	-607.9744	0.7139466
1141.85	-489.6055	-607.9779	0.7138389
1141.86	-489.4486	-607.9814	0.7137308
1141.87	-489.2917	-607.9848	0.7136221
1141.88	-489.1348	-607.9883	0.7135129
1141.89	-488.9778	-607.9916	0.7134034
1141.9	-488.8208	-607.995	0.7132934
1141.91	-488.6637	-607.9983	0.713183
1141.92	-488.5066	-608.0016	0.7130724
1141.93	-488.3495	-608.0048	0.7129613
1141.94	-488.1923	-608.008	0.7128499
1141.95	-488.035	-608.0112	0.7127383
1141.96	-487.8777	-608.0143	0.7126263
1141.97	-487.7204	-608.0173	0.7125142
1141.98	-487.563	-608.0204	0.712402
1141.99	-487.4056	-608.0234	0.7122899
1142	-487.2481	-608.0264	0.7121776
1142.01	-487.0906	-608.0293	0.7120652
1142.02	-486.9331	-608.0322	0.7119533
1142.03	-486.7755	-608.035	0.7118418
1142.04	-486.6179	-608.0378	0.7117305
1142.05	-486.4602	-608.0406	0.7116197
1142.06	-486.3024	-608.0433	0.7115091
1142.07	-486.1447	-608.046	0.7113996
1142.08	-485.9869	-608.0486	0.7112908
1142.09	-485.829	-608.0512	0.7111829
1142.1	-485.6711	-608.0538	0.7110758
1142.11	-485.5132	-608.0563	0.7109696
1142.12	-485.3552	-608.0588	0.7108646
1142.13	-485.1972	-608.0612	0.710761
1142.14	-485.0391	-608.0637	0.7106586
1142.15	-484.881	-608.066	0.7105575
1142.16	-484.7228	-608.0683	0.7104574
1142.17	-484.5647	-608.0706	0.7103592
1142.18	-484.4064	-608.0728	0.7102627
1142.19	-484.2481	-608.075	0.7101679
1142.2	-484.0898	-608.0772	0.7100747
1142.21	-483.9314	-608.0793	0.709983
1142.22	-483.773	-608.0814	0.7098933
1142.23	-483.6146	-608.0834	0.7098055
1142.24	-483.4561	-608.0854	0.7097197
1142.25	-483.2975	-608.0875	0.7096356
1142.26	-483.1389	-608.0894	0.7095531
1142.27	-482.9803	-608.0913	0.7094727
1142.28	-482.8217	-608.0931	0.709394
1142.29	-482.663	-608.095	0.7093172
1142.3	-482.5042	-608.0968	0.709242
1142.31	-482.3454	-608.0986	0.7091686
1142.32	-482.1866	-608.1003	0.7090966
1142.33	-482.0277	-608.102	0.7090262
1142.34	-481.8688	-608.1036	0.7089573
1142.35	-481.7098	-608.1053	0.7088897
1142.36	-481.5508	-608.1068	0.7088234
1142.37	-481.3918	-608.1084	0.7087585
1142.38	-481.2327	-608.1099	0.7086947
1142.39	-481.0735	-608.1114	0.7086321
1142.4	-480.9143	-608.1129	0.7085706
1142.41	-480.7551	-608.1143	0.7085102
1142.42	-480.5959	-608.1157	0.7084508
1142.43	-480.4366	-608.1171	0.7083923
1142.44	-480.2772	-608.1183	0.7083348
1142.45	-480.1178	-608.1196	0.7082782
1142.46	-479.9583	-608.1208	0.7082224
1142.47	-479.7989	-608.1221	0.7081675
1142.48	-479.6394	-608.1233	0.7081135
1142.49	-479.4798	-608.1244	0.7080602
1142.5	-479.3202	-608.1255	0.7080078
1142.51	-479.1605	-608.1266	0.707956
1142.52	-479.0009	-608.1277	0.7079052
1142.53	-478.8411	-608.1287	0.7078552
1142.54	-478.6814	-608.1298	0.707806
1142.55	-478.5215	-608.1307	0.7077576
1142.56	-478.3617	-608.1317	0.7077099
1142.57	-478.2018	-608.1326	0.7076632
1142.58	-478.0418	-608.1334	0.7076171
1142.59	-477.8819	-608.1343	0.7075719
1142.6	-477.7218	-608.1351	0.7075274
1142.61	-477.5617	-608.136	0.7074836
1142.62	-477.4016	-608.1367	0.7074404
1142.63	-477.2415	-608.1375	0.7073981
1142.64	-477.0813	-608.1382	0.7073563
1142.65	-476.9211	-608.1389	0.707315
1142.66	-476.7608	-608.1396	0.7072744
1142.67	-476.6005	-608.1403	0.7072344
1142.68	-476.4401	-608.1409	0.7071949
1142.69	-476.2797	-608.1415	0.7071558
1142.7	-476.1193	-608.1421	0.7071173
1142.71	-475.9588	-608.1426	0.7070794
1142.72	-475.7982	-608.1432	0.7070417
1142.73	-475.6377	-608.1437	0.7070046
1142.74	-475.4771	-608.1442	0.7069679
1142.75	-475.3164	-608.1447	0.7069316
1142.76	-475.1557	-608.1451	0.7068956
1142.77	-474.995	-608.1454	0.7068602
1142.78	-474.8342	-608.1459	0.7068251
1142.79	-474.6734	-608.1462	0.7067904
1142.8	-474.5125	-608.1466	0.7067562
1142.81	-474.3516	-608.1469	0.7067223
1142.82	-474.1907	-608.1472	0.7066887
1142.83	-474.0297	-608.1475	0.7066554
1142.84	-473.8687	-608.1478	0.7066225
1142.85	-473.7076	-608.1481	0.7065899
1142.86	-473.5464	-608.1483	0.7065575
1142.87	-473.3853	-608.1485	0.7065254
1142.88	-473.2241	-608.1487	0.7064937
1142.89	-473.0629	-608.1489	0.7064621
1142.9	-472.9016	-608.149	0.7064308
1142.91	-472.7403	-608.1491	0.7063997
1142.92	-472.5789	-608.1492	0.7063689
1142.93	-472.4175	-608.1494	0.7063383
1142.94	-472.2561	-608.1494	0.7063079
1142.95	-472.0946	-608.1495	0.7062776
1142.96	-471.9331	-608.1495	0.7062476
1142.97	-471.7715	-608.1495	0.7062178
1142.98	-471.6099	-608.1495	0.7061882
1142.99	-471.4483	-608.1495	0.7061588
1143	-471.2866	-608.1494	0.7061296
1143.01	-471.1248	-608.1493	0.7061006
1143.02	-470.963	-608.1492	0.7060717
1143.03	-470.8012	-608.1492	0.7060431
1143.04	-470.6394	-608.149	0.7060145
1143.05	-470.4775	-608.1489	0.7059862
1143.06	-470.3155	-608.1487	0.7059579
1143.07	-470.1536	-608.1486	0.7059299
1143.08	-469.9915	-608.1484	0.705902
1143.09	-469.8295	-608.1482	0.7058743
1143.1	-469.6674	-608.148	0.7058465
1143.11	-469.5052	-608.1477	0.7058191
1143.12	-469.3431	-608.1475	0.7057917
1143.13	-469.1808	-608.1472	0.7057644
1143.14	-469.0186	-608.147	0.7057372
1143.15	-468.8563	-608.1467	0.7057101
1143.16	-468.6939	-608.1464	0.7056831
1143.17	-468.5315	-608.146	0.7056562
1143.18	-468.3691	-608.1457	0.7056294
1143.19	-468.2066	-608.1453	0.7056027
1143.2	-468.0441	-608.145	0.7055761
1143.21	-467.8816	-608.1446	0.7055495
1143.22	-467.719	-608.1442	0.705523
1143.23	-467.5564	-608.1437	0.7054965
1143.24	-467.3937	-608.1433	0.70547
1143.25	-467.231	-608.1429	0.7054436
1143.26	-467.0682	-608.1425	0.7054171
1143.27	-466.9054	-608.142	0.7053907
1143.28	-466.7426	-608.1414	0.7053639
1143.29	-466.5797	-608.1409	0.7053367
1143.3	-466.4167	-608.1404	0.7053093
1143.31	-466.2538	-608.1399	0.7052814
1143.32	-466.0908	-608.1393	0.7052528
1143.33	-465.9278	-608.1388	0.7052231
1143.34	-465.7647	-608.1382	0.7051926
1143.35	-465.6016	-608.1376	0.7051613
1143.36	-465.4385	-608.137	0.7051292
1143.37	-465.2753	-608.1364	0.7050955
1143.38	-465.1121	-608.1356	0.7050599
1143.39	-464.9489	-608.1349	0.705023
1143.4	-464.7856	-608.1343	0.7049845
1143.41	-464.6223	-608.1335	0.7049446
1143.42	-464.459	-608.1328	0.7049024
1143.43	-464.2956	-608.132	0.7048579
1143.44	-464.1322	-608.1312	0.7048114
1143.45	-463.9688	-608.1304	0.7047629
1143.46	-463.8053	-608.1296	0.7047124
1143.47	-463.6419	-608.1287	0.7046591
1143.48	-463.4784	-608.1278	0.7046031
1143.49	-463.3149	-608.1269	0.7045447
1143.5	-463.1513	-608.126	0.7044837
1143.51	-462.9878	-608.125	0.7044204
1143.52	-462.8242	-608.124	0.704354
1143.53	-462.6606	-608.123	0.7042847
1143.54	-462.497	-608.1219	0.7042127
1143.55	-462.3333	-608.1208	0.704138
1143.56	-462.1697	-608.1198	0.7040609
1143.57	-462.006	-608.1186	0.7039806
1143.58	-461.8423	-608.1174	0.7038976
1143.59	-461.6786	-608.1162	0.7038118
1143.6	-461.5149	-608.115	0.7037234
1143.61	-461.3512	-608.1137	0.7036325
1143.62	-461.1875	-608.1124	0.7035391
1143.63	-461.0237	-608.1111	0.7034432
1143.64	-460.86	-608.1097	0.7033451
1143.65	-460.6962	-608.1083	0.7032447
1143.66	-460.5324	-608.1069	0.7031422
1143.67	-460.3686	-608.1054	0.7030377
1143.68	-460.2048	-608.1039	0.7029312
1143.69	-460.041	-608.1024	0.7028229
1143.7	-459.8771	-608.1008	0.7027128
1143.71	-459.7132	-608.0992	0.702601
1143.72	-459.5494	-608.0975	0.7024874
1143.73	-459.3855	-608.0959	0.7023723
1143.74	-459.2216	-608.0942	0.7022557
1143.75	-459.0577	-608.0924	0.7021376
1143.76	-458.8938	-608.0906	0.7020181
1143.77	-458.7299	-608.0888	0.7018971
1143.78	-458.5659	-608.0869	0.7017747
1143.79	-458.4019	-608.085	0.7016509
1143.8	-458.238	-608.083	0.7015258
1143.81	-458.074	-608.081	0.7013994
1143.82	-457.91	-608.0789	0.7012717
1143.83	-457.746	-608.0768	0.7011428
1143.84	-457.5819	-608.0747	0.7010128
1143.85	-457.4179	-608.0725	0.7008816
1143.86	-457.2538	-608.0703	0.7007493
1143.87	-457.0898	-608.068	0.7006161
1143.88	-456.9257	-608.0657	0.7004818
1143.89	-456.7616	-608.0633	0.7003465
1143.9	-456.5975	-608.0609	0.7002103
1143.91	-456.4333	-608.0584	0.7000733
1143.92	-456.2692	-608.0559	0.6999354
1143.93	-456.1051	-608.0533	0.6997968
1143.94	-455.9409	-608.0507	0.6996574
1143.95	-455.7767	-608.048	0.6995173
1143.96	-455.6125	-608.0453	0.6993764
1143.97	-455.4484	-608.0425	0.6992348
1143.98	-455.2841	-608.0397	0.6990927
1143.99	-455.1199	-608.0368	0.6989498
1144	-454.9557	-608.0339	0.6988063
1144.01	-454.7914	-608.0309	0.6986623
1144.02	-454.6272	-608.0278	0.6985177
1144.03	-454.4629	-608.0247	0.6983727
1144.04	-454.2987	-608.0215	0.698227
1144.05	-454.1344	-608.0184	0.698081
1144.06	-453.9701	-608.0151	0.6979344
1144.07	-453.8058	-608.0118	0.6977876
1144.08	-453.6414	-608.0085	0.6976407
1144.09	-453.4771	-608.0051	0.6974937
1144.1	-453.3127	-608.0016	0.6973466
1144.11	-453.1483	-607.998	0.6971993
1144.12	-452.984	-607.9944	0.6970525
1144.13	-452.8196	-607.9908	0.6969062
1144.14	-452.6552	-607.9871	0.6967603
1144.15	-452.4908	-607.9833	0.6966148
1144.16	-452.3263	-607.9794	0.6964697
1144.17	-452.1619	-607.9755	0.6963263
1144.18	-451.9974	-607.9716	0.6961843
1144.19	-451.833	-607.9677	0.6960437
1144.2	-451.6685	-607.9636	0.6959046
1144.21	-451.504	-607.9595	0.6957667
1144.22	-451.3395	-607.9554	0.695632
1144.23	-451.175	-607.9512	0.6955
1144.24	-451.0105	-607.947	0.6953707
1144.25	-450.846	-607.9426	0.695244
1144.26	-450.6814	-607.9383	0.6951198
1144.27	-450.5169	-607.9339	0.6949995
1144.28	-450.3523	-607.9295	0.6948829
1144.29	-450.1877	-607.925	0.69477
1144.3	-450.0231	-607.9204	0.6946603
1144.31	-449.8585	-607.9158	0.694554
1144.32	-449.6939	-607.9113	0.6944524
1144.33	-449.5293	-607.9066	0.6943554
1144.34	-449.3647	-607.9019	0.6942626
1144.35	-449.2	-607.8971	0.6941741
1144.36	-449.0354	-607.8923	0.6940895
1144.37	-448.8707	-607.8875	0.6940098
1144.38	-448.7061	-607.8826	0.6939349
1144.39	-448.5415	-607.8777	0.6938646
1144.4	-448.3769	-607.8727	0.6937985
1144.41	-448.2122	-607.8677	0.6937367
1144.42	-448.0477	-607.8627	0.6936792
1144.43	-447.8831	-607.8576	0.6936257
1144.44	-447.7185	-607.8525	0.6935762
1144.45	-447.554	-607.8474	0.6935305
1144.46	-447.3894	-607.8423	0.6934884
1144.47	-447.2249	-607.837	0.6934496
1144.48	-447.0605	-607.8318	0.6934142
1144.49	-446.896	-607.8266	0.693382
1144.5	-446.7315	-607.8213	0.6933528
1144.51	-446.5671	-607.8159	0.6933265
1144.52	-446.4026	-607.8105	0.6933029
1144.53	-446.2382	-607.8052	0.6932828
1144.54	-446.0738	-607.7998	0.693266
1144.55	-445.9094	-607.7944	0.6932524
1144.56	-445.745	-607.7889	0.6932419
1144.57	-445.5807	-607.7834	0.693235
1144.58	-445.4164	-607.778	0.6932317
1144.59	-445.252	-607.7725	0.6932318
1144.6	-445.0877	-607.7669	0.6932349
1144.61	-444.9234	-607.7614	0.6932412
1144.62	-444.7591	-607.7558	0.6932505
1144.63	-444.5948	-607.7502	0.6932631
1144.64	-444.4306	-607.7446	0.693279
1144.65	-444.2664	-607.739	0.693298
1144.66	-444.1022	-607.7333	0.69332
1144.67	-443.938	-607.7277	0.6933448
1144.68	-443.7738	-607.722	0.6933724
1144.69	-443.6097	-607.7164	0.6934025
1144.7	-443.4455	-607.7107	0.6934351
1144.71	-443.2814	-607.705	0.6934701
1144.72	-443.1173	-607.6993	0.6935069
1144.73	-442.9532	-607.6936	0.6935455
1144.74	-442.7892	-607.6879	0.6935858
1144.75	-442.6251	-607.6821	0.6936277
1144.76	-442.4611	-607.6765	0.6936712
1144.77	-442.2971	-607.6707	0.6937153
1144.78	-442.1331	-607.665	0.69376
1144.79	-441.9691	-607.6593	0.6938052
1144.8	-441.8051	-607.6536	0.6938511
1144.81	-441.6411	-607.6478	0.6938975
1144.82	-441.4772	-607.642	0.6939427
1144.83	-441.3133	-607.6362	0.693987
1144.84	-441.1494	-607.6304	0.6940302
1144.85	-440.9856	-607.6246	0.6940725
1144.86	-440.8217	-607.6189	0.694114
1144.87	-440.6578	-607.6131	0.6941546
1144.88	-440.494	-607.6073	0.6941927
1144.89	-440.3302	-607.6015	0.6942285
1144.9	-440.1664	-607.5958	0.6942621
1144.91	-440.0026	-607.59	0.6942936
1144.92	-439.8389	-607.5841	0.6943222
1144.93	-439.6752	-607.5782	0.6943481
1144.94	-439.5114	-607.5724	0.6943713
1144.95	-439.3477	-607.5665	0.6943922
1144.96	-439.1841	-607.5607	0.6944106
1144.97	-439.0204	-607.5549	0.6944266
1144.98	-438.8568	-607.549	0.6944402
1144.99	-438.6931	-607.5432	0.6944515
1145	-438.5295	-607.5373	0.6944607
1145.01	-438.3659	-607.5314	0.6944678
1145.02	-438.2023	-607.5256	0.6944734
1145.03	-438.0388	-607.5197	0.6944776
1145.04	-437.8752	-607.5139	0.6944804
1145.05	-437.7117	-607.508	0.694482
