195.91	-649.8248	-606.6394	0.7100434
195.92	-649.7014	-606.6403	0.7100607
195.93	-649.5781	-606.6411	0.7100757
195.94	-649.4547	-606.642	0.7100884
195.95	-649.3314	-606.6428	0.710099
195.96	-649.208	-606.6437	0.7101071
195.97	-649.0847	-606.6445	0.7101127
195.98	-648.9613	-606.6454	0.710116
195.99	-648.838	-606.6462	0.710117
196	-648.7146	-606.6471	0.7101161
196.01	-648.5912	-606.6479	0.7101131
196.02	-648.4679	-606.6488	0.7101082
196.03	-648.3445	-606.6497	0.710101
196.04	-648.2212	-606.6505	0.7100915
196.05	-648.0978	-606.6514	0.7100799
196.06	-647.9745	-606.6522	0.7100662
196.07	-647.8512	-606.6531	0.7100503
196.08	-647.7278	-606.6539	0.7100325
196.09	-647.6045	-606.6547	0.7100127
196.1	-647.4811	-606.6556	0.7099911
196.11	-647.3578	-606.6564	0.7099678
196.12	-647.2346	-606.6573	0.7099429
196.13	-647.1113	-606.6581	0.7099165
196.14	-646.988	-606.6589	0.7098887
196.15	-646.8646	-606.6598	0.7098595
196.16	-646.7413	-606.6606	0.7098289
196.17	-646.6179	-606.6615	0.7097971
196.18	-646.4946	-606.6624	0.7097648
196.19	-646.3713	-606.6631	0.7097318
196.2	-646.248	-606.664	0.7096982
196.21	-646.1248	-606.6649	0.7096648
196.22	-646.0015	-606.6657	0.7096315
196.23	-645.8782	-606.6666	0.7095982
196.24	-645.7549	-606.6674	0.7095651
196.25	-645.6316	-606.6682	0.7095321
196.26	-645.5083	-606.669	0.7094991
196.27	-645.385	-606.6698	0.7094674
196.28	-645.2617	-606.6705	0.7094365
196.29	-645.1384	-606.6713	0.7094067
196.3	-645.0151	-606.6721	0.7093778
196.31	-644.8918	-606.6729	0.7093504
196.32	-644.7686	-606.6737	0.7093245
196.33	-644.6453	-606.6745	0.7093
196.34	-644.522	-606.6752	0.7092769
196.35	-644.3987	-606.676	0.7092549
196.36	-644.2755	-606.6768	0.7092348
196.37	-644.1522	-606.6776	0.7092165
196.38	-644.029	-606.6784	0.7091998
196.39	-643.9058	-606.6792	0.7091847
196.4	-643.7825	-606.68	0.7091711
196.41	-643.6593	-606.6808	0.7091595
196.42	-643.5361	-606.6816	0.7091499
196.43	-643.4128	-606.6824	0.7091421
196.44	-643.2896	-606.6831	0.7091361
196.45	-643.1664	-606.6839	0.7091318
196.46	-643.0433	-606.6847	0.7091296
196.47	-642.9201	-606.6855	0.7091295
196.48	-642.7969	-606.6863	0.7091314
196.49	-642.6738	-606.6871	0.7091351
196.5	-642.5507	-606.6879	0.7091406
196.51	-642.4276	-606.6887	0.709148
196.52	-642.3044	-606.6895	0.7091572
196.53	-642.1813	-606.6903	0.7091681
196.54	-642.0583	-606.6911	0.7091805
196.55	-641.9352	-606.6919	0.7091945
196.56	-641.8122	-606.6927	0.70921
196.57	-641.6892	-606.6935	0.7092268
196.58	-641.5662	-606.6943	0.7092448
196.59	-641.4432	-606.6952	0.7092642
196.6	-641.3203	-606.696	0.7092846
196.61	-641.1973	-606.697	0.7093062
196.62	-641.0743	-606.6978	0.7093288
196.63	-640.9514	-606.6987	0.7093523
196.64	-640.8285	-606.6995	0.7093768
196.65	-640.7056	-606.7004	0.7094021
196.66	-640.5827	-606.7012	0.7094283
196.67	-640.4598	-606.7021	0.7094553
196.68	-640.337	-606.703	0.709483
196.69	-640.2141	-606.7039	0.7095113
196.7	-640.0912	-606.7047	0.7095404
196.71	-639.9684	-606.7056	0.7095701
196.72	-639.8456	-606.7065	0.7096003
196.73	-639.7228	-606.7074	0.709631
196.74	-639.6	-606.7083	0.7096622
196.75	-639.4773	-606.7092	0.7096939
196.76	-639.3546	-606.7101	0.7097256
196.77	-639.2318	-606.7111	0.7097572
196.78	-639.1091	-606.712	0.7097888
196.79	-638.9864	-606.713	0.7098204
196.8	-638.8637	-606.7139	0.709852
196.81	-638.741	-606.7148	0.709882
196.82	-638.6184	-606.7158	0.7099106
196.83	-638.4958	-606.7167	0.7099378
196.84	-638.3732	-606.7176	0.7099637
196.85	-638.2505	-606.7185	0.7099885
196.86	-638.1279	-606.7194	0.710012
196.87	-638.0054	-606.7203	0.7100323
196.88	-637.8828	-606.7213	0.7100496
196.89	-637.7603	-606.7222	0.7100641
196.9	-637.6377	-606.7231	0.7100757
196.91	-637.5152	-606.7241	0.7100837
196.92	-637.3927	-606.725	0.7100881
196.93	-637.2702	-606.7259	0.710089
196.94	-637.1477	-606.7268	0.7100869
196.95	-637.0252	-606.7277	0.7100818
196.96	-636.9028	-606.7286	0.7100733
196.97	-636.7803	-606.7296	0.7100616
196.98	-636.6579	-606.7305	0.7100469
196.99	-636.5355	-606.7313	0.7100293
197	-636.413	-606.7322	0.710009
197.01	-636.2906	-606.733	0.7099862
197.02	-636.1683	-606.7339	0.7099609
197.03	-636.0459	-606.7347	0.7099339
197.04	-635.9236	-606.7356	0.7099049
197.05	-635.8013	-606.7364	0.7098744
197.06	-635.679	-606.7372	0.7098429
197.07	-635.5566	-606.7381	0.7098105
197.08	-635.4344	-606.739	0.7097773
197.09	-635.3121	-606.7398	0.7097432
197.1	-635.1899	-606.7406	0.7097083
197.11	-635.0676	-606.7415	0.7096727
197.12	-634.9454	-606.7423	0.709638
197.13	-634.8232	-606.7432	0.7096038
197.14	-634.701	-606.744	0.7095703
197.15	-634.5789	-606.7448	0.7095374
197.16	-634.4567	-606.7457	0.709506
197.17	-634.3346	-606.7465	0.7094762
197.18	-634.2125	-606.7474	0.7094477
197.19	-634.0903	-606.7482	0.7094205
197.2	-633.9682	-606.749	0.7093945
197.21	-633.8461	-606.7498	0.7093698
197.22	-633.724	-606.7505	0.7093471
197.23	-633.6019	-606.7513	0.7093267
197.24	-633.4799	-606.7521	0.709308
197.25	-633.3578	-606.7529	0.7092912
197.26	-633.2358	-606.7537	0.7092764
197.27	-633.1138	-606.7545	0.7092633
197.28	-632.9918	-606.7552	0.7092521
197.29	-632.8698	-606.756	0.7092424
197.3	-632.7478	-606.7568	0.7092344
197.31	-632.6259	-606.7576	0.7092275
197.32	-632.5039	-606.7584	0.7092218
197.33	-632.382	-606.7592	0.7092174
197.34	-632.2601	-606.76	0.709214
197.35	-632.1382	-606.7608	0.7092116
197.36	-632.0163	-606.7616	0.7092094
197.37	-631.8945	-606.7624	0.7092074
197.38	-631.7726	-606.7632	0.7092056
197.39	-631.6508	-606.764	0.7092039
197.4	-631.529	-606.7648	0.7092023
197.41	-631.4072	-606.7656	0.7091998
197.42	-631.2855	-606.7664	0.7091963
197.43	-631.1637	-606.7672	0.7091919
197.44	-631.0419	-606.7679	0.7091867
197.45	-630.9202	-606.7687	0.7091807
197.46	-630.7985	-606.7695	0.7091724
197.47	-630.6768	-606.7702	0.7091619
197.48	-630.5551	-606.7709	0.7091495
197.49	-630.4333	-606.7716	0.7091353
197.5	-630.3116	-606.7723	0.7091193
197.51	-630.19	-606.7731	0.7091002
197.52	-630.0684	-606.7737	0.7090784
197.53	-629.9467	-606.7744	0.709054
197.54	-629.8251	-606.7751	0.7090271
197.55	-629.7034	-606.7758	0.7089977
197.56	-629.5818	-606.7764	0.708966
197.57	-629.4603	-606.777	0.7089313
197.58	-629.3387	-606.7776	0.7088935
197.59	-629.2172	-606.7782	0.7088529
197.6	-629.0956	-606.7787	0.7088097
197.61	-628.9741	-606.7793	0.7087638
197.62	-628.8526	-606.7798	0.7087154
197.63	-628.7311	-606.7803	0.7086646
197.64	-628.6097	-606.7809	0.7086114
197.65	-628.4882	-606.7814	0.7085561
197.66	-628.3668	-606.7818	0.7084985
197.67	-628.2454	-606.7823	0.7084392
197.68	-628.124	-606.7827	0.7083781
197.69	-628.0026	-606.7831	0.7083153
197.7	-627.8812	-606.7836	0.7082508
197.71	-627.7598	-606.7839	0.7081854
197.72	-627.6385	-606.7844	0.7081192
197.73	-627.5172	-606.7847	0.7080519
197.74	-627.3958	-606.785	0.707984
197.75	-627.2745	-606.7853	0.7079152
197.76	-627.1532	-606.7857	0.7078469
197.77	-627.0319	-606.7859	0.707779
197.78	-626.9106	-606.7863	0.7077116
197.79	-626.7894	-606.7866	0.7076445
197.8	-626.6681	-606.7868	0.7075777
197.81	-626.5469	-606.787	0.7075129
197.82	-626.4257	-606.7872	0.7074496
197.83	-626.3044	-606.7875	0.707388
197.84	-626.1832	-606.7877	0.7073279
197.85	-626.0621	-606.7879	0.7072693
197.86	-625.9409	-606.7881	0.7072133
197.87	-625.8198	-606.7883	0.7071598
197.88	-625.6986	-606.7885	0.7071086
197.89	-625.5775	-606.7886	0.7070597
197.9	-625.4564	-606.7888	0.7070129
197.91	-625.3353	-606.7889	0.706969
197.92	-625.2142	-606.7891	0.706928
197.93	-625.0932	-606.7892	0.7068895
197.94	-624.9722	-606.7893	0.7068534
197.95	-624.8511	-606.7894	0.7068197
197.96	-624.7301	-606.7896	0.7067888
197.97	-624.6091	-606.7897	0.7067607
197.98	-624.4881	-606.7898	0.7067351
197.99	-624.3671	-606.7899	0.7067119
198	-624.2462	-606.7899	0.7066911
198.01	-624.1252	-606.79	0.7066727
198.02	-624.0042	-606.79	0.7066565
198.03	-623.8832	-606.7901	0.7066426
198.04	-623.7623	-606.7902	0.7066306
198.05	-623.6413	-606.7902	0.7066208
198.06	-623.5204	-606.7903	0.7066125
198.07	-623.3995	-606.7903	0.7066059
198.08	-623.2786	-606.7904	0.7066008
198.09	-623.1577	-606.7904	0.7065971
198.1	-623.0367	-606.7904	0.7065948
198.11	-622.9158	-606.7904	0.7065939
198.12	-622.7949	-606.7904	0.7065933
198.13	-622.674	-606.7904	0.7065931
198.14	-622.5531	-606.7904	0.7065933
198.15	-622.4322	-606.7904	0.7065939
198.16	-622.3113	-606.7904	0.7065947
198.17	-622.1904	-606.7904	0.7065951
198.18	-622.0696	-606.7903	0.7065951
198.19	-621.9487	-606.7903	0.7065946
198.2	-621.8279	-606.7902	0.7065938
198.21	-621.707	-606.7902	0.7065925
198.22	-621.5862	-606.7901	0.7065898
198.23	-621.4653	-606.79	0.7065857
198.24	-621.3445	-606.79	0.7065803
198.25	-621.2236	-606.7898	0.7065737
198.26	-621.1028	-606.7897	0.706566
198.27	-620.982	-606.7896	0.7065563
198.28	-620.8612	-606.7894	0.7065449
198.29	-620.7404	-606.7893	0.7065318
198.3	-620.6195	-606.7892	0.7065172
198.31	-620.4987	-606.7891	0.7065008
198.32	-620.3779	-606.7889	0.7064829
198.33	-620.2571	-606.7887	0.7064635
198.34	-620.1364	-606.7885	0.7064427
198.35	-620.0156	-606.7883	0.7064205
198.36	-619.8948	-606.7881	0.7063972
198.37	-619.774	-606.7879	0.7063728
198.38	-619.6532	-606.7877	0.7063473
198.39	-619.5324	-606.7874	0.7063209
198.4	-619.4116	-606.7872	0.7062935
198.41	-619.2908	-606.7869	0.7062657
198.42	-619.17	-606.7866	0.7062374
198.43	-619.0491	-606.7864	0.7062087
198.44	-618.9283	-606.7861	0.7061797
198.45	-618.8074	-606.7859	0.7061502
198.46	-618.6866	-606.7855	0.7061212
198.47	-618.5657	-606.7852	0.7060927
198.48	-618.4449	-606.7849	0.7060646
198.49	-618.324	-606.7846	0.7060368
198.5	-618.2032	-606.7843	0.7060094
198.51	-618.0823	-606.784	0.7059835
198.52	-617.9615	-606.7836	0.7059589
198.53	-617.8406	-606.7833	0.7059356
198.54	-617.7197	-606.783	0.7059135
198.55	-617.5988	-606.7827	0.7058926
198.56	-617.478	-606.7824	0.7058738
198.57	-617.3571	-606.7821	0.7058571
198.58	-617.2361	-606.7818	0.7058423
198.59	-617.1152	-606.7815	0.7058294
198.6	-616.9943	-606.7811	0.7058182
198.61	-616.8734	-606.7808	0.7058087
198.62	-616.7524	-606.7805	0.705802
198.63	-616.6315	-606.7802	0.705798
198.64	-616.5106	-606.7799	0.7057964
198.65	-616.3896	-606.7796	0.7057973
198.66	-616.2686	-606.7793	0.7058004
198.67	-616.1476	-606.779	0.7058061
198.68	-616.0267	-606.7787	0.7058143
198.69	-615.9057	-606.7784	0.7058248
198.7	-615.7847	-606.7781	0.7058375
198.71	-615.6637	-606.7778	0.7058526
198.72	-615.5427	-606.7775	0.7058696
198.73	-615.4216	-606.7772	0.7058886
198.74	-615.3006	-606.7769	0.7059094
198.75	-615.1796	-606.7766	0.7059321
198.76	-615.0585	-606.7763	0.7059564
198.77	-614.9375	-606.7761	0.7059823
198.78	-614.8164	-606.7758	0.7060096
198.79	-614.6953	-606.7755	0.7060384
198.8	-614.5742	-606.7751	0.7060685
198.81	-614.4531	-606.7748	0.7060997
198.82	-614.332	-606.7747	0.7061322
198.83	-614.2109	-606.7744	0.7061657
198.84	-614.0897	-606.7742	0.7062003
198.85	-613.9686	-606.7739	0.7062358
198.86	-613.8474	-606.7737	0.7062722
198.87	-613.7262	-606.7735	0.7063091
198.88	-613.605	-606.7733	0.7063468
198.89	-613.4838	-606.773	0.7063851
198.9	-613.3625	-606.7728	0.7064241
198.91	-613.2412	-606.7726	0.7064632
198.92	-613.1199	-606.7724	0.7065024
198.93	-612.9987	-606.7722	0.7065418
198.94	-612.8773	-606.7721	0.7065814
198.95	-612.756	-606.7719	0.7066211
198.96	-612.6346	-606.7717	0.7066601
198.97	-612.5132	-606.7715	0.7066987
198.98	-612.3918	-606.7714	0.7067369
198.99	-612.2704	-606.7712	0.7067746
199	-612.149	-606.7711	0.7068118
199.01	-612.0275	-606.7709	0.7068478
199.02	-611.9061	-606.7709	0.7068828
199.03	-611.7846	-606.7708	0.7069166
199.04	-611.6631	-606.7706	0.7069494
199.05	-611.5416	-606.7705	0.7069813
199.06	-611.42	-606.7704	0.7070122
199.07	-611.2984	-606.7703	0.7070413
199.08	-611.1768	-606.7702	0.7070686
199.09	-611.0552	-606.7701	0.7070941
199.1	-610.9336	-606.77	0.7071182
199.11	-610.812	-606.7698	0.7071406
199.12	-610.6903	-606.7697	0.7071609
199.13	-610.5686	-606.7696	0.707179
199.14	-610.4469	-606.7695	0.707195
199.15	-610.3252	-606.7695	0.7072093
199.16	-610.2035	-606.7694	0.7072209
199.17	-610.0817	-606.7693	0.70723
199.18	-609.96	-606.7693	0.7072368
199.19	-609.8381	-606.7692	0.7072412
199.2	-609.7163	-606.7692	0.7072436
199.21	-609.5944	-606.7691	0.707244
199.22	-609.4726	-606.769	0.707242
199.23	-609.3507	-606.769	0.7072378
199.24	-609.2288	-606.7689	0.7072314
199.25	-609.1069	-606.7689	0.707223
199.26	-608.9849	-606.7688	0.7072126
199.27	-608.863	-606.7687	0.7072004
199.28	-608.741	-606.7686	0.7071866
199.29	-608.619	-606.7684	0.707171
199.3	-608.4969	-606.7683	0.7071539
199.31	-608.3749	-606.7682	0.7071357
199.32	-608.2528	-606.7681	0.7071164
199.33	-608.1307	-606.7679	0.7070962
199.34	-608.0086	-606.7678	0.7070749
199.35	-607.8865	-606.7677	0.7070527
199.36	-607.7643	-606.7675	0.7070301
199.37	-607.6422	-606.7674	0.7070072
199.38	-607.52	-606.7673	0.7069839
199.39	-607.3977	-606.7672	0.7069603
199.4	-607.2755	-606.767	0.7069365
199.41	-607.1532	-606.7669	0.7069131
199.42	-607.0309	-606.7668	0.70689
199.43	-606.9086	-606.7666	0.7068673
199.44	-606.7863	-606.7665	0.706845
199.45	-606.6639	-606.7664	0.706823
199.46	-606.5416	-606.7662	0.7068021
199.47	-606.4192	-606.7661	0.7067823
199.48	-606.2968	-606.766	0.7067634
199.49	-606.1743	-606.7659	0.7067454
199.5	-606.0518	-606.7657	0.7067283
199.51	-605.9293	-606.7656	0.7067126
199.52	-605.8068	-606.7654	0.7066982
199.53	-605.6843	-606.7653	0.706685
199.54	-605.5617	-606.7652	0.706673
199.55	-605.4391	-606.7651	0.7066622
199.56	-605.3165	-606.765	0.7066528
199.57	-605.1939	-606.7648	0.7066448
199.58	-605.0713	-606.7647	0.7066383
199.59	-604.9486	-606.7646	0.706633
199.6	-604.8259	-606.7645	0.7066289
199.61	-604.7032	-606.7643	0.7066263
199.62	-604.5805	-606.7642	0.7066252
199.63	-604.4578	-606.7641	0.7066255
199.64	-604.335	-606.764	0.7066271
199.65	-604.2122	-606.7639	0.7066299
199.66	-604.0893	-606.7637	0.7066339
199.67	-603.9664	-606.7636	0.7066396
199.68	-603.8436	-606.7635	0.7066469
199.69	-603.7206	-606.7634	0.7066557
199.7	-603.5977	-606.7633	0.706666
199.71	-603.4748	-606.7632	0.7066777
199.72	-603.3518	-606.7632	0.7066908
199.73	-603.2288	-606.7631	0.7067053
199.74	-603.1058	-606.7631	0.7067209
199.75	-602.9827	-606.7631	0.7067379
199.76	-602.8597	-606.763	0.7067559
199.77	-602.7366	-606.7629	0.706775
199.78	-602.6135	-606.7629	0.706795
199.79	-602.4903	-606.7628	0.706816
199.8	-602.3671	-606.7628	0.7068378
199.81	-602.244	-606.7627	0.7068606
199.82	-602.1207	-606.7627	0.7068841
199.83	-601.9975	-606.7626	0.7069085
199.84	-601.8742	-606.7626	0.7069336
199.85	-601.7509	-606.7625	0.7069592
199.86	-601.6275	-606.7625	0.7069856
199.87	-601.5042	-606.7625	0.7070125
199.88	-601.3807	-606.7626	0.7070401
199.89	-601.2573	-606.7626	0.7070682
199.9	-601.1338	-606.7626	0.7070968
199.91	-601.0103	-606.7626	0.7071259
199.92	-600.8867	-606.7626	0.7071555
199.93	-600.7631	-606.7626	0.7071856
199.94	-600.6395	-606.7626	0.707216
199.95	-600.5159	-606.7626	0.7072468
199.96	-600.3922	-606.7627	0.7072781
199.97	-600.2685	-606.7628	0.7073097
199.98	-600.1448	-606.7629	0.7073417
199.99	-600.021	-606.7629	0.7073739
200	-599.8972	-606.763	0.7074065
200.01	-599.7733	-606.7631	0.7074393
200.02	-599.6495	-606.7631	0.7074726
200.03	-599.5256	-606.7632	0.7075059
200.04	-599.4016	-606.7634	0.7075396
200.05	-599.2776	-606.7635	0.7075734
200.06	-599.1536	-606.7636	0.7076076
200.07	-599.0296	-606.7638	0.7076419
200.08	-598.9055	-606.7639	0.7076764
200.09	-598.7814	-606.764	0.7077111
200.1	-598.6572	-606.7642	0.707746
200.11	-598.5331	-606.7643	0.707781
200.12	-598.4089	-606.7646	0.7078158
200.13	-598.2846	-606.7648	0.7078507
200.14	-598.1603	-606.765	0.7078856
200.15	-598.0359	-606.7651	0.7079206
200.16	-597.9116	-606.7654	0.7079555
200.17	-597.7872	-606.7656	0.7079899
200.18	-597.6627	-606.7659	0.7080238
200.19	-597.5383	-606.7661	0.7080575
200.2	-597.4138	-606.7664	0.7080907
200.21	-597.2892	-606.7667	0.7081236
200.22	-597.1646	-606.7669	0.7081555
200.23	-597.04	-606.7672	0.7081864
200.24	-596.9153	-606.7674	0.7082165
200.25	-596.7906	-606.7678	0.7082456
200.26	-596.6659	-606.7681	0.708274
200.27	-596.5411	-606.7684	0.7083005
200.28	-596.4163	-606.7687	0.7083254
200.29	-596.2915	-606.769	0.7083486
200.3	-596.1666	-606.7693	0.7083702
200.31	-596.0417	-606.7697	0.7083894
200.32	-595.9168	-606.77	0.7084062
200.33	-595.7918	-606.7703	0.7084208
200.34	-595.6668	-606.7706	0.7084333
200.35	-595.5417	-606.7709	0.7084438
200.36	-595.4167	-606.7712	0.7084516
200.37	-595.2916	-606.7715	0.7084571
200.38	-595.1664	-606.7718	0.7084601
200.39	-595.0413	-606.7721	0.7084609
200.4	-594.916	-606.7724	0.7084597
200.41	-594.7908	-606.7727	0.7084563
200.42	-594.6655	-606.773	0.708451
200.43	-594.5402	-606.7733	0.7084439
200.44	-594.4148	-606.7736	0.708435
200.45	-594.2894	-606.7739	0.7084244
200.46	-594.1639	-606.7742	0.7084123
200.47	-594.0385	-606.7745	0.7083986
200.48	-593.913	-606.7748	0.7083837
200.49	-593.7874	-606.7751	0.7083673
200.5	-593.6618	-606.7754	0.7083498
200.51	-593.5362	-606.7757	0.708331
200.52	-593.4105	-606.776	0.7083113
200.53	-593.2849	-606.7763	0.7082904
200.54	-593.1591	-606.7766	0.7082685
200.55	-593.0333	-606.7769	0.7082457
200.56	-592.9075	-606.7772	0.708222
200.57	-592.7817	-606.7775	0.7081975
200.58	-592.6559	-606.7778	0.7081721
200.59	-592.53	-606.7781	0.7081461
200.6	-592.4041	-606.7784	0.7081193
200.61	-592.2781	-606.7787	0.7080919
200.62	-592.152	-606.7789	0.7080637
200.63	-592.026	-606.7792	0.7080352
200.64	-591.8999	-606.7795	0.7080062
200.65	-591.7738	-606.7798	0.7079768
200.66	-591.6476	-606.7802	0.707947
200.67	-591.5215	-606.7804	0.707917
200.68	-591.3953	-606.7807	0.7078868
200.69	-591.269	-606.7809	0.7078565
200.7	-591.1427	-606.7812	0.707826
200.71	-591.0164	-606.7814	0.7077957
200.72	-590.8901	-606.7816	0.7077655
200.73	-590.7637	-606.7819	0.7077355
200.74	-590.6372	-606.7821	0.7077057
200.75	-590.5107	-606.7823	0.7076761
200.76	-590.3843	-606.7826	0.7076469
200.77	-590.2578	-606.7828	0.7076182
200.78	-590.1312	-606.783	0.70759
200.79	-590.0046	-606.7833	0.7075623
200.8	-589.8779	-606.7835	0.7075351
200.81	-589.7513	-606.7838	0.7075087
200.82	-589.6246	-606.7839	0.7074831
200.83	-589.4978	-606.7841	0.7074583
200.84	-589.371	-606.7842	0.7074341
200.85	-589.2442	-606.7844	0.7074107
200.86	-589.1174	-606.7846	0.7073884
200.87	-588.9905	-606.7848	0.7073671
200.88	-588.8635	-606.785	0.7073466
200.89	-588.7366	-606.7851	0.7073271
200.9	-588.6096	-606.7853	0.7073085
200.91	-588.4825	-606.7855	0.7072908
200.92	-588.3555	-606.7856	0.7072741
200.93	-588.2283	-606.7858	0.7072583
200.94	-588.1012	-606.786	0.7072434
200.95	-587.974	-606.7861	0.7072293
200.96	-587.8468	-606.7863	0.7072159
200.97	-587.7195	-606.7864	0.7072033
200.98	-587.5923	-606.7865	0.7071915
200.99	-587.465	-606.7866	0.7071803
201	-587.3376	-606.7867	0.7071697
201.01	-587.2102	-606.7868	0.7071595
201.02	-587.0828	-606.7869	0.7071497
201.03	-586.9553	-606.787	0.7071403
201.04	-586.8278	-606.7872	0.7071313
201.05	-586.7003	-606.7873	0.7071226
201.06	-586.5727	-606.7874	0.7071136
201.07	-586.4451	-606.7875	0.7071044
201.08	-586.3174	-606.7876	0.7070949
201.09	-586.1898	-606.7877	0.7070853
201.1	-586.062	-606.7877	0.7070754
201.11	-585.9343	-606.7878	0.7070646
201.12	-585.8065	-606.7878	0.7070531
201.13	-585.6787	-606.7879	0.7070407
201.14	-585.5508	-606.7879	0.7070275
201.15	-585.423	-606.788	0.7070136
201.16	-585.295	-606.788	0.7069987
201.17	-585.1671	-606.788	0.7069827
201.18	-585.0391	-606.788	0.7069657
201.19	-584.9111	-606.788	0.7069477
201.2	-584.783	-606.788	0.7069288
201.21	-584.655	-606.788	0.7069091
201.22	-584.5269	-606.788	0.7068885
201.23	-584.3987	-606.788	0.7068671
201.24	-584.2704	-606.7879	0.706845
201.25	-584.1422	-606.7878	0.7068222
201.26	-584.014	-606.7878	0.7067986
201.27	-583.8857	-606.7877	0.7067745
201.28	-583.7573	-606.7877	0.7067497
201.29	-583.629	-606.7875	0.7067243
201.3	-583.5005	-606.7875	0.7066984
201.31	-583.3721	-606.7874	0.7066717
201.32	-583.2437	-606.7873	0.7066444
201.33	-583.1151	-606.7872	0.7066165
201.34	-582.9866	-606.787	0.7065879
201.35	-582.858	-606.7869	0.7065588
201.36	-582.7294	-606.7867	0.7065289
201.37	-582.6007	-606.7866	0.7064983
201.38	-582.472	-606.7864	0.7064669
201.39	-582.3433	-606.7863	0.7064347
201.4	-582.2145	-606.786	0.7064019
201.41	-582.0858	-606.7858	0.7063684
201.42	-581.9569	-606.7856	0.7063341
201.43	-581.8281	-606.7855	0.706299
201.44	-581.6992	-606.7852	0.7062632
201.45	-581.5702	-606.7849	0.7062268
201.46	-581.4412	-606.7847	0.7061898
201.47	-581.3122	-606.7844	0.7061522
201.48	-581.1832	-606.7841	0.7061139
201.49	-581.0541	-606.7838	0.7060752
201.5	-580.9249	-606.7835	0.706036
201.51	-580.7958	-606.7832	0.7059962
201.52	-580.6666	-606.7828	0.705956
201.53	-580.5374	-606.7825	0.7059153
201.54	-580.4081	-606.7822	0.7058743
201.55	-580.2789	-606.7819	0.7058328
201.56	-580.1495	-606.7814	0.7057909
201.57	-580.0202	-606.7811	0.7057486
201.58	-579.8908	-606.7807	0.7057061
201.59	-579.7614	-606.7802	0.7056632
201.6	-579.6319	-606.7798	0.70562
201.61	-579.5024	-606.7794	0.7055765
201.62	-579.3729	-606.7789	0.7055327
201.63	-579.2433	-606.7784	0.7054886
201.64	-579.1136	-606.778	0.7054444
201.65	-578.984	-606.7775	0.7053998
201.66	-578.8544	-606.7769	0.7053551
201.67	-578.7247	-606.7764	0.7053101
201.68	-578.5949	-606.7759	0.7052649
201.69	-578.4651	-606.7753	0.7052196
201.7	-578.3353	-606.7747	0.705174
201.71	-578.2055	-606.7742	0.7051283
201.72	-578.0756	-606.7736	0.7050824
201.73	-577.9457	-606.7729	0.7050363
201.74	-577.8157	-606.7723	0.7049901
201.75	-577.6857	-606.7717	0.7049437
201.76	-577.5557	-606.7711	0.7048975
201.77	-577.4257	-606.7704	0.7048515
201.78	-577.2955	-606.7697	0.7048056
201.79	-577.1654	-606.769	0.7047599
201.8	-577.0352	-606.7683	0.7047143
201.81	-576.905	-606.7676	0.7046693
201.82	-576.7748	-606.7668	0.7046249
201.83	-576.6445	-606.7661	0.704581
201.84	-576.5142	-606.7653	0.7045377
201.85	-576.3839	-606.7646	0.7044948
201.86	-576.2535	-606.7637	0.7044524
201.87	-576.123	-606.7629	0.704411
201.88	-575.9926	-606.7621	0.7043709
201.89	-575.8621	-606.7614	0.7043315
201.9	-575.7316	-606.7605	0.7042931
201.91	-575.601	-606.7596	0.7042556
201.92	-575.4704	-606.7588	0.7042189
201.93	-575.3398	-606.7579	0.7041837
201.94	-575.2091	-606.757	0.70415
201.95	-575.0784	-606.7562	0.7041175
201.96	-574.9477	-606.7552	0.7040867
201.97	-574.817	-606.7543	0.7040575
201.98	-574.6862	-606.7534	0.7040296
201.99	-574.5553	-606.7524	0.7040032
202	-574.4244	-606.7515	0.7039781
202.01	-574.2936	-606.7506	0.7039544
202.02	-574.1627	-606.7496	0.7039321
202.03	-574.0317	-606.7487	0.7039112
202.04	-573.9007	-606.7477	0.7038914
202.05	-573.7697	-606.7467	0.7038728
202.06	-573.6386	-606.7457	0.7038558
202.07	-573.5075	-606.7447	0.7038401
202.08	-573.3763	-606.7437	0.7038258
202.09	-573.2452	-606.7427	0.7038128
202.1	-573.114	-606.7416	0.7038009
202.11	-572.9827	-606.7406	0.7037902
202.12	-572.8514	-606.7396	0.7037812
202.13	-572.7201	-606.7385	0.703774
202.14	-572.5887	-606.7375	0.7037681
202.15	-572.4573	-606.7365	0.7037638
202.16	-572.3259	-606.7354	0.7037607
202.17	-572.1945	-606.7344	0.7037596
202.18	-572.063	-606.7333	0.70376
202.19	-571.9315	-606.7323	0.7037622
202.2	-571.7999	-606.7313	0.7037658
202.21	-571.6684	-606.7302	0.7037712
202.22	-571.5368	-606.7292	0.7037783
202.23	-571.4052	-606.7281	0.703787
202.24	-571.2735	-606.727	0.7037973
202.25	-571.1418	-606.7259	0.703809
202.26	-571.0101	-606.7248	0.703822
202.27	-570.8784	-606.7237	0.7038366
202.28	-570.7466	-606.7226	0.7038527
202.29	-570.6149	-606.7216	0.7038701
202.3	-570.4831	-606.7205	0.7038888
202.31	-570.3513	-606.7194	0.7039088
202.32	-570.2195	-606.7183	0.70393
202.33	-570.0878	-606.7172	0.7039522
202.34	-569.9559	-606.7161	0.7039756
202.35	-569.8241	-606.7151	0.704
202.36	-569.6923	-606.7141	0.7040254
202.37	-569.5604	-606.7131	0.7040517
202.38	-569.4286	-606.712	0.7040789
202.39	-569.2968	-606.711	0.7041068
202.4	-569.1649	-606.71	0.7041356
202.41	-569.0331	-606.709	0.7041652
202.42	-568.9012	-606.7079	0.7041954
202.43	-568.7694	-606.7069	0.7042264
202.44	-568.6376	-606.7059	0.704258
202.45	-568.5057	-606.7048	0.7042902
202.46	-568.3739	-606.7039	0.7043231
202.47	-568.2421	-606.7028	0.7043564
202.48	-568.1102	-606.7018	0.7043903
202.49	-567.9784	-606.7008	0.7044246
202.5	-567.8466	-606.6998	0.7044595
202.51	-567.7148	-606.6989	0.7044948
202.52	-567.583	-606.6979	0.7045306
202.53	-567.4512	-606.697	0.7045668
202.54	-567.3195	-606.696	0.7046033
202.55	-567.1877	-606.6951	0.7046403
202.56	-567.056	-606.6941	0.7046776
202.57	-566.9243	-606.6932	0.7047152
202.58	-566.7925	-606.6923	0.7047531
202.59	-566.6608	-606.6914	0.7047914
202.6	-566.5291	-606.6905	0.7048299
202.61	-566.3975	-606.6896	0.7048687
202.62	-566.2658	-606.6887	0.7049078
202.63	-566.1342	-606.6878	0.7049472
202.64	-566.0025	-606.687	0.7049868
202.65	-565.8709	-606.6861	0.7050264
202.66	-565.7393	-606.6852	0.7050665
202.67	-565.6077	-606.6844	0.7051067
202.68	-565.4761	-606.6836	0.7051471
202.69	-565.3446	-606.6827	0.7051877
202.7	-565.2131	-606.682	0.7052284
202.71	-565.0815	-606.6812	0.7052693
202.72	-564.9501	-606.6804	0.7053103
202.73	-564.8186	-606.6796	0.7053515
202.74	-564.6871	-606.6789	0.7053929
202.75	-564.5557	-606.6782	0.7054344
202.76	-564.4243	-606.6774	0.7054759
202.77	-564.2928	-606.6767	0.7055176
202.78	-564.1614	-606.676	0.7055593
202.79	-564.03	-606.6753	0.7056011
202.8	-563.8986	-606.6746	0.7056429
202.81	-563.7672	-606.674	0.7056848
202.82	-563.6359	-606.6733	0.7057267
202.83	-563.5045	-606.6727	0.7057683
202.84	-563.3732	-606.672	0.7058098
202.85	-563.2418	-606.6714	0.7058513
202.86	-563.1105	-606.6708	0.7058927
202.87	-562.9792	-606.6702	0.7059335
202.88	-562.848	-606.6696	0.7059738
202.89	-562.7167	-606.6691	0.7060138
202.9	-562.5855	-606.6685	0.7060533
202.91	-562.4543	-606.668	0.7060924
202.92	-562.3231	-606.6675	0.7061306
202.93	-562.192	-606.6669	0.706168
202.94	-562.0608	-606.6664	0.7062045
202.95	-561.9296	-606.6659	0.7062403
202.96	-561.7985	-606.6654	0.7062754
202.97	-561.6674	-606.665	0.7063087
202.98	-561.5363	-606.6645	0.7063403
202.99	-561.4052	-606.664	0.7063702
203	-561.274	-606.6635	0.7063987
203.01	-561.1429	-606.663	0.7064257
203.02	-561.0119	-606.6627	0.7064506
203.03	-560.8809	-606.6622	0.7064735
203.04	-560.7498	-606.6618	0.7064945
203.05	-560.6188	-606.6614	0.7065136
203.06	-560.4878	-606.6609	0.7065303
203.07	-560.3568	-606.6605	0.7065447
203.08	-560.2258	-606.6601	0.7065569
203.09	-560.0948	-606.6597	0.7065669
203.1	-559.9639	-606.6592	0.706575
203.11	-559.833	-606.6589	0.706581
203.12	-559.7021	-606.6584	0.706585
203.13	-559.5712	-606.6581	0.7065873
203.14	-559.4404	-606.6577	0.7065879
203.15	-559.3095	-606.6573	0.7065867
203.16	-559.1786	-606.657	0.706584
203.17	-559.0479	-606.6566	0.7065799
203.18	-558.9171	-606.6562	0.7065746
203.19	-558.7863	-606.6558	0.7065681
203.2	-558.6555	-606.6555	0.7065604
203.21	-558.5247	-606.6551	0.7065516
203.22	-558.3939	-606.6547	0.706542
203.23	-558.2632	-606.6544	0.7065315
203.24	-558.1324	-606.654	0.7065201
203.25	-558.0017	-606.6536	0.706508
203.26	-557.871	-606.6533	0.7064952
203.27	-557.7403	-606.6529	0.7064817
203.28	-557.6096	-606.6525	0.7064677
203.29	-557.4789	-606.6522	0.706453
203.3	-557.3483	-606.6518	0.7064378
203.31	-557.2177	-606.6514	0.7064224
203.32	-557.0871	-606.651	0.7064066
203.33	-556.9565	-606.6506	0.7063906
203.34	-556.8259	-606.6503	0.7063742
203.35	-556.6954	-606.6499	0.7063576
203.36	-556.5648	-606.6495	0.7063414
203.37	-556.4343	-606.6492	0.7063255
203.38	-556.3038	-606.6488	0.70631
203.39	-556.1733	-606.6484	0.7062947
203.4	-556.0428	-606.6481	0.7062798
203.41	-555.9124	-606.6476	0.7062651
203.42	-555.7819	-606.6473	0.7062516
203.43	-555.6515	-606.6469	0.7062392
203.44	-555.5211	-606.6466	0.7062277
203.45	-555.3906	-606.6463	0.7062173
203.46	-555.2602	-606.646	0.7062078
203.47	-555.1298	-606.6457	0.7062001
203.48	-554.9995	-606.6454	0.7061943
203.49	-554.8691	-606.6451	0.7061901
203.5	-554.7387	-606.6448	0.7061876
203.51	-554.6084	-606.6445	0.7061866
203.52	-554.4781	-606.6442	0.7061877
203.53	-554.3478	-606.6439	0.7061908
203.54	-554.2175	-606.6436	0.7061958
203.55	-554.0873	-606.6432	0.7062027
203.56	-553.957	-606.6429	0.7062116
203.57	-553.8268	-606.6426	0.7062223
203.58	-553.6966	-606.6423	0.7062349
203.59	-553.5664	-606.6421	0.7062492
203.6	-553.4362	-606.6418	0.7062652
203.61	-553.3061	-606.6417	0.7062826
203.62	-553.176	-606.6414	0.7063015
203.63	-553.0458	-606.6412	0.7063219
203.64	-552.9157	-606.6409	0.7063436
203.65	-552.7856	-606.6407	0.7063665
203.66	-552.6555	-606.6404	0.7063906
203.67	-552.5255	-606.6402	0.7064159
203.68	-552.3954	-606.64	0.7064423
203.69	-552.2653	-606.6398	0.7064697
203.7	-552.1353	-606.6396	0.706498
203.71	-552.0052	-606.6394	0.7065272
203.72	-551.8751	-606.6392	0.7065573
203.73	-551.7451	-606.6391	0.7065883
203.74	-551.615	-606.6389	0.70662
203.75	-551.4849	-606.6387	0.7066525
203.76	-551.3549	-606.6385	0.7066857
203.77	-551.2249	-606.6384	0.7067195
203.78	-551.0949	-606.6382	0.706754
203.79	-550.9649	-606.6381	0.7067891
203.8	-550.8349	-606.638	0.7068248
203.81	-550.7049	-606.6379	0.7068609
203.82	-550.5749	-606.6378	0.7068976
203.83	-550.4449	-606.6377	0.7069346
203.84	-550.3149	-606.6376	0.7069721
203.85	-550.1848	-606.6375	0.70701
203.86	-550.0548	-606.6375	0.7070481
203.87	-549.9248	-606.6374	0.7070863
203.88	-549.7947	-606.6373	0.7071246
203.89	-549.6647	-606.6373	0.7071631
203.9	-549.5346	-606.6373	0.7072018
203.91	-549.4045	-606.6372	0.7072405
203.92	-549.2745	-606.6372	0.7072793
203.93	-549.1444	-606.6372	0.7073174
203.94	-549.0143	-606.6373	0.7073545
203.95	-548.8843	-606.6373	0.7073909
203.96	-548.7542	-606.6373	0.7074265
203.97	-548.6241	-606.6373	0.7074603
203.98	-548.494	-606.6373	0.7074923
203.99	-548.3638	-606.6373	0.7075227
204	-548.2337	-606.6373	0.7075515
204.01	-548.1036	-606.6373	0.7075787
204.02	-547.9734	-606.6374	0.7076033
204.03	-547.8433	-606.6375	0.7076254
204.04	-547.7132	-606.6376	0.7076449
204.05	-547.583	-606.6376	0.7076621
204.06	-547.4529	-606.6377	0.7076765
204.07	-547.3227	-606.6378	0.7076883
204.08	-547.1925	-606.6378	0.7076975
204.09	-547.0623	-606.6379	0.7077043
204.1	-546.9321	-606.6379	0.707709
204.11	-546.8019	-606.638	0.7077116
204.12	-546.6718	-606.6381	0.7077125
204.13	-546.5415	-606.6381	0.7077118
204.14	-546.4113	-606.6382	0.7077094
204.15	-546.281	-606.6382	0.7077054
204.16	-546.1508	-606.6383	0.7077013
204.17	-546.0204	-606.6384	0.7076967
204.18	-545.8901	-606.6384	0.707692
204.19	-545.7598	-606.6385	0.7076871
204.2	-545.6295	-606.6385	0.7076818
204.21	-545.4991	-606.6386	0.7076764
204.22	-545.3687	-606.6387	0.7076722
204.23	-545.2383	-606.6389	0.7076695
204.24	-545.1078	-606.639	0.7076679
204.25	-544.9774	-606.6391	0.7076676
204.26	-544.8469	-606.6392	0.7076683
204.27	-544.7164	-606.6393	0.7076701
204.28	-544.5859	-606.6395	0.707675
204.29	-544.4553	-606.6396	0.707683
204.3	-544.3248	-606.6398	0.7076935
204.31	-544.1942	-606.64	0.7077077
204.32	-544.0636	-606.6402	0.7077251
204.33	-543.933	-606.6404	0.7077456
204.34	-543.8023	-606.6406	0.707769
204.35	-543.6716	-606.6409	0.7077954
204.36	-543.541	-606.6412	0.7078245
204.37	-543.4102	-606.6414	0.7078563
204.38	-543.2795	-606.6417	0.7078907
204.39	-543.1487	-606.642	0.7079276
204.4	-543.0179	-606.6424	0.7079669
204.41	-542.8871	-606.6427	0.7080078
204.42	-542.7562	-606.643	0.7080505
204.43	-542.6254	-606.6434	0.7080947
204.44	-542.4944	-606.6438	0.7081403
204.45	-542.3635	-606.6442	0.7081874
204.46	-542.2326	-606.6445	0.7082348
204.47	-542.1016	-606.645	0.7082826
204.48	-541.9706	-606.6453	0.7083306
204.49	-541.8396	-606.6458	0.7083791
204.5	-541.7085	-606.6462	0.7084278
204.51	-541.5774	-606.6467	0.7084767
204.52	-541.4463	-606.6471	0.7085244
204.53	-541.3151	-606.6476	0.708571
204.54	-541.184	-606.648	0.7086164
204.55	-541.0527	-606.6485	0.7086608
204.56	-540.9215	-606.649	0.7087029
204.57	-540.7903	-606.6495	0.7087427
204.58	-540.659	-606.65	0.7087805
204.59	-540.5277	-606.6505	0.7088164
204.6	-540.3964	-606.6511	0.7088504
204.61	-540.265	-606.6516	0.7088813
204.62	-540.1336	-606.652	0.7089093
204.63	-540.0022	-606.6525	0.7089345
204.64	-539.8707	-606.653	0.7089572
204.65	-539.7393	-606.6535	0.7089774
204.66	-539.6078	-606.6541	0.7089943
204.67	-539.4763	-606.6545	0.709008
204.68	-539.3447	-606.655	0.7090189
204.69	-539.2131	-606.6555	0.7090269
204.7	-539.0814	-606.6561	0.7090322
204.71	-538.9498	-606.6566	0.7090347
204.72	-538.8181	-606.6572	0.7090345
204.73	-538.6864	-606.6577	0.7090318
204.74	-538.5546	-606.6583	0.7090266
204.75	-538.4229	-606.6588	0.709019
204.76	-538.2911	-606.6594	0.7090093
204.77	-538.1592	-606.6599	0.7089974
204.78	-538.0274	-606.6604	0.7089835
204.79	-537.8955	-606.6609	0.7089677
204.8	-537.7635	-606.6615	0.7089502
204.81	-537.6316	-606.662	0.7089309
204.82	-537.4996	-606.6626	0.70891
204.83	-537.3676	-606.6631	0.7088876
204.84	-537.2355	-606.6637	0.7088637
204.85	-537.1035	-606.6642	0.7088383
204.86	-536.9713	-606.6647	0.7088117
204.87	-536.8391	-606.6652	0.7087838
204.88	-536.7069	-606.6657	0.7087547
204.89	-536.5746	-606.6662	0.7087244
204.9	-536.4424	-606.6667	0.708693
204.91	-536.3101	-606.6671	0.7086606
204.92	-536.1778	-606.6676	0.7086272
204.93	-536.0454	-606.6681	0.7085928
204.94	-535.913	-606.6686	0.7085576
204.95	-535.7805	-606.669	0.7085214
204.96	-535.648	-606.6695	0.7084845
204.97	-535.5155	-606.67	0.7084467
204.98	-535.3829	-606.6705	0.7084082
204.99	-535.2503	-606.6709	0.708369
205	-535.1177	-606.6713	0.7083291
205.01	-534.985	-606.6718	0.7082887
205.02	-534.8524	-606.6722	0.7082476
205.03	-534.7196	-606.6725	0.7082059
205.04	-534.5868	-606.673	0.7081637
205.05	-534.454	-606.6734	0.708121
205.06	-534.3211	-606.6738	0.7080775
205.07	-534.1882	-606.6742	0.7080333
205.08	-534.0553	-606.6746	0.7079886
205.09	-533.9223	-606.6749	0.7079431
205.1	-533.7893	-606.6752	0.7078971
205.11	-533.6563	-606.6756	0.7078496
205.12	-533.5232	-606.676	0.7078007
205.13	-533.3901	-606.6762	0.7077504
205.14	-533.2569	-606.6765	0.7076988
205.15	-533.1237	-606.6768	0.7076461
205.16	-532.9904	-606.6771	0.7075909
205.17	-532.8571	-606.6773	0.7075337
205.18	-532.7238	-606.6775	0.7074741
205.19	-532.5905	-606.6777	0.7074126
205.2	-532.457	-606.6779	0.7073492
205.21	-532.3236	-606.678	0.707284
205.22	-532.1901	-606.6782	0.7072158
205.23	-532.0566	-606.6783	0.7071449
205.24	-531.9231	-606.6784	0.7070712
205.25	-531.7895	-606.6785	0.7069951
205.26	-531.6559	-606.6785	0.7069161
205.27	-531.5222	-606.6785	0.7068344
205.28	-531.3885	-606.6785	0.7067502
205.29	-531.2548	-606.6785	0.7066634
205.3	-531.121	-606.6783	0.7065744
205.31	-530.9872	-606.6783	0.7064832
205.32	-530.8534	-606.6782	0.7063898
205.33	-530.7195	-606.678	0.7062944
205.34	-530.5856	-606.6779	0.7061971
205.35	-530.4516	-606.6776	0.7060981
205.36	-530.3176	-606.6774	0.7059975
205.37	-530.1836	-606.6771	0.7058953
205.38	-530.0495	-606.6768	0.7057917
205.39	-529.9154	-606.6765	0.7056867
205.4	-529.7813	-606.6761	0.7055805
205.41	-529.6471	-606.6757	0.7054732
205.42	-529.5129	-606.6753	0.7053647
205.43	-529.3786	-606.6749	0.7052553
205.44	-529.2443	-606.6744	0.7051449
205.45	-529.11	-606.6738	0.7050335
205.46	-528.9756	-606.6733	0.7049217
205.47	-528.8412	-606.6727	0.7048094
205.48	-528.7068	-606.6721	0.7046965
205.49	-528.5723	-606.6714	0.704583
205.5	-528.4377	-606.6708	0.7044693
205.51	-528.3032	-606.6701	0.7043559
205.52	-528.1686	-606.6694	0.7042427
205.53	-528.034	-606.6686	0.7041298
205.54	-527.8993	-606.6678	0.7040172
205.55	-527.7646	-606.667	0.7039047
205.56	-527.6298	-606.6661	0.7037939
205.57	-527.4951	-606.6652	0.7036844
205.58	-527.3602	-606.6643	0.7035762
205.59	-527.2253	-606.6633	0.7034693
205.6	-527.0904	-606.6623	0.7033637
205.61	-526.9554	-606.6613	0.7032609
205.62	-526.8204	-606.6603	0.7031608
205.63	-526.6854	-606.6592	0.7030631
205.64	-526.5504	-606.6581	0.7029681
205.65	-526.4152	-606.657	0.7028753
205.66	-526.2801	-606.6558	0.7027864
205.67	-526.1449	-606.6547	0.7027015
205.68	-526.0096	-606.6534	0.70262
205.69	-525.8744	-606.6522	0.7025421
205.7	-525.7391	-606.6509	0.7024673
205.71	-525.6038	-606.6497	0.7023972
205.72	-525.4684	-606.6484	0.7023315
205.73	-525.3329	-606.6471	0.70227
205.74	-525.1974	-606.6458	0.7022125
205.75	-525.062	-606.6444	0.7021587
205.76	-524.9264	-606.6431	0.7021099
205.77	-524.7908	-606.6417	0.7020658
205.78	-524.6552	-606.6403	0.7020261
205.79	-524.5195	-606.6389	0.7019907
205.8	-524.3838	-606.6375	0.7019594
205.81	-524.248	-606.636	0.7019327
205.82	-524.1122	-606.6346	0.7019107
205.83	-523.9764	-606.6331	0.7018931
205.84	-523.8405	-606.6316	0.7018796
205.85	-523.7046	-606.6301	0.70187
205.86	-523.5687	-606.6287	0.7018648
205.87	-523.4327	-606.6271	0.7018638
205.88	-523.2966	-606.6256	0.7018666
205.89	-523.1605	-606.6241	0.7018732
205.9	-523.0244	-606.6226	0.7018834
205.91	-522.8882	-606.6211	0.7018968
205.92	-522.752	-606.6196	0.7019136
205.93	-522.6157	-606.618	0.7019334
205.94	-522.4794	-606.6164	0.7019564
205.95	-522.3431	-606.6148	0.701982
205.96	-522.2067	-606.6132	0.7020104
205.97	-522.0703	-606.6117	0.7020413
205.98	-521.9338	-606.6101	0.7020746
205.99	-521.7972	-606.6085	0.7021103
206	-521.6606	-606.6069	0.7021481
206.01	-521.524	-606.6053	0.702188
206.02	-521.3874	-606.6038	0.7022297
206.03	-521.2507	-606.6022	0.7022733
206.04	-521.114	-606.6006	0.7023184
206.05	-520.9772	-606.5991	0.7023653
206.06	-520.8404	-606.5975	0.7024136
206.07	-520.7036	-606.5959	0.7024632
206.08	-520.5667	-606.5944	0.7025141
206.09	-520.4297	-606.5928	0.7025661
206.1	-520.2927	-606.5912	0.7026193
206.11	-520.1556	-606.5897	0.7026731
206.12	-520.0186	-606.5881	0.7027276
206.13	-519.8815	-606.5865	0.7027826
206.14	-519.7443	-606.585	0.7028383
206.15	-519.6071	-606.5834	0.7028945
206.16	-519.4699	-606.5819	0.7029508
206.17	-519.3326	-606.5804	0.7030072
206.18	-519.1953	-606.5789	0.7030637
206.19	-519.0579	-606.5774	0.7031205
206.2	-518.9205	-606.5759	0.7031772
206.21	-518.783	-606.5743	0.7032338
206.22	-518.6455	-606.5729	0.7032905
206.23	-518.508	-606.5714	0.703347
206.24	-518.3704	-606.5698	0.7034034
206.25	-518.2328	-606.5684	0.7034599
206.26	-518.0951	-606.567	0.7035162
206.27	-517.9574	-606.5656	0.7035726
206.28	-517.8196	-606.5641	0.703629
206.29	-517.6818	-606.5626	0.7036852
206.3	-517.5439	-606.5613	0.7037414
206.31	-517.4061	-606.5599	0.7037975
206.32	-517.2681	-606.5585	0.7038536
206.33	-517.1302	-606.5571	0.7039096
206.34	-516.9922	-606.5557	0.7039657
206.35	-516.8541	-606.5544	0.7040217
206.36	-516.7161	-606.5531	0.7040776
206.37	-516.5779	-606.5518	0.7041334
206.38	-516.4398	-606.5505	0.7041892
206.39	-516.3015	-606.5492	0.7042449
206.4	-516.1632	-606.5479	0.7043006
206.41	-516.0249	-606.5467	0.7043561
206.42	-515.8865	-606.5454	0.7044113
206.43	-515.7482	-606.5443	0.7044663
206.44	-515.6097	-606.543	0.7045211
206.45	-515.4713	-606.5418	0.7045756
206.46	-515.3328	-606.5406	0.7046294
206.47	-515.1942	-606.5395	0.7046825
206.48	-515.0556	-606.5383	0.7047347
206.49	-514.9169	-606.5372	0.7047864
206.5	-514.7782	-606.5361	0.7048373
206.51	-514.6395	-606.535	0.7048867
206.52	-514.5007	-606.5339	0.7049347
206.53	-514.3619	-606.5328	0.7049811
206.54	-514.223	-606.5317	0.7050263
206.55	-514.0841	-606.5307	0.7050703
206.56	-513.9451	-606.5297	0.7051129
206.57	-513.8062	-606.5286	0.7051533
206.58	-513.6671	-606.5276	0.7051914
206.59	-513.528	-606.5266	0.7052276
206.6	-513.3889	-606.5256	0.7052616
206.61	-513.2497	-606.5245	0.705293
206.62	-513.1105	-606.5236	0.7053218
206.63	-512.9713	-606.5226	0.7053483
206.64	-512.832	-606.5217	0.7053724
206.65	-512.6926	-606.5207	0.7053944
206.66	-512.5533	-606.5197	0.7054137
206.67	-512.4139	-606.5187	0.7054304
206.68	-512.2744	-606.5178	0.7054448
206.69	-512.1349	-606.5168	0.7054569
206.7	-511.9953	-606.5159	0.7054667
206.71	-511.8558	-606.515	0.7054745
206.72	-511.7162	-606.5141	0.7054802
206.73	-511.5765	-606.5132	0.7054839
206.74	-511.4368	-606.5123	0.7054858
206.75	-511.297	-606.5114	0.7054859
206.76	-511.1572	-606.5104	0.7054844
206.77	-511.0174	-606.5095	0.7054814
206.78	-510.8775	-606.5086	0.7054768
206.79	-510.7376	-606.5078	0.7054709
206.8	-510.5976	-606.5069	0.7054636
206.81	-510.4576	-606.506	0.705455
206.82	-510.3176	-606.5052	0.7054453
206.83	-510.1775	-606.5043	0.7054344
206.84	-510.0374	-606.5035	0.7054224
206.85	-509.8972	-606.5026	0.7054093
206.86	-509.757	-606.5018	0.7053953
206.87	-509.6168	-606.5009	0.7053804
206.88	-509.4765	-606.5	0.7053645
206.89	-509.3361	-606.4991	0.7053478
206.9	-509.1957	-606.4983	0.7053304
206.91	-509.0553	-606.4974	0.7053121
206.92	-508.9149	-606.4966	0.7052931
206.93	-508.7744	-606.4957	0.7052733
206.94	-508.6338	-606.4949	0.7052529
206.95	-508.4932	-606.494	0.705232
206.96	-508.3526	-606.4931	0.7052103
206.97	-508.2119	-606.4922	0.7051881
206.98	-508.0712	-606.4914	0.7051654
206.99	-507.9305	-606.4905	0.7051421
207	-507.7896	-606.4897	0.7051183
207.01	-507.6488	-606.4888	0.705094
207.02	-507.5079	-606.488	0.7050693
207.03	-507.367	-606.4871	0.7050442
207.04	-507.226	-606.4862	0.7050186
207.05	-507.085	-606.4854	0.7049927
207.06	-506.944	-606.4845	0.7049663
207.07	-506.8029	-606.4836	0.7049396
207.08	-506.6618	-606.4827	0.7049125
207.09	-506.5206	-606.4819	0.7048851
207.1	-506.3794	-606.481	0.7048575
207.11	-506.2381	-606.48	0.7048295
207.12	-506.0968	-606.4791	0.7048013
207.13	-505.9555	-606.4782	0.7047728
207.14	-505.8141	-606.4772	0.704744
207.15	-505.6727	-606.4763	0.704715
207.16	-505.5313	-606.4754	0.704686
207.17	-505.3898	-606.4745	0.7046572
207.18	-505.2482	-606.4736	0.7046283
207.19	-505.1067	-606.4726	0.7045995
207.2	-504.965	-606.4717	0.7045708
207.21	-504.8233	-606.4707	0.704542
207.22	-504.6816	-606.4697	0.7045141
207.23	-504.5399	-606.4688	0.7044868
207.24	-504.3981	-606.4677	0.7044603
207.25	-504.2563	-606.4667	0.7044343
207.26	-504.1144	-606.4658	0.7044089
207.27	-503.9725	-606.4648	0.7043847
207.28	-503.8305	-606.4638	0.7043616
207.29	-503.6885	-606.4628	0.7043396
207.3	-503.5465	-606.4619	0.7043185
207.31	-503.4045	-606.4608	0.704299
207.32	-503.2624	-606.4598	0.7042812
207.33	-503.1203	-606.4589	0.7042649
207.34	-502.9781	-606.4578	0.70425
207.35	-502.8359	-606.4568	0.7042366
207.36	-502.6937	-606.4557	0.7042251
207.37	-502.5514	-606.4547	0.7042156
207.38	-502.4091	-606.4537	0.7042079
207.39	-502.2668	-606.4526	0.7042019
207.4	-502.1244	-606.4516	0.7041977
207.41	-501.9821	-606.4506	0.7041956
207.42	-501.8396	-606.4495	0.7041956
207.43	-501.6972	-606.4485	0.7041975
207.44	-501.5547	-606.4474	0.7042013
207.45	-501.4122	-606.4464	0.7042069
207.46	-501.2696	-606.4454	0.7042143
207.47	-501.127	-606.4443	0.7042238
207.48	-500.9844	-606.4433	0.7042353
207.49	-500.8418	-606.4423	0.7042488
207.5	-500.6991	-606.4412	0.7042643
207.51	-500.5564	-606.4402	0.7042815
207.52	-500.4137	-606.4391	0.7043006
207.53	-500.271	-606.4382	0.7043214
207.54	-500.1282	-606.4373	0.704344
207.55	-499.9855	-606.4363	0.7043682
207.56	-499.8427	-606.4353	0.7043939
207.57	-499.6999	-606.4343	0.704421
207.58	-499.5571	-606.4333	0.7044496
207.59	-499.4142	-606.4324	0.7044795
207.6	-499.2714	-606.4315	0.7045107
207.61	-499.1285	-606.4305	0.7045431
207.62	-498.9857	-606.4295	0.7045766
207.63	-498.8428	-606.4285	0.7046114
207.64	-498.6999	-606.4276	0.7046471
207.65	-498.557	-606.4266	0.7046838
207.66	-498.4141	-606.4257	0.7047216
207.67	-498.2711	-606.4248	0.7047604
207.68	-498.1282	-606.424	0.7048
207.69	-497.9853	-606.423	0.7048406
207.7	-497.8423	-606.4221	0.704882
207.71	-497.6993	-606.4213	0.7049245
207.72	-497.5564	-606.4203	0.704968
207.73	-497.4134	-606.4195	0.7050124
207.74	-497.2704	-606.4186	0.7050578
207.75	-497.1274	-606.4178	0.7051041
207.76	-496.9844	-606.417	0.7051516
207.77	-496.8414	-606.4161	0.7052004
207.78	-496.6984	-606.4153	0.7052504
207.79	-496.5554	-606.4146	0.7053015
207.8	-496.4124	-606.4138	0.7053536
207.81	-496.2693	-606.413	0.7054068
207.82	-496.1263	-606.4122	0.7054616
207.83	-495.9833	-606.4115	0.705518
207.84	-495.8402	-606.4108	0.7055759
207.85	-495.6972	-606.4101	0.7056352
207.86	-495.5541	-606.4094	0.705696
207.87	-495.4111	-606.4088	0.7057584
207.88	-495.2681	-606.4081	0.7058225
207.89	-495.125	-606.4075	0.7058882
207.9	-494.9819	-606.4069	0.7059554
207.91	-494.8389	-606.4063	0.7060242
207.92	-494.6959	-606.4057	0.7060944
207.93	-494.5528	-606.4052	0.7061663
207.94	-494.4097	-606.4047	0.7062396
207.95	-494.2667	-606.4042	0.7063141
207.96	-494.1236	-606.4037	0.70639
207.97	-493.9805	-606.4033	0.7064672
207.98	-493.8374	-606.4028	0.7065454
207.99	-493.6943	-606.4025	0.7066247
208	-493.5512	-606.402	0.7067052
208.01	-493.4082	-606.4017	0.7067865
208.02	-493.2651	-606.4014	0.7068686
208.03	-493.122	-606.4011	0.7069517
208.04	-492.9789	-606.4008	0.7070357
208.05	-492.8358	-606.4005	0.7071203
208.06	-492.6927	-606.4003	0.7072057
208.07	-492.5496	-606.4001	0.7072912
208.08	-492.4065	-606.3999	0.7073767
208.09	-492.2634	-606.3997	0.7074623
208.1	-492.1203	-606.3996	0.7075479
208.11	-491.9772	-606.3995	0.7076328
208.12	-491.8341	-606.3994	0.707717
208.13	-491.6909	-606.3994	0.7078006
208.14	-491.5478	-606.3993	0.7078834
208.15	-491.4047	-606.3993	0.7079656
208.16	-491.2616	-606.3993	0.7080458
208.17	-491.1185	-606.3994	0.7081242
208.18	-490.9754	-606.3994	0.7082008
208.19	-490.8322	-606.3995	0.7082756
208.2	-490.6891	-606.3995	0.7083488
208.21	-490.546	-606.3997	0.7084187
208.22	-490.4029	-606.3998	0.7084854
208.23	-490.2598	-606.4	0.7085491
208.24	-490.1167	-606.4001	0.7086099
208.25	-489.9736	-606.4003	0.7086682
208.26	-489.8304	-606.4005	0.7087237
208.27	-489.6873	-606.4007	0.7087747
208.28	-489.5443	-606.4009	0.7088216
208.29	-489.4011	-606.4012	0.7088644
208.3	-489.258	-606.4014	0.7089032
208.31	-489.1149	-606.4017	0.7089373
208.32	-488.9718	-606.4019	0.708967
208.33	-488.8287	-606.4022	0.7089923
208.34	-488.6856	-606.4025	0.7090135
208.35	-488.5424	-606.4028	0.7090308
208.36	-488.3994	-606.4031	0.7090436
208.37	-488.2563	-606.4034	0.7090521
208.38	-488.1132	-606.4037	0.7090566
208.39	-487.97	-606.4041	0.7090572
208.4	-487.8269	-606.4044	0.7090541
208.41	-487.6838	-606.4047	0.7090476
208.42	-487.5407	-606.4051	0.7090379
208.43	-487.3976	-606.4055	0.7090251
208.44	-487.2544	-606.4058	0.7090093
208.45	-487.1113	-606.4062	0.7089908
208.46	-486.9681	-606.4065	0.7089697
208.47	-486.825	-606.4069	0.7089467
208.48	-486.6819	-606.4072	0.7089222
208.49	-486.5387	-606.4076	0.7088962
208.5	-486.3955	-606.408	0.7088686
208.51	-486.2523	-606.4084	0.7088397
208.52	-486.1092	-606.4088	0.7088107
208.53	-485.966	-606.4092	0.7087817
208.54	-485.8228	-606.4097	0.7087528
208.55	-485.6797	-606.4101	0.7087238
208.56	-485.5365	-606.4105	0.7086958
208.57	-485.3933	-606.4109	0.7086688
208.58	-485.2501	-606.4113	0.7086427
208.59	-485.1069	-606.4117	0.7086174
208.6	-484.9637	-606.4122	0.708593
208.61	-484.8205	-606.4127	0.7085705
208.62	-484.6773	-606.4132	0.7085498
208.63	-484.5341	-606.4136	0.7085308
208.64	-484.3909	-606.4141	0.7085134
208.65	-484.2477	-606.4146	0.7084976
208.66	-484.1044	-606.4151	0.7084845
208.67	-483.9612	-606.4156	0.7084739
208.68	-483.818	-606.4161	0.7084657
208.69	-483.6747	-606.4167	0.7084598
208.7	-483.5315	-606.4172	0.708456
208.71	-483.3882	-606.4178	0.7084554
208.72	-483.245	-606.4183	0.7084578
208.73	-483.1017	-606.4189	0.7084631
208.74	-482.9584	-606.4194	0.7084711
208.75	-482.8152	-606.42	0.7084818
208.76	-482.6719	-606.4206	0.7084957
208.77	-482.5286	-606.4212	0.7085128
208.78	-482.3853	-606.4218	0.7085328
208.79	-482.242	-606.4225	0.7085556
208.8	-482.0987	-606.4231	0.7085811
208.81	-481.9554	-606.4237	0.7086096
208.82	-481.8121	-606.4244	0.7086408
208.83	-481.6688	-606.425	0.7086747
208.84	-481.5255	-606.4258	0.7087112
208.85	-481.3821	-606.4265	0.7087501
208.86	-481.2388	-606.4271	0.7087913
208.87	-481.0955	-606.4279	0.7088348
208.88	-480.9522	-606.4286	0.7088804
208.89	-480.8089	-606.4294	0.708928
208.9	-480.6656	-606.4301	0.7089777
208.91	-480.5222	-606.4309	0.7090292
208.92	-480.3789	-606.4317	0.7090825
208.93	-480.2356	-606.4325	0.7091374
208.94	-480.0923	-606.4333	0.709194
208.95	-479.949	-606.4341	0.7092521
208.96	-479.8057	-606.4351	0.7093117
208.97	-479.6624	-606.4359	0.7093726
208.98	-479.5192	-606.4368	0.7094351
208.99	-479.3759	-606.4377	0.7094987
209	-479.2326	-606.4386	0.7095636
209.01	-479.0894	-606.4396	0.7096299
209.02	-478.9461	-606.4405	0.7096974
209.03	-478.8029	-606.4415	0.7097663
209.04	-478.6596	-606.4424	0.7098362
209.05	-478.5164	-606.4435	0.7099073
209.06	-478.3731	-606.4445	0.7099798
209.07	-478.2299	-606.4456	0.7100538
209.08	-478.0867	-606.4466	0.710129
209.09	-477.9435	-606.4477	0.7102056
209.1	-477.8003	-606.4488	0.7102832
209.11	-477.6571	-606.45	0.7103627
209.12	-477.5139	-606.4511	0.7104439
209.13	-477.3708	-606.4523	0.7105267
209.14	-477.2276	-606.4535	0.710611
209.15	-477.0844	-606.4548	0.7106968
209.16	-476.9413	-606.456	0.7107846
209.17	-476.7982	-606.4573	0.7108741
209.18	-476.6551	-606.4587	0.7109655
209.19	-476.5119	-606.46	0.7110584
209.2	-476.3688	-606.4614	0.7111529
209.21	-476.2257	-606.4629	0.7112492
209.22	-476.0826	-606.4643	0.7113472
209.23	-475.9395	-606.4658	0.7114468
209.24	-475.7964	-606.4673	0.7115479
209.25	-475.6533	-606.4689	0.7116504
209.26	-475.5103	-606.4705	0.7117543
209.27	-475.3672	-606.4721	0.7118595
209.28	-475.2242	-606.4737	0.7119659
209.29	-475.0811	-606.4754	0.7120734
209.3	-474.938	-606.4771	0.7121821
209.31	-474.795	-606.4789	0.7122919
209.32	-474.6519	-606.4806	0.7124025
209.33	-474.5089	-606.4824	0.712514
209.34	-474.3659	-606.4843	0.7126265
209.35	-474.2228	-606.4862	0.7127398
209.36	-474.0798	-606.4881	0.7128533
209.37	-473.9368	-606.4901	0.7129671
209.38	-473.7938	-606.4921	0.7130812
209.39	-473.6508	-606.4941	0.7131956
209.4	-473.5078	-606.4961	0.7133103
209.41	-473.3648	-606.4982	0.7134242
209.42	-473.2219	-606.5004	0.7135372
209.43	-473.0789	-606.5026	0.7136496
209.44	-472.9359	-606.5047	0.7137613
209.45	-472.7929	-606.507	0.7138724
209.46	-472.65	-606.5092	0.7139813
209.47	-472.507	-606.5115	0.7140881
209.48	-472.3641	-606.5138	0.714193
209.49	-472.2212	-606.5162	0.714296
209.5	-472.0782	-606.5186	0.7143974
209.51	-471.9353	-606.521	0.7144955
209.52	-471.7924	-606.5235	0.7145904
209.53	-471.6494	-606.526	0.7146825
209.54	-471.5065	-606.5285	0.7147718
209.55	-471.3636	-606.5311	0.7148585
209.56	-471.2206	-606.5336	0.7149411
209.57	-471.0777	-606.5362	0.7150199
209.58	-470.9348	-606.5388	0.715095
209.59	-470.7919	-606.5414	0.7151668
209.6	-470.649	-606.5441	0.7152352
209.61	-470.5061	-606.5468	0.7152991
209.62	-470.3632	-606.5495	0.7153587
209.63	-470.2203	-606.5522	0.7154143
209.64	-470.0775	-606.555	0.715466
209.65	-469.9346	-606.5577	0.715514
209.66	-469.7917	-606.5605	0.7155572
209.67	-469.6489	-606.5634	0.7155957
209.68	-469.506	-606.5662	0.7156297
209.69	-469.3631	-606.569	0.7156596
209.7	-469.2202	-606.5718	0.7156854
209.71	-469.0774	-606.5747	0.7157064
209.72	-468.9345	-606.5776	0.715723
209.73	-468.7917	-606.5805	0.7157351
209.74	-468.6488	-606.5834	0.7157432
209.75	-468.506	-606.5864	0.7157473
209.76	-468.3632	-606.5893	0.7157469
209.77	-468.2203	-606.5922	0.7157421
209.78	-468.0775	-606.5952	0.7157332
209.79	-467.9347	-606.5981	0.7157203
209.8	-467.7918	-606.6011	0.7157037
209.81	-467.649	-606.6041	0.7156836
209.82	-467.5062	-606.6071	0.7156594
209.83	-467.3633	-606.61	0.7156313
209.84	-467.2205	-606.613	0.7155996
209.85	-467.0777	-606.616	0.7155644
209.86	-466.9349	-606.619	0.7155258
209.87	-466.7921	-606.6219	0.7154835
209.88	-466.6493	-606.6249	0.7154378
209.89	-466.5065	-606.6279	0.7153888
209.9	-466.3637	-606.6309	0.7153366
209.91	-466.2209	-606.6339	0.7152812
209.92	-466.0781	-606.6368	0.7152228
209.93	-465.9353	-606.6398	0.7151614
209.94	-465.7925	-606.6427	0.7150971
209.95	-465.6497	-606.6457	0.71503
209.96	-465.5069	-606.6486	0.7149604
209.97	-465.3642	-606.6516	0.714888
209.98	-465.2214	-606.6544	0.714813
209.99	-465.0786	-606.6573	0.7147354
210	-464.9358	-606.6602	0.7146555
210.01	-464.7931	-606.6631	0.714573
210.02	-464.6503	-606.666	0.714488
210.03	-464.5075	-606.6689	0.7144006
210.04	-464.3648	-606.6717	0.714311
210.05	-464.222	-606.6745	0.7142193
210.06	-464.0792	-606.6773	0.7141256
210.07	-463.9364	-606.6801	0.7140296
210.08	-463.7937	-606.6828	0.7139315
210.09	-463.6509	-606.6856	0.7138313
210.1	-463.5081	-606.6883	0.7137291
210.11	-463.3654	-606.691	0.7136251
210.12	-463.2226	-606.6937	0.7135193
210.13	-463.0798	-606.6963	0.7134117
210.14	-462.9371	-606.6989	0.7133025
210.15	-462.7943	-606.7015	0.7131917
210.16	-462.6516	-606.7041	0.7130795
210.17	-462.5088	-606.7066	0.712966
210.18	-462.366	-606.7091	0.7128512
210.19	-462.2233	-606.7115	0.7127352
210.2	-462.0805	-606.7141	0.7126181
210.21	-461.9377	-606.7164	0.7125002
210.22	-461.795	-606.7188	0.7123818
210.23	-461.6522	-606.7212	0.7122627
210.24	-461.5094	-606.7236	0.7121431
210.25	-461.3666	-606.7258	0.7120228
210.26	-461.2238	-606.7281	0.7119029
210.27	-461.081	-606.7303	0.7117834
210.28	-460.9382	-606.7325	0.7116642
210.29	-460.7954	-606.7347	0.7115453
210.3	-460.6526	-606.7369	0.7114267
210.31	-460.5098	-606.739	0.7113094
210.32	-460.367	-606.741	0.7111934
210.33	-460.2242	-606.743	0.7110787
210.34	-460.0814	-606.7451	0.7109651
210.35	-459.9386	-606.7471	0.7108526
210.36	-459.7958	-606.749	0.7107424
210.37	-459.653	-606.7509	0.7106342
210.38	-459.5101	-606.7529	0.7105281
210.39	-459.3673	-606.7547	0.7104237
210.4	-459.2245	-606.7565	0.7103212
210.41	-459.0816	-606.7584	0.7102216
210.42	-458.9388	-606.7601	0.7101246
210.43	-458.796	-606.7618	0.7100301
210.44	-458.6531	-606.7636	0.7099381
210.45	-458.5102	-606.7653	0.7098484
210.46	-458.3673	-606.767	0.7097609
210.47	-458.2245	-606.7686	0.7096766
210.48	-458.0816	-606.7702	0.7095953
210.49	-457.9387	-606.7717	0.7095169
210.5	-457.7958	-606.7733	0.7094413
210.51	-457.6529	-606.7748	0.7093682
210.52	-457.51	-606.7764	0.7092986
210.53	-457.3671	-606.7778	0.7092321
210.54	-457.2241	-606.7793	0.7091687
210.55	-457.0811	-606.7807	0.7091082
210.56	-456.9382	-606.7821	0.7090505
210.57	-456.7952	-606.7835	0.7089964
210.58	-456.6522	-606.7849	0.7089456
210.59	-456.5092	-606.7862	0.7088981
210.6	-456.3662	-606.7875	0.7088537
210.61	-456.2231	-606.7888	0.7088122
210.62	-456.0801	-606.7901	0.7087744
210.63	-455.9371	-606.7914	0.7087401
210.64	-455.794	-606.7927	0.7087089
210.65	-455.6509	-606.7938	0.708681
210.66	-455.5078	-606.795	0.7086568
210.67	-455.3647	-606.7963	0.7086363
210.68	-455.2216	-606.7974	0.7086192
210.69	-455.0785	-606.7986	0.7086054
