1437.93	-645.9672	-607.1635	0.695605
1437.94	-645.8581	-607.1601	0.6955783
1437.95	-645.749	-607.1567	0.6955538
1437.96	-645.6398	-607.1533	0.6955311
1437.97	-645.5308	-607.1499	0.6955109
1437.98	-645.4217	-607.1465	0.6954932
1437.99	-645.3126	-607.143	0.6954776
1438	-645.2036	-607.1396	0.6954642
1438.01	-645.0945	-607.1362	0.6954527
1438.02	-644.9855	-607.1328	0.6954434
1438.03	-644.8765	-607.1293	0.6954361
1438.04	-644.7675	-607.1259	0.6954307
1438.05	-644.6584	-607.1225	0.6954271
1438.06	-644.5494	-607.1191	0.6954252
1438.07	-644.4405	-607.1157	0.6954247
1438.08	-644.3315	-607.1122	0.6954256
1438.09	-644.2226	-607.1088	0.6954278
1438.1	-644.1136	-607.1054	0.6954313
1438.11	-644.0047	-607.102	0.6954359
1438.12	-643.8958	-607.0986	0.6954409
1438.13	-643.7869	-607.0952	0.6954463
1438.14	-643.678	-607.0917	0.6954522
1438.15	-643.5692	-607.0882	0.6954583
1438.16	-643.4603	-607.0847	0.6954648
1438.17	-643.3515	-607.0812	0.6954706
1438.18	-643.2427	-607.0778	0.6954759
1438.19	-643.1339	-607.0743	0.6954805
1438.2	-643.0251	-607.0709	0.6954847
1438.21	-642.9163	-607.0674	0.6954883
1438.22	-642.8076	-607.0639	0.6954902
1438.23	-642.6988	-607.0604	0.6954904
1438.24	-642.5901	-607.0569	0.6954891
1438.25	-642.4814	-607.0535	0.6954863
1438.26	-642.3727	-607.0499	0.6954821
1438.27	-642.264	-607.0463	0.6954754
1438.28	-642.1554	-607.0428	0.6954663
1438.29	-642.0468	-607.0392	0.695455
1438.3	-641.9381	-607.0357	0.6954416
1438.31	-641.8295	-607.0322	0.6954263
1438.32	-641.7209	-607.0286	0.6954085
1438.33	-641.6123	-607.025	0.6953884
1438.34	-641.5037	-607.0214	0.6953663
1438.35	-641.3951	-607.0178	0.6953421
1438.36	-641.2866	-607.0142	0.695316
1438.37	-641.178	-607.0106	0.6952881
1438.38	-641.0695	-607.007	0.6952587
1438.39	-640.961	-607.0034	0.6952277
1438.4	-640.8525	-606.9997	0.6951953
1438.41	-640.744	-606.996	0.6951615
1438.42	-640.6355	-606.9923	0.695127
1438.43	-640.527	-606.9886	0.6950918
1438.44	-640.4186	-606.985	0.695056
1438.45	-640.3101	-606.9813	0.6950194
1438.46	-640.2017	-606.9776	0.6949824
1438.47	-640.0933	-606.9739	0.6949456
1438.48	-639.9849	-606.9702	0.6949089
1438.49	-639.8765	-606.9665	0.6948724
1438.5	-639.7681	-606.9627	0.694836
1438.51	-639.6597	-606.959	0.6947999
1438.52	-639.5514	-606.9553	0.6947646
1438.53	-639.4431	-606.9515	0.69473
1438.54	-639.3347	-606.9478	0.6946962
1438.55	-639.2264	-606.944	0.6946632
1438.56	-639.1182	-606.9403	0.6946307
1438.57	-639.0099	-606.9366	0.6945996
1438.58	-638.9016	-606.9329	0.6945696
1438.59	-638.7934	-606.9291	0.6945407
1438.6	-638.6852	-606.9253	0.694513
1438.61	-638.577	-606.9215	0.6944861
1438.62	-638.4688	-606.9177	0.6944608
1438.63	-638.3606	-606.9139	0.694437
1438.64	-638.2524	-606.9102	0.6944147
1438.65	-638.1443	-606.9063	0.6943937
1438.66	-638.0361	-606.9025	0.694374
1438.67	-637.928	-606.8987	0.694356
1438.68	-637.8199	-606.895	0.6943397
1438.69	-637.7119	-606.8912	0.694325
1438.7	-637.6038	-606.8874	0.6943117
1438.71	-637.4957	-606.8836	0.6942998
1438.72	-637.3876	-606.8798	0.6942899
1438.73	-637.2796	-606.876	0.6942816
1438.74	-637.1716	-606.8723	0.694275
1438.75	-637.0635	-606.8685	0.69427
1438.76	-636.9555	-606.8647	0.6942664
1438.77	-636.8475	-606.8609	0.6942646
1438.78	-636.7396	-606.8571	0.6942644
1438.79	-636.6316	-606.8533	0.6942658
1438.8	-636.5236	-606.8495	0.6942685
1438.81	-636.4156	-606.8458	0.6942726
1438.82	-636.3077	-606.842	0.6942781
1438.83	-636.1998	-606.8382	0.6942847
1438.84	-636.0919	-606.8344	0.6942925
1438.85	-635.984	-606.8306	0.6943013
1438.86	-635.8761	-606.8268	0.6943112
1438.87	-635.7682	-606.8231	0.6943219
1438.88	-635.6604	-606.8193	0.6943335
1438.89	-635.5526	-606.8155	0.6943459
1438.9	-635.4447	-606.8117	0.6943589
1438.91	-635.3369	-606.8079	0.6943727
1438.92	-635.2291	-606.8041	0.6943871
1438.93	-635.1213	-606.8004	0.694402
1438.94	-635.0135	-606.7966	0.6944174
1438.95	-634.9057	-606.7928	0.6944333
1438.96	-634.798	-606.7891	0.6944497
1438.97	-634.6902	-606.7853	0.6944664
1438.98	-634.5825	-606.7815	0.6944833
1438.99	-634.4748	-606.7777	0.6945004
1439	-634.3671	-606.7739	0.6945178
1439.01	-634.2595	-606.7701	0.6945354
1439.02	-634.1518	-606.7664	0.6945529
1439.03	-634.0441	-606.7626	0.6945704
1439.04	-633.9365	-606.7589	0.6945877
1439.05	-633.8289	-606.7551	0.694605
1439.06	-633.7213	-606.7513	0.6946222
1439.07	-633.6137	-606.7475	0.6946394
1439.08	-633.5062	-606.7437	0.6946558
1439.09	-633.3986	-606.7399	0.6946714
1439.1	-633.2911	-606.7362	0.6946864
1439.11	-633.1835	-606.7325	0.6947008
1439.12	-633.076	-606.7288	0.694714
1439.13	-632.9686	-606.7251	0.6947259
1439.14	-632.8611	-606.7214	0.6947368
1439.15	-632.7536	-606.7177	0.6947467
1439.16	-632.6461	-606.7139	0.6947555
1439.17	-632.5386	-606.7102	0.6947634
1439.18	-632.4312	-606.7065	0.6947694
1439.19	-632.3238	-606.7027	0.6947736
1439.2	-632.2164	-606.6989	0.6947761
1439.21	-632.1089	-606.6951	0.694777
1439.22	-632.0015	-606.6913	0.6947764
1439.23	-631.8942	-606.6876	0.6947733
1439.24	-631.7868	-606.6838	0.6947676
1439.25	-631.6794	-606.68	0.6947597
1439.26	-631.5721	-606.6762	0.6947498
1439.27	-631.4647	-606.6724	0.6947377
1439.28	-631.3574	-606.6686	0.6947229
1439.29	-631.2501	-606.6648	0.6947054
1439.3	-631.1428	-606.661	0.6946852
1439.31	-631.0355	-606.6572	0.6946629
1439.32	-630.9283	-606.6534	0.6946374
1439.33	-630.821	-606.6495	0.6946093
1439.34	-630.7138	-606.6457	0.6945784
1439.35	-630.6066	-606.6418	0.6945451
1439.36	-630.4993	-606.6379	0.6945096
1439.37	-630.3922	-606.6341	0.6944712
1439.38	-630.285	-606.6302	0.6944304
1439.39	-630.1778	-606.6263	0.6943871
1439.4	-630.0707	-606.6224	0.6943417
1439.41	-629.9636	-606.6185	0.6942942
1439.42	-629.8564	-606.6145	0.6942444
1439.43	-629.7493	-606.6106	0.6941929
1439.44	-629.6423	-606.6067	0.6941395
1439.45	-629.5352	-606.6027	0.6940843
1439.46	-629.4282	-606.5987	0.6940277
1439.47	-629.3211	-606.5947	0.6939695
1439.48	-629.2141	-606.5907	0.6939099
1439.49	-629.1071	-606.5867	0.6938492
1439.5	-629.0001	-606.5826	0.6937875
1439.51	-628.8931	-606.5786	0.6937249
1439.52	-628.7861	-606.5746	0.6936619
1439.53	-628.6792	-606.5705	0.6935983
1439.54	-628.5723	-606.5665	0.6935342
1439.55	-628.4653	-606.5623	0.6934697
1439.56	-628.3584	-606.5582	0.6934048
1439.57	-628.2515	-606.5541	0.6933395
1439.58	-628.1446	-606.55	0.6932748
1439.59	-628.0377	-606.5459	0.6932106
1439.6	-627.9308	-606.5417	0.6931468
1439.61	-627.824	-606.5375	0.6930833
1439.62	-627.7172	-606.5333	0.6930213
1439.63	-627.6104	-606.5292	0.6929604
1439.64	-627.5035	-606.525	0.6929007
1439.65	-627.3967	-606.5208	0.6928421
1439.66	-627.2899	-606.5165	0.6927844
1439.67	-627.1832	-606.5123	0.6927288
1439.68	-627.0764	-606.5081	0.692675
1439.69	-626.9697	-606.5038	0.692623
1439.7	-626.8629	-606.4996	0.6925725
1439.71	-626.7562	-606.4954	0.6925237
1439.72	-626.6495	-606.4911	0.6924775
1439.73	-626.5428	-606.4868	0.6924336
1439.74	-626.4362	-606.4825	0.692392
1439.75	-626.3295	-606.4782	0.6923524
1439.76	-626.2228	-606.4739	0.6923149
1439.77	-626.1162	-606.4697	0.6922803
1439.78	-626.0096	-606.4653	0.6922485
1439.79	-625.903	-606.4611	0.6922192
1439.8	-625.7964	-606.4568	0.6921923
1439.81	-625.6898	-606.4525	0.6921677
1439.82	-625.5833	-606.4481	0.6921469
1439.83	-625.4767	-606.4438	0.6921296
1439.84	-625.3702	-606.4395	0.6921158
1439.85	-625.2637	-606.4351	0.6921051
1439.86	-625.1572	-606.4307	0.6920972
1439.87	-625.0507	-606.4264	0.6920942
1439.88	-624.9442	-606.4221	0.6920956
1439.89	-624.8378	-606.4178	0.6921013
1439.9	-624.7313	-606.4136	0.692111
1439.91	-624.6249	-606.4093	0.6921241
1439.92	-624.5185	-606.405	0.692143
1439.93	-624.4121	-606.4008	0.6921669
1439.94	-624.3057	-606.3965	0.6921957
1439.95	-624.1993	-606.3922	0.692229
1439.96	-624.093	-606.388	0.6922665
1439.97	-623.9866	-606.3838	0.6923096
1439.98	-623.8803	-606.3796	0.6923577
1439.99	-623.774	-606.3754	0.6924106
1440	-623.6676	-606.3712	0.6924681
1440.01	-623.5613	-606.3671	0.6925298
1440.02	-623.455	-606.363	0.6925958
1440.03	-623.3488	-606.3588	0.6926661
1440.04	-623.2425	-606.3547	0.69274
1440.05	-623.1362	-606.3506	0.6928177
1440.06	-623.03	-606.3466	0.6928987
1440.07	-622.9237	-606.3425	0.6929829
1440.08	-622.8175	-606.3385	0.6930695
1440.09	-622.7113	-606.3345	0.6931586
1440.1	-622.6051	-606.3305	0.6932498
1440.11	-622.4989	-606.3265	0.693343
1440.12	-622.3928	-606.3225	0.6934377
1440.13	-622.2866	-606.3186	0.6935335
1440.14	-622.1805	-606.3146	0.6936305
1440.15	-622.0743	-606.3107	0.6937285
1440.16	-621.9682	-606.3069	0.6938275
1440.17	-621.8621	-606.303	0.6939273
1440.18	-621.756	-606.2991	0.6940278
1440.19	-621.65	-606.2953	0.6941289
1440.2	-621.5439	-606.2915	0.6942306
1440.21	-621.4378	-606.2877	0.694333
1440.22	-621.3317	-606.284	0.6944359
1440.23	-621.2257	-606.2802	0.6945391
1440.24	-621.1197	-606.2765	0.6946427
1440.25	-621.0137	-606.2728	0.6947467
1440.26	-620.9077	-606.2691	0.694851
1440.27	-620.8016	-606.2654	0.6949555
1440.28	-620.6957	-606.2618	0.69506
1440.29	-620.5897	-606.2582	0.6951641
1440.3	-620.4838	-606.2546	0.6952682
1440.31	-620.3778	-606.2511	0.6953721
1440.32	-620.2719	-606.2475	0.695475
1440.33	-620.166	-606.244	0.6955768
1440.34	-620.0601	-606.2405	0.6956777
1440.35	-619.9542	-606.2371	0.6957777
1440.36	-619.8483	-606.2336	0.6958768
1440.37	-619.7425	-606.2302	0.695975
1440.38	-619.6367	-606.2268	0.6960722
1440.39	-619.5308	-606.2234	0.6961684
1440.4	-619.425	-606.2201	0.6962638
1440.41	-619.3192	-606.2167	0.6963584
1440.42	-619.2134	-606.2134	0.6964532
1440.43	-619.1076	-606.2101	0.6965479
1440.44	-619.0018	-606.2069	0.6966428
1440.45	-618.8961	-606.2037	0.6967378
1440.46	-618.7903	-606.2005	0.6968328
1440.47	-618.6845	-606.1973	0.6969278
1440.48	-618.5788	-606.1942	0.6970253
1440.49	-618.4731	-606.1911	0.6971251
1440.5	-618.3674	-606.188	0.6972269
1440.51	-618.2617	-606.1851	0.6973308
1440.52	-618.1561	-606.182	0.6974365
1440.53	-618.0504	-606.1791	0.6975458
1440.54	-617.9448	-606.1761	0.6976584
1440.55	-617.8391	-606.1732	0.697774
1440.56	-617.7335	-606.1704	0.6978925
1440.57	-617.6279	-606.1676	0.6980137
1440.58	-617.5223	-606.1649	0.6981381
1440.59	-617.4167	-606.1622	0.6982654
1440.6	-617.3112	-606.1595	0.6983955
1440.61	-617.2057	-606.1568	0.6985281
1440.62	-617.1002	-606.1542	0.6986631
1440.63	-616.9946	-606.1517	0.6988003
1440.64	-616.8891	-606.1492	0.6989396
1440.65	-616.7836	-606.1467	0.6990808
1440.66	-616.6782	-606.1442	0.6992239
1440.67	-616.5727	-606.1418	0.6993681
1440.68	-616.4672	-606.1395	0.6995132
1440.69	-616.3618	-606.1371	0.6996593
1440.7	-616.2563	-606.1349	0.6998063
1440.71	-616.1509	-606.1326	0.6999541
1440.72	-616.0455	-606.1304	0.7001017
1440.73	-615.9401	-606.1282	0.7002492
1440.74	-615.8348	-606.1261	0.7003965
1440.75	-615.7294	-606.124	0.7005437
1440.76	-615.6241	-606.1219	0.7006907
1440.77	-615.5187	-606.1199	0.7008371
1440.78	-615.4134	-606.118	0.7009829
1440.79	-615.3081	-606.116	0.7011279
1440.8	-615.2028	-606.1141	0.7012726
1440.81	-615.0975	-606.1122	0.7014167
1440.82	-614.9922	-606.1104	0.7015604
1440.83	-614.887	-606.1086	0.7017036
1440.84	-614.7818	-606.1068	0.7018465
1440.85	-614.6766	-606.1051	0.7019892
1440.86	-614.5714	-606.1035	0.7021314
1440.87	-614.4662	-606.1018	0.7022735
1440.88	-614.361	-606.1002	0.7024153
1440.89	-614.2559	-606.0987	0.702557
1440.9	-614.1507	-606.0972	0.7026986
1440.91	-614.0455	-606.0957	0.70284
1440.92	-613.9404	-606.0943	0.7029812
1440.93	-613.8353	-606.0929	0.7031223
1440.94	-613.7302	-606.0916	0.7032632
1440.95	-613.6251	-606.0902	0.7034041
1440.96	-613.52	-606.0889	0.7035447
1440.97	-613.415	-606.0877	0.7036853
1440.98	-613.3099	-606.0865	0.7038258
1440.99	-613.2049	-606.0854	0.7039661
1441	-613.0999	-606.0843	0.7041065
1441.01	-612.9948	-606.0833	0.7042466
1441.02	-612.8898	-606.0822	0.7043869
1441.03	-612.7849	-606.0812	0.704527
1441.04	-612.6799	-606.0803	0.7046673
1441.05	-612.5749	-606.0794	0.7048076
1441.06	-612.4699	-606.0786	0.7049479
1441.07	-612.365	-606.0778	0.7050886
1441.08	-612.2601	-606.077	0.7052298
1441.09	-612.1552	-606.0762	0.7053714
1441.1	-612.0502	-606.0755	0.7055134
1441.11	-611.9453	-606.0748	0.7056558
1441.12	-611.8404	-606.0742	0.7057984
1441.13	-611.7355	-606.0737	0.7059416
1441.14	-611.6307	-606.0732	0.7060854
1441.15	-611.5258	-606.0727	0.7062297
1441.16	-611.421	-606.0723	0.7063746
1441.17	-611.3161	-606.0719	0.7065197
1441.18	-611.2113	-606.0715	0.7066655
1441.19	-611.1065	-606.0712	0.7068117
1441.2	-611.0017	-606.071	0.7069583
1441.21	-610.8969	-606.0708	0.7071053
1441.22	-610.7922	-606.0706	0.7072526
1441.23	-610.6874	-606.0705	0.7074004
1441.24	-610.5827	-606.0704	0.7075484
1441.25	-610.478	-606.0704	0.7076967
1441.26	-610.3733	-606.0704	0.7078453
1441.27	-610.2686	-606.0704	0.7079942
1441.28	-610.1639	-606.0705	0.7081432
1441.29	-610.0593	-606.0706	0.7082925
1441.3	-609.9547	-606.0708	0.708442
1441.31	-609.85	-606.071	0.7085917
1441.32	-609.7454	-606.0713	0.7087415
1441.33	-609.6408	-606.0716	0.7088915
1441.34	-609.5363	-606.072	0.7090416
1441.35	-609.4317	-606.0724	0.7091918
1441.36	-609.3271	-606.0728	0.7093421
1441.37	-609.2226	-606.0733	0.7094926
1441.38	-609.1181	-606.0739	0.7096431
1441.39	-609.0136	-606.0744	0.7097937
1441.4	-608.9091	-606.075	0.7099443
1441.41	-608.8046	-606.0757	0.710095
1441.42	-608.7001	-606.0764	0.7102458
1441.43	-608.5957	-606.0771	0.7103966
1441.44	-608.4913	-606.0779	0.7105476
1441.45	-608.3868	-606.0788	0.7106985
1441.46	-608.2824	-606.0797	0.7108494
1441.47	-608.178	-606.0806	0.7110003
1441.48	-608.0736	-606.0815	0.7111507
1441.49	-607.9692	-606.0826	0.7113006
1441.5	-607.8649	-606.0836	0.7114499
1441.51	-607.7605	-606.0847	0.7115988
1441.52	-607.6561	-606.0859	0.7117472
1441.53	-607.5518	-606.087	0.7118942
1441.54	-607.4475	-606.0883	0.7120398
1441.55	-607.3432	-606.0895	0.7121841
1441.56	-607.2389	-606.0908	0.7123273
1441.57	-607.1346	-606.0922	0.7124694
1441.58	-607.0304	-606.0936	0.7126095
1441.59	-606.9261	-606.095	0.7127478
1441.6	-606.8219	-606.0964	0.7128844
1441.61	-606.7177	-606.0978	0.7130194
1441.62	-606.6135	-606.0994	0.7131528
1441.63	-606.5093	-606.101	0.7132842
1441.64	-606.4052	-606.1025	0.7134137
1441.65	-606.301	-606.1042	0.7135412
1441.66	-606.1969	-606.1058	0.7136671
1441.67	-606.0928	-606.1075	0.7137908
1441.68	-605.9886	-606.1093	0.7139127
1441.69	-605.8846	-606.111	0.7140328
1441.7	-605.7805	-606.1129	0.7141513
1441.71	-605.6765	-606.1147	0.7142681
1441.72	-605.5724	-606.1166	0.7143835
1441.73	-605.4684	-606.1185	0.7144976
1441.74	-605.3644	-606.1204	0.7146102
1441.75	-605.2604	-606.1224	0.7147215
1441.76	-605.1564	-606.1245	0.7148316
1441.77	-605.0524	-606.1265	0.7149407
1441.78	-604.9484	-606.1285	0.7150486
1441.79	-604.8445	-606.1307	0.7151557
1441.8	-604.7405	-606.1328	0.7152618
1441.81	-604.6366	-606.135	0.715367
1441.82	-604.5327	-606.1373	0.7154714
1441.83	-604.4288	-606.1395	0.715575
1441.84	-604.325	-606.1418	0.715678
1441.85	-604.2211	-606.1441	0.7157803
1441.86	-604.1172	-606.1465	0.715882
1441.87	-604.0134	-606.1488	0.7159832
1441.88	-603.9095	-606.1512	0.7160836
1441.89	-603.8057	-606.1537	0.7161837
1441.9	-603.7019	-606.1561	0.7162833
1441.91	-603.5981	-606.1586	0.7163824
1441.92	-603.4943	-606.1612	0.7164811
1441.93	-603.3906	-606.1638	0.7165795
1441.94	-603.2868	-606.1664	0.7166774
1441.95	-603.183	-606.1691	0.7167751
1441.96	-603.0793	-606.1717	0.7168723
1441.97	-602.9756	-606.1744	0.7169694
1441.98	-602.8719	-606.1772	0.717066
1441.99	-602.7682	-606.1799	0.7171624
1442	-602.6647	-606.1827	0.7172587
1442.01	-602.561	-606.1855	0.7173546
1442.02	-602.4574	-606.1884	0.7174503
1442.03	-602.3538	-606.1913	0.7175459
1442.04	-602.2501	-606.1942	0.7176411
1442.05	-602.1465	-606.1972	0.7177362
1442.06	-602.0429	-606.2002	0.7178312
1442.07	-601.9393	-606.2032	0.717926
1442.08	-601.8358	-606.2062	0.7180205
1442.09	-601.7322	-606.2094	0.718115
1442.1	-601.6286	-606.2124	0.7182094
1442.11	-601.5251	-606.2156	0.7183036
1442.12	-601.4216	-606.2187	0.7183976
1442.13	-601.3181	-606.2219	0.7184916
1442.14	-601.2145	-606.2252	0.7185854
1442.15	-601.111	-606.2283	0.718679
1442.16	-601.0075	-606.2316	0.7187725
1442.17	-600.904	-606.2349	0.7188661
1442.18	-600.8005	-606.2382	0.7189591
1442.19	-600.6971	-606.2416	0.7190518
1442.2	-600.5936	-606.245	0.7191442
1442.21	-600.4902	-606.2484	0.7192362
1442.22	-600.3867	-606.2518	0.719328
1442.23	-600.2833	-606.2552	0.7194188
1442.24	-600.1799	-606.2588	0.7195089
1442.25	-600.0765	-606.2623	0.7195984
1442.26	-599.9731	-606.2658	0.7196871
1442.27	-599.8698	-606.2694	0.7197745
1442.28	-599.7665	-606.2729	0.7198606
1442.29	-599.6631	-606.2766	0.7199455
1442.3	-599.5598	-606.2802	0.7200293
1442.31	-599.4565	-606.2839	0.7201121
1442.32	-599.3531	-606.2876	0.7201939
1442.33	-599.2498	-606.2913	0.7202739
1442.34	-599.1465	-606.295	0.7203521
1442.35	-599.0432	-606.2988	0.7204286
1442.36	-598.9399	-606.3026	0.7205036
1442.37	-598.8366	-606.3063	0.7205766
1442.38	-598.7333	-606.3102	0.7206478
1442.39	-598.6301	-606.314	0.7207173
1442.4	-598.5268	-606.3179	0.7207851
1442.41	-598.4235	-606.3217	0.7208514
1442.42	-598.3203	-606.3256	0.7209162
1442.43	-598.2171	-606.3295	0.7209794
1442.44	-598.1139	-606.3334	0.7210413
1442.45	-598.0107	-606.3374	0.7211019
1442.46	-597.9075	-606.3413	0.7211614
1442.47	-597.8043	-606.3453	0.7212196
1442.48	-597.701	-606.3493	0.7212769
1442.49	-597.5978	-606.3533	0.7213332
1442.5	-597.4946	-606.3574	0.7213886
1442.51	-597.3914	-606.3614	0.7214432
1442.52	-597.2883	-606.3654	0.7214968
1442.53	-597.1852	-606.3696	0.7215498
1442.54	-597.082	-606.3737	0.7216021
1442.55	-596.9789	-606.3777	0.7216537
1442.56	-596.8757	-606.382	0.7217047
1442.57	-596.7726	-606.3861	0.7217551
1442.58	-596.6695	-606.3903	0.721805
1442.59	-596.5664	-606.3945	0.7218544
1442.6	-596.4633	-606.3987	0.7219034
1442.61	-596.3602	-606.403	0.7219518
1442.62	-596.2571	-606.4072	0.722
1442.63	-596.1541	-606.4114	0.7220477
1442.64	-596.051	-606.4157	0.722095
1442.65	-595.9479	-606.42	0.722142
1442.66	-595.8448	-606.4243	0.7221887
1442.67	-595.7418	-606.4286	0.7222349
1442.68	-595.6387	-606.433	0.722281
1442.69	-595.5357	-606.4374	0.7223269
1442.7	-595.4327	-606.4417	0.7223725
1442.71	-595.3297	-606.4462	0.7224178
1442.72	-595.2267	-606.4506	0.722463
1442.73	-595.1237	-606.455	0.7225079
1442.74	-595.0207	-606.4594	0.7225526
1442.75	-594.9177	-606.4639	0.7225972
1442.76	-594.8148	-606.4683	0.7226416
1442.77	-594.7118	-606.4728	0.7226859
1442.78	-594.6088	-606.4773	0.72273
1442.79	-594.5059	-606.4818	0.7227739
1442.8	-594.4029	-606.4863	0.7228177
1442.81	-594.2999	-606.4909	0.7228615
1442.82	-594.197	-606.4954	0.7229051
1442.83	-594.0941	-606.5	0.7229486
1442.84	-593.9911	-606.5046	0.7229919
1442.85	-593.8882	-606.5092	0.7230352
1442.86	-593.7853	-606.5138	0.7230784
1442.87	-593.6824	-606.5184	0.7231216
1442.88	-593.5795	-606.5231	0.7231649
1442.89	-593.4766	-606.5277	0.7232081
1442.9	-593.3737	-606.5323	0.7232514
1442.91	-593.2708	-606.537	0.7232946
1442.92	-593.168	-606.5417	0.7233379
1442.93	-593.0651	-606.5464	0.7233813
1442.94	-592.9623	-606.5511	0.7234248
1442.95	-592.8594	-606.5559	0.7234684
1442.96	-592.7566	-606.5607	0.7235119
1442.97	-592.6537	-606.5654	0.7235555
1442.98	-592.5509	-606.5703	0.723599
1442.99	-592.4481	-606.575	0.7236425
1443	-592.3452	-606.5798	0.723686
1443.01	-592.2424	-606.5847	0.7237294
1443.02	-592.1396	-606.5895	0.7237725
1443.03	-592.0368	-606.5943	0.7238153
1443.04	-591.934	-606.5991	0.7238578
1443.05	-591.8312	-606.604	0.7238999
1443.06	-591.7285	-606.6089	0.7239418
1443.07	-591.6257	-606.6138	0.7239829
1443.08	-591.5229	-606.6187	0.7240233
1443.09	-591.4201	-606.6236	0.724063
1443.1	-591.3173	-606.6285	0.724102
1443.11	-591.2145	-606.6334	0.7241404
1443.12	-591.1118	-606.6384	0.7241783
1443.13	-591.009	-606.6434	0.7242147
1443.14	-590.9063	-606.6483	0.72425
1443.15	-590.8036	-606.6533	0.7242841
1443.16	-590.7009	-606.6583	0.7243171
1443.17	-590.5981	-606.6632	0.7243491
1443.18	-590.4954	-606.6682	0.7243795
1443.19	-590.3927	-606.6732	0.7244084
1443.2	-590.29	-606.6782	0.724436
1443.21	-590.1873	-606.6833	0.7244623
1443.22	-590.0846	-606.6883	0.7244868
1443.23	-589.9819	-606.6933	0.7245098
1443.24	-589.8793	-606.6983	0.7245314
1443.25	-589.7766	-606.7033	0.7245516
1443.26	-589.674	-606.7083	0.7245705
1443.27	-589.5713	-606.7133	0.7245882
1443.28	-589.4686	-606.7184	0.7246045
1443.29	-589.366	-606.7235	0.7246197
1443.3	-589.2633	-606.7286	0.7246338
1443.31	-589.1606	-606.7336	0.7246467
1443.32	-589.058	-606.7387	0.7246588
1443.33	-588.9554	-606.7438	0.7246699
1443.34	-588.8529	-606.7488	0.7246801
1443.35	-588.7503	-606.7539	0.7246895
1443.36	-588.6477	-606.759	0.7246982
1443.37	-588.5451	-606.764	0.7247061
1443.38	-588.4425	-606.7691	0.7247133
1443.39	-588.3399	-606.7742	0.7247199
1443.4	-588.2373	-606.7792	0.724726
1443.41	-588.1347	-606.7844	0.7247314
1443.42	-588.0322	-606.7895	0.7247365
1443.43	-587.9296	-606.7946	0.7247409
1443.44	-587.8271	-606.7997	0.724745
1443.45	-587.7245	-606.8049	0.7247486
1443.46	-587.622	-606.8101	0.7247518
1443.47	-587.5195	-606.8152	0.7247545
1443.48	-587.4169	-606.8203	0.7247567
1443.49	-587.3144	-606.8254	0.7247585
1443.5	-587.2119	-606.8306	0.7247599
1443.51	-587.1093	-606.8357	0.7247609
1443.52	-587.0068	-606.8408	0.7247608
1443.53	-586.9044	-606.8459	0.7247597
1443.54	-586.8019	-606.8511	0.7247576
1443.55	-586.6994	-606.8562	0.7247546
1443.56	-586.5969	-606.8613	0.7247508
1443.57	-586.4944	-606.8664	0.7247462
1443.58	-586.392	-606.8715	0.7247391
1443.59	-586.2895	-606.8766	0.7247297
1443.6	-586.187	-606.8818	0.7247182
1443.61	-586.0845	-606.8869	0.7247047
1443.62	-585.9821	-606.892	0.7246878
1443.63	-585.8796	-606.8971	0.7246676
1443.64	-585.7771	-606.9022	0.7246444
1443.65	-585.6746	-606.9072	0.7246184
1443.66	-585.5721	-606.9122	0.7245898
1443.67	-585.4697	-606.9173	0.724557
1443.68	-585.3673	-606.9223	0.7245204
1443.69	-585.2649	-606.9273	0.7244802
1443.7	-585.1625	-606.9323	0.7244367
1443.71	-585.0601	-606.9373	0.72439
1443.72	-584.9576	-606.9423	0.7243392
1443.73	-584.8552	-606.9471	0.7242848
1443.74	-584.7528	-606.9521	0.7242268
1443.75	-584.6504	-606.957	0.7241655
1443.76	-584.548	-606.9619	0.7241011
1443.77	-584.4456	-606.9667	0.7240334
1443.78	-584.3433	-606.9716	0.7239625
1443.79	-584.2409	-606.9764	0.7238888
1443.8	-584.1385	-606.9812	0.7238124
1443.81	-584.0362	-606.986	0.7237335
1443.82	-583.9338	-606.9908	0.7236522
1443.83	-583.8315	-606.9955	0.7235687
1443.84	-583.7291	-607.0002	0.7234832
1443.85	-583.6268	-607.0049	0.7233958
1443.86	-583.5244	-607.0096	0.7233066
1443.87	-583.4221	-607.0143	0.7232158
1443.88	-583.3197	-607.0189	0.7231236
1443.89	-583.2173	-607.0236	0.72303
1443.9	-583.115	-607.0281	0.7229351
1443.91	-583.0126	-607.0328	0.7228389
1443.92	-582.9103	-607.0373	0.7227417
1443.93	-582.808	-607.0418	0.7226434
1443.94	-582.7057	-607.0464	0.7225441
1443.95	-582.6035	-607.0508	0.722444
1443.96	-582.5012	-607.0553	0.722343
1443.97	-582.3989	-607.0597	0.7222412
1443.98	-582.2966	-607.0641	0.7221388
1443.99	-582.1943	-607.0685	0.7220356
1444	-582.092	-607.0729	0.7219318
1444.01	-581.9897	-607.0773	0.7218274
1444.02	-581.8875	-607.0815	0.7217227
1444.03	-581.7852	-607.0858	0.7216176
1444.04	-581.6829	-607.0901	0.7215121
1444.05	-581.5806	-607.0943	0.7214064
1444.06	-581.4783	-607.0985	0.7213004
1444.07	-581.376	-607.1027	0.721194
1444.08	-581.2737	-607.1069	0.7210878
1444.09	-581.1715	-607.111	0.7209818
1444.1	-581.0693	-607.1151	0.7208759
1444.11	-580.967	-607.1191	0.7207701
1444.12	-580.8648	-607.1232	0.7206644
1444.13	-580.7626	-607.1272	0.7205594
1444.14	-580.6603	-607.1312	0.7204548
1444.15	-580.5581	-607.1352	0.7203506
1444.16	-580.4559	-607.1391	0.720247
1444.17	-580.3537	-607.143	0.7201439
1444.18	-580.2515	-607.1469	0.7200414
1444.19	-580.1494	-607.1508	0.7199395
1444.2	-580.0472	-607.1546	0.7198379
1444.21	-579.945	-607.1584	0.7197369
1444.22	-579.8429	-607.1622	0.7196361
1444.23	-579.7408	-607.166	0.7195358
1444.24	-579.6387	-607.1697	0.7194359
1444.25	-579.5366	-607.1734	0.7193363
1444.26	-579.4344	-607.1771	0.7192369
1444.27	-579.3323	-607.1807	0.7191379
1444.28	-579.2302	-607.1843	0.7190391
1444.29	-579.1281	-607.1879	0.7189406
1444.3	-579.026	-607.1915	0.7188424
1444.31	-578.9239	-607.1949	0.7187444
1444.32	-578.8218	-607.1984	0.7186465
1444.33	-578.7198	-607.202	0.7185489
1444.34	-578.6177	-607.2054	0.7184514
1444.35	-578.5157	-607.2088	0.718354
1444.36	-578.4136	-607.2122	0.7182569
1444.37	-578.3116	-607.2156	0.7181599
1444.38	-578.2097	-607.2189	0.718063
1444.39	-578.1077	-607.2222	0.7179663
1444.4	-578.0057	-607.2255	0.7178696
1444.41	-577.9037	-607.2287	0.7177731
1444.42	-577.8017	-607.2319	0.7176768
1444.43	-577.6997	-607.2351	0.7175806
1444.44	-577.5977	-607.2382	0.7174845
1444.45	-577.4957	-607.2414	0.7173886
1444.46	-577.3937	-607.2444	0.7172927
1444.47	-577.2917	-607.2475	0.7171975
1444.48	-577.1898	-607.2506	0.7171029
1444.49	-577.0879	-607.2536	0.7170088
1444.5	-576.986	-607.2567	0.7169152
1444.51	-576.884	-607.2596	0.7168222
1444.52	-576.7821	-607.2625	0.7167306
1444.53	-576.6802	-607.2654	0.7166405
1444.54	-576.5782	-607.2683	0.7165519
1444.55	-576.4763	-607.2712	0.7164645
1444.56	-576.3744	-607.274	0.7163784
1444.57	-576.2725	-607.2769	0.7162933
1444.58	-576.1706	-607.2797	0.7162108
1444.59	-576.0687	-607.2825	0.7161308
1444.6	-575.9669	-607.2853	0.716053
1444.61	-575.865	-607.288	0.7159773
1444.62	-575.7632	-607.2908	0.7159048
1444.63	-575.6614	-607.2935	0.7158353
1444.64	-575.5596	-607.2962	0.7157688
1444.65	-575.4578	-607.2988	0.7157048
1444.66	-575.356	-607.3015	0.7156433
1444.67	-575.2542	-607.3042	0.7155855
1444.68	-575.1523	-607.3068	0.7155309
1444.69	-575.0505	-607.3094	0.7154796
1444.7	-574.9487	-607.3121	0.7154312
1444.71	-574.8469	-607.3146	0.7153854
1444.72	-574.7452	-607.3173	0.7153431
1444.73	-574.6434	-607.3199	0.7153041
1444.74	-574.5417	-607.3224	0.7152678
1444.75	-574.4399	-607.325	0.7152345
1444.76	-574.3382	-607.3275	0.7152038
1444.77	-574.2365	-607.3301	0.715176
1444.78	-574.1347	-607.3326	0.715151
1444.79	-574.033	-607.3352	0.7151284
1444.8	-573.9312	-607.3376	0.7151084
1444.81	-573.8295	-607.3401	0.7150905
1444.82	-573.7277	-607.3427	0.7150747
1444.83	-573.626	-607.3452	0.7150611
1444.84	-573.5244	-607.3477	0.7150493
1444.85	-573.4227	-607.3502	0.7150395
1444.86	-573.321	-607.3527	0.7150313
1444.87	-573.2193	-607.3552	0.7150247
1444.88	-573.1176	-607.3576	0.7150196
1444.89	-573.0159	-607.36	0.7150159
1444.9	-572.9142	-607.3625	0.7150135
1444.91	-572.8126	-607.3649	0.7150124
1444.92	-572.7109	-607.3674	0.7150124
1444.93	-572.6093	-607.3698	0.7150134
1444.94	-572.5077	-607.3723	0.7150155
1444.95	-572.4061	-607.3747	0.7150185
1444.96	-572.3044	-607.3771	0.7150223
1444.97	-572.2028	-607.3796	0.715027
1444.98	-572.1012	-607.382	0.7150324
1444.99	-571.9996	-607.3844	0.7150386
1445	-571.8979	-607.3868	0.7150454
1445.01	-571.7963	-607.3892	0.7150528
1445.02	-571.6948	-607.3915	0.7150609
1445.03	-571.5932	-607.3939	0.7150695
1445.04	-571.4916	-607.3963	0.7150786
1445.05	-571.3901	-607.3987	0.7150882
1445.06	-571.2885	-607.4011	0.7150983
1445.07	-571.187	-607.4034	0.7151088
1445.08	-571.0854	-607.4058	0.7151197
1445.09	-570.9838	-607.4083	0.7151309
1445.1	-570.8823	-607.4106	0.7151425
1445.11	-570.7807	-607.413	0.7151544
1445.12	-570.6792	-607.4154	0.7151667
1445.13	-570.5777	-607.4178	0.7151791
1445.14	-570.4762	-607.4202	0.7151919
1445.15	-570.3747	-607.4225	0.7152049
1445.16	-570.2732	-607.4249	0.7152181
1445.17	-570.1717	-607.4273	0.7152316
1445.18	-570.0703	-607.4297	0.7152454
1445.19	-569.9688	-607.4321	0.7152592
1445.2	-569.8674	-607.4344	0.7152732
1445.21	-569.7659	-607.4369	0.7152874
1445.22	-569.6645	-607.4393	0.7153018
1445.23	-569.563	-607.4417	0.7153164
1445.24	-569.4616	-607.444	0.715331
1445.25	-569.3602	-607.4464	0.7153459
1445.26	-569.2587	-607.4488	0.7153608
1445.27	-569.1573	-607.4512	0.7153758
1445.28	-569.056	-607.4536	0.715391
1445.29	-568.9546	-607.4559	0.7154062
1445.3	-568.8532	-607.4583	0.7154215
1445.31	-568.7518	-607.4608	0.7154369
1445.32	-568.6505	-607.4632	0.7154525
1445.33	-568.5491	-607.4656	0.715468
1445.34	-568.4477	-607.4681	0.7154837
1445.35	-568.3463	-607.4705	0.7154994
1445.36	-568.2449	-607.473	0.7155152
1445.37	-568.1436	-607.4754	0.7155311
1445.38	-568.0422	-607.4778	0.715547
1445.39	-567.9409	-607.4803	0.7155629
1445.4	-567.8396	-607.4828	0.7155789
1445.41	-567.7383	-607.4852	0.7155949
1445.42	-567.637	-607.4877	0.715611
1445.43	-567.5356	-607.4901	0.7156271
1445.44	-567.4343	-607.4926	0.7156433
1445.45	-567.333	-607.495	0.7156595
1445.46	-567.2317	-607.4974	0.7156757
1445.47	-567.1304	-607.4999	0.715692
1445.48	-567.0292	-607.5023	0.7157083
1445.49	-566.9279	-607.5048	0.7157246
1445.5	-566.8267	-607.5073	0.7157409
1445.51	-566.7254	-607.5098	0.7157573
1445.52	-566.6241	-607.5123	0.7157736
1445.53	-566.5229	-607.5148	0.7157899
1445.54	-566.4216	-607.5173	0.7158062
1445.55	-566.3204	-607.5198	0.7158225
1445.56	-566.2191	-607.5223	0.7158388
1445.57	-566.1179	-607.5248	0.7158547
1445.58	-566.0166	-607.5273	0.7158705
1445.59	-565.9153	-607.5299	0.715886
1445.6	-565.8141	-607.5324	0.7159013
1445.61	-565.7128	-607.5349	0.7159165
1445.62	-565.6116	-607.5374	0.7159308
1445.63	-565.5103	-607.5399	0.7159445
1445.64	-565.4091	-607.5424	0.7159575
1445.65	-565.3078	-607.5449	0.7159699
1445.66	-565.2065	-607.5474	0.7159818
1445.67	-565.1053	-607.5499	0.7159922
1445.68	-565.0041	-607.5524	0.7160012
1445.69	-564.9028	-607.5549	0.7160088
1445.7	-564.8016	-607.5574	0.7160153
1445.71	-564.7003	-607.56	0.7160206
1445.72	-564.5991	-607.5625	0.7160237
1445.73	-564.4978	-607.565	0.7160247
1445.74	-564.3965	-607.5675	0.7160237
1445.75	-564.2953	-607.57	0.7160209
1445.76	-564.194	-607.5724	0.7160164
1445.77	-564.0928	-607.575	0.7160092
1445.78	-563.9915	-607.5775	0.7159997
1445.79	-563.8903	-607.58	0.715988
1445.8	-563.789	-607.5825	0.715974
1445.81	-563.6877	-607.585	0.7159582
1445.82	-563.5864	-607.5875	0.7159399
1445.83	-563.4851	-607.59	0.7159194
1445.84	-563.3838	-607.5924	0.7158967
1445.85	-563.2825	-607.5948	0.7158722
1445.86	-563.1812	-607.5972	0.7158458
1445.87	-563.0798	-607.5997	0.7158175
1445.88	-562.9785	-607.6021	0.7157875
1445.89	-562.8772	-607.6046	0.7157558
1445.9	-562.7759	-607.607	0.7157227
1445.91	-562.6745	-607.6094	0.7156882
1445.92	-562.5732	-607.6118	0.7156523
1445.93	-562.4718	-607.6142	0.7156153
1445.94	-562.3704	-607.6166	0.7155771
1445.95	-562.269	-607.6189	0.7155377
1445.96	-562.1677	-607.6213	0.7154974
1445.97	-562.0663	-607.6237	0.7154561
1445.98	-561.9649	-607.626	0.7154139
1445.99	-561.8635	-607.6284	0.7153709
1446	-561.7621	-607.6307	0.7153271
1446.01	-561.6606	-607.6331	0.7152826
1446.02	-561.5592	-607.6353	0.7152374
1446.03	-561.4578	-607.6376	0.7151915
1446.04	-561.3563	-607.64	0.7151451
1446.05	-561.2549	-607.6422	0.7150981
1446.06	-561.1534	-607.6445	0.7150506
1446.07	-561.0519	-607.6468	0.7150025
1446.08	-560.9504	-607.649	0.7149541
1446.09	-560.8489	-607.6512	0.7149051
1446.1	-560.7474	-607.6535	0.7148558
1446.11	-560.6459	-607.6557	0.7148061
1446.12	-560.5444	-607.658	0.7147561
1446.13	-560.4429	-607.6602	0.7147056
1446.14	-560.3414	-607.6623	0.7146549
1446.15	-560.2398	-607.6645	0.7146039
1446.16	-560.1382	-607.6667	0.7145526
1446.17	-560.0367	-607.6688	0.7145011
1446.18	-559.9351	-607.671	0.7144492
1446.19	-559.8336	-607.6731	0.7143972
1446.2	-559.7319	-607.6752	0.714345
1446.21	-559.6303	-607.6773	0.7142925
1446.22	-559.5287	-607.6794	0.7142399
1446.23	-559.4271	-607.6815	0.7141871
1446.24	-559.3254	-607.6835	0.7141341
1446.25	-559.2238	-607.6856	0.714081
1446.26	-559.1221	-607.6876	0.7140277
1446.27	-559.0205	-607.6896	0.7139742
1446.28	-558.9188	-607.6916	0.7139205
1446.29	-558.8171	-607.6936	0.7138664
1446.3	-558.7155	-607.6956	0.7138122
1446.31	-558.6138	-607.6976	0.7137579
1446.32	-558.5121	-607.6995	0.7137027
1446.33	-558.4104	-607.7015	0.7136469
1446.34	-558.3087	-607.7034	0.7135903
1446.35	-558.2069	-607.7053	0.7135332
1446.36	-558.1052	-607.7072	0.7134755
1446.37	-558.0034	-607.709	0.7134162
1446.38	-557.9017	-607.7109	0.7133556
1446.39	-557.7999	-607.7127	0.7132937
1446.4	-557.6981	-607.7145	0.7132305
1446.41	-557.5963	-607.7163	0.7131662
1446.42	-557.4944	-607.7181	0.7130998
1446.43	-557.3926	-607.7198	0.7130315
1446.44	-557.2908	-607.7216	0.7129614
1446.45	-557.189	-607.7233	0.7128897
1446.46	-557.0871	-607.7249	0.7128162
1446.47	-556.9852	-607.7266	0.712741
1446.48	-556.8834	-607.7282	0.7126639
1446.49	-556.7815	-607.7298	0.7125853
1446.5	-556.6796	-607.7314	0.712505
1446.51	-556.5776	-607.733	0.7124235
1446.52	-556.4757	-607.7346	0.7123405
1446.53	-556.3738	-607.736	0.7122564
1446.54	-556.2719	-607.7375	0.7121711
1446.55	-556.1699	-607.739	0.7120847
1446.56	-556.0679	-607.7405	0.7119973
1446.57	-555.966	-607.7419	0.7119095
1446.58	-555.864	-607.7433	0.7118213
1446.59	-555.762	-607.7447	0.7117326
1446.6	-555.66	-607.746	0.7116437
1446.61	-555.558	-607.7474	0.7115543
1446.62	-555.4559	-607.7487	0.7114646
1446.63	-555.3539	-607.75	0.7113757
1446.64	-555.2518	-607.7513	0.7112872
1446.65	-555.1498	-607.7526	0.7111992
1446.66	-555.0477	-607.7538	0.7111117
1446.67	-554.9457	-607.7551	0.7110252
1446.68	-554.8436	-607.7563	0.7109398
1446.69	-554.7415	-607.7574	0.7108552
1446.7	-554.6393	-607.7586	0.7107716
1446.71	-554.5372	-607.7598	0.7106887
1446.72	-554.4351	-607.7609	0.7106071
1446.73	-554.333	-607.762	0.7105267
1446.74	-554.2308	-607.7631	0.7104474
1446.75	-554.1287	-607.7642	0.7103692
1446.76	-554.0265	-607.7652	0.710292
1446.77	-553.9243	-607.7662	0.7102161
1446.78	-553.8221	-607.7672	0.7101415
1446.79	-553.7199	-607.7682	0.7100681
1446.8	-553.6177	-607.7692	0.7099957
1446.81	-553.5154	-607.7701	0.7099244
1446.82	-553.4132	-607.7711	0.709854
1446.83	-553.311	-607.772	0.7097849
1446.84	-553.2087	-607.7728	0.7097169
1446.85	-553.1064	-607.7737	0.70965
1446.86	-553.0041	-607.7745	0.709584
1446.87	-552.9018	-607.7754	0.709519
1446.88	-552.7995	-607.7762	0.7094551
1446.89	-552.6972	-607.777	0.7093923
1446.9	-552.5948	-607.7778	0.7093305
1446.91	-552.4925	-607.7786	0.7092696
1446.92	-552.3901	-607.7794	0.70921
1446.93	-552.2878	-607.7801	0.7091514
1446.94	-552.1854	-607.7808	0.7090938
1446.95	-552.083	-607.7815	0.7090372
1446.96	-551.9806	-607.7822	0.7089815
1446.97	-551.8782	-607.7828	0.7089271
1446.98	-551.7758	-607.7835	0.7088739
1446.99	-551.6733	-607.7841	0.7088217
1447	-551.5709	-607.7848	0.7087705
1447.01	-551.4684	-607.7854	0.7087204
1447.02	-551.3659	-607.7859	0.7086715
1447.03	-551.2634	-607.7866	0.7086239
1447.04	-551.1609	-607.7872	0.7085775
1447.05	-551.0585	-607.7877	0.7085322
1447.06	-550.9559	-607.7882	0.7084877
1447.07	-550.8535	-607.7888	0.7084448
1447.08	-550.7509	-607.7893	0.7084032
1447.09	-550.6484	-607.7898	0.7083626
1447.1	-550.5458	-607.7903	0.7083232
1447.11	-550.4432	-607.7908	0.708285
1447.12	-550.3407	-607.7913	0.708248
1447.13	-550.2381	-607.7917	0.7082123
1447.14	-550.1355	-607.7922	0.7081776
1447.15	-550.0329	-607.7926	0.7081441
1447.16	-549.9302	-607.793	0.7081117
1447.17	-549.8276	-607.7934	0.7080801
1447.18	-549.7249	-607.7938	0.7080497
1447.19	-549.6223	-607.7943	0.7080204
1447.2	-549.5196	-607.7946	0.7079923
1447.21	-549.4169	-607.795	0.7079651
1447.22	-549.3142	-607.7953	0.7079389
1447.23	-549.2115	-607.7957	0.7079137
1447.24	-549.1088	-607.796	0.7078894
1447.25	-549.0061	-607.7964	0.707866
1447.26	-548.9034	-607.7968	0.7078434
1447.27	-548.8006	-607.7971	0.7078216
1447.28	-548.6979	-607.7974	0.7078005
1447.29	-548.5951	-607.7976	0.7077801
1447.3	-548.4923	-607.7979	0.7077604
1447.31	-548.3895	-607.7982	0.7077412
1447.32	-548.2867	-607.7985	0.7077227
1447.33	-548.184	-607.7988	0.7077046
1447.34	-548.0812	-607.7991	0.7076871
1447.35	-547.9783	-607.7993	0.70767
1447.36	-547.8755	-607.7996	0.7076533
1447.37	-547.7726	-607.7998	0.7076371
1447.38	-547.6698	-607.8	0.7076212
1447.39	-547.567	-607.8002	0.7076057
1447.4	-547.4641	-607.8005	0.7075905
1447.41	-547.3611	-607.8007	0.7075757
1447.42	-547.2582	-607.801	0.7075611
1447.43	-547.1553	-607.8011	0.7075468
1447.44	-547.0524	-607.8013	0.7075328
1447.45	-546.9495	-607.8015	0.7075189
1447.46	-546.8465	-607.8017	0.7075053
1447.47	-546.7435	-607.8019	0.707492
1447.48	-546.6406	-607.802	0.7074789
1447.49	-546.5376	-607.8022	0.7074661
1447.5	-546.4346	-607.8024	0.7074534
1447.51	-546.3315	-607.8026	0.707441
1447.52	-546.2285	-607.8027	0.7074288
1447.53	-546.1255	-607.8029	0.7074168
1447.54	-546.0225	-607.803	0.707405
1447.55	-545.9194	-607.8032	0.7073934
1447.56	-545.8163	-607.8033	0.707382
1447.57	-545.7133	-607.8034	0.7073708
1447.58	-545.6102	-607.8035	0.7073597
1447.59	-545.5071	-607.8036	0.7073488
1447.6	-545.4041	-607.8038	0.7073381
1447.61	-545.3009	-607.8038	0.7073274
1447.62	-545.1978	-607.804	0.7073169
1447.63	-545.0946	-607.8041	0.7073066
1447.64	-544.9915	-607.8042	0.7072964
1447.65	-544.8883	-607.8043	0.7072862
1447.66	-544.7851	-607.8044	0.7072763
1447.67	-544.6819	-607.8045	0.7072664
1447.68	-544.5787	-607.8046	0.7072566
1447.69	-544.4755	-607.8046	0.7072468
1447.7	-544.3723	-607.8047	0.7072373
1447.71	-544.2691	-607.8047	0.7072277
1447.72	-544.1659	-607.8048	0.7072182
1447.73	-544.0626	-607.8049	0.7072089
1447.74	-543.9594	-607.8049	0.7071995
1447.75	-543.8561	-607.805	0.7071903
1447.76	-543.7528	-607.805	0.707181
1447.77	-543.6495	-607.8051	0.7071719
1447.78	-543.5462	-607.8051	0.7071628
1447.79	-543.4429	-607.8052	0.7071537
1447.8	-543.3395	-607.8052	0.7071447
1447.81	-543.2362	-607.8053	0.7071357
1447.82	-543.1328	-607.8054	0.7071267
1447.83	-543.0295	-607.8054	0.7071179
1447.84	-542.9261	-607.8055	0.707109
1447.85	-542.8227	-607.8055	0.7071002
1447.86	-542.7193	-607.8055	0.7070913
1447.87	-542.6159	-607.8055	0.7070826
1447.88	-542.5125	-607.8055	0.7070737
1447.89	-542.4091	-607.8055	0.707065
1447.9	-542.3056	-607.8055	0.7070563
1447.91	-542.2021	-607.8055	0.7070476
1447.92	-542.0987	-607.8055	0.7070389
1447.93	-541.9952	-607.8054	0.7070303
1447.94	-541.8918	-607.8054	0.7070217
1447.95	-541.7883	-607.8054	0.707013
1447.96	-541.6848	-607.8054	0.7070044
1447.97	-541.5812	-607.8054	0.7069958
1447.98	-541.4777	-607.8054	0.7069872
1447.99	-541.3742	-607.8054	0.7069786
1448	-541.2706	-607.8054	0.7069701
1448.01	-541.1671	-607.8054	0.7069616
1448.02	-541.0635	-607.8054	0.706953
1448.03	-540.9599	-607.8054	0.7069445
1448.04	-540.8563	-607.8054	0.706936
1448.05	-540.7527	-607.8054	0.7069275
1448.06	-540.649	-607.8054	0.706919
1448.07	-540.5454	-607.8053	0.7069106
1448.08	-540.4418	-607.8052	0.706902
1448.09	-540.3381	-607.8052	0.7068935
1448.1	-540.2345	-607.8051	0.7068851
1448.11	-540.1308	-607.805	0.7068766
1448.12	-540.0272	-607.8049	0.7068681
1448.13	-539.9235	-607.8049	0.7068596
1448.14	-539.8198	-607.8048	0.7068512
1448.15	-539.7161	-607.8047	0.7068427
1448.16	-539.6123	-607.8047	0.7068342
1448.17	-539.5086	-607.8046	0.7068258
1448.18	-539.4048	-607.8046	0.7068173
1448.19	-539.3011	-607.8045	0.7068089
1448.2	-539.1973	-607.8044	0.7068005
1448.21	-539.0935	-607.8044	0.7067921
1448.22	-538.9897	-607.8043	0.7067837
1448.23	-538.8859	-607.8043	0.7067753
1448.24	-538.782	-607.8042	0.7067669
1448.25	-538.6782	-607.8041	0.7067584
1448.26	-538.5744	-607.8041	0.70675
1448.27	-538.4706	-607.804	0.7067416
1448.28	-538.3668	-607.804	0.7067332
1448.29	-538.2629	-607.8038	0.7067249
1448.3	-538.1591	-607.8036	0.7067166
1448.31	-538.0554	-607.8035	0.7067083
1448.32	-537.9516	-607.8034	0.7067
1448.33	-537.8478	-607.8033	0.7066918
1448.34	-537.7441	-607.8032	0.7066836
1448.35	-537.6403	-607.803	0.7066754
1448.36	-537.5366	-607.8029	0.7066672
1448.37	-537.4329	-607.8028	0.706659
1448.38	-537.3292	-607.8027	0.7066509
1448.39	-537.2255	-607.8026	0.7066429
1448.4	-537.1219	-607.8024	0.7066348
1448.41	-537.0182	-607.8023	0.7066267
1448.42	-536.9146	-607.8022	0.7066186
1448.43	-536.811	-607.8021	0.7066109
1448.44	-536.7074	-607.8019	0.7066033
1448.45	-536.6038	-607.8018	0.706596
1448.46	-536.5002	-607.8017	0.706589
1448.47	-536.3967	-607.8016	0.7065829
1448.48	-536.2932	-607.8014	0.7065777
1448.49	-536.1896	-607.8013	0.7065733
1448.5	-536.0861	-607.8011	0.7065696
1448.51	-535.9826	-607.801	0.7065666
1448.52	-535.8792	-607.8009	0.7065659
1448.53	-535.7757	-607.8008	0.7065672
1448.54	-535.6722	-607.8007	0.7065705
1448.55	-535.5688	-607.8005	0.7065756
1448.56	-535.4653	-607.8005	0.7065823
1448.57	-535.3619	-607.8004	0.7065907
1448.58	-535.2585	-607.8002	0.7066025
1448.59	-535.1551	-607.8002	0.7066174
1448.6	-535.0517	-607.8001	0.7066354
1448.61	-534.9483	-607.8	0.7066562
1448.62	-534.8449	-607.8	0.7066796
1448.63	-534.7416	-607.7999	0.7067065
1448.64	-534.6382	-607.7999	0.7067366
1448.65	-534.5349	-607.7999	0.7067698
1448.66	-534.4316	-607.7999	0.7068058
1448.67	-534.3283	-607.7999	0.7068446
1448.68	-534.225	-607.7999	0.7068862
1448.69	-534.1218	-607.7999	0.7069303
1448.7	-534.0185	-607.7999	0.7069766
1448.71	-533.9152	-607.8	0.7070252
1448.72	-533.812	-607.8001	0.7070758
1448.73	-533.7088	-607.8002	0.7071282
1448.74	-533.6056	-607.8002	0.7071823
1448.75	-533.5024	-607.8004	0.7072381
1448.76	-533.3992	-607.8005	0.7072953
1448.77	-533.296	-607.8007	0.7073534
1448.78	-533.1929	-607.8008	0.7074124
1448.79	-533.0897	-607.8009	0.707472
1448.8	-532.9866	-607.8011	0.7075325
1448.81	-532.8834	-607.8013	0.7075936
1448.82	-532.7803	-607.8015	0.7076554
1448.83	-532.6772	-607.8017	0.7077167
1448.84	-532.5741	-607.8019	0.7077777
1448.85	-532.471	-607.8021	0.7078384
1448.86	-532.3679	-607.8023	0.7078987
1448.87	-532.2649	-607.8026	0.7079589
1448.88	-532.1619	-607.8029	0.7080177
1448.89	-532.0588	-607.8031	0.7080756
1448.9	-531.9558	-607.8034	0.7081324
1448.91	-531.8528	-607.8036	0.7081883
1448.92	-531.7499	-607.804	0.7082427
1448.93	-531.6469	-607.8043	0.7082955
1448.94	-531.5439	-607.8046	0.708347
1448.95	-531.441	-607.8049	0.7083973
1448.96	-531.3381	-607.8052	0.7084464
1448.97	-531.2352	-607.8055	0.7084939
1448.98	-531.1323	-607.8059	0.70854
1448.99	-531.0294	-607.8062	0.7085847
1449	-530.9266	-607.8066	0.7086282
1449.01	-530.8237	-607.8069	0.7086704
1449.02	-530.7209	-607.8074	0.7087114
1449.03	-530.618	-607.8077	0.708751
1449.04	-530.5153	-607.8081	0.7087893
1449.05	-530.4125	-607.8085	0.7088265
1449.06	-530.3097	-607.809	0.7088627
1449.07	-530.2069	-607.8094	0.7088977
1449.08	-530.1042	-607.8098	0.7089318
1449.09	-530.0015	-607.8102	0.7089649
1449.1	-529.8987	-607.8107	0.7089971
1449.11	-529.796	-607.8112	0.7090285
1449.12	-529.6934	-607.8116	0.7090591
1449.13	-529.5907	-607.8121	0.7090889
1449.14	-529.488	-607.8126	0.7091181
1449.15	-529.3854	-607.8131	0.7091467
1449.16	-529.2827	-607.8136	0.7091746
1449.17	-529.1801	-607.8141	0.7092019
1449.18	-529.0774	-607.8146	0.7092287
1449.19	-528.9747	-607.8151	0.709255
1449.2	-528.8721	-607.8157	0.7092809
1449.21	-528.7694	-607.8163	0.7093064
1449.22	-528.6667	-607.8168	0.7093314
1449.23	-528.5641	-607.8174	0.709356
1449.24	-528.4615	-607.8179	0.7093803
1449.25	-528.3589	-607.8185	0.7094042
1449.26	-528.2562	-607.8191	0.7094279
1449.27	-528.1536	-607.8198	0.7094513
1449.28	-528.051	-607.8204	0.7094743
1449.29	-527.9483	-607.821	0.709497
1449.3	-527.8456	-607.8216	0.7095196
1449.31	-527.743	-607.8222	0.7095419
1449.32	-527.6403	-607.8228	0.7095639
1449.33	-527.5376	-607.8235	0.7095858
1449.34	-527.4349	-607.8242	0.7096075
1449.35	-527.3322	-607.8249	0.7096289
1449.36	-527.2294	-607.8256	0.7096503
1449.37	-527.1267	-607.8262	0.7096714
1449.38	-527.0239	-607.8269	0.7096924
1449.39	-526.9211	-607.8276	0.7097132
1449.4	-526.8184	-607.8282	0.709734
1449.41	-526.7156	-607.829	0.7097546
1449.42	-526.6127	-607.8298	0.709775
1449.43	-526.5099	-607.8305	0.7097952
1449.44	-526.407	-607.8312	0.7098152
1449.45	-526.3042	-607.832	0.709835
1449.46	-526.2013	-607.8327	0.7098545
1449.47	-526.0984	-607.8334	0.7098735
1449.48	-525.9955	-607.8342	0.7098919
1449.49	-525.8926	-607.835	0.7099098
1449.5	-525.7897	-607.8357	0.7099272
1449.51	-525.6868	-607.8365	0.7099441
1449.52	-525.5838	-607.8373	0.7099599
1449.53	-525.4808	-607.8381	0.7099746
1449.54	-525.3779	-607.8389	0.7099884
1449.55	-525.2748	-607.8397	0.7100011
1449.56	-525.1718	-607.8405	0.710013
1449.57	-525.0688	-607.8412	0.7100229
1449.58	-524.9658	-607.842	0.7100308
1449.59	-524.8627	-607.8428	0.7100369
1449.6	-524.7596	-607.8437	0.7100413
1449.61	-524.6566	-607.8445	0.7100443
1449.62	-524.5535	-607.8453	0.7100443
1449.63	-524.4504	-607.8461	0.7100416
1449.64	-524.3472	-607.8468	0.7100364
1449.65	-524.2441	-607.8476	0.7100289
1449.66	-524.1409	-607.8484	0.7100191
1449.67	-524.0378	-607.8491	0.7100061
1449.68	-523.9346	-607.8499	0.70999
1449.69	-523.8314	-607.8506	0.709971
1449.7	-523.7281	-607.8513	0.7099494
1449.71	-523.6249	-607.8521	0.7099254
1449.72	-523.5216	-607.8528	0.7098979
1449.73	-523.4183	-607.8535	0.7098673
1449.74	-523.3151	-607.8542	0.7098337
1449.75	-523.2117	-607.8549	0.7097974
1449.76	-523.1084	-607.8555	0.7097586
1449.77	-523.0051	-607.8561	0.7097166
1449.78	-522.9017	-607.8568	0.7096717
1449.79	-522.7983	-607.8575	0.7096241
1449.8	-522.6949	-607.8581	0.7095739
1449.81	-522.5916	-607.8587	0.7095212
1449.82	-522.4882	-607.8593	0.709466
1449.83	-522.3847	-607.8599	0.7094085
1449.84	-522.2813	-607.8605	0.7093486
1449.85	-522.1778	-607.861	0.7092866
1449.86	-522.0743	-607.8616	0.7092226
1449.87	-521.9708	-607.8621	0.7091568
1449.88	-521.8672	-607.8626	0.7090892
1449.89	-521.7637	-607.8632	0.70902
1449.9	-521.6602	-607.8636	0.7089492
1449.91	-521.5566	-607.8641	0.708877
1449.92	-521.453	-607.8645	0.7088034
1449.93	-521.3494	-607.865	0.7087286
1449.94	-521.2458	-607.8654	0.7086524
1449.95	-521.1422	-607.8658	0.7085753
1449.96	-521.0385	-607.8661	0.7084971
1449.97	-520.9348	-607.8665	0.7084179
1449.98	-520.8311	-607.8668	0.7083377
1449.99	-520.7274	-607.8672	0.7082568
1450	-520.6237	-607.8675	0.7081749
1450.01	-520.5199	-607.8678	0.7080924
1450.02	-520.4161	-607.868	0.7080092
1450.03	-520.3124	-607.8683	0.7079254
1450.04	-520.2086	-607.8685	0.707841
1450.05	-520.1047	-607.8687	0.7077561
1450.06	-520.0009	-607.869	0.7076707
1450.07	-519.897	-607.8691	0.707585
1450.08	-519.7932	-607.8693	0.7074993
1450.09	-519.6893	-607.8694	0.7074134
1450.1	-519.5853	-607.8694	0.7073273
1450.11	-519.4814	-607.8696	0.7072411
1450.12	-519.3774	-607.8696	0.7071552
1450.13	-519.2735	-607.8697	0.7070696
1450.14	-519.1695	-607.8697	0.7069842
1450.15	-519.0655	-607.8698	0.7068992
1450.16	-518.9614	-607.8697	0.7068144
1450.17	-518.8574	-607.8697	0.7067302
1450.18	-518.7534	-607.8696	0.7066467
1450.19	-518.6493	-607.8695	0.7065638
1450.2	-518.5452	-607.8694	0.7064814
1450.21	-518.441	-607.8693	0.7063994
1450.22	-518.3369	-607.8692	0.7063181
1450.23	-518.2327	-607.869	0.7062377
1450.24	-518.1285	-607.8689	0.7061583
1450.25	-518.0244	-607.8687	0.7060798
1450.26	-517.9201	-607.8685	0.7060021
1450.27	-517.8159	-607.8682	0.7059253
1450.28	-517.7116	-607.868	0.7058496
1450.29	-517.6074	-607.8677	0.7057753
1450.3	-517.5031	-607.8675	0.7057019
1450.31	-517.3987	-607.8672	0.7056296
1450.32	-517.2944	-607.8669	0.7055583
1450.33	-517.1901	-607.8665	0.7054884
1450.34	-517.0857	-607.8662	0.7054198
1450.35	-516.9813	-607.8658	0.7053526
1450.36	-516.8769	-607.8654	0.7052866
1450.37	-516.7725	-607.8651	0.7052221
1450.38	-516.668	-607.8646	0.7051591
1450.39	-516.5636	-607.8642	0.7050976
1450.4	-516.4591	-607.8637	0.7050373
1450.41	-516.3546	-607.8633	0.7049783
1450.42	-516.2501	-607.8628	0.7049204
1450.43	-516.1455	-607.8622	0.7048644
1450.44	-516.041	-607.8618	0.7048101
1450.45	-515.9364	-607.8612	0.7047574
1450.46	-515.8318	-607.8607	0.7047062
1450.47	-515.7272	-607.8601	0.7046565
1450.48	-515.6226	-607.8595	0.7046087
1450.49	-515.5179	-607.8589	0.7045629
1450.5	-515.4133	-607.8584	0.7045189
1450.51	-515.3086	-607.8578	0.7044765
1450.52	-515.2039	-607.8571	0.7044362
1450.53	-515.0992	-607.8565	0.704398
1450.54	-514.9944	-607.8559	0.7043616
1450.55	-514.8897	-607.8553	0.7043269
1450.56	-514.7849	-607.8546	0.7042938
1450.57	-514.6801	-607.8539	0.7042629
1450.58	-514.5753	-607.8532	0.7042338
1450.59	-514.4705	-607.8525	0.7042065
1450.6	-514.3656	-607.8519	0.7041808
1450.61	-514.2607	-607.8511	0.7041568
1450.62	-514.1559	-607.8504	0.7041346
1450.63	-514.051	-607.8497	0.7041141
1450.64	-513.946	-607.8489	0.7040952
1450.65	-513.8411	-607.8482	0.704078
1450.66	-513.7361	-607.8475	0.704062
1450.67	-513.6312	-607.8467	0.7040477
1450.68	-513.5262	-607.846	0.7040349
1450.69	-513.4211	-607.8453	0.7040234
1450.7	-513.3161	-607.8445	0.7040133
1450.71	-513.2111	-607.8436	0.7040044
1450.72	-513.106	-607.8428	0.7039968
1450.73	-513.0009	-607.842	0.7039905
1450.74	-512.8958	-607.8412	0.7039855
1450.75	-512.7907	-607.8405	0.7039814
1450.76	-512.6855	-607.8397	0.7039784
1450.77	-512.5804	-607.8389	0.7039765
1450.78	-512.4752	-607.8381	0.7039756
1450.79	-512.37	-607.8373	0.7039756
1450.8	-512.2648	-607.8365	0.7039765
1450.81	-512.1595	-607.8357	0.7039782
1450.82	-512.0543	-607.8349	0.7039808
1450.83	-511.949	-607.834	0.7039841
1450.84	-511.8437	-607.8332	0.7039881
1450.85	-511.7384	-607.8323	0.7039928
1450.86	-511.6331	-607.8315	0.703998
1450.87	-511.5277	-607.8306	0.7040039
1450.88	-511.4223	-607.8298	0.7040102
1450.89	-511.317	-607.829	0.7040171
1450.9	-511.2115	-607.8281	0.7040245
1450.91	-511.1061	-607.8273	0.7040323
1450.92	-511.0007	-607.8264	0.7040405
1450.93	-510.8953	-607.8256	0.7040491
1450.94	-510.7898	-607.8247	0.7040581
1450.95	-510.6843	-607.8239	0.7040674
1450.96	-510.5788	-607.823	0.7040771
1450.97	-510.4733	-607.8221	0.704087
1450.98	-510.3677	-607.8213	0.7040972
1450.99	-510.2622	-607.8204	0.7041078
1451	-510.1566	-607.8196	0.7041185
1451.01	-510.051	-607.8187	0.7041295
1451.02	-509.9454	-607.8179	0.7041406
1451.03	-509.8398	-607.817	0.7041519
1451.04	-509.7341	-607.8162	0.7041633
1451.05	-509.6284	-607.8154	0.7041748
1451.06	-509.5227	-607.8145	0.7041864
1451.07	-509.417	-607.8137	0.7041981
1451.08	-509.3113	-607.8128	0.7042098
1451.09	-509.2056	-607.812	0.7042216
1451.1	-509.0998	-607.8111	0.7042334
1451.11	-508.994	-607.8102	0.7042452
1451.12	-508.8882	-607.8094	0.7042569
1451.13	-508.7824	-607.8085	0.7042685
1451.14	-508.6766	-607.8077	0.70428
1451.15	-508.5707	-607.8068	0.7042915
1451.16	-508.4648	-607.806	0.7043028
1451.17	-508.3589	-607.8052	0.7043141
1451.18	-508.253	-607.8043	0.7043252
1451.19	-508.1471	-607.8035	0.7043359
1451.2	-508.0411	-607.8026	0.7043465
1451.21	-507.9352	-607.8018	0.7043568
1451.22	-507.8292	-607.8009	0.7043669
1451.23	-507.7232	-607.8	0.7043764
1451.24	-507.6172	-607.7992	0.7043856
1451.25	-507.5111	-607.7983	0.7043943
1451.26	-507.405	-607.7975	0.7044027
1451.27	-507.299	-607.7967	0.7044104
1451.28	-507.1929	-607.7959	0.7044173
1451.29	-507.0868	-607.7951	0.7044238
1451.3	-506.9807	-607.7943	0.7044297
1451.31	-506.8745	-607.7935	0.7044352
1451.32	-506.7683	-607.7927	0.7044395
1451.33	-506.6622	-607.7919	0.7044429
1451.34	-506.556	-607.7911	0.7044454
1451.35	-506.4497	-607.7902	0.704447
1451.36	-506.3435	-607.7894	0.7044478
1451.37	-506.2372	-607.7885	0.7044479
1451.38	-506.131	-607.7877	0.7044466
1451.39	-506.0247	-607.7868	0.704444
1451.4	-505.9183	-607.7859	0.7044404
1451.41	-505.812	-607.7851	0.7044355
1451.42	-505.7057	-607.7842	0.7044297
1451.43	-505.5993	-607.7834	0.7044225
1451.44	-505.4929	-607.7825	0.704414
1451.45	-505.3865	-607.7817	0.7044042
1451.46	-505.2801	-607.7808	0.7043932
1451.47	-505.1737	-607.78	0.7043811
1451.48	-505.0672	-607.7791	0.7043679
1451.49	-504.9608	-607.7783	0.7043536
1451.5	-504.8542	-607.7774	0.7043385
1451.51	-504.7477	-607.7766	0.7043223
1451.52	-504.6412	-607.7756	0.7043053
1451.53	-504.5347	-607.7748	0.7042876
1451.54	-504.4281	-607.7739	0.7042691
1451.55	-504.3216	-607.7731	0.7042498
1451.56	-504.215	-607.7722	0.70423
1451.57	-504.1084	-607.7712	0.7042096
1451.58	-504.0017	-607.7703	0.704189
1451.59	-503.8951	-607.7694	0.704168
1451.6	-503.7884	-607.7684	0.7041467
1451.61	-503.6817	-607.7675	0.7041252
1451.62	-503.575	-607.7666	0.7041035
1451.63	-503.4683	-607.7657	0.7040821
1451.64	-503.3616	-607.7648	0.7040606
1451.65	-503.2548	-607.7639	0.7040391
1451.66	-503.148	-607.7629	0.7040176
1451.67	-503.0413	-607.762	0.7039967
1451.68	-502.9344	-607.761	0.7039761
1451.69	-502.8276	-607.7601	0.703956
1451.7	-502.7208	-607.7592	0.7039363
1451.71	-502.6139	-607.7583	0.703917
1451.72	-502.507	-607.7574	0.7038985
1451.73	-502.4001	-607.7565	0.7038809
1451.74	-502.2932	-607.7555	0.7038641
1451.75	-502.1863	-607.7545	0.7038481
1451.76	-502.0793	-607.7535	0.7038328
1451.77	-501.9724	-607.7525	0.7038187
1451.78	-501.8654	-607.7515	0.7038058
1451.79	-501.7584	-607.7505	0.7037939
1451.8	-501.6514	-607.7496	0.7037831
1451.81	-501.5443	-607.7486	0.7037731
1451.82	-501.4373	-607.7476	0.703765
1451.83	-501.3302	-607.7466	0.7037584
1451.84	-501.2231	-607.7457	0.7037533
1451.85	-501.116	-607.7447	0.7037496
1451.86	-501.0089	-607.7437	0.7037473
1451.87	-500.9017	-607.7427	0.7037473
1451.88	-500.7946	-607.7418	0.7037494
1451.89	-500.6874	-607.7408	0.7037538
1451.9	-500.5802	-607.7399	0.70376
1451.91	-500.473	-607.739	0.703768
1451.92	-500.3658	-607.738	0.7037789
1451.93	-500.2585	-607.7371	0.7037923
1451.94	-500.1512	-607.7362	0.7038081
1451.95	-500.0439	-607.7353	0.7038262
1451.96	-499.9366	-607.7344	0.7038465
1451.97	-499.8293	-607.7335	0.7038695
1451.98	-499.722	-607.7326	0.7038952
1451.99	-499.6146	-607.7317	0.7039233
1452	-499.5072	-607.7308	0.7039538
1452.01	-499.3998	-607.73	0.7039865
1452.02	-499.2924	-607.7292	0.7040215
1452.03	-499.185	-607.7283	0.7040586
1452.04	-499.0776	-607.7275	0.7040977
1452.05	-498.9701	-607.7266	0.7041388
1452.06	-498.8626	-607.7258	0.7041817
1452.07	-498.7551	-607.725	0.7042262
1452.08	-498.6476	-607.7242	0.7042723
1452.09	-498.5401	-607.7235	0.7043199
1452.1	-498.4325	-607.7227	0.7043688
1452.11	-498.325	-607.7219	0.7044191
1452.12	-498.2174	-607.7212	0.7044706
1452.13	-498.1098	-607.7205	0.7045231
1452.14	-498.0021	-607.7197	0.7045767
1452.15	-497.8945	-607.7191	0.7046313
1452.16	-497.7868	-607.7183	0.7046868
1452.17	-497.6791	-607.7176	0.704743
1452.18	-497.5714	-607.7169	0.7047998
1452.19	-497.4637	-607.7162	0.7048571
1452.2	-497.356	-607.7156	0.7049148
1452.21	-497.2483	-607.715	0.704973
1452.22	-497.1405	-607.7143	0.7050311
1452.23	-497.0327	-607.7137	0.7050892
1452.24	-496.9249	-607.7131	0.7051474
1452.25	-496.8171	-607.7125	0.7052056
1452.26	-496.7093	-607.7119	0.7052639
1452.27	-496.6014	-607.7113	0.7053214
1452.28	-496.4936	-607.7108	0.7053786
1452.29	-496.3857	-607.7102	0.7054353
1452.3	-496.2778	-607.7097	0.7054914
1452.31	-496.1698	-607.7092	0.7055473
1452.32	-496.0619	-607.7086	0.705602
1452.33	-495.954	-607.7081	0.7056557
1452.34	-495.846	-607.7076	0.7057086
1452.35	-495.738	-607.7072	0.7057604
1452.36	-495.63	-607.7067	0.7058116
1452.37	-495.5219	-607.7062	0.7058619
1452.38	-495.4139	-607.7057	0.7059109
1452.39	-495.3058	-607.7053	0.7059585
1452.4	-495.1978	-607.7049	0.7060049
1452.41	-495.0897	-607.7045	0.7060501
1452.42	-494.9815	-607.704	0.7060943
1452.43	-494.8734	-607.7037	0.7061368
1452.44	-494.7653	-607.7032	0.7061778
1452.45	-494.6571	-607.7028	0.7062174
1452.46	-494.5489	-607.7025	0.7062557
1452.47	-494.4407	-607.7021	0.7062922
1452.48	-494.3325	-607.7018	0.7063271
1452.49	-494.2243	-607.7014	0.7063605
1452.5	-494.116	-607.701	0.7063925
1452.51	-494.0078	-607.7007	0.7064232
1452.52	-493.8995	-607.7004	0.706452
1452.53	-493.7912	-607.7001	0.7064791
1452.54	-493.6829	-607.6998	0.7065046
1452.55	-493.5745	-607.6995	0.7065285
1452.56	-493.4662	-607.6992	0.7065511
1452.57	-493.3578	-607.6989	0.7065716
1452.58	-493.2494	-607.6986	0.7065902
1452.59	-493.141	-607.6983	0.706607
1452.6	-493.0326	-607.698	0.706622
1452.61	-492.9241	-607.6977	0.7066355
1452.62	-492.8156	-607.6974	0.7066473
1452.63	-492.7072	-607.6971	0.7066568
1452.64	-492.5987	-607.6968	0.7066638
1452.65	-492.4902	-607.6966	0.7066686
1452.66	-492.3816	-607.6964	0.7066714
1452.67	-492.2731	-607.6961	0.7066714
1452.68	-492.1646	-607.6959	0.7066687
1452.69	-492.056	-607.6956	0.7066635
1452.7	-491.9474	-607.6954	0.706656
1452.71	-491.8387	-607.6951	0.7066464
1452.72	-491.7301	-607.6948	0.7066339
1452.73	-491.6215	-607.6945	0.7066189
1452.74	-491.5128	-607.6942	0.7066013
1452.75	-491.4041	-607.6939	0.7065814
1452.76	-491.2954	-607.6935	0.7065593
1452.77	-491.1867	-607.6932	0.7065347
1452.78	-491.078	-607.6929	0.7065077
1452.79	-490.9693	-607.6926	0.7064785
1452.8	-490.8605	-607.6923	0.7064473
1452.81	-490.7517	-607.692	0.7064141
1452.82	-490.6429	-607.6917	0.7063792
1452.83	-490.5341	-607.6913	0.7063426
1452.84	-490.4253	-607.691	0.7063047
1452.85	-490.3164	-607.6906	0.7062652
1452.86	-490.2075	-607.6902	0.7062244
1452.87	-490.0986	-607.6899	0.7061824
1452.88	-489.9897	-607.6895	0.7061399
1452.89	-489.8808	-607.6891	0.7060969
1452.9	-489.7719	-607.6887	0.7060536
1452.91	-489.6629	-607.6884	0.7060099
1452.92	-489.5539	-607.6879	0.7059665
1452.93	-489.4449	-607.6876	0.7059236
1452.94	-489.3359	-607.6872	0.7058811
1452.95	-489.2269	-607.6868	0.7058389
1452.96	-489.1179	-607.6863	0.7057969
1452.97	-489.0088	-607.6859	0.7057565
1452.98	-488.8997	-607.6855	0.7057174
1452.99	-488.7906	-607.6851	0.7056797
1453	-488.6815	-607.6846	0.7056432
1453.01	-488.5724	-607.6841	0.7056079
1453.02	-488.4633	-607.6837	0.7055747
1453.03	-488.3541	-607.6833	0.7055435
1453.04	-488.245	-607.6828	0.7055141
1453.05	-488.1358	-607.6824	0.7054865
1453.06	-488.0266	-607.6819	0.7054605
1453.07	-487.9173	-607.6815	0.7054374
1453.08	-487.8081	-607.6811	0.7054167
1453.09	-487.6989	-607.6807	0.7053985
1453.1	-487.5896	-607.6802	0.7053824
1453.11	-487.4803	-607.6797	0.7053686
1453.12	-487.371	-607.6793	0.705358
1453.13	-487.2617	-607.6789	0.7053506
1453.14	-487.1523	-607.6785	0.7053462
1453.15	-487.0429	-607.678	0.7053446
1453.16	-486.9335	-607.6776	0.7053457
1453.17	-486.8241	-607.6772	0.7053492
1453.18	-486.7147	-607.6768	0.7053564
1453.19	-486.6053	-607.6763	0.7053671
1453.2	-486.4958	-607.676	0.7053812
1453.21	-486.3864	-607.6755	0.7053984
1453.22	-486.2769	-607.6751	0.7054195
1453.23	-486.1674	-607.6747	0.7054442
1453.24	-486.0579	-607.6744	0.7054725
1453.25	-485.9483	-607.674	0.7055041
1453.26	-485.8388	-607.6737	0.7055386
1453.27	-485.7292	-607.6733	0.7055762
1453.28	-485.6196	-607.673	0.7056172
1453.29	-485.51	-607.6727	0.7056618
1453.3	-485.4004	-607.6724	0.7057096
1453.31	-485.2907	-607.6721	0.7057605
1453.32	-485.1811	-607.6718	0.7058146
1453.33	-485.0714	-607.6716	0.7058719
1453.34	-484.9618	-607.6713	0.705932
1453.35	-484.8521	-607.6711	0.7059948
1453.36	-484.7423	-607.6709	0.7060603
1453.37	-484.6326	-607.6707	0.7061284
1453.38	-484.5229	-607.6705	0.7061988
1453.39	-484.4131	-607.6703	0.7062715
1453.4	-484.3033	-607.6702	0.7063463
1453.41	-484.1935	-607.67	0.7064231
1453.42	-484.0836	-607.6699	0.7065017
1453.43	-483.9738	-607.6699	0.7065821
1453.44	-483.864	-607.6697	0.706664
1453.45	-483.7541	-607.6697	0.7067474
1453.46	-483.6442	-607.6696	0.7068322
1453.47	-483.5343	-607.6696	0.7069181
1453.48	-483.4244	-607.6696	0.7070049
1453.49	-483.3145	-607.6696	0.7070928
1453.5	-483.2045	-607.6696	0.7071815
1453.51	-483.0945	-607.6697	0.7072711
1453.52	-482.9845	-607.6698	0.7073615
1453.53	-482.8745	-607.6699	0.7074523
1453.54	-482.7645	-607.67	0.7075434
1453.55	-482.6544	-607.6701	0.707635
1453.56	-482.5444	-607.6703	0.7077268
1453.57	-482.4343	-607.6705	0.7078185
1453.58	-482.3242	-607.6707	0.7079101
1453.59	-482.2141	-607.6709	0.7080015
1453.6	-482.104	-607.6711	0.7080929
1453.61	-481.9939	-607.6714	0.7081841
1453.62	-481.8837	-607.6717	0.7082745
1453.63	-481.7736	-607.6719	0.7083642
1453.64	-481.6634	-607.6723	0.7084531
1453.65	-481.5532	-607.6727	0.7085415
1453.66	-481.443	-607.673	0.7086291
1453.67	-481.3327	-607.6734	0.7087154
1453.68	-481.2225	-607.6738	0.7088004
1453.69	-481.1122	-607.6742	0.7088842
1453.7	-481.002	-607.6746	0.7089667
1453.71	-480.8916	-607.6751	0.7090483
1453.72	-480.7813	-607.6755	0.709128
1453.73	-480.671	-607.6761	0.709206
1453.74	-480.5607	-607.6766	0.7092826
1453.75	-480.4503	-607.6771	0.7093576
1453.76	-480.3399	-607.6776	0.7094312
1453.77	-480.2295	-607.6782	0.7095029
1453.78	-480.1191	-607.6788	0.7095727
1453.79	-480.0087	-607.6794	0.7096408
1453.8	-479.8982	-607.68	0.7097073
1453.81	-479.7878	-607.6807	0.7097723
1453.82	-479.6773	-607.6813	0.7098354
1453.83	-479.5668	-607.682	0.7098967
1453.84	-479.4563	-607.6827	0.7099564
1453.85	-479.3457	-607.6833	0.7100146
1453.86	-479.2352	-607.6841	0.7100713
1453.87	-479.1246	-607.6848	0.7101262
1453.88	-479.014	-607.6855	0.7101797
1453.89	-478.9034	-607.6863	0.7102317
1453.9	-478.7928	-607.6871	0.7102823
1453.91	-478.6822	-607.6879	0.7103316
1453.92	-478.5715	-607.6888	0.7103798
1453.93	-478.4609	-607.6896	0.7104266
1453.94	-478.3502	-607.6904	0.7104725
1453.95	-478.2395	-607.6913	0.7105173
1453.96	-478.1288	-607.6922	0.7105611
1453.97	-478.018	-607.6931	0.710604
1453.98	-477.9073	-607.694	0.7106461
1453.99	-477.7965	-607.6949	0.7106873
1454	-477.6857	-607.6959	0.7107278
1454.01	-477.5749	-607.6968	0.7107676
1454.02	-477.4641	-607.6979	0.7108068
1454.03	-477.3533	-607.6989	0.7108452
1454.04	-477.2424	-607.6998	0.7108831
1454.05	-477.1316	-607.7009	0.7109205
1454.06	-477.0207	-607.702	0.7109574
1454.07	-476.9098	-607.703	0.7109937
1454.08	-476.7989	-607.704	0.7110296
1454.09	-476.6879	-607.7051	0.7110651
1454.1	-476.577	-607.7062	0.7111002
1454.11	-476.466	-607.7073	0.7111349
1454.12	-476.355	-607.7084	0.7111692
1454.13	-476.244	-607.7095	0.7112033
1454.14	-476.133	-607.7107	0.711237
1454.15	-476.0219	-607.7119	0.7112703
1454.16	-475.9109	-607.7131	0.7113034
1454.17	-475.7998	-607.7142	0.7113363
1454.18	-475.6888	-607.7155	0.7113689
1454.19	-475.5776	-607.7167	0.7114013
1454.2	-475.4665	-607.718	0.7114335
1454.21	-475.3554	-607.7192	0.7114655
1454.22	-475.2442	-607.7204	0.7114972
1454.23	-475.1331	-607.7217	0.7115289
1454.24	-475.0219	-607.723	0.7115603
1454.25	-474.9107	-607.7243	0.7115915
1454.26	-474.7994	-607.7256	0.7116227
1454.27	-474.6882	-607.7269	0.7116538
1454.28	-474.577	-607.7282	0.7116846
1454.29	-474.4657	-607.7296	0.7117153
1454.3	-474.3544	-607.731	0.7117459
1454.31	-474.2431	-607.7323	0.7117765
1454.32	-474.1318	-607.7336	0.711807
1454.33	-474.0205	-607.735	0.7118373
1454.34	-473.9091	-607.7365	0.7118675
1454.35	-473.7978	-607.7379	0.7118976
1454.36	-473.6864	-607.7393	0.7119277
1454.37	-473.575	-607.7407	0.7119578
1454.38	-473.4636	-607.7421	0.7119877
1454.39	-473.3522	-607.7437	0.7120176
1454.4	-473.2407	-607.7451	0.7120474
1454.41	-473.1292	-607.7466	0.7120772
1454.42	-473.0178	-607.748	0.7121069
1454.43	-472.9063	-607.7495	0.7121366
1454.44	-472.7948	-607.7511	0.7121662
1454.45	-472.6832	-607.7526	0.7121958
1454.46	-472.5717	-607.7542	0.7122253
1454.47	-472.4601	-607.7557	0.7122547
1454.48	-472.3485	-607.7572	0.7122842
1454.49	-472.2369	-607.7588	0.7123136
1454.5	-472.1253	-607.7604	0.7123429
1454.51	-472.0137	-607.762	0.7123723
1454.52	-471.902	-607.7635	0.7124017
1454.53	-471.7904	-607.7651	0.712431
1454.54	-471.6787	-607.7668	0.7124603
1454.55	-471.567	-607.7684	0.7124895
1454.56	-471.4553	-607.77	0.7125187
1454.57	-471.3435	-607.7717	0.712548
1454.58	-471.2318	-607.7733	0.7125771
1454.59	-471.1201	-607.775	0.7126063
1454.6	-471.0083	-607.7767	0.7126355
1454.61	-470.8965	-607.7783	0.7126646
1454.62	-470.7847	-607.78	0.7126938
1454.63	-470.6729	-607.7817	0.7127228
1454.64	-470.561	-607.7835	0.712752
1454.65	-470.4491	-607.7852	0.712781
1454.66	-470.3372	-607.7869	0.7128102
1454.67	-470.2254	-607.7886	0.7128393
1454.68	-470.1135	-607.7904	0.7128684
1454.69	-470.0015	-607.7922	0.7128974
1454.7	-469.8896	-607.794	0.7129264
1454.71	-469.7776	-607.7958	0.7129555
1454.72	-469.6656	-607.7975	0.7129845
1454.73	-469.5536	-607.7993	0.7130136
1454.74	-469.4417	-607.8012	0.7130426
1454.75	-469.3296	-607.803	0.7130716
1454.76	-469.2176	-607.8049	0.7131006
1454.77	-469.1055	-607.8067	0.7131297
1454.78	-468.9935	-607.8085	0.7131587
1454.79	-468.8814	-607.8104	0.7131878
1454.8	-468.7693	-607.8123	0.7132168
1454.81	-468.6571	-607.8141	0.7132457
1454.82	-468.545	-607.816	0.7132747
1454.83	-468.4329	-607.8179	0.7133038
1454.84	-468.3207	-607.8198	0.7133328
1454.85	-468.2085	-607.8218	0.7133617
1454.86	-468.0963	-607.8237	0.7133907
1454.87	-467.984	-607.8256	0.7134197
1454.88	-467.8718	-607.8276	0.7134487
1454.89	-467.7596	-607.8295	0.7134777
1454.9	-467.6473	-607.8315	0.7135067
1454.91	-467.535	-607.8335	0.7135356
1454.92	-467.4227	-607.8354	0.7135645
1454.93	-467.3104	-607.8375	0.7135934
1454.94	-467.1981	-607.8395	0.7136224
1454.95	-467.0857	-607.8416	0.7136513
1454.96	-466.9733	-607.8436	0.7136802
1454.97	-466.861	-607.8456	0.7137091
1454.98	-466.7486	-607.8476	0.7137378
1454.99	-466.6361	-607.8496	0.7137666
1455	-466.5237	-607.8517	0.7137953
1455.01	-466.4113	-607.8538	0.7138239
1455.02	-466.2988	-607.8559	0.7138523
1455.03	-466.1863	-607.858	0.7138806
1455.04	-466.0738	-607.86	0.7139088
1455.05	-465.9613	-607.8622	0.7139368
1455.06	-465.8488	-607.8643	0.7139647
1455.07	-465.7362	-607.8665	0.7139922
1455.08	-465.6237	-607.8686	0.7140197
1455.09	-465.5111	-607.8707	0.7140468
1455.1	-465.3985	-607.8729	0.7140737
1455.11	-465.2859	-607.8751	0.7141004
1455.12	-465.1733	-607.8772	0.7141267
1455.13	-465.0606	-607.8794	0.7141525
1455.14	-464.948	-607.8816	0.7141779
1455.15	-464.8353	-607.8838	0.714203
1455.16	-464.7226	-607.886	0.7142277
1455.17	-464.6099	-607.8882	0.714252
1455.18	-464.4972	-607.8904	0.7142755
1455.19	-464.3844	-607.8926	0.7142983
1455.2	-464.2717	-607.8948	0.7143204
1455.21	-464.1589	-607.897	0.7143418
1455.22	-464.0461	-607.8993	0.7143624
1455.23	-463.9333	-607.9016	0.7143819
1455.24	-463.8205	-607.9039	0.7144001
1455.25	-463.7076	-607.9061	0.7144171
1455.26	-463.5948	-607.9084	0.7144331
1455.27	-463.4819	-607.9106	0.7144473
1455.28	-463.369	-607.9129	0.71446
1455.29	-463.2561	-607.9152	0.7144711
1455.3	-463.1432	-607.9174	0.7144809
1455.31	-463.0303	-607.9197	0.7144893
1455.32	-462.9173	-607.9219	0.7144964
1455.33	-462.8044	-607.9242	0.7145017
1455.34	-462.6914	-607.9265	0.7145053
1455.35	-462.5784	-607.9287	0.7145071
1455.36	-462.4653	-607.931	0.7145074
1455.37	-462.3523	-607.9332	0.7145057
1455.38	-462.2393	-607.9355	0.7145023
1455.39	-462.1262	-607.9377	0.7144971
1455.4	-462.0131	-607.94	0.7144904
1455.41	-461.9	-607.9423	0.7144821
1455.42	-461.7869	-607.9445	0.7144724
1455.43	-461.6738	-607.9468	0.714461
1455.44	-461.5607	-607.949	0.7144483
1455.45	-461.4475	-607.9513	0.7144343
1455.46	-461.3343	-607.9536	0.714419
1455.47	-461.2211	-607.9558	0.7144026
1455.48	-461.1079	-607.9581	0.7143851
1455.49	-460.9947	-607.9603	0.7143665
1455.5	-460.8814	-607.9625	0.714347
1455.51	-460.7681	-607.9648	0.7143265
1455.52	-460.6549	-607.967	0.7143052
1455.53	-460.5416	-607.9693	0.714283
1455.54	-460.4283	-607.9716	0.7142602
1455.55	-460.315	-607.9738	0.7142366
1455.56	-460.2016	-607.976	0.7142122
1455.57	-460.0883	-607.9783	0.7141873
1455.58	-459.9749	-607.9805	0.7141618
1455.59	-459.8615	-607.9828	0.7141356
1455.6	-459.7481	-607.985	0.7141089
1455.61	-459.6347	-607.9873	0.7140818
1455.62	-459.5213	-607.9894	0.714054
1455.63	-459.4079	-607.9916	0.714026
1455.64	-459.2944	-607.9938	0.7139974
1455.65	-459.1809	-607.996	0.7139685
1455.66	-459.0674	-607.9982	0.7139391
1455.67	-458.9539	-608.0004	0.7139094
1455.68	-458.8404	-608.0026	0.7138794
1455.69	-458.7268	-608.0048	0.713849
1455.7	-458.6132	-608.007	0.7138184
1455.71	-458.4996	-608.0092	0.7137874
1455.72	-458.386	-608.0113	0.7137562
1455.73	-458.2724	-608.0134	0.7137247
1455.74	-458.1588	-608.0156	0.713693
1455.75	-458.0452	-608.0177	0.7136611
1455.76	-457.9315	-608.0198	0.7136289
1455.77	-457.8178	-608.0219	0.7135966
1455.78	-457.7041	-608.024	0.7135641
1455.79	-457.5904	-608.0262	0.7135314
1455.8	-457.4767	-608.0283	0.7134986
1455.81	-457.3629	-608.0303	0.7134655
1455.82	-457.2492	-608.0324	0.7134323
1455.83	-457.1354	-608.0345	0.713399
1455.84	-457.0216	-608.0366	0.7133655
1455.85	-456.9078	-608.0386	0.7133319
1455.86	-456.7939	-608.0406	0.7132982
1455.87	-456.6801	-608.0427	0.7132643
1455.88	-456.5663	-608.0447	0.7132304
1455.89	-456.4524	-608.0468	0.7131964
1455.9	-456.3385	-608.0487	0.7131622
1455.91	-456.2245	-608.0507	0.713128
1455.92	-456.1106	-608.0527	0.7130937
1455.93	-455.9967	-608.0547	0.7130594
1455.94	-455.8827	-608.0567	0.7130249
1455.95	-455.7687	-608.0587	0.7129903
1455.96	-455.6547	-608.0606	0.7129557
1455.97	-455.5407	-608.0626	0.712921
1455.98	-455.4267	-608.0645	0.7128863
1455.99	-455.3127	-608.0664	0.7128514
1456	-455.1986	-608.0684	0.7128165
1456.01	-455.0845	-608.0703	0.7127817
1456.02	-454.9704	-608.0722	0.7127467
1456.03	-454.8563	-608.074	0.7127117
1456.04	-454.7422	-608.0759	0.7126766
1456.05	-454.6281	-608.0778	0.7126415
1456.06	-454.5139	-608.0797	0.7126064
1456.07	-454.3997	-608.0815	0.7125712
1456.08	-454.2855	-608.0834	0.712536
1456.09	-454.1713	-608.0852	0.7125007
1456.1	-454.0571	-608.087	0.7124654
1456.11	-453.9428	-608.0888	0.7124301
1456.12	-453.8286	-608.0906	0.7123947
1456.13	-453.7143	-608.0925	0.7123593
1456.14	-453.6	-608.0942	0.712324
1456.15	-453.4857	-608.096	0.7122884
1456.16	-453.3713	-608.0977	0.712253
1456.17	-453.257	-608.0995	0.7122175
1456.18	-453.1427	-608.1013	0.7121819
1456.19	-453.0283	-608.103	0.7121464
1456.2	-452.9139	-608.1046	0.7121108
1456.21	-452.7995	-608.1063	0.7120752
1456.22	-452.6851	-608.108	0.7120396
1456.23	-452.5706	-608.1097	0.7120041
1456.24	-452.4562	-608.1114	0.7119684
1456.25	-452.3417	-608.113	0.7119327
1456.26	-452.2272	-608.1147	0.711897
1456.27	-452.1127	-608.1163	0.7118613
1456.28	-451.9982	-608.1179	0.7118256
1456.29	-451.8836	-608.1196	0.7117899
1456.3	-451.7691	-608.1212	0.7117541
1456.31	-451.6545	-608.1228	0.7117184
1456.32	-451.5399	-608.1243	0.7116826
1456.33	-451.4253	-608.1259	0.7116468
1456.34	-451.3107	-608.1275	0.711611
1456.35	-451.196	-608.1291	0.7115753
1456.36	-451.0814	-608.1306	0.7115394
1456.37	-450.9667	-608.1321	0.7115035
1456.38	-450.852	-608.1336	0.7114677
1456.39	-450.7373	-608.1351	0.7114319
1456.4	-450.6226	-608.1367	0.711396
1456.41	-450.5079	-608.1381	0.7113601
1456.42	-450.3931	-608.1396	0.7113242
1456.43	-450.2784	-608.1411	0.7112883
1456.44	-450.1636	-608.1425	0.7112524
1456.45	-450.0488	-608.1439	0.7112164
1456.46	-449.934	-608.1454	0.7111804
1456.47	-449.8191	-608.1468	0.7111445
1456.48	-449.7043	-608.1482	0.7111086
1456.49	-449.5894	-608.1495	0.7110726
1456.5	-449.4745	-608.1509	0.7110366
1456.51	-449.3596	-608.1523	0.7110007
1456.52	-449.2448	-608.1537	0.7109647
1456.53	-449.1298	-608.155	0.7109287
1456.54	-449.0149	-608.1563	0.7108926
1456.55	-448.8999	-608.1577	0.7108566
1456.56	-448.7849	-608.159	0.7108206
1456.57	-448.6699	-608.1603	0.7107846
1456.58	-448.5549	-608.1616	0.7107484
1456.59	-448.4399	-608.1628	0.7107124
1456.6	-448.3249	-608.1641	0.7106764
1456.61	-448.2098	-608.1654	0.7106403
1456.62	-448.0947	-608.1666	0.7106042
1456.63	-447.9796	-608.1678	0.7105681
1456.64	-447.8645	-608.1691	0.7105321
1456.65	-447.7494	-608.1703	0.710496
1456.66	-447.6343	-608.1714	0.7104599
1456.67	-447.5191	-608.1727	0.7104238
1456.68	-447.404	-608.1738	0.7103876
1456.69	-447.2888	-608.175	0.7103515
1456.7	-447.1736	-608.1761	0.7103153
1456.71	-447.0583	-608.1772	0.7102792
1456.72	-446.9431	-608.1784	0.710243
1456.73	-446.8279	-608.1796	0.7102069
1456.74	-446.7126	-608.1806	0.7101707
1456.75	-446.5974	-608.1817	0.7101345
1456.76	-446.4821	-608.1828	0.7100983
1456.77	-446.3668	-608.1839	0.7100621
1456.78	-446.2514	-608.1849	0.710026
1456.79	-446.1361	-608.186	0.7099898
1456.8	-446.0207	-608.187	0.7099535
1456.81	-445.9053	-608.188	0.7099174
1456.82	-445.7899	-608.189	0.7098811
1456.83	-445.6746	-608.1901	0.7098449
1456.84	-445.5591	-608.191	0.7098086
1456.85	-445.4437	-608.192	0.7097724
1456.86	-445.3282	-608.1929	0.7097361
1456.87	-445.2127	-608.1939	0.7096998
1456.88	-445.0973	-608.1949	0.7096636
1456.89	-444.9818	-608.1958	0.7096273
1456.9	-444.8662	-608.1967	0.709591
1456.91	-444.7507	-608.1976	0.7095547
1456.92	-444.6351	-608.1985	0.7095184
1456.93	-444.5196	-608.1994	0.7094821
1456.94	-444.404	-608.2003	0.7094458
1456.95	-444.2884	-608.2011	0.7094095
1456.96	-444.1728	-608.202	0.7093731
1456.97	-444.0571	-608.2028	0.7093369
1456.98	-443.9415	-608.2037	0.7093005
1456.99	-443.8258	-608.2045	0.7092642
1457	-443.7101	-608.2053	0.7092278
1457.01	-443.5945	-608.2061	0.7091915
1457.02	-443.4788	-608.2068	0.7091551
1457.03	-443.363	-608.2076	0.7091187
1457.04	-443.2473	-608.2084	0.7090823
1457.05	-443.1315	-608.2091	0.7090459
1457.06	-443.0157	-608.2098	0.7090095
1457.07	-442.9	-608.2105	0.7089732
1457.08	-442.7842	-608.2112	0.7089367
1457.09	-442.6684	-608.212	0.7089003
1457.1	-442.5525	-608.2126	0.7088639
1457.11	-442.4366	-608.2133	0.7088274
1457.12	-442.3208	-608.2139	0.708791
1457.13	-442.2049	-608.2146	0.7087546
1457.14	-442.089	-608.2153	0.7087181
1457.15	-441.9731	-608.2158	0.7086817
1457.16	-441.8571	-608.2164	0.7086452
1457.17	-441.7412	-608.217	0.7086087
1457.18	-441.6252	-608.2177	0.7085723
1457.19	-441.5093	-608.2182	0.7085358
1457.2	-441.3933	-608.2188	0.7084993
1457.21	-441.2773	-608.2193	0.7084628
1457.22	-441.1613	-608.2198	0.7084264
1457.23	-441.0452	-608.2204	0.7083898
1457.24	-440.9292	-608.2209	0.7083533
1457.25	-440.8131	-608.2214	0.7083167
1457.26	-440.697	-608.2219	0.7082803
1457.27	-440.5809	-608.2224	0.7082437
1457.28	-440.4648	-608.2228	0.7082071
1457.29	-440.3486	-608.2233	0.7081705
1457.3	-440.2325	-608.2238	0.7081341
1457.31	-440.1163	-608.2242	0.7080974
1457.32	-440.0001	-608.2246	0.7080609
1457.33	-439.8839	-608.225	0.7080243
1457.34	-439.7677	-608.2255	0.7079877
1457.35	-439.6515	-608.2259	0.7079511
1457.36	-439.5352	-608.2262	0.7079145
1457.37	-439.419	-608.2266	0.7078779
1457.38	-439.3027	-608.2269	0.7078413
1457.39	-439.1864	-608.2273	0.7078047
1457.4	-439.0701	-608.2276	0.7077681
1457.41	-438.9538	-608.2279	0.7077315
1457.42	-438.8374	-608.2282	0.7076948
1457.43	-438.7211	-608.2285	0.7076582
1457.44	-438.6047	-608.2288	0.7076215
1457.45	-438.4883	-608.2291	0.7075848
1457.46	-438.3719	-608.2293	0.7075481
1457.47	-438.2555	-608.2296	0.7075115
1457.48	-438.139	-608.2297	0.7074748
1457.49	-438.0226	-608.23	0.7074381
1457.5	-437.9061	-608.2302	0.7074015
