2667.06	-648.175	-606.9804	0.6913527
2667.07	-648.0339	-606.9738	0.6914786
2667.08	-647.8929	-606.9672	0.6916031
2667.09	-647.7518	-606.9606	0.6917264
2667.1	-647.6108	-606.9542	0.6918487
2667.11	-647.4697	-606.9477	0.6919699
2667.12	-647.3287	-606.9412	0.69209
2667.13	-647.1877	-606.9348	0.6922097
2667.14	-647.0467	-606.9285	0.6923288
2667.15	-646.9057	-606.9222	0.6924474
2667.16	-646.7646	-606.9159	0.6925656
2667.17	-646.6237	-606.9096	0.6926835
2667.18	-646.4827	-606.9034	0.6928017
2667.19	-646.3418	-606.8973	0.6929204
2667.2	-646.2009	-606.8912	0.6930397
2667.21	-646.0599	-606.8851	0.6931593
2667.22	-645.9191	-606.879	0.6932794
2667.23	-645.7782	-606.873	0.6934003
2667.24	-645.6373	-606.8671	0.6935219
2667.25	-645.4965	-606.8613	0.6936442
2667.26	-645.3557	-606.8553	0.6937672
2667.27	-645.2148	-606.8495	0.6938909
2667.28	-645.074	-606.8438	0.6940151
2667.29	-644.9333	-606.8381	0.6941399
2667.3	-644.7925	-606.8325	0.6942652
2667.31	-644.6518	-606.8268	0.6943911
2667.32	-644.511	-606.8212	0.6945174
2667.33	-644.3704	-606.8157	0.6946443
2667.34	-644.2297	-606.8102	0.6947715
2667.35	-644.089	-606.8048	0.6948991
2667.36	-643.9483	-606.7994	0.6950272
2667.37	-643.8076	-606.7941	0.6951556
2667.38	-643.667	-606.7888	0.6952844
2667.39	-643.5264	-606.7835	0.6954134
2667.4	-643.3857	-606.7783	0.6955429
2667.41	-643.2451	-606.7732	0.6956726
2667.42	-643.1045	-606.7681	0.6958027
2667.43	-642.9639	-606.763	0.6959329
2667.44	-642.8233	-606.758	0.6960635
2667.45	-642.6827	-606.7531	0.6961943
2667.46	-642.5422	-606.7482	0.6963252
2667.47	-642.4016	-606.7433	0.6964566
2667.48	-642.2611	-606.7385	0.696588
2667.49	-642.1206	-606.7337	0.6967196
2667.5	-641.9801	-606.7289	0.6968513
2667.51	-641.8395	-606.7243	0.6969833
2667.52	-641.6991	-606.7197	0.6971154
2667.53	-641.5587	-606.7151	0.6972476
2667.54	-641.4182	-606.7106	0.6973801
2667.55	-641.2778	-606.7061	0.6975126
2667.56	-641.1375	-606.7017	0.6976452
2667.57	-640.9971	-606.6973	0.697778
2667.58	-640.8567	-606.693	0.6979109
2667.59	-640.7164	-606.6887	0.6980438
2667.6	-640.576	-606.6845	0.6981769
2667.61	-640.4357	-606.6804	0.69831
2667.62	-640.2954	-606.6763	0.6984432
2667.63	-640.1552	-606.6722	0.6985765
2667.64	-640.0149	-606.6682	0.6987098
2667.65	-639.8746	-606.6641	0.6988433
2667.66	-639.7344	-606.6602	0.6989768
2667.67	-639.5941	-606.6564	0.6991102
2667.68	-639.4539	-606.6526	0.6992438
2667.69	-639.3137	-606.6488	0.6993774
2667.7	-639.1735	-606.6451	0.6995111
2667.71	-639.0333	-606.6414	0.6996447
2667.72	-638.8931	-606.6378	0.6997784
2667.73	-638.753	-606.6342	0.6999121
2667.74	-638.6129	-606.6307	0.7000459
2667.75	-638.4727	-606.6273	0.7001797
2667.76	-638.3326	-606.6239	0.7003135
2667.77	-638.1925	-606.6205	0.7004473
2667.78	-638.0524	-606.6172	0.7005811
2667.79	-637.9124	-606.614	0.7007149
2667.8	-637.7723	-606.6108	0.7008488
2667.81	-637.6323	-606.6077	0.7009826
2667.82	-637.4923	-606.6046	0.7011164
2667.83	-637.3523	-606.6015	0.7012503
2667.84	-637.2123	-606.5985	0.7013841
2667.85	-637.0724	-606.5956	0.701518
2667.86	-636.9324	-606.5927	0.7016518
2667.87	-636.7925	-606.5899	0.7017856
2667.88	-636.6526	-606.5872	0.7019195
2667.89	-636.5127	-606.5844	0.7020532
2667.9	-636.3728	-606.5817	0.702187
2667.91	-636.2329	-606.579	0.7023208
2667.92	-636.093	-606.5765	0.7024546
2667.93	-635.9532	-606.574	0.7025883
2667.94	-635.8134	-606.5715	0.7027221
2667.95	-635.6735	-606.5692	0.7028558
2667.96	-635.5337	-606.5668	0.7029894
2667.97	-635.3939	-606.5645	0.703123
2667.98	-635.2542	-606.5622	0.7032567
2667.99	-635.1144	-606.5599	0.7033904
2668	-634.9746	-606.5578	0.7035241
2668.01	-634.8349	-606.5557	0.7036577
2668.02	-634.6952	-606.5537	0.7037914
2668.03	-634.5555	-606.5517	0.7039256
2668.04	-634.4158	-606.5497	0.70406
2668.05	-634.2762	-606.5479	0.7041948
2668.06	-634.1365	-606.546	0.7043298
2668.07	-633.9969	-606.5442	0.7044652
2668.08	-633.8573	-606.5425	0.7046015
2668.09	-633.7177	-606.5408	0.7047389
2668.1	-633.5781	-606.5392	0.704877
2668.11	-633.4385	-606.5377	0.7050161
2668.12	-633.299	-606.5362	0.7051559
2668.13	-633.1594	-606.5347	0.7052971
2668.14	-633.0199	-606.5333	0.7054394
2668.15	-632.8804	-606.532	0.7055828
2668.16	-632.7408	-606.5307	0.7057273
2668.17	-632.6014	-606.5295	0.7058728
2668.18	-632.4619	-606.5283	0.7060194
2668.19	-632.3224	-606.5272	0.706167
2668.2	-632.183	-606.5262	0.7063156
2668.21	-632.0436	-606.5252	0.7064651
2668.22	-631.9042	-606.5243	0.7066156
2668.23	-631.7649	-606.5234	0.7067668
2668.24	-631.6255	-606.5226	0.7069188
2668.25	-631.4862	-606.5219	0.7070716
2668.26	-631.3469	-606.5212	0.7072251
2668.27	-631.2075	-606.5206	0.7073792
2668.28	-631.0682	-606.52	0.7075339
2668.29	-630.929	-606.5195	0.7076892
2668.3	-630.7897	-606.519	0.7078451
2668.31	-630.6504	-606.5186	0.7080015
2668.32	-630.5111	-606.5182	0.7081584
2668.33	-630.3719	-606.5179	0.7083157
2668.34	-630.2327	-606.5176	0.7084736
2668.35	-630.0934	-606.5175	0.7086318
2668.36	-629.9543	-606.5173	0.7087904
2668.37	-629.8151	-606.5173	0.7089493
2668.38	-629.676	-606.5173	0.7091087
2668.39	-629.5369	-606.5173	0.7092683
2668.4	-629.3978	-606.5175	0.7094282
2668.41	-629.2587	-606.5176	0.7095884
2668.42	-629.1196	-606.5179	0.7097489
2668.43	-628.9805	-606.5182	0.7099096
2668.44	-628.8414	-606.5186	0.7100705
2668.45	-628.7024	-606.519	0.7102315
2668.46	-628.5634	-606.5195	0.7103926
2668.47	-628.4243	-606.5201	0.7105538
2668.48	-628.2853	-606.5207	0.7107146
2668.49	-628.1464	-606.5214	0.7108749
2668.5	-628.0074	-606.5221	0.7110348
2668.51	-627.8685	-606.5229	0.7111943
2668.52	-627.7296	-606.5237	0.7113534
2668.53	-627.5906	-606.5247	0.71151
2668.54	-627.4518	-606.5256	0.7116643
2668.55	-627.3129	-606.5266	0.7118162
2668.56	-627.1741	-606.5276	0.711966
2668.57	-627.0352	-606.5287	0.7121139
2668.58	-626.8964	-606.5299	0.712257
2668.59	-626.7576	-606.5311	0.7123957
2668.6	-626.6188	-606.5324	0.7125302
2668.61	-626.48	-606.5337	0.7126607
2668.62	-626.3412	-606.535	0.7127874
2668.63	-626.2025	-606.5364	0.7129073
2668.64	-626.0638	-606.5378	0.7130209
2668.65	-625.925	-606.5392	0.7131282
2668.66	-625.7864	-606.5408	0.7132298
2668.67	-625.6477	-606.5422	0.7133259
2668.68	-625.509	-606.5438	0.7134133
2668.69	-625.3704	-606.5454	0.7134923
2668.7	-625.2318	-606.547	0.7135635
2668.71	-625.0932	-606.5486	0.7136273
2668.72	-624.9546	-606.5503	0.7136839
2668.73	-624.816	-606.5519	0.7137308
2668.74	-624.6775	-606.5536	0.7137687
2668.75	-624.5389	-606.5554	0.7137977
2668.76	-624.4004	-606.5571	0.7138184
2668.77	-624.2618	-606.5588	0.7138314
2668.78	-624.1234	-606.5605	0.7138346
2668.79	-623.9849	-606.5623	0.7138287
2668.8	-623.8464	-606.564	0.7138143
2668.81	-623.7079	-606.5658	0.7137915
2668.82	-623.5695	-606.5675	0.713761
2668.83	-623.4311	-606.5693	0.7137226
2668.84	-623.2927	-606.571	0.7136769
2668.85	-623.1544	-606.5728	0.7136241
2668.86	-623.016	-606.5746	0.7135646
2668.87	-622.8776	-606.5764	0.7134988
2668.88	-622.7393	-606.5782	0.7134272
2668.89	-622.601	-606.58	0.7133502
2668.9	-622.4627	-606.5818	0.7132679
2668.91	-622.3244	-606.5836	0.7131805
2668.92	-622.1861	-606.5854	0.7130885
2668.93	-622.0479	-606.5872	0.712993
2668.94	-621.9096	-606.5889	0.7128939
2668.95	-621.7714	-606.5906	0.7127916
2668.96	-621.6331	-606.5923	0.7126861
2668.97	-621.4949	-606.5941	0.7125778
2668.98	-621.3568	-606.5958	0.7124681
2668.99	-621.2186	-606.5975	0.7123573
2669	-621.0804	-606.5992	0.7122455
2669.01	-620.9423	-606.601	0.7121326
2669.02	-620.8041	-606.6027	0.7120187
2669.03	-620.666	-606.6044	0.7119056
2669.04	-620.528	-606.6061	0.7117933
2669.05	-620.3899	-606.6077	0.7116817
2669.06	-620.2518	-606.6094	0.7115709
2669.07	-620.1138	-606.6111	0.7114606
2669.08	-619.9758	-606.6127	0.7113522
2669.09	-619.8378	-606.6144	0.7112454
2669.1	-619.6998	-606.616	0.7111402
2669.11	-619.5618	-606.6176	0.7110364
2669.12	-619.4238	-606.6191	0.7109342
2669.13	-619.2858	-606.6208	0.7108335
2669.14	-619.1479	-606.6223	0.7107344
2669.15	-619.0099	-606.6238	0.7106369
2669.16	-618.872	-606.6254	0.7105407
2669.17	-618.7341	-606.6269	0.7104459
2669.18	-618.5963	-606.6284	0.7103525
2669.19	-618.4584	-606.6299	0.7102602
2669.2	-618.3206	-606.6313	0.7101691
2669.21	-618.1827	-606.6328	0.7100792
2669.22	-618.0449	-606.6342	0.7099902
2669.23	-617.9072	-606.6356	0.7099023
2669.24	-617.7694	-606.6369	0.7098153
2669.25	-617.6317	-606.6382	0.7097293
2669.26	-617.4939	-606.6396	0.709644
2669.27	-617.3561	-606.6409	0.7095597
2669.28	-617.2184	-606.6422	0.7094761
2669.29	-617.0807	-606.6434	0.7093932
2669.3	-616.9431	-606.6447	0.7093111
2669.31	-616.8054	-606.6458	0.7092295
2669.32	-616.6677	-606.647	0.7091487
2669.33	-616.53	-606.6481	0.7090684
2669.34	-616.3924	-606.6493	0.7089888
2669.35	-616.2548	-606.6503	0.7089097
2669.36	-616.1171	-606.6514	0.7088312
2669.37	-615.9796	-606.6524	0.7087532
2669.38	-615.842	-606.6534	0.7086756
2669.39	-615.7044	-606.6544	0.708599
2669.4	-615.5669	-606.6553	0.7085232
2669.41	-615.4294	-606.6563	0.7084482
2669.42	-615.2919	-606.6572	0.7083739
2669.43	-615.1544	-606.6581	0.7083013
2669.44	-615.017	-606.6589	0.7082303
2669.45	-614.8795	-606.6598	0.7081607
2669.46	-614.7421	-606.6606	0.7080926
2669.47	-614.6046	-606.6614	0.7080258
2669.48	-614.4672	-606.6622	0.7079616
2669.49	-614.3298	-606.6629	0.7078998
2669.5	-614.1924	-606.6636	0.7078403
2669.51	-614.0551	-606.6643	0.7077829
2669.52	-613.9177	-606.665	0.7077276
2669.53	-613.7803	-606.6657	0.7076755
2669.54	-613.643	-606.6663	0.7076264
2669.55	-613.5057	-606.667	0.7075802
2669.56	-613.3683	-606.6676	0.7075368
2669.57	-613.2311	-606.6682	0.707496
2669.58	-613.0938	-606.6688	0.7074596
2669.59	-612.9565	-606.6694	0.7074275
2669.6	-612.8193	-606.6699	0.7073994
2669.61	-612.6821	-606.6705	0.7073751
2669.62	-612.5449	-606.671	0.7073545
2669.63	-612.4078	-606.6716	0.7073398
2669.64	-612.2706	-606.6721	0.7073309
2669.65	-612.1335	-606.6726	0.7073275
2669.66	-611.9963	-606.6732	0.7073292
2669.67	-611.8592	-606.6738	0.7073358
2669.68	-611.7221	-606.6743	0.7073486
2669.69	-611.585	-606.6749	0.7073675
2669.7	-611.4479	-606.6754	0.7073921
2669.71	-611.3109	-606.676	0.707422
2669.72	-611.1738	-606.6765	0.707457
2669.73	-611.0367	-606.6771	0.707498
2669.74	-610.8997	-606.6777	0.7075444
2669.75	-610.7627	-606.6782	0.7075962
2669.76	-610.6257	-606.6788	0.707653
2669.77	-610.4888	-606.6794	0.7077146
2669.78	-610.3518	-606.6799	0.7077808
2669.79	-610.2149	-606.6806	0.7078513
2669.8	-610.078	-606.6812	0.707926
2669.81	-609.9411	-606.6819	0.7080045
2669.82	-609.8042	-606.6826	0.7080869
2669.83	-609.6673	-606.6832	0.7081728
2669.84	-609.5305	-606.6839	0.7082621
2669.85	-609.3936	-606.6846	0.7083547
2669.86	-609.2568	-606.6853	0.7084503
2669.87	-609.1199	-606.686	0.7085488
2669.88	-608.9832	-606.6868	0.7086501
2669.89	-608.8464	-606.6876	0.7087538
2669.9	-608.7096	-606.6884	0.70886
2669.91	-608.5728	-606.6891	0.7089685
2669.92	-608.4361	-606.6899	0.7090792
2669.93	-608.2994	-606.6908	0.7091917
2669.94	-608.1627	-606.6917	0.709306
2669.95	-608.026	-606.6925	0.7094219
2669.96	-607.8893	-606.6934	0.7095393
2669.97	-607.7527	-606.6944	0.7096581
2669.98	-607.6161	-606.6954	0.7097778
2669.99	-607.4795	-606.6964	0.7098979
2670	-607.3429	-606.6973	0.7100188
2670.01	-607.2063	-606.6984	0.71014
2670.02	-607.0697	-606.6995	0.7102619
2670.03	-606.9332	-606.7006	0.7103832
2670.04	-606.7966	-606.7017	0.7105036
2670.05	-606.6601	-606.7028	0.7106234
2670.06	-606.5236	-606.7039	0.7107426
2670.07	-606.387	-606.7051	0.7108611
2670.08	-606.2505	-606.7064	0.7109776
2670.09	-606.1141	-606.7076	0.7110918
2670.1	-605.9776	-606.7088	0.7112041
2670.11	-605.8412	-606.7101	0.7113144
2670.12	-605.7048	-606.7114	0.711423
2670.13	-605.5684	-606.7127	0.7115285
2670.14	-605.432	-606.7141	0.7116312
2670.15	-605.2957	-606.7155	0.7117312
2670.16	-605.1593	-606.7169	0.7118286
2670.17	-605.0229	-606.7183	0.7119236
2670.18	-604.8867	-606.7198	0.7120159
2670.19	-604.7504	-606.7213	0.7121053
2670.2	-604.6141	-606.7228	0.7121922
2670.21	-604.4778	-606.7242	0.7122769
2670.22	-604.3415	-606.7258	0.7123592
2670.23	-604.2053	-606.7274	0.7124395
2670.24	-604.069	-606.729	0.7125176
2670.25	-603.9328	-606.7307	0.7125937
2670.26	-603.7966	-606.7323	0.712668
2670.27	-603.6604	-606.734	0.7127406
2670.28	-603.5242	-606.7357	0.7128114
2670.29	-603.3881	-606.7374	0.7128807
2670.3	-603.252	-606.7392	0.7129485
2670.31	-603.1158	-606.741	0.7130148
2670.32	-602.9797	-606.7428	0.7130798
2670.33	-602.8437	-606.7446	0.7131435
2670.34	-602.7076	-606.7465	0.713206
2670.35	-602.5716	-606.7484	0.7132673
2670.36	-602.4355	-606.7503	0.7133274
2670.37	-602.2995	-606.7523	0.7133865
2670.38	-602.1635	-606.7543	0.7134441
2670.39	-602.0275	-606.7563	0.7135003
2670.4	-601.8915	-606.7583	0.7135552
2670.41	-601.7556	-606.7603	0.7136087
2670.42	-601.6196	-606.7625	0.7136611
2670.43	-601.4836	-606.7645	0.7137123
2670.44	-601.3477	-606.7666	0.7137608
2670.45	-601.2118	-606.7688	0.7138065
2670.46	-601.0759	-606.7709	0.7138497
2670.47	-600.9401	-606.7731	0.7138906
2670.48	-600.8042	-606.7752	0.7139276
2670.49	-600.6684	-606.7775	0.7139609
2670.5	-600.5326	-606.7797	0.7139909
2670.51	-600.3968	-606.7819	0.7140175
2670.52	-600.261	-606.7841	0.7140411
2670.53	-600.1252	-606.7863	0.7140599
2670.54	-599.9895	-606.7885	0.7140743
2670.55	-599.8538	-606.7908	0.7140844
2670.56	-599.718	-606.7931	0.7140905
2670.57	-599.5823	-606.7953	0.7140928
2670.58	-599.4466	-606.7976	0.7140898
2670.59	-599.3109	-606.7998	0.7140819
2670.6	-599.1752	-606.8021	0.7140693
2670.61	-599.0396	-606.8043	0.7140523
2670.62	-598.9039	-606.8066	0.7140311
2670.63	-598.7683	-606.8088	0.7140046
2670.64	-598.6327	-606.8111	0.7139733
2670.65	-598.4971	-606.8134	0.7139374
2670.66	-598.3616	-606.8156	0.713897
2670.67	-598.226	-606.8178	0.7138524
2670.68	-598.0905	-606.8201	0.7138036
2670.69	-597.955	-606.8223	0.7137508
2670.7	-597.8195	-606.8245	0.7136942
2670.71	-597.684	-606.8267	0.713634
2670.72	-597.5485	-606.829	0.7135703
2670.73	-597.4131	-606.8312	0.7135034
2670.74	-597.2776	-606.8333	0.7134333
2670.75	-597.1422	-606.8355	0.7133603
2670.76	-597.0068	-606.8376	0.7132844
2670.77	-596.8713	-606.8398	0.7132059
2670.78	-596.7359	-606.842	0.7131248
2670.79	-596.6005	-606.8441	0.7130412
2670.8	-596.4651	-606.8462	0.7129553
2670.81	-596.3298	-606.8483	0.7128672
2670.82	-596.1945	-606.8504	0.7127771
2670.83	-596.0591	-606.8524	0.7126849
2670.84	-595.9238	-606.8545	0.7125908
2670.85	-595.7886	-606.8565	0.7124949
2670.86	-595.6533	-606.8585	0.7123973
2670.87	-595.5181	-606.8605	0.712298
2670.88	-595.3828	-606.8624	0.7121972
2670.89	-595.2476	-606.8643	0.7120949
2670.9	-595.1124	-606.8663	0.7119913
2670.91	-594.9772	-606.8682	0.7118862
2670.92	-594.842	-606.87	0.7117798
2670.93	-594.7069	-606.8718	0.7116723
2670.94	-594.5718	-606.8737	0.7115636
2670.95	-594.4366	-606.8755	0.7114537
2670.96	-594.3015	-606.8773	0.7113428
2670.97	-594.1664	-606.879	0.7112309
2670.98	-594.0313	-606.8807	0.7111182
2670.99	-593.8962	-606.8824	0.7110044
2671	-593.7612	-606.884	0.7108898
2671.01	-593.6261	-606.8856	0.7107743
2671.02	-593.4911	-606.8873	0.7106581
2671.03	-593.3561	-606.8888	0.7105412
2671.04	-593.2211	-606.8903	0.7104236
2671.05	-593.0861	-606.8918	0.7103053
2671.06	-592.9511	-606.8932	0.7101864
2671.07	-592.8162	-606.8947	0.7100668
2671.08	-592.6812	-606.8961	0.7099467
2671.09	-592.5463	-606.8975	0.709826
2671.1	-592.4114	-606.8988	0.7097049
2671.11	-592.2766	-606.9001	0.7095832
2671.12	-592.1417	-606.9014	0.709461
2671.13	-592.0068	-606.9026	0.7093384
2671.14	-591.872	-606.9037	0.7092153
2671.15	-591.7372	-606.9049	0.7090919
2671.16	-591.6024	-606.906	0.7089682
2671.17	-591.4675	-606.9071	0.7088439
2671.18	-591.3328	-606.9081	0.7087194
2671.19	-591.198	-606.9091	0.7085945
2671.2	-591.0632	-606.91	0.7084693
2671.21	-590.9285	-606.9109	0.7083438
2671.22	-590.7937	-606.9118	0.708218
2671.23	-590.659	-606.9127	0.708092
2671.24	-590.5243	-606.9135	0.7079657
2671.25	-590.3896	-606.9142	0.7078391
2671.26	-590.2549	-606.9149	0.7077123
2671.27	-590.1203	-606.9155	0.7075852
2671.28	-589.9857	-606.9161	0.707458
2671.29	-589.8511	-606.9167	0.7073305
2671.3	-589.7165	-606.9173	0.7072029
2671.31	-589.5819	-606.9178	0.7070751
2671.32	-589.4473	-606.9182	0.7069471
2671.33	-589.3128	-606.9186	0.706819
2671.34	-589.1783	-606.919	0.7066908
2671.35	-589.0438	-606.9193	0.7065627
2671.36	-588.9092	-606.9196	0.7064345
2671.37	-588.7747	-606.9199	0.7063063
2671.38	-588.6402	-606.92	0.706178
2671.39	-588.5057	-606.9202	0.7060502
2671.4	-588.3713	-606.9203	0.7059228
2671.41	-588.2368	-606.9203	0.7057958
2671.42	-588.1024	-606.9203	0.7056692
2671.43	-587.968	-606.9203	0.7055435
2671.44	-587.8336	-606.9203	0.7054185
2671.45	-587.6993	-606.9202	0.7052944
2671.46	-587.5649	-606.92	0.7051709
2671.47	-587.4306	-606.9198	0.7050481
2671.48	-587.2963	-606.9196	0.7049267
2671.49	-587.162	-606.9193	0.7048065
2671.5	-587.0278	-606.919	0.7046875
2671.51	-586.8935	-606.9186	0.7045696
2671.52	-586.7592	-606.9182	0.7044527
2671.53	-586.625	-606.9178	0.7043378
2671.54	-586.4908	-606.9174	0.7042245
2671.55	-586.3566	-606.9168	0.7041129
2671.56	-586.2224	-606.9163	0.704003
2671.57	-586.0881	-606.9157	0.7038946
2671.58	-585.954	-606.915	0.703788
2671.59	-585.8198	-606.9144	0.7036833
2671.6	-585.6857	-606.9137	0.7035804
2671.61	-585.5516	-606.9129	0.7034793
2671.62	-585.4175	-606.9121	0.7033796
2671.63	-585.2834	-606.9113	0.7032818
2671.64	-585.1493	-606.9105	0.7031855
2671.65	-585.0153	-606.9095	0.7030907
2671.66	-584.8812	-606.9086	0.7029974
2671.67	-584.7472	-606.9077	0.7029054
2671.68	-584.6132	-606.9067	0.7028148
2671.69	-584.4792	-606.9056	0.7027253
2671.7	-584.3453	-606.9045	0.7026371
2671.71	-584.2113	-606.9034	0.7025499
2671.72	-584.0773	-606.9022	0.7024639
2671.73	-583.9434	-606.9011	0.7023788
2671.74	-583.8094	-606.8998	0.7022948
2671.75	-583.6755	-606.8986	0.7022117
2671.76	-583.5416	-606.8972	0.7021295
2671.77	-583.4078	-606.8959	0.7020481
2671.78	-583.2739	-606.8945	0.701968
2671.79	-583.1401	-606.8932	0.7018888
2671.8	-583.0063	-606.8917	0.7018107
2671.81	-582.8725	-606.8903	0.7017335
2671.82	-582.7387	-606.8887	0.7016574
2671.83	-582.605	-606.8872	0.7015828
2671.84	-582.4713	-606.8856	0.7015098
2671.85	-582.3375	-606.884	0.7014383
2671.86	-582.2038	-606.8824	0.7013683
2671.87	-582.0701	-606.8807	0.7012995
2671.88	-581.9363	-606.879	0.7012321
2671.89	-581.8027	-606.8773	0.7011676
2671.9	-581.669	-606.8755	0.7011058
2671.91	-581.5353	-606.8738	0.7010465
2671.92	-581.4017	-606.8721	0.7009897
2671.93	-581.2681	-606.8702	0.7009362
2671.94	-581.1345	-606.8684	0.7008858
2671.95	-581.0009	-606.8666	0.7008383
2671.96	-580.8673	-606.8647	0.7007936
2671.97	-580.7338	-606.8628	0.7007515
2671.98	-580.6002	-606.8609	0.7007126
2671.99	-580.4667	-606.859	0.7006769
2672	-580.3333	-606.857	0.7006442
2672.01	-580.1998	-606.855	0.7006143
2672.02	-580.0663	-606.8531	0.700587
2672.03	-579.9329	-606.8511	0.7005624
2672.04	-579.7994	-606.8491	0.7005404
2672.05	-579.666	-606.8471	0.7005209
2672.06	-579.5326	-606.845	0.7005038
2672.07	-579.3992	-606.843	0.7004889
2672.08	-579.2657	-606.8409	0.7004761
2672.09	-579.1324	-606.8389	0.7004653
2672.1	-578.999	-606.8368	0.7004564
2672.11	-578.8657	-606.8347	0.7004493
2672.12	-578.7323	-606.8326	0.7004439
2672.13	-578.599	-606.8304	0.7004403
2672.14	-578.4657	-606.8283	0.7004382
2672.15	-578.3324	-606.8262	0.7004376
2672.16	-578.1992	-606.824	0.7004385
2672.17	-578.0659	-606.8218	0.7004408
2672.18	-577.9327	-606.8196	0.7004448
2672.19	-577.7995	-606.8174	0.7004507
2672.2	-577.6663	-606.8152	0.700458
2672.21	-577.5331	-606.813	0.700467
2672.22	-577.4	-606.8109	0.7004774
2672.23	-577.2668	-606.8087	0.7004901
2672.24	-577.1337	-606.8065	0.7005051
2672.25	-577.0006	-606.8043	0.7005222
2672.26	-576.8675	-606.8021	0.7005414
2672.27	-576.7344	-606.7999	0.7005625
2672.28	-576.6013	-606.7977	0.700586
2672.29	-576.4683	-606.7955	0.7006117
2672.3	-576.3352	-606.7933	0.7006395
2672.31	-576.2021	-606.7911	0.7006695
2672.32	-576.0691	-606.789	0.7007013
2672.33	-575.9361	-606.7868	0.700735
2672.34	-575.8031	-606.7846	0.7007704
2672.35	-575.6701	-606.7824	0.7008075
2672.36	-575.5372	-606.7803	0.7008461
2672.37	-575.4042	-606.7781	0.7008862
2672.38	-575.2713	-606.7759	0.7009278
2672.39	-575.1384	-606.7737	0.7009706
2672.4	-575.0056	-606.7715	0.7010148
2672.41	-574.8727	-606.7693	0.7010602
2672.42	-574.7398	-606.7672	0.7011068
2672.43	-574.607	-606.7651	0.7011544
2672.44	-574.4742	-606.7629	0.7012032
2672.45	-574.3414	-606.7608	0.7012528
2672.46	-574.2086	-606.7587	0.7013035
2672.47	-574.0757	-606.7566	0.701355
2672.48	-573.9429	-606.7545	0.7014073
2672.49	-573.8102	-606.7524	0.7014605
2672.5	-573.6774	-606.7503	0.7015146
2672.51	-573.5447	-606.7482	0.7015693
2672.52	-573.4119	-606.7462	0.7016248
2672.53	-573.2792	-606.7441	0.701681
2672.54	-573.1465	-606.7421	0.7017377
2672.55	-573.0139	-606.7401	0.7017952
2672.56	-572.8812	-606.738	0.7018532
2672.57	-572.7485	-606.7361	0.7019117
2672.58	-572.6158	-606.7341	0.7019708
2672.59	-572.4832	-606.7321	0.7020304
2672.6	-572.3505	-606.7302	0.7020905
2672.61	-572.2179	-606.7282	0.702151
2672.62	-572.0853	-606.7263	0.702212
2672.63	-571.9526	-606.7244	0.7022734
2672.64	-571.82	-606.7225	0.7023352
2672.65	-571.6874	-606.7206	0.7023975
2672.66	-571.5547	-606.7188	0.70246
2672.67	-571.4221	-606.7169	0.7025229
2672.68	-571.2896	-606.7151	0.7025861
2672.69	-571.157	-606.7133	0.7026496
2672.7	-571.0244	-606.7115	0.7027134
2672.71	-570.8918	-606.7097	0.7027774
2672.72	-570.7593	-606.7079	0.7028418
2672.73	-570.6267	-606.7062	0.7029063
2672.74	-570.4941	-606.7045	0.7029711
2672.75	-570.3616	-606.7028	0.7030361
2672.76	-570.229	-606.701	0.7031013
2672.77	-570.0964	-606.6994	0.7031668
2672.78	-569.9639	-606.6978	0.7032323
2672.79	-569.8314	-606.6962	0.7032982
2672.8	-569.6988	-606.6945	0.7033641
2672.81	-569.5662	-606.693	0.7034303
2672.82	-569.4337	-606.6914	0.7034965
2672.83	-569.3011	-606.6899	0.7035629
2672.84	-569.1686	-606.6884	0.7036295
2672.85	-569.0361	-606.6868	0.7036961
2672.86	-568.9036	-606.6854	0.7037629
2672.87	-568.7711	-606.6839	0.7038298
2672.88	-568.6385	-606.6825	0.7038968
2672.89	-568.506	-606.681	0.7039639
2672.9	-568.3735	-606.6797	0.7040311
2672.91	-568.241	-606.6783	0.7040985
2672.92	-568.1085	-606.6769	0.7041659
2672.93	-567.976	-606.6756	0.7042333
2672.94	-567.8435	-606.6743	0.7043009
2672.95	-567.711	-606.673	0.7043685
2672.96	-567.5785	-606.6717	0.7044362
2672.97	-567.446	-606.6705	0.704504
2672.98	-567.3135	-606.6693	0.7045718
2672.99	-567.181	-606.6681	0.7046397
2673	-567.0485	-606.6669	0.7047076
2673.01	-566.916	-606.6658	0.7047756
2673.02	-566.7835	-606.6646	0.7048436
2673.03	-566.6511	-606.6635	0.7049118
2673.04	-566.5186	-606.6624	0.7049799
2673.05	-566.3861	-606.6613	0.705048
2673.06	-566.2536	-606.6603	0.7051163
2673.07	-566.1211	-606.6593	0.7051845
2673.08	-565.9886	-606.6583	0.7052528
2673.09	-565.8561	-606.6573	0.705321
2673.1	-565.7236	-606.6564	0.7053894
2673.11	-565.5911	-606.6555	0.7054578
2673.12	-565.4586	-606.6547	0.7055262
2673.13	-565.3261	-606.6537	0.7055946
2673.14	-565.1936	-606.6529	0.7056631
2673.15	-565.0611	-606.6521	0.7057316
2673.16	-564.9286	-606.6513	0.7058
2673.17	-564.796	-606.6506	0.7058685
2673.18	-564.6635	-606.6498	0.705937
2673.19	-564.531	-606.6491	0.7060055
2673.2	-564.3984	-606.6484	0.7060741
2673.21	-564.2659	-606.6478	0.7061426
2673.22	-564.1333	-606.6471	0.7062111
2673.23	-564.0007	-606.6465	0.7062797
2673.24	-563.8682	-606.6459	0.7063484
2673.25	-563.7356	-606.6453	0.706417
2673.26	-563.603	-606.6448	0.7064856
2673.27	-563.4703	-606.6442	0.7065541
2673.28	-563.3377	-606.6437	0.7066228
2673.29	-563.2051	-606.6432	0.7066914
2673.3	-563.0724	-606.6428	0.70676
2673.31	-562.9398	-606.6424	0.7068286
2673.32	-562.8071	-606.642	0.7068973
2673.33	-562.6745	-606.6416	0.706966
2673.34	-562.5418	-606.6413	0.7070346
2673.35	-562.4091	-606.6409	0.7071033
2673.36	-562.2764	-606.6406	0.7071719
2673.37	-562.1437	-606.6404	0.7072405
2673.38	-562.011	-606.6401	0.7073092
2673.39	-561.8782	-606.64	0.7073779
2673.4	-561.7455	-606.6397	0.7074465
2673.41	-561.6127	-606.6396	0.7075152
2673.42	-561.4799	-606.6394	0.7075838
2673.43	-561.3472	-606.6393	0.7076523
2673.44	-561.2144	-606.6392	0.7077206
2673.45	-561.0815	-606.6392	0.7077888
2673.46	-560.9487	-606.6391	0.7078568
2673.47	-560.8159	-606.639	0.7079247
2673.48	-560.683	-606.6391	0.7079918
2673.49	-560.5502	-606.6391	0.7080581
2673.5	-560.4173	-606.6392	0.7081238
2673.51	-560.2844	-606.6392	0.7081888
2673.52	-560.1515	-606.6393	0.7082532
2673.53	-560.0186	-606.6395	0.7083169
2673.54	-559.8856	-606.6396	0.7083789
2673.55	-559.7527	-606.6398	0.7084392
2673.56	-559.6197	-606.64	0.7084978
2673.57	-559.4867	-606.6402	0.708555
2673.58	-559.3537	-606.6404	0.7086092
2673.59	-559.2207	-606.6406	0.7086607
2673.6	-559.0877	-606.6409	0.7087095
2673.61	-558.9547	-606.6411	0.7087557
2673.62	-558.8216	-606.6414	0.7087996
2673.63	-558.6885	-606.6416	0.7088395
2673.64	-558.5555	-606.642	0.7088757
2673.65	-558.4224	-606.6423	0.7089083
2673.66	-558.2892	-606.6426	0.7089375
2673.67	-558.1561	-606.6429	0.7089636
2673.68	-558.023	-606.6432	0.7089843
2673.69	-557.8899	-606.6436	0.7089998
2673.7	-557.7567	-606.6439	0.7090104
2673.71	-557.6235	-606.6442	0.7090164
2673.72	-557.4903	-606.6445	0.7090181
2673.73	-557.3571	-606.6449	0.7090138
2673.74	-557.2239	-606.6453	0.7090039
2673.75	-557.0906	-606.6456	0.7089887
2673.76	-556.9573	-606.6459	0.7089685
2673.77	-556.824	-606.6462	0.7089435
2673.78	-556.6907	-606.6465	0.7089136
2673.79	-556.5574	-606.6469	0.7088791
2673.8	-556.4241	-606.6472	0.7088401
2673.81	-556.2907	-606.6474	0.7087969
2673.82	-556.1573	-606.6477	0.7087498
2673.83	-556.024	-606.648	0.7086988
2673.84	-555.8906	-606.6483	0.7086443
2673.85	-555.7572	-606.6486	0.7085865
2673.86	-555.6238	-606.6488	0.7085254
2673.87	-555.4904	-606.6491	0.7084613
2673.88	-555.357	-606.6494	0.7083946
2673.89	-555.2236	-606.6496	0.7083255
2673.9	-555.0903	-606.6498	0.7082542
2673.91	-554.9569	-606.65	0.7081805
2673.92	-554.8235	-606.6503	0.708105
2673.93	-554.6902	-606.6505	0.7080284
2673.94	-554.5569	-606.6507	0.7079512
2673.95	-554.4236	-606.6509	0.707873
2673.96	-554.2903	-606.6511	0.7077942
2673.97	-554.157	-606.6512	0.7077147
2673.98	-554.0238	-606.6514	0.7076359
2673.99	-553.8906	-606.6515	0.7075577
2674	-553.7573	-606.6516	0.7074802
2674.01	-553.6241	-606.6518	0.7074031
2674.02	-553.491	-606.6519	0.7073267
2674.03	-553.3578	-606.652	0.7072523
2674.04	-553.2246	-606.652	0.70718
2674.05	-553.0915	-606.6522	0.7071095
2674.06	-552.9584	-606.6523	0.7070407
2674.07	-552.8253	-606.6523	0.7069736
2674.08	-552.6922	-606.6525	0.7069094
2674.09	-552.5591	-606.6525	0.7068478
2674.1	-552.4261	-606.6525	0.7067888
2674.11	-552.293	-606.6526	0.706732
2674.12	-552.16	-606.6526	0.7066776
2674.13	-552.027	-606.6526	0.7066265
2674.14	-551.894	-606.6526	0.7065784
2674.15	-551.761	-606.6527	0.7065333
2674.16	-551.628	-606.6527	0.706491
2674.17	-551.495	-606.6527	0.7064514
2674.18	-551.3621	-606.6526	0.7064156
2674.19	-551.2291	-606.6526	0.7063835
2674.2	-551.0962	-606.6526	0.7063548
2674.21	-550.9633	-606.6526	0.7063295
2674.22	-550.8304	-606.6526	0.7063072
2674.23	-550.6975	-606.6526	0.7062894
2674.24	-550.5646	-606.6526	0.7062756
2674.25	-550.4318	-606.6526	0.7062659
2674.26	-550.299	-606.6526	0.7062599
2674.27	-550.1662	-606.6526	0.7062575
2674.28	-550.0334	-606.6525	0.7062591
2674.29	-549.9007	-606.6525	0.7062644
2674.3	-549.7679	-606.6524	0.7062732
2674.31	-549.6352	-606.6524	0.7062854
2674.32	-549.5024	-606.6523	0.7063008
2674.33	-549.3698	-606.6523	0.7063193
2674.34	-549.2371	-606.6522	0.7063406
2674.35	-549.1044	-606.6522	0.7063647
2674.36	-548.9717	-606.6521	0.7063914
2674.37	-548.839	-606.652	0.7064206
2674.38	-548.7064	-606.6521	0.7064522
2674.39	-548.574	-606.6521	0.706486
2674.4	-548.4421	-606.6521	0.7065219
2674.41	-548.3104	-606.6521	0.70656
2674.42	-548.1791	-606.6522	0.7066
2674.43	-548.0481	-606.6522	0.7066417
2674.44	-547.9174	-606.6522	0.7066853
2674.45	-547.787	-606.6522	0.7067305
2674.46	-547.657	-606.6522	0.7067773
2674.47	-547.5272	-606.6522	0.7068255
2674.48	-547.3978	-606.6522	0.7068751
2674.49	-547.2687	-606.6523	0.7069261
2674.5	-547.14	-606.6523	0.7069783
2674.51	-547.0114	-606.6525	0.7070318
2674.52	-546.8832	-606.6525	0.7070863
2674.53	-546.7554	-606.6526	0.7071419
2674.54	-546.6279	-606.6527	0.7071984
2674.55	-546.5007	-606.6528	0.7072559
2674.56	-546.3738	-606.6528	0.7073143
2674.57	-546.2473	-606.653	0.7073734
2674.58	-546.1211	-606.6531	0.7074334
2674.59	-545.9952	-606.6533	0.707494
2674.6	-545.8696	-606.6534	0.7075554
2674.61	-545.7444	-606.6536	0.7076173
2674.62	-545.6194	-606.6538	0.7076799
2674.63	-545.4948	-606.654	0.7077429
2674.64	-545.3705	-606.6542	0.7078065
2674.65	-545.2466	-606.6544	0.7078705
2674.66	-545.1229	-606.6546	0.707935
2674.67	-544.9996	-606.6549	0.7079998
2674.68	-544.8766	-606.6552	0.7080652
2674.69	-544.7539	-606.6555	0.7081308
2674.7	-544.6315	-606.6557	0.7081966
2674.71	-544.5095	-606.6561	0.7082628
2674.72	-544.3877	-606.6564	0.7083292
2674.73	-544.2663	-606.6567	0.708396
2674.74	-544.1452	-606.657	0.708463
2674.75	-544.0244	-606.6574	0.7085303
2674.76	-543.9039	-606.6578	0.7085978
2674.77	-543.7838	-606.6582	0.7086656
2674.78	-543.6639	-606.6586	0.7087336
2674.79	-543.5444	-606.6591	0.7088019
2674.8	-543.4252	-606.6595	0.708871
2674.81	-543.3063	-606.66	0.7089404
2674.82	-543.1878	-606.6605	0.7090102
2674.83	-543.0696	-606.661	0.7090809
2674.84	-542.9517	-606.6616	0.7091523
2674.85	-542.8341	-606.6621	0.7092243
2674.86	-542.7169	-606.6627	0.7092971
2674.87	-542.5999	-606.6633	0.7093703
2674.88	-542.4833	-606.6639	0.7094447
2674.89	-542.367	-606.6646	0.7095202
2674.9	-542.251	-606.6652	0.7095968
2674.91	-542.1354	-606.6659	0.7096742
2674.92	-542.02	-606.6666	0.7097525
2674.93	-541.905	-606.6673	0.7098321
2674.94	-541.7903	-606.6681	0.7099131
2674.95	-541.676	-606.6688	0.7099953
2674.96	-541.5619	-606.6697	0.7100786
2674.97	-541.4481	-606.6705	0.7101629
2674.98	-541.3347	-606.6713	0.7102487
2674.99	-541.2216	-606.6722	0.7103359
2675	-541.1088	-606.6731	0.7104244
2675.01	-540.9963	-606.6741	0.7105142
2675.02	-540.8842	-606.675	0.710605
2675.03	-540.7723	-606.676	0.7106972
2675.04	-540.6608	-606.677	0.7107906
2675.05	-540.5496	-606.678	0.7108851
2675.06	-540.4388	-606.6791	0.7109808
2675.07	-540.3282	-606.6802	0.7110774
2675.08	-540.218	-606.6813	0.711175
2675.09	-540.1082	-606.6825	0.7112735
2675.1	-539.9986	-606.6837	0.7113729
2675.11	-539.8893	-606.6849	0.711473
2675.12	-539.7804	-606.6861	0.7115739
2675.13	-539.6718	-606.6873	0.7116754
2675.14	-539.5635	-606.6886	0.7117775
2675.15	-539.4556	-606.6899	0.7118801
2675.16	-539.3479	-606.6912	0.7119833
2675.17	-539.2405	-606.6926	0.7120868
2675.18	-539.1335	-606.694	0.7121907
2675.19	-539.0269	-606.6954	0.7122949
2675.2	-538.9207	-606.6968	0.7123984
2675.21	-538.8149	-606.6983	0.7125057
2675.22	-538.709	-606.6998	0.7126128
2675.23	-538.6031	-606.7013	0.7127197
2675.24	-538.4973	-606.7029	0.7128265
2675.25	-538.3915	-606.7045	0.7129332
2675.26	-538.2856	-606.7061	0.7130397
2675.27	-538.1798	-606.7077	0.7131462
2675.28	-538.074	-606.7094	0.7132523
2675.29	-537.9682	-606.7111	0.7133573
2675.3	-537.8624	-606.7128	0.7134613
2675.31	-537.7567	-606.7146	0.7135642
2675.32	-537.6509	-606.7164	0.7136661
2675.33	-537.5452	-606.7181	0.7137659
2675.34	-537.4395	-606.72	0.7138637
2675.35	-537.3337	-606.7219	0.7139597
2675.36	-537.228	-606.7237	0.714054
2675.37	-537.1223	-606.7256	0.7141467
2675.38	-537.0167	-606.7276	0.7142367
2675.39	-536.911	-606.7295	0.7143242
2675.4	-536.8054	-606.7315	0.7144095
2675.41	-536.6997	-606.7335	0.7144927
2675.42	-536.5941	-606.7355	0.7145738
2675.43	-536.4885	-606.7375	0.7146529
2675.44	-536.3829	-606.7396	0.7147302
2675.45	-536.2773	-606.7416	0.7148058
2675.46	-536.1718	-606.7438	0.7148797
2675.47	-536.0662	-606.7458	0.7149521
2675.48	-535.9606	-606.748	0.7150231
2675.49	-535.8551	-606.7502	0.7150927
2675.5	-535.7495	-606.7524	0.7151612
2675.51	-535.6439	-606.7546	0.7152285
2675.52	-535.5383	-606.7568	0.7152947
2675.53	-535.4326	-606.7591	0.7153598
2675.54	-535.3269	-606.7614	0.715424
2675.55	-535.2211	-606.7637	0.7154873
2675.56	-535.1153	-606.766	0.7155498
2675.57	-535.0095	-606.7684	0.7156114
2675.58	-534.9036	-606.7708	0.7156723
2675.59	-534.7976	-606.7732	0.7157325
2675.6	-534.6916	-606.7756	0.7157921
2675.61	-534.5855	-606.778	0.715851
2675.62	-534.4794	-606.7805	0.7159094
2675.63	-534.3732	-606.783	0.7159672
2675.64	-534.2669	-606.7855	0.7160246
2675.65	-534.1606	-606.788	0.7160814
2675.66	-534.0542	-606.7906	0.7161378
2675.67	-533.9478	-606.7932	0.7161939
2675.68	-533.8412	-606.7958	0.7162495
2675.69	-533.7347	-606.7984	0.7163048
2675.7	-533.6281	-606.8011	0.7163598
2675.71	-533.5214	-606.8037	0.7164145
2675.72	-533.4146	-606.8065	0.7164688
2675.73	-533.3078	-606.8091	0.7165229
2675.74	-533.2009	-606.8118	0.7165769
2675.75	-533.0939	-606.8146	0.7166305
2675.76	-532.9869	-606.8174	0.7166839
2675.77	-532.8798	-606.8201	0.7167372
2675.78	-532.7726	-606.823	0.7167902
2675.79	-532.6653	-606.8258	0.7168431
2675.8	-532.5579	-606.8286	0.7168958
2675.81	-532.4504	-606.8315	0.7169484
2675.82	-532.3429	-606.8344	0.7170008
2675.83	-532.2353	-606.8373	0.7170531
2675.84	-532.1276	-606.8403	0.7171053
2675.85	-532.0198	-606.8432	0.7171574
2675.86	-531.9119	-606.8461	0.7172093
2675.87	-531.804	-606.8492	0.7172612
2675.88	-531.6959	-606.8522	0.7173128
2675.89	-531.5878	-606.8552	0.7173641
2675.9	-531.4796	-606.8583	0.7174153
2675.91	-531.3712	-606.8613	0.7174662
2675.92	-531.2628	-606.8644	0.717517
2675.93	-531.1543	-606.8676	0.7175673
2675.94	-531.0457	-606.8707	0.7176173
2675.95	-530.937	-606.8738	0.7176669
2675.96	-530.8282	-606.877	0.7177162
2675.97	-530.7194	-606.8802	0.7177652
2675.98	-530.6104	-606.8834	0.7178137
2675.99	-530.5014	-606.8866	0.7178618
2676	-530.3923	-606.8898	0.7179095
2676.01	-530.2831	-606.8931	0.717957
2676.02	-530.1738	-606.8964	0.718004
2676.03	-530.0644	-606.8997	0.7180508
2676.04	-529.955	-606.903	0.7180973
2676.05	-529.8454	-606.9063	0.7181436
2676.06	-529.7358	-606.9097	0.7181895
2676.07	-529.626	-606.913	0.7182353
2676.08	-529.5162	-606.9164	0.7182809
2676.09	-529.4064	-606.9198	0.7183262
2676.1	-529.2964	-606.9232	0.7183713
2676.11	-529.1863	-606.9267	0.7184164
2676.12	-529.0761	-606.9301	0.7184612
2676.13	-528.9659	-606.9336	0.7185059
2676.14	-528.8555	-606.9371	0.7185505
2676.15	-528.7451	-606.9406	0.7185949
2676.16	-528.6346	-606.9441	0.7186393
2676.17	-528.524	-606.9476	0.7186835
2676.18	-528.4133	-606.9512	0.7187276
2676.19	-528.3026	-606.9548	0.7187716
2676.2	-528.1917	-606.9584	0.7188156
2676.21	-528.0807	-606.962	0.7188594
2676.22	-527.9697	-606.9656	0.7189033
2676.23	-527.8586	-606.9692	0.718947
2676.24	-527.7474	-606.9729	0.7189907
2676.25	-527.6362	-606.9766	0.7190344
2676.26	-527.5248	-606.9803	0.7190779
2676.27	-527.4133	-606.984	0.7191215
2676.28	-527.3018	-606.9878	0.7191651
2676.29	-527.1901	-606.9915	0.7192085
2676.3	-527.0784	-606.9952	0.7192519
2676.31	-526.9666	-606.9991	0.7192954
2676.32	-526.8547	-607.0029	0.7193389
2676.33	-526.7427	-607.0067	0.7193822
2676.34	-526.6307	-607.0105	0.7194256
2676.35	-526.5186	-607.0144	0.719469
2676.36	-526.4063	-607.0182	0.7195123
2676.37	-526.2939	-607.0221	0.7195556
2676.38	-526.1815	-607.0261	0.7195989
2676.39	-526.069	-607.03	0.7196423
2676.4	-525.9564	-607.0339	0.7196856
2676.41	-525.8438	-607.0378	0.7197289
2676.42	-525.731	-607.0419	0.7197722
2676.43	-525.6182	-607.0458	0.7198156
2676.44	-525.5052	-607.0498	0.7198589
2676.45	-525.3923	-607.0539	0.7199023
2676.46	-525.2792	-607.0579	0.7199457
2676.47	-525.166	-607.062	0.7199889
2676.48	-525.0528	-607.066	0.7200323
2676.49	-524.9395	-607.0701	0.7200756
2676.5	-524.826	-607.0742	0.7201189
2676.51	-524.7125	-607.0783	0.7201622
2676.52	-524.5989	-607.0825	0.7202054
2676.53	-524.4853	-607.0867	0.7202484
2676.54	-524.3715	-607.0908	0.7202912
2676.55	-524.2577	-607.095	0.7203338
2676.56	-524.1437	-607.0992	0.7203763
2676.57	-524.0297	-607.1035	0.7204185
2676.58	-523.9156	-607.1077	0.7204605
2676.59	-523.8014	-607.1119	0.7205021
2676.6	-523.6871	-607.1162	0.7205433
2676.61	-523.5728	-607.1205	0.720584
2676.62	-523.4583	-607.1248	0.7206243
2676.63	-523.3438	-607.1292	0.7206638
2676.64	-523.2292	-607.1335	0.7207026
2676.65	-523.1145	-607.1378	0.7207409
2676.66	-522.9998	-607.1422	0.7207785
2676.67	-522.8849	-607.1466	0.7208155
2676.68	-522.77	-607.151	0.7208515
2676.69	-522.655	-607.1554	0.7208868
2676.7	-522.5399	-607.1599	0.7209212
2676.71	-522.4247	-607.1642	0.7209548
2676.72	-522.3094	-607.1687	0.7209877
2676.73	-522.194	-607.1732	0.7210194
2676.74	-522.0786	-607.1776	0.7210499
2676.75	-521.9631	-607.1821	0.7210793
2676.76	-521.8475	-607.1866	0.7211077
2676.77	-521.7318	-607.1911	0.7211351
2676.78	-521.616	-607.1956	0.7211611
2676.79	-521.5002	-607.2001	0.7211857
2676.8	-521.3843	-607.2047	0.721209
2676.81	-521.2682	-607.2092	0.7212311
2676.82	-521.1522	-607.2138	0.7212521
2676.83	-521.036	-607.2184	0.7212716
2676.84	-520.9197	-607.223	0.7212897
2676.85	-520.8034	-607.2275	0.7213065
2676.86	-520.687	-607.2321	0.7213221
2676.87	-520.5704	-607.2367	0.7213365
2676.88	-520.4539	-607.2413	0.7213494
2676.89	-520.3372	-607.246	0.7213608
2676.9	-520.2205	-607.2507	0.7213709
2676.91	-520.1036	-607.2553	0.7213797
2676.92	-519.9868	-607.2599	0.7213873
2676.93	-519.8698	-607.2646	0.7213938
2676.94	-519.7527	-607.2692	0.7213991
2676.95	-519.6355	-607.2739	0.7214033
2676.96	-519.5182	-607.2786	0.7214065
2676.97	-519.4009	-607.2833	0.7214088
2676.98	-519.2836	-607.288	0.7214102
2676.99	-519.1661	-607.2927	0.7214108
2677	-519.0485	-607.2974	0.7214105
2677.01	-518.9308	-607.3021	0.7214096
2677.02	-518.8131	-607.3068	0.7214078
2677.03	-518.6953	-607.3115	0.7214055
2677.04	-518.5775	-607.3162	0.7214025
2677.05	-518.4595	-607.3209	0.7213989
2677.06	-518.3414	-607.3257	0.7213947
2677.07	-518.2233	-607.3304	0.7213901
2677.08	-518.105	-607.3352	0.7213849
2677.09	-517.9867	-607.34	0.7213792
2677.1	-517.8683	-607.3447	0.721373
2677.11	-517.7498	-607.3495	0.7213665
2677.12	-517.6313	-607.3542	0.7213594
2677.13	-517.5127	-607.3589	0.7213521
2677.14	-517.394	-607.3637	0.7213444
2677.15	-517.2752	-607.3685	0.7213363
2677.16	-517.1563	-607.3732	0.7213278
2677.17	-517.0374	-607.378	0.7213191
2677.18	-516.9183	-607.3828	0.7213101
2677.19	-516.7993	-607.3876	0.7213008
2677.2	-516.6801	-607.3924	0.7212913
2677.21	-516.5608	-607.3972	0.7212815
2677.22	-516.4414	-607.402	0.7212715
2677.23	-516.322	-607.4069	0.7212613
2677.24	-516.2025	-607.4117	0.7212508
2677.25	-516.0829	-607.4165	0.7212402
2677.26	-515.9633	-607.4213	0.7212294
2677.27	-515.8435	-607.4261	0.7212184
2677.28	-515.7237	-607.4309	0.7212072
2677.29	-515.6038	-607.4357	0.7211959
2677.3	-515.4838	-607.4406	0.7211844
2677.31	-515.3638	-607.4454	0.7211728
2677.32	-515.2436	-607.4502	0.7211611
2677.33	-515.1234	-607.455	0.7211491
2677.34	-515.0031	-607.4598	0.7211372
2677.35	-514.8828	-607.4647	0.721125
2677.36	-514.7623	-607.4695	0.7211128
2677.37	-514.6417	-607.4743	0.7211005
2677.38	-514.5211	-607.4791	0.7210881
2677.39	-514.4005	-607.4839	0.7210755
2677.4	-514.2797	-607.4887	0.721063
2677.41	-514.1588	-607.4935	0.7210503
2677.42	-514.0378	-607.4984	0.7210375
2677.43	-513.9169	-607.5032	0.7210247
2677.44	-513.7958	-607.508	0.7210119
2677.45	-513.6746	-607.5128	0.7209989
2677.46	-513.5533	-607.5176	0.7209858
2677.47	-513.432	-607.5225	0.7209727
2677.48	-513.3106	-607.5273	0.7209595
2677.49	-513.1891	-607.5321	0.7209463
2677.5	-513.0676	-607.5369	0.7209331
2677.51	-512.9459	-607.5417	0.7209198
2677.52	-512.8242	-607.5465	0.7209064
2677.53	-512.7025	-607.5513	0.720893
2677.54	-512.5806	-607.5562	0.7208796
2677.55	-512.4586	-607.561	0.7208661
2677.56	-512.3366	-607.5658	0.7208526
2677.57	-512.2145	-607.5706	0.7208391
2677.58	-512.0923	-607.5754	0.7208255
2677.59	-511.9701	-607.5803	0.7208118
2677.6	-511.8477	-607.5851	0.7207981
2677.61	-511.7253	-607.5899	0.7207844
2677.62	-511.6028	-607.5947	0.7207706
2677.63	-511.4802	-607.5995	0.7207567
2677.64	-511.3576	-607.6043	0.7207428
2677.65	-511.2348	-607.6091	0.7207288
2677.66	-511.112	-607.614	0.7207148
2677.67	-510.9891	-607.6188	0.7207008
2677.68	-510.8661	-607.6236	0.7206867
2677.69	-510.7431	-607.6284	0.7206725
2677.7	-510.62	-607.6332	0.7206584
2677.71	-510.4968	-607.6381	0.7206442
2677.72	-510.3735	-607.6429	0.7206299
2677.73	-510.2502	-607.6476	0.7206156
2677.74	-510.1268	-607.6525	0.7206013
2677.75	-510.0033	-607.6573	0.7205869
2677.76	-509.8797	-607.6621	0.7205725
2677.77	-509.756	-607.6669	0.7205581
2677.78	-509.6323	-607.6718	0.7205436
2677.79	-509.5085	-607.6766	0.7205291
2677.8	-509.3846	-607.6814	0.7205145
2677.81	-509.2606	-607.6862	0.7204999
2677.82	-509.1366	-607.691	0.7204853
2677.83	-509.0124	-607.6958	0.7204707
2677.84	-508.8882	-607.7006	0.720456
2677.85	-508.7639	-607.7054	0.7204413
2677.86	-508.6396	-607.7103	0.7204266
2677.87	-508.5152	-607.715	0.7204118
2677.88	-508.3907	-607.7198	0.7203971
2677.89	-508.2661	-607.7245	0.7203822
2677.9	-508.1414	-607.7293	0.7203674
2677.91	-508.0167	-607.7341	0.7203526
2677.92	-507.8919	-607.7388	0.7203377
2677.93	-507.767	-607.7435	0.7203228
2677.94	-507.6421	-607.7483	0.7203079
2677.95	-507.5171	-607.7531	0.720293
2677.96	-507.3919	-607.7578	0.7202781
2677.97	-507.2668	-607.7626	0.7202631
2677.98	-507.1415	-607.7673	0.7202481
2677.99	-507.0162	-607.7721	0.7202331
2678	-506.8908	-607.7769	0.7202181
2678.01	-506.7653	-607.7816	0.7202031
2678.02	-506.6397	-607.7864	0.720188
2678.03	-506.5141	-607.7911	0.720173
2678.04	-506.3884	-607.7958	0.7201579
2678.05	-506.2626	-607.8006	0.7201428
2678.06	-506.1367	-607.8054	0.7201277
2678.07	-506.0108	-607.8101	0.7201126
2678.08	-505.8848	-607.8149	0.7200975
2678.09	-505.7587	-607.8196	0.7200823
2678.1	-505.6326	-607.8244	0.7200672
2678.11	-505.5063	-607.8292	0.7200521
2678.12	-505.38	-607.8339	0.7200369
2678.13	-505.2536	-607.8386	0.7200217
2678.14	-505.1272	-607.8433	0.7200065
2678.15	-505.0006	-607.848	0.7199913
2678.16	-504.874	-607.8527	0.719976
2678.17	-504.7473	-607.8574	0.7199608
2678.18	-504.6206	-607.8621	0.7199455
2678.19	-504.4937	-607.8668	0.7199304
2678.2	-504.3669	-607.8715	0.7199151
2678.21	-504.2399	-607.8762	0.7198998
2678.22	-504.1128	-607.8809	0.7198846
2678.23	-503.9857	-607.8856	0.7198693
2678.24	-503.8585	-607.8903	0.7198539
2678.25	-503.7312	-607.895	0.7198386
2678.26	-503.6039	-607.8997	0.7198233
2678.27	-503.4764	-607.9044	0.719808
2678.28	-503.3489	-607.9091	0.7197927
2678.29	-503.2214	-607.9138	0.7197773
2678.3	-503.0937	-607.9185	0.719762
2678.31	-502.966	-607.9232	0.7197466
2678.32	-502.8382	-607.9279	0.7197312
2678.33	-502.7103	-607.9325	0.7197158
2678.34	-502.5824	-607.9372	0.7197004
2678.35	-502.4544	-607.9419	0.719685
2678.36	-502.3263	-607.9466	0.7196695
2678.37	-502.1981	-607.9513	0.7196541
2678.38	-502.0699	-607.9559	0.7196387
2678.39	-501.9416	-607.9606	0.7196233
2678.4	-501.8132	-607.9652	0.7196079
2678.41	-501.6847	-607.9698	0.7195924
2678.42	-501.5562	-607.9744	0.719577
2678.43	-501.4276	-607.9791	0.7195615
2678.44	-501.2989	-607.9837	0.719546
2678.45	-501.1702	-607.9883	0.7195305
2678.46	-501.0413	-607.993	0.719515
2678.47	-500.9124	-607.9976	0.7194995
2678.48	-500.7834	-608.0023	0.719484
2678.49	-500.6544	-608.0069	0.7194683
2678.5	-500.5253	-608.0115	0.7194524
2678.51	-500.3961	-608.0162	0.7194362
2678.52	-500.2668	-608.0208	0.7194198
2678.53	-500.1375	-608.0254	0.7194026
2678.54	-500.0081	-608.03	0.7193843
2678.55	-499.8786	-608.0346	0.7193651
2678.56	-499.7491	-608.0392	0.7193452
2678.57	-499.6194	-608.0438	0.7193244
2678.58	-499.4897	-608.0483	0.7193012
2678.59	-499.36	-608.0529	0.7192757
2678.6	-499.2301	-608.0574	0.719248
2678.61	-499.1002	-608.062	0.7192183
2678.62	-498.9702	-608.0665	0.7191866
2678.63	-498.8402	-608.071	0.7191514
2678.64	-498.7101	-608.0755	0.7191127
2678.65	-498.5799	-608.08	0.7190709
2678.66	-498.4496	-608.0845	0.7190261
2678.67	-498.3192	-608.0889	0.7189784
2678.68	-498.1888	-608.0933	0.718928
2678.69	-498.0583	-608.0978	0.7188733
2678.7	-497.9278	-608.1021	0.7188146
2678.71	-497.7972	-608.1065	0.718752
2678.72	-497.6665	-608.1108	0.7186857
2678.73	-497.5357	-608.1152	0.7186158
2678.74	-497.4049	-608.1194	0.7185423
2678.75	-497.274	-608.1238	0.7184656
2678.76	-497.143	-608.128	0.7183856
2678.77	-497.012	-608.1323	0.7183026
2678.78	-496.8809	-608.1365	0.7182168
2678.79	-496.7497	-608.1407	0.7181282
2678.8	-496.6184	-608.1448	0.718037
2678.81	-496.4871	-608.1489	0.7179434
2678.82	-496.3557	-608.1531	0.7178475
2678.83	-496.2243	-608.1572	0.7177493
2678.84	-496.0927	-608.1612	0.717649
2678.85	-495.9612	-608.1653	0.7175468
2678.86	-495.8295	-608.1693	0.7174427
2678.87	-495.6977	-608.1732	0.7173367
2678.88	-495.5659	-608.1772	0.7172291
2678.89	-495.4341	-608.1812	0.7171198
2678.9	-495.3021	-608.1851	0.7170089
2678.91	-495.1701	-608.1889	0.7168966
2678.92	-495.038	-608.1928	0.7167829
2678.93	-494.9058	-608.1966	0.7166678
2678.94	-494.7736	-608.2004	0.7165515
2678.95	-494.6413	-608.2041	0.716434
2678.96	-494.5089	-608.2079	0.7163153
2678.97	-494.3765	-608.2115	0.7161955
2678.98	-494.244	-608.2152	0.7160748
2678.99	-494.1114	-608.2188	0.7159529
2679	-493.9788	-608.2224	0.7158302
2679.01	-493.846	-608.226	0.7157066
2679.02	-493.7133	-608.2295	0.7155821
2679.03	-493.5804	-608.233	0.7154568
2679.04	-493.4475	-608.2364	0.7153307
2679.05	-493.3145	-608.2398	0.7152038
2679.06	-493.1815	-608.2432	0.7150763
2679.07	-493.0483	-608.2465	0.7149481
2679.08	-492.9151	-608.2498	0.7148193
2679.09	-492.7819	-608.2531	0.7146898
2679.1	-492.6486	-608.2563	0.7145597
2679.11	-492.5152	-608.2595	0.7144291
2679.12	-492.3817	-608.2626	0.714298
2679.13	-492.2482	-608.2657	0.7141662
2679.14	-492.1146	-608.2688	0.7140341
2679.15	-491.9809	-608.2718	0.7139015
2679.16	-491.8471	-608.2748	0.7137684
2679.17	-491.7133	-608.2778	0.7136349
2679.18	-491.5795	-608.2806	0.713501
2679.19	-491.4455	-608.2835	0.7133667
2679.2	-491.3115	-608.2863	0.713232
2679.21	-491.1774	-608.2891	0.7130969
2679.22	-491.0433	-608.2918	0.7129615
2679.23	-490.9091	-608.2945	0.7128257
2679.24	-490.7748	-608.2971	0.7126897
2679.25	-490.6405	-608.2997	0.7125533
2679.26	-490.506	-608.3022	0.7124166
2679.27	-490.3716	-608.3047	0.7122796
2679.28	-490.237	-608.3073	0.7121425
2679.29	-490.1024	-608.3096	0.7120051
2679.3	-489.9677	-608.312	0.7118675
2679.31	-489.8329	-608.3143	0.7117297
2679.32	-489.6981	-608.3166	0.7115917
2679.33	-489.5632	-608.3188	0.7114537
2679.34	-489.4283	-608.321	0.7113158
2679.35	-489.2932	-608.3231	0.7111779
2679.36	-489.1581	-608.3252	0.7110401
2679.37	-489.023	-608.3272	0.7109023
2679.38	-488.8877	-608.3292	0.7107645
2679.39	-488.7524	-608.3312	0.7106273
2679.4	-488.6171	-608.3331	0.7104906
2679.41	-488.4817	-608.335	0.7103543
2679.42	-488.3462	-608.3368	0.7102185
2679.43	-488.2106	-608.3386	0.7100838
2679.44	-488.075	-608.3403	0.7099499
2679.45	-487.9393	-608.3419	0.7098168
2679.46	-487.8035	-608.3436	0.7096846
2679.47	-487.6677	-608.3452	0.7095532
2679.48	-487.5318	-608.3467	0.709423
2679.49	-487.3959	-608.3482	0.7092939
2679.5	-487.2599	-608.3497	0.7091659
2679.51	-487.1237	-608.3511	0.7090389
2679.52	-486.9876	-608.3524	0.7089128
2679.53	-486.8514	-608.3537	0.708788
2679.54	-486.7151	-608.355	0.7086645
2679.55	-486.5787	-608.3563	0.708542
2679.56	-486.4423	-608.3574	0.7084206
2679.57	-486.3058	-608.3585	0.7083002
2679.58	-486.1693	-608.3596	0.7081811
2679.59	-486.0327	-608.3607	0.7080634
2679.6	-485.896	-608.3617	0.7079468
2679.61	-485.7592	-608.3627	0.7078313
2679.62	-485.6224	-608.3636	0.7077169
2679.63	-485.4855	-608.3644	0.7076035
2679.64	-485.3486	-608.3653	0.7074916
2679.65	-485.2115	-608.3661	0.7073811
2679.66	-485.0745	-608.3668	0.7072718
2679.67	-484.9373	-608.3675	0.7071637
2679.68	-484.8001	-608.3682	0.7070573
2679.69	-484.6628	-608.3688	0.7069524
2679.7	-484.5255	-608.3694	0.706849
2679.71	-484.3881	-608.37	0.706747
2679.72	-484.2506	-608.3705	0.7066463
2679.73	-484.1131	-608.3709	0.7065474
2679.74	-483.9755	-608.3714	0.7064502
2679.75	-483.8378	-608.3718	0.7063546
2679.76	-483.7001	-608.3721	0.7062606
2679.77	-483.5623	-608.3724	0.7061681
2679.78	-483.4244	-608.3727	0.7060774
2679.79	-483.2865	-608.3729	0.7059885
2679.8	-483.1485	-608.3731	0.7059013
2679.81	-483.0105	-608.3732	0.7058156
2679.82	-482.8723	-608.3734	0.7057315
2679.83	-482.7342	-608.3735	0.7056489
2679.84	-482.5959	-608.3735	0.7055678
2679.85	-482.4576	-608.3735	0.7054881
2679.86	-482.3193	-608.3735	0.7054097
2679.87	-482.1808	-608.3735	0.7053326
2679.88	-482.0423	-608.3734	0.7052566
2679.89	-481.9038	-608.3732	0.7051818
2679.9	-481.7651	-608.3731	0.705108
2679.91	-481.6264	-608.3729	0.7050353
2679.92	-481.4877	-608.3727	0.7049636
2679.93	-481.3489	-608.3724	0.7048926
2679.94	-481.21	-608.3721	0.7048226
2679.95	-481.071	-608.3718	0.7047533
2679.96	-480.932	-608.3714	0.7046849
2679.97	-480.7929	-608.371	0.7046171
2679.98	-480.6538	-608.3705	0.7045501
2679.99	-480.5146	-608.3701	0.7044837
2680	-480.3753	-608.3696	0.7044179
2680.01	-480.236	-608.3691	0.7043527
2680.02	-480.0966	-608.3685	0.7042881
2680.03	-479.9572	-608.3679	0.704224
2680.04	-479.8176	-608.3673	0.7041603
2680.05	-479.678	-608.3666	0.7040973
2680.06	-479.5384	-608.366	0.7040345
2680.07	-479.3987	-608.3652	0.7039722
2680.08	-479.2589	-608.3645	0.7039103
2680.09	-479.119	-608.3637	0.7038488
2680.1	-478.9791	-608.3629	0.7037876
2680.11	-478.8391	-608.3621	0.7037268
2680.12	-478.6991	-608.3612	0.7036663
2680.13	-478.559	-608.3604	0.7036061
2680.14	-478.4189	-608.3594	0.7035462
2680.15	-478.2787	-608.3585	0.7034866
2680.16	-478.1384	-608.3575	0.7034271
2680.17	-477.998	-608.3564	0.7033679
2680.18	-477.8576	-608.3554	0.7033091
2680.19	-477.7172	-608.3544	0.7032503
2680.2	-477.5766	-608.3532	0.7031918
2680.21	-477.436	-608.3521	0.7031334
2680.22	-477.2953	-608.351	0.7030752
2680.23	-477.1546	-608.3498	0.7030172
2680.24	-477.0139	-608.3486	0.7029594
2680.25	-476.873	-608.3474	0.7029017
2680.26	-476.7321	-608.3461	0.7028442
2680.27	-476.5911	-608.3448	0.7027867
2680.28	-476.4501	-608.3435	0.7027295
2680.29	-476.309	-608.3422	0.7026724
2680.3	-476.1678	-608.3408	0.7026153
2680.31	-476.0266	-608.3394	0.7025583
2680.32	-475.8853	-608.338	0.7025015
2680.33	-475.744	-608.3365	0.7024447
2680.34	-475.6026	-608.3351	0.7023879
2680.35	-475.4611	-608.3336	0.7023314
2680.36	-475.3195	-608.332	0.7022749
2680.37	-475.1779	-608.3305	0.7022183
2680.38	-475.0363	-608.3289	0.7021618
2680.39	-474.8946	-608.3273	0.7021055
2680.4	-474.7528	-608.3257	0.7020492
2680.41	-474.611	-608.324	0.701993
2680.42	-474.4691	-608.3224	0.7019368
2680.43	-474.3271	-608.3207	0.7018806
2680.44	-474.185	-608.319	0.7018245
2680.45	-474.0429	-608.3173	0.7017684
2680.46	-473.9008	-608.3154	0.7017123
2680.47	-473.7585	-608.3137	0.7016563
2680.48	-473.6163	-608.3118	0.7016003
2680.49	-473.4739	-608.3099	0.7015443
2680.5	-473.3315	-608.3081	0.7014884
2680.51	-473.1891	-608.3062	0.7014324
2680.52	-473.0465	-608.3043	0.7013766
2680.53	-472.9039	-608.3023	0.7013206
2680.54	-472.7613	-608.3003	0.7012647
2680.55	-472.6186	-608.2983	0.7012089
2680.56	-472.4758	-608.2963	0.701153
2680.57	-472.3329	-608.2943	0.7010971
2680.58	-472.1901	-608.2922	0.7010413
2680.59	-472.0471	-608.2901	0.7009854
2680.6	-471.9041	-608.288	0.7009296
2680.61	-471.761	-608.2858	0.7008738
2680.62	-471.6179	-608.2836	0.7008179
2680.63	-471.4746	-608.2814	0.7007621
2680.64	-471.3314	-608.2792	0.7007062
2680.65	-471.1881	-608.277	0.7006504
2680.66	-471.0447	-608.2747	0.7005945
2680.67	-470.9012	-608.2725	0.7005386
2680.68	-470.7577	-608.2701	0.7004827
2680.69	-470.6142	-608.2678	0.7004268
2680.7	-470.4706	-608.2655	0.7003709
2680.71	-470.3268	-608.2631	0.700315
2680.72	-470.1831	-608.2607	0.700259
2680.73	-470.0393	-608.2582	0.7002031
2680.74	-469.8954	-608.2558	0.7001472
2680.75	-469.7515	-608.2534	0.7000912
2680.76	-469.6075	-608.2508	0.7000354
2680.77	-469.4634	-608.2483	0.6999795
2680.78	-469.3193	-608.2458	0.6999235
2680.79	-469.1751	-608.2432	0.6998676
2680.8	-469.0309	-608.2406	0.6998116
2680.81	-468.8866	-608.2379	0.6997557
2680.82	-468.7422	-608.2353	0.6996998
2680.83	-468.5978	-608.2327	0.6996438
2680.84	-468.4533	-608.2299	0.6995879
2680.85	-468.3088	-608.2272	0.6995319
2680.86	-468.1642	-608.2245	0.6994758
2680.87	-468.0195	-608.2217	0.6994199
2680.88	-467.8748	-608.2189	0.6993639
2680.89	-467.73	-608.2161	0.6993079
2680.9	-467.5852	-608.2133	0.6992518
2680.91	-467.4403	-608.2104	0.6991958
2680.92	-467.2953	-608.2075	0.6991398
2680.93	-467.1503	-608.2046	0.6990837
2680.94	-467.0052	-608.2017	0.6990275
2680.95	-466.8601	-608.1987	0.6989715
2680.96	-466.7149	-608.1957	0.6989154
2680.97	-466.5696	-608.1927	0.6988592
2680.98	-466.4243	-608.1897	0.6988031
2680.99	-466.279	-608.1866	0.6987469
2681	-466.1335	-608.1836	0.6986908
2681.01	-465.988	-608.1805	0.6986345
2681.02	-465.8424	-608.1774	0.6985783
2681.03	-465.6968	-608.1742	0.698522
2681.04	-465.5512	-608.171	0.6984658
2681.05	-465.4054	-608.1678	0.6984094
2681.06	-465.2596	-608.1646	0.6983532
2681.07	-465.1138	-608.1614	0.6982968
2681.08	-464.9678	-608.1581	0.6982405
2681.09	-464.8219	-608.1548	0.6981841
2681.1	-464.6758	-608.1515	0.6981277
2681.11	-464.5298	-608.1481	0.6980713
2681.12	-464.3836	-608.1448	0.6980149
2681.13	-464.2374	-608.1414	0.6979584
2681.14	-464.0911	-608.1379	0.6979019
2681.15	-463.9448	-608.1345	0.6978455
2681.16	-463.7984	-608.1311	0.6977889
2681.17	-463.6519	-608.1276	0.6977323
2681.18	-463.5054	-608.1241	0.6976758
2681.19	-463.3589	-608.1205	0.6976192
2681.2	-463.2123	-608.1169	0.6975626
2681.21	-463.0656	-608.1134	0.697506
