505.74	-646.3598	-606.8625	0.7007916
505.75	-646.2408	-606.8605	0.7007555
505.76	-646.1218	-606.8584	0.7007197
505.77	-646.0027	-606.8563	0.7006842
505.78	-645.8837	-606.8542	0.7006491
505.79	-645.7648	-606.8521	0.7006143
505.8	-645.6458	-606.85	0.7005798
505.81	-645.5269	-606.848	0.7005469
505.82	-645.4079	-606.8458	0.7005154
505.83	-645.289	-606.8436	0.7004854
505.84	-645.1701	-606.8415	0.7004568
505.85	-645.0512	-606.8394	0.7004299
505.86	-644.9324	-606.8372	0.7004048
505.87	-644.8135	-606.8351	0.7003814
505.88	-644.6947	-606.8329	0.7003595
505.89	-644.5759	-606.8307	0.700339
505.9	-644.4571	-606.8286	0.7003202
505.91	-644.3383	-606.8265	0.700303
505.92	-644.2195	-606.8243	0.7002873
505.93	-644.1008	-606.8222	0.700273
505.94	-643.982	-606.8201	0.7002601
505.95	-643.8633	-606.8179	0.7002482
505.96	-643.7446	-606.8157	0.7002373
505.97	-643.6259	-606.8135	0.7002275
505.98	-643.5071	-606.8113	0.7002185
505.99	-643.3884	-606.809	0.7002104
506	-643.2698	-606.8068	0.7002025
506.01	-643.1511	-606.8046	0.7001945
506.02	-643.0325	-606.8024	0.7001868
506.03	-642.9138	-606.8002	0.7001792
506.04	-642.7952	-606.798	0.7001716
506.05	-642.6766	-606.7958	0.7001631
506.06	-642.558	-606.7936	0.7001539
506.07	-642.4394	-606.7913	0.7001439
506.08	-642.3208	-606.7891	0.7001331
506.09	-642.2023	-606.7868	0.7001218
506.1	-642.0837	-606.7845	0.7001092
506.11	-641.9652	-606.7823	0.7000958
506.12	-641.8467	-606.78	0.7000813
506.13	-641.7283	-606.7778	0.700066
506.14	-641.6098	-606.7754	0.7000499
506.15	-641.4913	-606.7731	0.7000331
506.16	-641.3729	-606.7708	0.7000156
506.17	-641.2545	-606.7684	0.6999977
506.18	-641.1361	-606.7661	0.6999791
506.19	-641.0177	-606.7638	0.69996
506.2	-640.8994	-606.7615	0.699941
506.21	-640.781	-606.7592	0.699922
506.22	-640.6627	-606.7568	0.6999031
506.23	-640.5443	-606.7545	0.6998843
506.24	-640.426	-606.7521	0.6998655
506.25	-640.3077	-606.7497	0.6998473
506.26	-640.1894	-606.7473	0.6998298
506.27	-640.0711	-606.7449	0.6998128
506.28	-639.9528	-606.7426	0.6997963
506.29	-639.8345	-606.7402	0.6997803
506.3	-639.7163	-606.7378	0.6997651
506.31	-639.5981	-606.7354	0.699751
506.32	-639.4799	-606.733	0.6997375
506.33	-639.3616	-606.7306	0.6997249
506.34	-639.2434	-606.7282	0.6997129
506.35	-639.1252	-606.7258	0.6997018
506.36	-639.0071	-606.7234	0.6996916
506.37	-638.8889	-606.7211	0.6996821
506.38	-638.7708	-606.7187	0.6996734
506.39	-638.6527	-606.7163	0.6996653
506.4	-638.5346	-606.7139	0.699658
506.41	-638.4165	-606.7115	0.6996512
506.42	-638.2985	-606.7092	0.6996451
506.43	-638.1804	-606.7067	0.6996396
506.44	-638.0624	-606.7043	0.6996346
506.45	-637.9443	-606.7018	0.6996301
506.46	-637.8264	-606.6994	0.6996261
506.47	-637.7084	-606.697	0.6996226
506.48	-637.5904	-606.6945	0.6996195
506.49	-637.4724	-606.6921	0.6996168
506.5	-637.3545	-606.6896	0.6996146
506.51	-637.2366	-606.6872	0.6996127
506.52	-637.1187	-606.6848	0.6996114
506.53	-637.0007	-606.6823	0.6996104
506.54	-636.8828	-606.6799	0.6996098
506.55	-636.7649	-606.6774	0.6996095
506.56	-636.647	-606.675	0.6996099
506.57	-636.5292	-606.6725	0.6996108
506.58	-636.4113	-606.6701	0.6996122
506.59	-636.2935	-606.6677	0.6996142
506.6	-636.1757	-606.6652	0.6996172
506.61	-636.0579	-606.6628	0.699621
506.62	-635.9401	-606.6603	0.6996258
506.63	-635.8223	-606.6579	0.6996313
506.64	-635.7045	-606.6555	0.6996377
506.65	-635.5867	-606.653	0.6996453
506.66	-635.469	-606.6506	0.6996543
506.67	-635.3513	-606.6481	0.6996644
506.68	-635.2335	-606.6457	0.6996755
506.69	-635.1158	-606.6432	0.6996878
506.7	-634.9982	-606.6409	0.6997017
506.71	-634.8805	-606.6385	0.6997172
506.72	-634.7629	-606.6361	0.6997342
506.73	-634.6453	-606.6337	0.6997526
506.74	-634.5276	-606.6314	0.6997725
506.75	-634.41	-606.629	0.6997935
506.76	-634.2925	-606.6266	0.6998167
506.77	-634.1749	-606.6243	0.6998419
506.78	-634.0574	-606.6219	0.6998689
506.79	-633.9398	-606.6195	0.6998976
506.8	-633.8223	-606.6172	0.699928
506.81	-633.7048	-606.6149	0.6999608
506.82	-633.5873	-606.6126	0.6999956
506.83	-633.4698	-606.6103	0.7000324
506.84	-633.3523	-606.608	0.7000709
506.85	-633.2349	-606.6057	0.7001117
506.86	-633.1174	-606.6035	0.7001545
506.87	-633	-606.6012	0.7001991
506.88	-632.8826	-606.599	0.7002455
506.89	-632.7651	-606.5967	0.7002937
506.9	-632.6477	-606.5945	0.7003433
506.91	-632.5303	-606.5923	0.7003947
506.92	-632.413	-606.5901	0.7004479
506.93	-632.2956	-606.588	0.7005027
506.94	-632.1782	-606.5858	0.700559
506.95	-632.0609	-606.5837	0.700617
506.96	-631.9436	-606.5816	0.7006764
506.97	-631.8263	-606.5795	0.7007374
506.98	-631.709	-606.5773	0.7007998
506.99	-631.5917	-606.5753	0.7008634
507	-631.4745	-606.5732	0.7009284
507.01	-631.3572	-606.5712	0.7009947
507.02	-631.24	-606.5692	0.7010622
507.03	-631.1228	-606.5672	0.7011309
507.04	-631.0056	-606.5652	0.7012006
507.05	-630.8884	-606.5632	0.7012714
507.06	-630.7712	-606.5613	0.7013431
507.07	-630.6541	-606.5593	0.7014157
507.08	-630.537	-606.5574	0.7014892
507.09	-630.4199	-606.5555	0.7015635
507.1	-630.3027	-606.5536	0.7016386
507.11	-630.1857	-606.5518	0.7017143
507.12	-630.0686	-606.5499	0.7017908
507.13	-629.9515	-606.5481	0.7018679
507.14	-629.8345	-606.5463	0.7019457
507.15	-629.7175	-606.5445	0.7020239
507.16	-629.6005	-606.5428	0.7021027
507.17	-629.4835	-606.541	0.7021819
507.18	-629.3665	-606.5393	0.7022617
507.19	-629.2495	-606.5376	0.7023419
507.2	-629.1325	-606.5359	0.7024221
507.21	-629.0156	-606.5343	0.7025024
507.22	-628.8986	-606.5327	0.7025827
507.23	-628.7817	-606.5311	0.702663
507.24	-628.6647	-606.5295	0.7027434
507.25	-628.5479	-606.528	0.7028227
507.26	-628.431	-606.5264	0.7029009
507.27	-628.3141	-606.5248	0.7029782
507.28	-628.1972	-606.5233	0.7030545
507.29	-628.0803	-606.5219	0.7031301
507.3	-627.9635	-606.5203	0.703203
507.31	-627.8467	-606.5189	0.7032737
507.32	-627.7299	-606.5175	0.703342
507.33	-627.613	-606.5161	0.7034082
507.34	-627.4962	-606.5146	0.7034725
507.35	-627.3795	-606.5132	0.7035349
507.36	-627.2627	-606.5118	0.7035936
507.37	-627.1459	-606.5104	0.7036488
507.38	-627.0292	-606.509	0.7037007
507.39	-626.9125	-606.5077	0.7037495
507.4	-626.7958	-606.5063	0.7037947
507.41	-626.6791	-606.505	0.7038364
507.42	-626.5625	-606.5037	0.7038751
507.43	-626.4459	-606.5024	0.7039106
507.44	-626.3292	-606.501	0.7039434
507.45	-626.2126	-606.4998	0.7039736
507.46	-626.096	-606.4985	0.7040015
507.47	-625.9794	-606.4973	0.7040272
507.48	-625.8629	-606.496	0.7040508
507.49	-625.7463	-606.4947	0.7040724
507.5	-625.6297	-606.4935	0.7040929
507.51	-625.5132	-606.4922	0.7041121
507.52	-625.3967	-606.491	0.7041303
507.53	-625.2802	-606.4898	0.7041475
507.54	-625.1636	-606.4886	0.7041637
507.55	-625.0471	-606.4875	0.7041795
507.56	-624.9306	-606.4863	0.7041948
507.57	-624.8141	-606.4852	0.7042097
507.58	-624.6976	-606.484	0.7042243
507.59	-624.5812	-606.4828	0.7042385
507.6	-624.4647	-606.4817	0.7042523
507.61	-624.3483	-606.4806	0.7042664
507.62	-624.2318	-606.4795	0.7042806
507.63	-624.1154	-606.4784	0.7042949
507.64	-623.999	-606.4773	0.7043095
507.65	-623.8826	-606.4763	0.7043244
507.66	-623.7662	-606.4752	0.7043397
507.67	-623.6498	-606.4742	0.7043552
507.68	-623.5334	-606.4731	0.7043712
507.69	-623.417	-606.4721	0.7043874
507.7	-623.3007	-606.4711	0.7044039
507.71	-623.1843	-606.47	0.7044211
507.72	-623.068	-606.4691	0.7044387
507.73	-622.9517	-606.4681	0.7044567
507.74	-622.8353	-606.4672	0.704475
507.75	-622.7191	-606.4662	0.7044942
507.76	-622.6028	-606.4652	0.7045141
507.77	-622.4865	-606.4642	0.7045346
507.78	-622.3702	-606.4633	0.7045557
507.79	-622.254	-606.4624	0.7045775
507.8	-622.1378	-606.4615	0.7046006
507.81	-622.0215	-606.4606	0.7046247
507.82	-621.9053	-606.4597	0.7046499
507.83	-621.7891	-606.4589	0.7046762
507.84	-621.6729	-606.458	0.7047033
507.85	-621.5567	-606.4572	0.7047315
507.86	-621.4406	-606.4563	0.7047612
507.87	-621.3244	-606.4555	0.7047926
507.88	-621.2083	-606.4547	0.7048254
507.89	-621.0921	-606.4539	0.7048596
507.9	-620.976	-606.4531	0.7048955
507.91	-620.8599	-606.4524	0.704933
507.92	-620.7438	-606.4516	0.7049721
507.93	-620.6277	-606.4509	0.7050126
507.94	-620.5117	-606.4501	0.7050543
507.95	-620.3956	-606.4495	0.7050976
507.96	-620.2795	-606.4487	0.705142
507.97	-620.1635	-606.4481	0.7051877
507.98	-620.0475	-606.4474	0.7052345
507.99	-619.9315	-606.4468	0.7052824
508	-619.8154	-606.4461	0.705331
508.01	-619.6994	-606.4456	0.7053803
508.02	-619.5834	-606.4449	0.7054302
508.03	-619.4674	-606.4443	0.7054806
508.04	-619.3514	-606.4438	0.7055318
508.05	-619.2355	-606.4432	0.7055827
508.06	-619.1195	-606.4426	0.7056336
508.07	-619.0035	-606.4421	0.7056845
508.08	-618.8876	-606.4416	0.7057352
508.09	-618.7716	-606.441	0.7057859
508.1	-618.6557	-606.4406	0.7058354
508.11	-618.5398	-606.4401	0.7058839
508.12	-618.4239	-606.4396	0.7059312
508.13	-618.308	-606.4391	0.7059778
508.14	-618.1921	-606.4387	0.7060233
508.15	-618.0762	-606.4382	0.7060668
508.16	-617.9604	-606.4377	0.7061083
508.17	-617.8445	-606.4373	0.706148
508.18	-617.7287	-606.4369	0.7061859
508.19	-617.6129	-606.4365	0.7062221
508.2	-617.4971	-606.436	0.7062558
508.21	-617.3813	-606.4357	0.706287
508.22	-617.2655	-606.4352	0.7063161
508.23	-617.1497	-606.4348	0.7063429
508.24	-617.0339	-606.4344	0.7063677
508.25	-616.9182	-606.434	0.7063899
508.26	-616.8025	-606.4335	0.7064097
508.27	-616.6868	-606.4332	0.706427
508.28	-616.571	-606.4329	0.7064422
508.29	-616.4553	-606.4325	0.7064553
508.3	-616.3397	-606.4321	0.7064663
508.31	-616.224	-606.4318	0.7064754
508.32	-616.1083	-606.4314	0.7064826
508.33	-615.9927	-606.431	0.7064881
508.34	-615.877	-606.4307	0.7064919
508.35	-615.7614	-606.4303	0.7064944
508.36	-615.6458	-606.4299	0.7064958
508.37	-615.5302	-606.4296	0.7064961
508.38	-615.4146	-606.4292	0.7064953
508.39	-615.299	-606.4288	0.7064936
508.4	-615.1834	-606.4285	0.7064917
508.41	-615.0678	-606.4282	0.7064896
508.42	-614.9523	-606.4279	0.7064874
508.43	-614.8367	-606.4276	0.706485
508.44	-614.7212	-606.4273	0.7064825
508.45	-614.6057	-606.427	0.7064798
508.46	-614.4901	-606.4267	0.7064783
508.47	-614.3746	-606.4264	0.7064778
508.48	-614.2591	-606.4261	0.7064782
508.49	-614.1436	-606.4258	0.7064795
508.5	-614.0281	-606.4255	0.7064827
508.51	-613.9127	-606.4253	0.7064875
508.52	-613.7972	-606.425	0.706494
508.53	-613.6817	-606.4248	0.7065018
508.54	-613.5662	-606.4246	0.7065111
508.55	-613.4508	-606.4243	0.7065217
508.56	-613.3354	-606.4241	0.7065341
508.57	-613.22	-606.4238	0.7065484
508.58	-613.1046	-606.4236	0.7065642
508.59	-612.9891	-606.4235	0.7065816
508.6	-612.8738	-606.4233	0.7066004
508.61	-612.7584	-606.4232	0.7066206
508.62	-612.6431	-606.423	0.7066422
508.63	-612.5277	-606.4228	0.7066649
508.64	-612.4124	-606.4226	0.7066887
508.65	-612.2971	-606.4225	0.7067131
508.66	-612.1818	-606.4224	0.7067382
508.67	-612.0665	-606.4223	0.7067637
508.68	-611.9512	-606.4222	0.7067898
508.69	-611.8359	-606.4221	0.7068163
508.7	-611.7206	-606.4219	0.7068427
508.71	-611.6053	-606.4218	0.7068692
508.72	-611.49	-606.4218	0.7068955
508.73	-611.3747	-606.4216	0.7069218
508.74	-611.2595	-606.4215	0.7069479
508.75	-611.1442	-606.4214	0.7069739
508.76	-611.029	-606.4214	0.7069997
508.77	-610.9138	-606.4213	0.7070253
508.78	-610.7985	-606.4213	0.7070507
508.79	-610.6833	-606.4213	0.7070761
508.8	-610.5681	-606.4212	0.7071012
508.81	-610.4529	-606.4211	0.7071263
508.82	-610.3377	-606.4211	0.7071514
508.83	-610.2225	-606.421	0.7071764
508.84	-610.1074	-606.4211	0.7072015
508.85	-609.9922	-606.4211	0.7072265
508.86	-609.877	-606.4211	0.7072518
508.87	-609.7618	-606.4211	0.7072777
508.88	-609.6467	-606.4211	0.707304
508.89	-609.5315	-606.4211	0.7073306
508.9	-609.4164	-606.4211	0.7073585
508.91	-609.3013	-606.4212	0.7073876
508.92	-609.1862	-606.4213	0.7074177
508.93	-609.071	-606.4213	0.7074489
508.94	-608.9558	-606.4214	0.7074811
508.95	-608.8407	-606.4215	0.7075154
508.96	-608.7256	-606.4216	0.7075514
508.97	-608.6105	-606.4218	0.7075893
508.98	-608.4954	-606.4219	0.707629
508.99	-608.3802	-606.4221	0.7076702
509	-608.2651	-606.4222	0.7077138
509.01	-608.15	-606.4224	0.7077597
509.02	-608.0349	-606.4226	0.7078078
509.03	-607.9198	-606.4228	0.7078579
509.04	-607.8047	-606.423	0.7079099
509.05	-607.6896	-606.4233	0.7079644
509.06	-607.5746	-606.4236	0.7080208
509.07	-607.4595	-606.4238	0.7080794
509.08	-607.3444	-606.4242	0.7081398
509.09	-607.2293	-606.4245	0.7082021
509.1	-607.1143	-606.4249	0.708266
509.11	-606.9992	-606.4252	0.7083315
509.12	-606.8842	-606.4257	0.7083985
509.13	-606.7691	-606.426	0.7084668
509.14	-606.654	-606.4264	0.7085364
509.15	-606.5389	-606.4269	0.7086067
509.16	-606.4239	-606.4273	0.7086776
509.17	-606.3088	-606.4278	0.7087491
509.18	-606.1938	-606.4283	0.7088212
509.19	-606.0787	-606.4288	0.7088937
509.2	-605.9637	-606.4293	0.7089657
509.21	-605.8486	-606.4299	0.7090371
509.22	-605.7336	-606.4304	0.7091082
509.23	-605.6185	-606.431	0.7091787
509.24	-605.5035	-606.4316	0.7092488
509.25	-605.3884	-606.4322	0.709317
509.26	-605.2734	-606.4328	0.7093834
509.27	-605.1583	-606.4335	0.7094482
509.28	-605.0433	-606.4341	0.7095113
509.29	-604.9282	-606.4347	0.7095731
509.3	-604.8131	-606.4354	0.7096319
509.31	-604.6981	-606.4361	0.7096879
509.32	-604.583	-606.4368	0.7097414
509.33	-604.4679	-606.4375	0.7097925
509.34	-604.3528	-606.4382	0.7098413
509.35	-604.2377	-606.4388	0.7098868
509.36	-604.1227	-606.4396	0.7099293
509.37	-604.0076	-606.4404	0.709969
509.38	-603.8925	-606.4411	0.7100061
509.39	-603.7773	-606.4418	0.7100407
509.4	-603.6623	-606.4426	0.7100725
509.41	-603.5472	-606.4434	0.7101017
509.42	-603.4321	-606.4441	0.7101285
509.43	-603.317	-606.4449	0.7101532
509.44	-603.2018	-606.4457	0.7101756
509.45	-603.0867	-606.4465	0.7101963
509.46	-602.9716	-606.4473	0.7102152
509.47	-602.8565	-606.4481	0.7102326
509.48	-602.7414	-606.4489	0.7102484
509.49	-602.6263	-606.4498	0.7102628
509.5	-602.5112	-606.4506	0.7102765
509.51	-602.3961	-606.4515	0.7102897
509.52	-602.2809	-606.4523	0.7103023
509.53	-602.1658	-606.4532	0.7103142
509.54	-602.0506	-606.454	0.7103257
509.55	-601.9355	-606.455	0.7103376
509.56	-601.8203	-606.4559	0.7103502
509.57	-601.7051	-606.4568	0.7103631
509.58	-601.59	-606.4578	0.7103766
509.59	-601.4748	-606.4587	0.7103904
509.6	-601.3596	-606.4596	0.7104062
509.61	-601.2444	-606.4606	0.7104236
509.62	-601.1293	-606.4615	0.7104425
509.63	-601.0141	-606.4625	0.7104629
509.64	-600.8989	-606.4635	0.7104847
509.65	-600.7838	-606.4646	0.7105091
509.66	-600.6686	-606.4656	0.7105356
509.67	-600.5534	-606.4667	0.7105646
509.68	-600.4382	-606.4677	0.7105955
509.69	-600.3229	-606.4688	0.7106284
509.7	-600.2078	-606.47	0.7106639
509.71	-600.0925	-606.4711	0.7107016
509.72	-599.9773	-606.4722	0.7107416
509.73	-599.8621	-606.4733	0.7107835
509.74	-599.7468	-606.4745	0.7108275
509.75	-599.6316	-606.4757	0.7108729
509.76	-599.5164	-606.4769	0.7109202
509.77	-599.4011	-606.4781	0.710969
509.78	-599.2859	-606.4794	0.7110191
509.79	-599.1707	-606.4806	0.7110707
509.8	-599.0554	-606.4819	0.7111225
509.81	-598.9402	-606.4832	0.7111747
509.82	-598.825	-606.4844	0.7112272
509.83	-598.7097	-606.4858	0.7112802
509.84	-598.5944	-606.4871	0.7113332
509.85	-598.4791	-606.4883	0.7113854
509.86	-598.3638	-606.4897	0.7114365
509.87	-598.2485	-606.4911	0.7114867
509.88	-598.1332	-606.4924	0.711536
509.89	-598.0179	-606.4938	0.7115845
509.9	-597.9026	-606.4952	0.7116306
509.91	-597.7874	-606.4965	0.7116745
509.92	-597.6721	-606.498	0.7117162
509.93	-597.5568	-606.4994	0.7117559
509.94	-597.4414	-606.5008	0.7117937
509.95	-597.3261	-606.5022	0.7118283
509.96	-597.2108	-606.5037	0.7118599
509.97	-597.0955	-606.5051	0.7118888
509.98	-596.9801	-606.5065	0.7119151
509.99	-596.8647	-606.5079	0.7119389
510	-596.7494	-606.5093	0.7119593
510.01	-596.634	-606.5107	0.7119765
510.02	-596.5187	-606.5121	0.7119908
510.03	-596.4033	-606.5135	0.7120023
510.04	-596.2879	-606.515	0.712011
510.05	-596.1725	-606.5164	0.7120168
510.06	-596.0571	-606.5178	0.7120196
510.07	-595.9417	-606.5192	0.7120197
510.08	-595.8263	-606.5206	0.7120172
510.09	-595.7108	-606.5221	0.7120122
510.1	-595.5954	-606.5236	0.7120047
510.11	-595.4799	-606.525	0.7119947
510.12	-595.3644	-606.5264	0.7119824
510.13	-595.249	-606.5279	0.7119679
510.14	-595.1335	-606.5294	0.7119513
510.15	-595.018	-606.5308	0.7119328
510.16	-594.9025	-606.5322	0.7119125
510.17	-594.7869	-606.5336	0.7118902
510.18	-594.6714	-606.535	0.7118664
510.19	-594.5558	-606.5364	0.711841
510.2	-594.4403	-606.5377	0.7118143
510.21	-594.3247	-606.5391	0.7117864
510.22	-594.2091	-606.5405	0.7117575
510.23	-594.0935	-606.5419	0.7117276
510.24	-593.9779	-606.5433	0.7116966
510.25	-593.8623	-606.5447	0.7116651
510.26	-593.7467	-606.5461	0.7116333
510.27	-593.631	-606.5475	0.7116011
510.28	-593.5154	-606.5489	0.7115686
510.29	-593.3997	-606.5502	0.7115358
510.3	-593.2841	-606.5516	0.7115033
510.31	-593.1684	-606.553	0.7114713
510.32	-593.0527	-606.5544	0.7114397
510.33	-592.937	-606.5558	0.7114086
510.34	-592.8212	-606.5572	0.7113776
510.35	-592.7055	-606.5586	0.7113479
510.36	-592.5898	-606.56	0.7113193
510.37	-592.474	-606.5614	0.7112917
510.38	-592.3582	-606.5628	0.7112651
510.39	-592.2424	-606.5641	0.7112395
510.4	-592.1266	-606.5656	0.7112152
510.41	-592.0109	-606.567	0.7111923
510.42	-591.895	-606.5684	0.7111707
510.43	-591.7792	-606.5698	0.7111502
510.44	-591.6633	-606.5712	0.711131
510.45	-591.5475	-606.5725	0.7111127
510.46	-591.4316	-606.5739	0.7110955
510.47	-591.3158	-606.5751	0.7110793
510.48	-591.2	-606.5765	0.7110639
510.49	-591.0841	-606.5778	0.7110495
510.5	-590.9683	-606.5792	0.7110358
510.51	-590.8524	-606.5805	0.7110225
510.52	-590.7366	-606.5818	0.7110094
510.53	-590.6208	-606.5832	0.7109966
510.54	-590.5051	-606.5845	0.710984
510.55	-590.3893	-606.5859	0.7109706
510.56	-590.2736	-606.5872	0.7109565
510.57	-590.1578	-606.5886	0.7109418
510.58	-590.0421	-606.5898	0.7109264
510.59	-589.9264	-606.5911	0.7109104
510.6	-589.8107	-606.5923	0.7108939
510.61	-589.695	-606.5936	0.7108752
510.62	-589.5793	-606.5949	0.7108543
510.63	-589.4637	-606.5962	0.7108315
510.64	-589.348	-606.5974	0.7108068
510.65	-589.2324	-606.5986	0.7107789
510.66	-589.1168	-606.5998	0.7107478
510.67	-589.0012	-606.601	0.7107139
510.68	-588.8856	-606.6022	0.7106773
510.69	-588.77	-606.6033	0.7106379
510.7	-588.6545	-606.6044	0.7105946
510.71	-588.5389	-606.6056	0.7105473
510.72	-588.4234	-606.6067	0.7104964
510.73	-588.3079	-606.6077	0.7104421
510.74	-588.1923	-606.6088	0.7103845
510.75	-588.0768	-606.6098	0.7103232
510.76	-587.9614	-606.6108	0.7102583
510.77	-587.8459	-606.6119	0.7101901
510.78	-587.7304	-606.6128	0.7101188
510.79	-587.615	-606.6138	0.7100445
510.8	-587.4996	-606.6147	0.7099679
510.81	-587.3842	-606.6156	0.7098888
510.82	-587.2687	-606.6165	0.7098076
510.83	-587.1534	-606.6173	0.7097244
510.84	-587.038	-606.6182	0.7096392
510.85	-586.9227	-606.619	0.7095522
510.86	-586.8073	-606.6198	0.7094651
510.87	-586.692	-606.6205	0.7093778
510.88	-586.5767	-606.6213	0.7092904
510.89	-586.4614	-606.6221	0.709203
510.9	-586.3461	-606.6227	0.709117
510.91	-586.2309	-606.6235	0.7090323
510.92	-586.1157	-606.6241	0.7089488
510.93	-586.0004	-606.6249	0.7088665
510.94	-585.8852	-606.6255	0.7087853
510.95	-585.77	-606.6262	0.7087069
510.96	-585.6548	-606.6268	0.708631
510.97	-585.5397	-606.6274	0.7085577
510.98	-585.4245	-606.628	0.7084866
510.99	-585.3093	-606.6286	0.7084177
511	-585.1942	-606.6292	0.7083522
511.01	-585.0791	-606.6298	0.7082902
511.02	-584.964	-606.6303	0.708231
511.03	-584.8489	-606.6309	0.7081749
511.04	-584.7338	-606.6314	0.7081216
511.05	-584.6187	-606.6319	0.7080713
511.06	-584.5037	-606.6324	0.7080239
511.07	-584.3886	-606.633	0.7079793
511.08	-584.2736	-606.6335	0.7079372
511.09	-584.1585	-606.6339	0.7078976
511.1	-584.0435	-606.6344	0.7078598
511.11	-583.9285	-606.6349	0.7078238
511.12	-583.8135	-606.6354	0.7077894
511.13	-583.6985	-606.6357	0.7077564
511.14	-583.5836	-606.6362	0.7077248
511.15	-583.4687	-606.6366	0.707693
511.16	-583.3538	-606.637	0.7076608
511.17	-583.2388	-606.6373	0.7076281
511.18	-583.124	-606.6377	0.7075952
511.19	-583.0091	-606.6381	0.707562
511.2	-582.8942	-606.6384	0.707526
511.21	-582.7794	-606.6387	0.7074875
511.22	-582.6646	-606.6389	0.7074466
511.23	-582.5497	-606.6392	0.7074035
511.24	-582.4349	-606.6394	0.7073582
511.25	-582.3201	-606.6395	0.7073088
511.26	-582.2054	-606.6397	0.7072556
511.27	-582.0906	-606.6399	0.7071987
511.28	-581.9759	-606.64	0.7071384
511.29	-581.8611	-606.6401	0.7070749
511.3	-581.7465	-606.6401	0.7070071
511.31	-581.6318	-606.6401	0.7069353
511.32	-581.5171	-606.6401	0.7068596
511.33	-581.4024	-606.6401	0.7067806
511.34	-581.2877	-606.64	0.706698
511.35	-581.1731	-606.6399	0.7066124
511.36	-581.0585	-606.6398	0.7065238
511.37	-580.9438	-606.6396	0.7064324
511.38	-580.8292	-606.6395	0.7063384
511.39	-580.7146	-606.6392	0.7062419
511.4	-580.6	-606.639	0.7061443
511.41	-580.4855	-606.6387	0.7060456
511.42	-580.3709	-606.6384	0.7059458
511.43	-580.2563	-606.6382	0.7058451
511.44	-580.1418	-606.6378	0.7057435
511.45	-580.0273	-606.6375	0.7056429
511.46	-579.9128	-606.6371	0.7055433
511.47	-579.7983	-606.6367	0.7054446
511.48	-579.6838	-606.6362	0.7053468
511.49	-579.5693	-606.6358	0.7052498
511.5	-579.4549	-606.6353	0.7051536
511.51	-579.3405	-606.6348	0.7050605
511.52	-579.2261	-606.6343	0.7049704
511.53	-579.1117	-606.6338	0.704883
511.54	-578.9973	-606.6333	0.7047982
511.55	-578.8829	-606.6327	0.704717
511.56	-578.7686	-606.6321	0.7046393
511.57	-578.6543	-606.6315	0.7045648
511.58	-578.54	-606.631	0.7044933
511.59	-578.4257	-606.6303	0.7044247
511.6	-578.3113	-606.6297	0.7043589
511.61	-578.1971	-606.629	0.7042962
511.62	-578.0828	-606.6284	0.7042364
511.63	-577.9686	-606.6277	0.7041794
511.64	-577.8543	-606.627	0.704125
511.65	-577.7401	-606.6263	0.7040733
511.66	-577.6259	-606.6256	0.7040237
511.67	-577.5117	-606.6248	0.7039765
511.68	-577.3975	-606.6241	0.7039315
511.69	-577.2833	-606.6234	0.7038883
511.7	-577.1692	-606.6225	0.7038471
511.71	-577.0551	-606.6217	0.7038075
511.72	-576.9409	-606.6209	0.7037697
511.73	-576.8268	-606.6201	0.7037334
511.74	-576.7126	-606.6192	0.7036986
511.75	-576.5986	-606.6183	0.7036653
511.76	-576.4845	-606.6175	0.7036334
511.77	-576.3704	-606.6166	0.7036027
511.78	-576.2563	-606.6157	0.7035733
511.79	-576.1423	-606.6147	0.703545
511.8	-576.0283	-606.6138	0.7035181
511.81	-575.9143	-606.6129	0.7034924
511.82	-575.8003	-606.612	0.7034678
511.83	-575.6863	-606.611	0.7034442
511.84	-575.5724	-606.61	0.7034217
511.85	-575.4584	-606.609	0.7034001
511.86	-575.3445	-606.608	0.7033796
511.87	-575.2306	-606.6071	0.70336
511.88	-575.1167	-606.606	0.7033412
511.89	-575.0028	-606.605	0.7033233
511.9	-574.889	-606.6039	0.7033062
511.91	-574.7751	-606.6029	0.7032898
511.92	-574.6613	-606.6019	0.7032741
511.93	-574.5475	-606.6008	0.7032591
511.94	-574.4337	-606.5997	0.7032447
511.95	-574.3199	-606.5986	0.703231
511.96	-574.2064	-606.5975	0.703218
511.97	-574.0933	-606.5964	0.7032056
511.98	-573.9804	-606.5953	0.7031939
511.99	-573.8679	-606.5942	0.7031828
512	-573.7557	-606.5931	0.7031722
512.01	-573.6439	-606.592	0.7031623
512.02	-573.5323	-606.5909	0.7031528
512.03	-573.4211	-606.5898	0.703144
512.04	-573.3102	-606.5887	0.7031355
512.05	-573.1996	-606.5876	0.7031276
512.06	-573.0894	-606.5865	0.7031202
512.07	-572.9795	-606.5854	0.7031133
512.08	-572.8699	-606.5844	0.7031068
512.09	-572.7606	-606.5833	0.7031009
512.1	-572.6516	-606.582	0.7030952
512.11	-572.543	-606.5809	0.70309
512.12	-572.4346	-606.5797	0.7030851
512.13	-572.3266	-606.5786	0.7030805
512.14	-572.2189	-606.5774	0.7030763
512.15	-572.1115	-606.5762	0.7030724
512.16	-572.0045	-606.5751	0.7030688
512.17	-571.8977	-606.5739	0.7030654
512.18	-571.7913	-606.5728	0.7030622
512.19	-571.6851	-606.5716	0.7030593
512.2	-571.5793	-606.5704	0.7030566
512.21	-571.4739	-606.5693	0.7030541
512.22	-571.3687	-606.5681	0.7030518
512.23	-571.2639	-606.567	0.7030497
512.24	-571.1593	-606.5658	0.7030478
512.25	-571.0551	-606.5646	0.7030461
512.26	-570.9512	-606.5635	0.7030444
512.27	-570.8477	-606.5623	0.703043
512.28	-570.7444	-606.5612	0.7030417
512.29	-570.6414	-606.56	0.7030405
512.3	-570.5388	-606.5588	0.7030395
512.31	-570.4365	-606.5577	0.7030385
512.32	-570.3345	-606.5565	0.7030376
512.33	-570.2328	-606.5554	0.7030368
512.34	-570.1315	-606.5543	0.7030361
512.35	-570.0305	-606.5532	0.7030355
512.36	-569.9298	-606.5521	0.7030351
512.37	-569.8294	-606.551	0.7030346
512.38	-569.7294	-606.5499	0.7030343
512.39	-569.6296	-606.5488	0.703034
512.4	-569.5302	-606.5477	0.7030339
512.41	-569.4311	-606.5466	0.7030337
512.42	-569.3323	-606.5455	0.7030336
512.43	-569.2338	-606.5444	0.7030335
512.44	-569.1357	-606.5433	0.7030335
512.45	-569.0378	-606.5422	0.7030335
512.46	-568.9404	-606.5411	0.7030336
512.47	-568.8432	-606.54	0.7030337
512.48	-568.7463	-606.5389	0.7030338
512.49	-568.6498	-606.5378	0.703034
512.5	-568.5535	-606.5367	0.7030342
512.51	-568.4576	-606.5356	0.7030345
512.52	-568.3621	-606.5345	0.7030348
512.53	-568.2668	-606.5334	0.7030351
512.54	-568.1718	-606.5323	0.7030354
512.55	-568.0771	-606.5312	0.7030357
512.56	-567.9828	-606.5301	0.7030361
512.57	-567.8889	-606.529	0.7030365
512.58	-567.7952	-606.528	0.7030369
512.59	-567.7018	-606.5269	0.7030373
512.6	-567.6088	-606.5259	0.7030378
512.61	-567.5162	-606.5248	0.7030378
512.62	-567.424	-606.5238	0.7030391
512.63	-567.3319	-606.5228	0.7030408
512.64	-567.2398	-606.5217	0.7030424
512.65	-567.1478	-606.5207	0.7030441
512.66	-567.0557	-606.5197	0.7030455
512.67	-566.9637	-606.5186	0.7030469
512.68	-566.8716	-606.5176	0.7030482
512.69	-566.7796	-606.5165	0.7030495
512.7	-566.6876	-606.5155	0.7030508
512.71	-566.5956	-606.5145	0.7030522
512.72	-566.5037	-606.5134	0.7030537
512.73	-566.4117	-606.5124	0.7030552
512.74	-566.3197	-606.5114	0.7030568
512.75	-566.2278	-606.5103	0.7030588
512.76	-566.1359	-606.5093	0.7030612
512.77	-566.0439	-606.5082	0.7030638
512.78	-565.952	-606.5072	0.7030669
512.79	-565.8601	-606.5062	0.7030703
512.8	-565.7682	-606.5051	0.7030744
512.81	-565.6764	-606.5041	0.7030793
512.82	-565.5845	-606.5031	0.7030848
512.83	-565.4927	-606.502	0.703091
512.84	-565.4008	-606.501	0.7030977
512.85	-565.309	-606.5	0.7031057
512.86	-565.2172	-606.499	0.7031148
512.87	-565.1254	-606.4979	0.7031249
512.88	-565.0336	-606.4969	0.7031361
512.89	-564.9418	-606.4958	0.7031481
512.9	-564.8501	-606.4949	0.7031617
512.91	-564.7584	-606.4939	0.7031767
512.92	-564.6666	-606.4929	0.7031932
512.93	-564.5749	-606.4919	0.7032108
512.94	-564.4832	-606.491	0.7032297
512.95	-564.3914	-606.49	0.7032497
512.96	-564.2997	-606.4891	0.7032714
512.97	-564.2081	-606.4881	0.7032948
512.98	-564.1164	-606.4871	0.7033196
512.99	-564.0247	-606.4862	0.7033459
513	-563.9331	-606.4853	0.7033737
513.01	-563.8415	-606.4844	0.703403
513.02	-563.7498	-606.4835	0.7034337
513.03	-563.6581	-606.4826	0.7034657
513.04	-563.5665	-606.4817	0.7034988
513.05	-563.4748	-606.4808	0.7035332
513.06	-563.3831	-606.4799	0.7035686
513.07	-563.2914	-606.4791	0.7036051
513.08	-563.1998	-606.4782	0.7036425
513.09	-563.108	-606.4774	0.7036808
513.1	-563.0163	-606.4766	0.7037199
513.11	-562.9246	-606.4757	0.7037598
513.12	-562.8328	-606.4749	0.7038004
513.13	-562.7411	-606.474	0.7038417
513.14	-562.6494	-606.4733	0.7038835
513.15	-562.5576	-606.4725	0.7039259
513.16	-562.4658	-606.4717	0.7039687
513.17	-562.374	-606.4709	0.7040119
513.18	-562.2822	-606.4702	0.7040555
513.19	-562.1903	-606.4694	0.7040995
513.2	-562.0984	-606.4686	0.7041434
513.21	-562.0065	-606.468	0.7041875
513.22	-561.9146	-606.4672	0.7042314
513.23	-561.8226	-606.4665	0.7042754
513.24	-561.7306	-606.4658	0.7043194
513.25	-561.6385	-606.4651	0.704363
513.26	-561.5464	-606.4644	0.7044064
513.27	-561.4543	-606.4636	0.7044494
513.28	-561.3622	-606.463	0.7044922
513.29	-561.27	-606.4623	0.7045347
513.3	-561.1777	-606.4617	0.7045765
513.31	-561.0854	-606.4611	0.7046179
513.32	-560.9931	-606.4604	0.7046587
513.33	-560.9007	-606.4597	0.704699
513.34	-560.8082	-606.459	0.7047389
513.35	-560.7157	-606.4585	0.7047782
513.36	-560.6231	-606.4579	0.7048169
513.37	-560.5305	-606.4573	0.7048551
513.38	-560.4377	-606.4567	0.7048927
513.39	-560.345	-606.4561	0.7049298
513.4	-560.2522	-606.4555	0.7049665
513.41	-560.1594	-606.4549	0.7050028
513.42	-560.0665	-606.4543	0.7050386
513.43	-559.9735	-606.4538	0.7050741
513.44	-559.8805	-606.4532	0.7051091
513.45	-559.7874	-606.4527	0.7051438
513.46	-559.6943	-606.4521	0.7051783
513.47	-559.6011	-606.4516	0.7052124
513.48	-559.5078	-606.4511	0.7052463
513.49	-559.4144	-606.4506	0.70528
513.5	-559.321	-606.4501	0.7053134
513.51	-559.2275	-606.4496	0.7053466
513.52	-559.1339	-606.4492	0.7053796
513.53	-559.0403	-606.4487	0.7054124
513.54	-558.9466	-606.4482	0.7054451
513.55	-558.8528	-606.4477	0.7054776
513.56	-558.759	-606.4472	0.70551
513.57	-558.6652	-606.4468	0.7055423
513.58	-558.5712	-606.4464	0.7055746
513.59	-558.4771	-606.446	0.7056068
513.6	-558.383	-606.4456	0.7056391
513.61	-558.2888	-606.4451	0.7056716
513.62	-558.1946	-606.4448	0.7057043
513.63	-558.1002	-606.4443	0.7057371
513.64	-558.0058	-606.444	0.70577
513.65	-557.9113	-606.4436	0.7058036
513.66	-557.8168	-606.4433	0.705838
513.67	-557.7222	-606.4429	0.7058728
513.68	-557.6275	-606.4426	0.7059083
513.69	-557.5327	-606.4422	0.7059442
513.7	-557.4379	-606.442	0.7059816
513.71	-557.343	-606.4417	0.7060199
513.72	-557.248	-606.4413	0.7060595
513.73	-557.153	-606.441	0.7061
513.74	-557.0579	-606.4408	0.7061415
513.75	-556.9626	-606.4406	0.706184
513.76	-556.8674	-606.4403	0.7062277
513.77	-556.772	-606.4401	0.7062728
513.78	-556.6766	-606.4399	0.7063192
513.79	-556.5811	-606.4397	0.7063666
513.8	-556.4855	-606.4395	0.7064152
513.81	-556.3898	-606.4394	0.7064648
513.82	-556.2941	-606.4392	0.7065154
513.83	-556.1983	-606.439	0.706567
513.84	-556.1024	-606.439	0.7066194
513.85	-556.0065	-606.4388	0.7066726
513.86	-555.9104	-606.4387	0.7067266
513.87	-555.8143	-606.4387	0.7067813
513.88	-555.7181	-606.4386	0.7068366
513.89	-555.6218	-606.4386	0.7068925
513.9	-555.5254	-606.4385	0.706949
513.91	-555.429	-606.4385	0.7070061
513.92	-555.3324	-606.4385	0.7070637
513.93	-555.2358	-606.4385	0.7071217
513.94	-555.139	-606.4385	0.7071802
513.95	-555.0422	-606.4385	0.7072391
513.96	-554.9454	-606.4385	0.7072985
513.97	-554.8484	-606.4387	0.7073581
513.98	-554.7514	-606.4387	0.7074182
513.99	-554.6543	-606.4388	0.7074786
514	-554.5571	-606.4389	0.7075393
514.01	-554.4598	-606.439	0.7076001
514.02	-554.3625	-606.4392	0.7076613
514.03	-554.265	-606.4393	0.7077225
514.04	-554.1675	-606.4395	0.7077841
514.05	-554.0699	-606.4397	0.7078457
514.06	-553.9722	-606.4399	0.7079073
514.07	-553.8744	-606.4401	0.7079688
514.08	-553.7765	-606.4403	0.7080302
514.09	-553.6785	-606.4406	0.7080918
514.1	-553.5805	-606.4409	0.7081528
514.11	-553.4824	-606.4411	0.7082134
514.12	-553.3841	-606.4414	0.7082736
514.13	-553.2858	-606.4417	0.7083333
514.14	-553.1873	-606.4421	0.7083927
514.15	-553.0888	-606.4424	0.7084519
514.16	-552.9902	-606.4427	0.7085097
514.17	-552.8915	-606.4431	0.7085664
514.18	-552.7928	-606.4434	0.7086219
514.19	-552.6939	-606.4438	0.7086765
514.2	-552.595	-606.4442	0.70873
514.21	-552.496	-606.4446	0.708782
514.22	-552.3969	-606.4449	0.7088326
514.23	-552.2977	-606.4454	0.7088817
514.24	-552.1984	-606.4459	0.7089296
514.25	-552.099	-606.4463	0.7089759
514.26	-551.9996	-606.4468	0.7090206
514.27	-551.9	-606.4472	0.7090639
514.28	-551.8004	-606.4477	0.7091059
514.29	-551.7007	-606.4482	0.7091467
514.3	-551.6009	-606.4487	0.7091861
514.31	-551.501	-606.4492	0.7092245
514.32	-551.401	-606.4497	0.7092617
514.33	-551.3009	-606.4503	0.7092979
514.34	-551.2007	-606.4508	0.7093331
514.35	-551.1005	-606.4514	0.7093673
514.36	-551.0002	-606.4519	0.7094007
514.37	-550.8998	-606.4525	0.7094333
514.38	-550.7993	-606.4531	0.7094653
514.39	-550.6986	-606.4537	0.7094964
514.4	-550.5979	-606.4543	0.709527
514.41	-550.4971	-606.4549	0.7095571
514.42	-550.3962	-606.4555	0.7095867
514.43	-550.2953	-606.4562	0.7096158
514.44	-550.1942	-606.4568	0.7096445
514.45	-550.0931	-606.4575	0.709673
514.46	-549.9918	-606.4581	0.7097015
514.47	-549.8905	-606.4588	0.7097299
514.48	-549.7891	-606.4595	0.7097582
514.49	-549.6875	-606.4602	0.7097864
514.5	-549.5859	-606.4609	0.709815
514.51	-549.4842	-606.4617	0.7098442
514.52	-549.3824	-606.4624	0.7098738
514.53	-549.2805	-606.4632	0.7099039
514.54	-549.1785	-606.4639	0.7099342
514.55	-549.0764	-606.4647	0.709965
514.56	-548.9742	-606.4655	0.7099972
514.57	-548.8719	-606.4662	0.7100309
514.58	-548.7695	-606.4671	0.7100658
514.59	-548.6671	-606.4679	0.7101018
514.6	-548.5645	-606.4688	0.7101396
514.61	-548.4619	-606.4696	0.7101789
514.62	-548.3591	-606.4705	0.7102195
514.63	-548.2563	-606.4714	0.7102613
514.64	-548.1533	-606.4723	0.7103046
514.65	-548.0503	-606.4733	0.7103491
514.66	-547.9471	-606.4742	0.7103947
514.67	-547.8439	-606.4751	0.7104414
514.68	-547.7406	-606.4761	0.7104892
514.69	-547.6371	-606.4771	0.710538
514.7	-547.5336	-606.4781	0.7105875
514.71	-547.43	-606.4791	0.7106379
514.72	-547.3263	-606.4802	0.7106888
514.73	-547.2225	-606.4812	0.7107405
514.74	-547.1185	-606.4823	0.7107928
514.75	-547.0145	-606.4833	0.7108458
514.76	-546.9104	-606.4844	0.7108986
514.77	-546.8062	-606.4856	0.7109514
514.78	-546.7019	-606.4867	0.7110041
514.79	-546.5975	-606.4878	0.7110569
514.8	-546.493	-606.489	0.7111089
514.81	-546.3884	-606.4901	0.7111601
514.82	-546.2836	-606.4913	0.7112107
514.83	-546.1788	-606.4925	0.7112608
514.84	-546.0739	-606.4937	0.7113101
514.85	-545.9689	-606.4948	0.711358
514.86	-545.8638	-606.4961	0.7114044
514.87	-545.7586	-606.4973	0.7114494
514.88	-545.6533	-606.4985	0.7114933
514.89	-545.5479	-606.4998	0.7115359
514.9	-545.4424	-606.501	0.7115774
514.91	-545.3368	-606.5023	0.7116169
514.92	-545.2311	-606.5036	0.7116548
514.93	-545.1252	-606.5049	0.711691
514.94	-545.0193	-606.5062	0.7117255
514.95	-544.9133	-606.5075	0.7117584
514.96	-544.8073	-606.5088	0.71179
514.97	-544.701	-606.5101	0.7118202
514.98	-544.5947	-606.5115	0.7118491
514.99	-544.4883	-606.5128	0.7118767
515	-544.3818	-606.5142	0.7119033
515.01	-544.2751	-606.5155	0.7119288
515.02	-544.1685	-606.5168	0.7119533
515.03	-544.0616	-606.5182	0.7119768
515.04	-543.9547	-606.5197	0.7119995
515.05	-543.8477	-606.5211	0.7120214
515.06	-543.7406	-606.5225	0.7120423
515.07	-543.6334	-606.5239	0.7120627
515.08	-543.526	-606.5253	0.7120824
515.09	-543.4186	-606.5267	0.7121014
515.1	-543.311	-606.5281	0.7121201
515.11	-543.2034	-606.5295	0.7121382
515.12	-543.0957	-606.5311	0.7121559
515.13	-542.9879	-606.5325	0.7121733
515.14	-542.8799	-606.534	0.7121903
515.15	-542.7718	-606.5355	0.712207
515.16	-542.6636	-606.5369	0.712224
515.17	-542.5554	-606.5384	0.7122412
515.18	-542.447	-606.5399	0.7122588
515.19	-542.3386	-606.5414	0.7122765
515.2	-542.23	-606.543	0.7122949
515.21	-542.1214	-606.5446	0.7123142
515.22	-542.0126	-606.5461	0.7123342
515.23	-541.9037	-606.5477	0.7123547
515.24	-541.7947	-606.5493	0.712376
515.25	-541.6857	-606.5508	0.7123985
515.26	-541.5765	-606.5524	0.712422
515.27	-541.4672	-606.5541	0.7124466
515.28	-541.3578	-606.5557	0.7124722
515.29	-541.2484	-606.5574	0.7124987
515.3	-541.1388	-606.559	0.7125261
515.31	-541.0291	-606.5607	0.7125543
515.32	-540.9193	-606.5623	0.7125835
515.33	-540.8094	-606.564	0.7126135
515.34	-540.6995	-606.5657	0.712644
515.35	-540.5894	-606.5674	0.7126749
515.36	-540.4792	-606.5692	0.7127059
515.37	-540.369	-606.5709	0.7127371
515.38	-540.2586	-606.5726	0.7127685
515.39	-540.1481	-606.5743	0.7127999
515.4	-540.0376	-606.5761	0.7128308
515.41	-539.9269	-606.5779	0.7128611
515.42	-539.8162	-606.5797	0.7128908
515.43	-539.7053	-606.5815	0.71292
515.44	-539.5943	-606.5833	0.7129486
515.45	-539.4832	-606.585	0.712976
515.46	-539.3721	-606.5868	0.7130022
515.47	-539.2608	-606.5886	0.7130274
515.48	-539.1494	-606.5905	0.7130515
515.49	-539.0379	-606.5923	0.7130746
515.5	-538.9263	-606.5942	0.7130963
515.51	-538.8147	-606.596	0.7131165
515.52	-538.7029	-606.5978	0.7131354
515.53	-538.5911	-606.5997	0.713153
515.54	-538.4791	-606.6015	0.7131695
515.55	-538.367	-606.6033	0.7131847
515.56	-538.2548	-606.6052	0.7131985
515.57	-538.1426	-606.6071	0.7132112
515.58	-538.0302	-606.6089	0.7132227
515.59	-537.9177	-606.6108	0.7132332
515.6	-537.8052	-606.6127	0.7132428
515.61	-537.6925	-606.6146	0.7132514
515.62	-537.5798	-606.6165	0.713259
515.63	-537.4669	-606.6184	0.713266
515.64	-537.3539	-606.6203	0.713272
515.65	-537.2409	-606.6222	0.7132775
515.66	-537.1277	-606.6241	0.7132822
515.67	-537.0145	-606.626	0.7132862
515.68	-536.9012	-606.6279	0.7132897
515.69	-536.7877	-606.6298	0.7132926
515.7	-536.6742	-606.6317	0.7132949
515.71	-536.5605	-606.6337	0.7132968
515.72	-536.4468	-606.6356	0.7132983
515.73	-536.333	-606.6376	0.7132993
515.74	-536.2191	-606.6395	0.7132999
515.75	-536.105	-606.6415	0.7133001
515.76	-535.991	-606.6434	0.7133002
515.77	-535.8768	-606.6454	0.7133001
515.78	-535.7625	-606.6473	0.7133
515.79	-535.648	-606.6493	0.7132997
515.8	-535.5335	-606.6512	0.7132998
515.81	-535.4189	-606.6532	0.7133003
515.82	-535.3043	-606.6552	0.7133012
515.83	-535.1895	-606.6572	0.7133026
515.84	-535.0746	-606.6592	0.7133042
515.85	-534.9596	-606.6612	0.7133069
515.86	-534.8445	-606.6632	0.7133107
515.87	-534.7294	-606.6652	0.7133154
515.88	-534.6141	-606.6672	0.713321
515.89	-534.4987	-606.6693	0.7133275
515.9	-534.3833	-606.6713	0.7133352
515.91	-534.2678	-606.6733	0.7133439
515.92	-534.1521	-606.6754	0.7133536
515.93	-534.0364	-606.6775	0.7133642
515.94	-533.9205	-606.6796	0.7133757
515.95	-533.8046	-606.6816	0.7133882
515.96	-533.6885	-606.6837	0.7134012
515.97	-533.5724	-606.6858	0.7134147
515.98	-533.4562	-606.6879	0.7134287
515.99	-533.3398	-606.6899	0.7134432
516	-533.2234	-606.692	0.7134575
516.01	-533.1069	-606.6941	0.7134717
516.02	-532.9904	-606.6962	0.7134859
516.03	-532.8737	-606.6984	0.7134999
516.04	-532.7568	-606.7005	0.7135139
516.05	-532.64	-606.7026	0.7135265
516.06	-532.523	-606.7048	0.7135382
516.07	-532.4059	-606.7069	0.713549
516.08	-532.2888	-606.709	0.7135586
516.09	-532.1715	-606.7112	0.7135674
516.1	-532.0542	-606.7133	0.7135741
516.11	-531.9368	-606.7155	0.7135788
516.12	-531.8192	-606.7176	0.7135816
516.13	-531.7016	-606.7197	0.7135826
516.14	-531.5839	-606.7219	0.713582
516.15	-531.4661	-606.724	0.7135789
516.16	-531.3481	-606.7261	0.7135735
516.17	-531.2302	-606.7283	0.7135659
516.18	-531.1121	-606.7304	0.7135562
516.19	-530.9938	-606.7325	0.7135445
516.2	-530.8755	-606.7346	0.713531
516.21	-530.7572	-606.7367	0.7135155
516.22	-530.6387	-606.7388	0.7134983
516.23	-530.5201	-606.7408	0.7134793
516.24	-530.4015	-606.7429	0.7134587
516.25	-530.2828	-606.7449	0.7134368
516.26	-530.1639	-606.747	0.7134137
516.27	-530.045	-606.7491	0.7133893
516.28	-529.926	-606.7512	0.7133639
516.29	-529.8068	-606.7532	0.7133374
516.3	-529.6876	-606.7552	0.7133106
516.31	-529.5684	-606.7573	0.7132836
516.32	-529.449	-606.7594	0.7132564
516.33	-529.3295	-606.7615	0.7132289
516.34	-529.2099	-606.7635	0.7132013
516.35	-529.0903	-606.7656	0.7131745
516.36	-528.9705	-606.7676	0.7131482
516.37	-528.8506	-606.7697	0.7131226
516.38	-528.7307	-606.7718	0.7130976
516.39	-528.6107	-606.7739	0.7130733
516.4	-528.4905	-606.7759	0.7130502
516.41	-528.3704	-606.778	0.7130284
516.42	-528.2501	-606.78	0.7130077
516.43	-528.1296	-606.7821	0.712988
516.44	-528.0092	-606.7842	0.7129694
516.45	-527.8886	-606.7863	0.712952
516.46	-527.7679	-606.7883	0.7129356
516.47	-527.6472	-606.7904	0.7129204
516.48	-527.5263	-606.7925	0.7129061
516.49	-527.4053	-606.7946	0.7128928
516.5	-527.2843	-606.7966	0.7128803
516.51	-527.1632	-606.7986	0.7128684
516.52	-527.042	-606.8007	0.7128571
516.53	-526.9207	-606.8028	0.7128462
516.54	-526.7993	-606.8049	0.7128357
516.55	-526.6778	-606.8069	0.7128253
516.56	-526.5562	-606.809	0.7128148
516.57	-526.4346	-606.811	0.7128042
516.58	-526.3128	-606.813	0.7127935
516.59	-526.191	-606.815	0.7127829
516.6	-526.069	-606.817	0.7127723
516.61	-525.947	-606.819	0.7127604
516.62	-525.8249	-606.821	0.7127475
516.63	-525.7027	-606.823	0.7127336
516.64	-525.5804	-606.825	0.7127187
516.65	-525.458	-606.827	0.7127024
516.66	-525.3356	-606.829	0.7126846
516.67	-525.213	-606.8311	0.7126656
516.68	-525.0904	-606.833	0.7126453
516.69	-524.9677	-606.835	0.7126239
516.7	-524.8448	-606.8369	0.7126013
516.71	-524.722	-606.8388	0.7125776
516.72	-524.599	-606.8408	0.7125529
516.73	-524.476	-606.8427	0.7125272
516.74	-524.3528	-606.8447	0.7125006
516.75	-524.2296	-606.8466	0.7124737
516.76	-524.1063	-606.8485	0.7124463
516.77	-523.9828	-606.8503	0.7124185
516.78	-523.8594	-606.8522	0.7123905
516.79	-523.7358	-606.8541	0.712362
516.8	-523.6121	-606.856	0.7123339
516.81	-523.4884	-606.8579	0.7123061
516.82	-523.3646	-606.8597	0.7122784
516.83	-523.2407	-606.8616	0.7122511
516.84	-523.1166	-606.8635	0.7122239
516.85	-522.9926	-606.8654	0.7121975
516.86	-522.8684	-606.8673	0.7121719
516.87	-522.7441	-606.8692	0.7121469
516.88	-522.6198	-606.871	0.7121226
516.89	-522.4954	-606.8728	0.7120988
516.9	-522.3708	-606.8746	0.7120762
516.91	-522.2463	-606.8765	0.7120547
516.92	-522.1216	-606.8783	0.7120342
516.93	-521.9968	-606.8801	0.7120146
516.94	-521.8719	-606.882	0.7119959
516.95	-521.747	-606.8837	0.7119786
516.96	-521.622	-606.8856	0.7119625
516.97	-521.4969	-606.8874	0.7119476
516.98	-521.3717	-606.8892	0.7119339
516.99	-521.2464	-606.8911	0.7119212
517	-521.121	-606.8929	0.71191
517.01	-520.9956	-606.8947	0.7119001
517.02	-520.8701	-606.8965	0.7118916
517.03	-520.7445	-606.8984	0.7118843
517.04	-520.6188	-606.9002	0.7118781
517.05	-520.4931	-606.902	0.7118731
517.06	-520.3673	-606.9039	0.7118691
517.07	-520.2415	-606.9057	0.7118661
517.08	-520.1155	-606.9075	0.7118641
517.09	-519.9896	-606.9094	0.711863
517.1	-519.8636	-606.9112	0.7118626
517.11	-519.7375	-606.913	0.7118627
517.12	-519.6115	-606.9149	0.7118635
517.13	-519.4853	-606.9167	0.7118648
517.14	-519.3591	-606.9185	0.7118666
517.15	-519.2329	-606.9202	0.711869
517.16	-519.1067	-606.922	0.7118713
517.17	-518.9804	-606.9238	0.7118737
517.18	-518.8541	-606.9255	0.711876
517.19	-518.7277	-606.9273	0.7118784
517.2	-518.6013	-606.9291	0.7118802
517.21	-518.4748	-606.9308	0.7118815
517.22	-518.3483	-606.9326	0.7118825
517.23	-518.2217	-606.9344	0.7118829
517.24	-518.0951	-606.9362	0.7118831
517.25	-517.9684	-606.9379	0.7118822
517.26	-517.8417	-606.9397	0.7118804
517.27	-517.715	-606.9415	0.7118777
517.28	-517.5883	-606.9432	0.7118741
517.29	-517.4614	-606.945	0.7118698
517.3	-517.3346	-606.9468	0.711864
517.31	-517.2077	-606.9485	0.7118568
517.32	-517.0807	-606.9502	0.7118485
517.33	-516.9537	-606.9518	0.711839
517.34	-516.8267	-606.9536	0.7118283
517.35	-516.6996	-606.9553	0.7118164
517.36	-516.5724	-606.957	0.7118034
517.37	-516.4453	-606.9587	0.7117894
517.38	-516.3181	-606.9604	0.7117743
517.39	-516.1908	-606.9621	0.7117584
517.4	-516.0635	-606.9638	0.7117415
517.41	-515.9362	-606.9655	0.7117241
517.42	-515.8088	-606.9672	0.7117059
517.43	-515.6813	-606.9689	0.711687
517.44	-515.5538	-606.9705	0.7116675
517.45	-515.4263	-606.9722	0.7116479
517.46	-515.2988	-606.9738	0.7116279
517.47	-515.1711	-606.9755	0.7116079
517.48	-515.0435	-606.9771	0.7115876
517.49	-514.9158	-606.9788	0.7115672
517.5	-514.788	-606.9804	0.7115473
517.51	-514.6602	-606.982	0.7115277
517.52	-514.5324	-606.9836	0.7115086
517.53	-514.4045	-606.9853	0.7114899
517.54	-514.2766	-606.9869	0.7114714
517.55	-514.1487	-606.9886	0.7114542
517.56	-514.0207	-606.9902	0.7114379
517.57	-513.8926	-606.9919	0.7114227
517.58	-513.7645	-606.9935	0.7114084
517.59	-513.6364	-606.9952	0.711395
517.6	-513.5082	-606.9968	0.711383
517.61	-513.3799	-606.9984	0.7113726
517.62	-513.2516	-607.0001	0.7113634
517.63	-513.1234	-607.0017	0.7113554
517.64	-512.995	-607.0034	0.7113487
517.65	-512.8666	-607.005	0.7113432
517.66	-512.7382	-607.0067	0.7113389
517.67	-512.6097	-607.0083	0.7113357
517.68	-512.4812	-607.0099	0.7113336
517.69	-512.3527	-607.0116	0.7113325
517.7	-512.2241	-607.0132	0.7113321
517.71	-512.0955	-607.0149	0.7113322
517.72	-511.9668	-607.0165	0.7113329
517.73	-511.8382	-607.0182	0.7113342
517.74	-511.7095	-607.0198	0.711336
517.75	-511.5808	-607.0214	0.7113377
517.76	-511.4521	-607.023	0.7113392
517.77	-511.3233	-607.0246	0.7113407
517.78	-511.1945	-607.0262	0.711342
517.79	-511.0656	-607.0278	0.7113432
517.8	-510.9368	-607.0294	0.7113433
517.81	-510.8079	-607.0309	0.7113426
517.82	-510.679	-607.0325	0.711341
517.83	-510.5501	-607.0341	0.7113386
517.84	-510.4212	-607.0357	0.7113354
517.85	-510.2923	-607.0373	0.7113304
517.86	-510.1633	-607.0389	0.7113237
517.87	-510.0344	-607.0405	0.7113155
517.88	-509.9054	-607.0421	0.7113058
517.89	-509.7764	-607.0436	0.7112947
517.9	-509.6474	-607.0451	0.7112813
517.91	-509.5184	-607.0466	0.7112657
517.92	-509.3893	-607.0482	0.7112481
517.93	-509.2603	-607.0496	0.7112285
517.94	-509.1313	-607.0511	0.7112071
517.95	-509.0022	-607.0527	0.7111831
517.96	-508.8731	-607.0541	0.7111568
517.97	-508.744	-607.0556	0.7111282
517.98	-508.6149	-607.0571	0.7110975
517.99	-508.4858	-607.0585	0.7110649
518	-508.3567	-607.0599	0.7110297
518.01	-508.2275	-607.0613	0.7109923
518.02	-508.0984	-607.0627	0.7109527
518.03	-507.9692	-607.0641	0.710911
518.04	-507.84	-607.0655	0.7108675
518.05	-507.7108	-607.0669	0.710822
518.06	-507.5816	-607.0682	0.7107748
518.07	-507.4524	-607.0695	0.7107258
518.08	-507.3231	-607.0709	0.7106753
518.09	-507.1938	-607.0721	0.7106232
518.1	-507.0645	-607.0735	0.7105702
518.11	-506.9352	-607.0748	0.7105164
518.12	-506.8059	-607.076	0.7104617
518.13	-506.6766	-607.0773	0.7104062
518.14	-506.5472	-607.0786	0.7103501
518.15	-506.4178	-607.0798	0.7102941
518.16	-506.2885	-607.081	0.7102383
518.17	-506.159	-607.0822	0.7101827
518.18	-506.0296	-607.0834	0.7101273
518.19	-505.9001	-607.0846	0.710072
518.2	-505.7706	-607.0858	0.7100179
518.21	-505.6411	-607.0869	0.709965
518.22	-505.5115	-607.0881	0.7099132
518.23	-505.382	-607.0892	0.7098624
518.24	-505.2524	-607.0903	0.7098125
518.25	-505.1228	-607.0915	0.7097645
518.26	-504.9932	-607.0926	0.709718
518.27	-504.8636	-607.0937	0.709673
518.28	-504.7339	-607.0948	0.7096297
518.29	-504.6042	-607.0958	0.7095876
518.3	-504.4745	-607.0969	0.7095471
518.31	-504.3447	-607.098	0.709508
518.32	-504.2149	-607.0991	0.7094703
518.33	-504.0851	-607.1001	0.7094339
518.34	-503.9553	-607.1011	0.7093987
518.35	-503.8254	-607.1022	0.7093647
518.36	-503.6955	-607.1032	0.7093318
518.37	-503.5656	-607.1042	0.7092999
518.38	-503.4356	-607.1052	0.7092689
518.39	-503.3055	-607.1062	0.7092388
518.4	-503.1755	-607.1072	0.7092092
518.41	-503.0454	-607.1082	0.7091801
518.42	-502.9153	-607.1091	0.7091512
518.43	-502.7852	-607.11	0.7091228
518.44	-502.6549	-607.111	0.7090946
518.45	-502.5247	-607.1119	0.7090661
518.46	-502.3944	-607.1128	0.7090371
518.47	-502.2641	-607.1137	0.7090077
518.48	-502.1337	-607.1146	0.708978
518.49	-502.0033	-607.1154	0.7089479
518.5	-501.8728	-607.1163	0.7089174
518.51	-501.7423	-607.1171	0.7088855
518.52	-501.6118	-607.118	0.7088522
518.53	-501.4812	-607.1187	0.7088175
518.54	-501.3506	-607.1195	0.7087817
518.55	-501.2199	-607.1203	0.7087446
518.56	-501.0892	-607.121	0.7087057
518.57	-500.9584	-607.1217	0.708665
518.58	-500.8276	-607.1224	0.7086225
518.59	-500.6967	-607.1232	0.7085785
518.6	-500.5658	-607.1238	0.7085328
518.61	-500.4349	-607.1245	0.7084854
518.62	-500.3039	-607.1251	0.7084365
518.63	-500.1728	-607.1257	0.7083861
518.64	-500.0417	-607.1263	0.7083343
518.65	-499.9105	-607.1269	0.7082813
518.66	-499.7793	-607.1274	0.708227
518.67	-499.6481	-607.128	0.7081715
518.68	-499.5168	-607.1285	0.7081149
518.69	-499.3854	-607.129	0.7080572
518.7	-499.254	-607.1295	0.7079988
518.71	-499.1225	-607.13	0.7079396
518.72	-498.991	-607.1304	0.7078797
518.73	-498.8594	-607.1309	0.7078191
518.74	-498.7277	-607.1312	0.7077579
518.75	-498.596	-607.1317	0.7076961
518.76	-498.4643	-607.1321	0.7076344
518.77	-498.3325	-607.1324	0.7075727
518.78	-498.2006	-607.1328	0.7075111
518.79	-498.0687	-607.1331	0.7074495
518.8	-497.9367	-607.1334	0.707388
518.81	-497.8047	-607.1336	0.7073277
518.82	-497.6726	-607.1339	0.7072682
518.83	-497.5404	-607.1342	0.7072099
518.84	-497.4082	-607.1344	0.7071524
518.85	-497.276	-607.1346	0.7070967
518.86	-497.1437	-607.1349	0.7070428
518.87	-497.0114	-607.1351	0.7069903
518.88	-496.8789	-607.1353	0.7069395
518.89	-496.7465	-607.1354	0.7068901
518.9	-496.614	-607.1356	0.7068428
518.91	-496.4814	-607.1357	0.7067977
518.92	-496.3488	-607.1359	0.7067546
518.93	-496.2161	-607.136	0.7067133
518.94	-496.0833	-607.1361	0.7066737
518.95	-495.9505	-607.1362	0.7066364
518.96	-495.8177	-607.1364	0.706601
518.97	-495.6848	-607.1364	0.7065675
518.98	-495.5518	-607.1365	0.7065358
518.99	-495.4188	-607.1365	0.7065058
519	-495.2857	-607.1366	0.7064777
519.01	-495.1526	-607.1367	0.7064512
519.02	-495.0194	-607.1367	0.7064263
519.03	-494.8862	-607.1367	0.7064029
519.04	-494.7529	-607.1367	0.7063809
519.05	-494.6196	-607.1367	0.7063603
519.06	-494.4862	-607.1367	0.706341
519.07	-494.3527	-607.1367	0.7063229
519.08	-494.2192	-607.1366	0.706306
519.09	-494.0856	-607.1365	0.7062902
519.1	-493.952	-607.1364	0.7062753
519.11	-493.8184	-607.1364	0.7062615
519.12	-493.6846	-607.1363	0.7062484
519.13	-493.5508	-607.1362	0.7062362
519.14	-493.417	-607.1361	0.7062249
519.15	-493.2831	-607.136	0.7062138
519.16	-493.1492	-607.1359	0.7062031
519.17	-493.0152	-607.1357	0.7061927
519.18	-492.8811	-607.1356	0.7061827
519.19	-492.747	-607.1355	0.7061729
519.2	-492.6128	-607.1353	0.7061634
519.21	-492.4786	-607.1351	0.7061532
519.22	-492.3443	-607.1349	0.7061424
519.23	-492.21	-607.1348	0.706131
519.24	-492.0756	-607.1345	0.706119
519.25	-491.9411	-607.1343	0.7061063
519.26	-491.8066	-607.1341	0.7060928
519.27	-491.6721	-607.1339	0.7060787
519.28	-491.5375	-607.1336	0.706064
519.29	-491.4028	-607.1334	0.7060485
519.3	-491.2681	-607.1331	0.7060329
519.31	-491.1334	-607.1329	0.706017
519.32	-490.9986	-607.1326	0.7060007
519.33	-490.8637	-607.1323	0.7059843
519.34	-490.7288	-607.1319	0.7059677
519.35	-490.5939	-607.1316	0.7059515
519.36	-490.4589	-607.1313	0.7059358
519.37	-490.3239	-607.131	0.7059205
519.38	-490.1888	-607.1307	0.7059057
519.39	-490.0536	-607.1304	0.7058914
519.4	-489.9185	-607.13	0.7058781
519.41	-489.7833	-607.1296	0.7058659
519.42	-489.648	-607.1293	0.7058545
519.43	-489.5127	-607.1289	0.7058442
519.44	-489.3774	-607.1285	0.7058348
519.45	-489.2421	-607.1282	0.7058267
519.46	-489.1067	-607.1277	0.7058198
519.47	-488.9713	-607.1274	0.7058141
519.48	-488.8359	-607.127	0.7058095
519.49	-488.7005	-607.1266	0.705806
519.5	-488.5651	-607.1263	0.7058035
519.51	-488.4297	-607.1259	0.7058021
519.52	-488.2943	-607.1255	0.7058016
519.53	-488.1589	-607.1252	0.705802
519.54	-488.0235	-607.1248	0.7058033
519.55	-487.8881	-607.1245	0.7058055
519.56	-487.7527	-607.1241	0.7058084
519.57	-487.6174	-607.1237	0.7058121
519.58	-487.482	-607.1234	0.7058165
519.59	-487.3466	-607.123	0.7058216
519.6	-487.2112	-607.1227	0.7058273
519.61	-487.0759	-607.1223	0.7058337
519.62	-486.9406	-607.1219	0.7058406
519.63	-486.8052	-607.1215	0.705848
519.64	-486.6699	-607.1211	0.7058561
519.65	-486.5346	-607.1207	0.7058646
519.66	-486.3994	-607.1202	0.7058735
519.67	-486.2641	-607.1198	0.7058829
519.68	-486.1288	-607.1194	0.7058926
519.69	-485.9935	-607.119	0.7059027
519.7	-485.8582	-607.1185	0.7059132
519.71	-485.723	-607.1181	0.7059239
519.72	-485.5878	-607.1177	0.7059346
519.73	-485.4526	-607.1172	0.7059456
519.74	-485.3174	-607.1168	0.7059567
519.75	-485.1822	-607.1164	0.7059676
519.76	-485.047	-607.116	0.7059783
519.77	-484.9118	-607.1156	0.7059889
519.78	-484.7767	-607.1152	0.7059994
519.79	-484.6415	-607.1147	0.7060097
519.8	-484.5063	-607.1143	0.7060199
519.81	-484.3712	-607.1139	0.7060295
519.82	-484.2361	-607.1135	0.7060385
519.83	-484.101	-607.113	0.7060469
519.84	-483.9659	-607.1126	0.7060548
519.85	-483.8309	-607.1122	0.7060618
519.86	-483.6959	-607.1118	0.7060677
519.87	-483.5608	-607.1113	0.7060726
519.88	-483.4258	-607.1109	0.7060767
519.89	-483.2907	-607.1105	0.70608
519.9	-483.1558	-607.11	0.706082
519.91	-483.0208	-607.1096	0.706083
519.92	-482.8858	-607.1092	0.7060829
519.93	-482.7509	-607.1088	0.7060817
519.94	-482.6159	-607.1083	0.7060797
519.95	-482.481	-607.1079	0.7060764
519.96	-482.3461	-607.1075	0.7060722
519.97	-482.2112	-607.1071	0.7060668
519.98	-482.0763	-607.1066	0.7060605
519.99	-481.9414	-607.1062	0.7060533
520	-481.8066	-607.1058	0.7060452
520.01	-481.6718	-607.1053	0.7060363
520.02	-481.537	-607.1049	0.7060264
520.03	-481.4022	-607.1045	0.7060159
520.04	-481.2674	-607.1041	0.7060045
520.05	-481.1326	-607.1036	0.7059925
520.06	-480.9978	-607.1032	0.7059798
520.07	-480.8631	-607.1027	0.7059664
520.08	-480.7284	-607.1023	0.7059523
520.09	-480.5936	-607.1018	0.7059377
520.1	-480.459	-607.1013	0.7059224
520.11	-480.3243	-607.1008	0.7059062
520.12	-480.1896	-607.1003	0.7058893
520.13	-480.0549	-607.0999	0.7058717
520.14	-479.9203	-607.0994	0.7058535
520.15	-479.7857	-607.0989	0.7058341
520.16	-479.6511	-607.0983	0.7058135
520.17	-479.5165	-607.0978	0.705792
520.18	-479.3819	-607.0974	0.7057694
520.19	-479.2473	-607.0969	0.7057458
520.2	-479.1127	-607.0964	0.7057214
520.21	-478.9782	-607.0958	0.7056953
520.22	-478.8437	-607.0952	0.7056676
520.23	-478.7092	-607.0947	0.7056385
520.24	-478.5746	-607.0941	0.7056079
520.25	-478.4402	-607.0936	0.7055756
520.26	-478.3057	-607.093	0.7055416
520.27	-478.1713	-607.0923	0.705506
520.28	-478.0368	-607.0917	0.7054688
520.29	-477.9024	-607.0911	0.7054304
520.3	-477.768	-607.0905	0.7053905
520.31	-477.6336	-607.0898	0.7053491
520.32	-477.4993	-607.0892	0.7053066
520.33	-477.3649	-607.0886	0.7052628
520.34	-477.2305	-607.0878	0.7052178
520.35	-477.0962	-607.0872	0.7051718
520.36	-476.9619	-607.0865	0.7051247
520.37	-476.8276	-607.0858	0.7050766
520.38	-476.6933	-607.085	0.7050275
520.39	-476.5591	-607.0843	0.7049775
520.4	-476.4248	-607.0836	0.7049268
520.41	-476.2906	-607.0828	0.7048752
520.42	-476.1564	-607.082	0.704823
520.43	-476.0222	-607.0812	0.70477
520.44	-475.8879	-607.0804	0.7047163
520.45	-475.7538	-607.0796	0.704662
520.46	-475.6196	-607.0787	0.7046071
520.47	-475.4855	-607.0779	0.7045516
520.48	-475.3513	-607.077	0.7044957
520.49	-475.2172	-607.0761	0.7044392
520.5	-475.0831	-607.0753	0.7043822
520.51	-474.9491	-607.0743	0.7043247
520.52	-474.815	-607.0734	0.7042668
520.53	-474.6809	-607.0724	0.7042086
520.54	-474.5469	-607.0715	0.7041498
520.55	-474.4129	-607.0705	0.7040907
520.56	-474.2789	-607.0695	0.7040312
520.57	-474.1449	-607.0685	0.7039714
520.58	-474.0109	-607.0674	0.7039113
520.59	-473.8769	-607.0663	0.7038509
520.6	-473.743	-607.0653	0.7037902
520.61	-473.609	-607.0643	0.7037292
520.62	-473.4751	-607.0631	0.7036678
520.63	-473.3412	-607.062	0.7036063
520.64	-473.2073	-607.0609	0.7035445
520.65	-473.0735	-607.0597	0.7034826
520.66	-472.9396	-607.0585	0.7034203
520.67	-472.8058	-607.0573	0.7033579
520.68	-472.672	-607.0561	0.7032954
520.69	-472.5381	-607.0548	0.7032325
520.7	-472.4043	-607.0536	0.7031696
520.71	-472.2706	-607.0523	0.7031063
520.72	-472.1368	-607.051	0.7030431
520.73	-472.0031	-607.0497	0.7029796
520.74	-471.8693	-607.0483	0.702916
520.75	-471.7356	-607.0469	0.7028523
520.76	-471.6019	-607.0455	0.7027884
520.77	-471.4683	-607.0441	0.7027245
520.78	-471.3346	-607.0427	0.7026603
520.79	-471.2009	-607.0413	0.7025962
520.8	-471.0673	-607.0398	0.7025318
520.81	-470.9337	-607.0383	0.7024674
520.82	-470.8001	-607.0368	0.7024029
520.83	-470.6665	-607.0352	0.7023383
520.84	-470.5329	-607.0337	0.7022736
520.85	-470.3994	-607.0322	0.7022089
520.86	-470.2662	-607.0305	0.7021443
520.87	-470.1333	-607.0289	0.7020798
520.88	-470.0007	-607.0273	0.7020153
520.89	-469.8685	-607.0256	0.701951
520.9	-469.7365	-607.024	0.7018867
520.91	-469.6049	-607.0223	0.7018226
520.92	-469.4737	-607.0206	0.7017585
520.93	-469.3427	-607.0189	0.7016945
520.94	-469.212	-607.0172	0.7016307
520.95	-469.0817	-607.0154	0.7015671
520.96	-468.9517	-607.0136	0.7015037
520.97	-468.8221	-607.0118	0.7014406
520.98	-468.6927	-607.01	0.7013777
520.99	-468.5636	-607.0082	0.7013151
521	-468.4349	-607.0063	0.701253
521.01	-468.3065	-607.0045	0.7011914
521.02	-468.1784	-607.0027	0.7011302
521.03	-468.0507	-607.0008	0.7010695
521.04	-467.9232	-606.9989	0.7010093
521.05	-467.7961	-606.9969	0.7009498
521.06	-467.6693	-606.9951	0.7008909
521.07	-467.5428	-606.9931	0.7008327
521.08	-467.4166	-606.9911	0.7007753
521.09	-467.2908	-606.9891	0.7007184
521.1	-467.1653	-606.9871	0.7006623
521.11	-467.04	-606.9852	0.7006071
521.12	-466.9152	-606.9832	0.7005526
521.13	-466.7906	-606.9811	0.7004988
521.14	-466.6663	-606.9791	0.7004458
521.15	-466.5424	-606.9771	0.7003936
521.16	-466.4188	-606.9749	0.700342
521.17	-466.2955	-606.9728	0.7002912
521.18	-466.1725	-606.9708	0.700241
521.19	-466.0499	-606.9686	0.7001914
521.2	-465.9276	-606.9665	0.7001425
521.21	-465.8055	-606.9644	0.7000941
521.22	-465.6839	-606.9622	0.7000464
521.23	-465.5625	-606.96	0.6999991
521.24	-465.4414	-606.9579	0.6999524
521.25	-465.3207	-606.9556	0.6999061
521.26	-465.2003	-606.9534	0.6998603
521.27	-465.0803	-606.9512	0.6998152
521.28	-464.9605	-606.949	0.6997703
521.29	-464.841	-606.9468	0.6997259
521.3	-464.7219	-606.9445	0.6996819
521.31	-464.6031	-606.9423	0.6996382
521.32	-464.4846	-606.9399	0.6995949
521.33	-464.3665	-606.9377	0.6995521
521.34	-464.2486	-606.9354	0.6995094
521.35	-464.1311	-606.9331	0.6994673
521.36	-464.0139	-606.9307	0.6994253
521.37	-463.897	-606.9284	0.6993837
521.38	-463.7805	-606.9261	0.6993424
521.39	-463.6642	-606.9238	0.6993014
521.4	-463.5483	-606.9214	0.6992607
521.41	-463.4327	-606.9191	0.6992201
521.42	-463.3174	-606.9167	0.6991799
521.43	-463.2025	-606.9142	0.69914
521.44	-463.0878	-606.9119	0.6991003
521.45	-462.9735	-606.9095	0.6990608
521.46	-462.8595	-606.9071	0.6990216
521.47	-462.7458	-606.9047	0.6989827
521.48	-462.6324	-606.9022	0.698944
521.49	-462.5194	-606.8998	0.6989055
521.5	-462.4067	-606.8973	0.6988674
521.51	-462.2943	-606.8948	0.6988298
521.52	-462.1822	-606.8924	0.6987926
521.53	-462.0704	-606.89	0.6987559
521.54	-461.959	-606.8875	0.6987194
521.55	-461.8479	-606.885	0.6986837
521.56	-461.7371	-606.8826	0.6986488
521.57	-461.6266	-606.8801	0.6986144
521.58	-461.5164	-606.8776	0.6985807
521.59	-461.4066	-606.8751	0.6985475
521.6	-461.2971	-606.8726	0.6985152
521.61	-461.1879	-606.8701	0.6984839
521.62	-461.079	-606.8676	0.6984534
521.63	-460.9704	-606.8651	0.6984236
521.64	-460.8622	-606.8625	0.6983946
521.65	-460.7542	-606.86	0.6983663
521.66	-460.6466	-606.8575	0.6983388
521.67	-460.5393	-606.855	0.6983122
521.68	-460.4324	-606.8525	0.6982863
521.69	-460.3257	-606.85	0.6982613
521.7	-460.2194	-606.8475	0.6982369
521.71	-460.1134	-606.8449	0.6982131
521.72	-460.0079	-606.8424	0.6981896
521.73	-459.9028	-606.8399	0.6981692
521.74	-459.7976	-606.8374	0.6981485
521.75	-459.6924	-606.8349	0.6981283
521.76	-459.5873	-606.8323	0.6981084
521.77	-459.4821	-606.8298	0.6980889
521.78	-459.377	-606.8271	0.6980696
521.79	-459.2718	-606.8246	0.6980507
521.8	-459.1667	-606.822	0.6980321
521.81	-459.0616	-606.8195	0.6980138
521.82	-458.9565	-606.8169	0.6979958
521.83	-458.8514	-606.8143	0.6979781
521.84	-458.7464	-606.8116	0.6979606
521.85	-458.6413	-606.809	0.6979433
521.86	-458.5363	-606.8063	0.6979262
521.87	-458.4313	-606.8037	0.6979094
521.88	-458.3263	-606.8011	0.6978927
521.89	-458.2213	-606.7985	0.6978762
521.9	-458.1163	-606.7958	0.6978598
521.91	-458.0113	-606.7932	0.6978436
521.92	-457.9064	-606.7905	0.6978276
521.93	-457.8014	-606.7878	0.6978118
521.94	-457.6965	-606.7852	0.697796
521.95	-457.5916	-606.7825	0.6977804
521.96	-457.4867	-606.7797	0.6977649
521.97	-457.3818	-606.777	0.6977494
521.98	-457.2769	-606.7744	0.6977341
521.99	-457.172	-606.7717	0.6977189
522	-457.0672	-606.769	0.6977038
522.01	-456.9624	-606.7663	0.6976888
522.02	-456.8575	-606.7635	0.6976738
522.03	-456.7527	-606.7608	0.697659
522.04	-456.6479	-606.7581	0.6976441
522.05	-456.5432	-606.7553	0.6976293
522.06	-456.4384	-606.7525	0.6976146
522.07	-456.3336	-606.7498	0.6975999
522.08	-456.2289	-606.747	0.6975853
522.09	-456.1241	-606.7443	0.6975708
522.1	-456.0194	-606.7415	0.6975563
522.11	-455.9147	-606.7388	0.6975418
522.12	-455.8101	-606.736	0.6975275
522.13	-455.7054	-606.7333	0.6975131
522.14	-455.6007	-606.7305	0.6974988
522.15	-455.496	-606.7277	0.6974844
522.16	-455.3914	-606.7249	0.6974702
522.17	-455.2868	-606.722	0.6974559
522.18	-455.1822	-606.7192	0.6974417
522.19	-455.0776	-606.7164	0.6974275
522.2	-454.973	-606.7136	0.6974133
522.21	-454.8684	-606.7108	0.6973993
522.22	-454.7639	-606.7079	0.6973851
522.23	-454.6593	-606.7051	0.697371
522.24	-454.5548	-606.7023	0.697357
522.25	-454.4503	-606.6995	0.6973429
522.26	-454.3458	-606.6967	0.6973289
522.27	-454.2413	-606.6938	0.6973149
522.28	-454.1368	-606.691	0.6973008
522.29	-454.0323	-606.6881	0.6972868
522.3	-453.9279	-606.6852	0.6972729
522.31	-453.8235	-606.6824	0.6972589
522.32	-453.7191	-606.6795	0.6972449
522.33	-453.6147	-606.6766	0.6972309
522.34	-453.5103	-606.6738	0.697217
522.35	-453.4059	-606.6709	0.6972032
522.36	-453.3015	-606.668	0.6971893
522.37	-453.1972	-606.6652	0.6971753
522.38	-453.0928	-606.6622	0.6971614
522.39	-452.9885	-606.6594	0.6971475
522.4	-452.8842	-606.6565	0.6971336
522.41	-452.7799	-606.6536	0.6971197
522.42	-452.6756	-606.6508	0.6971058
522.43	-452.5713	-606.6478	0.6970921
522.44	-452.467	-606.6449	0.6970782
522.45	-452.3628	-606.642	0.6970643
522.46	-452.2586	-606.639	0.6970505
522.47	-452.1544	-606.6361	0.6970367
522.48	-452.0502	-606.6332	0.6970229
522.49	-451.946	-606.6302	0.697009
522.5	-451.8418	-606.6273	0.6969951
522.51	-451.7376	-606.6243	0.6969814
522.52	-451.6335	-606.6214	0.6969675
522.53	-451.5293	-606.6185	0.6969538
