236.95	-647.9376	-606.765	0.703729
236.96	-647.8063	-606.7639	0.7036195
236.97	-647.675	-606.7628	0.703509
236.98	-647.5437	-606.7616	0.7033976
236.99	-647.4124	-606.7605	0.7032858
237	-647.2811	-606.7593	0.7031734
237.01	-647.1498	-606.7581	0.7030605
237.02	-647.0186	-606.7568	0.7029473
237.03	-646.8873	-606.7556	0.7028336
237.04	-646.756	-606.7542	0.70272
237.05	-646.6247	-606.7529	0.7026064
237.06	-646.4934	-606.7515	0.7024931
237.07	-646.3621	-606.7501	0.7023798
237.08	-646.2309	-606.7487	0.7022671
237.09	-646.0997	-606.7471	0.7021548
237.1	-645.9684	-606.7457	0.702043
237.11	-645.8372	-606.7441	0.7019317
237.12	-645.706	-606.7425	0.7018209
237.13	-645.5748	-606.7408	0.7017109
237.14	-645.4437	-606.7393	0.7016017
237.15	-645.3125	-606.7375	0.7014933
237.16	-645.1813	-606.7358	0.7013857
237.17	-645.0502	-606.7341	0.7012787
237.18	-644.919	-606.7324	0.7011728
237.19	-644.7878	-606.7305	0.701068
237.2	-644.6567	-606.7287	0.7009641
237.21	-644.5255	-606.7269	0.7008612
237.22	-644.3943	-606.7249	0.7007591
237.23	-644.2632	-606.723	0.7006583
237.24	-644.1321	-606.721	0.7005586
237.25	-644.001	-606.719	0.70046
237.26	-643.8699	-606.7169	0.7003625
237.27	-643.7388	-606.7149	0.7002659
237.28	-643.6078	-606.7128	0.7001708
237.29	-643.4767	-606.7107	0.7000769
237.3	-643.3457	-606.7085	0.6999842
237.31	-643.2147	-606.7063	0.6998926
237.32	-643.0837	-606.7041	0.6998022
237.33	-642.9528	-606.7018	0.6997135
237.34	-642.8218	-606.6996	0.6996267
237.35	-642.6909	-606.6973	0.6995414
237.36	-642.56	-606.6949	0.6994578
237.37	-642.4291	-606.6926	0.6993755
237.38	-642.2982	-606.6901	0.6992957
237.39	-642.1674	-606.6877	0.6992181
237.4	-642.0365	-606.6852	0.6991426
237.41	-641.9056	-606.6828	0.6990691
237.42	-641.7748	-606.6803	0.6989976
237.43	-641.644	-606.6777	0.6989287
237.44	-641.5132	-606.6752	0.6988623
237.45	-641.3824	-606.6726	0.6987985
237.46	-641.2516	-606.67	0.6987368
237.47	-641.1208	-606.6674	0.6986773
237.48	-640.9901	-606.6647	0.6986206
237.49	-640.8594	-606.6621	0.6985664
237.5	-640.7287	-606.6594	0.6985146
237.51	-640.598	-606.6567	0.6984652
237.52	-640.4673	-606.654	0.6984179
237.53	-640.3367	-606.6512	0.6983731
237.54	-640.2061	-606.6484	0.6983307
237.55	-640.0755	-606.6457	0.6982904
237.56	-639.9449	-606.6429	0.6982522
237.57	-639.8143	-606.64	0.698216
237.58	-639.6837	-606.6372	0.6981816
237.59	-639.5531	-606.6343	0.6981491
237.6	-639.4225	-606.6315	0.6981182
237.61	-639.292	-606.6286	0.6980889
237.62	-639.1614	-606.6256	0.6980612
237.63	-639.0309	-606.6227	0.6980349
237.64	-638.9005	-606.6198	0.6980099
237.65	-638.77	-606.6168	0.6979862
237.66	-638.6395	-606.6138	0.6979637
237.67	-638.5091	-606.6108	0.6979424
237.68	-638.3787	-606.6078	0.6979223
237.69	-638.2482	-606.6048	0.697903
237.7	-638.1179	-606.6017	0.6978849
237.71	-637.9875	-606.5987	0.6978676
237.72	-637.8571	-606.5956	0.6978513
237.73	-637.7268	-606.5926	0.6978353
237.74	-637.5965	-606.5895	0.6978196
237.75	-637.4662	-606.5864	0.6978043
237.76	-637.3359	-606.5833	0.6977892
237.77	-637.2056	-606.5801	0.6977745
237.78	-637.0753	-606.5769	0.697759
237.79	-636.9451	-606.5737	0.6977429
237.8	-636.8148	-606.5706	0.6977262
237.81	-636.6846	-606.5674	0.697709
237.82	-636.5543	-606.5641	0.6976913
237.83	-636.4241	-606.5609	0.6976719
237.84	-636.2939	-606.5577	0.6976512
237.85	-636.1638	-606.5544	0.6976291
237.86	-636.0336	-606.5511	0.6976057
237.87	-635.9035	-606.5478	0.697581
237.88	-635.7734	-606.5445	0.6975544
237.89	-635.6433	-606.5412	0.697526
237.9	-635.5132	-606.5378	0.697496
237.91	-635.3832	-606.5344	0.6974643
237.92	-635.2531	-606.5311	0.6974311
237.93	-635.1231	-606.5276	0.6973961
237.94	-634.9931	-606.5242	0.6973595
237.95	-634.8631	-606.5208	0.6973212
237.96	-634.7331	-606.5173	0.6972815
237.97	-634.6031	-606.5139	0.6972404
237.98	-634.4731	-606.5104	0.6971979
237.99	-634.3432	-606.5068	0.6971541
238	-634.2133	-606.5034	0.6971092
238.01	-634.0833	-606.4998	0.697063
238.02	-633.9534	-606.4963	0.6970158
238.03	-633.8235	-606.4927	0.6969677
238.04	-633.6937	-606.4891	0.6969187
238.05	-633.5638	-606.4855	0.6968689
238.06	-633.434	-606.4819	0.6968182
238.07	-633.3042	-606.4783	0.6967669
238.08	-633.1744	-606.4747	0.6967153
238.09	-633.0446	-606.4709	0.6966634
238.1	-632.9149	-606.4673	0.6966113
238.11	-632.7851	-606.4636	0.6965589
238.12	-632.6553	-606.4599	0.6965062
238.13	-632.5256	-606.4562	0.6964545
238.14	-632.3959	-606.4525	0.6964034
238.15	-632.2662	-606.4487	0.696353
238.16	-632.1365	-606.4449	0.6963034
238.17	-632.0068	-606.4412	0.6962543
238.18	-631.8772	-606.4373	0.696207
238.19	-631.7476	-606.4335	0.6961617
238.2	-631.6179	-606.4297	0.696118
238.21	-631.4883	-606.4259	0.696076
238.22	-631.3587	-606.4221	0.6960354
238.23	-631.2291	-606.4183	0.6959974
238.24	-631.0995	-606.4144	0.6959616
238.25	-630.97	-606.4105	0.695928
238.26	-630.8405	-606.4067	0.6958966
238.27	-630.711	-606.4028	0.6958671
238.28	-630.5815	-606.399	0.6958395
238.29	-630.452	-606.3951	0.6958145
238.3	-630.3226	-606.3913	0.6957922
238.31	-630.1931	-606.3873	0.6957722
238.32	-630.0637	-606.3834	0.6957545
238.33	-629.9342	-606.3795	0.695739
238.34	-629.8048	-606.3756	0.6957261
238.35	-629.6754	-606.3717	0.6957157
238.36	-629.546	-606.3678	0.6957077
238.37	-629.4166	-606.3639	0.6957018
238.38	-629.2872	-606.36	0.6956981
238.39	-629.1579	-606.3561	0.695697
238.4	-629.0286	-606.3522	0.6956983
238.41	-628.8992	-606.3483	0.6957018
238.42	-628.77	-606.3444	0.6957075
238.43	-628.6407	-606.3405	0.6957156
238.44	-628.5114	-606.3365	0.6957262
238.45	-628.3821	-606.3326	0.6957389
238.46	-628.2529	-606.3287	0.6957538
238.47	-628.1237	-606.3248	0.6957707
238.48	-627.9945	-606.321	0.6957895
238.49	-627.8654	-606.3171	0.6958102
238.5	-627.7362	-606.3132	0.6958326
238.51	-627.6071	-606.3093	0.6958567
238.52	-627.4779	-606.3054	0.6958823
238.53	-627.3488	-606.3015	0.6959094
238.54	-627.2197	-606.2975	0.6959379
238.55	-627.0906	-606.2937	0.6959679
238.56	-626.9615	-606.2898	0.6959991
238.57	-626.8325	-606.2859	0.6960314
238.58	-626.7034	-606.282	0.6960649
238.59	-626.5744	-606.2781	0.6960995
238.6	-626.4454	-606.2742	0.696135
238.61	-626.3163	-606.2703	0.6961716
238.62	-626.1873	-606.2664	0.696209
238.63	-626.0583	-606.2626	0.6962473
238.64	-625.9294	-606.2587	0.6962864
238.65	-625.8004	-606.2549	0.6963262
238.66	-625.6714	-606.251	0.6963668
238.67	-625.5425	-606.2473	0.6964082
238.68	-625.4136	-606.2434	0.6964502
238.69	-625.2847	-606.2396	0.6964927
238.7	-625.1559	-606.2357	0.6965359
238.71	-625.027	-606.2319	0.6965798
238.72	-624.8982	-606.2281	0.696624
238.73	-624.7693	-606.2244	0.6966689
238.74	-624.6406	-606.2206	0.6967142
238.75	-624.5118	-606.2169	0.6967599
238.76	-624.383	-606.2131	0.6968061
238.77	-624.2542	-606.2093	0.6968527
238.78	-624.1254	-606.2056	0.6968997
238.79	-623.9966	-606.2018	0.696947
238.8	-623.8679	-606.1981	0.6969947
238.81	-623.7392	-606.1945	0.6970428
238.82	-623.6105	-606.1907	0.6970911
238.83	-623.4818	-606.187	0.6971397
238.84	-623.3531	-606.1834	0.6971887
238.85	-623.2244	-606.1797	0.6972378
238.86	-623.0958	-606.1761	0.6972873
238.87	-622.9671	-606.1725	0.697337
238.88	-622.8385	-606.1688	0.6973869
238.89	-622.7099	-606.1652	0.6974369
238.9	-622.5813	-606.1617	0.6974873
238.91	-622.4527	-606.1581	0.6975378
238.92	-622.3242	-606.1545	0.6975884
238.93	-622.1956	-606.151	0.6976394
238.94	-622.0671	-606.1475	0.6976904
238.95	-621.9386	-606.1439	0.6977416
238.96	-621.8101	-606.1404	0.6977929
238.97	-621.6816	-606.137	0.6978444
238.98	-621.5532	-606.1335	0.697896
238.99	-621.4247	-606.1301	0.6979477
239	-621.2963	-606.1266	0.6979995
239.01	-621.1679	-606.1232	0.6980515
239.02	-621.0395	-606.1198	0.6981036
239.03	-620.9111	-606.1164	0.6981558
239.04	-620.7828	-606.113	0.698208
239.05	-620.6544	-606.1097	0.6982604
239.06	-620.5261	-606.1063	0.6983128
239.07	-620.3977	-606.103	0.6983653
239.08	-620.2694	-606.0997	0.6984178
239.09	-620.1411	-606.0964	0.6984705
239.1	-620.0128	-606.0931	0.6985232
239.11	-619.8845	-606.0898	0.698576
239.12	-619.7562	-606.0866	0.6986288
239.13	-619.628	-606.0834	0.6986817
239.14	-619.4998	-606.0802	0.6987346
239.15	-619.3715	-606.077	0.6987876
239.16	-619.2433	-606.0738	0.6988406
239.17	-619.1151	-606.0707	0.6988937
239.18	-618.9869	-606.0675	0.6989468
239.19	-618.8588	-606.0645	0.699
239.2	-618.7306	-606.0613	0.6990532
239.21	-618.6025	-606.0582	0.6991063
239.22	-618.4744	-606.0552	0.6991596
239.23	-618.3463	-606.0521	0.6992129
239.24	-618.2182	-606.0491	0.6992661
239.25	-618.0901	-606.0461	0.6993194
239.26	-617.9621	-606.0431	0.6993727
239.27	-617.834	-606.0401	0.6994259
239.28	-617.706	-606.0372	0.6994792
239.29	-617.578	-606.0342	0.6995323
239.3	-617.45	-606.0313	0.6995851
239.31	-617.322	-606.0284	0.6996377
239.32	-617.194	-606.0255	0.6996902
239.33	-617.066	-606.0226	0.6997424
239.34	-616.9381	-606.0198	0.699794
239.35	-616.8102	-606.017	0.6998448
239.36	-616.6823	-606.0142	0.6998951
239.37	-616.5543	-606.0114	0.6999447
239.38	-616.4264	-606.0086	0.6999938
239.39	-616.2985	-606.0058	0.7000415
239.4	-616.1707	-606.0031	0.700088
239.41	-616.0428	-606.0004	0.7001333
239.42	-615.9149	-605.9976	0.7001774
239.43	-615.7871	-605.9949	0.7002199
239.44	-615.6593	-605.9922	0.7002609
239.45	-615.5315	-605.9895	0.7003003
239.46	-615.4037	-605.9868	0.7003384
239.47	-615.276	-605.9842	0.7003751
239.48	-615.1483	-605.9815	0.7004105
239.49	-615.0205	-605.9789	0.7004447
239.5	-614.8928	-605.9763	0.7004775
239.51	-614.7651	-605.9736	0.7005093
239.52	-614.6375	-605.9711	0.7005399
239.53	-614.5098	-605.9684	0.7005702
239.54	-614.3822	-605.9659	0.7005999
239.55	-614.2546	-605.9633	0.7006292
239.56	-614.127	-605.9608	0.700658
239.57	-613.9993	-605.9583	0.7006865
239.58	-613.8718	-605.9557	0.7007159
239.59	-613.7442	-605.9532	0.7007461
239.6	-613.6166	-605.9507	0.7007771
239.61	-613.4891	-605.9482	0.7008089
239.62	-613.3615	-605.9459	0.7008413
239.63	-613.2339	-605.9434	0.7008744
239.64	-613.1064	-605.941	0.7009101
239.65	-612.9789	-605.9386	0.7009481
239.66	-612.8514	-605.9363	0.7009883
239.67	-612.7239	-605.9339	0.7010307
239.68	-612.5965	-605.9316	0.701075
239.69	-612.4691	-605.9293	0.7011221
239.7	-612.3416	-605.927	0.7011719
239.71	-612.2142	-605.9247	0.7012243
239.72	-612.0868	-605.9225	0.7012788
239.73	-611.9594	-605.9203	0.7013357
239.74	-611.832	-605.9182	0.701395
239.75	-611.7047	-605.916	0.7014567
239.76	-611.5774	-605.9139	0.7015207
239.77	-611.4501	-605.9118	0.7015867
239.78	-611.3228	-605.9097	0.7016548
239.79	-611.1955	-605.9076	0.7017246
239.8	-611.0682	-605.9056	0.7017964
239.81	-610.941	-605.9036	0.7018695
239.82	-610.8137	-605.9016	0.7019444
239.83	-610.6865	-605.8996	0.7020202
239.84	-610.5593	-605.8977	0.7020974
239.85	-610.4321	-605.8958	0.7021755
239.86	-610.3049	-605.8939	0.7022547
239.87	-610.1777	-605.892	0.7023348
239.88	-610.0505	-605.8901	0.7024158
239.89	-609.9234	-605.8884	0.7024974
239.9	-609.7963	-605.8865	0.7025795
239.91	-609.6691	-605.8848	0.7026622
239.92	-609.542	-605.883	0.7027453
239.93	-609.4149	-605.8813	0.7028289
239.94	-609.2878	-605.8795	0.7029124
239.95	-609.1608	-605.8779	0.702996
239.96	-609.0337	-605.8762	0.7030793
239.97	-608.9067	-605.8746	0.7031628
239.98	-608.7797	-605.8729	0.7032452
239.99	-608.6526	-605.8713	0.7033269
240	-608.5257	-605.8698	0.7034076
240.01	-608.3987	-605.8682	0.7034876
240.02	-608.2718	-605.8667	0.7035669
240.03	-608.1448	-605.8652	0.7036455
240.04	-608.0179	-605.8637	0.7037221
240.05	-607.8911	-605.8622	0.7037967
240.06	-607.7642	-605.8608	0.7038696
240.07	-607.6373	-605.8594	0.7039408
240.08	-607.5104	-605.8579	0.7040097
240.09	-607.3836	-605.8566	0.7040763
240.1	-607.2568	-605.8552	0.7041408
240.11	-607.1299	-605.8538	0.7042036
240.12	-607.0031	-605.8525	0.7042643
240.13	-606.8763	-605.8512	0.7043229
240.14	-606.7496	-605.8499	0.7043795
240.15	-606.6228	-605.8486	0.7044341
240.16	-606.496	-605.8474	0.7044869
240.17	-606.3693	-605.8461	0.704538
240.18	-606.2426	-605.8448	0.7045874
240.19	-606.1158	-605.8437	0.7046352
240.2	-605.9891	-605.8425	0.7046815
240.21	-605.8624	-605.8412	0.7047263
240.22	-605.7358	-605.8401	0.7047699
240.23	-605.6091	-605.839	0.7048122
240.24	-605.4825	-605.8378	0.7048532
240.25	-605.3559	-605.8367	0.7048931
240.26	-605.2293	-605.8357	0.7049319
240.27	-605.1027	-605.8346	0.7049696
240.28	-604.9761	-605.8336	0.7050064
240.29	-604.8496	-605.8325	0.7050421
240.3	-604.7231	-605.8315	0.7050768
240.31	-604.5966	-605.8305	0.7051105
240.32	-604.47	-605.8295	0.7051433
240.33	-604.3435	-605.8286	0.7051752
240.34	-604.217	-605.8276	0.705206
240.35	-604.0906	-605.8267	0.7052357
240.36	-603.9641	-605.8257	0.7052643
240.37	-603.8376	-605.8248	0.7052919
240.38	-603.7112	-605.8239	0.7053186
240.39	-603.5848	-605.823	0.7053438
240.4	-603.4584	-605.8221	0.7053678
240.41	-603.332	-605.8213	0.7053906
240.42	-603.2056	-605.8204	0.7054121
240.43	-603.0792	-605.8196	0.7054322
240.44	-602.9529	-605.8187	0.705451
240.45	-602.8265	-605.8179	0.7054685
240.46	-602.7002	-605.8171	0.7054848
240.47	-602.5739	-605.8163	0.7055
240.48	-602.4476	-605.8155	0.705514
240.49	-602.3214	-605.8148	0.7055268
240.5	-602.1951	-605.814	0.7055385
240.51	-602.0689	-605.8132	0.7055492
240.52	-601.9427	-605.8124	0.7055589
240.53	-601.8165	-605.8116	0.7055677
240.54	-601.6903	-605.8109	0.7055755
240.55	-601.5641	-605.8102	0.7055826
240.56	-601.438	-605.8094	0.7055888
240.57	-601.3118	-605.8087	0.7055942
240.58	-601.1857	-605.808	0.7055991
240.59	-601.0596	-605.8073	0.7056036
240.6	-600.9335	-605.8065	0.7056075
240.61	-600.8074	-605.8058	0.7056111
240.62	-600.6813	-605.8052	0.7056141
240.63	-600.5552	-605.8045	0.7056168
240.64	-600.4292	-605.8038	0.7056196
240.65	-600.3032	-605.8032	0.7056224
240.66	-600.1771	-605.8025	0.7056254
240.67	-600.0511	-605.8018	0.7056283
240.68	-599.9251	-605.8011	0.7056313
240.69	-599.7991	-605.8005	0.7056352
240.7	-599.6732	-605.7999	0.7056399
240.71	-599.5472	-605.7993	0.7056454
240.72	-599.4213	-605.7987	0.7056516
240.73	-599.2953	-605.7981	0.7056584
240.74	-599.1694	-605.7975	0.7056669
240.75	-599.0436	-605.7969	0.7056767
240.76	-598.9177	-605.7963	0.7056878
240.77	-598.7919	-605.7958	0.7057002
240.78	-598.666	-605.7952	0.7057138
240.79	-598.5402	-605.7947	0.7057296
240.8	-598.4143	-605.7941	0.7057474
240.81	-598.2885	-605.7936	0.705767
240.82	-598.1627	-605.793	0.7057885
240.83	-598.0369	-605.7925	0.7058117
240.84	-597.9111	-605.7921	0.7058371
240.85	-597.7853	-605.7916	0.7058646
240.86	-597.6595	-605.7911	0.7058939
240.87	-597.5338	-605.7906	0.7059251
240.88	-597.4081	-605.7902	0.7059581
240.89	-597.2823	-605.7899	0.7059931
240.9	-597.1566	-605.7894	0.70603
240.91	-597.0309	-605.789	0.7060686
240.92	-596.9052	-605.7886	0.706109
240.93	-596.7795	-605.7883	0.7061512
240.94	-596.6538	-605.7879	0.7061952
240.95	-596.5281	-605.7875	0.7062408
240.96	-596.4025	-605.7872	0.706288
240.97	-596.2768	-605.7869	0.7063367
240.98	-596.1512	-605.7866	0.706387
240.99	-596.0256	-605.7864	0.7064391
241	-595.9	-605.7861	0.7064927
241.01	-595.7744	-605.7858	0.7065479
241.02	-595.6487	-605.7856	0.7066044
241.03	-595.5232	-605.7854	0.7066628
241.04	-595.3976	-605.7852	0.706723
241.05	-595.2721	-605.785	0.7067849
241.06	-595.1465	-605.7849	0.7068484
241.07	-595.021	-605.7847	0.7069135
241.08	-594.8955	-605.7846	0.7069806
241.09	-594.77	-605.7845	0.70705
241.1	-594.6445	-605.7844	0.7071213
241.11	-594.519	-605.7844	0.7071944
241.12	-594.3936	-605.7844	0.7072693
241.13	-594.2681	-605.7844	0.7073465
241.14	-594.1426	-605.7844	0.7074259
241.15	-594.0171	-605.7844	0.7075073
241.16	-593.8916	-605.7845	0.7075907
241.17	-593.7661	-605.7846	0.7076759
241.18	-593.6407	-605.7847	0.7077632
241.19	-593.5153	-605.7849	0.7078524
241.2	-593.3898	-605.785	0.7079436
241.21	-593.2644	-605.7852	0.7080363
241.22	-593.139	-605.7855	0.7081308
241.23	-593.0135	-605.7857	0.7082267
241.24	-592.8881	-605.786	0.7083241
241.25	-592.7627	-605.7863	0.7084229
241.26	-592.6373	-605.7866	0.7085229
241.27	-592.5118	-605.787	0.7086241
241.28	-592.3864	-605.7874	0.7087266
241.29	-592.261	-605.7878	0.7088296
241.3	-592.1357	-605.7883	0.7089332
241.31	-592.0103	-605.7888	0.7090373
241.32	-591.8849	-605.7893	0.709142
241.33	-591.7595	-605.7898	0.7092472
241.34	-591.6341	-605.7904	0.7093522
241.35	-591.5087	-605.791	0.7094571
241.36	-591.3834	-605.7916	0.7095618
241.37	-591.258	-605.7923	0.7096664
241.38	-591.1326	-605.793	0.709771
241.39	-591.0073	-605.7937	0.7098744
241.4	-590.8819	-605.7944	0.7099769
241.41	-590.7565	-605.7952	0.7100784
241.42	-590.6312	-605.796	0.710179
241.43	-590.5058	-605.7968	0.7102787
241.44	-590.3805	-605.7977	0.710377
241.45	-590.2552	-605.7985	0.7104739
241.46	-590.1299	-605.7994	0.7105694
241.47	-590.0046	-605.8004	0.7106637
241.48	-589.8793	-605.8013	0.710756
241.49	-589.754	-605.8023	0.7108465
241.5	-589.6287	-605.8033	0.7109355
241.51	-589.5034	-605.8043	0.7110228
241.52	-589.3781	-605.8054	0.7111086
241.53	-589.2528	-605.8065	0.7111923
241.54	-589.1276	-605.8076	0.7112741
241.55	-589.0023	-605.8087	0.711354
241.56	-588.877	-605.8099	0.711432
241.57	-588.7517	-605.811	0.7115086
241.58	-588.6265	-605.8123	0.7115828
241.59	-588.5012	-605.8135	0.7116551
241.6	-588.376	-605.8148	0.7117254
241.61	-588.2507	-605.816	0.7117938
241.62	-588.1255	-605.8174	0.7118605
241.63	-588.0002	-605.8187	0.7119249
241.64	-587.875	-605.82	0.7119873
241.65	-587.7498	-605.8214	0.7120477
241.66	-587.6245	-605.8228	0.7121063
241.67	-587.4993	-605.8242	0.7121632
241.68	-587.3741	-605.8256	0.7122179
241.69	-587.2488	-605.827	0.7122706
241.7	-587.1236	-605.8286	0.7123214
241.71	-586.9984	-605.83	0.7123704
241.72	-586.8731	-605.8315	0.7124178
241.73	-586.7479	-605.8331	0.7124634
241.74	-586.6226	-605.8347	0.7125071
241.75	-586.4974	-605.8362	0.7125493
241.76	-586.3721	-605.8378	0.7125899
241.77	-586.2468	-605.8394	0.712629
241.78	-586.1216	-605.841	0.7126666
241.79	-585.9963	-605.8427	0.7127029
241.8	-585.871	-605.8443	0.7127379
241.81	-585.7457	-605.846	0.7127716
241.82	-585.6204	-605.8477	0.7128041
241.83	-585.4951	-605.8494	0.7128356
241.84	-585.3698	-605.8511	0.7128661
241.85	-585.2444	-605.8529	0.7128955
241.86	-585.1191	-605.8547	0.7129239
241.87	-584.9938	-605.8564	0.7129515
241.88	-584.8685	-605.8582	0.7129781
241.89	-584.7432	-605.86	0.7130039
241.9	-584.6178	-605.8619	0.7130287
241.91	-584.4924	-605.8638	0.7130529
241.92	-584.3671	-605.8656	0.7130762
241.93	-584.2417	-605.8674	0.7130988
241.94	-584.1163	-605.8693	0.7131203
241.95	-583.991	-605.8712	0.7131408
241.96	-583.8656	-605.8731	0.7131604
241.97	-583.7402	-605.875	0.713179
241.98	-583.6148	-605.877	0.7131962
241.99	-583.4894	-605.8789	0.713212
242	-583.364	-605.8809	0.7132264
242.01	-583.2386	-605.8828	0.7132397
242.02	-583.1132	-605.8848	0.7132518
242.03	-582.9877	-605.8867	0.713262
242.04	-582.8623	-605.8887	0.7132704
242.05	-582.7369	-605.8906	0.713277
242.06	-582.6115	-605.8926	0.713282
242.07	-582.486	-605.8947	0.7132854
242.08	-582.3606	-605.8967	0.7132868
242.09	-582.2352	-605.8987	0.7132862
242.1	-582.1097	-605.9007	0.7132838
242.11	-581.9842	-605.9027	0.7132797
242.12	-581.8587	-605.9047	0.7132739
242.13	-581.7332	-605.9067	0.7132664
242.14	-581.6077	-605.9088	0.7132574
242.15	-581.4822	-605.9108	0.7132469
242.16	-581.3568	-605.9128	0.7132349
242.17	-581.2313	-605.9148	0.7132215
242.18	-581.1057	-605.9168	0.713207
242.19	-580.9802	-605.9188	0.7131913
242.2	-580.8547	-605.9208	0.7131743
242.21	-580.7291	-605.9228	0.7131563
242.22	-580.6036	-605.9248	0.7131372
242.23	-580.478	-605.9268	0.7131172
242.24	-580.3525	-605.9288	0.7130962
242.25	-580.2269	-605.9308	0.7130744
242.26	-580.1014	-605.9329	0.7130518
242.27	-579.9758	-605.9348	0.7130284
242.28	-579.8503	-605.9368	0.7130043
242.29	-579.7247	-605.9388	0.7129795
242.3	-579.5991	-605.9409	0.7129542
242.31	-579.4735	-605.9429	0.7129283
242.32	-579.3479	-605.9449	0.7129019
242.33	-579.2223	-605.9468	0.7128749
242.34	-579.0967	-605.9489	0.7128478
242.35	-578.9711	-605.9509	0.7128203
242.36	-578.8455	-605.9529	0.7127926
242.37	-578.7198	-605.9549	0.7127647
242.38	-578.5942	-605.9568	0.7127368
242.39	-578.4685	-605.9589	0.712709
242.4	-578.3428	-605.9609	0.7126811
242.41	-578.2172	-605.9629	0.7126532
242.42	-578.0915	-605.9648	0.7126253
242.43	-577.9658	-605.9668	0.7125975
242.44	-577.8401	-605.9687	0.71257
242.45	-577.7144	-605.9706	0.7125427
242.46	-577.5887	-605.9726	0.7125158
242.47	-577.463	-605.9745	0.7124891
242.48	-577.3372	-605.9765	0.7124631
242.49	-577.2115	-605.9784	0.7124375
242.5	-577.0858	-605.9803	0.7124124
242.51	-576.96	-605.9823	0.7123879
242.52	-576.8342	-605.9843	0.7123638
242.53	-576.7085	-605.9862	0.7123405
242.54	-576.5827	-605.9882	0.7123181
242.55	-576.4569	-605.9901	0.7122964
242.56	-576.3311	-605.9919	0.7122754
242.57	-576.2053	-605.9938	0.712255
242.58	-576.0795	-605.9957	0.7122353
242.59	-575.9537	-605.9976	0.7122165
242.6	-575.8278	-605.9995	0.7121986
242.61	-575.702	-606.0014	0.7121816
242.62	-575.5761	-606.0033	0.7121654
242.63	-575.4502	-606.0052	0.7121499
242.64	-575.3243	-606.007	0.7121354
242.65	-575.1984	-606.0089	0.7121217
242.66	-575.0725	-606.0108	0.7121087
242.67	-574.9466	-606.0127	0.7120965
242.68	-574.8207	-606.0146	0.7120854
242.69	-574.6948	-606.0165	0.7120751
242.7	-574.5688	-606.0184	0.7120658
242.71	-574.4428	-606.0203	0.7120573
242.72	-574.3168	-606.0222	0.7120496
242.73	-574.1909	-606.024	0.7120427
242.74	-574.0649	-606.0259	0.712037
242.75	-573.9388	-606.0277	0.7120324
242.76	-573.8128	-606.0295	0.712029
242.77	-573.6868	-606.0314	0.7120267
242.78	-573.5607	-606.0332	0.7120252
242.79	-573.4347	-606.035	0.7120251
242.8	-573.3087	-606.0369	0.7120262
242.81	-573.1826	-606.0387	0.7120285
242.82	-573.0565	-606.0405	0.7120318
242.83	-572.9304	-606.0424	0.7120363
242.84	-572.8043	-606.0442	0.7120422
242.85	-572.6781	-606.046	0.7120494
242.86	-572.5519	-606.0479	0.7120581
242.87	-572.4258	-606.0497	0.7120679
242.88	-572.2996	-606.0515	0.7120793
242.89	-572.1735	-606.0534	0.7120923
242.9	-572.0472	-606.0553	0.7121068
242.91	-571.921	-606.0572	0.7121226
242.92	-571.7948	-606.0591	0.7121397
242.93	-571.6685	-606.061	0.712158
242.94	-571.5423	-606.0629	0.7121776
242.95	-571.416	-606.0648	0.7121986
242.96	-571.2897	-606.0667	0.7122207
242.97	-571.1635	-606.0686	0.7122439
242.98	-571.0372	-606.0705	0.7122682
242.99	-570.9108	-606.0724	0.7122934
243	-570.7845	-606.0743	0.7123197
243.01	-570.6581	-606.0762	0.7123469
243.02	-570.5317	-606.0781	0.7123749
243.03	-570.4054	-606.0801	0.7124037
243.04	-570.279	-606.082	0.7124334
243.05	-570.1526	-606.084	0.7124637
243.06	-570.0262	-606.086	0.7124947
243.07	-569.8997	-606.088	0.7125264
243.08	-569.7733	-606.0899	0.7125587
243.09	-569.6469	-606.0919	0.7125916
243.1	-569.5204	-606.0939	0.7126251
243.11	-569.3939	-606.0958	0.712659
243.12	-569.2674	-606.0978	0.7126935
243.13	-569.1409	-606.0999	0.7127285
243.14	-569.0143	-606.1019	0.712764
243.15	-568.8878	-606.1039	0.7127997
243.16	-568.7612	-606.106	0.712836
243.17	-568.6346	-606.108	0.7128727
243.18	-568.5081	-606.11	0.7129097
243.19	-568.3815	-606.1121	0.712947
243.2	-568.2549	-606.1142	0.7129847
243.21	-568.1282	-606.1163	0.7130227
243.22	-568.0016	-606.1184	0.713061
243.23	-567.8749	-606.1205	0.7130995
243.24	-567.7483	-606.1226	0.7131383
243.25	-567.6216	-606.1246	0.7131771
243.26	-567.4949	-606.1268	0.7132161
243.27	-567.3682	-606.129	0.7132552
243.28	-567.2415	-606.1311	0.7132944
243.29	-567.1148	-606.1332	0.7133337
243.3	-566.988	-606.1354	0.7133726
243.31	-566.8613	-606.1376	0.7134116
243.32	-566.7345	-606.1398	0.7134504
243.33	-566.6077	-606.142	0.7134888
243.34	-566.481	-606.1442	0.7135268
243.35	-566.3541	-606.1464	0.7135644
243.36	-566.2273	-606.1486	0.7136016
243.37	-566.1005	-606.1509	0.7136384
243.38	-565.9736	-606.1531	0.7136749
243.39	-565.8467	-606.1554	0.7137104
243.4	-565.7198	-606.1577	0.7137452
243.41	-565.593	-606.1599	0.7137791
243.42	-565.4661	-606.1622	0.7138122
243.43	-565.3391	-606.1645	0.7138446
243.44	-565.2122	-606.1668	0.7138757
243.45	-565.0852	-606.1691	0.7139053
243.46	-564.9583	-606.1715	0.7139337
243.47	-564.8313	-606.1738	0.7139608
243.48	-564.7043	-606.1761	0.7139863
243.49	-564.5774	-606.1785	0.7140101
243.5	-564.4504	-606.1808	0.7140324
243.51	-564.3234	-606.1831	0.7140533
243.52	-564.1964	-606.1854	0.7140728
243.53	-564.0693	-606.1879	0.7140902
243.54	-563.9423	-606.1902	0.7141057
243.55	-563.8152	-606.1926	0.7141193
243.56	-563.6882	-606.195	0.7141312
243.57	-563.5611	-606.1974	0.7141415
243.58	-563.434	-606.1998	0.7141495
243.59	-563.3069	-606.2021	0.7141555
243.6	-563.1799	-606.2045	0.7141595
243.61	-563.0528	-606.2069	0.7141617
243.62	-562.9257	-606.2093	0.7141621
243.63	-562.7986	-606.2117	0.7141604
243.64	-562.6714	-606.2141	0.7141567
243.65	-562.5443	-606.2164	0.7141511
243.66	-562.4172	-606.2188	0.7141437
243.67	-562.29	-606.2212	0.7141346
243.68	-562.1629	-606.2236	0.714124
243.69	-562.0358	-606.226	0.7141114
243.7	-561.9086	-606.2283	0.7140971
243.71	-561.7814	-606.2307	0.7140812
243.72	-561.6542	-606.233	0.7140638
243.73	-561.527	-606.2354	0.7140447
243.74	-561.3998	-606.2378	0.7140243
243.75	-561.2726	-606.2402	0.7140022
243.76	-561.1454	-606.2426	0.7139785
243.77	-561.0182	-606.2449	0.7139533
243.78	-560.8911	-606.2473	0.7139264
243.79	-560.7639	-606.2496	0.7138976
243.8	-560.6367	-606.252	0.7138673
243.81	-560.5095	-606.2544	0.7138355
243.82	-560.3823	-606.2568	0.7138023
243.83	-560.2551	-606.259	0.7137676
243.84	-560.128	-606.2614	0.7137311
243.85	-560.0009	-606.2637	0.7136926
243.86	-559.8737	-606.266	0.7136525
243.87	-559.7465	-606.2682	0.7136108
243.88	-559.6194	-606.2706	0.7135671
243.89	-559.4922	-606.2729	0.7135215
243.9	-559.3651	-606.2751	0.7134742
243.91	-559.238	-606.2773	0.7134253
243.92	-559.1108	-606.2796	0.7133749
243.93	-558.9837	-606.2818	0.7133229
243.94	-558.8566	-606.2841	0.7132693
243.95	-558.7294	-606.2863	0.7132141
243.96	-558.6023	-606.2884	0.7131574
243.97	-558.4752	-606.2906	0.7130992
243.98	-558.348	-606.2928	0.7130397
243.99	-558.2209	-606.2949	0.7129788
244	-558.0938	-606.297	0.7129167
244.01	-557.9666	-606.2991	0.7128535
244.02	-557.8395	-606.3012	0.712789
244.03	-557.7124	-606.3032	0.7127236
244.04	-557.5853	-606.3053	0.712657
244.05	-557.4583	-606.3074	0.7125896
244.06	-557.3312	-606.3094	0.7125212
244.07	-557.2041	-606.3114	0.712452
244.08	-557.077	-606.3134	0.7123818
244.09	-556.95	-606.3154	0.7123111
244.1	-556.8229	-606.3173	0.7122394
244.11	-556.6958	-606.3192	0.7121673
244.12	-556.5687	-606.3211	0.7120942
244.13	-556.4417	-606.3231	0.7120208
244.14	-556.3147	-606.3249	0.7119465
244.15	-556.1877	-606.3268	0.7118719
244.16	-556.0607	-606.3286	0.7117966
244.17	-555.9337	-606.3304	0.7117209
244.18	-555.8066	-606.3322	0.7116446
244.19	-555.6796	-606.334	0.711568
244.2	-555.5526	-606.3357	0.7114909
244.21	-555.4256	-606.3375	0.7114134
244.22	-555.2986	-606.3391	0.7113355
244.23	-555.1716	-606.3408	0.7112572
244.24	-555.0447	-606.3425	0.7111785
244.25	-554.9177	-606.3441	0.7110997
244.26	-554.7908	-606.3457	0.7110204
244.27	-554.6638	-606.3474	0.7109408
244.28	-554.5369	-606.3489	0.7108609
244.29	-554.41	-606.3504	0.7107807
244.3	-554.2831	-606.3519	0.7107002
244.31	-554.1562	-606.3534	0.7106196
244.32	-554.0293	-606.3549	0.7105385
244.33	-553.9024	-606.3563	0.7104572
244.34	-553.7756	-606.3578	0.7103757
244.35	-553.6487	-606.3591	0.7102937
244.36	-553.5219	-606.3605	0.7102115
244.37	-553.3951	-606.3618	0.710129
244.38	-553.2682	-606.3632	0.7100462
244.39	-553.1415	-606.3644	0.7099628
244.4	-553.0147	-606.3657	0.709879
244.41	-552.8879	-606.3669	0.7097947
244.42	-552.7612	-606.3681	0.7097099
244.43	-552.6344	-606.3693	0.7096248
244.44	-552.5077	-606.3704	0.7095387
244.45	-552.381	-606.3716	0.7094519
244.46	-552.2543	-606.3726	0.7093642
244.47	-552.1276	-606.3737	0.7092758
244.48	-552.0009	-606.3747	0.7091863
244.49	-551.8741	-606.3757	0.7090955
244.5	-551.7474	-606.3766	0.7090037
244.51	-551.6207	-606.3776	0.708911
244.52	-551.494	-606.3784	0.7088174
244.53	-551.3674	-606.3793	0.7087224
244.54	-551.2407	-606.3801	0.7086263
244.55	-551.1141	-606.3809	0.7085292
244.56	-550.9874	-606.3817	0.7084309
244.57	-550.8608	-606.3824	0.7083317
244.58	-550.7341	-606.3831	0.7082313
244.59	-550.6075	-606.3839	0.7081299
244.6	-550.481	-606.3845	0.7080275
244.61	-550.3544	-606.385	0.7079241
244.62	-550.2278	-606.3856	0.7078198
244.63	-550.1012	-606.3861	0.7077147
244.64	-549.9746	-606.3866	0.7076087
244.65	-549.848	-606.3871	0.7075019
244.66	-549.7214	-606.3875	0.7073944
244.67	-549.5948	-606.3879	0.7072861
244.68	-549.4683	-606.3882	0.7071773
244.69	-549.3417	-606.3885	0.7070677
244.7	-549.2152	-606.3888	0.7069576
244.71	-549.0887	-606.389	0.7068469
244.72	-548.9622	-606.3893	0.7067356
244.73	-548.8356	-606.3895	0.7066239
244.74	-548.7092	-606.3896	0.7065116
244.75	-548.5827	-606.3896	0.7063988
244.76	-548.4562	-606.3898	0.7062857
244.77	-548.3298	-606.3898	0.7061721
244.78	-548.2033	-606.3898	0.7060581
244.79	-548.0768	-606.3897	0.7059439
244.8	-547.9504	-606.3896	0.7058294
244.81	-547.8239	-606.3895	0.7057148
244.82	-547.6974	-606.3893	0.7055998
244.83	-547.571	-606.3891	0.7054847
244.84	-547.4446	-606.3889	0.70537
244.85	-547.3182	-606.3886	0.7052556
244.86	-547.1918	-606.3883	0.7051414
244.87	-547.0654	-606.3879	0.7050274
244.88	-546.939	-606.3875	0.7049137
244.89	-546.8126	-606.3871	0.7048009
244.9	-546.6863	-606.3867	0.7046889
244.91	-546.5599	-606.3862	0.7045776
244.92	-546.4336	-606.3857	0.704467
244.93	-546.3073	-606.3851	0.7043571
244.94	-546.1809	-606.3845	0.7042485
244.95	-546.0546	-606.3839	0.7041412
244.96	-545.9282	-606.3832	0.704035
244.97	-545.8019	-606.3825	0.70393
244.98	-545.6755	-606.3818	0.703826
244.99	-545.5493	-606.381	0.7037237
245	-545.423	-606.3802	0.7036229
245.01	-545.2967	-606.3794	0.7035235
245.02	-545.1704	-606.3786	0.7034256
245.03	-545.0442	-606.3777	0.7033294
245.04	-544.918	-606.3767	0.7032346
245.05	-544.7917	-606.3758	0.7031414
245.06	-544.6655	-606.3748	0.7030495
245.07	-544.5393	-606.3738	0.7029588
245.08	-544.4131	-606.3727	0.7028699
245.09	-544.2869	-606.3716	0.7027825
245.1	-544.1606	-606.3705	0.7026965
245.11	-544.0344	-606.3693	0.7026119
245.12	-543.9082	-606.3682	0.7025287
245.13	-543.782	-606.3669	0.7024472
245.14	-543.6559	-606.3657	0.7023672
245.15	-543.5297	-606.3644	0.7022889
245.16	-543.4036	-606.3632	0.702212
245.17	-543.2774	-606.3618	0.7021365
245.18	-543.1513	-606.3605	0.7020628
245.19	-543.0252	-606.3591	0.7019911
245.2	-542.8991	-606.3577	0.7019209
245.21	-542.773	-606.3562	0.7018524
245.22	-542.6469	-606.3548	0.7017855
245.23	-542.5208	-606.3533	0.7017204
245.24	-542.3947	-606.3518	0.7016572
245.25	-542.2686	-606.3503	0.7015957
245.26	-542.1425	-606.3487	0.7015359
245.27	-542.0164	-606.3472	0.7014776
245.28	-541.8904	-606.3455	0.701421
245.29	-541.7643	-606.3439	0.7013661
245.3	-541.6383	-606.3423	0.7013127
245.31	-541.5123	-606.3406	0.7012607
245.32	-541.3862	-606.3389	0.7012103
245.33	-541.2602	-606.3372	0.7011611
245.34	-541.1342	-606.3354	0.7011132
245.35	-541.0081	-606.3337	0.7010666
245.36	-540.8821	-606.3319	0.7010211
245.37	-540.756	-606.3301	0.7009767
245.38	-540.6301	-606.3282	0.7009333
245.39	-540.5041	-606.3264	0.7008909
245.4	-540.3781	-606.3246	0.7008495
245.41	-540.2521	-606.3226	0.7008088
245.42	-540.1262	-606.3207	0.7007691
245.43	-540.0002	-606.3188	0.7007302
245.44	-539.8743	-606.3169	0.7006921
245.45	-539.7484	-606.3149	0.7006549
245.46	-539.6224	-606.3129	0.7006184
245.47	-539.4965	-606.3109	0.7005826
245.48	-539.3705	-606.3089	0.7005477
245.49	-539.2446	-606.3068	0.7005137
245.5	-539.1187	-606.3048	0.7004806
245.51	-538.9928	-606.3027	0.7004483
245.52	-538.8669	-606.3007	0.7004167
245.53	-538.741	-606.2986	0.7003862
245.54	-538.6151	-606.2964	0.7003568
245.55	-538.4891	-606.2943	0.7003283
245.56	-538.3632	-606.2922	0.7003009
245.57	-538.2373	-606.29	0.7002742
245.58	-538.1115	-606.2879	0.7002489
245.59	-537.9856	-606.2857	0.7002248
245.6	-537.8597	-606.2834	0.7002019
245.61	-537.7339	-606.2813	0.7001801
245.62	-537.608	-606.2791	0.7001593
245.63	-537.4821	-606.2769	0.7001399
245.64	-537.3563	-606.2747	0.7001217
245.65	-537.2304	-606.2724	0.7001048
245.66	-537.1046	-606.2701	0.700089
245.67	-536.9787	-606.2679	0.7000744
245.68	-536.8528	-606.2656	0.7000611
245.69	-536.727	-606.2633	0.7000494
245.7	-536.6011	-606.261	0.700039
245.71	-536.4753	-606.2587	0.7000298
245.72	-536.3494	-606.2564	0.7000219
245.73	-536.2236	-606.2541	0.7000155
245.74	-536.0977	-606.2518	0.7000107
245.75	-535.9719	-606.2495	0.7000074
245.76	-535.846	-606.2471	0.7000054
245.77	-535.7202	-606.2448	0.7000048
245.78	-535.5943	-606.2425	0.7000059
245.79	-535.4684	-606.2402	0.7000087
245.8	-535.3426	-606.2379	0.7000132
245.81	-535.2167	-606.2355	0.7000191
245.82	-535.0909	-606.2332	0.7000265
245.83	-534.965	-606.2309	0.7000359
245.84	-534.8392	-606.2286	0.700047
245.85	-534.7133	-606.2263	0.7000598
245.86	-534.5875	-606.224	0.7000742
245.87	-534.4615	-606.2217	0.7000902
245.88	-534.3357	-606.2194	0.7001081
245.89	-534.2098	-606.217	0.7001278
245.9	-534.0839	-606.2147	0.7001492
245.91	-533.958	-606.2124	0.7001722
245.92	-533.8321	-606.2101	0.7001967
245.93	-533.7062	-606.2078	0.700223
245.94	-533.5803	-606.2055	0.7002508
245.95	-533.4544	-606.2032	0.7002802
245.96	-533.3285	-606.2009	0.700311
245.97	-533.2026	-606.1985	0.7003431
245.98	-533.0767	-606.1963	0.7003766
245.99	-532.9507	-606.194	0.7004113
246	-532.8248	-606.1917	0.7004473
246.01	-532.6989	-606.1893	0.7004843
246.02	-532.573	-606.1871	0.7005225
246.03	-532.4471	-606.1849	0.7005616
246.04	-532.3212	-606.1826	0.7006017
246.05	-532.1953	-606.1804	0.7006427
246.06	-532.0693	-606.1782	0.7006845
246.07	-531.9433	-606.1759	0.7007272
246.08	-531.8174	-606.1736	0.7007707
246.09	-531.6914	-606.1714	0.7008148
246.1	-531.5654	-606.1693	0.7008597
246.11	-531.4395	-606.1671	0.7009052
246.12	-531.3135	-606.1649	0.7009513
246.13	-531.1875	-606.1627	0.700998
246.14	-531.0615	-606.1605	0.7010453
246.15	-530.9355	-606.1583	0.7010931
246.16	-530.8095	-606.1562	0.7011415
246.17	-530.6835	-606.1541	0.7011902
246.18	-530.5574	-606.1519	0.7012395
246.19	-530.4314	-606.1498	0.7012891
246.2	-530.3054	-606.1477	0.7013392
246.21	-530.1793	-606.1456	0.7013897
246.22	-530.0532	-606.1436	0.7014405
246.23	-529.9272	-606.1415	0.7014915
246.24	-529.8011	-606.1394	0.7015431
246.25	-529.675	-606.1374	0.7015949
246.26	-529.5489	-606.1353	0.7016469
246.27	-529.4228	-606.1333	0.7016993
246.28	-529.2966	-606.1313	0.7017518
246.29	-529.1705	-606.1293	0.7018048
246.3	-529.0444	-606.1273	0.7018578
246.31	-528.9182	-606.1254	0.7019112
246.32	-528.7921	-606.1235	0.7019647
246.33	-528.6659	-606.1215	0.7020184
246.34	-528.5397	-606.1196	0.7020723
246.35	-528.4136	-606.1177	0.7021263
246.36	-528.2874	-606.1158	0.7021804
246.37	-528.1611	-606.114	0.7022347
246.38	-528.0349	-606.1121	0.7022892
246.39	-527.9087	-606.1104	0.7023436
246.4	-527.7825	-606.1085	0.7023982
246.41	-527.6562	-606.1067	0.7024528
246.42	-527.5299	-606.1049	0.7025076
246.43	-527.4036	-606.1031	0.7025624
246.44	-527.2773	-606.1014	0.702617
246.45	-527.1511	-606.0997	0.7026718
246.46	-527.0247	-606.0979	0.7027264
246.47	-526.8984	-606.0962	0.702781
246.48	-526.772	-606.0945	0.7028353
246.49	-526.6457	-606.0928	0.7028894
246.5	-526.5193	-606.0911	0.7029431
246.51	-526.3929	-606.0895	0.7029967
246.52	-526.2665	-606.0879	0.7030501
246.53	-526.1401	-606.0863	0.7031028
246.54	-526.0137	-606.0847	0.703155
246.55	-525.8873	-606.0831	0.7032067
246.56	-525.7609	-606.0815	0.7032579
246.57	-525.6344	-606.08	0.7033087
246.58	-525.5079	-606.0784	0.7033586
246.59	-525.3815	-606.077	0.7034078
246.6	-525.255	-606.0754	0.7034563
246.61	-525.1285	-606.0739	0.703504
246.62	-525.002	-606.0724	0.7035511
246.63	-524.8754	-606.071	0.7035973
246.64	-524.7489	-606.0696	0.7036425
246.65	-524.6224	-606.0681	0.7036868
246.66	-524.4958	-606.0667	0.7037302
246.67	-524.3692	-606.0653	0.703773
246.68	-524.2426	-606.0639	0.7038149
246.69	-524.116	-606.0625	0.7038561
246.7	-523.9894	-606.0612	0.7038964
246.71	-523.8628	-606.0598	0.7039359
246.72	-523.7361	-606.0585	0.7039744
246.73	-523.6095	-606.0572	0.7040122
246.74	-523.4828	-606.0558	0.7040493
246.75	-523.3562	-606.0546	0.7040857
246.76	-523.2295	-606.0533	0.7041214
246.77	-523.1028	-606.052	0.7041565
246.78	-522.9761	-606.0508	0.704191
246.79	-522.8494	-606.0495	0.7042254
246.8	-522.7227	-606.0483	0.7042594
246.81	-522.5959	-606.0471	0.7042932
246.82	-522.4691	-606.0459	0.7043267
246.83	-522.3423	-606.0447	0.7043601
246.84	-522.2156	-606.0435	0.7043936
246.85	-522.0888	-606.0424	0.7044274
246.86	-521.962	-606.0412	0.7044613
246.87	-521.8351	-606.0401	0.7044954
246.88	-521.7083	-606.039	0.7045296
246.89	-521.5815	-606.0379	0.7045645
246.9	-521.4547	-606.0368	0.7046002
246.91	-521.3278	-606.0358	0.7046364
246.92	-521.2009	-606.0347	0.7046732
246.93	-521.074	-606.0337	0.7047105
246.94	-520.9471	-606.0327	0.7047489
246.95	-520.8202	-606.0317	0.7047882
246.96	-520.6932	-606.0307	0.7048284
246.97	-520.5663	-606.0297	0.7048694
246.98	-520.4393	-606.0287	0.7049112
246.99	-520.3124	-606.0279	0.7049541
247	-520.1854	-606.027	0.7049977
247.01	-520.0584	-606.0261	0.7050422
247.02	-519.9314	-606.0252	0.7050877
247.03	-519.8044	-606.0244	0.7051337
247.04	-519.6774	-606.0235	0.7051806
247.05	-519.5503	-606.0227	0.7052284
247.06	-519.4232	-606.0219	0.705277
247.07	-519.2961	-606.0211	0.7053262
247.08	-519.1691	-606.0203	0.7053764
247.09	-519.042	-606.0195	0.7054275
247.1	-518.9149	-606.0188	0.7054793
247.11	-518.7877	-606.0181	0.705532
247.12	-518.6606	-606.0174	0.7055852
247.13	-518.5334	-606.0167	0.7056396
247.14	-518.4063	-606.0161	0.705695
247.15	-518.2791	-606.0154	0.7057511
247.16	-518.1519	-606.0148	0.705808
247.17	-518.0246	-606.0142	0.7058659
247.18	-517.8974	-606.0136	0.7059247
247.19	-517.7701	-606.0131	0.7059848
247.2	-517.6429	-606.0125	0.7060457
247.21	-517.5156	-606.012	0.7061077
247.22	-517.3883	-606.0115	0.7061705
247.23	-517.261	-606.011	0.7062343
247.24	-517.1337	-606.0106	0.706299
247.25	-517.0064	-606.0101	0.7063647
247.26	-516.8791	-606.0097	0.7064312
247.27	-516.7517	-606.0093	0.7064984
247.28	-516.6243	-606.0089	0.7065665
247.29	-516.4969	-606.0085	0.7066353
247.3	-516.3696	-606.0082	0.7067047
247.31	-516.2421	-606.0079	0.7067749
247.32	-516.1147	-606.0076	0.7068455
247.33	-515.9872	-606.0074	0.7069169
247.34	-515.8598	-606.0071	0.7069886
247.35	-515.7324	-606.007	0.7070611
247.36	-515.6049	-606.0067	0.7071338
247.37	-515.4774	-606.0066	0.7072072
247.38	-515.3499	-606.0064	0.7072808
247.39	-515.2224	-606.0063	0.7073547
247.4	-515.0948	-606.0062	0.7074289
247.41	-514.9672	-606.0062	0.7075034
247.42	-514.8397	-606.0061	0.7075781
247.43	-514.712	-606.0061	0.707653
247.44	-514.5845	-606.006	0.7077277
247.45	-514.4568	-606.0061	0.7078022
247.46	-514.3292	-606.0061	0.7078765
247.47	-514.2016	-606.0062	0.7079507
247.48	-514.074	-606.0063	0.7080239
247.49	-513.9464	-606.0064	0.7080962
247.5	-513.8187	-606.0065	0.7081676
247.51	-513.691	-606.0067	0.7082382
247.52	-513.5633	-606.0068	0.7083081
247.53	-513.4356	-606.007	0.7083761
247.54	-513.3079	-606.0073	0.7084424
247.55	-513.1801	-606.0074	0.708507
247.56	-513.0524	-606.0078	0.7085702
247.57	-512.9246	-606.008	0.7086318
247.58	-512.7968	-606.0083	0.7086912
247.59	-512.669	-606.0085	0.7087483
247.6	-512.5412	-606.0089	0.7088034
247.61	-512.4134	-606.0092	0.7088565
247.62	-512.2855	-606.0095	0.7089078
247.63	-512.1577	-606.0099	0.7089565
247.64	-512.0298	-606.0103	0.7090028
247.65	-511.9019	-606.0107	0.7090468
247.66	-511.774	-606.011	0.7090886
247.67	-511.6461	-606.0115	0.7091284
247.68	-511.5182	-606.012	0.7091656
247.69	-511.3903	-606.0124	0.7092003
247.7	-511.2623	-606.0128	0.7092327
247.71	-511.1344	-606.0132	0.7092628
247.72	-511.0064	-606.0138	0.7092909
247.73	-510.8784	-606.0143	0.709317
247.74	-510.7504	-606.0148	0.7093402
247.75	-510.6223	-606.0153	0.7093608
247.76	-510.4943	-606.0157	0.7093789
247.77	-510.3663	-606.0163	0.7093947
247.78	-510.2383	-606.0168	0.7094077
247.79	-510.1102	-606.0174	0.709418
247.8	-509.9821	-606.0179	0.7094259
247.81	-509.854	-606.0185	0.7094314
247.82	-509.7259	-606.019	0.7094347
247.83	-509.5978	-606.0196	0.7094358
247.84	-509.4697	-606.0201	0.7094345
247.85	-509.3416	-606.0207	0.7094308
247.86	-509.2134	-606.0213	0.7094249
247.87	-509.0853	-606.0219	0.7094167
247.88	-508.9571	-606.0225	0.7094067
247.89	-508.829	-606.0231	0.7093945
247.9	-508.7008	-606.0237	0.7093801
247.91	-508.5726	-606.0244	0.7093639
247.92	-508.4444	-606.025	0.7093459
247.93	-508.3162	-606.0256	0.7093261
247.94	-508.188	-606.0262	0.7093046
247.95	-508.0598	-606.0267	0.7092813
247.96	-507.9316	-606.0273	0.7092564
247.97	-507.8033	-606.028	0.7092301
247.98	-507.6751	-606.0286	0.7092022
247.99	-507.5468	-606.0292	0.7091728
248	-507.4186	-606.0298	0.709142
248.01	-507.2903	-606.0303	0.7091097
248.02	-507.1621	-606.0309	0.709076
248.03	-507.0338	-606.0316	0.7090412
248.04	-506.9055	-606.0322	0.709005
248.05	-506.7773	-606.0327	0.7089674
248.06	-506.649	-606.0333	0.7089285
248.07	-506.5207	-606.0338	0.7088886
248.08	-506.3924	-606.0344	0.708847
248.09	-506.2641	-606.0349	0.7088039
248.1	-506.1358	-606.0354	0.7087594
248.11	-506.0075	-606.0359	0.7087137
248.12	-505.8792	-606.0364	0.7086667
248.13	-505.7509	-606.037	0.7086179
248.14	-505.6226	-606.0375	0.7085675
248.15	-505.4942	-606.0379	0.7085154
248.16	-505.3659	-606.0384	0.7084619
248.17	-505.2376	-606.0389	0.7084069
248.18	-505.1093	-606.0393	0.7083502
248.19	-504.981	-606.0397	0.7082918
248.2	-504.8526	-606.0401	0.708232
248.21	-504.7243	-606.0405	0.7081706
248.22	-504.596	-606.041	0.7081079
248.23	-504.4677	-606.0413	0.7080437
248.24	-504.3394	-606.0416	0.7079782
248.25	-504.211	-606.0419	0.7079116
248.26	-504.0827	-606.0423	0.7078436
248.27	-503.9544	-606.0425	0.7077745
248.28	-503.826	-606.0428	0.7077044
248.29	-503.6977	-606.0431	0.7076332
248.3	-503.5694	-606.0433	0.7075611
248.31	-503.441	-606.0436	0.707488
248.32	-503.3127	-606.0438	0.7074142
248.33	-503.1844	-606.044	0.7073394
248.34	-503.0561	-606.0441	0.707264
248.35	-502.9278	-606.0443	0.707188
248.36	-502.7995	-606.0444	0.7071113
248.37	-502.6712	-606.0446	0.7070341
248.38	-502.5429	-606.0446	0.7069563
248.39	-502.4146	-606.0447	0.7068782
248.4	-502.2864	-606.0447	0.7068
248.41	-502.1581	-606.0447	0.7067216
248.42	-502.0298	-606.0448	0.706643
248.43	-501.9016	-606.0447	0.7065641
248.44	-501.7733	-606.0447	0.7064857
248.45	-501.6451	-606.0447	0.7064075
248.46	-501.5169	-606.0446	0.7063298
248.47	-501.3886	-606.0445	0.7062525
248.48	-501.2604	-606.0444	0.7061762
248.49	-501.1322	-606.0443	0.706101
248.5	-501.004	-606.0441	0.7060269
248.51	-500.8758	-606.0439	0.7059536
248.52	-500.7476	-606.0438	0.7058813
248.53	-500.6194	-606.0435	0.7058107
248.54	-500.4912	-606.0433	0.7057422
248.55	-500.363	-606.0431	0.7056752
248.56	-500.2348	-606.0428	0.70561
248.57	-500.1066	-606.0425	0.7055462
248.58	-499.9784	-606.0422	0.705485
248.59	-499.8502	-606.0419	0.7054263
248.6	-499.722	-606.0416	0.7053698
248.61	-499.5939	-606.0413	0.7053155
248.62	-499.4657	-606.0409	0.7052633
248.63	-499.3376	-606.0405	0.7052137
248.64	-499.2094	-606.0401	0.7051669
248.65	-499.0812	-606.0397	0.7051224
248.66	-498.953	-606.0393	0.7050802
248.67	-498.8249	-606.0388	0.7050403
248.68	-498.6967	-606.0384	0.705003
248.69	-498.5686	-606.038	0.7049683
248.7	-498.4404	-606.0375	0.7049359
248.71	-498.3123	-606.037	0.7049057
248.72	-498.1841	-606.0365	0.7048778
248.73	-498.056	-606.036	0.7048523
248.74	-497.9279	-606.0355	0.7048294
248.75	-497.7997	-606.035	0.7048087
248.76	-497.6716	-606.0345	0.7047901
248.77	-497.5435	-606.0339	0.7047735
248.78	-497.4153	-606.0333	0.7047588
248.79	-497.2872	-606.0328	0.7047467
248.8	-497.1591	-606.0322	0.7047369
248.81	-497.031	-606.0317	0.7047294
248.82	-496.9028	-606.0311	0.704724
248.83	-496.7747	-606.0305	0.7047206
248.84	-496.6466	-606.0299	0.7047197
248.85	-496.5185	-606.0293	0.7047212
248.86	-496.3904	-606.0287	0.7047248
248.87	-496.2622	-606.0281	0.7047305
248.88	-496.1341	-606.0275	0.7047381
248.89	-496.006	-606.0269	0.7047484
248.9	-495.8779	-606.0262	0.7047612
248.91	-495.7498	-606.0257	0.7047763
248.92	-495.6217	-606.0251	0.7047937
248.93	-495.4936	-606.0245	0.7048131
248.94	-495.3655	-606.0239	0.7048353
248.95	-495.2374	-606.0233	0.7048598
248.96	-495.1093	-606.0226	0.7048867
248.97	-494.9812	-606.022	0.7049159
248.98	-494.8531	-606.0215	0.7049471
248.99	-494.725	-606.0209	0.7049811
249	-494.597	-606.0203	0.7050176
249.01	-494.4689	-606.0197	0.7050565
249.02	-494.3408	-606.0191	0.7050979
249.03	-494.2127	-606.0185	0.7051413
249.04	-494.0846	-606.0179	0.705187
249.05	-493.9565	-606.0175	0.7052348
249.06	-493.8284	-606.0169	0.7052846
249.07	-493.7003	-606.0164	0.7053363
249.08	-493.5723	-606.0159	0.7053899
249.09	-493.4442	-606.0153	0.7054452
249.1	-493.3161	-606.0148	0.7055022
249.11	-493.188	-606.0143	0.7055606
249.12	-493.06	-606.0139	0.7056206
249.13	-492.9319	-606.0134	0.705682
249.14	-492.8038	-606.0129	0.7057446
249.15	-492.6757	-606.0125	0.7058085
249.16	-492.5476	-606.0121	0.7058737
249.17	-492.4195	-606.0117	0.7059399
249.18	-492.2914	-606.0113	0.7060072
249.19	-492.1634	-606.0109	0.7060754
249.2	-492.0353	-606.0106	0.7061445
249.21	-491.9072	-606.0102	0.7062145
249.22	-491.7791	-606.0099	0.7062852
249.23	-491.651	-606.0095	0.7063565
249.24	-491.5229	-606.0092	0.7064283
249.25	-491.3947	-606.009	0.7065006
249.26	-491.2666	-606.0087	0.7065733
249.27	-491.1385	-606.0084	0.7066464
249.28	-491.0104	-606.0082	0.7067194
249.29	-490.8823	-606.008	0.7067924
249.3	-490.7542	-606.0078	0.7068652
249.31	-490.626	-606.0076	0.7069381
249.32	-490.4979	-606.0074	0.7070108
249.33	-490.3697	-606.0073	0.7070835
249.34	-490.2415	-606.0071	0.7071555
249.35	-490.1134	-606.007	0.7072268
249.36	-489.9852	-606.0069	0.7072974
249.37	-489.8571	-606.0068	0.7073675
249.38	-489.7289	-606.0067	0.707437
249.39	-489.6007	-606.0067	0.7075055
249.4	-489.4725	-606.0067	0.707573
249.41	-489.3443	-606.0067	0.7076397
249.42	-489.2161	-606.0067	0.7077055
249.43	-489.0879	-606.0067	0.7077705
249.44	-488.9597	-606.0067	0.7078346
249.45	-488.8314	-606.0067	0.7078977
249.46	-488.7032	-606.0068	0.70796
249.47	-488.5749	-606.0069	0.7080215
249.48	-488.4467	-606.007	0.7080821
249.49	-488.3184	-606.0071	0.708142
249.5	-488.1902	-606.0073	0.7082012
249.51	-488.0619	-606.0074	0.7082598
249.52	-487.9335	-606.0076	0.7083176
249.53	-487.8052	-606.0078	0.7083749
249.54	-487.6769	-606.0081	0.7084317
249.55	-487.5486	-606.0083	0.7084877
249.56	-487.4202	-606.0086	0.7085434
249.57	-487.2919	-606.0089	0.7085984
249.58	-487.1635	-606.0092	0.7086528
249.59	-487.0351	-606.0095	0.7087066
249.6	-486.9067	-606.0098	0.7087597
249.61	-486.7783	-606.0101	0.7088122
249.62	-486.6499	-606.0106	0.7088643
249.63	-486.5215	-606.0109	0.7089154
249.64	-486.3931	-606.0113	0.7089657
249.65	-486.2646	-606.0118	0.7090151
249.66	-486.1361	-606.0122	0.7090638
249.67	-486.0077	-606.0126	0.7091117
249.68	-485.8792	-606.0132	0.7091584
249.69	-485.7507	-606.0137	0.7092038
249.7	-485.6222	-606.0142	0.7092481
249.71	-485.4937	-606.0147	0.7092913
249.72	-485.3651	-606.0153	0.7093336
249.73	-485.2365	-606.0158	0.7093748
249.74	-485.108	-606.0164	0.7094145
249.75	-484.9794	-606.017	0.7094527
249.76	-484.8508	-606.0176	0.7094894
249.77	-484.7222	-606.0182	0.7095248
249.78	-484.5935	-606.0188	0.709559
249.79	-484.4649	-606.0195	0.7095916
249.8	-484.3363	-606.0201	0.7096225
249.81	-484.2076	-606.0208	0.709652
249.82	-484.0789	-606.0214	0.7096801
249.83	-483.9502	-606.0221	0.709707
249.84	-483.8215	-606.0228	0.7097322
249.85	-483.6928	-606.0235	0.7097558
249.86	-483.564	-606.0242	0.7097781
249.87	-483.4353	-606.025	0.709799
249.88	-483.3065	-606.0257	0.7098185
249.89	-483.1777	-606.0264	0.7098365
249.9	-483.049	-606.0272	0.7098531
249.91	-482.9201	-606.0279	0.7098681
249.92	-482.7913	-606.0287	0.7098818
249.93	-482.6624	-606.0295	0.7098942
249.94	-482.5336	-606.0303	0.709905
249.95	-482.4047	-606.0311	0.7099141
249.96	-482.2758	-606.0319	0.7099217
249.97	-482.1469	-606.0327	0.709928
249.98	-482.018	-606.0335	0.7099328
249.99	-481.8891	-606.0343	0.7099359
250	-481.7602	-606.0352	0.7099373
250.01	-481.6312	-606.036	0.7099373
250.02	-481.5022	-606.0369	0.7099358
250.03	-481.3732	-606.0377	0.709933
250.04	-481.2442	-606.0386	0.7099282
250.05	-481.1152	-606.0394	0.7099218
250.06	-480.9861	-606.0403	0.7099136
250.07	-480.8571	-606.0411	0.7099038
250.08	-480.728	-606.042	0.709892
250.09	-480.5989	-606.0428	0.7098785
250.1	-480.4698	-606.0436	0.7098632
250.11	-480.3407	-606.0445	0.7098463
250.12	-480.2116	-606.0453	0.7098278
250.13	-480.0825	-606.0462	0.7098075
250.14	-479.9533	-606.0471	0.7097856
250.15	-479.8241	-606.0479	0.709762
250.16	-479.6949	-606.0487	0.7097369
250.17	-479.5657	-606.0496	0.7097104
250.18	-479.4365	-606.0504	0.7096824
250.19	-479.3072	-606.0513	0.709653
250.2	-479.1779	-606.0521	0.7096223
250.21	-479.0486	-606.053	0.7095902
250.22	-478.9193	-606.0537	0.7095569
250.23	-478.79	-606.0545	0.7095224
250.24	-478.6607	-606.0553	0.7094868
250.25	-478.5313	-606.0561	0.7094499
250.26	-478.4019	-606.0568	0.7094121
250.27	-478.2726	-606.0576	0.7093732
250.28	-478.1432	-606.0584	0.7093333
250.29	-478.0137	-606.0592	0.7092922
250.3	-477.8843	-606.0599	0.7092502
250.31	-477.7548	-606.0607	0.7092071
250.32	-477.6253	-606.0615	0.7091632
250.33	-477.4958	-606.0621	0.7091181
250.34	-477.3663	-606.0629	0.7090721
250.35	-477.2368	-606.0636	0.7090252
250.36	-477.1072	-606.0643	0.7089773
250.37	-476.9776	-606.065	0.7089286
250.38	-476.848	-606.0657	0.7088791
250.39	-476.7183	-606.0663	0.7088288
250.4	-476.5887	-606.067	0.7087778
250.41	-476.459	-606.0676	0.7087263
250.42	-476.3293	-606.0682	0.708674
250.43	-476.1996	-606.0688	0.7086212
250.44	-476.0699	-606.0695	0.7085683
250.45	-475.9402	-606.07	0.708515
250.46	-475.8104	-606.0706	0.7084616
250.47	-475.6806	-606.0712	0.7084081
250.48	-475.5508	-606.0717	0.7083547
250.49	-475.421	-606.0723	0.7083016
250.5	-475.2911	-606.0728	0.7082489
250.51	-475.1613	-606.0733	0.7081963
250.52	-475.0313	-606.0739	0.7081439
250.53	-474.9015	-606.0743	0.7080926
250.54	-474.7715	-606.0748	0.7080423
250.55	-474.6416	-606.0753	0.707993
250.56	-474.5116	-606.0757	0.7079445
250.57	-474.3816	-606.0762	0.7078969
250.58	-474.2516	-606.0767	0.7078509
250.59	-474.1216	-606.0771	0.7078066
250.6	-473.9915	-606.0775	0.7077637
250.61	-473.8614	-606.0779	0.7077223
250.62	-473.7313	-606.0783	0.7076823
250.63	-473.6012	-606.0787	0.7076442
250.64	-473.4711	-606.0791	0.707608
250.65	-473.3409	-606.0795	0.7075737
250.66	-473.2107	-606.0798	0.7075411
250.67	-473.0805	-606.0802	0.7075101
250.68	-472.9503	-606.0805	0.707481
250.69	-472.82	-606.0809	0.7074539
250.7	-472.6898	-606.0812	0.7074285
250.71	-472.5594	-606.0816	0.7074049
250.72	-472.4291	-606.0819	0.7073829
250.73	-472.2987	-606.0822	0.7073624
250.74	-472.1684	-606.0825	0.7073438
250.75	-472.038	-606.0828	0.7073271
250.76	-471.9076	-606.0831	0.707312
250.77	-471.7772	-606.0834	0.7072987
250.78	-471.6468	-606.0837	0.7072874
250.79	-471.5163	-606.084	0.707278
250.8	-471.3858	-606.0843	0.7072705
250.81	-471.2553	-606.0845	0.7072647
250.82	-471.1248	-606.0848	0.7072604
250.83	-470.9942	-606.085	0.7072578
250.84	-470.8636	-606.0853	0.7072573
250.85	-470.7331	-606.0855	0.7072589
250.86	-470.6024	-606.0858	0.7072624
250.87	-470.4718	-606.086	0.7072677
250.88	-470.3412	-606.0862	0.7072748
250.89	-470.2105	-606.0865	0.7072842
250.9	-470.0799	-606.0867	0.7072958
250.91	-469.9492	-606.087	0.7073096
250.92	-469.8185	-606.0872	0.7073253
250.93	-469.6878	-606.0875	0.7073429
250.94	-469.5571	-606.0878	0.7073627
250.95	-469.4264	-606.088	0.7073845
250.96	-469.2957	-606.0883	0.7074082
250.97	-469.1649	-606.0885	0.7074339
250.98	-469.0342	-606.0887	0.7074615
250.99	-468.9034	-606.0891	0.7074906
251	-468.7727	-606.0893	0.7075214
251.01	-468.6419	-606.0895	0.7075538
251.02	-468.5112	-606.0898	0.7075875
251.03	-468.3804	-606.0901	0.7076228
251.04	-468.2496	-606.0905	0.7076593
251.05	-468.1189	-606.0908	0.707697
251.06	-467.9881	-606.0911	0.707736
251.07	-467.8573	-606.0914	0.7077761
251.08	-467.7266	-606.0918	0.7078171
251.09	-467.5958	-606.0921	0.7078593
251.1	-467.4651	-606.0924	0.7079024
251.11	-467.3343	-606.0928	0.7079464
251.12	-467.2035	-606.0931	0.7079913
251.13	-467.0728	-606.0935	0.708037
251.14	-466.942	-606.0939	0.7080835
251.15	-466.8113	-606.0943	0.7081308
251.16	-466.6806	-606.0947	0.7081787
251.17	-466.5498	-606.095	0.7082273
251.18	-466.4191	-606.0955	0.7082765
251.19	-466.2884	-606.0959	0.7083262
251.2	-466.1577	-606.0964	0.7083763
251.21	-466.027	-606.0969	0.708427
251.22	-465.8963	-606.0973	0.7084781
251.23	-465.7656	-606.0977	0.7085294
251.24	-465.6349	-606.0983	0.7085809
251.25	-465.5043	-606.0988	0.7086325
251.26	-465.3736	-606.0992	0.7086844
251.27	-465.2429	-606.0998	0.7087364
251.28	-465.1123	-606.1003	0.7087881
251.29	-464.9817	-606.1009	0.7088397
251.3	-464.8511	-606.1014	0.708891
251.31	-464.7205	-606.102	0.7089421
251.32	-464.5898	-606.1026	0.708993
251.33	-464.4593	-606.1031	0.709043
251.34	-464.3287	-606.1038	0.7090923
251.35	-464.1981	-606.1044	0.7091408
251.36	-464.0675	-606.105	0.7091886
251.37	-463.937	-606.1057	0.7092357
251.38	-463.8065	-606.1063	0.7092813
251.39	-463.6759	-606.1069	0.7093254
251.4	-463.5454	-606.1076	0.709368
251.41	-463.4149	-606.1083	0.7094094
251.42	-463.2844	-606.109	0.7094494
251.43	-463.1538	-606.1097	0.7094883
251.44	-463.0233	-606.1104	0.7095261
251.45	-462.8929	-606.111	0.7095615
251.46	-462.7624	-606.1118	0.7095948
251.47	-462.6319	-606.1125	0.7096262
251.48	-462.5015	-606.1133	0.7096549
251.49	-462.3711	-606.114	0.709681
251.5	-462.2407	-606.1147	0.7097047
251.51	-462.1103	-606.1155	0.7097262
251.52	-461.9799	-606.1163	0.7097455
251.53	-461.8495	-606.117	0.7097619
251.54	-461.7191	-606.1177	0.7097757
251.55	-461.5888	-606.1185	0.709787
251.56	-461.4584	-606.1193	0.7097958
251.57	-461.3281	-606.1201	0.7098024
251.58	-461.1978	-606.1208	0.7098063
251.59	-461.0675	-606.1216	0.7098078
251.6	-460.9372	-606.1224	0.7098069
251.61	-460.8069	-606.1232	0.7098038
251.62	-460.6766	-606.124	0.7097986
251.63	-460.5464	-606.1248	0.7097914
251.64	-460.4162	-606.1256	0.7097823
251.65	-460.2859	-606.1264	0.7097713
251.66	-460.1557	-606.1272	0.7097586
251.67	-460.0255	-606.128	0.7097443
251.68	-459.8953	-606.1287	0.7097285
251.69	-459.7652	-606.1295	0.7097111
251.7	-459.635	-606.1303	0.7096924
251.71	-459.5049	-606.1311	0.7096723
251.72	-459.3747	-606.1319	0.7096509
251.73	-459.2446	-606.1327	0.7096284
251.74	-459.1145	-606.1335	0.7096047
251.75	-458.9844	-606.1342	0.7095799
251.76	-458.8543	-606.135	0.7095542
251.77	-458.7242	-606.1358	0.7095274
251.78	-458.5941	-606.1366	0.7094998
251.79	-458.464	-606.1374	0.7094715
251.8	-458.334	-606.1382	0.7094427
251.81	-458.2039	-606.1389	0.7094133
251.82	-458.0738	-606.1397	0.7093834
251.83	-457.9438	-606.1405	0.709353
251.84	-457.8138	-606.1413	0.7093225
251.85	-457.6837	-606.1421	0.7092918
251.86	-457.5537	-606.1428	0.7092608
251.87	-457.4237	-606.1436	0.7092297
251.88	-457.2937	-606.1443	0.7091984
251.89	-457.1638	-606.145	0.7091673
251.9	-457.0338	-606.1457	0.7091361
251.91	-456.9038	-606.1464	0.709105
251.92	-456.7738	-606.1472	0.7090739
251.93	-456.6439	-606.1479	0.7090428
251.94	-456.5139	-606.1486	0.709012
251.95	-456.384	-606.1493	0.7089812
251.96	-456.254	-606.15	0.7089506
251.97	-456.1241	-606.1508	0.7089199
251.98	-455.9941	-606.1515	0.7088896
251.99	-455.8642	-606.1522	0.7088593
252	-455.7343	-606.1528	0.708829
252.01	-455.6043	-606.1534	0.7087989
252.02	-455.4744	-606.1541	0.708769
252.03	-455.3445	-606.1548	0.7087392
252.04	-455.2145	-606.1555	0.7087097
252.05	-455.0846	-606.1561	0.7086804
252.06	-454.9547	-606.1567	0.7086515
252.07	-454.8248	-606.1574	0.7086229
252.08	-454.6949	-606.158	0.708595
252.09	-454.5649	-606.1586	0.7085679
252.1	-454.435	-606.1592	0.7085415
252.11	-454.3051	-606.1598	0.7085157
252.12	-454.1752	-606.1604	0.7084905
252.13	-454.0453	-606.161	0.7084668
252.14	-453.9153	-606.1616	0.7084443
252.15	-453.7854	-606.1622	0.7084231
252.16	-453.6555	-606.1628	0.7084032
252.17	-453.5255	-606.1634	0.7083843
252.18	-453.3956	-606.164	0.7083676
252.19	-453.2657	-606.1646	0.7083529
252.2	-453.1358	-606.1652	0.7083401
252.21	-453.0058	-606.1658	0.7083291
252.22	-452.8759	-606.1664	0.7083198
252.23	-452.746	-606.1671	0.708313
252.24	-452.616	-606.1677	0.7083087
252.25	-452.4861	-606.1683	0.7083066
252.26	-452.3561	-606.1689	0.7083066
252.27	-452.2262	-606.1695	0.7083086
252.28	-452.0963	-606.1701	0.7083132
252.29	-451.9663	-606.1707	0.7083202
252.3	-451.8364	-606.1713	0.7083294
252.31	-451.7064	-606.1719	0.7083409
252.32	-451.5764	-606.1725	0.7083544
252.33	-451.4465	-606.1732	0.7083701
252.34	-451.3165	-606.1738	0.7083881
252.35	-451.1865	-606.1744	0.7084079
252.36	-451.0565	-606.175	0.7084298
252.37	-450.9265	-606.1757	0.7084534
252.38	-450.7965	-606.1763	0.7084787
252.39	-450.6665	-606.1769	0.7085057
252.4	-450.5364	-606.1775	0.7085343
252.41	-450.4064	-606.1782	0.7085644
252.42	-450.2763	-606.1788	0.7085959
252.43	-450.1462	-606.1794	0.7086287
252.44	-450.0161	-606.18	0.7086627
252.45	-449.886	-606.1807	0.708698
252.46	-449.7558	-606.1814	0.7087345
252.47	-449.6256	-606.1821	0.7087719
252.48	-449.4955	-606.1827	0.7088104
252.49	-449.3652	-606.1835	0.70885
252.5	-449.235	-606.1841	0.7088904
252.51	-449.1048	-606.1848	0.7089317
252.52	-448.9745	-606.1855	0.7089739
252.53	-448.8442	-606.1863	0.7090169
252.54	-448.7139	-606.187	0.7090605
252.55	-448.5836	-606.1877	0.7091049
252.56	-448.4532	-606.1885	0.70915
252.57	-448.3228	-606.1893	0.7091957
252.58	-448.1924	-606.19	0.709242
252.59	-448.062	-606.1907	0.709289
252.6	-447.9316	-606.1916	0.7093365
252.61	-447.8011	-606.1924	0.7093844
252.62	-447.6707	-606.1932	0.709433
252.63	-447.5402	-606.194	0.7094819
252.64	-447.4096	-606.1948	0.7095313
252.65	-447.2791	-606.1957	0.7095811
252.66	-447.1485	-606.1966	0.7096314
252.67	-447.0179	-606.1974	0.709682
252.68	-446.8873	-606.1983	0.7097329
252.69	-446.7566	-606.1992	0.7097843
252.7	-446.6259	-606.2001	0.7098359
252.71	-446.4952	-606.201	0.7098879
252.72	-446.3645	-606.202	0.7099401
252.73	-446.2338	-606.2029	0.7099926
252.74	-446.103	-606.204	0.7100454
252.75	-445.9722	-606.205	0.7100984
252.76	-445.8414	-606.2059	0.7101516
252.77	-445.7105	-606.207	0.710205
252.78	-445.5797	-606.208	0.7102582
252.79	-445.4488	-606.209	0.7103115
252.8	-445.3178	-606.2101	0.7103648
252.81	-445.1869	-606.2112	0.7104178
252.82	-445.0559	-606.2123	0.710471
252.83	-444.9249	-606.2134	0.710524
252.84	-444.7939	-606.2145	0.7105765
252.85	-444.6628	-606.2156	0.7106284
252.86	-444.5318	-606.2169	0.7106799
252.87	-444.4007	-606.218	0.7107307
252.88	-444.2695	-606.2192	0.7107813
252.89	-444.1383	-606.2204	0.7108313
252.9	-444.0071	-606.2216	0.7108809
252.91	-443.8759	-606.2228	0.7109293
252.92	-443.7446	-606.2241	0.7109764
252.93	-443.6133	-606.2253	0.7110223
252.94	-443.4821	-606.2266	0.7110666
252.95	-443.3508	-606.2279	0.7111095
252.96	-443.2195	-606.2292	0.7111509
252.97	-443.0881	-606.2305	0.7111912
252.98	-442.9567	-606.2318	0.7112302
252.99	-442.8253	-606.2331	0.7112671
253	-442.6939	-606.2344	0.711302
253.01	-442.5625	-606.2358	0.7113351
253.02	-442.431	-606.2371	0.7113664
253.03	-442.2996	-606.2385	0.7113961
253.04	-442.1681	-606.2399	0.7114235
253.05	-442.0366	-606.2412	0.7114487
253.06	-441.9051	-606.2426	0.7114719
253.07	-441.7735	-606.244	0.7114932
253.08	-441.642	-606.2454	0.711512
253.09	-441.5104	-606.2468	0.7115284
253.1	-441.3789	-606.2483	0.7115425
253.11	-441.2473	-606.2497	0.7115546
253.12	-441.1157	-606.2511	0.7115646
253.13	-440.9841	-606.2525	0.7115723
253.14	-440.8524	-606.2539	0.7115779
253.15	-440.7208	-606.2554	0.7115814
253.16	-440.5892	-606.2568	0.7115829
253.17	-440.4575	-606.2583	0.7115825
253.18	-440.3259	-606.2598	0.7115805
253.19	-440.1942	-606.2612	0.7115766
253.2	-440.0625	-606.2627	0.7115712
253.21	-439.9308	-606.2642	0.7115642
253.22	-439.7991	-606.2656	0.7115557
253.23	-439.6674	-606.2671	0.7115459
253.24	-439.5357	-606.2685	0.7115347
253.25	-439.404	-606.27	0.7115222
253.26	-439.2723	-606.2714	0.7115086
253.27	-439.1406	-606.2729	0.7114939
253.28	-439.0089	-606.2744	0.7114782
253.29	-438.8771	-606.2758	0.7114617
253.3	-438.7454	-606.2773	0.7114444
253.31	-438.6136	-606.2787	0.7114263
253.32	-438.4819	-606.2802	0.7114074
253.33	-438.3502	-606.2816	0.7113881
253.34	-438.2185	-606.2831	0.7113682
253.35	-438.0868	-606.2845	0.7113479
253.36	-437.955	-606.286	0.7113273
