2062.31	-649.9598	-607.2485	0.7091932
2062.32	-649.8198	-607.2495	0.7092071
2062.33	-649.6799	-607.2505	0.7092209
2062.34	-649.5399	-607.2515	0.7092347
2062.35	-649.4	-607.2524	0.7092466
2062.36	-649.2601	-607.2534	0.709257
2062.37	-649.1202	-607.2544	0.7092658
2062.38	-648.9803	-607.2554	0.7092732
2062.39	-648.8405	-607.2563	0.7092776
2062.4	-648.7007	-607.2572	0.7092792
2062.41	-648.5609	-607.2581	0.7092782
2062.42	-648.421	-607.259	0.7092747
2062.43	-648.2812	-607.2599	0.7092688
2062.44	-648.1414	-607.2609	0.7092593
2062.45	-648.0016	-607.2617	0.7092463
2062.46	-647.8619	-607.2626	0.7092301
2062.47	-647.7222	-607.2634	0.7092108
2062.48	-647.5825	-607.2643	0.7091885
2062.49	-647.4427	-607.2651	0.709163
2062.5	-647.3031	-607.2658	0.7091345
2062.51	-647.1635	-607.2666	0.709103
2062.52	-647.0238	-607.2674	0.7090688
2062.53	-646.8842	-607.2682	0.7090321
2062.54	-646.7446	-607.2689	0.7089931
2062.55	-646.605	-607.2696	0.7089522
2062.56	-646.4654	-607.2703	0.7089093
2062.57	-646.3258	-607.2711	0.7088646
2062.58	-646.1862	-607.2717	0.7088182
2062.59	-646.0467	-607.2724	0.7087712
2062.6	-645.9072	-607.2731	0.7087237
2062.61	-645.7676	-607.2737	0.7086756
2062.62	-645.6281	-607.2744	0.7086269
2062.63	-645.4886	-607.275	0.7085779
2062.64	-645.3492	-607.2756	0.7085296
2062.65	-645.2097	-607.2763	0.708482
2062.66	-645.0703	-607.2769	0.7084351
2062.67	-644.9309	-607.2775	0.7083889
2062.68	-644.7915	-607.2781	0.7083433
2062.69	-644.6521	-607.2787	0.7082987
2062.7	-644.5128	-607.2793	0.7082551
2062.71	-644.3734	-607.2798	0.7082124
2062.72	-644.2341	-607.2804	0.7081705
2062.73	-644.0947	-607.2809	0.7081295
2062.74	-643.9554	-607.2815	0.7080885
2062.75	-643.8162	-607.282	0.7080472
2062.76	-643.6769	-607.2825	0.708006
2062.77	-643.5376	-607.283	0.7079646
2062.78	-643.3983	-607.2834	0.7079232
2062.79	-643.2591	-607.2839	0.7078817
2062.8	-643.1199	-607.2844	0.7078376
2062.81	-642.9807	-607.2849	0.7077911
2062.82	-642.8414	-607.2852	0.7077422
2062.83	-642.7022	-607.2856	0.7076911
2062.84	-642.563	-607.286	0.707636
2062.85	-642.4239	-607.2863	0.7075771
2062.86	-642.2847	-607.2866	0.7075146
2062.87	-642.1456	-607.2869	0.7074487
2062.88	-642.0064	-607.2872	0.7073795
2062.89	-641.8673	-607.2874	0.7073059
2062.9	-641.7282	-607.2876	0.707228
2062.91	-641.5891	-607.2877	0.707146
2062.92	-641.45	-607.2879	0.7070603
2062.93	-641.3109	-607.288	0.7069709
2062.94	-641.1718	-607.288	0.7068782
2062.95	-641.0327	-607.2881	0.7067823
2062.96	-640.8936	-607.2881	0.7066833
2062.97	-640.7545	-607.2881	0.7065816
2062.98	-640.6154	-607.288	0.7064771
2062.99	-640.4764	-607.2879	0.7063713
2063	-640.3373	-607.2878	0.7062644
2063.01	-640.1983	-607.2877	0.7061563
2063.02	-640.0593	-607.2875	0.7060471
2063.03	-639.9202	-607.2872	0.7059368
2063.04	-639.7813	-607.287	0.7058275
2063.05	-639.6423	-607.2867	0.705719
2063.06	-639.5033	-607.2864	0.7056112
2063.07	-639.3643	-607.2861	0.7055042
2063.08	-639.2253	-607.2858	0.705398
2063.09	-639.0864	-607.2855	0.7052943
2063.1	-638.9474	-607.285	0.7051931
2063.11	-638.8084	-607.2847	0.7050944
2063.12	-638.6694	-607.2842	0.7049979
2063.13	-638.5305	-607.2838	0.7049035
2063.14	-638.3915	-607.2833	0.704813
2063.15	-638.2526	-607.2828	0.704726
2063.16	-638.1137	-607.2823	0.7046427
2063.17	-637.9748	-607.2817	0.7045624
2063.18	-637.8359	-607.2812	0.7044852
2063.19	-637.697	-607.2806	0.7044119
2063.2	-637.5582	-607.28	0.7043422
2063.21	-637.4193	-607.2794	0.7042758
2063.22	-637.2805	-607.2787	0.7042128
2063.23	-637.1416	-607.2781	0.7041528
2063.24	-637.0027	-607.2774	0.7040958
2063.25	-636.8639	-607.2767	0.7040415
2063.26	-636.725	-607.276	0.70399
2063.27	-636.5862	-607.2753	0.703941
2063.28	-636.4473	-607.2745	0.7038943
2063.29	-636.3085	-607.2737	0.70385
2063.3	-636.1697	-607.2729	0.7038076
2063.31	-636.0309	-607.2722	0.7037671
2063.32	-635.8921	-607.2713	0.7037284
2063.33	-635.7533	-607.2704	0.7036914
2063.34	-635.6145	-607.2695	0.7036558
2063.35	-635.4757	-607.2686	0.7036216
2063.36	-635.3369	-607.2677	0.7035886
2063.37	-635.1981	-607.2668	0.7035568
2063.38	-635.0593	-607.2657	0.7035261
2063.39	-634.9205	-607.2648	0.7034966
2063.4	-634.7818	-607.2638	0.7034679
2063.41	-634.6431	-607.2628	0.7034401
2063.42	-634.5043	-607.2618	0.7034132
2063.43	-634.3656	-607.2607	0.7033872
2063.44	-634.2269	-607.2596	0.703362
2063.45	-634.0883	-607.2585	0.7033376
2063.46	-633.9496	-607.2574	0.7033139
2063.47	-633.8109	-607.2563	0.7032909
2063.48	-633.6722	-607.2552	0.7032685
2063.49	-633.5336	-607.254	0.7032472
2063.5	-633.3949	-607.2528	0.7032267
2063.51	-633.2562	-607.2516	0.7032072
2063.52	-633.1176	-607.2504	0.7031885
2063.53	-632.9789	-607.2492	0.7031705
2063.54	-632.8403	-607.248	0.7031539
2063.55	-632.7017	-607.2468	0.7031388
2063.56	-632.563	-607.2455	0.703125
2063.57	-632.4244	-607.2443	0.7031124
2063.58	-632.2858	-607.243	0.7031011
2063.59	-632.1472	-607.2416	0.703092
2063.6	-632.0086	-607.2404	0.7030852
2063.61	-631.87	-607.2391	0.7030804
2063.62	-631.7314	-607.2378	0.7030777
2063.63	-631.5928	-607.2365	0.7030768
2063.64	-631.4542	-607.2352	0.703079
2063.65	-631.3157	-607.2339	0.7030842
2063.66	-631.1771	-607.2327	0.7030922
2063.67	-631.0386	-607.2314	0.7031027
2063.68	-630.9001	-607.2302	0.7031171
2063.69	-630.7616	-607.2289	0.703135
2063.7	-630.6231	-607.2276	0.7031562
2063.71	-630.4846	-607.2263	0.7031807
2063.72	-630.3461	-607.225	0.7032081
2063.73	-630.2076	-607.2238	0.7032387
2063.74	-630.0692	-607.2225	0.7032726
2063.75	-629.9307	-607.2213	0.7033098
2063.76	-629.7922	-607.22	0.7033501
2063.77	-629.6537	-607.2187	0.7033933
2063.78	-629.5152	-607.2175	0.7034395
2063.79	-629.3767	-607.2162	0.7034883
2063.8	-629.2382	-607.215	0.7035397
2063.81	-629.0997	-607.2138	0.7035936
2063.82	-628.9612	-607.2126	0.7036498
2063.83	-628.8228	-607.2114	0.7037082
2063.84	-628.6843	-607.2102	0.7037683
2063.85	-628.5459	-607.209	0.7038298
2063.86	-628.4075	-607.2078	0.7038929
2063.87	-628.269	-607.2067	0.7039574
2063.88	-628.1306	-607.2056	0.7040234
2063.89	-627.9922	-607.2044	0.7040898
2063.9	-627.8538	-607.2032	0.7041567
2063.91	-627.7153	-607.2021	0.7042243
2063.92	-627.5769	-607.201	0.7042922
2063.93	-627.4385	-607.2	0.7043607
2063.94	-627.3	-607.1989	0.7044284
2063.95	-627.1616	-607.1978	0.7044954
2063.96	-627.0232	-607.1967	0.7045617
2063.97	-626.8848	-607.1957	0.7046274
2063.98	-626.7463	-607.1946	0.7046925
2063.99	-626.6079	-607.1936	0.7047558
2064	-626.4695	-607.1926	0.7048175
2064.01	-626.3311	-607.1916	0.7048776
2064.02	-626.1926	-607.1906	0.7049361
2064.03	-626.0541	-607.1896	0.7049934
2064.04	-625.9157	-607.1886	0.7050482
2064.05	-625.7773	-607.1877	0.7051009
2064.06	-625.6389	-607.1867	0.7051515
2064.07	-625.5004	-607.1857	0.7052001
2064.08	-625.3619	-607.1848	0.7052469
2064.09	-625.2234	-607.1838	0.7052911
2064.1	-625.085	-607.1829	0.7053329
2064.11	-624.9465	-607.182	0.7053726
2064.12	-624.808	-607.1811	0.7054101
2064.13	-624.6696	-607.1802	0.7054455
2064.14	-624.5311	-607.1793	0.7054785
2064.15	-624.3926	-607.1783	0.7055092
2064.16	-624.2542	-607.1775	0.7055377
2064.17	-624.1157	-607.1766	0.7055641
2064.18	-623.9772	-607.1758	0.7055885
2064.19	-623.8387	-607.1749	0.7056108
2064.2	-623.7002	-607.1741	0.7056311
2064.21	-623.5617	-607.1732	0.7056496
2064.22	-623.4232	-607.1724	0.7056664
2064.23	-623.2847	-607.1716	0.7056814
2064.24	-623.1462	-607.1708	0.7056949
2064.25	-623.0078	-607.17	0.7057069
2064.26	-622.8693	-607.1692	0.7057173
2064.27	-622.7308	-607.1684	0.7057265
2064.28	-622.5922	-607.1676	0.7057343
2064.29	-622.4537	-607.1668	0.7057409
2064.3	-622.3152	-607.166	0.7057463
2064.31	-622.1768	-607.1652	0.7057506
2064.32	-622.0382	-607.1645	0.7057538
2064.33	-621.8997	-607.1638	0.7057559
2064.34	-621.7612	-607.163	0.7057572
2064.35	-621.6226	-607.1623	0.7057575
2064.36	-621.4841	-607.1616	0.7057569
2064.37	-621.3455	-607.1608	0.7057555
2064.38	-621.207	-607.1601	0.7057533
2064.39	-621.0684	-607.1594	0.7057503
2064.4	-620.9299	-607.1586	0.7057465
2064.41	-620.7913	-607.1579	0.7057419
2064.42	-620.6528	-607.1572	0.7057365
2064.43	-620.5142	-607.1565	0.7057306
2064.44	-620.3757	-607.1558	0.7057235
2064.45	-620.2371	-607.1552	0.7057154
2064.46	-620.0986	-607.1545	0.7057063
2064.47	-619.96	-607.1538	0.7056963
2064.48	-619.8214	-607.1531	0.7056854
2064.49	-619.6828	-607.1524	0.705673
2064.5	-619.5442	-607.1517	0.7056592
2064.51	-619.4056	-607.1511	0.7056441
2064.52	-619.267	-607.1504	0.7056277
2064.53	-619.1284	-607.1497	0.7056101
2064.54	-618.9897	-607.149	0.7055905
2064.55	-618.8511	-607.1484	0.7055692
2064.56	-618.7125	-607.1476	0.705546
2064.57	-618.5738	-607.1469	0.7055211
2064.58	-618.4351	-607.1461	0.7054947
2064.59	-618.2963	-607.1454	0.7054663
2064.6	-618.1576	-607.1447	0.7054361
2064.61	-618.0188	-607.1439	0.7054039
2064.62	-617.8799	-607.1431	0.7053701
2064.63	-617.7411	-607.1424	0.7053347
2064.64	-617.6022	-607.1417	0.7052976
2064.65	-617.4633	-607.1409	0.7052591
2064.66	-617.3243	-607.1401	0.7052191
2064.67	-617.1854	-607.1393	0.7051778
2064.68	-617.0463	-607.1385	0.7051352
2064.69	-616.9073	-607.1377	0.7050914
2064.7	-616.7682	-607.1368	0.7050462
2064.71	-616.629	-607.136	0.7050002
2064.72	-616.4899	-607.1353	0.704953
2064.73	-616.3506	-607.1343	0.7049049
2064.74	-616.2114	-607.1335	0.7048557
2064.75	-616.0721	-607.1326	0.7048058
2064.76	-615.9328	-607.1317	0.7047549
2064.77	-615.7934	-607.1309	0.7047032
2064.78	-615.654	-607.1299	0.7046507
2064.79	-615.5145	-607.129	0.7045974
2064.8	-615.3751	-607.1281	0.7045435
2064.81	-615.2355	-607.1271	0.7044889
2064.82	-615.0959	-607.1262	0.7044336
2064.83	-614.9563	-607.1252	0.7043777
2064.84	-614.8167	-607.1242	0.7043213
2064.85	-614.6769	-607.1232	0.7042644
2064.86	-614.5372	-607.1222	0.7042071
2064.87	-614.3973	-607.1211	0.7041494
2064.88	-614.2574	-607.1201	0.7040913
2064.89	-614.1175	-607.119	0.704033
2064.9	-613.9775	-607.1179	0.7039748
2064.91	-613.8374	-607.1168	0.7039165
2064.92	-613.6973	-607.1157	0.7038582
2064.93	-613.5571	-607.1146	0.7037998
2064.94	-613.4169	-607.1135	0.7037417
2064.95	-613.2766	-607.1122	0.703684
2064.96	-613.1362	-607.1111	0.7036267
2064.97	-612.9958	-607.1099	0.7035697
2064.98	-612.8553	-607.1087	0.7035131
2064.99	-612.7148	-607.1075	0.703457
2065	-612.5742	-607.1062	0.7034015
2065.01	-612.4336	-607.105	0.7033466
2065.02	-612.2928	-607.1037	0.7032922
2065.03	-612.152	-607.1024	0.7032382
2065.04	-612.0112	-607.1011	0.703185
2065.05	-611.8704	-607.0998	0.7031323
2065.06	-611.7294	-607.0984	0.7030802
2065.07	-611.5884	-607.097	0.7030287
2065.08	-611.4473	-607.0957	0.7029777
2065.09	-611.3062	-607.0942	0.7029271
2065.1	-611.165	-607.0928	0.7028772
2065.11	-611.0237	-607.0914	0.7028276
2065.12	-610.8823	-607.09	0.7027785
2065.13	-610.7409	-607.0885	0.7027298
2065.14	-610.5995	-607.087	0.7026814
2065.15	-610.4579	-607.0855	0.7026335
2065.16	-610.3163	-607.084	0.7025859
2065.17	-610.1747	-607.0825	0.7025387
2065.18	-610.033	-607.0809	0.7024917
2065.19	-609.8912	-607.0793	0.7024451
2065.2	-609.7493	-607.0778	0.702399
2065.21	-609.6074	-607.0762	0.702353
2065.22	-609.4655	-607.0745	0.7023075
2065.23	-609.3234	-607.0729	0.7022622
2065.24	-609.1813	-607.0712	0.7022173
2065.25	-609.0392	-607.0695	0.7021729
2065.26	-608.897	-607.0678	0.7021288
2065.27	-608.7547	-607.0661	0.7020852
2065.28	-608.6124	-607.0644	0.7020419
2065.29	-608.47	-607.0626	0.7019992
2065.3	-608.3275	-607.0609	0.7019569
2065.31	-608.185	-607.0591	0.7019152
2065.32	-608.0424	-607.0573	0.701874
2065.33	-607.8997	-607.0554	0.7018332
2065.34	-607.757	-607.0536	0.7017936
2065.35	-607.6143	-607.0518	0.7017549
2065.36	-607.4714	-607.0499	0.7017173
2065.37	-607.3285	-607.048	0.7016807
2065.38	-607.1855	-607.0461	0.701645
2065.39	-607.0425	-607.0442	0.7016108
2065.4	-606.8994	-607.0422	0.7015782
2065.41	-606.7562	-607.0403	0.7015471
2065.42	-606.613	-607.0383	0.7015174
2065.43	-606.4697	-607.0364	0.701489
2065.44	-606.3263	-607.0344	0.7014633
2065.45	-606.1829	-607.0325	0.70144
2065.46	-606.0394	-607.0305	0.7014192
2065.47	-605.8958	-607.0284	0.7014007
2065.48	-605.7522	-607.0264	0.7013844
2065.49	-605.6085	-607.0244	0.7013717
2065.5	-605.4648	-607.0224	0.7013624
2065.51	-605.321	-607.0204	0.7013565
2065.52	-605.1771	-607.0184	0.7013536
2065.53	-605.0332	-607.0164	0.7013538
2065.54	-604.8892	-607.0143	0.7013586
2065.55	-604.7452	-607.0123	0.7013678
2065.56	-604.6011	-607.0103	0.7013812
2065.57	-604.4569	-607.0083	0.7013986
2065.58	-604.3126	-607.0063	0.7014199
2065.59	-604.1683	-607.0043	0.7014463
2065.6	-604.024	-607.0023	0.7014777
2065.61	-603.8795	-607.0003	0.7015138
2065.62	-603.735	-606.9983	0.7015544
2065.63	-603.5904	-606.9963	0.7015992
2065.64	-603.4457	-606.9944	0.7016492
2065.65	-603.301	-606.9924	0.701704
2065.66	-603.1563	-606.9905	0.7017635
2065.67	-603.0114	-606.9886	0.7018273
2065.68	-602.8665	-606.9867	0.7018953
2065.69	-602.7216	-606.9847	0.7019677
2065.7	-602.5765	-606.9829	0.7020441
2065.71	-602.4315	-606.981	0.7021246
2065.72	-602.2863	-606.9792	0.7022087
2065.73	-602.1411	-606.9773	0.7022964
2065.74	-601.9958	-606.9755	0.7023875
2065.75	-601.8505	-606.9737	0.7024818
2065.76	-601.7051	-606.9719	0.7025792
2065.77	-601.5596	-606.9702	0.7026795
2065.78	-601.4141	-606.9684	0.7027826
2065.79	-601.2685	-606.9667	0.7028883
2065.8	-601.1229	-606.9651	0.7029964
2065.81	-600.9771	-606.9634	0.7031069
2065.82	-600.8313	-606.9617	0.7032197
2065.83	-600.6854	-606.9601	0.7033347
2065.84	-600.5395	-606.9586	0.7034516
2065.85	-600.3935	-606.957	0.7035705
2065.86	-600.2474	-606.9554	0.7036912
2065.87	-600.1013	-606.954	0.7038137
2065.88	-599.9551	-606.9525	0.703938
2065.89	-599.8089	-606.951	0.7040638
2065.9	-599.6626	-606.9496	0.7041911
2065.91	-599.5162	-606.9483	0.70432
2065.92	-599.3698	-606.9469	0.7044502
2065.93	-599.2233	-606.9456	0.7045817
2065.94	-599.0768	-606.9443	0.7047145
2065.95	-598.9302	-606.9431	0.7048485
2065.96	-598.7835	-606.9419	0.7049837
2065.97	-598.6368	-606.9407	0.70512
2065.98	-598.4899	-606.9396	0.7052573
2065.99	-598.3431	-606.9385	0.7053956
2066	-598.1962	-606.9374	0.7055349
2066.01	-598.0492	-606.9363	0.7056751
2066.02	-597.9021	-606.9354	0.7058161
2066.03	-597.7549	-606.9344	0.705958
2066.04	-597.6078	-606.9335	0.7061006
2066.05	-597.4606	-606.9327	0.7062441
2066.06	-597.3132	-606.9319	0.7063881
2066.07	-597.1658	-606.9312	0.7065328
2066.08	-597.0184	-606.9304	0.7066783
2066.09	-596.8709	-606.9297	0.7068241
2066.1	-596.7233	-606.9291	0.7069705
2066.11	-596.5757	-606.9286	0.7071172
2066.12	-596.428	-606.928	0.7072644
2066.13	-596.2802	-606.9276	0.7074119
2066.14	-596.1324	-606.9271	0.7075595
2066.15	-595.9845	-606.9268	0.7077072
2066.16	-595.8365	-606.9264	0.7078549
2066.17	-595.6885	-606.9261	0.7080026
2066.18	-595.5405	-606.9258	0.7081504
2066.19	-595.3923	-606.9257	0.7082974
2066.2	-595.2441	-606.9255	0.7084437
2066.21	-595.0959	-606.9254	0.7085892
2066.22	-594.9476	-606.9254	0.708734
2066.23	-594.7992	-606.9254	0.7088782
2066.24	-594.6508	-606.9254	0.7090205
2066.25	-594.5023	-606.9255	0.7091607
2066.26	-594.3537	-606.9257	0.7092993
2066.27	-594.2051	-606.9258	0.7094361
2066.28	-594.0564	-606.926	0.7095712
2066.29	-593.9077	-606.9263	0.709703
2066.3	-593.7589	-606.9266	0.7098318
2066.31	-593.61	-606.927	0.7099574
2066.32	-593.4611	-606.9274	0.7100803
2066.33	-593.3121	-606.9279	0.7102004
2066.34	-593.163	-606.9283	0.7103161
2066.35	-593.0139	-606.9288	0.7104276
2066.36	-592.8647	-606.9294	0.7105352
2066.37	-592.7155	-606.9299	0.7106389
2066.38	-592.5662	-606.9306	0.710739
2066.39	-592.4169	-606.9313	0.7108342
2066.4	-592.2675	-606.9319	0.7109247
2066.41	-592.118	-606.9327	0.7110106
2066.42	-591.9684	-606.9335	0.7110924
2066.43	-591.8188	-606.9343	0.71117
2066.44	-591.6692	-606.9351	0.7112426
2066.45	-591.5195	-606.936	0.7113103
2066.46	-591.3697	-606.9369	0.7113734
2066.47	-591.2198	-606.9379	0.7114321
2066.48	-591.0699	-606.9388	0.7114867
2066.49	-590.92	-606.9398	0.7115366
2066.5	-590.77	-606.9409	0.7115819
2066.51	-590.6199	-606.942	0.7116231
2066.52	-590.4697	-606.943	0.7116602
2066.53	-590.3195	-606.9442	0.7116932
2066.54	-590.1693	-606.9453	0.7117223
2066.55	-590.0189	-606.9464	0.7117475
2066.56	-589.8685	-606.9476	0.7117692
2066.57	-589.7181	-606.9488	0.7117876
2066.58	-589.5676	-606.95	0.7118028
2066.59	-589.417	-606.9512	0.7118147
2066.6	-589.2664	-606.9525	0.7118235
2066.61	-589.1157	-606.9538	0.7118295
2066.62	-588.9649	-606.9551	0.7118326
2066.63	-588.8141	-606.9565	0.7118331
2066.64	-588.6632	-606.9578	0.7118309
2066.65	-588.5123	-606.9592	0.711826
2066.66	-588.3613	-606.9606	0.7118186
2066.67	-588.2102	-606.962	0.7118088
2066.68	-588.0591	-606.9634	0.7117968
2066.69	-587.9079	-606.9649	0.7117821
2066.7	-587.7567	-606.9664	0.7117649
2066.71	-587.6053	-606.9678	0.7117453
2066.72	-587.454	-606.9693	0.7117233
2066.73	-587.3026	-606.9708	0.7116992
2066.74	-587.1511	-606.9722	0.7116724
2066.75	-586.9995	-606.9738	0.7116427
2066.76	-586.8479	-606.9753	0.7116106
2066.77	-586.6962	-606.9768	0.7115762
2066.78	-586.5445	-606.9783	0.7115393
2066.79	-586.3927	-606.9798	0.7114998
2066.8	-586.2408	-606.9813	0.7114577
2066.81	-586.0889	-606.9828	0.7114132
2066.82	-585.937	-606.9843	0.7113664
2066.83	-585.7849	-606.9858	0.7113173
2066.84	-585.6328	-606.9874	0.7112662
2066.85	-585.4807	-606.9888	0.7112128
2066.86	-585.3284	-606.9904	0.7111575
2066.87	-585.1761	-606.9919	0.7111003
2066.88	-585.0238	-606.9933	0.7110413
2066.89	-584.8714	-606.9949	0.7109806
2066.9	-584.7189	-606.9963	0.7109182
2066.91	-584.5664	-606.9979	0.7108542
2066.92	-584.4138	-606.9993	0.7107887
2066.93	-584.2612	-607.0007	0.7107217
2066.94	-584.1085	-607.0022	0.7106534
2066.95	-583.9557	-607.0036	0.7105837
2066.96	-583.8029	-607.0051	0.7105129
2066.97	-583.65	-607.0065	0.7104409
2066.98	-583.497	-607.0079	0.7103679
2066.99	-583.344	-607.0093	0.7102939
2067	-583.1909	-607.0107	0.7102191
2067.01	-583.0378	-607.012	0.7101436
2067.02	-582.8846	-607.0134	0.7100673
2067.03	-582.7313	-607.0147	0.7099903
2067.04	-582.578	-607.0161	0.709913
2067.05	-582.4246	-607.0173	0.7098354
2067.06	-582.2712	-607.0187	0.7097576
2067.07	-582.1177	-607.0199	0.7096794
2067.08	-581.9641	-607.0212	0.709601
2067.09	-581.8105	-607.0224	0.709523
2067.1	-581.6568	-607.0237	0.7094455
2067.11	-581.5031	-607.0248	0.7093682
2067.12	-581.3492	-607.0261	0.7092913
2067.13	-581.1954	-607.0272	0.7092147
2067.14	-581.0415	-607.0284	0.7091392
2067.15	-580.8875	-607.0295	0.7090649
2067.16	-580.7335	-607.0307	0.7089915
2067.17	-580.5793	-607.0318	0.7089192
2067.18	-580.4252	-607.0329	0.7088478
2067.19	-580.271	-607.0339	0.7087782
2067.2	-580.1168	-607.035	0.7087103
2067.21	-579.9624	-607.036	0.708644
2067.22	-579.808	-607.037	0.7085794
2067.23	-579.6535	-607.038	0.7085162
2067.24	-579.499	-607.0391	0.708455
2067.25	-579.3445	-607.04	0.708396
2067.26	-579.1899	-607.041	0.7083387
2067.27	-579.0352	-607.0419	0.7082834
2067.28	-578.8804	-607.0428	0.7082297
2067.29	-578.7256	-607.0437	0.7081779
2067.3	-578.5708	-607.0446	0.7081279
2067.31	-578.4159	-607.0455	0.7080797
2067.32	-578.2609	-607.0463	0.7080331
2067.33	-578.1059	-607.0472	0.7079882
2067.34	-577.9508	-607.048	0.7079448
2067.35	-577.7957	-607.0488	0.707903
2067.36	-577.6404	-607.0496	0.7078626
2067.37	-577.4852	-607.0504	0.7078236
2067.38	-577.3298	-607.0511	0.707786
2067.39	-577.1744	-607.0518	0.7077499
2067.4	-577.019	-607.0526	0.7077154
2067.41	-576.8635	-607.0533	0.7076823
2067.42	-576.7079	-607.054	0.7076506
2067.43	-576.5522	-607.0546	0.7076202
2067.44	-576.3965	-607.0552	0.7075917
2067.45	-576.2408	-607.0559	0.7075648
2067.46	-576.085	-607.0565	0.7075396
2067.47	-575.9291	-607.0571	0.7075159
2067.48	-575.7731	-607.0577	0.7074937
2067.49	-575.6172	-607.0583	0.7074736
2067.5	-575.4612	-607.0589	0.7074557
2067.51	-575.3051	-607.0594	0.7074397
2067.52	-575.1489	-607.06	0.7074256
2067.53	-574.9927	-607.0605	0.7074133
2067.54	-574.8364	-607.0611	0.7074031
2067.55	-574.6801	-607.0616	0.7073951
2067.56	-574.5237	-607.0621	0.7073891
2067.57	-574.3673	-607.0626	0.7073851
2067.58	-574.2108	-607.0631	0.7073828
2067.59	-574.0543	-607.0636	0.7073828
2067.6	-573.8976	-607.0641	0.707385
2067.61	-573.741	-607.0646	0.7073892
2067.62	-573.5842	-607.0651	0.7073954
2067.63	-573.4274	-607.0656	0.7074034
2067.64	-573.2706	-607.066	0.7074136
2067.65	-573.1136	-607.0665	0.7074257
2067.66	-572.9567	-607.0669	0.7074395
2067.67	-572.7996	-607.0673	0.7074552
2067.68	-572.6425	-607.0677	0.7074726
2067.69	-572.4854	-607.0682	0.7074915
2067.7	-572.3282	-607.0687	0.707512
2067.71	-572.171	-607.0691	0.707534
2067.72	-572.0136	-607.0695	0.7075574
2067.73	-571.8562	-607.0699	0.7075821
2067.74	-571.6988	-607.0704	0.707608
2067.75	-571.5413	-607.0709	0.7076352
2067.76	-571.3838	-607.0713	0.7076634
2067.77	-571.2262	-607.0717	0.7076926
2067.78	-571.0685	-607.0721	0.7077228
2067.79	-570.9108	-607.0726	0.7077535
2067.8	-570.7531	-607.0731	0.7077848
2067.81	-570.5952	-607.0735	0.7078166
2067.82	-570.4373	-607.0739	0.7078488
2067.83	-570.2794	-607.0743	0.7078816
2067.84	-570.1213	-607.0748	0.7079141
2067.85	-569.9633	-607.0753	0.7079465
2067.86	-569.8051	-607.0757	0.7079787
2067.87	-569.6469	-607.0761	0.7080106
2067.88	-569.4886	-607.0765	0.7080426
2067.89	-569.3304	-607.077	0.7080733
2067.9	-569.1721	-607.0775	0.7081029
2067.91	-569.0137	-607.0779	0.7081314
2067.92	-568.8552	-607.0783	0.7081589
2067.93	-568.6967	-607.0787	0.7081853
2067.94	-568.5381	-607.0792	0.7082101
2067.95	-568.3795	-607.0796	0.7082334
2067.96	-568.2208	-607.0801	0.7082552
2067.97	-568.0621	-607.0805	0.7082756
2067.98	-567.9033	-607.0809	0.7082934
2067.99	-567.7444	-607.0814	0.708309
2068	-567.5854	-607.0818	0.7083223
2068.01	-567.4265	-607.0822	0.7083335
2068.02	-567.2674	-607.0826	0.7083426
2068.03	-567.1083	-607.0831	0.7083498
2068.04	-566.9492	-607.0835	0.708354
2068.05	-566.79	-607.0839	0.7083554
2068.06	-566.6307	-607.0844	0.7083541
2068.07	-566.4714	-607.0848	0.7083502
2068.08	-566.3121	-607.0852	0.708344
2068.09	-566.1526	-607.0856	0.7083344
2068.1	-565.9932	-607.0861	0.708322
2068.11	-565.8336	-607.0865	0.7083066
2068.12	-565.674	-607.0869	0.7082883
2068.13	-565.5143	-607.0873	0.7082675
2068.14	-565.3546	-607.0878	0.7082435
2068.15	-565.1948	-607.0881	0.7082165
2068.16	-565.035	-607.0884	0.7081867
2068.17	-564.8751	-607.0888	0.7081542
2068.18	-564.7151	-607.0892	0.7081192
2068.19	-564.5551	-607.0895	0.7080812
2068.2	-564.3951	-607.0898	0.7080408
2068.21	-564.235	-607.0902	0.7079978
2068.22	-564.0748	-607.0905	0.7079524
2068.23	-563.9146	-607.0908	0.7079047
2068.24	-563.7543	-607.0911	0.7078547
2068.25	-563.594	-607.0914	0.7078027
2068.26	-563.4336	-607.0916	0.7077484
2068.27	-563.2731	-607.0919	0.7076923
2068.28	-563.1126	-607.0922	0.7076343
2068.29	-562.9521	-607.0923	0.7075744
2068.3	-562.7915	-607.0926	0.7075128
2068.31	-562.6309	-607.0928	0.7074495
2068.32	-562.4702	-607.093	0.7073847
2068.33	-562.3094	-607.0931	0.7073182
2068.34	-562.1486	-607.0933	0.7072504
2068.35	-561.9877	-607.0934	0.7071811
2068.36	-561.8267	-607.0935	0.7071105
2068.37	-561.6657	-607.0936	0.7070385
2068.38	-561.5046	-607.0937	0.7069653
2068.39	-561.3436	-607.0938	0.7068909
2068.4	-561.1824	-607.0938	0.7068154
2068.41	-561.0211	-607.0939	0.7067388
2068.42	-560.8598	-607.0939	0.7066612
2068.43	-560.6984	-607.0939	0.7065825
2068.44	-560.537	-607.0938	0.7065029
2068.45	-560.3756	-607.0938	0.7064223
2068.46	-560.2141	-607.0937	0.7063409
2068.47	-560.0526	-607.0936	0.7062585
2068.48	-559.8909	-607.0934	0.7061754
2068.49	-559.7292	-607.0933	0.7060915
2068.5	-559.5675	-607.0931	0.7060069
2068.51	-559.4057	-607.0929	0.7059214
2068.52	-559.2438	-607.0927	0.7058354
2068.53	-559.0819	-607.0924	0.7057486
2068.54	-558.92	-607.0921	0.7056612
2068.55	-558.758	-607.0918	0.7055732
2068.56	-558.5959	-607.0914	0.7054846
2068.57	-558.4338	-607.0911	0.7053955
2068.58	-558.2717	-607.0907	0.7053058
2068.59	-558.1094	-607.0903	0.7052155
2068.6	-557.9471	-607.0898	0.7051248
2068.61	-557.7848	-607.0894	0.7050335
2068.62	-557.6224	-607.0889	0.7049419
2068.63	-557.4599	-607.0883	0.7048497
2068.64	-557.2974	-607.0877	0.7047572
2068.65	-557.1349	-607.0872	0.7046642
2068.66	-556.9723	-607.0865	0.7045708
2068.67	-556.8096	-607.0859	0.7044771
2068.68	-556.6469	-607.0851	0.704383
2068.69	-556.4841	-607.0844	0.7042885
2068.7	-556.3213	-607.0836	0.7041937
2068.71	-556.1584	-607.0828	0.7040985
2068.72	-555.9954	-607.0819	0.7040032
2068.73	-555.8324	-607.0811	0.7039074
2068.74	-555.6694	-607.0801	0.7038115
2068.75	-555.5063	-607.0792	0.7037156
2068.76	-555.3431	-607.0782	0.7036194
2068.77	-555.1799	-607.0771	0.7035232
2068.78	-555.0167	-607.0761	0.7034269
2068.79	-554.8533	-607.075	0.7033305
2068.8	-554.6899	-607.0739	0.7032343
2068.81	-554.5265	-607.0728	0.7031384
2068.82	-554.363	-607.0715	0.7030428
2068.83	-554.1994	-607.0703	0.7029473
2068.84	-554.0358	-607.069	0.7028524
2068.85	-553.8722	-607.0677	0.702758
2068.86	-553.7085	-607.0664	0.702664
2068.87	-553.5447	-607.065	0.7025704
2068.88	-553.3809	-607.0635	0.7024772
2068.89	-553.2171	-607.0621	0.7023849
2068.9	-553.0532	-607.0606	0.7022934
2068.91	-552.8893	-607.0591	0.7022025
2068.92	-552.7253	-607.0576	0.7021124
2068.93	-552.5612	-607.0559	0.702023
2068.94	-552.3971	-607.0543	0.7019345
2068.95	-552.2329	-607.0526	0.7018468
2068.96	-552.0687	-607.051	0.7017599
2068.97	-551.9044	-607.0492	0.7016738
2068.98	-551.74	-607.0474	0.7015883
2068.99	-551.5756	-607.0456	0.7015037
2069	-551.4112	-607.0437	0.7014198
2069.01	-551.2467	-607.0418	0.7013366
2069.02	-551.0822	-607.0399	0.7012541
2069.03	-550.9175	-607.0379	0.7011724
2069.04	-550.7529	-607.0359	0.7010912
2069.05	-550.5881	-607.0339	0.7010107
2069.06	-550.4233	-607.0317	0.7009309
2069.07	-550.2585	-607.0297	0.7008516
2069.08	-550.0936	-607.0275	0.7007731
2069.09	-549.9286	-607.0253	0.7006952
2069.1	-549.7637	-607.0231	0.7006181
2069.11	-549.5986	-607.0208	0.7005417
2069.12	-549.4335	-607.0185	0.7004659
2069.13	-549.2684	-607.0162	0.7003908
2069.14	-549.1032	-607.0138	0.7003169
2069.15	-548.938	-607.0114	0.7002441
2069.16	-548.7727	-607.0089	0.7001725
2069.17	-548.6074	-607.0065	0.7001019
2069.18	-548.442	-607.0039	0.7000322
2069.19	-548.2765	-607.0014	0.6999643
2069.2	-548.111	-606.9988	0.6998982
2069.21	-547.9454	-606.9962	0.6998336
2069.22	-547.7797	-606.9936	0.6997707
2069.23	-547.614	-606.9909	0.6997092
2069.24	-547.4483	-606.9882	0.6996499
2069.25	-547.2825	-606.9855	0.6995925
2069.26	-547.1167	-606.9827	0.6995372
2069.27	-546.9508	-606.98	0.6994836
2069.28	-546.7849	-606.9771	0.6994318
2069.29	-546.6189	-606.9743	0.699382
2069.3	-546.4529	-606.9714	0.6993341
2069.31	-546.2868	-606.9685	0.6992881
2069.32	-546.1207	-606.9656	0.6992437
2069.33	-545.9545	-606.9626	0.699201
2069.34	-545.7882	-606.9597	0.6991599
2069.35	-545.6219	-606.9566	0.6991204
2069.36	-545.4555	-606.9536	0.6990823
2069.37	-545.2891	-606.9505	0.6990457
2069.38	-545.1226	-606.9474	0.6990104
2069.39	-544.9561	-606.9443	0.6989765
2069.4	-544.7895	-606.9412	0.6989439
2069.41	-544.6229	-606.938	0.6989125
2069.42	-544.4562	-606.9348	0.6988823
2069.43	-544.2894	-606.9316	0.6988533
2069.44	-544.1227	-606.9283	0.6988259
2069.45	-543.9559	-606.925	0.6988001
2069.46	-543.789	-606.9218	0.698776
2069.47	-543.6221	-606.9185	0.6987533
2069.48	-543.4551	-606.9152	0.698732
2069.49	-543.288	-606.9118	0.6987137
2069.5	-543.1209	-606.9084	0.6986982
2069.51	-542.9537	-606.905	0.6986854
2069.52	-542.7865	-606.9017	0.6986752
2069.53	-542.6192	-606.8983	0.6986675
2069.54	-542.4519	-606.8948	0.6986645
2069.55	-542.2845	-606.8914	0.6986662
2069.56	-542.1171	-606.888	0.6986722
2069.57	-541.9496	-606.8846	0.6986825
2069.58	-541.7821	-606.8812	0.6986967
2069.59	-541.6146	-606.8778	0.6987173
2069.6	-541.447	-606.8744	0.6987439
2069.61	-541.2793	-606.871	0.6987763
2069.62	-541.1116	-606.8676	0.6988142
2069.63	-540.9438	-606.8642	0.6988574
2069.64	-540.7759	-606.8608	0.6989073
2069.65	-540.6081	-606.8574	0.6989635
2069.66	-540.4402	-606.854	0.6990257
2069.67	-540.2722	-606.8506	0.6990938
2069.68	-540.1042	-606.8473	0.6991674
2069.69	-539.9362	-606.8439	0.6992468
2069.7	-539.7681	-606.8406	0.6993316
2069.71	-539.5999	-606.8373	0.6994217
2069.72	-539.4318	-606.834	0.6995168
2069.73	-539.2635	-606.8307	0.6996166
2069.74	-539.0953	-606.8275	0.6997209
2069.75	-538.9271	-606.8242	0.6998294
2069.76	-538.7589	-606.821	0.6999418
2069.77	-538.5906	-606.8178	0.700058
2069.78	-538.4223	-606.8146	0.700178
2069.79	-538.254	-606.8115	0.7003008
2069.8	-538.0858	-606.8083	0.7004261
2069.81	-537.9174	-606.8052	0.7005541
2069.82	-537.7491	-606.8022	0.7006846
2069.83	-537.5807	-606.7991	0.7008174
2069.84	-537.4125	-606.796	0.7009515
2069.85	-537.2442	-606.793	0.7010869
2069.86	-537.0759	-606.79	0.7012236
2069.87	-536.9077	-606.7871	0.7013613
2069.88	-536.7394	-606.7842	0.7015002
2069.89	-536.5711	-606.7813	0.7016389
2069.9	-536.4028	-606.7784	0.7017775
2069.91	-536.2346	-606.7756	0.7019159
2069.92	-536.0663	-606.7728	0.7020542
2069.93	-535.898	-606.7701	0.7021924
2069.94	-535.7297	-606.7673	0.7023297
2069.95	-535.5615	-606.7646	0.7024661
2069.96	-535.3932	-606.7619	0.7026017
2069.97	-535.2249	-606.7593	0.7027365
2069.98	-535.0566	-606.7567	0.7028705
2069.99	-534.8884	-606.7541	0.7030028
2070	-534.7201	-606.7515	0.7031333
2070.01	-534.5518	-606.749	0.7032622
2070.02	-534.3835	-606.7465	0.7033896
2070.03	-534.2153	-606.7441	0.7035156
2070.04	-534.047	-606.7417	0.7036396
2070.05	-533.8787	-606.7393	0.7037619
2070.06	-533.7104	-606.737	0.7038824
2070.07	-533.5422	-606.7347	0.7040012
2070.08	-533.3739	-606.7324	0.7041184
2070.09	-533.2056	-606.7302	0.7042342
2070.1	-533.0374	-606.7281	0.7043483
2070.11	-532.8691	-606.7259	0.704461
2070.12	-532.7007	-606.7238	0.7045723
2070.13	-532.5324	-606.7218	0.7046822
2070.14	-532.3641	-606.7198	0.7047907
2070.15	-532.1957	-606.7178	0.7048981
2070.16	-532.0274	-606.7159	0.7050042
2070.17	-531.859	-606.714	0.7051092
2070.18	-531.6906	-606.7121	0.7052132
2070.19	-531.5222	-606.7103	0.7053159
2070.2	-531.3538	-606.7086	0.7054178
2070.21	-531.1854	-606.7068	0.7055187
2070.22	-531.0169	-606.7052	0.7056187
2070.23	-530.8484	-606.7036	0.7057177
2070.24	-530.6799	-606.702	0.705816
2070.25	-530.5114	-606.7004	0.7059132
2070.26	-530.3429	-606.699	0.7060097
2070.27	-530.1744	-606.6975	0.7061054
2070.28	-530.0058	-606.6961	0.7062001
2070.29	-529.8372	-606.6948	0.7062941
2070.3	-529.6686	-606.6934	0.706387
2070.31	-529.5001	-606.6921	0.7064791
2070.32	-529.3314	-606.6909	0.7065703
2070.33	-529.1628	-606.6897	0.7066607
2070.34	-528.9941	-606.6886	0.7067499
2070.35	-528.8255	-606.6874	0.706838
2070.36	-528.6568	-606.6864	0.7069249
2070.37	-528.4881	-606.6854	0.7070107
2070.38	-528.3193	-606.6844	0.7070956
2070.39	-528.1506	-606.6834	0.707179
2070.4	-527.9818	-606.6826	0.7072609
2070.41	-527.813	-606.6817	0.7073416
2070.42	-527.6442	-606.6808	0.7074209
2070.43	-527.4754	-606.6801	0.7074991
2070.44	-527.3066	-606.6793	0.7075756
2070.45	-527.1378	-606.6786	0.7076504
2070.46	-526.9689	-606.678	0.7077236
2070.47	-526.8	-606.6774	0.7077953
2070.48	-526.631	-606.6768	0.7078655
2070.49	-526.4622	-606.6762	0.7079342
2070.5	-526.2932	-606.6757	0.7080014
2070.51	-526.1243	-606.6752	0.7080672
2070.52	-525.9553	-606.6748	0.7081316
2070.53	-525.7863	-606.6744	0.7081947
2070.54	-525.6172	-606.6741	0.7082567
2070.55	-525.4482	-606.6737	0.7083175
2070.56	-525.2792	-606.6734	0.7083772
2070.57	-525.1101	-606.6732	0.708436
2070.58	-524.941	-606.6729	0.7084938
2070.59	-524.7719	-606.6728	0.7085513
2070.6	-524.6028	-606.6726	0.7086084
2070.61	-524.4337	-606.6725	0.7086654
2070.62	-524.2645	-606.6724	0.7087221
2070.63	-524.0953	-606.6724	0.7087784
2070.64	-523.9261	-606.6724	0.7088358
2070.65	-523.7569	-606.6724	0.708894
2070.66	-523.5876	-606.6725	0.7089532
2070.67	-523.4184	-606.6727	0.7090132
2070.68	-523.2491	-606.6728	0.709074
2070.69	-523.0798	-606.673	0.7091369
2070.7	-522.9105	-606.6732	0.7092017
2070.71	-522.7412	-606.6735	0.7092685
2070.72	-522.5718	-606.6738	0.7093371
2070.73	-522.4025	-606.6741	0.7094074
2070.74	-522.2331	-606.6746	0.7094803
2070.75	-522.0637	-606.675	0.7095556
2070.76	-521.8943	-606.6755	0.7096332
2070.77	-521.7249	-606.676	0.709713
2070.78	-521.5554	-606.6766	0.709795
2070.79	-521.386	-606.6772	0.7098791
2070.8	-521.2165	-606.6779	0.7099652
2070.81	-521.047	-606.6786	0.7100533
2070.82	-520.8774	-606.6794	0.7101431
2070.83	-520.7079	-606.6802	0.7102348
2070.84	-520.5383	-606.681	0.7103277
2070.85	-520.3688	-606.6819	0.7104219
2070.86	-520.1992	-606.6828	0.7105172
2070.87	-520.0295	-606.6837	0.7106136
2070.88	-519.8599	-606.6848	0.7107111
2070.89	-519.6903	-606.6858	0.7108084
2070.9	-519.5206	-606.6868	0.7109055
2070.91	-519.351	-606.688	0.7110024
2070.92	-519.1812	-606.6891	0.7110992
2070.93	-519.0115	-606.6903	0.7111958
2070.94	-518.8417	-606.6915	0.7112907
2070.95	-518.672	-606.6927	0.7113839
2070.96	-518.5022	-606.6941	0.7114756
2070.97	-518.3324	-606.6954	0.7115658
2070.98	-518.1625	-606.6968	0.7116545
2070.99	-517.9927	-606.6982	0.7117397
2071	-517.8228	-606.6996	0.7118217
2071.01	-517.653	-606.701	0.7119005
2071.02	-517.483	-606.7025	0.7119765
2071.03	-517.3131	-606.704	0.7120495
2071.04	-517.1432	-606.7056	0.7121178
2071.05	-516.9732	-606.7072	0.7121816
2071.06	-516.8032	-606.7087	0.7122412
2071.07	-516.6332	-606.7104	0.7122966
2071.08	-516.4632	-606.712	0.712348
2071.09	-516.2932	-606.7137	0.712394
2071.1	-516.1231	-606.7153	0.7124346
2071.11	-515.953	-606.7171	0.7124702
2071.12	-515.7829	-606.7188	0.712501
2071.13	-515.6128	-606.7205	0.7125271
2071.14	-515.4427	-606.7223	0.7125478
2071.15	-515.2725	-606.7241	0.7125633
2071.16	-515.1024	-606.7258	0.7125737
2071.17	-514.9321	-606.7276	0.7125794
2071.18	-514.7619	-606.7294	0.7125805
2071.19	-514.5917	-606.7313	0.712577
2071.2	-514.4214	-606.7331	0.7125692
2071.21	-514.2512	-606.7349	0.7125571
2071.22	-514.0809	-606.7368	0.712541
2071.23	-513.9105	-606.7387	0.712521
2071.24	-513.7402	-606.7406	0.7124975
2071.25	-513.5698	-606.7425	0.7124706
2071.26	-513.3994	-606.7444	0.7124405
2071.27	-513.229	-606.7463	0.7124072
2071.28	-513.0586	-606.7482	0.7123708
2071.29	-512.8882	-606.7502	0.7123319
2071.3	-512.7177	-606.7521	0.7122906
2071.31	-512.5472	-606.754	0.712247
2071.32	-512.3767	-606.756	0.7122011
2071.33	-512.2062	-606.7579	0.712153
2071.34	-512.0356	-606.7598	0.7121031
2071.35	-511.8651	-606.7618	0.7120513
2071.36	-511.6945	-606.7639	0.7119979
2071.37	-511.5239	-606.7658	0.7119429
2071.38	-511.3533	-606.7678	0.7118861
2071.39	-511.1826	-606.7698	0.7118279
2071.4	-511.012	-606.7718	0.7117681
2071.41	-510.8413	-606.7738	0.7117068
2071.42	-510.6706	-606.7758	0.7116441
2071.43	-510.4998	-606.7777	0.7115802
2071.44	-510.3291	-606.7796	0.7115142
2071.45	-510.1583	-606.7816	0.7114465
2071.46	-509.9875	-606.7834	0.711377
2071.47	-509.8167	-606.7854	0.7113059
2071.48	-509.6459	-606.7873	0.7112331
2071.49	-509.475	-606.7892	0.7111588
2071.5	-509.3042	-606.7911	0.711082
2071.51	-509.1333	-606.793	0.7110026
2071.52	-508.9624	-606.7948	0.7109209
2071.53	-508.7914	-606.7967	0.7108369
2071.54	-508.6205	-606.7985	0.7107504
2071.55	-508.4496	-606.8003	0.7106616
2071.56	-508.2786	-606.8021	0.7105705
2071.57	-508.1075	-606.8038	0.7104772
2071.58	-507.9365	-606.8055	0.7103819
2071.59	-507.7655	-606.8073	0.7102847
2071.6	-507.5944	-606.8089	0.710186
2071.61	-507.4233	-606.8106	0.7100857
2071.62	-507.2522	-606.8122	0.7099839
2071.63	-507.0811	-606.8138	0.7098807
2071.64	-506.9099	-606.8154	0.7097772
2071.65	-506.7388	-606.817	0.7096734
2071.66	-506.5676	-606.8185	0.7095695
2071.67	-506.3964	-606.8201	0.7094654
2071.68	-506.2251	-606.8215	0.7093611
2071.69	-506.0539	-606.823	0.7092584
2071.7	-505.8826	-606.8245	0.7091573
2071.71	-505.7113	-606.8259	0.7090576
2071.72	-505.54	-606.8273	0.7089594
2071.73	-505.3687	-606.8287	0.7088625
2071.74	-505.1973	-606.83	0.7087669
2071.75	-505.0259	-606.8313	0.7086747
2071.76	-504.8545	-606.8326	0.7085859
2071.77	-504.6831	-606.8339	0.7085
2071.78	-504.5117	-606.8352	0.7084173
2071.79	-504.3402	-606.8364	0.7083381
2071.8	-504.1687	-606.8377	0.7082626
2071.81	-503.9972	-606.8389	0.7081904
2071.82	-503.8257	-606.8401	0.7081215
2071.83	-503.6541	-606.8412	0.7080557
2071.84	-503.4825	-606.8423	0.7079934
2071.85	-503.3109	-606.8435	0.7079343
2071.86	-503.1393	-606.8445	0.7078784
2071.87	-502.9677	-606.8456	0.7078254
2071.88	-502.796	-606.8467	0.7077754
2071.89	-502.6243	-606.8477	0.7077281
2071.9	-502.4526	-606.8488	0.7076836
2071.91	-502.2809	-606.8498	0.7076415
2071.92	-502.1092	-606.8507	0.707602
2071.93	-501.9374	-606.8517	0.7075648
2071.94	-501.7656	-606.8526	0.7075299
2071.95	-501.5938	-606.8535	0.7074973
2071.96	-501.4219	-606.8544	0.7074669
2071.97	-501.25	-606.8552	0.7074386
2071.98	-501.0781	-606.8561	0.7074125
2071.99	-500.9062	-606.8569	0.7073887
2072	-500.7343	-606.8577	0.7073672
2072.01	-500.5623	-606.8585	0.7073479
2072.02	-500.3903	-606.8593	0.7073307
2072.03	-500.2183	-606.86	0.7073156
2072.04	-500.0463	-606.8607	0.7073028
2072.05	-499.8742	-606.8615	0.7072923
2072.06	-499.7021	-606.8622	0.707284
2072.07	-499.53	-606.8629	0.7072778
2072.08	-499.3578	-606.8635	0.7072736
2072.09	-499.1857	-606.8642	0.7072716
2072.1	-499.0135	-606.8649	0.7072719
2072.11	-498.8413	-606.8655	0.7072744
2072.12	-498.6691	-606.8661	0.7072788
2072.13	-498.4968	-606.8668	0.7072852
2072.14	-498.3245	-606.8674	0.7072939
2072.15	-498.1522	-606.868	0.7073047
2072.16	-497.9799	-606.8686	0.7073175
2072.17	-497.8075	-606.8692	0.7073324
2072.18	-497.6351	-606.8698	0.7073491
2072.19	-497.4627	-606.8703	0.7073678
2072.2	-497.2903	-606.8708	0.7073886
2072.21	-497.1178	-606.8714	0.7074114
2072.22	-496.9453	-606.8719	0.707436
2072.23	-496.7727	-606.8725	0.7074624
2072.24	-496.6002	-606.8731	0.7074909
2072.25	-496.4276	-606.8737	0.7075212
2072.26	-496.255	-606.8742	0.7075533
2072.27	-496.0823	-606.8748	0.7075872
2072.28	-495.9097	-606.8753	0.7076229
2072.29	-495.737	-606.8759	0.7076603
2072.3	-495.5643	-606.8765	0.7076992
2072.31	-495.3916	-606.877	0.7077397
2072.32	-495.2188	-606.8776	0.7077817
2072.33	-495.046	-606.8782	0.7078252
2072.34	-494.8732	-606.8787	0.7078701
2072.35	-494.7004	-606.8793	0.7079162
2072.36	-494.5276	-606.8799	0.7079637
2072.37	-494.3547	-606.8804	0.7080124
2072.38	-494.1818	-606.881	0.7080623
2072.39	-494.0089	-606.8816	0.7081134
2072.4	-493.8359	-606.8821	0.7081654
2072.41	-493.6629	-606.8827	0.7082186
2072.42	-493.4899	-606.8834	0.7082728
2072.43	-493.3169	-606.884	0.7083279
2072.44	-493.1439	-606.8846	0.7083839
2072.45	-492.9708	-606.8853	0.7084407
2072.46	-492.7977	-606.8859	0.7084984
2072.47	-492.6246	-606.8865	0.7085567
2072.48	-492.4514	-606.8872	0.7086158
2072.49	-492.2782	-606.8879	0.7086753
2072.5	-492.105	-606.8886	0.7087354
2072.51	-491.9318	-606.8893	0.7087958
2072.52	-491.7585	-606.89	0.7088568
2072.53	-491.5852	-606.8907	0.708918
2072.54	-491.4119	-606.8915	0.7089792
2072.55	-491.2385	-606.8923	0.7090403
2072.56	-491.0652	-606.893	0.7091014
2072.57	-490.8918	-606.8939	0.7091623
2072.58	-490.7183	-606.8947	0.7092231
2072.59	-490.5449	-606.8954	0.7092831
2072.6	-490.3714	-606.8963	0.7093421
2072.61	-490.1979	-606.8971	0.7094004
2072.62	-490.0244	-606.898	0.7094579
2072.63	-489.8509	-606.8989	0.7095146
2072.64	-489.6773	-606.8997	0.7095696
2072.65	-489.5037	-606.9006	0.7096229
2072.66	-489.3301	-606.9016	0.7096746
2072.67	-489.1565	-606.9025	0.7097248
2072.68	-488.9828	-606.9034	0.7097734
2072.69	-488.8091	-606.9044	0.7098198
2072.7	-488.6354	-606.9053	0.7098641
2072.71	-488.4617	-606.9063	0.7099062
2072.72	-488.2879	-606.9073	0.7099463
2072.73	-488.1141	-606.9083	0.7099845
2072.74	-487.9403	-606.9092	0.7100201
2072.75	-487.7665	-606.9103	0.7100533
2072.76	-487.5926	-606.9113	0.710084
2072.77	-487.4187	-606.9124	0.7101124
2072.78	-487.2448	-606.9134	0.7101386
2072.79	-487.0709	-606.9144	0.7101623
2072.8	-486.8969	-606.9155	0.7101836
2072.81	-486.723	-606.9166	0.7102026
2072.82	-486.549	-606.9177	0.7102194
2072.83	-486.3749	-606.9188	0.7102339
2072.84	-486.2008	-606.9199	0.7102464
2072.85	-486.0267	-606.921	0.7102569
2072.86	-485.8526	-606.9221	0.7102653
2072.87	-485.6784	-606.9233	0.710272
2072.88	-485.5042	-606.9244	0.7102767
2072.89	-485.33	-606.9256	0.7102796
2072.9	-485.1558	-606.9268	0.710281
2072.91	-484.9816	-606.9279	0.7102806
2072.92	-484.8073	-606.9291	0.7102787
2072.93	-484.633	-606.9302	0.7102754
2072.94	-484.4586	-606.9315	0.7102705
2072.95	-484.2843	-606.9327	0.7102644
2072.96	-484.1099	-606.9339	0.7102569
2072.97	-483.9355	-606.9351	0.7102481
2072.98	-483.7611	-606.9363	0.7102381
2072.99	-483.5866	-606.9376	0.710227
2073	-483.4122	-606.9388	0.7102146
2073.01	-483.2377	-606.94	0.7102013
2073.02	-483.0631	-606.9412	0.7101868
2073.03	-482.8886	-606.9424	0.7101715
2073.04	-482.714	-606.9437	0.7101551
2073.05	-482.5394	-606.945	0.7101378
2073.06	-482.3648	-606.9463	0.7101196
2073.07	-482.1902	-606.9476	0.7101006
2073.08	-482.0155	-606.9489	0.7100807
2073.09	-481.8408	-606.9501	0.7100598
2073.1	-481.6661	-606.9514	0.7100378
2073.11	-481.4913	-606.9526	0.7100148
2073.12	-481.3166	-606.9539	0.7099908
2073.13	-481.1418	-606.9552	0.7099658
2073.14	-480.9669	-606.9565	0.7099389
2073.15	-480.7921	-606.9578	0.7099101
2073.16	-480.6172	-606.959	0.7098793
2073.17	-480.4424	-606.9603	0.7098469
2073.18	-480.2674	-606.9615	0.7098127
2073.19	-480.0925	-606.9628	0.7097753
2073.2	-479.9175	-606.9639	0.7097347
2073.21	-479.7426	-606.9651	0.7096912
2073.22	-479.5675	-606.9664	0.7096449
2073.23	-479.3925	-606.9676	0.7095957
2073.24	-479.2174	-606.9687	0.7095426
2073.25	-479.0424	-606.9698	0.7094856
2073.26	-478.8672	-606.9709	0.7094249
2073.27	-478.6921	-606.9721	0.7093605
2073.28	-478.5169	-606.9732	0.7092929
2073.29	-478.3418	-606.9742	0.7092211
2073.3	-478.1666	-606.9753	0.7091455
2073.31	-477.9913	-606.9763	0.709066
2073.32	-477.8161	-606.9773	0.708983
2073.33	-477.6408	-606.9783	0.7088965
2073.34	-477.4654	-606.9792	0.7088066
2073.35	-477.2901	-606.9802	0.7087134
2073.36	-477.1147	-606.9811	0.7086168
2073.37	-476.9393	-606.9819	0.7085169
2073.38	-476.7639	-606.9828	0.7084141
2073.39	-476.5884	-606.9836	0.7083082
2073.4	-476.4129	-606.9844	0.7081994
2073.41	-476.2374	-606.9852	0.708088
2073.42	-476.0619	-606.9859	0.7079738
2073.43	-475.8863	-606.9866	0.7078571
2073.44	-475.7108	-606.9872	0.707738
2073.45	-475.5352	-606.9879	0.7076165
2073.46	-475.3596	-606.9885	0.7074927
2073.47	-475.1839	-606.989	0.7073669
2073.48	-475.0083	-606.9895	0.7072389
2073.49	-474.8326	-606.99	0.7071091
2073.5	-474.6569	-606.9904	0.7069775
2073.51	-474.4812	-606.9908	0.7068442
2073.52	-474.3055	-606.9911	0.7067093
2073.53	-474.1298	-606.9915	0.7065729
2073.54	-473.954	-606.9918	0.7064357
2073.55	-473.7783	-606.9921	0.7062975
2073.56	-473.6026	-606.9922	0.7061585
2073.57	-473.4268	-606.9924	0.7060187
2073.58	-473.2511	-606.9926	0.7058781
2073.59	-473.0753	-606.9926	0.7057378
2073.6	-472.8996	-606.9926	0.7055978
2073.61	-472.7239	-606.9926	0.705458
2073.62	-472.5482	-606.9926	0.7053184
2073.63	-472.3725	-606.9924	0.705179
2073.64	-472.1968	-606.9923	0.7050411
2073.65	-472.0211	-606.9921	0.7049044
2073.66	-471.8455	-606.9919	0.7047693
2073.67	-471.6698	-606.9916	0.7046352
2073.68	-471.4942	-606.9913	0.7045023
2073.69	-471.3186	-606.991	0.7043721
2073.7	-471.143	-606.9905	0.7042444
2073.71	-470.9674	-606.9901	0.7041189
2073.72	-470.7919	-606.9896	0.7039958
2073.73	-470.6163	-606.9891	0.7038748
2073.74	-470.4408	-606.9885	0.7037572
2073.75	-470.2654	-606.9879	0.7036428
2073.76	-470.0899	-606.9872	0.7035315
2073.77	-469.9144	-606.9866	0.7034233
2073.78	-469.739	-606.9858	0.7033178
2073.79	-469.5635	-606.985	0.703216
2073.8	-469.3882	-606.9843	0.7031177
2073.81	-469.2128	-606.9834	0.7030227
2073.82	-469.0374	-606.9825	0.7029309
2073.83	-468.862	-606.9816	0.7028422
2073.84	-468.6867	-606.9806	0.7027568
2073.85	-468.5114	-606.9796	0.7026745
2073.86	-468.336	-606.9785	0.7025953
2073.87	-468.1607	-606.9775	0.7025189
2073.88	-467.9854	-606.9763	0.7024454
2073.89	-467.8102	-606.9752	0.7023746
2073.9	-467.6349	-606.9739	0.7023064
2073.91	-467.4597	-606.9727	0.7022408
2073.92	-467.2845	-606.9714	0.7021775
2073.93	-467.1093	-606.9701	0.7021167
2073.94	-466.9341	-606.9688	0.7020583
2073.95	-466.7589	-606.9673	0.7020022
2073.96	-466.5836	-606.9659	0.7019483
2073.97	-466.4084	-606.9644	0.7018967
2073.98	-466.2332	-606.9629	0.701847
2073.99	-466.0581	-606.9614	0.7017999
2074	-465.8829	-606.9598	0.7017552
2074.01	-465.7077	-606.9581	0.7017128
2074.02	-465.5326	-606.9565	0.7016728
2074.03	-465.3574	-606.9548	0.7016348
2074.04	-465.1822	-606.9531	0.7015996
2074.05	-465.007	-606.9514	0.7015672
2074.06	-464.8319	-606.9496	0.7015373
2074.07	-464.6567	-606.9478	0.7015099
2074.08	-464.4815	-606.946	0.7014848
2074.09	-464.3063	-606.9442	0.7014624
2074.1	-464.1312	-606.9423	0.7014426
2074.11	-463.956	-606.9403	0.7014252
2074.12	-463.7808	-606.9384	0.7014102
2074.13	-463.6056	-606.9365	0.7013975
2074.14	-463.4304	-606.9345	0.7013869
2074.15	-463.2552	-606.9325	0.7013785
2074.16	-463.08	-606.9305	0.701372
2074.17	-462.9048	-606.9285	0.7013674
2074.18	-462.7296	-606.9264	0.7013648
2074.19	-462.5544	-606.9243	0.7013634
2074.2	-462.3792	-606.9222	0.7013632
2074.21	-462.204	-606.9201	0.7013642
2074.22	-462.0288	-606.918	0.7013664
2074.23	-461.8536	-606.9158	0.7013696
2074.24	-461.6783	-606.9136	0.7013727
2074.25	-461.5031	-606.9114	0.7013757
2074.26	-461.3279	-606.9092	0.7013785
2074.27	-461.1526	-606.907	0.7013811
2074.28	-460.9773	-606.9047	0.7013836
2074.29	-460.8021	-606.9025	0.7013842
2074.3	-460.6268	-606.9001	0.701383
2074.31	-460.4515	-606.8978	0.70138
2074.32	-460.2762	-606.8954	0.7013753
2074.33	-460.1009	-606.8931	0.7013691
2074.34	-459.9256	-606.8907	0.7013593
2074.35	-459.7503	-606.8882	0.701346
2074.36	-459.575	-606.8858	0.7013295
2074.37	-459.3997	-606.8833	0.70131
2074.38	-459.2243	-606.8808	0.7012874
2074.39	-459.049	-606.8782	0.70126
2074.4	-458.8737	-606.8757	0.7012281
2074.41	-458.6983	-606.8731	0.7011917
2074.42	-458.5229	-606.8705	0.7011512
2074.43	-458.3476	-606.8678	0.7011066
2074.44	-458.1722	-606.8651	0.7010567
2074.45	-457.9968	-606.8624	0.7010016
2074.46	-457.8214	-606.8596	0.7009417
2074.47	-457.6461	-606.8569	0.7008771
2074.48	-457.4706	-606.854	0.7008079
2074.49	-457.2953	-606.8512	0.7007336
2074.5	-457.1198	-606.8483	0.7006543
2074.51	-456.9444	-606.8454	0.7005703
2074.52	-456.769	-606.8424	0.7004818
2074.53	-456.5936	-606.8394	0.7003889
2074.54	-456.4182	-606.8364	0.7002918
2074.55	-456.2427	-606.8333	0.7001907
2074.56	-456.0673	-606.8302	0.7000856
2074.57	-455.8918	-606.827	0.6999768
2074.58	-455.7163	-606.8239	0.6998654
2074.59	-455.5409	-606.8206	0.6997514
2074.6	-455.3654	-606.8174	0.699635
2074.61	-455.1899	-606.8141	0.6995163
2074.62	-455.0144	-606.8107	0.6993953
2074.63	-454.8388	-606.8074	0.699272
2074.64	-454.6633	-606.804	0.6991488
2074.65	-454.4878	-606.8006	0.6990252
2074.66	-454.3123	-606.7971	0.6989016
2074.67	-454.1367	-606.7936	0.6987779
2074.68	-453.9612	-606.79	0.6986539
2074.69	-453.7856	-606.7864	0.6985326
2074.7	-453.6101	-606.7829	0.6984136
2074.71	-453.4345	-606.7792	0.6982971
2074.72	-453.2589	-606.7756	0.6981828
2074.73	-453.0833	-606.7719	0.6980706
2074.74	-452.9077	-606.7682	0.6979634
2074.75	-452.7321	-606.7644	0.697861
2074.76	-452.5565	-606.7606	0.6977631
2074.77	-452.3809	-606.7568	0.6976696
2074.78	-452.2052	-606.753	0.6975802
2074.79	-452.0296	-606.7492	0.6974974
2074.8	-451.8539	-606.7453	0.6974205
2074.81	-451.6783	-606.7415	0.6973497
2074.82	-451.5026	-606.7375	0.6972845
2074.83	-451.3269	-606.7336	0.6972247
2074.84	-451.1512	-606.7297	0.6971714
2074.85	-450.9755	-606.7256	0.6971241
2074.86	-450.7998	-606.7217	0.6970828
2074.87	-450.6241	-606.7177	0.6970471
2074.88	-450.4483	-606.7137	0.6970167
2074.89	-450.2726	-606.7096	0.6969915
2074.9	-450.0969	-606.7056	0.6969712
2074.91	-449.9211	-606.7015	0.6969556
2074.92	-449.7453	-606.6974	0.6969446
2074.93	-449.5695	-606.6933	0.6969379
2074.94	-449.3938	-606.6891	0.6969349
2074.95	-449.218	-606.685	0.6969356
2074.96	-449.0422	-606.6808	0.6969397
2074.97	-448.8663	-606.6766	0.6969471
2074.98	-448.6905	-606.6724	0.6969577
2074.99	-448.5146	-606.6682	0.6969712
2075	-448.3388	-606.664	0.6969876
2075.01	-448.1629	-606.6597	0.6970068
2075.02	-447.9871	-606.6555	0.6970286
2075.03	-447.8112	-606.6512	0.6970528
2075.04	-447.6353	-606.647	0.69708
2075.05	-447.4594	-606.6427	0.6971098
2075.06	-447.2834	-606.6384	0.6971424
2075.07	-447.1075	-606.6341	0.6971776
2075.08	-446.9315	-606.6298	0.6972151
2075.09	-446.7556	-606.6254	0.6972558
2075.1	-446.5796	-606.6211	0.6972996
2075.11	-446.4036	-606.6168	0.6973463
2075.12	-446.2276	-606.6125	0.6973958
2075.13	-446.0515	-606.6082	0.697448
2075.14	-445.8755	-606.6039	0.6975042
2075.15	-445.6995	-606.5995	0.6975641
2075.16	-445.5234	-606.5953	0.6976277
2075.17	-445.3473	-606.5909	0.6976947
2075.18	-445.1713	-606.5866	0.6977661
2075.19	-444.9952	-606.5823	0.6978416
2075.2	-444.8191	-606.5781	0.6979213
2075.21	-444.6429	-606.5739	0.6980047
2075.22	-444.4668	-606.5696	0.6980919
2075.23	-444.2906	-606.5654	0.6981829
2075.24	-444.1145	-606.5612	0.6982774
2075.25	-443.9383	-606.5569	0.6983755
2075.26	-443.7621	-606.5528	0.6984769
2075.27	-443.5859	-606.5486	0.6985815
2075.28	-443.4096	-606.5445	0.6986893
2075.29	-443.2334	-606.5404	0.6987998
2075.3	-443.0572	-606.5363	0.6989129
2075.31	-442.8809	-606.5323	0.6990286
2075.32	-442.7046	-606.5282	0.6991467
2075.33	-442.5283	-606.5242	0.6992671
2075.34	-442.352	-606.5202	0.6993898
2075.35	-442.1757	-606.5162	0.6995142
2075.36	-441.9993	-606.5123	0.6996406
2075.37	-441.823	-606.5084	0.6997687
2075.38	-441.6466	-606.5045	0.6998987
2075.39	-441.4702	-606.5007	0.7000303
2075.4	-441.2938	-606.4969	0.7001629
2075.41	-441.1174	-606.4931	0.7002965
2075.42	-440.9409	-606.4894	0.700431
2075.43	-440.7645	-606.4857	0.7005665
2075.44	-440.588	-606.482	0.700702
2075.45	-440.4116	-606.4783	0.7008377
2075.46	-440.2351	-606.4747	0.7009734
2075.47	-440.0586	-606.4711	0.7011091
2075.48	-439.8821	-606.4675	0.701245
2075.49	-439.7056	-606.4641	0.7013794
2075.5	-439.529	-606.4606	0.7015124
2075.51	-439.3525	-606.4572	0.701644
2075.52	-439.1759	-606.4537	0.7017743
2075.53	-438.9993	-606.4504	0.7019014
2075.54	-438.8228	-606.447	0.7020255
2075.55	-438.6461	-606.4437	0.7021467
2075.56	-438.4695	-606.4404	0.7022652
2075.57	-438.2928	-606.4371	0.7023809
2075.58	-438.1162	-606.4339	0.7024926
2075.59	-437.9395	-606.4307	0.7026004
2075.6	-437.7629	-606.4276	0.7027045
2075.61	-437.5862	-606.4245	0.702805
