901.7	-648.9703	-607.9324	0.707559
901.71	-648.8348	-607.9327	0.7075354
901.72	-648.6993	-607.933	0.7075118
901.73	-648.5637	-607.9333	0.7074882
901.74	-648.4282	-607.9336	0.7074645
901.75	-648.2926	-607.9338	0.7074409
901.76	-648.157	-607.9341	0.7074173
901.77	-648.0214	-607.9343	0.7073938
901.78	-647.8858	-607.9346	0.7073701
901.79	-647.7502	-607.9348	0.7073466
901.8	-647.6146	-607.935	0.7073229
901.81	-647.4789	-607.9352	0.7072993
901.82	-647.3432	-607.9354	0.7072757
901.83	-647.2075	-607.9356	0.707252
901.84	-647.0718	-607.9358	0.7072285
901.85	-646.9361	-607.936	0.7072048
901.86	-646.8004	-607.9361	0.7071812
901.87	-646.6646	-607.9363	0.7071576
901.88	-646.5288	-607.9364	0.7071339
901.89	-646.393	-607.9365	0.7071102
901.9	-646.2572	-607.9366	0.7070866
901.91	-646.1214	-607.9368	0.7070628
901.92	-645.9855	-607.9369	0.7070392
901.93	-645.8497	-607.937	0.7070155
901.94	-645.7138	-607.9371	0.7069919
901.95	-645.5779	-607.9371	0.7069681
901.96	-645.442	-607.9372	0.7069444
901.97	-645.3061	-607.9373	0.7069207
901.98	-645.1701	-607.9373	0.706897
901.99	-645.0341	-607.9373	0.7068732
902	-644.8981	-607.9374	0.7068495
902.01	-644.7621	-607.9374	0.7068257
902.02	-644.6261	-607.9374	0.706802
902.03	-644.4901	-607.9374	0.7067783
902.04	-644.354	-607.9374	0.7067546
902.05	-644.218	-607.9374	0.7067308
902.06	-644.0818	-607.9374	0.706707
902.07	-643.9457	-607.9374	0.7066833
902.08	-643.8096	-607.9373	0.7066596
902.09	-643.6735	-607.9373	0.7066358
902.1	-643.5373	-607.9372	0.706612
902.11	-643.4011	-607.9371	0.7065882
902.12	-643.2649	-607.937	0.7065644
902.13	-643.1287	-607.937	0.7065406
902.14	-642.9924	-607.9369	0.7065169
902.15	-642.8562	-607.9368	0.7064931
902.16	-642.7199	-607.9366	0.7064693
902.17	-642.5836	-607.9365	0.7064455
902.18	-642.4473	-607.9363	0.7064217
902.19	-642.311	-607.9362	0.7063978
902.2	-642.1746	-607.9361	0.7063739
902.21	-642.0383	-607.936	0.70635
902.22	-641.9019	-607.9358	0.7063261
902.23	-641.7654	-607.9356	0.7063021
902.24	-641.629	-607.9354	0.7062778
902.25	-641.4926	-607.9352	0.7062529
902.26	-641.3561	-607.935	0.7062277
902.27	-641.2197	-607.9348	0.7062021
902.28	-641.0832	-607.9346	0.7061763
902.29	-640.9467	-607.9343	0.7061492
902.3	-640.8102	-607.934	0.7061207
902.31	-640.6736	-607.9338	0.7060912
902.32	-640.537	-607.9335	0.7060605
902.33	-640.4005	-607.9332	0.7060288
902.34	-640.2639	-607.9329	0.705995
902.35	-640.1273	-607.9326	0.7059593
902.36	-639.9906	-607.9323	0.7059215
902.37	-639.8539	-607.9319	0.7058821
902.38	-639.7173	-607.9315	0.7058408
902.39	-639.5806	-607.9311	0.7057971
902.4	-639.4439	-607.9307	0.7057511
902.41	-639.3072	-607.9302	0.7057028
902.42	-639.1705	-607.9297	0.7056524
902.43	-639.0337	-607.9293	0.7056
902.44	-638.8969	-607.9288	0.7055456
902.45	-638.7601	-607.9283	0.705489
902.46	-638.6234	-607.9278	0.7054302
902.47	-638.4865	-607.9272	0.7053693
902.48	-638.3497	-607.9266	0.7053065
902.49	-638.2128	-607.9261	0.7052418
902.5	-638.0759	-607.9254	0.7051752
902.51	-637.939	-607.9248	0.7051069
902.52	-637.8021	-607.9241	0.7050369
902.53	-637.6652	-607.9235	0.7049654
902.54	-637.5282	-607.9227	0.7048922
902.55	-637.3912	-607.9221	0.7048177
902.56	-637.2543	-607.9213	0.7047418
902.57	-637.1172	-607.9205	0.7046646
902.58	-636.9802	-607.9197	0.7045862
902.59	-636.8432	-607.9189	0.7045066
902.6	-636.7062	-607.918	0.7044259
902.61	-636.5691	-607.9172	0.7043442
902.62	-636.432	-607.9163	0.7042613
902.63	-636.2949	-607.9153	0.7041776
902.64	-636.1578	-607.9144	0.7040929
902.65	-636.0206	-607.9134	0.7040073
902.66	-635.8835	-607.9124	0.703921
902.67	-635.7463	-607.9114	0.7038337
902.68	-635.6091	-607.9103	0.7037458
902.69	-635.4719	-607.9092	0.7036571
902.7	-635.3347	-607.9081	0.7035678
902.71	-635.1974	-607.907	0.7034779
902.72	-635.0601	-607.9058	0.7033872
902.73	-634.9229	-607.9047	0.7032961
902.74	-634.7856	-607.9034	0.7032046
902.75	-634.6483	-607.9022	0.7031128
902.76	-634.5109	-607.9009	0.7030207
902.77	-634.3736	-607.8996	0.7029283
902.78	-634.2362	-607.8983	0.7028357
902.79	-634.0988	-607.8969	0.7027441
902.8	-633.9614	-607.8956	0.7026534
902.81	-633.824	-607.8942	0.7025635
902.82	-633.6866	-607.8927	0.7024745
902.83	-633.5491	-607.8913	0.7023863
902.84	-633.4116	-607.8898	0.7022989
902.85	-633.2742	-607.8883	0.7022142
902.86	-633.1367	-607.8868	0.7021321
902.87	-632.9991	-607.8853	0.7020525
902.88	-632.8616	-607.8837	0.7019755
902.89	-632.724	-607.8821	0.7019005
902.9	-632.5864	-607.8804	0.7018296
902.91	-632.4489	-607.8788	0.7017623
902.92	-632.3112	-607.8771	0.7016987
902.93	-632.1736	-607.8755	0.7016384
902.94	-632.0359	-607.8738	0.7015813
902.95	-631.8983	-607.8721	0.7015283
902.96	-631.7606	-607.8704	0.7014792
902.97	-631.6229	-607.8687	0.7014338
902.98	-631.4852	-607.8669	0.701392
902.99	-631.3475	-607.8652	0.7013536
903	-631.2098	-607.8634	0.7013186
903.01	-631.072	-607.8616	0.7012868
903.02	-630.9343	-607.8598	0.701258
903.03	-630.7964	-607.858	0.7012321
903.04	-630.6586	-607.8561	0.701209
903.05	-630.5208	-607.8543	0.7011884
903.06	-630.3829	-607.8525	0.7011703
903.07	-630.2451	-607.8506	0.7011545
903.08	-630.1072	-607.8487	0.701141
903.09	-629.9693	-607.8468	0.7011296
903.1	-629.8314	-607.8448	0.7011203
903.11	-629.6934	-607.843	0.7011128
903.12	-629.5555	-607.841	0.7011071
903.13	-629.4175	-607.8391	0.7011032
903.14	-629.2795	-607.8371	0.7011009
903.15	-629.1415	-607.8351	0.7011002
903.16	-629.0035	-607.8332	0.701101
903.17	-628.8654	-607.8312	0.7011032
903.18	-628.7274	-607.8292	0.7011067
903.19	-628.5892	-607.8271	0.7011114
903.2	-628.4512	-607.8251	0.7011175
903.21	-628.313	-607.8231	0.7011245
903.22	-628.1749	-607.8212	0.7011328
903.23	-628.0367	-607.8191	0.7011421
903.24	-627.8986	-607.817	0.7011524
903.25	-627.7604	-607.8149	0.7011636
903.26	-627.6222	-607.8129	0.7011757
903.27	-627.4839	-607.8108	0.7011887
903.28	-627.3457	-607.8087	0.7012025
903.29	-627.2075	-607.8066	0.7012171
903.3	-627.0692	-607.8046	0.7012324
903.31	-626.9309	-607.8025	0.7012483
903.32	-626.7926	-607.8004	0.7012649
903.33	-626.6543	-607.7984	0.7012821
903.34	-626.516	-607.7963	0.7013
903.35	-626.3776	-607.7943	0.7013185
903.36	-626.2393	-607.7921	0.7013375
903.37	-626.1008	-607.79	0.701357
903.38	-625.9624	-607.7878	0.701377
903.39	-625.824	-607.7857	0.7013975
903.4	-625.6855	-607.7836	0.7014183
903.41	-625.5471	-607.7815	0.7014396
903.42	-625.4086	-607.7794	0.7014612
903.43	-625.2701	-607.7772	0.7014832
903.44	-625.1315	-607.7751	0.7015055
903.45	-624.993	-607.7729	0.7015283
903.46	-624.8544	-607.7708	0.7015512
903.47	-624.7159	-607.7687	0.7015745
903.48	-624.5773	-607.7666	0.7015982
903.49	-624.4387	-607.7645	0.7016219
903.5	-624.3001	-607.7624	0.701646
903.51	-624.1615	-607.7603	0.7016704
903.52	-624.0229	-607.7582	0.701695
903.53	-623.8842	-607.7562	0.7017196
903.54	-623.7455	-607.7542	0.7017447
903.55	-623.6069	-607.7521	0.7017698
903.56	-623.4682	-607.75	0.7017952
903.57	-623.3295	-607.7479	0.7018207
903.58	-623.1908	-607.7458	0.7018464
903.59	-623.0521	-607.7438	0.7018722
903.6	-622.9134	-607.7418	0.7018982
903.61	-622.7747	-607.7397	0.7019243
903.62	-622.6359	-607.7376	0.7019504
903.63	-622.4972	-607.7355	0.7019767
903.64	-622.3585	-607.7335	0.7020025
903.65	-622.2197	-607.7314	0.7020282
903.66	-622.081	-607.7295	0.7020535
903.67	-621.9422	-607.7275	0.7020786
903.68	-621.8034	-607.7255	0.7021034
903.69	-621.6646	-607.7234	0.7021268
903.7	-621.5258	-607.7214	0.702149
903.71	-621.387	-607.7194	0.70217
903.72	-621.2482	-607.7174	0.70219
903.73	-621.1094	-607.7155	0.7022088
903.74	-620.9706	-607.7134	0.7022251
903.75	-620.8318	-607.7114	0.702239
903.76	-620.6931	-607.7094	0.7022507
903.77	-620.5542	-607.7074	0.7022601
903.78	-620.4153	-607.7054	0.7022675
903.79	-620.2766	-607.7034	0.7022726
903.8	-620.1377	-607.7014	0.7022754
903.81	-619.9988	-607.6993	0.7022762
903.82	-619.86	-607.6973	0.702275
903.83	-619.7211	-607.6953	0.7022718
903.84	-619.5823	-607.6933	0.7022668
903.85	-619.4434	-607.6913	0.7022603
903.86	-619.3046	-607.6893	0.702252
903.87	-619.1657	-607.6873	0.7022424
903.88	-619.0268	-607.6852	0.7022313
903.89	-618.8879	-607.6832	0.7022188
903.9	-618.7491	-607.6812	0.7022051
903.91	-618.6102	-607.6791	0.7021901
903.92	-618.4713	-607.6771	0.7021739
903.93	-618.3323	-607.6751	0.7021565
903.94	-618.1934	-607.6731	0.7021383
903.95	-618.0545	-607.6711	0.7021189
903.96	-617.9156	-607.6691	0.7020986
903.97	-617.7767	-607.6671	0.7020774
903.98	-617.6378	-607.665	0.7020554
903.99	-617.4988	-607.663	0.7020332
904	-617.3599	-607.6609	0.7020108
904.01	-617.221	-607.6589	0.7019882
904.02	-617.0821	-607.6569	0.7019654
904.03	-616.9432	-607.6548	0.7019424
904.04	-616.8043	-607.6527	0.7019193
904.05	-616.6654	-607.6506	0.7018969
904.06	-616.5266	-607.6485	0.7018754
904.07	-616.3877	-607.6464	0.7018547
904.08	-616.2488	-607.6443	0.7018347
904.09	-616.11	-607.6423	0.7018157
904.1	-615.9711	-607.6402	0.7017975
904.11	-615.8323	-607.6381	0.7017803
904.12	-615.6934	-607.636	0.7017638
904.13	-615.5546	-607.634	0.7017482
904.14	-615.4157	-607.6318	0.7017333
904.15	-615.2769	-607.6298	0.7017191
904.16	-615.138	-607.6277	0.7017056
904.17	-614.9991	-607.6256	0.7016928
904.18	-614.8603	-607.6235	0.7016805
904.19	-614.7214	-607.6215	0.7016688
904.2	-614.5826	-607.6194	0.7016577
904.21	-614.4437	-607.6173	0.701647
904.22	-614.3049	-607.6152	0.701637
904.23	-614.166	-607.6132	0.7016273
904.24	-614.0272	-607.6111	0.7016181
904.25	-613.8884	-607.609	0.7016094
904.26	-613.7495	-607.6069	0.701601
904.27	-613.6107	-607.6049	0.7015931
904.28	-613.4718	-607.6028	0.7015855
904.29	-613.3329	-607.6006	0.7015783
904.3	-613.1941	-607.5986	0.7015714
904.31	-613.0552	-607.5965	0.7015648
904.32	-612.9164	-607.5944	0.7015586
904.33	-612.7775	-607.5923	0.7015526
904.34	-612.6387	-607.5902	0.7015469
904.35	-612.4998	-607.5881	0.7015415
904.36	-612.361	-607.5859	0.7015363
904.37	-612.2221	-607.5838	0.7015314
904.38	-612.0833	-607.5817	0.7015266
904.39	-611.9443	-607.5795	0.7015221
904.4	-611.8055	-607.5774	0.7015177
904.41	-611.6666	-607.5753	0.7015136
904.42	-611.5276	-607.5731	0.7015096
904.43	-611.3887	-607.571	0.7015058
904.44	-611.2498	-607.5688	0.7015022
904.45	-611.1109	-607.5667	0.7014987
904.46	-610.972	-607.5646	0.7014954
904.47	-610.8331	-607.5624	0.7014922
904.48	-610.6941	-607.5603	0.7014892
904.49	-610.5552	-607.5582	0.7014862
904.5	-610.4162	-607.556	0.7014833
904.51	-610.2772	-607.5539	0.7014806
904.52	-610.1382	-607.5518	0.701478
904.53	-609.9992	-607.5496	0.7014755
904.54	-609.8602	-607.5475	0.7014731
904.55	-609.7211	-607.5453	0.7014708
904.56	-609.5821	-607.5432	0.7014685
904.57	-609.4431	-607.5411	0.7014664
904.58	-609.304	-607.5389	0.7014644
904.59	-609.1649	-607.5367	0.7014623
904.6	-609.0258	-607.5345	0.7014604
904.61	-608.8867	-607.5323	0.7014586
904.62	-608.7476	-607.5302	0.7014568
904.63	-608.6085	-607.528	0.701455
904.64	-608.4693	-607.5258	0.7014533
904.65	-608.3301	-607.5236	0.7014517
904.66	-608.191	-607.5214	0.7014501
904.67	-608.0518	-607.5192	0.7014485
904.68	-607.9125	-607.517	0.7014471
904.69	-607.7733	-607.5148	0.7014456
904.7	-607.6341	-607.5126	0.7014441
904.71	-607.4948	-607.5104	0.7014427
904.72	-607.3555	-607.5082	0.7014415
904.73	-607.2162	-607.506	0.7014402
904.74	-607.077	-607.5038	0.7014389
904.75	-606.9376	-607.5016	0.7014376
904.76	-606.7983	-607.4994	0.7014364
904.77	-606.6589	-607.4972	0.7014352
904.78	-606.5195	-607.495	0.7014341
904.79	-606.3801	-607.4928	0.7014329
904.8	-606.2407	-607.4906	0.7014318
904.81	-606.1013	-607.4883	0.7014307
904.82	-605.9619	-607.4861	0.7014296
904.83	-605.8224	-607.4839	0.7014285
904.84	-605.6829	-607.4818	0.7014275
904.85	-605.5435	-607.4796	0.7014265
904.86	-605.4039	-607.4774	0.7014255
904.87	-605.2644	-607.4752	0.7014245
904.88	-605.1248	-607.473	0.7014235
904.89	-604.9852	-607.4708	0.7014226
904.9	-604.8456	-607.4686	0.7014216
904.91	-604.7061	-607.4664	0.7014207
904.92	-604.5664	-607.4642	0.7014198
904.93	-604.4268	-607.462	0.7014189
904.94	-604.2871	-607.4598	0.701418
904.95	-604.1475	-607.4576	0.7014171
904.96	-604.0078	-607.4554	0.7014162
904.97	-603.868	-607.4532	0.7014154
904.98	-603.7283	-607.451	0.7014145
904.99	-603.5885	-607.4488	0.7014136
905	-603.4487	-607.4466	0.7014128
905.01	-603.309	-607.4444	0.701412
905.02	-603.1691	-607.4421	0.7014111
905.03	-603.0293	-607.4399	0.7014103
905.04	-602.8895	-607.4376	0.7014094
905.05	-602.7496	-607.4354	0.7014086
905.06	-602.6097	-607.4331	0.7014078
905.07	-602.4698	-607.4308	0.7014071
905.08	-602.3298	-607.4286	0.7014063
905.09	-602.1899	-607.4263	0.7014055
905.1	-602.05	-607.4241	0.7014047
905.11	-601.91	-607.4218	0.701404
905.12	-601.7701	-607.4196	0.7014033
905.13	-601.6301	-607.4173	0.7014025
905.14	-601.4901	-607.415	0.7014018
905.15	-601.3501	-607.4128	0.7014011
905.16	-601.2101	-607.4105	0.7014004
905.17	-601.0701	-607.4083	0.7013997
905.18	-600.9301	-607.406	0.701399
905.19	-600.79	-607.4037	0.7013984
905.2	-600.65	-607.4015	0.7013978
905.21	-600.51	-607.3992	0.7013972
905.22	-600.37	-607.397	0.7013966
905.23	-600.23	-607.3947	0.701396
905.24	-600.09	-607.3925	0.7013955
905.25	-599.95	-607.3902	0.701395
905.26	-599.8101	-607.3879	0.7013946
905.27	-599.6701	-607.3857	0.7013941
905.28	-599.5302	-607.3834	0.7013936
905.29	-599.3902	-607.3812	0.7013932
905.3	-599.2502	-607.3789	0.7013928
905.31	-599.1103	-607.3766	0.7013925
905.32	-598.9704	-607.3744	0.7013921
905.33	-598.8305	-607.3721	0.7013918
905.34	-598.6906	-607.3699	0.7013915
905.35	-598.5507	-607.3676	0.7013913
905.36	-598.4108	-607.3654	0.701391
905.37	-598.271	-607.3631	0.7013908
905.38	-598.1312	-607.3608	0.7013906
905.39	-597.9913	-607.3586	0.7013903
905.4	-597.8515	-607.3563	0.7013901
905.41	-597.7117	-607.3541	0.7013899
905.42	-597.572	-607.3518	0.7013898
905.43	-597.4322	-607.3495	0.7013896
905.44	-597.2924	-607.3473	0.7013895
905.45	-597.1526	-607.345	0.7013894
905.46	-597.0129	-607.3428	0.7013893
905.47	-596.8732	-607.3405	0.7013893
905.48	-596.7335	-607.3383	0.7013892
905.49	-596.5939	-607.336	0.7013891
905.5	-596.4542	-607.3337	0.7013891
905.51	-596.3146	-607.3315	0.7013891
905.52	-596.1749	-607.3292	0.701389
905.53	-596.0353	-607.327	0.701389
905.54	-595.8957	-607.3247	0.701389
905.55	-595.7561	-607.3224	0.701389
905.56	-595.6165	-607.3202	0.701389
905.57	-595.4769	-607.3179	0.7013891
905.58	-595.3373	-607.3157	0.7013891
905.59	-595.1978	-607.3134	0.7013891
905.6	-595.0583	-607.3112	0.7013892
905.61	-594.9188	-607.3089	0.7013893
905.62	-594.7792	-607.3066	0.7013893
905.63	-594.6398	-607.3044	0.7013894
905.64	-594.5003	-607.3021	0.7013894
905.65	-594.3608	-607.2999	0.7013896
905.66	-594.2214	-607.2976	0.7013897
905.67	-594.082	-607.2953	0.7013898
905.68	-593.9426	-607.2931	0.7013899
905.69	-593.8033	-607.2908	0.70139
905.7	-593.6639	-607.2886	0.7013901
905.71	-593.5246	-607.2863	0.7013902
905.72	-593.3853	-607.2841	0.7013904
905.73	-593.2459	-607.2818	0.7013905
905.74	-593.1066	-607.2795	0.7013906
905.75	-592.9673	-607.2773	0.7013908
905.76	-592.8281	-607.275	0.701391
905.77	-592.6888	-607.2728	0.7013911
905.78	-592.5495	-607.2705	0.7013913
905.79	-592.4103	-607.2682	0.7013915
905.8	-592.2711	-607.266	0.7013916
905.81	-592.1318	-607.2637	0.7013918
905.82	-591.9927	-607.2615	0.701392
905.83	-591.8535	-607.2592	0.7013922
905.84	-591.7144	-607.257	0.7013924
905.85	-591.5752	-607.2547	0.7013926
905.86	-591.4361	-607.2524	0.7013927
905.87	-591.297	-607.2502	0.7013929
905.88	-591.1579	-607.2479	0.7013931
905.89	-591.0188	-607.2457	0.7013933
905.9	-590.8798	-607.2434	0.7013935
905.91	-590.7407	-607.2411	0.7013936
905.92	-590.6017	-607.2389	0.7013938
905.93	-590.4626	-607.2366	0.701394
905.94	-590.3237	-607.2344	0.7013942
905.95	-590.1847	-607.2321	0.7013944
905.96	-590.0457	-607.2299	0.7013946
905.97	-589.9067	-607.2276	0.7013948
905.98	-589.7678	-607.2253	0.701395
905.99	-589.6288	-607.2231	0.7013952
906	-589.4899	-607.2208	0.7013955
906.01	-589.351	-607.2186	0.7013956
906.02	-589.2122	-607.2163	0.7013959
906.03	-589.0733	-607.2141	0.7013961
906.04	-588.9344	-607.2118	0.7013963
906.05	-588.7957	-607.2095	0.7013966
906.06	-588.6569	-607.2073	0.7013968
906.07	-588.5181	-607.205	0.7013971
906.08	-588.3793	-607.2028	0.7013973
906.09	-588.2405	-607.2005	0.7013975
906.1	-588.1018	-607.1982	0.7013978
906.11	-587.9631	-607.196	0.701398
906.12	-587.8243	-607.1937	0.7013983
906.13	-587.6856	-607.1915	0.7013985
906.14	-587.5469	-607.1892	0.7013987
906.15	-587.4083	-607.187	0.701399
906.16	-587.2696	-607.1847	0.7013992
906.17	-587.1309	-607.1824	0.7013994
906.18	-586.9922	-607.1802	0.7013997
906.19	-586.8536	-607.1779	0.7014
906.2	-586.715	-607.1757	0.7014002
906.21	-586.5764	-607.1734	0.7014004
906.22	-586.4378	-607.1711	0.7014006
906.23	-586.2992	-607.1689	0.7014008
906.24	-586.1606	-607.1666	0.701401
906.25	-586.022	-607.1644	0.7014012
906.26	-585.8835	-607.1621	0.7014014
906.27	-585.7449	-607.1599	0.7014016
906.28	-585.6064	-607.1576	0.7014017
906.29	-585.4678	-607.1553	0.7014019
906.3	-585.3293	-607.1531	0.701402
906.31	-585.1907	-607.1508	0.7014022
906.32	-585.0522	-607.1486	0.7014023
906.33	-584.9136	-607.1463	0.7014024
906.34	-584.7751	-607.1441	0.7014025
906.35	-584.6367	-607.1419	0.7014026
906.36	-584.4982	-607.1397	0.7014027
906.37	-584.3597	-607.1375	0.7014028
906.38	-584.2212	-607.1353	0.7014028
906.39	-584.0827	-607.1331	0.7014029
906.4	-583.9442	-607.1309	0.701403
906.41	-583.8057	-607.1287	0.7014031
906.42	-583.6672	-607.1265	0.7014031
906.43	-583.5287	-607.1243	0.7014031
906.44	-583.3903	-607.1221	0.7014031
906.45	-583.2518	-607.1199	0.7014032
906.46	-583.1133	-607.1177	0.7014032
906.47	-582.9748	-607.1155	0.7014033
906.48	-582.8363	-607.1133	0.7014033
906.49	-582.6978	-607.1111	0.7014033
906.5	-582.5594	-607.1089	0.7014033
906.51	-582.4209	-607.1068	0.7014033
906.52	-582.2824	-607.1046	0.7014033
906.53	-582.1439	-607.1024	0.7014033
906.54	-582.0054	-607.1002	0.7014032
906.55	-581.867	-607.098	0.7014032
906.56	-581.7286	-607.0958	0.7014031
906.57	-581.5901	-607.0936	0.7014031
906.58	-581.4517	-607.0914	0.7014031
906.59	-581.3132	-607.0892	0.7014032
906.6	-581.1748	-607.087	0.7014034
906.61	-581.0364	-607.0848	0.7014038
906.62	-580.8979	-607.0826	0.7014043
906.63	-580.7595	-607.0804	0.701405
906.64	-580.6211	-607.0782	0.7014062
906.65	-580.4827	-607.076	0.701408
906.66	-580.3442	-607.0738	0.7014102
906.67	-580.2058	-607.0716	0.701413
906.68	-580.0674	-607.0694	0.7014163
906.69	-579.929	-607.0672	0.7014207
906.7	-579.7905	-607.065	0.7014263
906.71	-579.6521	-607.0629	0.7014328
906.72	-579.5137	-607.0607	0.7014405
906.73	-579.3752	-607.0585	0.7014489
906.74	-579.2368	-607.0563	0.7014591
906.75	-579.0984	-607.0541	0.7014707
906.76	-578.96	-607.0519	0.7014837
906.77	-578.8215	-607.0497	0.701498
906.78	-578.6831	-607.0475	0.7015136
906.79	-578.5447	-607.0453	0.7015306
906.8	-578.4063	-607.0432	0.7015488
906.81	-578.2678	-607.0411	0.7015683
906.82	-578.1294	-607.039	0.7015889
906.83	-577.991	-607.0369	0.7016107
906.84	-577.8525	-607.0347	0.7016335
906.85	-577.7141	-607.0326	0.7016574
906.86	-577.5757	-607.0305	0.7016822
906.87	-577.4373	-607.0283	0.7017078
906.88	-577.2988	-607.0262	0.7017344
906.89	-577.1605	-607.0242	0.7017618
906.9	-577.022	-607.0221	0.70179
906.91	-576.8836	-607.02	0.7018189
906.92	-576.7452	-607.0179	0.7018485
906.93	-576.6068	-607.0159	0.7018788
906.94	-576.4684	-607.0139	0.7019098
906.95	-576.33	-607.0118	0.7019414
906.96	-576.1916	-607.0097	0.7019736
906.97	-576.0532	-607.0077	0.7020062
906.98	-575.9147	-607.0057	0.7020394
906.99	-575.7764	-607.0037	0.7020732
907	-575.638	-607.0017	0.7021074
907.01	-575.4996	-606.9997	0.7021421
907.02	-575.3612	-606.9977	0.7021771
907.03	-575.2228	-606.9957	0.7022126
907.04	-575.0844	-606.9938	0.7022486
907.05	-574.946	-606.9918	0.7022849
907.06	-574.8077	-606.9899	0.7023215
907.07	-574.6693	-606.988	0.7023585
907.08	-574.5309	-606.986	0.7023957
907.09	-574.3925	-606.9841	0.7024334
907.1	-574.2542	-606.9822	0.7024713
907.11	-574.1158	-606.9803	0.7025094
907.12	-573.9774	-606.9785	0.7025479
907.13	-573.839	-606.9766	0.7025866
907.14	-573.7006	-606.9747	0.7026253
907.15	-573.5623	-606.9728	0.7026644
907.16	-573.4239	-606.971	0.7027035
907.17	-573.2855	-606.9692	0.7027429
907.18	-573.1471	-606.9673	0.7027823
907.19	-573.0087	-606.9656	0.7028215
907.2	-572.8704	-606.9637	0.7028605
907.21	-572.732	-606.962	0.7028993
907.22	-572.5936	-606.9602	0.702938
907.23	-572.4552	-606.9585	0.7029764
907.24	-572.3168	-606.9567	0.7030147
907.25	-572.1784	-606.955	0.7030521
907.26	-572.04	-606.9532	0.7030885
907.27	-571.9017	-606.9515	0.7031242
907.28	-571.7632	-606.9498	0.703159
907.29	-571.6249	-606.9481	0.703193
907.3	-571.4865	-606.9464	0.7032259
907.31	-571.3481	-606.9448	0.703258
907.32	-571.2097	-606.9431	0.7032893
907.33	-571.0713	-606.9414	0.7033198
907.34	-570.9329	-606.9398	0.7033496
907.35	-570.7946	-606.9381	0.7033786
907.36	-570.6561	-606.9365	0.7034069
907.37	-570.5177	-606.9349	0.7034346
907.38	-570.3793	-606.9332	0.7034617
907.39	-570.2408	-606.9316	0.7034882
907.4	-570.1024	-606.9301	0.703514
907.41	-569.964	-606.9285	0.7035394
907.42	-569.8256	-606.9269	0.7035643
907.43	-569.6871	-606.9254	0.7035886
907.44	-569.5486	-606.9238	0.7036125
907.45	-569.4101	-606.9222	0.703636
907.46	-569.2716	-606.9207	0.703659
907.47	-569.1331	-606.9192	0.7036816
907.48	-568.9946	-606.9177	0.7037039
907.49	-568.8561	-606.9162	0.7037258
907.5	-568.7175	-606.9147	0.7037473
907.51	-568.579	-606.9132	0.7037685
907.52	-568.4404	-606.9117	0.7037894
907.53	-568.3019	-606.9103	0.70381
907.54	-568.1633	-606.9088	0.7038303
907.55	-568.0247	-606.9073	0.7038503
907.56	-567.8861	-606.9059	0.7038701
907.57	-567.7475	-606.9045	0.7038897
907.58	-567.6089	-606.9031	0.703909
907.59	-567.4703	-606.9017	0.7039281
907.6	-567.3317	-606.9003	0.7039468
907.61	-567.193	-606.8989	0.7039655
907.62	-567.0543	-606.8975	0.703984
907.63	-566.9156	-606.8961	0.7040023
907.64	-566.777	-606.8947	0.7040204
907.65	-566.6383	-606.8934	0.7040384
907.66	-566.4996	-606.892	0.7040563
907.67	-566.3608	-606.8907	0.7040739
907.68	-566.2221	-606.8893	0.7040914
907.69	-566.0834	-606.888	0.7041088
907.7	-565.9446	-606.8867	0.704126
907.71	-565.8058	-606.8853	0.7041431
907.72	-565.6671	-606.884	0.7041602
907.73	-565.5283	-606.8828	0.7041771
907.74	-565.3895	-606.8815	0.7041938
907.75	-565.2507	-606.8802	0.7042106
907.76	-565.1118	-606.879	0.7042271
907.77	-564.973	-606.8777	0.7042437
907.78	-564.8341	-606.8764	0.7042601
907.79	-564.6953	-606.8752	0.7042764
907.8	-564.5564	-606.874	0.7042927
907.81	-564.4175	-606.8727	0.7043089
907.82	-564.2786	-606.8716	0.704325
907.83	-564.1396	-606.8704	0.7043411
907.84	-564.0007	-606.8691	0.704357
907.85	-563.8618	-606.8679	0.7043729
907.86	-563.7228	-606.8667	0.7043888
907.87	-563.5837	-606.8655	0.7044045
907.88	-563.4447	-606.8644	0.7044203
907.89	-563.3056	-606.8632	0.7044359
907.9	-563.1665	-606.8621	0.7044515
907.91	-563.0273	-606.861	0.7044671
907.92	-562.8882	-606.8598	0.7044826
907.93	-562.749	-606.8586	0.7044979
907.94	-562.6097	-606.8575	0.7045133
907.95	-562.4705	-606.8563	0.7045286
907.96	-562.3311	-606.8552	0.7045438
907.97	-562.1917	-606.8541	0.704559
907.98	-562.0522	-606.853	0.7045741
907.99	-561.9128	-606.8519	0.7045891
908	-561.7733	-606.8508	0.7046042
908.01	-561.6336	-606.8498	0.7046191
908.02	-561.4939	-606.8487	0.704634
908.03	-561.3541	-606.8476	0.7046489
908.04	-561.2144	-606.8465	0.7046636
908.05	-561.0745	-606.8454	0.7046784
908.06	-560.9346	-606.8444	0.704693
908.07	-560.7946	-606.8433	0.7047076
908.08	-560.6545	-606.8423	0.7047221
908.09	-560.5144	-606.8412	0.7047366
908.1	-560.3742	-606.8402	0.7047511
908.11	-560.2339	-606.8392	0.7047656
908.12	-560.0936	-606.8382	0.70478
908.13	-559.9532	-606.8372	0.7047943
908.14	-559.8128	-606.8361	0.7048086
908.15	-559.6723	-606.8351	0.7048229
908.16	-559.5317	-606.8341	0.7048371
908.17	-559.3911	-606.8331	0.7048513
908.18	-559.2504	-606.8322	0.7048655
908.19	-559.1096	-606.8312	0.7048796
908.2	-558.9688	-606.8302	0.7048937
908.21	-558.8279	-606.8292	0.7049078
908.22	-558.6869	-606.8283	0.7049219
908.23	-558.5458	-606.8273	0.7049359
908.24	-558.4047	-606.8264	0.70495
908.25	-558.2635	-606.8254	0.7049639
908.26	-558.1223	-606.8245	0.7049779
908.27	-557.981	-606.8235	0.7049919
908.28	-557.8395	-606.8226	0.7050058
908.29	-557.6981	-606.8217	0.7050197
908.3	-557.5565	-606.8208	0.7050336
908.31	-557.4149	-606.8199	0.7050475
908.32	-557.2733	-606.819	0.7050614
908.33	-557.1315	-606.8181	0.7050753
908.34	-556.9896	-606.8172	0.7050892
908.35	-556.8477	-606.8163	0.705103
908.36	-556.7057	-606.8154	0.7051167
908.37	-556.5637	-606.8145	0.7051306
908.38	-556.4216	-606.8137	0.7051443
908.39	-556.2794	-606.8128	0.7051582
908.4	-556.1371	-606.812	0.7051719
908.41	-555.9948	-606.8111	0.7051857
908.42	-555.8524	-606.8102	0.7051994
908.43	-555.7098	-606.8094	0.7052132
908.44	-555.5673	-606.8086	0.705227
908.45	-555.4246	-606.8077	0.7052407
908.46	-555.2819	-606.8069	0.7052544
908.47	-555.1391	-606.806	0.7052681
908.48	-554.9962	-606.8052	0.7052819
908.49	-554.8533	-606.8044	0.7052955
908.5	-554.7103	-606.8036	0.7053092
908.51	-554.5672	-606.8028	0.7053229
908.52	-554.424	-606.802	0.7053366
908.53	-554.2808	-606.8012	0.7053503
908.54	-554.1375	-606.8004	0.705364
908.55	-553.9941	-606.7997	0.7053777
908.56	-553.8506	-606.7989	0.7053914
908.57	-553.7071	-606.7981	0.7054051
908.58	-553.5635	-606.7973	0.7054188
908.59	-553.4198	-606.7965	0.7054325
908.6	-553.2761	-606.7958	0.7054462
908.61	-553.1323	-606.795	0.70546
908.62	-552.9883	-606.7943	0.7054737
908.63	-552.8444	-606.7936	0.7054874
908.64	-552.7003	-606.7928	0.7055011
908.65	-552.5562	-606.7921	0.7055148
908.66	-552.412	-606.7914	0.7055286
908.67	-552.2678	-606.7907	0.7055423
908.68	-552.1234	-606.79	0.705556
908.69	-551.979	-606.7892	0.7055697
908.7	-551.8345	-606.7885	0.7055834
908.71	-551.69	-606.7878	0.7055971
908.72	-551.5454	-606.7871	0.7056108
908.73	-551.4007	-606.7864	0.7056245
908.74	-551.2559	-606.7858	0.7056382
908.75	-551.1111	-606.7851	0.7056519
908.76	-550.9662	-606.7844	0.7056658
908.77	-550.8212	-606.7838	0.7056795
908.78	-550.6761	-606.7831	0.7056933
908.79	-550.5311	-606.7825	0.7057071
908.8	-550.3859	-606.7818	0.7057208
908.81	-550.2406	-606.7811	0.7057346
908.82	-550.0953	-606.7805	0.7057484
908.83	-549.9498	-606.7798	0.7057621
908.84	-549.8044	-606.7792	0.7057759
908.85	-549.6588	-606.7786	0.7057897
908.86	-549.5132	-606.778	0.7058035
908.87	-549.3675	-606.7774	0.7058173
908.88	-549.2217	-606.7769	0.7058311
908.89	-549.0758	-606.7762	0.7058449
908.9	-548.9299	-606.7756	0.7058588
908.91	-548.7839	-606.775	0.7058726
908.92	-548.6378	-606.7744	0.7058864
908.93	-548.4917	-606.7738	0.7059003
908.94	-548.3455	-606.7732	0.7059141
908.95	-548.1993	-606.7726	0.705928
908.96	-548.0529	-606.7721	0.7059418
908.97	-547.9065	-606.7715	0.7059557
908.98	-547.76	-606.771	0.7059696
908.99	-547.6135	-606.7705	0.7059835
909	-547.4669	-606.77	0.7059973
909.01	-547.3201	-606.7694	0.7060112
909.02	-547.1733	-606.7689	0.7060251
909.03	-547.0265	-606.7683	0.7060391
909.04	-546.8796	-606.7678	0.706053
909.05	-546.7326	-606.7672	0.7060668
909.06	-546.5856	-606.7667	0.7060808
909.07	-546.4384	-606.7662	0.7060947
909.08	-546.2912	-606.7657	0.7061087
909.09	-546.1439	-606.7653	0.7061226
909.1	-545.9966	-606.7648	0.7061366
909.11	-545.8492	-606.7643	0.7061505
909.12	-545.7017	-606.7639	0.7061645
909.13	-545.5541	-606.7634	0.7061785
909.14	-545.4064	-606.7629	0.7061924
909.15	-545.2587	-606.7624	0.7062064
909.16	-545.111	-606.7619	0.7062204
909.17	-544.9631	-606.7615	0.7062345
909.18	-544.8152	-606.761	0.7062485
909.19	-544.6672	-606.7606	0.7062625
909.2	-544.5192	-606.7602	0.7062765
909.21	-544.371	-606.7598	0.7062905
909.22	-544.2228	-606.7594	0.7063046
909.23	-544.0746	-606.759	0.7063187
909.24	-543.9263	-606.7585	0.7063327
909.25	-543.7779	-606.7581	0.7063468
909.26	-543.6294	-606.7577	0.7063609
909.27	-543.4808	-606.7573	0.7063749
909.28	-543.3322	-606.7569	0.706389
909.29	-543.1835	-606.7565	0.7064031
909.3	-543.0348	-606.7562	0.7064172
909.31	-542.886	-606.7559	0.7064313
909.32	-542.7371	-606.7555	0.7064455
909.33	-542.5881	-606.7551	0.7064596
909.34	-542.439	-606.7548	0.7064737
909.35	-542.2899	-606.7544	0.7064878
909.36	-542.1407	-606.754	0.706502
909.37	-541.9915	-606.7537	0.7065161
909.38	-541.8422	-606.7533	0.7065302
909.39	-541.6928	-606.753	0.7065444
909.4	-541.5433	-606.7527	0.7065586
909.41	-541.3938	-606.7524	0.7065728
909.42	-541.2442	-606.7521	0.706587
909.43	-541.0945	-606.7518	0.7066012
909.44	-540.9448	-606.7515	0.7066154
909.45	-540.795	-606.7512	0.7066296
909.46	-540.6452	-606.7509	0.7066438
909.47	-540.4952	-606.7506	0.7066579
909.48	-540.3452	-606.7503	0.7066722
909.49	-540.1951	-606.75	0.7066864
909.5	-540.045	-606.7498	0.7067007
909.51	-539.8948	-606.7495	0.706715
909.52	-539.7445	-606.7493	0.7067292
909.53	-539.5941	-606.7491	0.7067435
909.54	-539.4437	-606.7488	0.7067577
909.55	-539.2932	-606.7486	0.706772
909.56	-539.1426	-606.7484	0.7067863
909.57	-538.992	-606.7481	0.7068006
909.58	-538.8413	-606.7479	0.7068149
909.59	-538.6906	-606.7476	0.7068292
909.6	-538.5397	-606.7474	0.7068436
909.61	-538.3889	-606.7473	0.7068579
909.62	-538.2379	-606.7471	0.7068722
909.63	-538.0868	-606.7469	0.7068865
909.64	-537.9357	-606.7468	0.7069008
909.65	-537.7845	-606.7466	0.7069152
909.66	-537.6332	-606.7464	0.7069296
909.67	-537.4819	-606.7462	0.7069439
909.68	-537.3305	-606.746	0.7069584
909.69	-537.1791	-606.7458	0.7069727
909.7	-537.0276	-606.7457	0.7069871
909.71	-536.876	-606.7455	0.7070014
909.72	-536.7243	-606.7454	0.7070159
909.73	-536.5726	-606.7453	0.7070303
909.74	-536.4208	-606.7452	0.7070447
909.75	-536.2689	-606.7451	0.7070591
909.76	-536.1171	-606.745	0.7070736
909.77	-535.9651	-606.7449	0.7070881
909.78	-535.8132	-606.7448	0.7071025
909.79	-535.6612	-606.7446	0.7071171
909.8	-535.5092	-606.7445	0.7071317
909.81	-535.3571	-606.7444	0.7071463
909.82	-535.205	-606.7444	0.7071609
909.83	-535.0529	-606.7443	0.7071757
909.84	-534.9008	-606.7443	0.7071904
909.85	-534.7487	-606.7443	0.7072052
909.86	-534.5966	-606.7442	0.7072201
909.87	-534.4445	-606.7441	0.707235
909.88	-534.2923	-606.7441	0.7072499
909.89	-534.1401	-606.744	0.707265
909.9	-533.988	-606.744	0.70728
909.91	-533.8358	-606.744	0.7072951
909.92	-533.6837	-606.744	0.7073103
909.93	-533.5315	-606.744	0.7073255
909.94	-533.3793	-606.744	0.7073407
909.95	-533.2272	-606.744	0.7073561
909.96	-533.075	-606.744	0.7073715
909.97	-532.9229	-606.744	0.7073869
909.98	-532.7707	-606.744	0.7074023
909.99	-532.6186	-606.744	0.7074178
910	-532.4665	-606.744	0.7074334
910.01	-532.3144	-606.7441	0.707449
910.02	-532.1623	-606.7441	0.7074646
910.03	-532.0102	-606.7442	0.7074803
910.04	-531.8582	-606.7443	0.707496
910.05	-531.7061	-606.7444	0.7075118
910.06	-531.5541	-606.7444	0.7075276
910.07	-531.402	-606.7445	0.7075434
910.08	-531.25	-606.7446	0.7075593
910.09	-531.098	-606.7446	0.7075753
910.1	-530.946	-606.7448	0.7075912
910.11	-530.7941	-606.7449	0.7076072
910.12	-530.6421	-606.745	0.7076232
910.13	-530.4902	-606.7452	0.7076393
910.14	-530.3383	-606.7453	0.7076554
910.15	-530.1863	-606.7454	0.7076716
910.16	-530.0344	-606.7455	0.7076877
910.17	-529.8826	-606.7457	0.7077038
910.18	-529.7307	-606.7458	0.70772
910.19	-529.5789	-606.7459	0.7077363
910.2	-529.427	-606.7461	0.7077525
910.21	-529.2751	-606.7463	0.7077688
910.22	-529.1234	-606.7465	0.707785
910.23	-528.9716	-606.7467	0.7078013
910.24	-528.8198	-606.7469	0.7078176
910.25	-528.668	-606.7471	0.7078339
910.26	-528.5162	-606.7473	0.7078503
910.27	-528.3645	-606.7474	0.7078666
910.28	-528.2128	-606.7476	0.707883
910.29	-528.061	-606.7479	0.7078993
910.3	-527.9093	-606.7481	0.7079157
910.31	-527.7576	-606.7484	0.7079322
910.32	-527.606	-606.7487	0.7079486
910.33	-527.4543	-606.7489	0.707965
910.34	-527.3026	-606.7491	0.7079813
910.35	-527.1509	-606.7494	0.7079977
910.36	-526.9993	-606.7496	0.7080142
910.37	-526.8477	-606.7499	0.7080306
910.38	-526.6961	-606.7502	0.7080472
910.39	-526.5445	-606.7505	0.7080636
910.4	-526.3929	-606.7508	0.7080801
910.41	-526.2414	-606.7512	0.7080965
910.42	-526.0898	-606.7515	0.708113
910.43	-525.9383	-606.7518	0.7081295
910.44	-525.7867	-606.7521	0.7081459
910.45	-525.6353	-606.7524	0.7081624
910.46	-525.4838	-606.7527	0.708179
910.47	-525.3323	-606.7531	0.7081954
910.48	-525.1808	-606.7534	0.708212
910.49	-525.0293	-606.7538	0.7082285
910.5	-524.8779	-606.7542	0.7082451
910.51	-524.7264	-606.7546	0.7082616
910.52	-524.575	-606.7549	0.7082781
910.53	-524.4236	-606.7553	0.7082946
910.54	-524.2722	-606.7557	0.7083111
910.55	-524.1208	-606.756	0.7083274
910.56	-523.9695	-606.7565	0.7083437
910.57	-523.8181	-606.7569	0.7083599
910.58	-523.6667	-606.7573	0.708376
910.59	-523.5154	-606.7578	0.7083913
910.6	-523.3641	-606.7582	0.7084056
910.61	-523.2128	-606.7587	0.7084191
910.62	-523.0615	-606.7591	0.7084319
910.63	-522.9102	-606.7595	0.7084438
910.64	-522.759	-606.7599	0.7084526
910.65	-522.6077	-606.7604	0.7084587
910.66	-522.4565	-606.7608	0.7084619
910.67	-522.3052	-606.7612	0.7084625
910.68	-522.154	-606.7617	0.7084606
910.69	-522.0027	-606.7621	0.7084547
910.7	-521.8516	-606.7625	0.7084451
910.71	-521.7004	-606.7629	0.7084318
910.72	-521.5492	-606.7634	0.7084152
910.73	-521.398	-606.7637	0.7083952
910.74	-521.2468	-606.764	0.7083724
910.75	-521.0956	-606.7644	0.7083467
910.76	-520.9445	-606.7648	0.7083183
910.77	-520.7934	-606.7651	0.7082874
910.78	-520.6423	-606.7655	0.708254
910.79	-520.4911	-606.7658	0.7082184
910.8	-520.34	-606.7662	0.7081807
910.81	-520.1889	-606.7665	0.708141
910.82	-520.0378	-606.7669	0.7080992
910.83	-519.8868	-606.7672	0.7080557
910.84	-519.7357	-606.7675	0.7080106
910.85	-519.5847	-606.7678	0.707964
910.86	-519.4336	-606.768	0.7079158
910.87	-519.2825	-606.7683	0.7078664
910.88	-519.1315	-606.7686	0.7078155
910.89	-518.9805	-606.7689	0.7077634
910.9	-518.8295	-606.7691	0.7077115
910.91	-518.6785	-606.7693	0.7076598
910.92	-518.5275	-606.7695	0.7076083
910.93	-518.3765	-606.7698	0.707557
910.94	-518.2256	-606.77	0.7075079
910.95	-518.0746	-606.7702	0.7074611
910.96	-517.9237	-606.7704	0.7074164
910.97	-517.7728	-606.7707	0.7073737
910.98	-517.6218	-606.7709	0.7073328
910.99	-517.4709	-606.7711	0.7072938
911	-517.32	-606.7714	0.7072583
911.01	-517.1691	-606.7716	0.707226
911.02	-517.0182	-606.7719	0.7071969
911.03	-516.8674	-606.772	0.7071707
911.04	-516.7165	-606.7723	0.7071475
911.05	-516.5657	-606.7725	0.7071269
911.06	-516.4149	-606.7728	0.707109
911.07	-516.264	-606.7729	0.7070937
911.08	-516.1132	-606.7731	0.7070807
911.09	-515.9625	-606.7733	0.7070699
911.1	-515.8117	-606.7735	0.7070612
911.11	-515.6609	-606.7737	0.7070544
911.12	-515.5102	-606.7739	0.7070494
911.13	-515.3594	-606.774	0.7070462
911.14	-515.2087	-606.7742	0.7070443
911.15	-515.058	-606.7744	0.7070436
911.16	-514.9073	-606.7746	0.7070441
911.17	-514.7567	-606.7748	0.7070456
911.18	-514.606	-606.775	0.7070481
911.19	-514.4553	-606.7751	0.7070509
911.2	-514.3046	-606.7753	0.7070538
911.21	-514.1539	-606.7755	0.7070569
911.22	-514.0032	-606.7756	0.7070602
911.23	-513.8525	-606.7757	0.7070636
911.24	-513.7018	-606.7758	0.7070659
911.25	-513.5511	-606.7759	0.7070673
911.26	-513.4004	-606.7761	0.7070678
911.27	-513.2497	-606.7762	0.7070674
911.28	-513.099	-606.7763	0.7070661
911.29	-512.9483	-606.7764	0.7070637
911.3	-512.7976	-606.7765	0.7070603
911.31	-512.6469	-606.7766	0.7070557
911.32	-512.4962	-606.7766	0.7070502
911.33	-512.3455	-606.7767	0.7070438
911.34	-512.1948	-606.7767	0.7070364
911.35	-512.0441	-606.7767	0.7070283
911.36	-511.8934	-606.7768	0.7070192
911.37	-511.7427	-606.7769	0.7070094
911.38	-511.5919	-606.7769	0.7069989
911.39	-511.4413	-606.7769	0.7069877
911.4	-511.2906	-606.7769	0.7069758
911.41	-511.1399	-606.7769	0.7069631
911.42	-510.9891	-606.7769	0.7069499
911.43	-510.8384	-606.7769	0.7069362
911.44	-510.6877	-606.7769	0.7069218
911.45	-510.537	-606.7769	0.7069069
911.46	-510.3863	-606.7769	0.7068915
911.47	-510.2356	-606.7769	0.7068757
911.48	-510.0848	-606.7769	0.7068593
911.49	-509.9341	-606.7768	0.7068425
911.5	-509.7834	-606.7767	0.7068252
911.51	-509.6327	-606.7767	0.7068076
911.52	-509.482	-606.7766	0.7067897
911.53	-509.3314	-606.7766	0.7067713
911.54	-509.1807	-606.7765	0.7067526
911.55	-509.0301	-606.7764	0.7067335
911.56	-508.8795	-606.7763	0.7067142
911.57	-508.7289	-606.7762	0.7066945
911.58	-508.5782	-606.7761	0.7066747
911.59	-508.4277	-606.776	0.7066545
911.6	-508.2772	-606.7759	0.7066342
911.61	-508.1266	-606.7758	0.7066135
911.62	-507.9761	-606.7756	0.7065927
911.63	-507.8256	-606.7755	0.7065715
911.64	-507.6751	-606.7753	0.7065502
911.65	-507.5246	-606.7752	0.7065287
911.66	-507.3741	-606.7751	0.706507
911.67	-507.2237	-606.7749	0.7064851
911.68	-507.0732	-606.7747	0.706463
911.69	-506.9229	-606.7745	0.7064407
911.7	-506.7725	-606.7743	0.7064183
911.71	-506.6221	-606.7741	0.7063957
911.72	-506.4717	-606.7739	0.7063729
911.73	-506.3213	-606.7737	0.70635
911.74	-506.171	-606.7736	0.706327
911.75	-506.0207	-606.7733	0.7063038
911.76	-505.8703	-606.7731	0.7062804
911.77	-505.72	-606.7728	0.7062569
911.78	-505.5697	-606.7725	0.7062333
911.79	-505.4194	-606.7723	0.7062096
911.8	-505.2691	-606.772	0.7061858
911.81	-505.1189	-606.7718	0.7061618
911.82	-504.9686	-606.7715	0.7061378
911.83	-504.8183	-606.7711	0.7061135
911.84	-504.6681	-606.7708	0.7060892
911.85	-504.5178	-606.7705	0.7060648
911.86	-504.3676	-606.7702	0.7060404
911.87	-504.2173	-606.7699	0.7060158
911.88	-504.067	-606.7696	0.7059911
911.89	-503.9167	-606.7692	0.7059663
911.9	-503.7665	-606.7688	0.7059414
911.91	-503.6163	-606.7684	0.7059166
911.92	-503.466	-606.7681	0.7058915
911.93	-503.3158	-606.7677	0.7058665
911.94	-503.1655	-606.7673	0.7058414
911.95	-503.0153	-606.7669	0.7058161
911.96	-502.8651	-606.7665	0.7057908
911.97	-502.7148	-606.7661	0.7057655
911.98	-502.5646	-606.7656	0.7057401
911.99	-502.4144	-606.7652	0.7057146
912	-502.2641	-606.7648	0.7056891
912.01	-502.1139	-606.7643	0.7056636
912.02	-501.9637	-606.7638	0.7056379
912.03	-501.8134	-606.7633	0.7056123
912.04	-501.6632	-606.7628	0.7055866
912.05	-501.513	-606.7623	0.7055608
912.06	-501.3627	-606.7618	0.705535
912.07	-501.2125	-606.7613	0.7055092
912.08	-501.0623	-606.7608	0.7054833
912.09	-500.912	-606.7603	0.7054573
912.1	-500.7618	-606.7597	0.7054311
912.11	-500.6116	-606.7592	0.7054047
912.12	-500.4614	-606.7586	0.7053782
912.13	-500.3112	-606.758	0.7053515
912.14	-500.1609	-606.7574	0.7053246
912.15	-500.0107	-606.7568	0.7052972
912.16	-499.8605	-606.7562	0.7052692
912.17	-499.7103	-606.7556	0.7052406
912.18	-499.5601	-606.7549	0.7052116
912.19	-499.4099	-606.7543	0.7051815
912.2	-499.2597	-606.7537	0.7051507
912.21	-499.1095	-606.753	0.705119
912.22	-498.9593	-606.7523	0.7050864
912.23	-498.8091	-606.7516	0.705053
912.24	-498.6589	-606.7509	0.7050186
912.25	-498.5088	-606.7501	0.7049831
912.26	-498.3586	-606.7494	0.7049466
912.27	-498.2084	-606.7486	0.7049091
912.28	-498.0582	-606.7478	0.7048708
912.29	-497.908	-606.747	0.7048313
912.3	-497.7578	-606.7462	0.7047908
912.31	-497.6076	-606.7454	0.7047491
912.32	-497.4575	-606.7445	0.7047065
912.33	-497.3073	-606.7437	0.704663
912.34	-497.1571	-606.7428	0.7046186
912.35	-497.0069	-606.7419	0.7045733
912.36	-496.8567	-606.741	0.7045271
912.37	-496.7065	-606.7401	0.7044802
912.38	-496.5564	-606.7391	0.7044325
912.39	-496.4062	-606.7382	0.7043841
912.4	-496.256	-606.7372	0.7043352
912.41	-496.1058	-606.7361	0.7042854
912.42	-495.9557	-606.7352	0.7042351
912.43	-495.8055	-606.7342	0.7041841
912.44	-495.6553	-606.7331	0.7041326
912.45	-495.5052	-606.7321	0.7040805
912.46	-495.355	-606.731	0.704028
912.47	-495.2048	-606.7299	0.7039748
912.48	-495.0547	-606.7288	0.7039213
912.49	-494.9045	-606.7277	0.7038673
912.5	-494.7544	-606.7265	0.7038128
912.51	-494.6042	-606.7253	0.703758
912.52	-494.4541	-606.7241	0.7037027
912.53	-494.3039	-606.723	0.7036472
912.54	-494.1538	-606.7217	0.7035916
912.55	-494.0036	-606.7205	0.7035363
912.56	-493.8535	-606.7192	0.7034811
912.57	-493.7033	-606.718	0.7034261
912.58	-493.5532	-606.7166	0.7033711
912.59	-493.4031	-606.7153	0.7033176
912.6	-493.253	-606.7141	0.7032653
912.61	-493.1028	-606.7126	0.7032143
912.62	-492.9527	-606.7113	0.7031645
912.63	-492.8025	-606.71	0.7031159
912.64	-492.6524	-606.7086	0.70307
912.65	-492.5023	-606.7072	0.7030268
912.66	-492.3522	-606.7058	0.7029861
912.67	-492.2021	-606.7043	0.7029478
912.68	-492.0519	-606.7029	0.7029118
912.69	-491.9018	-606.7015	0.7028797
912.7	-491.7517	-606.7001	0.7028511
912.71	-491.6016	-606.6987	0.7028261
912.72	-491.4514	-606.6973	0.7028044
912.73	-491.3013	-606.6957	0.7027858
912.74	-491.1512	-606.6943	0.7027714
912.75	-491.0011	-606.6928	0.7027608
912.76	-490.851	-606.6913	0.7027539
912.77	-490.7009	-606.6899	0.7027506
912.78	-490.5508	-606.6884	0.7027507
912.79	-490.4007	-606.687	0.7027541
912.8	-490.2506	-606.6855	0.7027608
912.81	-490.1005	-606.684	0.7027707
912.82	-489.9504	-606.6826	0.7027835
912.83	-489.8003	-606.6812	0.7027993
912.84	-489.6502	-606.6797	0.7028177
912.85	-489.5001	-606.6782	0.7028387
912.86	-489.35	-606.6767	0.7028622
912.87	-489.1999	-606.6752	0.7028881
912.88	-489.0498	-606.6736	0.7029162
912.89	-488.8997	-606.6721	0.7029466
912.9	-488.7496	-606.6707	0.702979
912.91	-488.5995	-606.6691	0.7030133
912.92	-488.4494	-606.6676	0.7030495
912.93	-488.2993	-606.6661	0.7030874
912.94	-488.1492	-606.6647	0.703127
912.95	-487.9991	-606.6632	0.7031682
912.96	-487.849	-606.6617	0.7032108
912.97	-487.6989	-606.6603	0.703255
912.98	-487.5489	-606.6589	0.7033007
912.99	-487.3988	-606.6574	0.7033476
913	-487.2487	-606.6559	0.7033957
913.01	-487.0987	-606.6545	0.703445
913.02	-486.9486	-606.6531	0.7034954
913.03	-486.7986	-606.6516	0.7035469
913.04	-486.6486	-606.6502	0.7035995
913.05	-486.4985	-606.6487	0.7036527
913.06	-486.3485	-606.6473	0.7037069
913.07	-486.1985	-606.646	0.7037618
913.08	-486.0485	-606.6446	0.7038174
913.09	-485.8985	-606.6432	0.7038739
913.1	-485.7486	-606.6418	0.7039307
913.11	-485.5986	-606.6404	0.7039878
913.12	-485.4487	-606.6392	0.7040455
913.13	-485.2988	-606.6378	0.7041034
913.14	-485.1488	-606.6365	0.7041618
913.15	-484.999	-606.6352	0.7042201
913.16	-484.8491	-606.6339	0.7042784
913.17	-484.6992	-606.6326	0.7043369
913.18	-484.5493	-606.6313	0.7043954
913.19	-484.3995	-606.6301	0.7044538
913.2	-484.2497	-606.6288	0.7045121
913.21	-484.0999	-606.6276	0.7045704
913.22	-483.9501	-606.6264	0.7046287
913.23	-483.8003	-606.6252	0.7046869
913.24	-483.6506	-606.624	0.7047451
913.25	-483.5008	-606.6228	0.7048032
913.26	-483.3511	-606.6216	0.7048612
913.27	-483.2014	-606.6205	0.7049192
913.28	-483.0517	-606.6194	0.7049771
913.29	-482.902	-606.6182	0.7050347
913.3	-482.7523	-606.6172	0.7050919
913.31	-482.6027	-606.6161	0.7051489
913.32	-482.453	-606.615	0.7052055
913.33	-482.3033	-606.614	0.7052619
913.34	-482.1537	-606.613	0.7053179
913.35	-482.0041	-606.6119	0.7053722
913.36	-481.8545	-606.611	0.7054248
913.37	-481.705	-606.6099	0.7054759
913.38	-481.5554	-606.609	0.7055255
913.39	-481.4058	-606.608	0.7055736
913.4	-481.2563	-606.6071	0.7056183
913.41	-481.1068	-606.6061	0.7056598
913.42	-480.9573	-606.6052	0.7056982
913.43	-480.8078	-606.6042	0.7057337
913.44	-480.6584	-606.6033	0.7057644
913.45	-480.5089	-606.6024	0.7057908
913.46	-480.3595	-606.6015	0.705813
913.47	-480.2101	-606.6006	0.7058312
913.48	-480.0607	-606.5997	0.7058456
913.49	-479.9113	-606.5988	0.7058564
913.5	-479.7619	-606.5979	0.7058625
913.51	-479.6125	-606.597	0.7058642
913.52	-479.4632	-606.5961	0.7058617
913.53	-479.3139	-606.5952	0.7058552
913.54	-479.1646	-606.5942	0.7058449
913.55	-479.0153	-606.5933	0.7058309
913.56	-478.8661	-606.5923	0.7058135
913.57	-478.7168	-606.5914	0.7057927
913.58	-478.5675	-606.5905	0.7057686
913.59	-478.4183	-606.5896	0.7057418
913.6	-478.2691	-606.5887	0.705712
913.61	-478.1199	-606.5878	0.7056795
913.62	-477.9708	-606.5868	0.7056445
913.63	-477.8216	-606.5859	0.705607
913.64	-477.6725	-606.585	0.7055676
913.65	-477.5233	-606.584	0.7055263
913.66	-477.3742	-606.5831	0.7054831
913.67	-477.2251	-606.5822	0.7054384
913.68	-477.076	-606.5812	0.7053919
913.69	-476.927	-606.5803	0.7053453
913.7	-476.778	-606.5793	0.7052985
913.71	-476.6289	-606.5784	0.7052515
913.72	-476.4799	-606.5775	0.7052044
913.73	-476.3309	-606.5765	0.7051571
913.74	-476.1819	-606.5756	0.7051115
913.75	-476.0329	-606.5746	0.7050676
913.76	-475.884	-606.5737	0.7050251
913.77	-475.735	-606.5728	0.7049842
913.78	-475.5861	-606.5719	0.7049446
913.79	-475.4372	-606.5709	0.7049085
913.8	-475.2883	-606.57	0.7048756
913.81	-475.1394	-606.5691	0.7048459
913.82	-474.9905	-606.5682	0.704819
913.83	-474.8416	-606.5673	0.7047949
913.84	-474.6927	-606.5664	0.7047752
913.85	-474.5439	-606.5655	0.7047597
913.86	-474.395	-606.5646	0.7047479
913.87	-474.2461	-606.5638	0.70474
913.88	-474.0973	-606.5629	0.7047356
913.89	-473.9485	-606.5621	0.7047355
913.9	-473.7997	-606.5612	0.7047395
913.91	-473.6508	-606.5604	0.7047474
913.92	-473.502	-606.5595	0.7047591
913.93	-473.3532	-606.5587	0.7047743
913.94	-473.2044	-606.5579	0.704793
913.95	-473.0557	-606.5571	0.7048149
913.96	-472.9069	-606.5563	0.7048399
913.97	-472.7581	-606.5555	0.7048677
913.98	-472.6093	-606.5547	0.7048984
913.99	-472.4606	-606.554	0.7049319
914	-472.3118	-606.5532	0.7049679
914.01	-472.1631	-606.5524	0.7050062
914.02	-472.0143	-606.5516	0.705047
914.03	-471.8656	-606.551	0.70509
914.04	-471.7169	-606.5502	0.7051352
914.05	-471.5682	-606.5495	0.7051823
914.06	-471.4195	-606.5488	0.7052315
914.07	-471.2708	-606.5481	0.7052824
914.08	-471.122	-606.5474	0.7053352
914.09	-470.9734	-606.5468	0.7053897
914.1	-470.8247	-606.5461	0.7054457
914.11	-470.676	-606.5454	0.7055033
914.12	-470.5273	-606.5448	0.7055624
914.13	-470.3785	-606.5441	0.7056229
914.14	-470.2299	-606.5436	0.7056847
914.15	-470.0812	-606.543	0.7057476
914.16	-469.9325	-606.5424	0.7058118
914.17	-469.7838	-606.5418	0.7058771
914.18	-469.6351	-606.5412	0.7059434
914.19	-469.4865	-606.5407	0.7060108
914.2	-469.3378	-606.5402	0.7060792
914.21	-469.1892	-606.5397	0.7061484
914.22	-469.0405	-606.5391	0.7062187
914.23	-468.8919	-606.5387	0.7062896
914.24	-468.7433	-606.5382	0.7063615
914.25	-468.5946	-606.5378	0.7064341
914.26	-468.446	-606.5374	0.7065074
914.27	-468.2973	-606.537	0.7065814
914.28	-468.1487	-606.5366	0.7066561
914.29	-468	-606.5363	0.7067314
914.3	-467.8514	-606.5359	0.7068074
914.31	-467.7028	-606.5356	0.7068838
914.32	-467.5542	-606.5353	0.7069609
914.33	-467.4055	-606.535	0.7070385
914.34	-467.2569	-606.5347	0.7071166
914.35	-467.1082	-606.5345	0.7071952
914.36	-466.9596	-606.5343	0.7072742
914.37	-466.811	-606.5342	0.7073537
914.38	-466.6624	-606.534	0.7074334
914.39	-466.5138	-606.5339	0.7075137
914.4	-466.3652	-606.5338	0.7075943
914.41	-466.2166	-606.5337	0.7076752
914.42	-466.068	-606.5336	0.7077565
914.43	-465.9193	-606.5336	0.7078381
914.44	-465.7707	-606.5336	0.70792
914.45	-465.6221	-606.5336	0.7080021
914.46	-465.4735	-606.5336	0.7080845
914.47	-465.3249	-606.5338	0.7081672
914.48	-465.1763	-606.5339	0.7082501
914.49	-465.0277	-606.534	0.7083332
914.5	-464.8791	-606.5342	0.7084165
914.51	-464.7305	-606.5343	0.7084999
914.52	-464.5819	-606.5345	0.7085835
914.53	-464.4333	-606.5347	0.7086672
914.54	-464.2847	-606.535	0.708751
914.55	-464.1361	-606.5353	0.7088347
914.56	-463.9875	-606.5356	0.7089185
914.57	-463.8389	-606.536	0.7090023
914.58	-463.6902	-606.5364	0.709086
914.59	-463.5417	-606.5368	0.7091698
914.6	-463.393	-606.5372	0.7092535
914.61	-463.2444	-606.5377	0.7093373
914.62	-463.0958	-606.5382	0.709421
914.63	-462.9472	-606.5388	0.7095047
914.64	-462.7986	-606.5393	0.7095885
914.65	-462.6499	-606.5399	0.709672
914.66	-462.5013	-606.5406	0.7097556
914.67	-462.3527	-606.5412	0.709839
914.68	-462.204	-606.5419	0.7099225
914.69	-462.0554	-606.5426	0.7100055
914.7	-461.9068	-606.5434	0.7100881
914.71	-461.7582	-606.5441	0.7101703
914.72	-461.6095	-606.545	0.7102521
914.73	-461.4609	-606.5458	0.7103335
914.74	-461.3123	-606.5467	0.7104135
914.75	-461.1636	-606.5475	0.710492
914.76	-461.015	-606.5485	0.710569
914.77	-460.8663	-606.5495	0.7106448
914.78	-460.7177	-606.5505	0.7107194
914.79	-460.5691	-606.5515	0.7107908
914.8	-460.4204	-606.5525	0.7108594
914.81	-460.2718	-606.5535	0.7109251
914.82	-460.1231	-606.5546	0.7109882
914.83	-459.9744	-606.5557	0.7110488
914.84	-459.8258	-606.5569	0.7111046
914.85	-459.6771	-606.558	0.711156
914.86	-459.5284	-606.5591	0.711203
914.87	-459.3798	-606.5603	0.711246
914.88	-459.2311	-606.5615	0.7112851
914.89	-459.0824	-606.5626	0.7113205
914.9	-458.9337	-606.5638	0.7113499
914.91	-458.785	-606.565	0.7113738
914.92	-458.6363	-606.5663	0.7113923
914.93	-458.4876	-606.5675	0.7114058
914.94	-458.3389	-606.5687	0.7114131
914.95	-458.1902	-606.5699	0.7114145
914.96	-458.0415	-606.5712	0.7114105
914.97	-457.8928	-606.5724	0.7114011
914.98	-457.7441	-606.5736	0.7113866
914.99	-457.5954	-606.5749	0.7113662
915	-457.4467	-606.5762	0.7113402
915.01	-457.2979	-606.5775	0.7113088
915.02	-457.1492	-606.5787	0.7112724
915.03	-457.0005	-606.58	0.711231
915.04	-456.8517	-606.5812	0.711185
915.05	-456.703	-606.5825	0.7111344
915.06	-456.5542	-606.5837	0.7110795
915.07	-456.4055	-606.585	0.7110206
915.08	-456.2567	-606.5862	0.7109577
915.09	-456.108	-606.5873	0.7108911
915.1	-455.9592	-606.5886	0.710821
915.11	-455.8105	-606.5897	0.7107474
915.12	-455.6617	-606.5909	0.7106705
915.13	-455.5129	-606.5921	0.7105904
915.14	-455.3641	-606.5933	0.7105075
915.15	-455.2153	-606.5945	0.7104216
915.16	-455.0666	-606.5956	0.7103331
915.17	-454.9178	-606.5967	0.7102419
915.18	-454.769	-606.5978	0.7101483
915.19	-454.6201	-606.599	0.7100522
915.2	-454.4713	-606.6	0.7099538
915.21	-454.3225	-606.6011	0.7098533
915.22	-454.1737	-606.6022	0.7097507
915.23	-454.0249	-606.6032	0.709646
915.24	-453.8761	-606.6042	0.7095395
915.25	-453.7273	-606.6052	0.7094312
915.26	-453.5785	-606.6062	0.709321
915.27	-453.4296	-606.6071	0.7092093
915.28	-453.2808	-606.608	0.7090959
915.29	-453.132	-606.6089	0.708981
915.3	-452.9831	-606.6098	0.7088646
915.31	-452.8343	-606.6107	0.7087468
915.32	-452.6854	-606.6115	0.7086277
915.33	-452.5366	-606.6122	0.7085073
915.34	-452.3877	-606.613	0.7083857
915.35	-452.2389	-606.6138	0.708263
915.36	-452.09	-606.6144	0.7081391
915.37	-451.9411	-606.6151	0.7080141
915.38	-451.7922	-606.6157	0.7078881
915.39	-451.6434	-606.6163	0.7077611
915.4	-451.4945	-606.6169	0.7076332
915.41	-451.3456	-606.6175	0.7075043
915.42	-451.1967	-606.618	0.7073748
915.43	-451.0478	-606.6184	0.7072443
915.44	-450.8989	-606.6188	0.707113
915.45	-450.75	-606.6192	0.706981
915.46	-450.6011	-606.6196	0.7068483
915.47	-450.4522	-606.6199	0.7067149
915.48	-450.3033	-606.6202	0.7065808
915.49	-450.1544	-606.6204	0.7064462
915.5	-450.0054	-606.6206	0.7063113
915.51	-449.8565	-606.6207	0.7061762
915.52	-449.7076	-606.6208	0.7060409
915.53	-449.5586	-606.6209	0.7059054
915.54	-449.4097	-606.6209	0.7057698
915.55	-449.2607	-606.6209	0.7056345
915.56	-449.1118	-606.6208	0.7054996
915.57	-448.9628	-606.6207	0.7053652
915.58	-448.8139	-606.6206	0.7052311
915.59	-448.6649	-606.6204	0.7050976
915.6	-448.516	-606.6202	0.7049645
915.61	-448.367	-606.6199	0.7048319
915.62	-448.2181	-606.6196	0.7046998
915.63	-448.0691	-606.6192	0.704568
915.64	-447.9201	-606.6188	0.7044367
915.65	-447.7712	-606.6183	0.7043057
915.66	-447.6222	-606.6179	0.7041751
915.67	-447.4732	-606.6173	0.7040449
915.68	-447.3242	-606.6167	0.703915
915.69	-447.1752	-606.616	0.7037854
915.7	-447.0262	-606.6153	0.703656
915.71	-446.8773	-606.6146	0.703527
915.72	-446.7282	-606.6138	0.7033982
915.73	-446.5792	-606.613	0.7032697
915.74	-446.4302	-606.6121	0.7031414
915.75	-446.2813	-606.6111	0.7030133
915.76	-446.1322	-606.6102	0.7028855
915.77	-445.9832	-606.6091	0.7027577
915.78	-445.8342	-606.608	0.7026303
915.79	-445.6852	-606.6069	0.702503
915.8	-445.5362	-606.6057	0.7023759
915.81	-445.3872	-606.6045	0.7022489
915.82	-445.2381	-606.6032	0.7021222
915.83	-445.0891	-606.6019	0.7019956
915.84	-444.9401	-606.6005	0.7018691
915.85	-444.791	-606.5991	0.7017428
915.86	-444.642	-606.5976	0.7016168
915.87	-444.4929	-606.5961	0.7014908
915.88	-444.3439	-606.5945	0.701365
915.89	-444.1948	-606.5928	0.7012396
915.9	-444.0458	-606.5911	0.7011148
915.91	-443.8967	-606.5894	0.7009904
915.92	-443.7477	-606.5876	0.7008664
915.93	-443.5986	-606.5858	0.7007428
915.94	-443.4495	-606.5839	0.7006196
915.95	-443.3004	-606.582	0.7004976
915.96	-443.1514	-606.58	0.7003764
915.97	-443.0023	-606.578	0.7002563
915.98	-442.8532	-606.5759	0.7001372
915.99	-442.7041	-606.5738	0.700019
916	-442.555	-606.5716	0.6999029
916.01	-442.4059	-606.5695	0.6997887
916.02	-442.2568	-606.5672	0.6996765
916.03	-442.1077	-606.5649	0.6995661
916.04	-441.9586	-606.5626	0.6994587
916.05	-441.8096	-606.5602	0.6993541
916.06	-441.6605	-606.5577	0.6992521
916.07	-441.5114	-606.5553	0.6991527
916.08	-441.3622	-606.5528	0.6990557
916.09	-441.2131	-606.5502	0.698961
916.1	-441.064	-606.5477	0.6988704
916.11	-440.9149	-606.545	0.6987836
916.12	-440.7657	-606.5424	0.6987005
916.13	-440.6166	-606.5397	0.6986207
916.14	-440.4675	-606.537	0.6985443
916.15	-440.3184	-606.5342	0.6984729
916.16	-440.1692	-606.5315	0.698406
916.17	-440.0201	-606.5286	0.6983436
916.18	-439.871	-606.5258	0.6982854
916.19	-439.7218	-606.5229	0.6982331
916.2	-439.5727	-606.52	0.6981862
916.21	-439.4236	-606.5172	0.6981446
916.22	-439.2744	-606.5142	0.698108
916.23	-439.1252	-606.5112	0.6980762
916.24	-438.976	-606.5082	0.6980488
916.25	-438.8269	-606.5052	0.6980273
916.26	-438.6777	-606.5023	0.6980109
916.27	-438.5285	-606.4992	0.6979997
916.28	-438.3793	-606.4962	0.6979934
916.29	-438.2302	-606.4931	0.6979918
916.3	-438.081	-606.4901	0.6979949
916.31	-437.9318	-606.4869	0.6980024
916.32	-437.7827	-606.4838	0.698014
