748.91	-649.679	-606.1749	0.7117332
748.92	-649.5432	-606.1771	0.7116168
748.93	-649.4075	-606.1792	0.7115027
748.94	-649.2717	-606.1813	0.7113908
748.95	-649.136	-606.1834	0.7112809
748.96	-649.0003	-606.1854	0.7111746
748.97	-648.8646	-606.1874	0.711072
748.98	-648.7289	-606.1895	0.7109727
748.99	-648.5933	-606.1914	0.7108765
749	-648.4576	-606.1933	0.7107832
749.01	-648.322	-606.1953	0.7106948
749.02	-648.1863	-606.1971	0.7106107
749.03	-648.0507	-606.199	0.710531
749.04	-647.9151	-606.2008	0.7104552
749.05	-647.7795	-606.2026	0.7103833
749.06	-647.6439	-606.2044	0.710315
749.07	-647.5083	-606.2062	0.7102519
749.08	-647.3727	-606.208	0.7101939
749.09	-647.2372	-606.2097	0.7101406
749.1	-647.1016	-606.2115	0.7100919
749.11	-646.9661	-606.2132	0.710049
749.12	-646.8306	-606.2148	0.7100114
749.13	-646.6951	-606.2166	0.7099789
749.14	-646.5596	-606.2183	0.7099514
749.15	-646.4241	-606.2199	0.7099286
749.16	-646.2887	-606.2216	0.7099112
749.17	-646.1533	-606.2232	0.7098989
749.18	-646.0178	-606.2249	0.7098916
749.19	-645.8824	-606.2265	0.7098889
749.2	-645.7469	-606.2281	0.7098907
749.21	-645.6115	-606.2297	0.7098967
749.22	-645.4761	-606.2313	0.7099068
749.23	-645.3408	-606.2328	0.7099208
749.24	-645.2054	-606.2344	0.7099385
749.25	-645.07	-606.236	0.7099596
749.26	-644.9347	-606.2376	0.7099841
749.27	-644.7994	-606.2391	0.7100118
749.28	-644.6641	-606.2407	0.7100424
749.29	-644.5287	-606.2422	0.710076
749.3	-644.3934	-606.2438	0.7101122
749.31	-644.2581	-606.2453	0.7101511
749.32	-644.1229	-606.2469	0.7101923
749.33	-643.9876	-606.2484	0.710236
749.34	-643.8524	-606.2499	0.7102818
749.35	-643.7171	-606.2515	0.7103297
749.36	-643.5819	-606.2531	0.7103797
749.37	-643.4467	-606.2546	0.7104314
749.38	-643.3115	-606.2561	0.710485
749.39	-643.1763	-606.2577	0.7105404
749.4	-643.0411	-606.2592	0.7105973
749.41	-642.906	-606.2608	0.7106557
749.42	-642.7709	-606.2623	0.7107154
749.43	-642.6357	-606.2639	0.7107764
749.44	-642.5006	-606.2655	0.7108386
749.45	-642.3655	-606.2671	0.7109019
749.46	-642.2304	-606.2687	0.7109656
749.47	-642.0953	-606.2703	0.7110295
749.48	-641.9603	-606.272	0.7110938
749.49	-641.8252	-606.2736	0.7111584
749.5	-641.6901	-606.2751	0.7112232
749.51	-641.5551	-606.2768	0.7112871
749.52	-641.4201	-606.2784	0.7113501
749.53	-641.2851	-606.28	0.7114121
749.54	-641.1501	-606.2817	0.7114734
749.55	-641.0151	-606.2833	0.711534
749.56	-640.8801	-606.285	0.7115925
749.57	-640.7452	-606.2867	0.7116495
749.58	-640.6102	-606.2884	0.7117048
749.59	-640.4753	-606.29	0.7117584
749.6	-640.3403	-606.2917	0.7118107
749.61	-640.2054	-606.2934	0.7118602
749.62	-640.0706	-606.295	0.7119071
749.63	-639.9357	-606.2968	0.7119516
749.64	-639.8008	-606.2985	0.7119937
749.65	-639.6659	-606.3002	0.7120336
749.66	-639.5311	-606.3019	0.7120702
749.67	-639.3962	-606.3036	0.7121038
749.68	-639.2614	-606.3054	0.7121343
749.69	-639.1266	-606.3071	0.712162
749.7	-638.9918	-606.3088	0.7121871
749.71	-638.857	-606.3105	0.7122091
749.72	-638.7222	-606.3123	0.7122284
749.73	-638.5875	-606.314	0.7122449
749.74	-638.4527	-606.3157	0.7122589
749.75	-638.3179	-606.3174	0.7122706
749.76	-638.1832	-606.3192	0.7122798
749.77	-638.0485	-606.321	0.7122869
749.78	-637.9138	-606.3228	0.712292
749.79	-637.7791	-606.3246	0.712295
749.8	-637.6444	-606.3264	0.7122961
749.81	-637.5097	-606.3281	0.7122955
749.82	-637.375	-606.3299	0.7122932
749.83	-637.2404	-606.3317	0.7122893
749.84	-637.1057	-606.3334	0.7122838
749.85	-636.9711	-606.3351	0.7122769
749.86	-636.8364	-606.3369	0.7122686
749.87	-636.7018	-606.3387	0.712259
749.88	-636.5671	-606.3405	0.7122481
749.89	-636.4325	-606.3422	0.7122361
749.9	-636.2979	-606.344	0.7122229
749.91	-636.1633	-606.3458	0.7122087
749.92	-636.0287	-606.3475	0.7121934
749.93	-635.8941	-606.3493	0.7121772
749.94	-635.7595	-606.3511	0.7121601
749.95	-635.6249	-606.3528	0.7121421
749.96	-635.4904	-606.3546	0.7121234
749.97	-635.3559	-606.3563	0.712104
749.98	-635.2214	-606.3581	0.7120839
749.99	-635.0869	-606.3599	0.7120633
750	-634.9523	-606.3616	0.712042
750.01	-634.8179	-606.3634	0.7120205
750.02	-634.6834	-606.3652	0.7119986
750.03	-634.549	-606.3669	0.7119764
750.04	-634.4145	-606.3687	0.7119538
750.05	-634.28	-606.3704	0.7119309
750.06	-634.1456	-606.3722	0.7119082
750.07	-634.0112	-606.374	0.7118853
750.08	-633.8768	-606.3757	0.7118626
750.09	-633.7424	-606.3775	0.7118399
750.1	-633.608	-606.3792	0.7118171
750.11	-633.4736	-606.381	0.711795
750.12	-633.3392	-606.3828	0.7117733
750.13	-633.2049	-606.3845	0.7117522
750.14	-633.0706	-606.3863	0.7117317
750.15	-632.9362	-606.3881	0.7117115
750.16	-632.8019	-606.3898	0.7116925
750.17	-632.6675	-606.3915	0.7116745
750.18	-632.5332	-606.3933	0.7116575
750.19	-632.3989	-606.3951	0.7116414
750.2	-632.2645	-606.3969	0.7116263
750.21	-632.1302	-606.3986	0.711612
750.22	-631.996	-606.4004	0.7115995
750.23	-631.8617	-606.4022	0.7115886
750.24	-631.7274	-606.4039	0.7115792
750.25	-631.5931	-606.4057	0.7115712
750.26	-631.4589	-606.4075	0.7115652
750.27	-631.3247	-606.4092	0.7115611
750.28	-631.1905	-606.411	0.7115588
750.29	-631.0563	-606.4128	0.7115582
750.3	-630.9221	-606.4146	0.7115592
750.31	-630.7878	-606.4163	0.7115618
750.32	-630.6537	-606.4181	0.711567
750.33	-630.5195	-606.4199	0.7115746
750.34	-630.3854	-606.4216	0.7115845
750.35	-630.2512	-606.4234	0.7115965
750.36	-630.1171	-606.4252	0.7116108
750.37	-629.9829	-606.427	0.711627
750.38	-629.8488	-606.4288	0.7116461
750.39	-629.7147	-606.4307	0.7116677
750.4	-629.5806	-606.4326	0.7116919
750.41	-629.4465	-606.4344	0.7117183
750.42	-629.3124	-606.4362	0.711747
750.43	-629.1783	-606.438	0.7117779
750.44	-629.0443	-606.4399	0.7118111
750.45	-628.9103	-606.4418	0.7118465
750.46	-628.7762	-606.4437	0.711884
750.47	-628.6422	-606.4456	0.7119234
750.48	-628.5082	-606.4475	0.7119648
750.49	-628.3741	-606.4495	0.7120079
750.5	-628.2401	-606.4514	0.7120527
750.51	-628.1061	-606.4532	0.7120992
750.52	-627.9722	-606.4553	0.7121472
750.53	-627.8382	-606.4572	0.7121966
750.54	-627.7042	-606.4592	0.7122474
750.55	-627.5703	-606.4612	0.7122996
750.56	-627.4363	-606.4631	0.7123531
750.57	-627.3024	-606.4651	0.7124077
750.58	-627.1685	-606.4672	0.7124634
750.59	-627.0345	-606.4692	0.7125202
750.6	-626.9006	-606.4713	0.7125781
750.61	-626.7667	-606.4733	0.7126369
750.62	-626.6328	-606.4754	0.7126967
750.63	-626.4989	-606.4775	0.7127573
750.64	-626.3651	-606.4796	0.7128187
750.65	-626.2312	-606.4817	0.712881
750.66	-626.0974	-606.4839	0.712944
750.67	-625.9635	-606.486	0.7130078
750.68	-625.8297	-606.4882	0.7130721
750.69	-625.6959	-606.4904	0.713137
750.7	-625.5621	-606.4926	0.7132025
750.71	-625.4283	-606.4948	0.7132684
750.72	-625.2946	-606.497	0.7133344
750.73	-625.1609	-606.4993	0.7134005
750.74	-625.0272	-606.5015	0.7134668
750.75	-624.8934	-606.5038	0.713533
750.76	-624.7597	-606.5061	0.7135993
750.77	-624.626	-606.5085	0.7136647
750.78	-624.4922	-606.5108	0.7137291
750.79	-624.3585	-606.5132	0.7137926
750.8	-624.2249	-606.5155	0.7138553
750.81	-624.0912	-606.5179	0.7139173
750.82	-623.9575	-606.5203	0.7139775
750.83	-623.8239	-606.5227	0.7140361
750.84	-623.6902	-606.5251	0.7140931
750.85	-623.5565	-606.5275	0.7141487
750.86	-623.4229	-606.53	0.7142029
750.87	-623.2892	-606.5325	0.7142543
750.88	-623.1556	-606.5349	0.7143033
750.89	-623.022	-606.5374	0.7143499
750.9	-622.8884	-606.5399	0.7143943
750.91	-622.7548	-606.5424	0.7144364
750.92	-622.6212	-606.5449	0.7144766
750.93	-622.4877	-606.5474	0.7145133
750.94	-622.3541	-606.55	0.7145467
750.95	-622.2206	-606.5525	0.714577
750.96	-622.087	-606.555	0.7146044
750.97	-621.9535	-606.5576	0.7146291
750.98	-621.82	-606.5601	0.7146499
750.99	-621.6865	-606.5627	0.714667
751	-621.553	-606.5653	0.7146807
751.01	-621.4196	-606.5679	0.7146912
751.02	-621.2861	-606.5704	0.7146986
751.03	-621.1526	-606.573	0.7147025
751.04	-621.0192	-606.5756	0.7147032
751.05	-620.8858	-606.5781	0.7147009
751.06	-620.7524	-606.5807	0.7146957
751.07	-620.619	-606.5833	0.7146877
751.08	-620.4855	-606.5858	0.714677
751.09	-620.3522	-606.5883	0.714664
751.1	-620.2188	-606.5909	0.7146486
751.11	-620.0854	-606.5936	0.7146309
751.12	-619.9521	-606.5962	0.7146111
751.13	-619.8187	-606.5988	0.7145893
751.14	-619.6854	-606.6014	0.7145656
751.15	-619.552	-606.6041	0.71454
751.16	-619.4186	-606.6066	0.7145127
751.17	-619.2853	-606.6093	0.7144837
751.18	-619.152	-606.6119	0.7144532
751.19	-619.0187	-606.6145	0.7144212
751.2	-618.8854	-606.6171	0.7143878
751.21	-618.7521	-606.6197	0.7143531
751.22	-618.6188	-606.6223	0.7143171
751.23	-618.4856	-606.6248	0.7142798
751.24	-618.3524	-606.6274	0.7142414
751.25	-618.2191	-606.6299	0.7142019
751.26	-618.0859	-606.6324	0.7141614
751.27	-617.9526	-606.635	0.7141199
751.28	-617.8194	-606.6375	0.7140774
751.29	-617.6862	-606.6401	0.714034
751.3	-617.553	-606.6426	0.7139898
751.31	-617.4199	-606.6452	0.7139447
751.32	-617.2867	-606.6477	0.7138989
751.33	-617.1536	-606.6502	0.7138523
751.34	-617.0204	-606.6527	0.7138051
751.35	-616.8873	-606.6552	0.7137572
751.36	-616.7542	-606.6577	0.7137086
751.37	-616.6211	-606.6602	0.7136595
751.38	-616.488	-606.6626	0.7136098
751.39	-616.3549	-606.6651	0.7135595
751.4	-616.2217	-606.6675	0.7135087
751.41	-616.0887	-606.6699	0.7134575
751.42	-615.9556	-606.6724	0.7134057
751.43	-615.8226	-606.6748	0.7133535
751.44	-615.6895	-606.6772	0.7133009
751.45	-615.5565	-606.6796	0.7132478
751.46	-615.4234	-606.6819	0.7131945
751.47	-615.2903	-606.6843	0.7131407
751.48	-615.1573	-606.6866	0.7130865
751.49	-615.0244	-606.689	0.7130321
751.5	-614.8914	-606.6913	0.7129773
751.51	-614.7584	-606.6936	0.7129223
751.52	-614.6254	-606.6959	0.712867
751.53	-614.4924	-606.6982	0.7128114
751.54	-614.3595	-606.7004	0.7127555
751.55	-614.2266	-606.7026	0.7126994
751.56	-614.0936	-606.7049	0.712643
751.57	-613.9608	-606.7071	0.7125865
751.58	-613.8279	-606.7093	0.7125297
751.59	-613.695	-606.7115	0.7124728
751.6	-613.5621	-606.7136	0.7124156
751.61	-613.4293	-606.7158	0.7123582
751.62	-613.2964	-606.718	0.7123008
751.63	-613.1635	-606.72	0.7122431
751.64	-613.0306	-606.7222	0.7121852
751.65	-612.8978	-606.7242	0.7121273
751.66	-612.765	-606.7263	0.7120692
751.67	-612.6321	-606.7283	0.7120109
751.68	-612.4993	-606.7303	0.7119525
751.69	-612.3665	-606.7324	0.711894
751.7	-612.2337	-606.7343	0.7118354
751.71	-612.1009	-606.7363	0.7117766
751.72	-611.9681	-606.7383	0.7117178
751.73	-611.8354	-606.7402	0.711659
751.74	-611.7026	-606.7421	0.7115999
751.75	-611.5699	-606.744	0.7115408
751.76	-611.4371	-606.7458	0.7114816
751.77	-611.3044	-606.7477	0.7114224
751.78	-611.1718	-606.7495	0.7113631
751.79	-611.0391	-606.7513	0.7113037
751.8	-610.9064	-606.7532	0.7112443
751.81	-610.7737	-606.7549	0.7111849
751.82	-610.641	-606.7567	0.7111255
751.83	-610.5084	-606.7584	0.7110659
751.84	-610.3757	-606.7601	0.7110065
751.85	-610.2431	-606.7618	0.710947
751.86	-610.1105	-606.7634	0.7108876
751.87	-609.9778	-606.7651	0.7108283
751.88	-609.8452	-606.7667	0.7107692
751.89	-609.7126	-606.7683	0.7107102
751.9	-609.58	-606.7699	0.7106515
751.91	-609.4473	-606.7714	0.7105929
751.92	-609.3147	-606.773	0.7105345
751.93	-609.1821	-606.7745	0.7104766
751.94	-609.0496	-606.776	0.7104192
751.95	-608.917	-606.7775	0.7103626
751.96	-608.7844	-606.779	0.7103064
751.97	-608.6519	-606.7805	0.7102507
751.98	-608.5193	-606.7819	0.7101963
751.99	-608.3868	-606.7833	0.7101429
752	-608.2543	-606.7847	0.7100905
752.01	-608.1218	-606.7861	0.7100392
752.02	-607.9894	-606.7875	0.7099892
752.03	-607.8569	-606.7888	0.7099406
752.04	-607.7245	-606.7902	0.7098932
752.05	-607.592	-606.7914	0.7098469
752.06	-607.4596	-606.7928	0.7098016
752.07	-607.3271	-606.7941	0.7097575
752.08	-607.1947	-606.7953	0.7097144
752.09	-607.0623	-606.7966	0.7096721
752.1	-606.9298	-606.7979	0.7096308
752.11	-606.7974	-606.7991	0.7095903
752.12	-606.6649	-606.8002	0.7095507
752.13	-606.5325	-606.8015	0.7095118
752.14	-606.4001	-606.8026	0.7094737
752.15	-606.2678	-606.8037	0.7094362
752.16	-606.1354	-606.8049	0.7093994
752.17	-606.003	-606.806	0.7093632
752.18	-605.8707	-606.8071	0.7093276
752.19	-605.7383	-606.8082	0.7092926
752.2	-605.606	-606.8093	0.709258
752.21	-605.4737	-606.8104	0.709224
752.22	-605.3414	-606.8114	0.7091905
752.23	-605.209	-606.8124	0.7091575
752.24	-605.0768	-606.8134	0.7091249
752.25	-604.9445	-606.8145	0.7090926
752.26	-604.8123	-606.8154	0.7090608
752.27	-604.68	-606.8164	0.7090293
752.28	-604.5477	-606.8174	0.7089981
752.29	-604.4155	-606.8183	0.7089673
752.3	-604.2832	-606.8192	0.7089369
752.31	-604.1509	-606.8201	0.7089067
752.32	-604.0187	-606.821	0.7088768
752.33	-603.8864	-606.822	0.7088472
752.34	-603.7542	-606.8228	0.7088177
752.35	-603.622	-606.8236	0.7087886
752.36	-603.4898	-606.8245	0.7087597
752.37	-603.3576	-606.8253	0.7087311
752.38	-603.2255	-606.8262	0.7087026
752.39	-603.0933	-606.8269	0.7086743
752.4	-602.9612	-606.8277	0.7086462
752.41	-602.829	-606.8285	0.7086182
752.42	-602.6969	-606.8293	0.7085905
752.43	-602.5648	-606.83	0.7085629
752.44	-602.4326	-606.8307	0.7085355
752.45	-602.3005	-606.8314	0.7085082
752.46	-602.1685	-606.8322	0.708481
752.47	-602.0364	-606.8329	0.708454
752.48	-601.9043	-606.8336	0.7084271
752.49	-601.7722	-606.8342	0.7084004
752.5	-601.6401	-606.8348	0.7083737
752.51	-601.5081	-606.8355	0.7083471
752.52	-601.376	-606.8362	0.7083207
752.53	-601.244	-606.8368	0.7082943
752.54	-601.112	-606.8374	0.7082681
752.55	-600.98	-606.838	0.7082419
752.56	-600.848	-606.8386	0.7082158
752.57	-600.716	-606.8392	0.7081898
752.58	-600.584	-606.8397	0.7081638
752.59	-600.4521	-606.8403	0.708138
752.6	-600.3201	-606.8408	0.7081122
752.61	-600.1882	-606.8414	0.7080864
752.62	-600.0562	-606.8419	0.7080607
752.63	-599.9243	-606.8424	0.7080351
752.64	-599.7923	-606.8429	0.7080095
752.65	-599.6603	-606.8434	0.7079841
752.66	-599.5284	-606.8439	0.7079586
752.67	-599.3965	-606.8443	0.7079331
752.68	-599.2646	-606.8448	0.7079077
752.69	-599.1328	-606.8452	0.7078825
752.7	-599.0009	-606.8456	0.7078571
752.71	-598.869	-606.8461	0.7078319
752.72	-598.7371	-606.8465	0.7078067
752.73	-598.6053	-606.8469	0.7077815
752.74	-598.4734	-606.8473	0.7077564
752.75	-598.3416	-606.8477	0.7077312
752.76	-598.2098	-606.848	0.7077062
752.77	-598.078	-606.8484	0.7076811
752.78	-597.9462	-606.8488	0.7076561
752.79	-597.8145	-606.8491	0.7076311
752.8	-597.6827	-606.8494	0.7076061
752.81	-597.5509	-606.8497	0.7075812
752.82	-597.4191	-606.85	0.7075562
752.83	-597.2874	-606.8503	0.7075313
752.84	-597.1556	-606.8506	0.7075065
752.85	-597.0238	-606.8509	0.7074816
752.86	-596.892	-606.8512	0.7074567
752.87	-596.7603	-606.8514	0.7074319
752.88	-596.6286	-606.8517	0.7074071
752.89	-596.4969	-606.8519	0.7073823
752.9	-596.3652	-606.8522	0.7073575
752.91	-596.2335	-606.8524	0.7073328
752.92	-596.1017	-606.8526	0.707308
752.93	-595.9701	-606.8528	0.7072833
752.94	-595.8384	-606.853	0.7072586
752.95	-595.7068	-606.8531	0.7072338
752.96	-595.5751	-606.8533	0.7072092
752.97	-595.4435	-606.8535	0.7071844
752.98	-595.3119	-606.8536	0.7071598
752.99	-595.1803	-606.8538	0.707135
753	-595.0487	-606.8539	0.7071104
753.01	-594.9171	-606.854	0.7070858
753.02	-594.7855	-606.8541	0.7070612
753.03	-594.6539	-606.8542	0.7070365
753.04	-594.5223	-606.8543	0.7070119
753.05	-594.3907	-606.8544	0.7069872
753.06	-594.2592	-606.8545	0.7069626
753.07	-594.1276	-606.8546	0.706938
753.08	-593.996	-606.8546	0.7069134
753.09	-593.8645	-606.8547	0.7068887
753.1	-593.733	-606.8547	0.7068642
753.11	-593.6014	-606.8547	0.7068396
753.12	-593.47	-606.8547	0.706815
753.13	-593.3385	-606.8547	0.7067905
753.14	-593.207	-606.8547	0.7067658
753.15	-593.0756	-606.8547	0.7067413
753.16	-592.9441	-606.8547	0.7067167
753.17	-592.8126	-606.8547	0.7066921
753.18	-592.6812	-606.8547	0.7066676
753.19	-592.5497	-606.8546	0.706643
753.2	-592.4182	-606.8546	0.7066185
753.21	-592.2867	-606.8545	0.7065939
753.22	-592.1553	-606.8544	0.7065693
753.23	-592.0239	-606.8543	0.7065448
753.24	-591.8925	-606.8542	0.7065203
753.25	-591.7611	-606.8541	0.7064958
753.26	-591.6297	-606.854	0.7064712
753.27	-591.4984	-606.8539	0.7064466
753.28	-591.367	-606.8537	0.7064222
753.29	-591.2357	-606.8536	0.7063977
753.3	-591.1043	-606.8535	0.7063732
753.31	-590.973	-606.8533	0.7063487
753.32	-590.8416	-606.8531	0.7063242
753.33	-590.7103	-606.853	0.7062996
753.34	-590.5789	-606.8527	0.7062751
753.35	-590.4476	-606.8525	0.7062506
753.36	-590.3162	-606.8524	0.7062261
753.37	-590.1849	-606.8522	0.7062016
753.38	-590.0536	-606.8519	0.7061771
753.39	-589.9223	-606.8517	0.7061526
753.4	-589.791	-606.8514	0.7061281
753.41	-589.6597	-606.8511	0.7061036
753.42	-589.5284	-606.8509	0.706079
753.43	-589.3972	-606.8506	0.7060545
753.44	-589.266	-606.8504	0.70603
753.45	-589.1348	-606.8501	0.7060055
753.46	-589.0035	-606.8498	0.7059811
753.47	-588.8723	-606.8494	0.7059565
753.48	-588.7411	-606.8491	0.705932
753.49	-588.6099	-606.8488	0.7059076
753.5	-588.4786	-606.8485	0.7058831
753.51	-588.3474	-606.8482	0.7058586
753.52	-588.2162	-606.8478	0.7058342
753.53	-588.085	-606.8474	0.7058097
753.54	-587.9539	-606.847	0.7057852
753.55	-587.8227	-606.8467	0.7057607
753.56	-587.6915	-606.8463	0.7057362
753.57	-587.5604	-606.8459	0.7057118
753.58	-587.4293	-606.8455	0.7056873
753.59	-587.2982	-606.845	0.7056628
753.6	-587.1671	-606.8446	0.7056383
753.61	-587.036	-606.8442	0.7056139
753.62	-586.9049	-606.8438	0.7055894
753.63	-586.7738	-606.8433	0.7055649
753.64	-586.6427	-606.8429	0.7055405
753.65	-586.5116	-606.8423	0.705516
753.66	-586.3805	-606.8419	0.7054915
753.67	-586.2495	-606.8414	0.705467
753.68	-586.1184	-606.8409	0.7054427
753.69	-585.9874	-606.8404	0.7054182
753.7	-585.8563	-606.8399	0.7053937
753.71	-585.7253	-606.8394	0.7053693
753.72	-585.5942	-606.8388	0.7053449
753.73	-585.4633	-606.8383	0.7053204
753.74	-585.3323	-606.8377	0.705296
753.75	-585.2013	-606.8372	0.7052715
753.76	-585.0703	-606.8366	0.7052471
753.77	-584.9393	-606.8361	0.7052226
753.78	-584.8083	-606.8354	0.7051982
753.79	-584.6774	-606.8348	0.7051737
753.8	-584.5464	-606.8342	0.7051492
753.81	-584.4154	-606.8336	0.7051248
753.82	-584.2845	-606.833	0.7051004
753.83	-584.1536	-606.8324	0.7050759
753.84	-584.0226	-606.8317	0.7050514
753.85	-583.8917	-606.8311	0.7050269
753.86	-583.7608	-606.8304	0.7050025
753.87	-583.6299	-606.8297	0.704978
753.88	-583.4991	-606.829	0.7049536
753.89	-583.3682	-606.8284	0.7049291
753.9	-583.2374	-606.8276	0.7049047
753.91	-583.1065	-606.827	0.7048802
753.92	-582.9756	-606.8262	0.7048558
753.93	-582.8448	-606.8255	0.7048314
753.94	-582.7139	-606.8248	0.704807
753.95	-582.5831	-606.824	0.7047825
753.96	-582.4522	-606.8232	0.704758
753.97	-582.3214	-606.8225	0.7047336
753.98	-582.1906	-606.8218	0.7047092
753.99	-582.0598	-606.821	0.7046848
754	-581.929	-606.8202	0.7046603
754.01	-581.7982	-606.8194	0.7046359
754.02	-581.6674	-606.8185	0.7046114
754.03	-581.5366	-606.8177	0.704587
754.04	-581.4059	-606.817	0.7045625
754.05	-581.2751	-606.8162	0.7045381
754.06	-581.1444	-606.8153	0.7045137
754.07	-581.0137	-606.8145	0.7044892
754.08	-580.8829	-606.8136	0.7044647
754.09	-580.7522	-606.8127	0.7044403
754.1	-580.6215	-606.8118	0.7044158
754.11	-580.4907	-606.811	0.7043914
754.12	-580.36	-606.8101	0.704367
754.13	-580.2294	-606.8092	0.7043425
754.14	-580.0987	-606.8083	0.704318
754.15	-579.968	-606.8073	0.7042937
754.16	-579.8373	-606.8064	0.7042692
754.17	-579.7067	-606.8055	0.7042448
754.18	-579.576	-606.8046	0.7042204
754.19	-579.4454	-606.8036	0.704196
754.2	-579.3148	-606.8026	0.7041715
754.21	-579.1842	-606.8016	0.7041471
754.22	-579.0536	-606.8006	0.7041227
754.23	-578.923	-606.7996	0.7040983
754.24	-578.7924	-606.7986	0.7040738
754.25	-578.6617	-606.7977	0.7040494
754.26	-578.5311	-606.7966	0.704025
754.27	-578.4005	-606.7955	0.7040006
754.28	-578.27	-606.7945	0.7039761
754.29	-578.1394	-606.7935	0.7039517
754.3	-578.0089	-606.7924	0.7039273
754.31	-577.8783	-606.7914	0.7039028
754.32	-577.7477	-606.7903	0.7038784
754.33	-577.6172	-606.7892	0.703854
754.34	-577.4867	-606.7881	0.7038296
754.35	-577.3562	-606.787	0.7038051
754.36	-577.2257	-606.7859	0.7037808
754.37	-577.0952	-606.7848	0.7037564
754.38	-576.9647	-606.7837	0.703732
754.39	-576.8342	-606.7826	0.7037075
754.4	-576.7037	-606.7814	0.7036831
754.41	-576.5732	-606.7802	0.7036587
754.42	-576.4427	-606.7791	0.7036344
754.43	-576.3123	-606.7779	0.70361
754.44	-576.1819	-606.7767	0.7035856
754.45	-576.0515	-606.7756	0.7035612
754.46	-575.921	-606.7744	0.7035368
754.47	-575.7906	-606.7731	0.7035124
754.48	-575.6602	-606.7719	0.7034881
754.49	-575.5298	-606.7707	0.7034637
754.5	-575.3995	-606.7695	0.7034392
754.51	-575.2691	-606.7682	0.7034149
754.52	-575.1387	-606.767	0.7033905
754.53	-575.0084	-606.7657	0.703366
754.54	-574.878	-606.7645	0.7033417
754.55	-574.7476	-606.7632	0.7033173
754.56	-574.6172	-606.7619	0.7032928
754.57	-574.4869	-606.7606	0.7032685
754.58	-574.3566	-606.7593	0.7032441
754.59	-574.2263	-606.758	0.7032197
754.6	-574.0959	-606.7567	0.7031953
754.61	-573.9656	-606.7553	0.7031709
754.62	-573.8353	-606.754	0.7031465
754.63	-573.7051	-606.7526	0.7031221
754.64	-573.5748	-606.7512	0.7030977
754.65	-573.4446	-606.7499	0.7030733
754.66	-573.3143	-606.7485	0.7030489
754.67	-573.1841	-606.7471	0.7030246
754.68	-573.0538	-606.7457	0.7030001
754.69	-572.9236	-606.7443	0.7029757
754.7	-572.7933	-606.7429	0.7029514
754.71	-572.6631	-606.7415	0.702927
754.72	-572.5329	-606.7401	0.7029026
754.73	-572.4027	-606.7386	0.7028783
754.74	-572.2725	-606.7372	0.7028539
754.75	-572.1423	-606.7357	0.7028295
754.76	-572.0121	-606.7343	0.7028051
754.77	-571.882	-606.7327	0.7027807
754.78	-571.7519	-606.7313	0.7027563
754.79	-571.6218	-606.7298	0.7027319
754.8	-571.4916	-606.7283	0.7027075
754.81	-571.3615	-606.7268	0.7026832
754.82	-571.2314	-606.7253	0.7026587
754.83	-571.1013	-606.7237	0.7026343
754.84	-570.9711	-606.7222	0.70261
754.85	-570.841	-606.7206	0.7025856
754.86	-570.7109	-606.7191	0.7025612
754.87	-570.5807	-606.7176	0.7025368
754.88	-570.4507	-606.716	0.7025124
754.89	-570.3206	-606.7144	0.702488
754.9	-570.1906	-606.7128	0.7024636
754.91	-570.0605	-606.7112	0.7024392
754.92	-569.9304	-606.7096	0.7024149
754.93	-569.8004	-606.708	0.7023904
754.94	-569.6704	-606.7064	0.7023661
754.95	-569.5404	-606.7047	0.7023417
754.96	-569.4104	-606.7031	0.7023174
754.97	-569.2804	-606.7014	0.702293
754.98	-569.1504	-606.6998	0.7022686
754.99	-569.0204	-606.6981	0.7022443
755	-568.8904	-606.6965	0.7022198
755.01	-568.7604	-606.6948	0.7021955
755.02	-568.6304	-606.6931	0.7021711
755.03	-568.5004	-606.6913	0.7021468
755.04	-568.3705	-606.6896	0.7021224
755.05	-568.2405	-606.6879	0.702098
755.06	-568.1106	-606.6862	0.7020736
755.07	-567.9807	-606.6845	0.7020492
755.08	-567.8508	-606.6827	0.7020248
755.09	-567.7209	-606.681	0.7020004
755.1	-567.591	-606.6792	0.7019761
755.11	-567.4611	-606.6774	0.7019517
755.12	-567.3312	-606.6757	0.7019274
755.13	-567.2014	-606.6739	0.701903
755.14	-567.0715	-606.6721	0.7018785
755.15	-566.9416	-606.6703	0.7018542
755.16	-566.8117	-606.6685	0.7018299
755.17	-566.6819	-606.6666	0.7018054
755.18	-566.5521	-606.6648	0.701781
755.19	-566.4222	-606.663	0.7017567
755.2	-566.2924	-606.6611	0.7017323
755.21	-566.1626	-606.6592	0.701708
755.22	-566.0328	-606.6574	0.7016837
755.23	-565.903	-606.6555	0.7016594
755.24	-565.7733	-606.6536	0.7016351
755.25	-565.6435	-606.6517	0.7016108
755.26	-565.5137	-606.6498	0.7015865
755.27	-565.384	-606.6479	0.7015623
755.28	-565.2542	-606.646	0.7015383
755.29	-565.1245	-606.6441	0.7015144
755.3	-564.9947	-606.6422	0.7014905
755.31	-564.8649	-606.6402	0.7014669
755.32	-564.7352	-606.6382	0.7014433
755.33	-564.6055	-606.6362	0.7014204
755.34	-564.4758	-606.6343	0.7013983
755.35	-564.3461	-606.6323	0.7013767
755.36	-564.2164	-606.6304	0.7013556
755.37	-564.0867	-606.6284	0.7013351
755.38	-563.957	-606.6264	0.701316
755.39	-563.8274	-606.6244	0.701298
755.4	-563.6978	-606.6224	0.7012812
755.41	-563.5681	-606.6203	0.7012655
755.42	-563.4385	-606.6183	0.7012507
755.43	-563.3088	-606.6163	0.7012385
755.44	-563.1792	-606.6143	0.7012286
755.45	-563.0496	-606.6122	0.7012208
755.46	-562.9199	-606.6102	0.701215
755.47	-562.7903	-606.6082	0.7012113
755.48	-562.6606	-606.6062	0.7012094
755.49	-562.5311	-606.6042	0.7012115
755.5	-562.4015	-606.6022	0.7012174
755.51	-562.2719	-606.6002	0.7012268
755.52	-562.1423	-606.5981	0.7012396
755.53	-562.0128	-606.5962	0.7012569
755.54	-561.8833	-606.5942	0.7012783
755.55	-561.7538	-606.5923	0.7013036
755.56	-561.6243	-606.5904	0.7013327
755.57	-561.4948	-606.5884	0.7013665
755.58	-561.3652	-606.5865	0.7014049
755.59	-561.2357	-606.5846	0.7014475
755.6	-561.1062	-606.5827	0.7014942
755.61	-560.9767	-606.5808	0.7015446
755.62	-560.8472	-606.579	0.7015988
755.63	-560.7177	-606.5771	0.7016574
755.64	-560.5883	-606.5753	0.70172
755.65	-560.4588	-606.5735	0.7017866
755.66	-560.3293	-606.5717	0.7018569
755.67	-560.1999	-606.5699	0.7019306
755.68	-560.0705	-606.5681	0.7020079
755.69	-559.9411	-606.5664	0.7020885
755.7	-559.8117	-606.5646	0.7021723
755.71	-559.6823	-606.563	0.7022592
755.72	-559.5529	-606.5613	0.7023488
755.73	-559.4235	-606.5596	0.7024412
755.74	-559.2941	-606.558	0.702536
755.75	-559.1647	-606.5564	0.7026334
755.76	-559.0353	-606.5548	0.7027331
755.77	-558.9059	-606.5533	0.7028348
755.78	-558.7766	-606.5517	0.7029387
755.79	-558.6473	-606.5502	0.7030445
755.8	-558.5179	-606.5487	0.7031522
755.81	-558.3886	-606.5472	0.7032616
755.82	-558.2593	-606.5458	0.7033726
755.83	-558.1299	-606.5444	0.7034853
755.84	-558.0006	-606.543	0.7035993
755.85	-557.8713	-606.5417	0.7037148
755.86	-557.7419	-606.5403	0.7038317
755.87	-557.6126	-606.539	0.7039498
755.88	-557.4833	-606.5377	0.7040691
755.89	-557.3541	-606.5365	0.7041896
755.9	-557.2248	-606.5352	0.7043111
755.91	-557.0955	-606.5341	0.7044336
755.92	-556.9662	-606.5329	0.7045571
755.93	-556.837	-606.5318	0.7046815
755.94	-556.7077	-606.5308	0.7048067
755.95	-556.5784	-606.5297	0.7049327
755.96	-556.4492	-606.5287	0.7050595
755.97	-556.3199	-606.5277	0.705187
755.98	-556.1906	-606.5268	0.7053153
755.99	-556.0613	-606.5259	0.7054442
756	-555.9321	-606.525	0.7055737
756.01	-555.8028	-606.5242	0.7057037
756.02	-555.6735	-606.5234	0.7058343
756.03	-555.5443	-606.5226	0.7059653
756.04	-555.415	-606.522	0.7060969
756.05	-555.2857	-606.5213	0.706229
756.06	-555.1564	-606.5207	0.7063615
756.07	-555.0272	-606.5201	0.7064944
756.08	-554.8979	-606.5195	0.7066277
756.09	-554.7687	-606.519	0.7067614
756.1	-554.6394	-606.5186	0.7068954
756.11	-554.5101	-606.5181	0.7070296
756.12	-554.3809	-606.5177	0.7071643
756.13	-554.2516	-606.5173	0.7072992
756.14	-554.1223	-606.517	0.7074343
756.15	-553.993	-606.5168	0.7075697
756.16	-553.8638	-606.5166	0.7077054
756.17	-553.7346	-606.5164	0.7078413
756.18	-553.6053	-606.5163	0.7079775
756.19	-553.476	-606.5162	0.7081138
756.2	-553.3467	-606.5162	0.7082503
756.21	-553.2175	-606.5161	0.7083869
756.22	-553.0882	-606.5162	0.7085238
756.23	-552.9589	-606.5163	0.7086608
756.24	-552.8297	-606.5164	0.7087979
756.25	-552.7004	-606.5166	0.7089352
756.26	-552.5711	-606.5168	0.7090726
756.27	-552.4418	-606.5172	0.7092102
756.28	-552.3126	-606.5175	0.7093478
756.29	-552.1833	-606.5178	0.7094856
756.3	-552.054	-606.5182	0.7096235
756.31	-551.9247	-606.5187	0.7097614
756.32	-551.7955	-606.5192	0.7098994
756.33	-551.6662	-606.5197	0.7100375
756.34	-551.5369	-606.5203	0.7101756
756.35	-551.4077	-606.521	0.7103139
756.36	-551.2784	-606.5217	0.7104522
756.37	-551.149	-606.5225	0.7105905
756.38	-551.0198	-606.5233	0.7107289
756.39	-550.8905	-606.5241	0.7108674
756.4	-550.7612	-606.525	0.7110059
756.41	-550.6319	-606.5259	0.7111444
756.42	-550.5026	-606.5269	0.711283
756.43	-550.3733	-606.528	0.7114214
756.44	-550.244	-606.5291	0.7115594
756.45	-550.1147	-606.5302	0.7116972
756.46	-549.9854	-606.5313	0.7118348
756.47	-549.856	-606.5325	0.7119721
756.48	-549.7267	-606.5338	0.7121084
756.49	-549.5975	-606.5352	0.7122436
756.5	-549.4681	-606.5365	0.7123778
756.51	-549.3388	-606.5379	0.7125111
756.52	-549.2095	-606.5394	0.7126436
756.53	-549.0802	-606.5409	0.7127734
756.54	-548.9509	-606.5424	0.7129009
756.55	-548.8215	-606.5439	0.713026
756.56	-548.6922	-606.5456	0.713149
756.57	-548.5629	-606.5472	0.7132698
756.58	-548.4335	-606.549	0.7133868
756.59	-548.3042	-606.5507	0.7135003
756.6	-548.1749	-606.5524	0.7136104
756.61	-548.0455	-606.5543	0.7137173
756.62	-547.9162	-606.5561	0.7138195
756.63	-547.7869	-606.5579	0.7139171
756.64	-547.6575	-606.5598	0.7140105
756.65	-547.5282	-606.5618	0.7140999
756.66	-547.3989	-606.5637	0.7141855
756.67	-547.2695	-606.5657	0.7142664
756.68	-547.1402	-606.5677	0.7143425
756.69	-547.0109	-606.5698	0.7144144
756.7	-546.8815	-606.5718	0.7144821
756.71	-546.7522	-606.574	0.714546
756.72	-546.6229	-606.576	0.7146057
756.73	-546.4935	-606.5782	0.7146617
756.74	-546.3642	-606.5804	0.7147138
756.75	-546.2349	-606.5826	0.7147624
756.76	-546.1055	-606.5848	0.7148078
756.77	-545.9762	-606.5871	0.7148501
756.78	-545.8469	-606.5894	0.7148893
756.79	-545.7175	-606.5916	0.7149258
756.8	-545.5882	-606.5939	0.7149597
756.81	-545.4589	-606.5963	0.7149911
756.82	-545.3295	-606.5987	0.7150201
756.83	-545.2001	-606.6011	0.7150468
756.84	-545.0708	-606.6035	0.7150714
756.85	-544.9415	-606.6059	0.715094
756.86	-544.8121	-606.6083	0.7151147
756.87	-544.6827	-606.6108	0.7151335
756.88	-544.5534	-606.6133	0.7151508
756.89	-544.424	-606.6158	0.7151663
756.9	-544.2946	-606.6183	0.7151804
756.91	-544.1652	-606.6209	0.715193
756.92	-544.0358	-606.6235	0.7152043
756.93	-543.9065	-606.626	0.7152142
756.94	-543.7771	-606.6286	0.715223
756.95	-543.6477	-606.6312	0.7152305
756.96	-543.5183	-606.6339	0.715237
756.97	-543.3889	-606.6365	0.7152424
756.98	-543.2595	-606.6391	0.7152468
756.99	-543.1301	-606.6418	0.7152503
757	-543.0007	-606.6445	0.7152529
757.01	-542.8713	-606.6472	0.7152547
757.02	-542.7419	-606.6498	0.7152556
757.03	-542.6125	-606.6525	0.7152558
757.04	-542.4832	-606.6553	0.7152553
757.05	-542.3538	-606.658	0.7152541
757.06	-542.2244	-606.6608	0.7152523
757.07	-542.095	-606.6635	0.7152498
757.08	-541.9656	-606.6663	0.7152468
757.09	-541.8362	-606.669	0.7152432
757.1	-541.7068	-606.6718	0.7152391
757.11	-541.5774	-606.6746	0.7152345
757.12	-541.448	-606.6774	0.7152295
757.13	-541.3186	-606.6802	0.715224
757.14	-541.1892	-606.683	0.715218
757.15	-541.0598	-606.6858	0.7152117
757.16	-540.9304	-606.6886	0.715205
757.17	-540.801	-606.6914	0.7151979
757.18	-540.6716	-606.6942	0.7151905
757.19	-540.5422	-606.697	0.7151827
757.2	-540.4127	-606.6998	0.7151748
757.21	-540.2833	-606.7027	0.7151664
757.22	-540.1538	-606.7056	0.7151578
757.23	-540.0244	-606.7084	0.7151489
757.24	-539.895	-606.7113	0.7151399
757.25	-539.7655	-606.7142	0.7151304
757.26	-539.636	-606.717	0.7151209
757.27	-539.5066	-606.7198	0.7151111
757.28	-539.3771	-606.7227	0.7151011
757.29	-539.2477	-606.7256	0.7150909
757.3	-539.1182	-606.7285	0.7150806
757.31	-538.9888	-606.7313	0.71507
757.32	-538.8593	-606.7342	0.7150593
757.33	-538.7299	-606.7371	0.7150484
757.34	-538.6004	-606.7399	0.7150374
757.35	-538.4709	-606.7428	0.7150263
757.36	-538.3415	-606.7457	0.715015
757.37	-538.212	-606.7485	0.7150036
757.38	-538.0826	-606.7514	0.7149921
757.39	-537.9531	-606.7543	0.7149804
757.4	-537.8237	-606.7571	0.7149687
757.41	-537.6942	-606.7599	0.7149568
757.42	-537.5647	-606.7628	0.7149448
757.43	-537.4352	-606.7657	0.7149327
757.44	-537.3058	-606.7686	0.7149206
757.45	-537.1763	-606.7714	0.7149084
757.46	-537.0468	-606.7743	0.7148961
757.47	-536.9173	-606.7772	0.7148837
757.48	-536.7878	-606.78	0.7148712
757.49	-536.6584	-606.7829	0.7148587
757.5	-536.5289	-606.7858	0.714846
757.51	-536.3994	-606.7886	0.7148334
757.52	-536.2698	-606.7914	0.7148206
757.53	-536.1403	-606.7943	0.7148079
757.54	-536.0108	-606.7972	0.714795
757.55	-535.8813	-606.8	0.7147821
757.56	-535.7518	-606.8029	0.7147691
757.57	-535.6223	-606.8057	0.7147562
757.58	-535.4927	-606.8085	0.7147431
757.59	-535.3632	-606.8113	0.7147301
757.6	-535.2337	-606.8141	0.714717
757.61	-535.1042	-606.817	0.7147038
757.62	-534.9747	-606.8198	0.7146906
757.63	-534.8452	-606.8225	0.7146774
757.64	-534.7156	-606.8253	0.7146642
757.65	-534.5861	-606.8281	0.7146509
757.66	-534.4566	-606.8309	0.7146375
757.67	-534.3271	-606.8337	0.7146242
757.68	-534.1976	-606.8365	0.7146108
757.69	-534.0681	-606.8394	0.7145974
757.7	-533.9385	-606.8422	0.714584
757.71	-533.809	-606.845	0.7145706
757.72	-533.6794	-606.8478	0.7145571
757.73	-533.5499	-606.8506	0.7145437
757.74	-533.4204	-606.8534	0.7145302
757.75	-533.2908	-606.8561	0.7145166
757.76	-533.1613	-606.8588	0.7145031
757.77	-533.0317	-606.8616	0.7144895
757.78	-532.9022	-606.8643	0.7144759
757.79	-532.7726	-606.8671	0.7144623
757.8	-532.6431	-606.8698	0.7144487
757.81	-532.5135	-606.8726	0.7144351
757.82	-532.384	-606.8753	0.7144215
757.83	-532.2544	-606.8781	0.7144079
757.84	-532.1248	-606.8808	0.7143942
757.85	-531.9952	-606.8835	0.7143805
757.86	-531.8657	-606.8862	0.7143668
757.87	-531.7361	-606.889	0.7143531
757.88	-531.6065	-606.8917	0.7143394
757.89	-531.4769	-606.8945	0.7143257
757.9	-531.3474	-606.8972	0.714312
757.91	-531.2178	-606.8998	0.7142982
757.92	-531.0882	-606.9025	0.7142845
757.93	-530.9586	-606.9052	0.7142708
757.94	-530.829	-606.9079	0.7142569
757.95	-530.6995	-606.9106	0.7142432
757.96	-530.5699	-606.9132	0.7142295
757.97	-530.4402	-606.9159	0.7142157
757.98	-530.3107	-606.9186	0.7142019
757.99	-530.1811	-606.9213	0.7141881
758	-530.0515	-606.924	0.7141743
758.01	-529.9219	-606.9266	0.7141604
758.02	-529.7922	-606.9293	0.7141466
758.03	-529.6627	-606.9319	0.7141328
758.04	-529.533	-606.9346	0.714119
758.05	-529.4034	-606.9372	0.7141052
758.06	-529.2737	-606.9398	0.7140914
758.07	-529.1441	-606.9424	0.7140775
758.08	-529.0145	-606.945	0.7140637
758.09	-528.8848	-606.9476	0.7140499
758.1	-528.7552	-606.9503	0.714036
758.11	-528.6255	-606.9529	0.7140222
758.12	-528.4959	-606.9555	0.7140083
758.13	-528.3663	-606.9581	0.7139945
758.14	-528.2366	-606.9608	0.7139807
758.15	-528.107	-606.9634	0.7139668
758.16	-527.9774	-606.9659	0.713953
758.17	-527.8478	-606.9685	0.7139392
758.18	-527.7182	-606.971	0.7139254
758.19	-527.5886	-606.9736	0.7139117
758.2	-527.459	-606.9761	0.7138978
758.21	-527.3295	-606.9787	0.7138839
758.22	-527.1999	-606.9813	0.7138702
758.23	-527.0703	-606.9838	0.7138564
758.24	-526.9408	-606.9864	0.7138426
758.25	-526.8113	-606.989	0.7138289
758.26	-526.6818	-606.9915	0.7138151
758.27	-526.5522	-606.9941	0.7138014
758.28	-526.4227	-606.9966	0.7137877
758.29	-526.2932	-606.999	0.713774
758.3	-526.1637	-607.0015	0.7137602
758.31	-526.0342	-607.004	0.7137465
758.32	-525.9047	-607.0065	0.7137328
758.33	-525.7753	-607.009	0.7137191
758.34	-525.6458	-607.0115	0.7137054
758.35	-525.5164	-607.014	0.7136917
758.36	-525.3869	-607.0165	0.713678
758.37	-525.2574	-607.019	0.7136644
758.38	-525.1281	-607.0215	0.7136506
758.39	-524.9987	-607.024	0.713637
758.4	-524.8693	-607.0264	0.7136233
758.41	-524.7399	-607.0288	0.7136097
758.42	-524.6105	-607.0313	0.713596
758.43	-524.4811	-607.0337	0.7135824
758.44	-524.3517	-607.0361	0.7135687
758.45	-524.2224	-607.0386	0.7135551
758.46	-524.0931	-607.041	0.7135414
758.47	-523.9637	-607.0435	0.7135278
758.48	-523.8344	-607.0459	0.7135141
758.49	-523.7051	-607.0483	0.7135005
758.5	-523.5759	-607.0508	0.7134869
758.51	-523.4466	-607.0531	0.7134732
758.52	-523.3173	-607.0555	0.7134596
758.53	-523.188	-607.0579	0.713446
758.54	-523.0588	-607.0602	0.7134323
758.55	-522.9295	-607.0626	0.7134187
758.56	-522.8002	-607.065	0.713405
758.57	-522.671	-607.0674	0.7133914
758.58	-522.5418	-607.0698	0.7133777
758.59	-522.4126	-607.0721	0.7133641
758.6	-522.2834	-607.0745	0.7133505
758.61	-522.1542	-607.0769	0.7133369
758.62	-522.025	-607.0792	0.7133232
758.63	-521.8958	-607.0815	0.7133096
758.64	-521.7665	-607.0839	0.713296
758.65	-521.6373	-607.0862	0.7132823
758.66	-521.5081	-607.0885	0.7132686
758.67	-521.3789	-607.0908	0.713255
758.68	-521.2498	-607.0931	0.7132413
758.69	-521.1206	-607.0955	0.7132277
758.7	-520.9915	-607.0978	0.713214
758.71	-520.8623	-607.1001	0.7132004
758.72	-520.7332	-607.1024	0.7131868
758.73	-520.604	-607.1047	0.7131732
758.74	-520.4749	-607.107	0.7131595
758.75	-520.3457	-607.1093	0.7131459
758.76	-520.2166	-607.1115	0.7131322
758.77	-520.0875	-607.1138	0.7131185
758.78	-519.9584	-607.116	0.7131049
758.79	-519.8293	-607.1183	0.7130913
758.8	-519.7002	-607.1205	0.7130777
758.81	-519.5711	-607.1228	0.713064
758.82	-519.442	-607.1251	0.7130503
758.83	-519.313	-607.1273	0.7130367
758.84	-519.184	-607.1295	0.7130231
758.85	-519.0549	-607.1318	0.7130095
758.86	-518.9259	-607.134	0.7129959
758.87	-518.7969	-607.1362	0.7129822
758.88	-518.6678	-607.1384	0.7129686
758.89	-518.5388	-607.1406	0.712955
758.9	-518.4098	-607.1428	0.7129413
758.91	-518.2808	-607.145	0.7129278
758.92	-518.1517	-607.1472	0.7129142
758.93	-518.0227	-607.1494	0.7129005
758.94	-517.8937	-607.1516	0.7128869
758.95	-517.7648	-607.1537	0.7128733
758.96	-517.6358	-607.1559	0.7128597
758.97	-517.5068	-607.1581	0.712846
758.98	-517.3779	-607.1602	0.7128325
758.99	-517.2489	-607.1624	0.7128189
759	-517.1199	-607.1645	0.7128052
759.01	-516.991	-607.1666	0.7127916
759.02	-516.862	-607.1688	0.712778
759.03	-516.7331	-607.1709	0.7127644
759.04	-516.6042	-607.173	0.7127509
759.05	-516.4753	-607.1752	0.7127372
759.06	-516.3464	-607.1772	0.7127236
759.07	-516.2175	-607.1794	0.71271
759.08	-516.0886	-607.1815	0.7126964
759.09	-515.9597	-607.1837	0.7126828
759.1	-515.8307	-607.1857	0.7126692
759.11	-515.7018	-607.1878	0.7126555
759.12	-515.5729	-607.1899	0.7126419
759.13	-515.444	-607.192	0.7126283
759.14	-515.3152	-607.194	0.7126147
759.15	-515.1863	-607.1961	0.7126011
759.16	-515.0575	-607.1982	0.7125875
759.17	-514.9286	-607.2002	0.7125738
759.18	-514.7998	-607.2023	0.7125602
759.19	-514.671	-607.2043	0.7125466
759.2	-514.5421	-607.2064	0.7125329
759.21	-514.4133	-607.2085	0.7125193
759.22	-514.2845	-607.2105	0.7125057
759.23	-514.1557	-607.2125	0.712492
759.24	-514.0269	-607.2145	0.7124784
759.25	-513.8981	-607.2166	0.7124648
759.26	-513.7693	-607.2186	0.7124512
759.27	-513.6406	-607.2205	0.7124375
759.28	-513.5118	-607.2225	0.7124239
759.29	-513.383	-607.2245	0.7124102
759.3	-513.2542	-607.2266	0.7123966
759.31	-513.1254	-607.2286	0.7123829
759.32	-512.9966	-607.2306	0.7123692
759.33	-512.8679	-607.2326	0.7123555
759.34	-512.7391	-607.2346	0.7123418
759.35	-512.6103	-607.2365	0.7123282
759.36	-512.4815	-607.2385	0.7123145
759.37	-512.3527	-607.2404	0.7123008
759.38	-512.224	-607.2423	0.7122872
759.39	-512.0953	-607.2443	0.7122735
759.4	-511.9666	-607.2462	0.7122598
759.41	-511.8378	-607.2482	0.7122461
759.42	-511.709	-607.2501	0.7122325
759.43	-511.5803	-607.2521	0.7122188
759.44	-511.4516	-607.254	0.7122051
759.45	-511.3229	-607.256	0.7121914
759.46	-511.1942	-607.2579	0.7121778
759.47	-511.0654	-607.2598	0.7121642
759.48	-510.9367	-607.2617	0.7121505
759.49	-510.808	-607.2635	0.7121367
759.5	-510.6794	-607.2654	0.7121231
759.51	-510.5507	-607.2673	0.7121094
759.52	-510.422	-607.2692	0.7120957
759.53	-510.2933	-607.2711	0.7120821
759.54	-510.1646	-607.2729	0.7120683
759.55	-510.0359	-607.2748	0.7120547
759.56	-509.9072	-607.2767	0.712041
759.57	-509.7785	-607.2786	0.7120274
759.58	-509.6499	-607.2805	0.7120137
759.59	-509.5212	-607.2823	0.712
759.6	-509.3925	-607.2841	0.7119862
759.61	-509.2639	-607.2859	0.7119725
759.62	-509.1352	-607.2877	0.7119587
759.63	-509.0066	-607.2896	0.7119449
759.64	-508.8779	-607.2914	0.7119311
759.65	-508.7493	-607.2932	0.7119172
759.66	-508.6207	-607.295	0.7119033
759.67	-508.492	-607.2969	0.7118893
759.68	-508.3634	-607.2987	0.711875
759.69	-508.2348	-607.3005	0.7118604
759.7	-508.1062	-607.3023	0.7118455
759.71	-507.9776	-607.304	0.7118303
759.72	-507.8489	-607.3058	0.7118148
759.73	-507.7203	-607.3076	0.711798
759.74	-507.5917	-607.3093	0.7117799
759.75	-507.4631	-607.3111	0.7117606
759.76	-507.3345	-607.3129	0.7117401
759.77	-507.2059	-607.3146	0.7117187
759.78	-507.0774	-607.3163	0.711695
759.79	-506.9488	-607.3179	0.7116691
759.8	-506.8202	-607.3196	0.7116413
759.81	-506.6917	-607.3214	0.7116116
759.82	-506.5631	-607.323	0.711579
759.83	-506.4346	-607.3246	0.7115435
759.84	-506.306	-607.3262	0.7115055
759.85	-506.1775	-607.3279	0.7114649
759.86	-506.0489	-607.3295	0.7114221
759.87	-505.9203	-607.331	0.711377
759.88	-505.7918	-607.3326	0.711329
759.89	-505.6632	-607.3342	0.7112784
759.9	-505.5347	-607.3356	0.7112252
759.91	-505.4062	-607.3372	0.7111694
759.92	-505.2776	-607.3387	0.7111115
759.93	-505.1491	-607.3401	0.7110512
759.94	-505.0206	-607.3416	0.710989
759.95	-504.8921	-607.343	0.7109248
759.96	-504.7635	-607.3445	0.7108586
759.97	-504.6351	-607.3459	0.7107909
759.98	-504.5066	-607.3472	0.7107214
759.99	-504.3782	-607.3486	0.7106504
760	-504.2497	-607.3499	0.7105778
760.01	-504.1213	-607.3513	0.7105039
760.02	-503.9929	-607.3525	0.7104286
760.03	-503.8645	-607.3538	0.7103521
760.04	-503.7361	-607.355	0.7102743
760.05	-503.6078	-607.3563	0.7101954
760.06	-503.4794	-607.3575	0.7101154
760.07	-503.3511	-607.3586	0.7100345
760.08	-503.2228	-607.3599	0.7099525
760.09	-503.0945	-607.361	0.7098696
760.1	-502.9662	-607.3621	0.7097859
760.11	-502.8379	-607.3632	0.7097012
760.12	-502.7097	-607.3643	0.7096159
760.13	-502.5814	-607.3654	0.7095298
760.14	-502.4532	-607.3664	0.7094429
760.15	-502.325	-607.3674	0.7093554
760.16	-502.1968	-607.3683	0.7092671
760.17	-502.0686	-607.3693	0.7091784
760.18	-501.9405	-607.3702	0.709089
760.19	-501.8123	-607.3712	0.7089992
760.2	-501.6842	-607.372	0.7089087
760.21	-501.556	-607.3728	0.7088178
760.22	-501.4279	-607.3737	0.7087263
760.23	-501.2999	-607.3745	0.7086345
760.24	-501.1718	-607.3752	0.7085423
760.25	-501.0437	-607.376	0.7084496
760.26	-500.9157	-607.3766	0.7083566
760.27	-500.7877	-607.3774	0.7082632
760.28	-500.6596	-607.378	0.7081695
760.29	-500.5316	-607.3786	0.7080754
760.3	-500.4037	-607.3792	0.7079811
760.31	-500.2757	-607.3798	0.7078863
760.32	-500.1477	-607.3803	0.7077915
760.33	-500.0198	-607.3808	0.7076964
760.34	-499.8918	-607.3812	0.7076011
760.35	-499.7639	-607.3817	0.7075058
760.36	-499.636	-607.3821	0.7074102
760.37	-499.5081	-607.3824	0.7073144
760.38	-499.3802	-607.3828	0.7072186
760.39	-499.2524	-607.3831	0.7071232
760.4	-499.1248	-607.3834	0.7070282
760.41	-498.9977	-607.3837	0.7069338
760.42	-498.8708	-607.3839	0.7068398
760.43	-498.7442	-607.3841	0.7067467
760.44	-498.618	-607.3843	0.7066544
760.45	-498.4921	-607.3844	0.7065629
760.46	-498.3665	-607.3846	0.7064721
760.47	-498.2412	-607.3846	0.7063819
760.48	-498.1162	-607.3848	0.7062923
760.49	-497.9916	-607.3848	0.7062044
760.5	-497.8673	-607.3848	0.7061179
760.51	-497.7433	-607.3848	0.7060328
760.52	-497.6196	-607.3847	0.7059489
760.53	-497.4963	-607.3846	0.705867
760.54	-497.3733	-607.3845	0.7057867
760.55	-497.2505	-607.3845	0.705708
760.56	-497.1281	-607.3843	0.7056309
760.57	-497.006	-607.3842	0.7055553
760.58	-496.8843	-607.3839	0.7054815
760.59	-496.7629	-607.3837	0.7054096
760.6	-496.6418	-607.3835	0.7053394
760.61	-496.521	-607.3832	0.7052709
760.62	-496.4005	-607.3829	0.705204
760.63	-496.2803	-607.3826	0.7051388
760.64	-496.1605	-607.3823	0.7050753
760.65	-496.041	-607.382	0.7050135
760.66	-495.9218	-607.3816	0.7049533
760.67	-495.8029	-607.3812	0.7048944
760.68	-495.6843	-607.3808	0.7048371
760.69	-495.5661	-607.3804	0.7047812
760.7	-495.4482	-607.3799	0.7047267
760.71	-495.3306	-607.3795	0.7046735
760.72	-495.2133	-607.379	0.7046214
760.73	-495.0964	-607.3784	0.7045705
760.74	-494.9797	-607.3779	0.7045206
760.75	-494.8634	-607.3774	0.7044718
760.76	-494.7474	-607.3768	0.704424
760.77	-494.6317	-607.3762	0.7043772
760.78	-494.5164	-607.3756	0.7043312
760.79	-494.4015	-607.3749	0.7042856
760.8	-494.2872	-607.3743	0.7042423
760.81	-494.1727	-607.3737	0.7042
760.82	-494.0583	-607.373	0.7041579
760.83	-493.9439	-607.3723	0.7041164
760.84	-493.8295	-607.3716	0.7040754
760.85	-493.7151	-607.3709	0.7040348
760.86	-493.6007	-607.3701	0.7039946
760.87	-493.4864	-607.3694	0.703955
760.88	-493.3721	-607.3686	0.7039158
760.89	-493.2578	-607.3678	0.7038768
760.9	-493.1435	-607.3669	0.7038384
760.91	-493.0292	-607.3661	0.7038004
760.92	-492.9149	-607.3652	0.7037626
760.93	-492.8006	-607.3644	0.7037252
760.94	-492.6864	-607.3635	0.7036881
760.95	-492.5721	-607.3625	0.7036514
760.96	-492.4579	-607.3616	0.7036149
760.97	-492.3437	-607.3607	0.7035787
760.98	-492.2295	-607.3597	0.7035427
760.99	-492.1153	-607.3588	0.703507
761	-492.0011	-607.3578	0.7034715
761.01	-491.887	-607.3568	0.7034362
761.02	-491.7728	-607.3558	0.7034011
761.03	-491.6587	-607.3547	0.7033662
761.04	-491.5446	-607.3537	0.7033315
761.05	-491.4305	-607.3527	0.7032969
761.06	-491.3164	-607.3516	0.7032625
761.07	-491.2023	-607.3505	0.7032282
761.08	-491.0883	-607.3494	0.7031941
761.09	-490.9742	-607.3483	0.7031602
761.1	-490.8602	-607.3472	0.7031262
761.11	-490.7461	-607.3459	0.7030925
761.12	-490.6321	-607.3448	0.7030588
761.13	-490.5182	-607.3436	0.7030253
761.14	-490.4042	-607.3425	0.7029918
761.15	-490.2902	-607.3413	0.7029584
761.16	-490.1762	-607.34	0.7029251
761.17	-490.0623	-607.3388	0.702892
761.18	-489.9484	-607.3376	0.7028588
761.19	-489.8344	-607.3364	0.7028257
761.2	-489.7205	-607.3351	0.7027926
761.21	-489.6065	-607.3338	0.7027594
761.22	-489.4925	-607.3325	0.7027265
761.23	-489.3785	-607.3312	0.7026934
761.24	-489.2645	-607.33	0.7026604
761.25	-489.1504	-607.3286	0.7026272
761.26	-489.0363	-607.3273	0.7025941
761.27	-488.9221	-607.3259	0.702561
761.28	-488.8079	-607.3246	0.7025278
761.29	-488.6937	-607.3232	0.7024944
761.3	-488.5793	-607.3218	0.7024611
761.31	-488.465	-607.3204	0.7024279
761.32	-488.3506	-607.319	0.7023944
761.33	-488.2361	-607.3176	0.702361
761.34	-488.1216	-607.3162	0.7023275
761.35	-488.007	-607.3148	0.7022941
761.36	-487.8924	-607.3133	0.7022606
761.37	-487.7777	-607.3118	0.7022269
761.38	-487.663	-607.3104	0.7021934
761.39	-487.5482	-607.3088	0.7021597
761.4	-487.4334	-607.3074	0.702126
761.41	-487.3185	-607.3058	0.7020923
761.42	-487.2036	-607.3043	0.7020586
761.43	-487.0887	-607.3027	0.7020248
761.44	-486.9736	-607.3012	0.7019911
761.45	-486.8586	-607.2997	0.7019573
761.46	-486.7434	-607.2981	0.7019234
761.47	-486.6282	-607.2965	0.7018895
761.48	-486.513	-607.2949	0.7018557
761.49	-486.3977	-607.2933	0.7018217
761.5	-486.2823	-607.2917	0.7017878
761.51	-486.1669	-607.29	0.7017538
761.52	-486.0515	-607.2883	0.7017198
761.53	-485.9359	-607.2867	0.7016858
761.54	-485.8204	-607.285	0.7016517
761.55	-485.7047	-607.2834	0.7016175
761.56	-485.5891	-607.2817	0.7015834
761.57	-485.4733	-607.2799	0.7015492
761.58	-485.3575	-607.2782	0.7015151
761.59	-485.2417	-607.2765	0.7014809
761.6	-485.1258	-607.2748	0.7014466
761.61	-485.0098	-607.2729	0.7014123
761.62	-484.8938	-607.2712	0.701378
761.63	-484.7778	-607.2694	0.7013437
761.64	-484.6617	-607.2676	0.7013094
761.65	-484.5455	-607.2658	0.701275
761.66	-484.4292	-607.264	0.7012406
761.67	-484.313	-607.2621	0.7012062
761.68	-484.1966	-607.2603	0.7011717
761.69	-484.0802	-607.2585	0.7011372
761.7	-483.9637	-607.2566	0.7011027
761.71	-483.8472	-607.2547	0.7010682
761.72	-483.7306	-607.2528	0.7010335
761.73	-483.614	-607.2509	0.7009989
761.74	-483.4973	-607.249	0.7009643
761.75	-483.3805	-607.2471	0.7009296
761.76	-483.2636	-607.2451	0.7008949
761.77	-483.1467	-607.2432	0.7008601
761.78	-483.0298	-607.2412	0.7008253
761.79	-482.9127	-607.2392	0.7007905
761.8	-482.7956	-607.2372	0.7007557
761.81	-482.6784	-607.2352	0.7007208
761.82	-482.5612	-607.2332	0.7006859
761.83	-482.4439	-607.2311	0.7006509
761.84	-482.3266	-607.2291	0.7006161
761.85	-482.2092	-607.2271	0.7005811
761.86	-482.0917	-607.225	0.700546
761.87	-481.9741	-607.2229	0.700511
761.88	-481.8565	-607.2208	0.7004759
761.89	-481.7388	-607.2188	0.7004409
761.9	-481.6211	-607.2167	0.7004057
761.91	-481.5033	-607.2145	0.7003705
761.92	-481.3854	-607.2123	0.7003354
761.93	-481.2675	-607.2102	0.7003002
761.94	-481.1495	-607.2081	0.7002649
761.95	-481.0314	-607.2059	0.7002297
761.96	-480.9133	-607.2037	0.7001945
761.97	-480.7951	-607.2015	0.7001592
761.98	-480.6768	-607.1993	0.7001238
761.99	-480.5585	-607.1971	0.7000884
762	-480.4401	-607.1948	0.7000531
762.01	-480.3217	-607.1926	0.7000178
762.02	-480.2032	-607.1903	0.6999823
762.03	-480.0846	-607.188	0.6999469
762.04	-479.966	-607.1858	0.6999114
762.05	-479.8473	-607.1834	0.6998759
762.06	-479.7285	-607.1811	0.6998404
762.07	-479.6096	-607.1788	0.6998049
762.08	-479.4908	-607.1765	0.6997693
762.09	-479.3718	-607.1741	0.6997338
762.1	-479.2528	-607.1717	0.6996982
762.11	-479.1337	-607.1693	0.6996626
762.12	-479.0146	-607.1669	0.6996269
762.13	-478.8954	-607.1645	0.6995913
762.14	-478.7761	-607.1621	0.6995556
762.15	-478.6568	-607.1597	0.6995199
762.16	-478.5374	-607.1572	0.6994842
762.17	-478.4179	-607.1547	0.6994485
762.18	-478.2984	-607.1523	0.6994127
762.19	-478.1788	-607.1498	0.6993769
762.2	-478.0591	-607.1473	0.6993412
762.21	-477.9394	-607.1448	0.6993052
762.22	-477.8197	-607.1423	0.6992695
762.23	-477.6998	-607.1398	0.6992337
762.24	-477.5799	-607.1372	0.6991977
762.25	-477.46	-607.1346	0.6991618
762.26	-477.3399	-607.132	0.6991259
762.27	-477.2198	-607.1295	0.6990899
762.28	-477.0997	-607.1269	0.6990539
762.29	-476.9795	-607.1243	0.6990179
762.3	-476.8592	-607.1216	0.698982
762.31	-476.7389	-607.119	0.6989459
762.32	-476.6185	-607.1163	0.6989099
762.33	-476.498	-607.1137	0.6988738
762.34	-476.3775	-607.111	0.6988378
762.35	-476.2569	-607.1083	0.6988016
762.36	-476.1362	-607.1056	0.6987655
762.37	-476.0155	-607.1029	0.6987293
762.38	-475.8947	-607.1002	0.6986932
762.39	-475.7739	-607.0974	0.698657
762.4	-475.653	-607.0946	0.6986208
762.41	-475.532	-607.0919	0.6985846
762.42	-475.411	-607.0891	0.6985483
762.43	-475.2899	-607.0862	0.6985121
762.44	-475.1687	-607.0834	0.6984758
762.45	-475.0475	-607.0806	0.6984394
762.46	-474.9262	-607.0778	0.6984031
762.47	-474.8049	-607.0749	0.6983667
762.48	-474.6835	-607.072	0.6983304
762.49	-474.5621	-607.0692	0.698294
762.5	-474.4406	-607.0663	0.6982576
762.51	-474.3189	-607.0634	0.6982211
762.52	-474.1973	-607.0604	0.6981847
762.53	-474.0756	-607.0575	0.6981483
762.54	-473.9538	-607.0546	0.6981117
762.55	-473.8319	-607.0516	0.6980752
762.56	-473.71	-607.0486	0.6980386
762.57	-473.588	-607.0456	0.6980022
762.58	-473.466	-607.0426	0.6979656
762.59	-473.344	-607.0396	0.697929
762.6	-473.2218	-607.0366	0.6978924
762.61	-473.0996	-607.0335	0.6978557
762.62	-472.9773	-607.0305	0.6978191
762.63	-472.855	-607.0274	0.6977825
762.64	-472.7326	-607.0243	0.6977457
762.65	-472.6101	-607.0212	0.6977091
762.66	-472.4876	-607.0181	0.6976722
762.67	-472.365	-607.015	0.6976356
762.68	-472.2424	-607.0118	0.6975988
762.69	-472.1197	-607.0086	0.697562
762.7	-471.9969	-607.0054	0.6975253
762.71	-471.8741	-607.0023	0.6974884
762.72	-471.7512	-606.999	0.6974516
762.73	-471.6283	-606.9958	0.6974147
762.74	-471.5052	-606.9926	0.6973778
762.75	-471.3822	-606.9894	0.697341
762.76	-471.259	-606.9861	0.697304
762.77	-471.1359	-606.9828	0.6972671
762.78	-471.0126	-606.9796	0.6972302
762.79	-470.8893	-606.9763	0.6971932
762.8	-470.7659	-606.9729	0.6971562
762.81	-470.6425	-606.9696	0.6971192
762.82	-470.519	-606.9662	0.6970822
762.83	-470.3954	-606.9629	0.6970451
762.84	-470.2718	-606.9595	0.6970081
762.85	-470.1481	-606.9561	0.696971
762.86	-470.0243	-606.9528	0.6969339
762.87	-469.9005	-606.9493	0.6968968
762.88	-469.7766	-606.9459	0.6968597
762.89	-469.6527	-606.9424	0.6968225
762.9	-469.5287	-606.939	0.6967853
762.91	-469.4047	-606.9355	0.6967481
762.92	-469.2805	-606.9321	0.6967109
762.93	-469.1564	-606.9285	0.6966736
762.94	-469.0322	-606.925	0.6966364
762.95	-468.9079	-606.9215	0.6965992
762.96	-468.7835	-606.918	0.6965618
762.97	-468.6591	-606.9144	0.6965246
762.98	-468.5346	-606.9108	0.6964872
762.99	-468.4101	-606.9073	0.6964499
763	-468.2855	-606.9037	0.6964125
763.01	-468.1608	-606.9	0.6963751
763.02	-468.0361	-606.8964	0.6963377
763.03	-467.9113	-606.8928	0.6963003
763.04	-467.7865	-606.8892	0.6962629
763.05	-467.6616	-606.8854	0.6962254
763.06	-467.5366	-606.8818	0.6961879
763.07	-467.4116	-606.8781	0.6961504
763.08	-467.2865	-606.8744	0.6961129
763.09	-467.1614	-606.8706	0.6960754
763.1	-467.0362	-606.8669	0.6960378
763.11	-466.9109	-606.8632	0.6960002
763.12	-466.7856	-606.8594	0.6959627
763.13	-466.6602	-606.8555	0.6959251
763.14	-466.5348	-606.8517	0.6958874
763.15	-466.4093	-606.848	0.6958498
763.16	-466.2838	-606.8441	0.6958121
763.17	-466.1581	-606.8402	0.6957744
763.18	-466.0325	-606.8364	0.6957368
763.19	-465.9067	-606.8325	0.695699
763.2	-465.781	-606.8286	0.6956613
763.21	-465.6551	-606.8246	0.6956235
763.22	-465.5292	-606.8207	0.6955858
763.23	-465.4033	-606.8168	0.695548
763.24	-465.2773	-606.8129	0.6955102
763.25	-465.1512	-606.8089	0.6954724
763.26	-465.025	-606.8049	0.6954345
763.27	-464.8988	-606.801	0.6953967
763.28	-464.7726	-606.797	0.6953588
763.29	-464.6462	-606.7929	0.6953208
763.3	-464.5199	-606.7889	0.6952829
763.31	-464.3934	-606.7849	0.695245
763.32	-464.2669	-606.7808	0.695207
763.33	-464.1404	-606.7767	0.6951691
763.34	-464.0137	-606.7726	0.6951311
763.35	-463.8871	-606.7685	0.6950931
763.36	-463.7603	-606.7644	0.695055
763.37	-463.6335	-606.7602	0.695017
763.38	-463.5067	-606.756	0.6949789
763.39	-463.3798	-606.7519	0.6949409
763.4	-463.2528	-606.7477	0.6949027
763.41	-463.1257	-606.7435	0.6948646
