1804.31	-645.8506	-606.8574	0.7127362
1804.32	-645.7307	-606.8594	0.7126803
1804.33	-645.6108	-606.8615	0.7126244
1804.34	-645.491	-606.8634	0.7125682
1804.35	-645.3712	-606.8654	0.712512
1804.36	-645.2514	-606.8674	0.7124556
1804.37	-645.1316	-606.8693	0.7123991
1804.38	-645.0118	-606.8712	0.7123424
1804.39	-644.8921	-606.8731	0.7122858
1804.4	-644.7723	-606.875	0.712229
1804.41	-644.6526	-606.8769	0.7121722
1804.42	-644.5329	-606.8787	0.7121152
1804.43	-644.4132	-606.8806	0.7120582
1804.44	-644.2935	-606.8824	0.7120011
1804.45	-644.1739	-606.8842	0.711944
1804.46	-644.0543	-606.886	0.7118868
1804.47	-643.9346	-606.8877	0.7118295
1804.48	-643.815	-606.8895	0.7117721
1804.49	-643.6954	-606.8912	0.7117148
1804.5	-643.5758	-606.8929	0.7116572
1804.51	-643.4562	-606.8946	0.7115993
1804.52	-643.3367	-606.8963	0.7115414
1804.53	-643.2171	-606.8979	0.7114832
1804.54	-643.0975	-606.8995	0.7114249
1804.55	-642.978	-606.9011	0.7113662
1804.56	-642.8585	-606.9027	0.7113069
1804.57	-642.739	-606.9043	0.7112473
1804.58	-642.6195	-606.9058	0.7111873
1804.59	-642.5	-606.9073	0.711127
1804.6	-642.3806	-606.9088	0.7110659
1804.61	-642.2611	-606.9103	0.7110044
1804.62	-642.1417	-606.9118	0.7109423
1804.63	-642.0222	-606.9132	0.7108796
1804.64	-641.9028	-606.9147	0.7108166
1804.65	-641.7834	-606.916	0.7107527
1804.66	-641.664	-606.9174	0.7106883
1804.67	-641.5446	-606.9188	0.7106233
1804.68	-641.4252	-606.9201	0.7105576
1804.69	-641.3059	-606.9214	0.7104916
1804.7	-641.1866	-606.9227	0.7104248
1804.71	-641.0673	-606.924	0.7103572
1804.72	-640.948	-606.9252	0.7102891
1804.73	-640.8287	-606.9265	0.7102204
1804.74	-640.7095	-606.9277	0.7101511
1804.75	-640.5902	-606.9289	0.710081
1804.76	-640.471	-606.93	0.7100103
1804.77	-640.3518	-606.9312	0.709939
1804.78	-640.2326	-606.9323	0.709867
1804.79	-640.1134	-606.9333	0.7097945
1804.8	-639.9943	-606.9344	0.7097214
1804.81	-639.8751	-606.9354	0.7096477
1804.82	-639.756	-606.9364	0.7095733
1804.83	-639.6368	-606.9374	0.7094985
1804.84	-639.5177	-606.9384	0.7094232
1804.85	-639.3986	-606.9393	0.7093473
1804.86	-639.2795	-606.9402	0.709271
1804.87	-639.1605	-606.9412	0.7091942
1804.88	-639.0414	-606.942	0.7091169
1804.89	-638.9223	-606.9429	0.7090393
1804.9	-638.8033	-606.9437	0.7089613
1804.91	-638.6843	-606.9445	0.7088829
1804.92	-638.5652	-606.9453	0.7088041
1804.93	-638.4462	-606.946	0.7087252
1804.94	-638.3272	-606.9467	0.7086458
1804.95	-638.2083	-606.9474	0.7085661
1804.96	-638.0893	-606.9481	0.7084861
1804.97	-637.9703	-606.9487	0.708406
1804.98	-637.8514	-606.9493	0.7083256
1804.99	-637.7325	-606.95	0.7082449
1805	-637.6136	-606.9505	0.7081641
1805.01	-637.4947	-606.951	0.708083
1805.02	-637.3758	-606.9515	0.7080017
1805.03	-637.257	-606.952	0.7079203
1805.04	-637.1381	-606.9525	0.7078387
1805.05	-637.0193	-606.9529	0.7077569
1805.06	-636.9005	-606.9534	0.707675
1805.07	-636.7817	-606.9537	0.707593
1805.08	-636.663	-606.9541	0.7075108
1805.09	-636.5442	-606.9544	0.7074284
1805.1	-636.4255	-606.9548	0.707346
1805.11	-636.3068	-606.955	0.7072635
1805.12	-636.188	-606.9553	0.7071809
1805.13	-636.0693	-606.9555	0.7070982
1805.14	-635.9506	-606.9557	0.7070155
1805.15	-635.832	-606.9559	0.7069328
1805.16	-635.7133	-606.956	0.70685
1805.17	-635.5947	-606.9562	0.7067672
1805.18	-635.476	-606.9562	0.7066844
1805.19	-635.3574	-606.9564	0.7066015
1805.2	-635.2388	-606.9564	0.7065188
1805.21	-635.1202	-606.9564	0.7064363
1805.22	-635.0016	-606.9564	0.7063537
1805.23	-634.883	-606.9563	0.7062714
1805.24	-634.7644	-606.9563	0.706189
1805.25	-634.6459	-606.9562	0.7061071
1805.26	-634.5273	-606.9561	0.7060256
1805.27	-634.4088	-606.9559	0.7059443
1805.28	-634.2903	-606.9558	0.7058634
1805.29	-634.1718	-606.9556	0.7057827
1805.3	-634.0533	-606.9554	0.7057028
1805.31	-633.9349	-606.9551	0.7056237
1805.32	-633.8165	-606.9549	0.7055454
1805.33	-633.6981	-606.9546	0.7054678
1805.34	-633.5797	-606.9543	0.7053908
1805.35	-633.4612	-606.9539	0.7053154
1805.36	-633.3429	-606.9536	0.7052417
1805.37	-633.2245	-606.9532	0.7051693
1805.38	-633.1062	-606.9528	0.7050983
1805.39	-632.9879	-606.9524	0.7050287
1805.4	-632.8696	-606.952	0.7049614
1805.41	-632.7513	-606.9515	0.7048963
1805.42	-632.633	-606.951	0.7048334
1805.43	-632.5147	-606.9506	0.7047726
1805.44	-632.3965	-606.95	0.7047144
1805.45	-632.2783	-606.9495	0.7046587
1805.46	-632.16	-606.9489	0.7046055
1805.47	-632.0418	-606.9484	0.7045544
1805.48	-631.9236	-606.9478	0.7045056
1805.49	-631.8054	-606.9472	0.7044588
1805.5	-631.6872	-606.9466	0.704414
1805.51	-631.569	-606.946	0.7043712
1805.52	-631.4509	-606.9454	0.70433
1805.53	-631.3327	-606.9447	0.7042906
1805.54	-631.2145	-606.944	0.7042527
1805.55	-631.0964	-606.9434	0.7042164
1805.56	-630.9783	-606.9427	0.7041814
1805.57	-630.8602	-606.942	0.7041477
1805.58	-630.7422	-606.9412	0.7041152
1805.59	-630.6241	-606.9405	0.7040839
1805.6	-630.5061	-606.9398	0.7040537
1805.61	-630.3881	-606.939	0.7040245
1805.62	-630.2701	-606.9382	0.7039962
1805.63	-630.1521	-606.9374	0.7039689
1805.64	-630.0341	-606.9366	0.7039424
1805.65	-629.9162	-606.9358	0.7039166
1805.66	-629.7983	-606.9349	0.7038916
1805.67	-629.6804	-606.9341	0.7038674
1805.68	-629.5624	-606.9332	0.7038438
1805.69	-629.4445	-606.9323	0.7038209
1805.7	-629.3267	-606.9315	0.7037985
1805.71	-629.2088	-606.9305	0.7037767
1805.72	-629.0909	-606.9296	0.7037554
1805.73	-628.9731	-606.9287	0.7037346
1805.74	-628.8552	-606.9278	0.7037143
1805.75	-628.7374	-606.9268	0.7036944
1805.76	-628.6196	-606.9258	0.7036749
1805.77	-628.5018	-606.9249	0.7036558
1805.78	-628.384	-606.9239	0.7036371
1805.79	-628.2662	-606.9229	0.7036188
1805.8	-628.1485	-606.9219	0.7036007
1805.81	-628.0308	-606.921	0.703583
1805.82	-627.913	-606.9199	0.7035656
1805.83	-627.7953	-606.9188	0.7035484
1805.84	-627.6776	-606.9178	0.7035315
1805.85	-627.5599	-606.9167	0.7035149
1805.86	-627.4423	-606.9157	0.7034985
1805.87	-627.3246	-606.9147	0.7034823
1805.88	-627.207	-606.9136	0.7034664
1805.89	-627.0894	-606.9125	0.7034506
1805.9	-626.9717	-606.9114	0.703435
1805.91	-626.8541	-606.9103	0.7034196
1805.92	-626.7366	-606.9092	0.7034043
1805.93	-626.619	-606.908	0.7033892
1805.94	-626.5015	-606.9069	0.7033743
1805.95	-626.384	-606.9058	0.7033594
1805.96	-626.2665	-606.9047	0.7033448
1805.97	-626.149	-606.9035	0.7033303
1805.98	-626.0315	-606.9023	0.7033159
1805.99	-625.914	-606.9012	0.7033015
1806	-625.7966	-606.9	0.7032872
1806.01	-625.6791	-606.8989	0.7032732
1806.02	-625.5617	-606.8977	0.7032591
1806.03	-625.4443	-606.8965	0.7032452
1806.04	-625.3268	-606.8953	0.7032313
1806.05	-625.2095	-606.894	0.7032176
1806.06	-625.0921	-606.8928	0.7032039
1806.07	-624.9747	-606.8916	0.7031903
1806.08	-624.8574	-606.8904	0.7031767
1806.09	-624.74	-606.8892	0.7031633
1806.1	-624.6227	-606.8879	0.7031498
1806.11	-624.5054	-606.8867	0.7031364
1806.12	-624.3881	-606.8855	0.7031232
1806.13	-624.2708	-606.8843	0.7031099
1806.14	-624.1535	-606.883	0.7030966
1806.15	-624.0363	-606.8817	0.7030834
1806.16	-623.919	-606.8804	0.7030703
1806.17	-623.8018	-606.8792	0.7030572
1806.18	-623.6846	-606.8779	0.7030442
1806.19	-623.5674	-606.8766	0.7030312
1806.2	-623.4502	-606.8753	0.7030182
1806.21	-623.333	-606.874	0.7030053
1806.22	-623.2159	-606.8727	0.7029923
1806.23	-623.0988	-606.8715	0.7029794
1806.24	-622.9816	-606.8702	0.7029666
1806.25	-622.8646	-606.8689	0.7029538
1806.26	-622.7475	-606.8675	0.7029409
1806.27	-622.6304	-606.8661	0.7029282
1806.28	-622.5134	-606.8648	0.7029154
1806.29	-622.3963	-606.8635	0.7029027
1806.3	-622.2793	-606.8621	0.70289
1806.31	-622.1623	-606.8608	0.7028773
1806.32	-622.0453	-606.8594	0.7028646
1806.33	-621.9283	-606.8581	0.702852
1806.34	-621.8113	-606.8568	0.7028394
1806.35	-621.6943	-606.8554	0.7028268
1806.36	-621.5774	-606.8541	0.7028142
1806.37	-621.4604	-606.8527	0.7028016
1806.38	-621.3435	-606.8513	0.7027889
1806.39	-621.2266	-606.8499	0.7027764
1806.4	-621.1097	-606.8485	0.7027639
1806.41	-620.9928	-606.8471	0.7027513
1806.42	-620.8759	-606.8457	0.7027388
1806.43	-620.759	-606.8443	0.7027263
1806.44	-620.6422	-606.8429	0.7027138
1806.45	-620.5253	-606.8415	0.7027013
1806.46	-620.4085	-606.8401	0.7026888
1806.47	-620.2917	-606.8387	0.7026764
1806.48	-620.1749	-606.8373	0.7026638
1806.49	-620.0582	-606.8359	0.7026514
1806.5	-619.9414	-606.8344	0.702639
1806.51	-619.8246	-606.833	0.7026265
1806.52	-619.7079	-606.8316	0.7026141
1806.53	-619.5912	-606.8301	0.7026017
1806.54	-619.4745	-606.8287	0.7025893
1806.55	-619.3578	-606.8272	0.7025768
1806.56	-619.2412	-606.8257	0.7025644
1806.57	-619.1246	-606.8243	0.702552
1806.58	-619.0079	-606.8228	0.7025396
1806.59	-618.8913	-606.8214	0.7025272
1806.6	-618.7747	-606.8199	0.7025148
1806.61	-618.6581	-606.8184	0.7025024
1806.62	-618.5416	-606.8169	0.70249
1806.63	-618.425	-606.8154	0.7024776
1806.64	-618.3084	-606.814	0.7024652
1806.65	-618.1919	-606.8125	0.7024529
1806.66	-618.0754	-606.811	0.7024405
1806.67	-617.9589	-606.8096	0.7024282
1806.68	-617.8423	-606.808	0.7024159
1806.69	-617.7258	-606.8065	0.7024035
1806.7	-617.6094	-606.805	0.7023912
1806.71	-617.4929	-606.8035	0.7023788
1806.72	-617.3765	-606.8019	0.7023665
1806.73	-617.26	-606.8004	0.7023542
1806.74	-617.1436	-606.7988	0.7023419
1806.75	-617.0272	-606.7973	0.7023295
1806.76	-616.9108	-606.7958	0.7023171
1806.77	-616.7944	-606.7943	0.7023048
1806.78	-616.678	-606.7927	0.7022925
1806.79	-616.5616	-606.7912	0.7022802
1806.8	-616.4453	-606.7897	0.7022678
1806.81	-616.329	-606.7881	0.7022554
1806.82	-616.2127	-606.7866	0.7022431
1806.83	-616.0964	-606.7851	0.7022308
1806.84	-615.9802	-606.7835	0.7022185
1806.85	-615.8639	-606.7819	0.7022063
1806.86	-615.7477	-606.7803	0.702194
1806.87	-615.6315	-606.7787	0.7021818
1806.88	-615.5153	-606.7771	0.7021696
1806.89	-615.399	-606.7755	0.7021575
1806.9	-615.2829	-606.7739	0.7021457
1806.91	-615.1667	-606.7723	0.7021341
1806.92	-615.0506	-606.7708	0.7021228
1806.93	-614.9344	-606.7692	0.7021117
1806.94	-614.8183	-606.7676	0.7021008
1806.95	-614.7021	-606.766	0.70209
1806.96	-614.5861	-606.7644	0.7020805
1806.97	-614.47	-606.7628	0.7020721
1806.98	-614.3539	-606.7612	0.7020649
1806.99	-614.2378	-606.7596	0.7020586
1807	-614.1218	-606.7581	0.7020543
1807.01	-614.0057	-606.7565	0.7020521
1807.02	-613.8897	-606.7549	0.7020516
1807.03	-613.7737	-606.7533	0.7020529
1807.04	-613.6577	-606.7517	0.7020558
1807.05	-613.5417	-606.7501	0.7020615
1807.06	-613.4257	-606.7485	0.70207
1807.07	-613.3098	-606.7469	0.7020809
1807.08	-613.1938	-606.7454	0.7020943
1807.09	-613.0779	-606.7438	0.7021099
1807.1	-612.962	-606.7422	0.7021282
1807.11	-612.8461	-606.7407	0.7021491
1807.12	-612.7302	-606.7392	0.7021725
1807.13	-612.6143	-606.7377	0.7021981
1807.14	-612.4985	-606.7362	0.702226
1807.15	-612.3826	-606.7347	0.7022559
1807.16	-612.2668	-606.7332	0.7022877
1807.17	-612.151	-606.7316	0.7023213
1807.18	-612.0352	-606.7302	0.7023566
1807.19	-611.9194	-606.7288	0.7023935
1807.2	-611.8037	-606.7273	0.702432
1807.21	-611.688	-606.7258	0.7024717
1807.22	-611.5723	-606.7244	0.7025128
1807.23	-611.4565	-606.723	0.7025551
1807.24	-611.3408	-606.7215	0.7025985
1807.25	-611.2252	-606.72	0.702643
1807.26	-611.1095	-606.7187	0.7026886
1807.27	-610.9938	-606.7173	0.7027352
1807.28	-610.8782	-606.7159	0.7027826
1807.29	-610.7625	-606.7145	0.702831
1807.3	-610.6469	-606.7131	0.7028801
1807.31	-610.5313	-606.7117	0.70293
1807.32	-610.4156	-606.7104	0.7029807
1807.33	-610.3	-606.7091	0.703032
1807.34	-610.1844	-606.7078	0.7030839
1807.35	-610.0689	-606.7065	0.7031364
1807.36	-609.9534	-606.7051	0.7031896
1807.37	-609.8378	-606.7039	0.7032433
1807.38	-609.7223	-606.7026	0.7032974
1807.39	-609.6068	-606.7014	0.703352
1807.4	-609.4913	-606.7001	0.7034071
1807.41	-609.3759	-606.6989	0.7034627
1807.42	-609.2604	-606.6976	0.7035185
1807.43	-609.1449	-606.6965	0.7035748
1807.44	-609.0295	-606.6953	0.7036314
1807.45	-608.9141	-606.694	0.7036883
1807.46	-608.7986	-606.6929	0.7037456
1807.47	-608.6832	-606.6918	0.7038032
1807.48	-608.5679	-606.6907	0.703861
1807.49	-608.4525	-606.6895	0.7039191
1807.5	-608.3372	-606.6884	0.7039774
1807.51	-608.2218	-606.6874	0.704036
1807.52	-608.1065	-606.6863	0.7040948
1807.53	-607.9912	-606.6852	0.7041537
1807.54	-607.8759	-606.6842	0.7042129
1807.55	-607.7606	-606.6832	0.7042722
1807.56	-607.6454	-606.6822	0.7043318
1807.57	-607.5302	-606.6812	0.7043914
1807.58	-607.4149	-606.6802	0.7044512
1807.59	-607.2997	-606.6793	0.7045112
1807.6	-607.1845	-606.6783	0.7045712
1807.61	-607.0693	-606.6774	0.7046314
1807.62	-606.9542	-606.6765	0.7046917
1807.63	-606.839	-606.6756	0.704752
1807.64	-606.7238	-606.6747	0.7048125
1807.65	-606.6087	-606.6739	0.704873
1807.66	-606.4936	-606.6731	0.7049336
1807.67	-606.3785	-606.6722	0.7049943
1807.68	-606.2634	-606.6714	0.705055
1807.69	-606.1483	-606.6707	0.7051159
1807.7	-606.0332	-606.6699	0.7051767
1807.71	-605.9182	-606.6692	0.7052376
1807.72	-605.8031	-606.6685	0.7052986
1807.73	-605.688	-606.6677	0.7053596
1807.74	-605.573	-606.6671	0.7054207
1807.75	-605.458	-606.6664	0.7054818
1807.76	-605.343	-606.6658	0.705543
1807.77	-605.228	-606.6651	0.7056041
1807.78	-605.113	-606.6645	0.7056654
1807.79	-604.9981	-606.6639	0.7057266
1807.8	-604.8832	-606.6633	0.7057878
1807.81	-604.7682	-606.6628	0.7058492
1807.82	-604.6533	-606.6622	0.7059104
1807.83	-604.5385	-606.6617	0.7059717
1807.84	-604.4236	-606.6612	0.706033
1807.85	-604.3087	-606.6607	0.7060943
1807.86	-604.1938	-606.6603	0.7061556
1807.87	-604.079	-606.6598	0.7062169
1807.88	-603.9642	-606.6594	0.7062783
1807.89	-603.8494	-606.659	0.7063396
1807.9	-603.7346	-606.6586	0.7064009
1807.91	-603.6199	-606.6583	0.7064621
1807.92	-603.5051	-606.6579	0.7065234
1807.93	-603.3904	-606.6576	0.7065846
1807.94	-603.2756	-606.6573	0.7066457
1807.95	-603.1609	-606.657	0.7067068
1807.96	-603.0463	-606.6567	0.7067677
1807.97	-602.9316	-606.6564	0.7068285
1807.98	-602.8169	-606.6563	0.706889
1807.99	-602.7022	-606.656	0.7069496
1808	-602.5876	-606.6558	0.7070096
1808.01	-602.473	-606.6556	0.7070689
1808.02	-602.3583	-606.6555	0.7071276
1808.03	-602.2437	-606.6553	0.7071858
1808.04	-602.1291	-606.6552	0.7072436
1808.05	-602.0145	-606.6551	0.7072997
1808.06	-601.9	-606.655	0.7073544
1808.07	-601.7854	-606.6549	0.7074075
1808.08	-601.6708	-606.6548	0.7074594
1808.09	-601.5563	-606.6548	0.70751
1808.1	-601.4418	-606.6548	0.7075572
1808.11	-601.3273	-606.6547	0.7076012
1808.12	-601.2128	-606.6547	0.7076424
1808.13	-601.0983	-606.6547	0.7076808
1808.14	-600.9838	-606.6547	0.7077164
1808.15	-600.8694	-606.6547	0.7077496
1808.16	-600.7549	-606.6547	0.7077771
1808.17	-600.6405	-606.6547	0.7077993
1808.18	-600.5261	-606.6547	0.7078163
1808.19	-600.4117	-606.6547	0.7078286
1808.2	-600.2974	-606.6547	0.7078344
1808.21	-600.183	-606.6547	0.7078339
1808.22	-600.0687	-606.6547	0.7078275
1808.23	-599.9543	-606.6547	0.7078158
1808.24	-599.84	-606.6546	0.7077989
1808.25	-599.7258	-606.6545	0.7077751
1808.26	-599.6115	-606.6544	0.7077448
1808.27	-599.4973	-606.6544	0.7077084
1808.28	-599.383	-606.6543	0.7076663
1808.29	-599.2687	-606.6542	0.7076188
1808.3	-599.1545	-606.6541	0.7075656
1808.31	-599.0403	-606.6539	0.7075071
1808.32	-598.9261	-606.6537	0.7074435
1808.33	-598.812	-606.6536	0.7073752
1808.34	-598.6978	-606.6534	0.7073024
1808.35	-598.5836	-606.6533	0.7072253
1808.36	-598.4695	-606.653	0.7071441
1808.37	-598.3553	-606.6528	0.7070591
1808.38	-598.2412	-606.6526	0.7069705
1808.39	-598.1271	-606.6523	0.7068785
1808.4	-598.013	-606.652	0.7067834
1808.41	-597.8989	-606.6517	0.7066851
1808.42	-597.7849	-606.6514	0.706584
1808.43	-597.6708	-606.6511	0.7064803
1808.44	-597.5567	-606.6507	0.706374
1808.45	-597.4427	-606.6503	0.7062653
1808.46	-597.3287	-606.6499	0.7061544
1808.47	-597.2147	-606.6495	0.7060413
1808.48	-597.1006	-606.649	0.7059263
1808.49	-596.9867	-606.6485	0.7058094
1808.5	-596.8727	-606.6481	0.7056907
1808.51	-596.7588	-606.6475	0.7055705
1808.52	-596.6449	-606.647	0.7054486
1808.53	-596.531	-606.6464	0.7053251
1808.54	-596.4171	-606.6458	0.7052003
1808.55	-596.3032	-606.6451	0.7050742
1808.56	-596.1894	-606.6445	0.704947
1808.57	-596.0756	-606.6437	0.7048187
1808.58	-595.9617	-606.643	0.7046892
1808.59	-595.8479	-606.6423	0.7045587
1808.6	-595.7341	-606.6415	0.7044275
1808.61	-595.6204	-606.6407	0.7042956
1808.62	-595.5066	-606.6399	0.704163
1808.63	-595.3928	-606.639	0.7040298
1808.64	-595.2791	-606.6381	0.703896
1808.65	-595.1653	-606.6371	0.7037621
1808.66	-595.0516	-606.6362	0.7036279
1808.67	-594.9379	-606.6351	0.7034935
1808.68	-594.8242	-606.6341	0.7033589
1808.69	-594.7105	-606.633	0.7032242
1808.7	-594.5969	-606.6319	0.7030898
1808.71	-594.4832	-606.6308	0.7029557
1808.72	-594.3696	-606.6296	0.7028217
1808.73	-594.2559	-606.6284	0.7026881
1808.74	-594.1423	-606.6272	0.7025546
1808.75	-594.0286	-606.6259	0.7024214
1808.76	-593.915	-606.6246	0.702289
1808.77	-593.8015	-606.6232	0.7021571
1808.78	-593.6879	-606.6218	0.7020261
1808.79	-593.5743	-606.6205	0.7018958
1808.8	-593.4608	-606.619	0.7017666
1808.81	-593.3472	-606.6176	0.7016383
1808.82	-593.2337	-606.616	0.701511
1808.83	-593.1202	-606.6144	0.7013845
1808.84	-593.0067	-606.6129	0.7012589
1808.85	-592.8932	-606.6113	0.7011347
1808.86	-592.7797	-606.6096	0.7010118
1808.87	-592.6663	-606.6079	0.7008901
1808.88	-592.5528	-606.6062	0.7007695
1808.89	-592.4393	-606.6044	0.70065
1808.9	-592.3259	-606.6027	0.7005321
1808.91	-592.2125	-606.6008	0.7004158
1808.92	-592.0991	-606.5989	0.7003009
1808.93	-591.9857	-606.597	0.7001873
1808.94	-591.8723	-606.5952	0.7000749
1808.95	-591.7589	-606.5932	0.6999644
1808.96	-591.6455	-606.5912	0.6998556
1808.97	-591.5321	-606.5892	0.6997484
1808.98	-591.4188	-606.5872	0.6996427
1808.99	-591.3054	-606.5851	0.6995383
1809	-591.1921	-606.5829	0.699436
1809.01	-591.0787	-606.5809	0.6993357
1809.02	-590.9654	-606.5787	0.6992372
1809.03	-590.8521	-606.5765	0.6991404
1809.04	-590.7387	-606.5743	0.6990454
1809.05	-590.6254	-606.572	0.6989523
1809.06	-590.5121	-606.5698	0.6988613
1809.07	-590.3989	-606.5674	0.698772
1809.08	-590.2856	-606.5651	0.6986845
1809.09	-590.1723	-606.5627	0.6985986
1809.1	-590.0591	-606.5603	0.6985151
1809.11	-589.9459	-606.5579	0.6984336
1809.12	-589.8326	-606.5554	0.6983541
1809.13	-589.7194	-606.553	0.6982766
1809.14	-589.6062	-606.5505	0.6982008
1809.15	-589.493	-606.548	0.6981274
1809.16	-589.3798	-606.5454	0.6980563
1809.17	-589.2665	-606.5428	0.6979874
1809.18	-589.1534	-606.5402	0.6979204
1809.19	-589.0402	-606.5377	0.6978553
1809.2	-588.9271	-606.535	0.6977927
1809.21	-588.8139	-606.5323	0.6977323
1809.22	-588.7007	-606.5297	0.6976741
1809.23	-588.5876	-606.527	0.6976179
1809.24	-588.4744	-606.5243	0.6975636
1809.25	-588.3613	-606.5216	0.6975118
1809.26	-588.2482	-606.5188	0.6974621
1809.27	-588.1351	-606.5161	0.6974145
1809.28	-588.022	-606.5133	0.6973689
1809.29	-587.9089	-606.5105	0.6973251
1809.3	-587.7959	-606.5076	0.6972834
1809.31	-587.6829	-606.5048	0.6972438
1809.32	-587.5698	-606.502	0.697206
1809.33	-587.4568	-606.4991	0.69717
1809.34	-587.3438	-606.4962	0.6971356
1809.35	-587.2307	-606.4933	0.6971031
1809.36	-587.1177	-606.4904	0.6970726
1809.37	-587.0046	-606.4874	0.6970439
1809.38	-586.8916	-606.4845	0.6970168
1809.39	-586.7786	-606.4815	0.6969913
1809.4	-586.6656	-606.4786	0.6969677
1809.41	-586.5526	-606.4756	0.6969458
1809.42	-586.4396	-606.4726	0.6969256
1809.43	-586.3267	-606.4696	0.696907
1809.44	-586.2137	-606.4666	0.6968898
1809.45	-586.1008	-606.4636	0.6968747
1809.46	-585.9879	-606.4606	0.6968614
1809.47	-585.875	-606.4575	0.6968499
1809.48	-585.7621	-606.4545	0.6968401
1809.49	-585.6492	-606.4514	0.6968318
1809.5	-585.5363	-606.4484	0.6968259
1809.51	-585.4233	-606.4453	0.6968219
1809.52	-585.3104	-606.4423	0.69682
1809.53	-585.1975	-606.4392	0.6968199
1809.54	-585.0846	-606.4362	0.6968215
1809.55	-584.9717	-606.4331	0.6968254
1809.56	-584.8589	-606.4301	0.6968316
1809.57	-584.746	-606.427	0.6968398
1809.58	-584.6332	-606.424	0.69685
1809.59	-584.5203	-606.421	0.696862
1809.6	-584.4074	-606.4179	0.6968763
1809.61	-584.2946	-606.4149	0.6968927
1809.62	-584.1817	-606.4118	0.696911
1809.63	-584.0689	-606.4088	0.6969314
1809.64	-583.9561	-606.4057	0.6969534
1809.65	-583.8433	-606.4026	0.6969773
1809.66	-583.7305	-606.3996	0.6970029
1809.67	-583.6177	-606.3966	0.6970302
1809.68	-583.5049	-606.3936	0.6970592
1809.69	-583.3922	-606.3905	0.6970896
1809.7	-583.2794	-606.3875	0.6971214
1809.71	-583.1667	-606.3844	0.6971545
1809.72	-583.054	-606.3814	0.6971889
1809.73	-582.9412	-606.3784	0.6972244
1809.74	-582.8285	-606.3753	0.6972612
1809.75	-582.7158	-606.3723	0.6972989
1809.76	-582.603	-606.3693	0.6973376
1809.77	-582.4903	-606.3662	0.6973772
1809.78	-582.3776	-606.3632	0.6974177
1809.79	-582.2648	-606.3602	0.6974591
1809.8	-582.1522	-606.3573	0.6975013
1809.81	-582.0395	-606.3543	0.6975441
1809.82	-581.9268	-606.3513	0.6975877
1809.83	-581.8141	-606.3484	0.6976318
1809.84	-581.7015	-606.3454	0.6976767
1809.85	-581.5889	-606.3424	0.697722
1809.86	-581.4763	-606.3395	0.6977679
1809.87	-581.3636	-606.3366	0.6978143
1809.88	-581.251	-606.3337	0.6978613
1809.89	-581.1384	-606.3307	0.6979086
1809.9	-581.0258	-606.3279	0.6979562
1809.91	-580.9132	-606.325	0.698004
1809.92	-580.8006	-606.3221	0.698052
1809.93	-580.688	-606.3193	0.6981001
1809.94	-580.5754	-606.3164	0.6981485
1809.95	-580.4628	-606.3135	0.6981966
1809.96	-580.3503	-606.3107	0.6982443
1809.97	-580.2377	-606.3079	0.6982918
1809.98	-580.1252	-606.305	0.698339
1809.99	-580.0126	-606.3022	0.698386
1810	-579.9001	-606.2994	0.698432
1810.01	-579.7875	-606.2966	0.6984771
1810.02	-579.675	-606.2938	0.6985214
1810.03	-579.5624	-606.2911	0.6985648
1810.04	-579.4499	-606.2883	0.6986076
1810.05	-579.3373	-606.2855	0.6986488
1810.06	-579.2248	-606.2828	0.6986886
1810.07	-579.1122	-606.2801	0.6987271
1810.08	-578.9997	-606.2773	0.6987643
1810.09	-578.8871	-606.2746	0.6988003
1810.1	-578.7747	-606.2719	0.6988345
1810.11	-578.6622	-606.2692	0.6988668
1810.12	-578.5497	-606.2664	0.6988975
1810.13	-578.4372	-606.2637	0.6989266
1810.14	-578.3247	-606.261	0.6989542
1810.15	-578.2122	-606.2583	0.6989798
1810.16	-578.0997	-606.2557	0.6990035
1810.17	-577.9872	-606.253	0.6990253
1810.18	-577.8748	-606.2503	0.6990455
1810.19	-577.7623	-606.2476	0.6990637
1810.2	-577.6498	-606.2449	0.6990798
1810.21	-577.5373	-606.2422	0.6990939
1810.22	-577.4248	-606.2396	0.6991062
1810.23	-577.3123	-606.2369	0.6991169
1810.24	-577.1998	-606.2342	0.6991261
1810.25	-577.0874	-606.2315	0.6991333
1810.26	-576.975	-606.2288	0.6991389
1810.27	-576.8625	-606.2262	0.6991428
1810.28	-576.75	-606.2236	0.6991453
1810.29	-576.6376	-606.2209	0.6991462
1810.3	-576.5251	-606.2183	0.6991458
1810.31	-576.4127	-606.2157	0.6991441
1810.32	-576.3002	-606.2131	0.6991411
1810.33	-576.1877	-606.2104	0.699137
1810.34	-576.0753	-606.2078	0.6991319
1810.35	-575.9628	-606.2052	0.6991257
1810.36	-575.8504	-606.2026	0.6991186
1810.37	-575.7379	-606.2	0.6991105
1810.38	-575.6254	-606.1973	0.6991016
1810.39	-575.5129	-606.1947	0.6990919
1810.4	-575.4005	-606.1921	0.6990814
1810.41	-575.2881	-606.1895	0.69907
1810.42	-575.1756	-606.1868	0.6990581
1810.43	-575.0631	-606.1842	0.6990453
1810.44	-574.9506	-606.1816	0.6990319
1810.45	-574.8382	-606.179	0.6990178
1810.46	-574.7257	-606.1763	0.6990032
1810.47	-574.6132	-606.1736	0.6989878
1810.48	-574.5007	-606.171	0.6989719
1810.49	-574.3883	-606.1684	0.6989551
1810.5	-574.2758	-606.1658	0.6989375
1810.51	-574.1633	-606.1631	0.6989191
1810.52	-574.0508	-606.1605	0.6988999
1810.53	-573.9384	-606.1579	0.6988802
1810.54	-573.8259	-606.1553	0.6988598
1810.55	-573.7134	-606.1526	0.6988386
1810.56	-573.6009	-606.1499	0.6988165
1810.57	-573.4884	-606.1472	0.6987936
1810.58	-573.3759	-606.1445	0.6987701
1810.59	-573.2634	-606.1418	0.6987458
1810.6	-573.1509	-606.1392	0.6987209
1810.61	-573.0385	-606.1365	0.6986954
1810.62	-572.926	-606.1337	0.6986691
1810.63	-572.8135	-606.131	0.6986423
1810.64	-572.701	-606.1284	0.698615
1810.65	-572.5885	-606.1257	0.6985872
1810.66	-572.476	-606.123	0.698559
1810.67	-572.3635	-606.1202	0.6985306
1810.68	-572.251	-606.1175	0.6985016
1810.69	-572.1385	-606.1147	0.698473
1810.7	-572.0261	-606.112	0.6984445
1810.71	-571.9136	-606.1093	0.6984164
1810.72	-571.8011	-606.1065	0.6983883
1810.73	-571.6886	-606.1037	0.6983606
1810.74	-571.576	-606.101	0.6983329
1810.75	-571.4636	-606.0982	0.6983067
1810.76	-571.3511	-606.0955	0.6982816
1810.77	-571.2386	-606.0927	0.6982577
1810.78	-571.126	-606.09	0.698235
1810.79	-571.0135	-606.0872	0.6982133
1810.8	-570.901	-606.0844	0.6981947
1810.81	-570.7885	-606.0817	0.6981792
1810.82	-570.676	-606.0789	0.6981664
1810.83	-570.5634	-606.0762	0.6981563
1810.84	-570.4509	-606.0734	0.6981487
1810.85	-570.3384	-606.0707	0.6981457
1810.86	-570.2258	-606.0679	0.6981472
1810.87	-570.1133	-606.0652	0.6981529
1810.88	-570.0007	-606.0624	0.6981625
1810.89	-569.8882	-606.0598	0.6981757
1810.9	-569.7756	-606.0571	0.6981942
1810.91	-569.6631	-606.0544	0.6982177
1810.92	-569.5505	-606.0518	0.6982459
1810.93	-569.438	-606.0491	0.6982784
1810.94	-569.3254	-606.0464	0.6983151
1810.95	-569.2129	-606.0438	0.6983574
1810.96	-569.1003	-606.0412	0.698405
1810.97	-568.9878	-606.0386	0.6984574
1810.98	-568.8752	-606.036	0.6985145
1810.99	-568.7626	-606.0335	0.6985759
1811	-568.6501	-606.0309	0.6986422
1811.01	-568.5375	-606.0284	0.698713
1811.02	-568.4249	-606.0259	0.6987882
1811.03	-568.3123	-606.0235	0.6988674
1811.04	-568.1997	-606.021	0.6989503
1811.05	-568.0871	-606.0186	0.6990368
1811.06	-567.9745	-606.0162	0.6991268
1811.07	-567.8618	-606.0138	0.6992201
1811.08	-567.7491	-606.0115	0.6993166
1811.09	-567.6364	-606.0091	0.699416
1811.1	-567.5237	-606.0068	0.6995181
1811.11	-567.411	-606.0045	0.6996229
1811.12	-567.2982	-606.0022	0.6997303
1811.13	-567.1854	-605.9999	0.6998398
1811.14	-567.0726	-605.9977	0.6999515
1811.15	-566.9597	-605.9955	0.7000653
1811.16	-566.8468	-605.9933	0.7001811
1811.17	-566.7338	-605.9912	0.7002987
1811.18	-566.6208	-605.9891	0.7004179
1811.19	-566.5078	-605.987	0.7005388
1811.2	-566.3947	-605.9849	0.7006612
1811.21	-566.2815	-605.9828	0.7007851
1811.22	-566.1683	-605.9808	0.7009103
1811.23	-566.055	-605.9789	0.7010367
1811.24	-565.9417	-605.9769	0.7011644
1811.25	-565.8284	-605.975	0.7012931
1811.26	-565.715	-605.9731	0.7014229
1811.27	-565.6015	-605.9713	0.7015538
1811.28	-565.488	-605.9694	0.7016856
1811.29	-565.3744	-605.9677	0.7018182
1811.3	-565.2608	-605.9659	0.7019518
1811.31	-565.1472	-605.9642	0.7020861
1811.32	-565.0334	-605.9625	0.7022211
1811.33	-564.9197	-605.9608	0.7023568
1811.34	-564.8058	-605.9591	0.7024933
1811.35	-564.692	-605.9575	0.7026302
1811.36	-564.578	-605.956	0.7027677
1811.37	-564.464	-605.9545	0.7029057
1811.38	-564.3499	-605.953	0.7030441
1811.39	-564.2358	-605.9515	0.703183
1811.4	-564.1216	-605.9501	0.7033221
1811.41	-564.0073	-605.9488	0.7034613
1811.42	-563.893	-605.9474	0.7036007
1811.43	-563.7786	-605.9462	0.7037402
1811.44	-563.6642	-605.9449	0.7038799
1811.45	-563.5497	-605.9437	0.7040194
1811.46	-563.4351	-605.9424	0.7041585
1811.47	-563.3205	-605.9413	0.7042975
1811.48	-563.2058	-605.9402	0.7044364
1811.49	-563.091	-605.9391	0.7045749
1811.5	-562.9762	-605.938	0.7047126
1811.51	-562.8613	-605.9371	0.7048495
1811.52	-562.7463	-605.9361	0.7049857
1811.53	-562.6313	-605.9352	0.7051213
1811.54	-562.5162	-605.9343	0.705256
1811.55	-562.4011	-605.9334	0.7053894
1811.56	-562.2858	-605.9326	0.7055212
1811.57	-562.1705	-605.9318	0.7056517
1811.58	-562.0552	-605.931	0.705781
1811.59	-561.9398	-605.9303	0.7059091
1811.6	-561.8243	-605.9296	0.7060351
1811.61	-561.7087	-605.929	0.7061591
1811.62	-561.5931	-605.9284	0.7062812
1811.63	-561.4775	-605.9278	0.7064016
1811.64	-561.3618	-605.9272	0.7065204
1811.65	-561.246	-605.9268	0.7066364
1811.66	-561.1301	-605.9263	0.7067499
1811.67	-561.0142	-605.9258	0.706861
1811.68	-560.8983	-605.9254	0.7069699
1811.69	-560.7822	-605.925	0.7070766
1811.7	-560.6661	-605.9246	0.7071803
1811.71	-560.5499	-605.9243	0.707281
1811.72	-560.4337	-605.9241	0.7073792
1811.73	-560.3174	-605.9238	0.7074746
1811.74	-560.201	-605.9236	0.7075678
1811.75	-560.0846	-605.9234	0.7076576
1811.76	-559.9681	-605.9232	0.7077443
1811.77	-559.8515	-605.923	0.7078282
1811.78	-559.7349	-605.9229	0.7079093
1811.79	-559.6182	-605.9228	0.707988
1811.8	-559.5014	-605.9227	0.7080636
1811.81	-559.3846	-605.9227	0.7081363
1811.82	-559.2677	-605.9226	0.7082064
1811.83	-559.1508	-605.9226	0.708274
1811.84	-559.0338	-605.9226	0.7083391
1811.85	-558.9167	-605.9227	0.7084015
1811.86	-558.7996	-605.9227	0.7084614
1811.87	-558.6824	-605.9228	0.7085188
1811.88	-558.5651	-605.9229	0.7085739
1811.89	-558.4478	-605.923	0.7086269
1811.9	-558.3304	-605.9232	0.7086775
1811.91	-558.213	-605.9234	0.708726
1811.92	-558.0955	-605.9236	0.7087724
1811.93	-557.9779	-605.9238	0.7088169
1811.94	-557.8602	-605.9241	0.7088595
1811.95	-557.7426	-605.9243	0.7088999
1811.96	-557.6248	-605.9246	0.7089381
1811.97	-557.507	-605.9248	0.7089744
1811.98	-557.389	-605.9252	0.7090088
1811.99	-557.2711	-605.9255	0.7090414
1812	-557.153	-605.9258	0.7090719
1812.01	-557.0349	-605.9261	0.7091006
1812.02	-556.9167	-605.9265	0.7091275
1812.03	-556.7985	-605.9269	0.7091527
1812.04	-556.6802	-605.9273	0.7091763
1812.05	-556.5619	-605.9277	0.7091978
1812.06	-556.4435	-605.9282	0.7092173
1812.07	-556.325	-605.9286	0.709235
1812.08	-556.2065	-605.929	0.7092508
1812.09	-556.0879	-605.9294	0.7092651
1812.1	-555.9692	-605.9299	0.7092776
1812.11	-555.8505	-605.9304	0.7092882
1812.12	-555.7318	-605.931	0.7092974
1812.13	-555.6129	-605.9315	0.7093049
1812.14	-555.494	-605.9319	0.7093109
1812.15	-555.3751	-605.9324	0.7093156
1812.16	-555.256	-605.933	0.7093189
1812.17	-555.137	-605.9335	0.7093208
1812.18	-555.0178	-605.9341	0.7093217
1812.19	-554.8985	-605.9346	0.7093213
1812.2	-554.7792	-605.9352	0.7093199
1812.21	-554.6599	-605.9357	0.7093175
1812.22	-554.5405	-605.9363	0.7093141
1812.23	-554.421	-605.9368	0.7093098
1812.24	-554.3014	-605.9374	0.7093046
1812.25	-554.1818	-605.938	0.7092987
1812.26	-554.0621	-605.9386	0.7092919
1812.27	-553.9424	-605.9391	0.7092845
1812.28	-553.8226	-605.9398	0.7092763
1812.29	-553.7027	-605.9404	0.7092675
1812.3	-553.5828	-605.941	0.709258
1812.31	-553.4628	-605.9416	0.7092479
1812.32	-553.3427	-605.9422	0.7092372
1812.33	-553.2226	-605.9428	0.7092257
1812.34	-553.1024	-605.9434	0.7092138
1812.35	-552.9822	-605.944	0.7092012
1812.36	-552.8619	-605.9446	0.7091879
1812.37	-552.7415	-605.9453	0.7091742
1812.38	-552.6211	-605.9459	0.7091599
1812.39	-552.5006	-605.9465	0.7091449
1812.4	-552.3801	-605.947	0.7091296
1812.41	-552.2595	-605.9476	0.7091138
1812.42	-552.1388	-605.9482	0.7090976
1812.43	-552.0181	-605.9489	0.7090809
1812.44	-551.8972	-605.9495	0.7090639
1812.45	-551.7764	-605.9501	0.7090464
1812.46	-551.6554	-605.9507	0.7090287
1812.47	-551.5344	-605.9513	0.7090106
1812.48	-551.4133	-605.9519	0.7089921
1812.49	-551.2921	-605.9525	0.7089734
1812.5	-551.1709	-605.9531	0.7089543
1812.51	-551.0496	-605.9537	0.7089351
1812.52	-550.9282	-605.9543	0.7089155
1812.53	-550.8068	-605.9549	0.7088957
1812.54	-550.6852	-605.9555	0.7088756
1812.55	-550.5637	-605.9561	0.7088555
1812.56	-550.442	-605.9567	0.7088353
1812.57	-550.3203	-605.9573	0.708815
1812.58	-550.1984	-605.9579	0.7087947
1812.59	-550.0765	-605.9585	0.7087743
1812.6	-549.9546	-605.9591	0.7087541
1812.61	-549.8325	-605.9597	0.7087342
1812.62	-549.7104	-605.9603	0.7087144
1812.63	-549.5882	-605.9609	0.7086949
1812.64	-549.4659	-605.9614	0.7086754
1812.65	-549.3435	-605.9619	0.7086564
1812.66	-549.2211	-605.9625	0.708638
1812.67	-549.0985	-605.963	0.70862
1812.68	-548.9759	-605.9636	0.7086023
1812.69	-548.8532	-605.9641	0.7085851
1812.7	-548.7305	-605.9647	0.7085687
1812.71	-548.6076	-605.9652	0.708553
1812.72	-548.4847	-605.9658	0.7085382
1812.73	-548.3616	-605.9662	0.708524
1812.74	-548.2385	-605.9668	0.7085104
1812.75	-548.1154	-605.9673	0.7084978
1812.76	-547.9921	-605.9679	0.7084863
1812.77	-547.8688	-605.9684	0.7084756
1812.78	-547.7454	-605.969	0.7084658
1812.79	-547.6218	-605.9695	0.7084569
1812.8	-547.4983	-605.9701	0.7084488
1812.81	-547.3746	-605.9706	0.7084416
1812.82	-547.2509	-605.9712	0.7084352
1812.83	-547.1271	-605.9717	0.7084298
1812.84	-547.0032	-605.9723	0.7084249
1812.85	-546.8792	-605.9728	0.7084209
1812.86	-546.7552	-605.9734	0.7084175
1812.87	-546.631	-605.9739	0.7084148
1812.88	-546.5068	-605.9745	0.7084127
1812.89	-546.3825	-605.975	0.7084112
1812.9	-546.2581	-605.9756	0.7084102
1812.91	-546.1337	-605.9761	0.7084097
1812.92	-546.0092	-605.9767	0.7084098
1812.93	-545.8845	-605.9772	0.7084103
1812.94	-545.7598	-605.9778	0.7084113
1812.95	-545.6351	-605.9783	0.7084126
1812.96	-545.5103	-605.9789	0.7084144
1812.97	-545.3853	-605.9794	0.7084166
1812.98	-545.2603	-605.98	0.7084191
1812.99	-545.1352	-605.9805	0.7084219
1813	-545.01	-605.9811	0.7084251
1813.01	-544.8848	-605.9816	0.7084286
1813.02	-544.7595	-605.9822	0.7084324
1813.03	-544.634	-605.9827	0.7084364
1813.04	-544.5085	-605.9833	0.7084408
1813.05	-544.383	-605.9838	0.7084454
1813.06	-544.2574	-605.9844	0.7084504
1813.07	-544.1317	-605.9849	0.7084556
1813.08	-544.0059	-605.9855	0.7084612
1813.09	-543.8799	-605.986	0.708467
1813.1	-543.754	-605.9866	0.7084731
1813.11	-543.628	-605.9871	0.7084796
1813.12	-543.5019	-605.9877	0.7084864
1813.13	-543.3757	-605.9882	0.7084934
1813.14	-543.2494	-605.9888	0.7085008
1813.15	-543.123	-605.9893	0.7085086
1813.16	-542.9966	-605.9899	0.7085167
1813.17	-542.8701	-605.9904	0.7085251
1813.18	-542.7435	-605.991	0.7085341
1813.19	-542.6169	-605.9916	0.7085432
1813.2	-542.4902	-605.9921	0.708553
1813.21	-542.3633	-605.9927	0.7085631
1813.22	-542.2365	-605.9932	0.7085737
1813.23	-542.1095	-605.9938	0.7085847
1813.24	-541.9824	-605.9943	0.7085962
1813.25	-541.8553	-605.9949	0.708608
1813.26	-541.7281	-605.9954	0.7086205
1813.27	-541.6008	-605.996	0.7086335
1813.28	-541.4734	-605.9965	0.7086471
1813.29	-541.346	-605.9971	0.7086613
1813.3	-541.2185	-605.9976	0.7086761
1813.31	-541.0909	-605.9982	0.7086914
1813.32	-540.9633	-605.9988	0.7087073
1813.33	-540.8355	-605.9995	0.7087238
1813.34	-540.7077	-606.0001	0.7087407
1813.35	-540.5798	-606.0007	0.7087582
1813.36	-540.4518	-606.0013	0.7087761
1813.37	-540.3238	-606.0019	0.7087945
1813.38	-540.1957	-606.0025	0.7088134
1813.39	-540.0674	-606.0031	0.7088327
1813.4	-539.9391	-606.0038	0.7088524
1813.41	-539.8108	-606.0044	0.7088724
1813.42	-539.6824	-606.005	0.7088929
1813.43	-539.5538	-606.0056	0.7089137
1813.44	-539.4252	-606.0063	0.7089348
1813.45	-539.2966	-606.007	0.7089563
1813.46	-539.1678	-606.0076	0.7089781
1813.47	-539.0391	-606.0084	0.7090001
1813.48	-538.9102	-606.009	0.7090225
1813.49	-538.7812	-606.0097	0.7090451
1813.5	-538.6522	-606.0104	0.7090679
1813.51	-538.5231	-606.011	0.7090909
1813.52	-538.3939	-606.0117	0.7091143
1813.53	-538.2646	-606.0124	0.7091378
1813.54	-538.1353	-606.0132	0.7091615
1813.55	-538.0059	-606.0139	0.7091854
1813.56	-537.8763	-606.0146	0.7092096
1813.57	-537.7468	-606.0154	0.7092338
1813.58	-537.6171	-606.0161	0.7092583
1813.59	-537.4874	-606.0168	0.7092828
1813.6	-537.3576	-606.0176	0.7093076
1813.61	-537.2277	-606.0184	0.7093325
1813.62	-537.0978	-606.0192	0.7093575
1813.63	-536.9678	-606.02	0.7093827
1813.64	-536.8376	-606.0208	0.7094079
1813.65	-536.7075	-606.0215	0.7094333
1813.66	-536.5772	-606.0224	0.7094588
1813.67	-536.4469	-606.0232	0.7094845
1813.68	-536.3165	-606.024	0.7095101
1813.69	-536.186	-606.0248	0.709536
1813.7	-536.0555	-606.0256	0.7095619
1813.71	-535.9249	-606.0265	0.709588
1813.72	-535.7942	-606.0274	0.7096141
1813.73	-535.6634	-606.0283	0.7096403
1813.74	-535.5325	-606.0291	0.7096665
1813.75	-535.4016	-606.03	0.7096928
1813.76	-535.2706	-606.0308	0.7097192
1813.77	-535.1395	-606.0318	0.7097458
1813.78	-535.0084	-606.0327	0.7097723
1813.79	-534.8771	-606.0336	0.7097989
1813.8	-534.7458	-606.0345	0.7098256
1813.81	-534.6144	-606.0355	0.7098523
1813.82	-534.483	-606.0364	0.709879
1813.83	-534.3514	-606.0374	0.7099057
1813.84	-534.2198	-606.0383	0.7099323
1813.85	-534.0882	-606.0393	0.709959
1813.86	-533.9565	-606.0403	0.7099856
1813.87	-533.8246	-606.0413	0.7100121
1813.88	-533.6927	-606.0422	0.7100387
1813.89	-533.5608	-606.0433	0.7100652
1813.9	-533.4287	-606.0443	0.7100917
1813.91	-533.2966	-606.0453	0.7101181
1813.92	-533.1644	-606.0464	0.7101445
1813.93	-533.0322	-606.0474	0.710171
1813.94	-532.8998	-606.0485	0.7101974
1813.95	-532.7675	-606.0496	0.7102238
1813.96	-532.635	-606.0506	0.7102501
1813.97	-532.5024	-606.0517	0.7102765
1813.98	-532.3698	-606.0528	0.7103028
1813.99	-532.2371	-606.0539	0.7103292
1814	-532.1044	-606.0551	0.7103555
1814.01	-531.9716	-606.0562	0.7103817
1814.02	-531.8386	-606.0573	0.7104081
1814.03	-531.7056	-606.0584	0.7104344
1814.04	-531.5726	-606.0596	0.7104606
1814.05	-531.4395	-606.0607	0.7104869
1814.06	-531.3063	-606.062	0.7105131
1814.07	-531.173	-606.0631	0.7105393
1814.08	-531.0396	-606.0643	0.7105654
1814.09	-530.9062	-606.0655	0.7105916
1814.1	-530.7727	-606.0667	0.7106178
1814.11	-530.6392	-606.068	0.7106439
1814.12	-530.5055	-606.0692	0.7106699
1814.13	-530.3718	-606.0704	0.710696
1814.14	-530.238	-606.0717	0.710722
1814.15	-530.1041	-606.0729	0.710748
1814.16	-529.9702	-606.0742	0.7107741
1814.17	-529.8362	-606.0756	0.7108001
1814.18	-529.7021	-606.0768	0.710826
1814.19	-529.5679	-606.0781	0.7108519
1814.2	-529.4337	-606.0794	0.7108778
1814.21	-529.2994	-606.0807	0.7109038
1814.22	-529.165	-606.0821	0.7109296
1814.23	-529.0306	-606.0835	0.7109555
1814.24	-528.8961	-606.0848	0.7109814
1814.25	-528.7615	-606.0862	0.7110072
1814.26	-528.6268	-606.0875	0.711033
1814.27	-528.4921	-606.0889	0.7110588
1814.28	-528.3572	-606.0903	0.7110847
1814.29	-528.2224	-606.0918	0.7111105
1814.3	-528.0874	-606.0932	0.7111363
1814.31	-527.9524	-606.0946	0.7111621
1814.32	-527.8173	-606.096	0.7111879
1814.33	-527.6821	-606.0975	0.7112137
1814.34	-527.5469	-606.0989	0.7112395
1814.35	-527.4116	-606.1005	0.7112653
1814.36	-527.2762	-606.1019	0.7112911
1814.37	-527.1407	-606.1034	0.7113168
1814.38	-527.0052	-606.1049	0.7113426
1814.39	-526.8696	-606.1064	0.7113684
1814.4	-526.7339	-606.108	0.7113942
1814.41	-526.5982	-606.1095	0.7114201
1814.42	-526.4624	-606.111	0.7114458
1814.43	-526.3265	-606.1125	0.7114716
1814.44	-526.1906	-606.1141	0.7114974
1814.45	-526.0546	-606.1157	0.7115232
1814.46	-525.9185	-606.1174	0.711549
1814.47	-525.7823	-606.119	0.7115749
1814.48	-525.6461	-606.1205	0.7116007
1814.49	-525.5098	-606.1221	0.7116265
1814.5	-525.3734	-606.1238	0.7116523
1814.51	-525.237	-606.1254	0.7116782
1814.52	-525.1005	-606.1271	0.7117041
1814.53	-524.9639	-606.1288	0.7117299
1814.54	-524.8272	-606.1304	0.7117557
1814.55	-524.6905	-606.1321	0.7117817
1814.56	-524.5537	-606.1338	0.7118075
1814.57	-524.4168	-606.1355	0.7118334
1814.58	-524.2798	-606.1373	0.7118593
1814.59	-524.1428	-606.139	0.7118852
1814.6	-524.0057	-606.1407	0.7119111
1814.61	-523.8686	-606.1424	0.711937
1814.62	-523.7314	-606.1442	0.7119629
1814.63	-523.5941	-606.1459	0.7119889
1814.64	-523.4567	-606.1478	0.7120149
1814.65	-523.3193	-606.1495	0.7120408
1814.66	-523.1818	-606.1513	0.7120668
1814.67	-523.0442	-606.1531	0.7120928
1814.68	-522.9066	-606.155	0.7121187
1814.69	-522.7688	-606.1569	0.7121448
1814.7	-522.631	-606.1587	0.7121708
1814.71	-522.4932	-606.1605	0.7121968
1814.72	-522.3553	-606.1624	0.7122229
1814.73	-522.2173	-606.1642	0.7122489
1814.74	-522.0792	-606.1661	0.712275
1814.75	-521.9411	-606.1681	0.7123011
1814.76	-521.8029	-606.17	0.7123271
1814.77	-521.6647	-606.1719	0.7123532
1814.78	-521.5263	-606.1738	0.7123794
1814.79	-521.3879	-606.1758	0.7124054
1814.8	-521.2494	-606.1777	0.7124317
1814.81	-521.1108	-606.1797	0.7124578
1814.82	-520.9722	-606.1817	0.7124839
1814.83	-520.8336	-606.1837	0.7125101
1814.84	-520.6948	-606.1857	0.7125363
1814.85	-520.556	-606.1877	0.7125624
1814.86	-520.4171	-606.1898	0.7125887
1814.87	-520.2781	-606.1918	0.7126149
1814.88	-520.139	-606.1938	0.7126411
1814.89	-519.9999	-606.1959	0.7126673
1814.9	-519.8608	-606.1979	0.7126936
1814.91	-519.7216	-606.2	0.7127199
1814.92	-519.5823	-606.2021	0.7127461
1814.93	-519.4429	-606.2042	0.7127724
1814.94	-519.3034	-606.2063	0.7127987
1814.95	-519.1639	-606.2084	0.712825
1814.96	-519.0243	-606.2106	0.7128514
1814.97	-518.8846	-606.2127	0.7128778
1814.98	-518.7449	-606.2149	0.7129041
1814.99	-518.6051	-606.217	0.7129304
1815	-518.4653	-606.2192	0.7129568
1815.01	-518.3254	-606.2214	0.7129833
1815.02	-518.1854	-606.2236	0.7130096
1815.03	-518.0453	-606.2258	0.7130361
1815.04	-517.9052	-606.2281	0.7130625
1815.05	-517.765	-606.2303	0.7130889
1815.06	-517.6247	-606.2326	0.7131154
1815.07	-517.4844	-606.2349	0.7131418
1815.08	-517.344	-606.2371	0.7131683
1815.09	-517.2035	-606.2394	0.7131948
1815.1	-517.063	-606.2417	0.7132212
1815.11	-516.9224	-606.244	0.7132475
1815.12	-516.7817	-606.2463	0.7132739
1815.13	-516.6409	-606.2487	0.7133002
1815.14	-516.5001	-606.251	0.7133266
1815.15	-516.3593	-606.2534	0.7133527
1815.16	-516.2183	-606.2557	0.7133787
1815.17	-516.0773	-606.2581	0.7134046
1815.18	-515.9362	-606.2605	0.7134303
1815.19	-515.7951	-606.2629	0.7134557
1815.2	-515.6539	-606.2653	0.7134809
1815.21	-515.5126	-606.2677	0.7135057
1815.22	-515.3712	-606.2701	0.7135302
1815.23	-515.2298	-606.2726	0.7135545
1815.24	-515.0883	-606.275	0.7135786
1815.25	-514.9468	-606.2775	0.7136022
1815.26	-514.8052	-606.2799	0.7136254
1815.27	-514.6635	-606.2824	0.7136481
1815.28	-514.5217	-606.2849	0.7136705
1815.29	-514.3799	-606.2874	0.7136924
1815.3	-514.238	-606.2899	0.7137136
1815.31	-514.096	-606.2924	0.7137341
1815.32	-513.954	-606.2949	0.7137539
1815.33	-513.8119	-606.2974	0.7137729
1815.34	-513.6697	-606.3	0.7137913
1815.35	-513.5275	-606.3026	0.7138087
1815.36	-513.3853	-606.3052	0.7138252
1815.37	-513.2429	-606.3077	0.7138408
1815.38	-513.1005	-606.3103	0.7138556
1815.39	-512.9579	-606.3129	0.7138696
1815.4	-512.8154	-606.3154	0.7138827
1815.41	-512.6727	-606.318	0.7138947
1815.42	-512.53	-606.3206	0.7139058
1815.43	-512.3873	-606.3232	0.7139161
1815.44	-512.2444	-606.3259	0.7139255
1815.45	-512.1016	-606.3286	0.713934
1815.46	-511.9586	-606.3312	0.7139415
1815.47	-511.8156	-606.3338	0.7139479
1815.48	-511.6725	-606.3364	0.7139535
1815.49	-511.5293	-606.3391	0.7139583
1815.5	-511.386	-606.3417	0.7139622
1815.51	-511.2428	-606.3443	0.7139646
1815.52	-511.0994	-606.3469	0.7139657
1815.53	-510.956	-606.3496	0.7139653
1815.54	-510.8124	-606.3523	0.7139637
1815.55	-510.6689	-606.355	0.7139602
1815.56	-510.5253	-606.3577	0.7139549
1815.57	-510.3816	-606.3604	0.713948
1815.58	-510.2378	-606.363	0.7139394
1815.59	-510.094	-606.3657	0.7139294
1815.6	-509.9501	-606.3683	0.7139173
1815.61	-509.8061	-606.371	0.7139031
1815.62	-509.6621	-606.3737	0.713887
1815.63	-509.518	-606.3764	0.7138692
1815.64	-509.3738	-606.3791	0.7138495
1815.65	-509.2296	-606.3818	0.7138281
1815.66	-509.0854	-606.3844	0.7138048
1815.67	-508.941	-606.387	0.71378
1815.68	-508.7966	-606.3896	0.7137535
1815.69	-508.6521	-606.3922	0.7137254
1815.7	-508.5075	-606.3948	0.7136959
1815.71	-508.3629	-606.3975	0.713665
1815.72	-508.2182	-606.4	0.7136328
1815.73	-508.0735	-606.4026	0.7135992
1815.74	-507.9287	-606.4053	0.7135644
1815.75	-507.7838	-606.4079	0.7135285
1815.76	-507.6389	-606.4105	0.7134914
1815.77	-507.4939	-606.4131	0.7134532
1815.78	-507.3488	-606.4157	0.7134141
1815.79	-507.2036	-606.4183	0.7133738
1815.8	-507.0584	-606.4208	0.7133328
1815.81	-506.9131	-606.4233	0.7132905
1815.82	-506.7678	-606.4259	0.7132472
1815.83	-506.6223	-606.4285	0.713203
1815.84	-506.4769	-606.431	0.7131577
1815.85	-506.3313	-606.4335	0.7131111
1815.86	-506.1857	-606.436	0.7130634
1815.87	-506.0401	-606.4385	0.7130145
1815.88	-505.8943	-606.441	0.7129644
1815.89	-505.7485	-606.4435	0.7129134
1815.9	-505.6027	-606.4459	0.7128608
1815.91	-505.4567	-606.4484	0.7128065
1815.92	-505.3107	-606.4508	0.712751
1815.93	-505.1647	-606.4532	0.712694
1815.94	-505.0185	-606.4556	0.7126357
1815.95	-504.8723	-606.4579	0.7125755
1815.96	-504.7261	-606.4603	0.7125134
1815.97	-504.5798	-606.4627	0.7124496
1815.98	-504.4334	-606.465	0.712384
1815.99	-504.2869	-606.4673	0.7123168
1816	-504.1404	-606.4696	0.7122477
1816.01	-503.9938	-606.4719	0.7121769
1816.02	-503.8472	-606.4741	0.7121042
1816.03	-503.7005	-606.4764	0.71203
1816.04	-503.5537	-606.4786	0.7119541
1816.05	-503.4069	-606.4808	0.7118767
1816.06	-503.2599	-606.4829	0.7117978
1816.07	-503.1129	-606.485	0.7117174
1816.08	-502.9659	-606.4871	0.7116356
1816.09	-502.8188	-606.4893	0.7115527
1816.1	-502.6716	-606.4913	0.7114684
1816.11	-502.5244	-606.4933	0.7113829
1816.12	-502.3771	-606.4954	0.7112963
1816.13	-502.2298	-606.4973	0.7112086
1816.14	-502.0823	-606.4993	0.7111199
1816.15	-501.9349	-606.5012	0.7110304
1816.16	-501.7873	-606.5032	0.7109402
1816.17	-501.6397	-606.505	0.7108493
1816.18	-501.492	-606.5068	0.7107577
1816.19	-501.3443	-606.5087	0.7106656
1816.2	-501.1965	-606.5105	0.7105734
1816.21	-501.0486	-606.5123	0.7104815
1816.22	-500.9007	-606.514	0.7103895
1816.23	-500.7527	-606.5157	0.7102976
1816.24	-500.6046	-606.5175	0.7102058
1816.25	-500.4565	-606.5191	0.710115
1816.26	-500.3083	-606.5208	0.7100253
1816.27	-500.16	-606.5224	0.7099366
1816.28	-500.0117	-606.524	0.7098488
1816.29	-499.8633	-606.5256	0.709762
1816.3	-499.7149	-606.5271	0.7096772
1816.31	-499.5664	-606.5286	0.7095943
1816.32	-499.4178	-606.5301	0.7095133
1816.33	-499.2692	-606.5316	0.7094341
1816.34	-499.1205	-606.533	0.7093565
1816.35	-498.9717	-606.5344	0.7092817
1816.36	-498.8229	-606.5358	0.7092096
1816.37	-498.674	-606.5372	0.7091399
1816.38	-498.525	-606.5386	0.7090726
1816.39	-498.376	-606.5399	0.7090076
1816.4	-498.2269	-606.5412	0.7089457
1816.41	-498.0778	-606.5425	0.7088868
1816.42	-497.9286	-606.5438	0.7088306
1816.43	-497.7793	-606.545	0.7087771
1816.44	-497.6299	-606.5463	0.7087263
1816.45	-497.4806	-606.5475	0.7086785
1816.46	-497.3311	-606.5487	0.7086338
1816.47	-497.1816	-606.5499	0.7085919
1816.48	-497.032	-606.5511	0.7085527
1816.49	-496.8823	-606.5522	0.7085162
1816.5	-496.7326	-606.5533	0.7084821
1816.51	-496.5828	-606.5544	0.7084507
1816.52	-496.433	-606.5555	0.7084219
1816.53	-496.2831	-606.5566	0.7083955
1816.54	-496.1331	-606.5577	0.7083715
1816.55	-495.9831	-606.5587	0.7083496
1816.56	-495.833	-606.5598	0.7083299
1816.57	-495.6829	-606.5608	0.7083122
1816.58	-495.5327	-606.5618	0.7082964
1816.59	-495.3824	-606.5628	0.7082824
1816.6	-495.232	-606.5638	0.7082702
1816.61	-495.0816	-606.5648	0.7082596
1816.62	-494.9312	-606.5657	0.7082507
1816.63	-494.7806	-606.5667	0.7082433
1816.64	-494.63	-606.5676	0.7082372
1816.65	-494.4794	-606.5684	0.7082326
1816.66	-494.3287	-606.5693	0.7082294
1816.67	-494.1779	-606.5702	0.7082273
1816.68	-494.0271	-606.571	0.7082264
1816.69	-493.8762	-606.5719	0.7082267
1816.7	-493.7252	-606.5728	0.7082282
1816.71	-493.5742	-606.5736	0.7082306
1816.72	-493.4231	-606.5745	0.7082341
1816.73	-493.2719	-606.5753	0.7082384
1816.74	-493.1207	-606.5761	0.7082437
1816.75	-492.9695	-606.5769	0.7082499
1816.76	-492.8181	-606.5777	0.7082568
1816.77	-492.6667	-606.5785	0.7082646
1816.78	-492.5153	-606.5793	0.7082731
1816.79	-492.3638	-606.5801	0.7082824
1816.8	-492.2122	-606.5809	0.7082922
1816.81	-492.0605	-606.5816	0.7083027
1816.82	-491.9088	-606.5823	0.7083139
1816.83	-491.7571	-606.5831	0.7083257
1816.84	-491.6052	-606.5838	0.708338
1816.85	-491.4533	-606.5845	0.7083508
1816.86	-491.3014	-606.5853	0.7083643
1816.87	-491.1494	-606.586	0.7083782
1816.88	-490.9973	-606.5868	0.7083926
1816.89	-490.8452	-606.5875	0.7084074
1816.9	-490.693	-606.5883	0.7084227
1816.91	-490.5407	-606.589	0.7084383
1816.92	-490.3884	-606.5897	0.7084543
1816.93	-490.236	-606.5905	0.7084708
1816.94	-490.0836	-606.5912	0.7084875
1816.95	-489.9311	-606.5919	0.7085047
1816.96	-489.7785	-606.5927	0.7085221
1816.97	-489.6259	-606.5934	0.7085398
1816.98	-489.4732	-606.5942	0.708558
1816.99	-489.3204	-606.5949	0.7085763
1817	-489.1676	-606.5956	0.7085949
1817.01	-489.0148	-606.5964	0.7086139
1817.02	-488.8618	-606.5971	0.708633
1817.03	-488.7089	-606.5978	0.7086524
1817.04	-488.5558	-606.5986	0.708672
1817.05	-488.4027	-606.5994	0.7086918
1817.06	-488.2495	-606.6001	0.7087119
1817.07	-488.0963	-606.6008	0.7087321
1817.08	-487.943	-606.6016	0.7087526
1817.09	-487.7896	-606.6023	0.7087733
1817.1	-487.6362	-606.603	0.7087941
1817.11	-487.4827	-606.6038	0.708815
1817.12	-487.3292	-606.6045	0.7088363
1817.13	-487.1756	-606.6053	0.7088575
1817.14	-487.0219	-606.606	0.7088791
1817.15	-486.8682	-606.6068	0.7089006
1817.16	-486.7144	-606.6075	0.7089223
1817.17	-486.5605	-606.6083	0.7089442
1817.18	-486.4066	-606.6091	0.7089662
1817.19	-486.2527	-606.6099	0.7089884
1817.2	-486.0987	-606.6107	0.7090106
1817.21	-485.9446	-606.6115	0.709033
1817.22	-485.7904	-606.6123	0.7090554
1817.23	-485.6362	-606.6131	0.709078
1817.24	-485.482	-606.6139	0.7091006
1817.25	-485.3277	-606.6147	0.7091234
1817.26	-485.1733	-606.6155	0.7091463
1817.27	-485.0188	-606.6163	0.7091692
1817.28	-484.8643	-606.6172	0.7091922
1817.29	-484.7097	-606.618	0.7092153
1817.3	-484.5551	-606.6189	0.7092385
1817.31	-484.4005	-606.6198	0.7092617
1817.32	-484.2457	-606.6206	0.7092851
1817.33	-484.0909	-606.6215	0.7093084
1817.34	-483.936	-606.6224	0.7093319
1817.35	-483.7811	-606.6232	0.7093554
1817.36	-483.6261	-606.6241	0.709379
1817.37	-483.4711	-606.6251	0.7094026
1817.38	-483.316	-606.626	0.7094263
1817.39	-483.1608	-606.627	0.7094501
1817.4	-483.0056	-606.6279	0.709474
1817.41	-482.8503	-606.6288	0.7094977
1817.42	-482.695	-606.6297	0.7095217
1817.43	-482.5396	-606.6306	0.7095456
1817.44	-482.3841	-606.6316	0.7095696
1817.45	-482.2286	-606.6326	0.7095937
1817.46	-482.073	-606.6336	0.7096177
1817.47	-481.9174	-606.6346	0.7096419
1817.48	-481.7617	-606.6356	0.709666
1817.49	-481.606	-606.6365	0.7096902
1817.5	-481.4502	-606.6375	0.7097144
1817.51	-481.2943	-606.6385	0.7097387
1817.52	-481.1383	-606.6396	0.709763
1817.53	-480.9823	-606.6407	0.7097873
1817.54	-480.8263	-606.6417	0.7098116
1817.55	-480.6702	-606.6428	0.7098361
1817.56	-480.514	-606.6438	0.7098605
1817.57	-480.3578	-606.6449	0.7098849
1817.58	-480.2015	-606.6461	0.7099094
1817.59	-480.0451	-606.6472	0.7099339
1817.6	-479.8887	-606.6483	0.7099584
1817.61	-479.7322	-606.6494	0.7099831
1817.62	-479.5757	-606.6505	0.7100077
1817.63	-479.4191	-606.6516	0.7100323
1817.64	-479.2625	-606.6528	0.7100569
1817.65	-479.1058	-606.654	0.7100816
1817.66	-478.9491	-606.6552	0.7101062
1817.67	-478.7922	-606.6563	0.7101309
1817.68	-478.6353	-606.6575	0.7101557
1817.69	-478.4784	-606.6587	0.7101804
1817.7	-478.3214	-606.66	0.7102052
1817.71	-478.1644	-606.6612	0.71023
1817.72	-478.0073	-606.6624	0.7102547
1817.73	-477.8501	-606.6636	0.7102796
1817.74	-477.6928	-606.6649	0.7103045
1817.75	-477.5355	-606.6661	0.7103294
1817.76	-477.3782	-606.6675	0.7103542
1817.77	-477.2208	-606.6688	0.7103791
1817.78	-477.0633	-606.67	0.710404
1817.79	-476.9058	-606.6713	0.710429
1817.8	-476.7482	-606.6726	0.7104537
1817.81	-476.5906	-606.674	0.7104784
1817.82	-476.4329	-606.6754	0.710503
1817.83	-476.2751	-606.6767	0.7105275
1817.84	-476.1172	-606.678	0.7105517
1817.85	-475.9594	-606.6794	0.7105757
1817.86	-475.8015	-606.6807	0.7105994
1817.87	-475.6435	-606.6821	0.7106226
1817.88	-475.4854	-606.6836	0.7106456
1817.89	-475.3273	-606.685	0.7106682
1817.9	-475.1692	-606.6864	0.71069
1817.91	-475.011	-606.6878	0.7107111
1817.92	-474.8527	-606.6892	0.7107314
1817.93	-474.6943	-606.6906	0.7107511
1817.94	-474.5359	-606.6921	0.7107695
1817.95	-474.3775	-606.6935	0.7107868
1817.96	-474.219	-606.6951	0.7108029
1817.97	-474.0604	-606.6965	0.710818
1817.98	-473.9018	-606.698	0.710832
1817.99	-473.7431	-606.6995	0.710845
1818	-473.5844	-606.7009	0.7108566
1818.01	-473.4256	-606.7024	0.7108669
1818.02	-473.2667	-606.7039	0.7108757
1818.03	-473.1078	-606.7054	0.7108834
1818.04	-472.9488	-606.7069	0.7108896
1818.05	-472.7898	-606.7084	0.7108943
1818.06	-472.6307	-606.71	0.7108977
1818.07	-472.4715	-606.7115	0.7108999
1818.08	-472.3123	-606.713	0.710901
1818.09	-472.153	-606.7145	0.7109007
1818.1	-471.9937	-606.7161	0.7108994
1818.11	-471.8344	-606.7176	0.710897
1818.12	-471.675	-606.7191	0.7108935
1818.13	-471.5154	-606.7206	0.710889
1818.14	-471.3559	-606.7222	0.7108836
1818.15	-471.1963	-606.7237	0.7108771
1818.16	-471.0366	-606.7252	0.7108698
1818.17	-470.8769	-606.7267	0.7108618
1818.18	-470.7171	-606.7283	0.7108529
1818.19	-470.5572	-606.7299	0.7108433
1818.2	-470.3973	-606.7315	0.7108328
1818.21	-470.2374	-606.7331	0.7108217
1818.22	-470.0774	-606.7347	0.7108099
1818.23	-469.9173	-606.7363	0.7107974
1818.24	-469.7572	-606.7378	0.7107843
1818.25	-469.5971	-606.7394	0.7107707
1818.26	-469.4368	-606.741	0.7107564
1818.27	-469.2765	-606.7426	0.7107416
1818.28	-469.1161	-606.7441	0.7107263
1818.29	-468.9557	-606.7457	0.7107104
1818.3	-468.7953	-606.7473	0.7106941
1818.31	-468.6347	-606.7489	0.7106774
1818.32	-468.4742	-606.7505	0.7106602
1818.33	-468.3135	-606.7521	0.7106425
1818.34	-468.1528	-606.7536	0.7106245
1818.35	-467.9921	-606.7552	0.710606
1818.36	-467.8313	-606.7568	0.7105871
1818.37	-467.6704	-606.7584	0.710568
1818.38	-467.5095	-606.7599	0.7105485
1818.39	-467.3486	-606.7615	0.7105286
1818.4	-467.1876	-606.7631	0.7105084
1818.41	-467.0265	-606.7646	0.710488
1818.42	-466.8653	-606.7661	0.7104672
1818.43	-466.7041	-606.7676	0.7104461
1818.44	-466.5428	-606.7692	0.7104248
1818.45	-466.3815	-606.7707	0.7104032
1818.46	-466.2201	-606.7722	0.7103814
1818.47	-466.0587	-606.7737	0.7103593
1818.48	-465.8972	-606.7752	0.710337
1818.49	-465.7356	-606.7767	0.7103145
1818.5	-465.574	-606.7783	0.7102918
1818.51	-465.4124	-606.7798	0.7102689
1818.52	-465.2507	-606.7813	0.7102458
1818.53	-465.0889	-606.7828	0.7102225
1818.54	-464.9271	-606.7844	0.710199
1818.55	-464.7652	-606.7858	0.7101754
1818.56	-464.6033	-606.7873	0.7101516
1818.57	-464.4413	-606.7888	0.7101276
1818.58	-464.2792	-606.7902	0.7101035
1818.59	-464.1171	-606.7917	0.7100793
1818.6	-463.955	-606.7932	0.7100549
1818.61	-463.7928	-606.7946	0.7100305
1818.62	-463.6305	-606.796	0.7100061
1818.63	-463.4681	-606.7975	0.7099816
1818.64	-463.3057	-606.799	0.7099569
1818.65	-463.1432	-606.8004	0.7099326
1818.66	-462.9807	-606.8018	0.7099083
1818.67	-462.8182	-606.8031	0.7098842
1818.68	-462.6555	-606.8045	0.7098603
1818.69	-462.4929	-606.8059	0.7098364
1818.7	-462.3301	-606.8073	0.7098133
1818.71	-462.1674	-606.8087	0.7097908
1818.72	-462.0045	-606.8101	0.709769
1818.73	-461.8416	-606.8115	0.7097477
1818.74	-461.6786	-606.8129	0.709727
1818.75	-461.5157	-606.8143	0.7097075
1818.76	-461.3526	-606.8156	0.7096893
1818.77	-461.1895	-606.817	0.7096721
1818.78	-461.0263	-606.8183	0.7096561
1818.79	-460.8631	-606.8196	0.7096411
1818.8	-460.6998	-606.821	0.709628
1818.81	-460.5365	-606.8223	0.7096166
1818.82	-460.3731	-606.8237	0.7096069
1818.83	-460.2096	-606.825	0.7095987
1818.84	-460.0461	-606.8264	0.7095922
1818.85	-459.8826	-606.8276	0.7095876
1818.86	-459.719	-606.829	0.709585
1818.87	-459.5553	-606.8303	0.7095842
1818.88	-459.3916	-606.8317	0.7095853
1818.89	-459.2278	-606.833	0.7095882
1818.9	-459.064	-606.8344	0.709593
1818.91	-458.9001	-606.8358	0.7095998
1818.92	-458.7361	-606.8371	0.7096086
1818.93	-458.5721	-606.8384	0.709619
1818.94	-458.4081	-606.8398	0.7096314
1818.95	-458.244	-606.8411	0.7096455
1818.96	-458.0798	-606.8425	0.7096615
1818.97	-457.9156	-606.8438	0.7096791
1818.98	-457.7513	-606.8452	0.7096984
1818.99	-457.587	-606.8465	0.7097192
1819	-457.4226	-606.8479	0.7097417
1819.01	-457.2582	-606.8492	0.7097656
1819.02	-457.0937	-606.8506	0.7097908
1819.03	-456.9292	-606.8519	0.7098175
1819.04	-456.7646	-606.8533	0.7098454
1819.05	-456.5999	-606.8547	0.7098747
1819.06	-456.4352	-606.8561	0.7099051
1819.07	-456.2704	-606.8575	0.7099367
1819.08	-456.1056	-606.8589	0.7099693
1819.09	-455.9407	-606.8604	0.7100031
1819.1	-455.7758	-606.8618	0.7100376
1819.11	-455.6108	-606.8632	0.7100728
1819.12	-455.4458	-606.8646	0.7101088
1819.13	-455.2807	-606.866	0.7101454
1819.14	-455.1155	-606.8674	0.7101827
1819.15	-454.9503	-606.8689	0.71022
1819.16	-454.7851	-606.8704	0.7102574
1819.17	-454.6198	-606.8718	0.7102949
1819.18	-454.4544	-606.8733	0.7103325
1819.19	-454.289	-606.8748	0.7103701
1819.2	-454.1235	-606.8763	0.7104067
1819.21	-453.958	-606.8777	0.7104426
1819.22	-453.7924	-606.8792	0.7104777
1819.23	-453.6267	-606.8807	0.7105119
1819.24	-453.461	-606.8822	0.7105454
1819.25	-453.2953	-606.8837	0.7105771
1819.26	-453.1295	-606.8852	0.7106072
1819.27	-452.9636	-606.8867	0.7106356
1819.28	-452.7977	-606.8883	0.7106625
1819.29	-452.6317	-606.8898	0.7106879
1819.3	-452.4657	-606.8914	0.7107107
1819.31	-452.2997	-606.8929	0.710731
1819.32	-452.1336	-606.8944	0.7107491
1819.33	-451.9674	-606.8959	0.7107649
1819.34	-451.8012	-606.8975	0.7107786
1819.35	-451.6349	-606.899	0.7107886
1819.36	-451.4686	-606.9006	0.7107952
1819.37	-451.3022	-606.9021	0.7107984
1819.38	-451.1358	-606.9036	0.7107984
1819.39	-450.9694	-606.9052	0.7107934
1819.4	-450.8029	-606.9066	0.7107832
1819.41	-450.6363	-606.9081	0.7107684
1819.42	-450.4697	-606.9097	0.710749
1819.43	-450.303	-606.9111	0.7107252
1819.44	-450.1362	-606.9126	0.7106973
1819.45	-449.9695	-606.9141	0.7106634
1819.46	-449.8026	-606.9155	0.7106239
1819.47	-449.6358	-606.9169	0.7105789
1819.48	-449.4688	-606.9183	0.7105287
1819.49	-449.3018	-606.9197	0.7104735
1819.5	-449.1348	-606.9211	0.710413
1819.51	-448.9677	-606.9225	0.7103474
1819.52	-448.8006	-606.9238	0.7102768
1819.53	-448.6334	-606.9251	0.7102016
1819.54	-448.4662	-606.9264	0.7101219
1819.55	-448.2989	-606.9277	0.7100383
1819.56	-448.1316	-606.929	0.709951
1819.57	-447.9642	-606.9302	0.7098601
1819.58	-447.7968	-606.9315	0.7097659
1819.59	-447.6293	-606.9326	0.7096683
1819.6	-447.4618	-606.9338	0.7095683
1819.61	-447.2942	-606.935	0.7094659
1819.62	-447.1266	-606.9361	0.7093613
1819.63	-446.959	-606.9372	0.7092546
1819.64	-446.7912	-606.9384	0.7091458
1819.65	-446.6235	-606.9394	0.7090356
1819.66	-446.4557	-606.9404	0.7089239
1819.67	-446.2879	-606.9414	0.7088109
1819.68	-446.12	-606.9424	0.7086967
1819.69	-445.9521	-606.9434	0.7085811
1819.7	-445.7841	-606.9443	0.708465
1819.71	-445.6161	-606.9453	0.7083486
1819.72	-445.448	-606.9461	0.7082317
1819.73	-445.2799	-606.947	0.7081144
1819.74	-445.1118	-606.9478	0.7079967
1819.75	-444.9436	-606.9486	0.7078797
1819.76	-444.7754	-606.9493	0.7077631
1819.77	-444.6072	-606.9501	0.7076472
1819.78	-444.4389	-606.9508	0.7075318
1819.79	-444.2706	-606.9515	0.7074176
1819.8	-444.1023	-606.9521	0.7073048
1819.81	-443.934	-606.9528	0.7071933
1819.82	-443.7656	-606.9534	0.7070829
1819.83	-443.5972	-606.954	0.7069736
1819.84	-443.4288	-606.9545	0.7068655
1819.85	-443.2604	-606.955	0.7067598
1819.86	-443.0919	-606.9554	0.7066565
1819.87	-442.9234	-606.9559	0.7065555
1819.88	-442.7549	-606.9563	0.7064567
1819.89	-442.5864	-606.9567	0.7063599
1819.9	-442.4179	-606.957	0.7062674
1819.91	-442.2494	-606.9574	0.7061787
1819.92	-442.0809	-606.9577	0.7060937
1819.93	-441.9123	-606.958	0.7060124
1819.94	-441.7438	-606.9583	0.7059345
1819.95	-441.5753	-606.9585	0.7058622
1819.96	-441.4067	-606.9587	0.7057949
1819.97	-441.2382	-606.9589	0.7057327
1819.98	-441.0696	-606.9591	0.7056752
1819.99	-440.9011	-606.9592	0.7056223
1820	-440.7325	-606.9594	0.7055752
1820.01	-440.564	-606.9595	0.7055333
1820.02	-440.3955	-606.9595	0.7054965
1820.03	-440.227	-606.9597	0.7054649
1820.04	-440.0585	-606.9597	0.705438
1820.05	-439.8901	-606.9598	0.705415
1820.06	-439.7216	-606.9598	0.7053956
1820.07	-439.5532	-606.9598	0.7053799
1820.08	-439.3848	-606.9597	0.7053676
1820.09	-439.2163	-606.9597	0.7053584
1820.1	-439.048	-606.9596	0.7053497
1820.11	-438.8796	-606.9595	0.7053413
1820.12	-438.7112	-606.9594	0.7053332
1820.13	-438.5429	-606.9593	0.7053254
1820.14	-438.3746	-606.9591	0.7053179
1820.15	-438.2063	-606.9589	0.7053087
1820.16	-438.038	-606.9587	0.7052977
1820.17	-437.8698	-606.9584	0.7052852
1820.18	-437.7015	-606.9582	0.7052711
1820.19	-437.5333	-606.9579	0.7052556
