1304.09	-645.29	-606.2554	0.6959864
1304.1	-645.1716	-606.2517	0.6959881
1304.11	-645.0532	-606.248	0.6959899
1304.12	-644.9348	-606.2443	0.6959916
1304.13	-644.8163	-606.2405	0.6959934
1304.14	-644.6979	-606.2368	0.6959951
1304.15	-644.5795	-606.2331	0.6959968
1304.16	-644.4611	-606.2294	0.6959985
1304.17	-644.3428	-606.2256	0.6960002
1304.18	-644.2244	-606.2219	0.696002
1304.19	-644.1061	-606.2182	0.6960037
1304.2	-643.9877	-606.2145	0.6960055
1304.21	-643.8694	-606.2108	0.6960071
1304.22	-643.751	-606.2071	0.6960088
1304.23	-643.6327	-606.2034	0.6960105
1304.24	-643.5143	-606.1998	0.6960122
1304.25	-643.396	-606.1961	0.6960139
1304.26	-643.2776	-606.1924	0.6960156
1304.27	-643.1594	-606.1888	0.6960173
1304.28	-643.0411	-606.1851	0.6960189
1304.29	-642.9228	-606.1815	0.6960206
1304.3	-642.8045	-606.1778	0.6960223
1304.31	-642.6862	-606.1741	0.6960239
1304.32	-642.5678	-606.1705	0.6960256
1304.33	-642.4495	-606.1668	0.6960273
1304.34	-642.3312	-606.1631	0.6960289
1304.35	-642.213	-606.1595	0.6960306
1304.36	-642.0947	-606.1558	0.6960323
1304.37	-641.9764	-606.1522	0.696034
1304.38	-641.8581	-606.1485	0.6960356
1304.39	-641.7398	-606.1448	0.6960372
1304.4	-641.6215	-606.1412	0.6960388
1304.41	-641.5032	-606.1375	0.6960405
1304.42	-641.3849	-606.1339	0.6960421
1304.43	-641.2667	-606.1302	0.6960438
1304.44	-641.1484	-606.1265	0.6960455
1304.45	-641.0301	-606.1229	0.6960471
1304.46	-640.9118	-606.1192	0.6960489
1304.47	-640.7935	-606.1155	0.6960506
1304.48	-640.6752	-606.1119	0.6960523
1304.49	-640.5569	-606.1082	0.6960541
1304.5	-640.4387	-606.1046	0.6960559
1304.51	-640.3204	-606.1009	0.6960577
1304.52	-640.2021	-606.0972	0.6960598
1304.53	-640.0838	-606.0936	0.696062
1304.54	-639.9655	-606.0899	0.6960644
1304.55	-639.8472	-606.0862	0.696067
1304.56	-639.7288	-606.0826	0.6960698
1304.57	-639.6105	-606.0789	0.6960728
1304.58	-639.4921	-606.0753	0.6960767
1304.59	-639.3738	-606.0716	0.6960816
1304.6	-639.2554	-606.0679	0.6960872
1304.61	-639.1371	-606.0643	0.6960937
1304.62	-639.0187	-606.0607	0.6961017
1304.63	-638.9004	-606.057	0.6961113
1304.64	-638.782	-606.0533	0.6961221
1304.65	-638.6636	-606.0497	0.6961343
1304.66	-638.5452	-606.046	0.6961476
1304.67	-638.4269	-606.0424	0.6961631
1304.68	-638.3085	-606.0388	0.6961806
1304.69	-638.1901	-606.0352	0.6962001
1304.7	-638.0717	-606.0316	0.6962214
1304.71	-637.9532	-606.028	0.6962442
1304.72	-637.8348	-606.0245	0.6962693
1304.73	-637.7164	-606.0209	0.6962962
1304.74	-637.598	-606.0173	0.6963249
1304.75	-637.4796	-606.0138	0.6963553
1304.76	-637.3611	-606.0103	0.6963874
1304.77	-637.2427	-606.0068	0.6964209
1304.78	-637.1242	-606.0032	0.696456
1304.79	-637.0057	-605.9997	0.6964924
1304.8	-636.8873	-605.9962	0.6965301
1304.81	-636.7688	-605.9927	0.6965691
1304.82	-636.6503	-605.9893	0.6966091
1304.83	-636.5319	-605.9858	0.6966503
1304.84	-636.4134	-605.9823	0.6966925
1304.85	-636.2949	-605.9789	0.6967357
1304.86	-636.1763	-605.9754	0.6967797
1304.87	-636.0579	-605.972	0.6968247
1304.88	-635.9393	-605.9686	0.6968706
1304.89	-635.8207	-605.9652	0.6969171
1304.9	-635.7022	-605.9618	0.6969644
1304.91	-635.5837	-605.9584	0.6970124
1304.92	-635.4651	-605.955	0.6970609
1304.93	-635.3466	-605.9517	0.6971102
1304.94	-635.2281	-605.9483	0.69716
1304.95	-635.1096	-605.945	0.6972103
1304.96	-634.991	-605.9417	0.6972612
1304.97	-634.8724	-605.9383	0.6973125
1304.98	-634.7538	-605.9351	0.6973643
1304.99	-634.6353	-605.9318	0.6974165
1305	-634.5167	-605.9285	0.6974692
1305.01	-634.3981	-605.9252	0.6975222
1305.02	-634.2795	-605.9219	0.6975756
1305.03	-634.1609	-605.9188	0.6976294
1305.04	-634.0423	-605.9155	0.6976834
1305.05	-633.9237	-605.9123	0.6977378
1305.06	-633.8051	-605.9091	0.6977924
1305.07	-633.6865	-605.9059	0.6978473
1305.08	-633.5678	-605.9028	0.6979024
1305.09	-633.4492	-605.8997	0.6979578
1305.1	-633.3305	-605.8965	0.6980133
1305.11	-633.2119	-605.8934	0.698069
1305.12	-633.0932	-605.8903	0.6981249
1305.13	-632.9745	-605.8872	0.698181
1305.14	-632.8559	-605.8842	0.6982372
1305.15	-632.7372	-605.8811	0.6982936
1305.16	-632.6185	-605.8781	0.69835
1305.17	-632.4999	-605.8751	0.6984065
1305.18	-632.3812	-605.872	0.6984629
1305.19	-632.2625	-605.869	0.6985192
1305.2	-632.1437	-605.8661	0.6985754
1305.21	-632.025	-605.8631	0.6986317
1305.22	-631.9063	-605.8601	0.6986876
1305.23	-631.7876	-605.8572	0.6987433
1305.24	-631.6689	-605.8543	0.6987988
1305.25	-631.5502	-605.8514	0.6988541
1305.26	-631.4314	-605.8485	0.6989093
1305.27	-631.3127	-605.8456	0.6989642
1305.28	-631.1939	-605.8428	0.6990188
1305.29	-631.0751	-605.84	0.6990733
1305.3	-630.9564	-605.8371	0.6991275
1305.31	-630.8376	-605.8344	0.6991816
1305.32	-630.7188	-605.8315	0.6992355
1305.33	-630.6	-605.8287	0.6992891
1305.34	-630.4813	-605.826	0.6993427
1305.35	-630.3625	-605.8233	0.6993961
1305.36	-630.2437	-605.8206	0.6994493
1305.37	-630.1249	-605.8179	0.6995024
1305.38	-630.006	-605.8152	0.6995553
1305.39	-629.8872	-605.8126	0.6996083
1305.4	-629.7684	-605.8099	0.699661
1305.41	-629.6495	-605.8072	0.6997137
1305.42	-629.5307	-605.8046	0.6997662
1305.43	-629.4119	-605.802	0.6998187
1305.44	-629.293	-605.7994	0.6998711
1305.45	-629.1742	-605.7969	0.6999233
1305.46	-629.0553	-605.7943	0.6999756
1305.47	-628.9365	-605.7917	0.7000276
1305.48	-628.8176	-605.7892	0.7000797
1305.49	-628.6987	-605.7867	0.7001317
1305.5	-628.5798	-605.7842	0.7001836
1305.51	-628.4609	-605.7818	0.7002355
1305.52	-628.342	-605.7794	0.7002873
1305.53	-628.2231	-605.7769	0.7003391
1305.54	-628.1042	-605.7745	0.7003908
1305.55	-627.9853	-605.7721	0.7004424
1305.56	-627.8663	-605.7697	0.7004941
1305.57	-627.7474	-605.7674	0.7005456
1305.58	-627.6285	-605.765	0.7005972
1305.59	-627.5096	-605.7626	0.7006487
1305.6	-627.3906	-605.7604	0.7007001
1305.61	-627.2717	-605.7581	0.7007516
1305.62	-627.1527	-605.7557	0.7008029
1305.63	-627.0338	-605.7535	0.7008543
1305.64	-626.9148	-605.7513	0.7009057
1305.65	-626.7958	-605.749	0.7009569
1305.66	-626.6768	-605.7468	0.7010083
1305.67	-626.5579	-605.7446	0.7010596
1305.68	-626.4389	-605.7424	0.7011107
1305.69	-626.3199	-605.7403	0.701162
1305.7	-626.2009	-605.7382	0.7012132
1305.71	-626.0818	-605.736	0.7012643
1305.72	-625.9628	-605.7339	0.7013155
1305.73	-625.8438	-605.7318	0.7013667
1305.74	-625.7248	-605.7297	0.7014177
1305.75	-625.6058	-605.7277	0.7014689
1305.76	-625.4867	-605.7256	0.70152
1305.77	-625.3677	-605.7236	0.701571
1305.78	-625.2487	-605.7217	0.7016222
1305.79	-625.1296	-605.7197	0.7016732
1305.8	-625.0105	-605.7177	0.7017242
1305.81	-624.8914	-605.7158	0.7017753
1305.82	-624.7723	-605.7138	0.7018263
1305.83	-624.6533	-605.7119	0.7018773
1305.84	-624.5342	-605.71	0.7019284
1305.85	-624.4151	-605.7081	0.7019793
1305.86	-624.296	-605.7062	0.7020303
1305.87	-624.1769	-605.7043	0.7020813
1305.88	-624.0578	-605.7025	0.7021323
1305.89	-623.9387	-605.7007	0.7021832
1305.9	-623.8195	-605.6989	0.7022343
1305.91	-623.7004	-605.6971	0.7022852
1305.92	-623.5812	-605.6953	0.7023361
1305.93	-623.4621	-605.6936	0.702387
1305.94	-623.343	-605.6918	0.702438
1305.95	-623.2238	-605.6901	0.7024888
1305.96	-623.1046	-605.6885	0.7025399
1305.97	-622.9855	-605.6868	0.7025908
1305.98	-622.8663	-605.6851	0.7026416
1305.99	-622.7471	-605.6835	0.7026926
1306	-622.6279	-605.6818	0.7027435
1306.01	-622.5087	-605.6802	0.7027944
1306.02	-622.3895	-605.6786	0.7028453
1306.03	-622.2703	-605.677	0.7028961
1306.04	-622.1511	-605.6754	0.702947
1306.05	-622.0319	-605.6739	0.7029979
1306.06	-621.9126	-605.6724	0.7030487
1306.07	-621.7934	-605.6708	0.7030995
1306.08	-621.6741	-605.6694	0.7031504
1306.09	-621.5549	-605.6678	0.7032012
1306.1	-621.4356	-605.6664	0.7032521
1306.11	-621.3163	-605.665	0.703303
1306.12	-621.1971	-605.6635	0.7033538
1306.13	-621.0778	-605.6621	0.7034047
1306.14	-620.9585	-605.6608	0.7034556
1306.15	-620.8392	-605.6594	0.7035064
1306.16	-620.7198	-605.658	0.7035573
1306.17	-620.6005	-605.6567	0.7036081
1306.18	-620.4812	-605.6553	0.7036589
1306.19	-620.3619	-605.6541	0.7037098
1306.2	-620.2426	-605.6527	0.7037606
1306.21	-620.1232	-605.6514	0.7038114
1306.22	-620.0038	-605.6502	0.7038622
1306.23	-619.8845	-605.6489	0.7039131
1306.24	-619.7651	-605.6477	0.7039639
1306.25	-619.6457	-605.6465	0.7040147
1306.26	-619.5263	-605.6453	0.7040656
1306.27	-619.4069	-605.6441	0.7041163
1306.28	-619.2875	-605.643	0.7041671
1306.29	-619.168	-605.6418	0.704218
1306.3	-619.0486	-605.6407	0.7042687
1306.31	-618.9291	-605.6396	0.7043195
1306.32	-618.8097	-605.6385	0.7043704
1306.33	-618.6902	-605.6375	0.7044212
1306.34	-618.5708	-605.6364	0.704472
1306.35	-618.4514	-605.6354	0.7045228
1306.36	-618.3318	-605.6343	0.7045736
1306.37	-618.2123	-605.6334	0.7046244
1306.38	-618.0928	-605.6324	0.7046753
1306.39	-617.9733	-605.6314	0.704726
1306.4	-617.8538	-605.6305	0.7047768
1306.41	-617.7343	-605.6295	0.7048276
1306.42	-617.6148	-605.6286	0.7048784
1306.43	-617.4953	-605.6277	0.7049292
1306.44	-617.3758	-605.6268	0.70498
1306.45	-617.2562	-605.6259	0.7050308
1306.46	-617.1367	-605.6251	0.7050816
1306.47	-617.0171	-605.6243	0.7051324
1306.48	-616.8975	-605.6234	0.7051832
1306.49	-616.778	-605.6227	0.705234
1306.5	-616.6584	-605.6219	0.7052848
1306.51	-616.5388	-605.6211	0.7053356
1306.52	-616.4192	-605.6204	0.7053864
1306.53	-616.2996	-605.6196	0.7054372
1306.54	-616.18	-605.6189	0.705488
1306.55	-616.0604	-605.6182	0.7055389
1306.56	-615.9407	-605.6176	0.7055897
1306.57	-615.8211	-605.6169	0.7056404
1306.58	-615.7015	-605.6163	0.7056912
1306.59	-615.5818	-605.6156	0.7057419
1306.6	-615.4622	-605.615	0.7057927
1306.61	-615.3425	-605.6144	0.7058436
1306.62	-615.2228	-605.6138	0.7058944
1306.63	-615.1031	-605.6132	0.7059452
1306.64	-614.9834	-605.6127	0.705996
1306.65	-614.8637	-605.6122	0.7060468
1306.66	-614.744	-605.6116	0.7060975
1306.67	-614.6243	-605.6112	0.7061484
1306.68	-614.5046	-605.6107	0.7061992
1306.69	-614.3849	-605.6102	0.7062499
1306.7	-614.2651	-605.6098	0.7063007
1306.71	-614.1454	-605.6094	0.7063516
1306.72	-614.0256	-605.6089	0.7064024
1306.73	-613.9059	-605.6086	0.7064531
1306.74	-613.7861	-605.6082	0.7065039
1306.75	-613.6664	-605.6078	0.7065547
1306.76	-613.5466	-605.6075	0.7066055
1306.77	-613.4268	-605.6072	0.7066563
1306.78	-613.307	-605.6069	0.7067071
1306.79	-613.1872	-605.6066	0.7067579
1306.8	-613.0674	-605.6063	0.7068087
1306.81	-612.9476	-605.6061	0.7068595
1306.82	-612.8278	-605.6059	0.7069103
1306.83	-612.7079	-605.6057	0.7069611
1306.84	-612.5881	-605.6054	0.7070118
1306.85	-612.4683	-605.6053	0.7070627
1306.86	-612.3484	-605.6051	0.7071134
1306.87	-612.2285	-605.6049	0.7071642
1306.88	-612.1086	-605.6049	0.7072151
1306.89	-611.9888	-605.6047	0.7072659
1306.9	-611.8689	-605.6046	0.7073166
1306.91	-611.749	-605.6046	0.7073674
1306.92	-611.6291	-605.6045	0.7074181
1306.93	-611.5092	-605.6044	0.707469
1306.94	-611.3893	-605.6044	0.7075198
1306.95	-611.2693	-605.6044	0.7075706
1306.96	-611.1494	-605.6044	0.7076213
1306.97	-611.0295	-605.6044	0.7076721
1306.98	-610.9095	-605.6044	0.7077229
1306.99	-610.7896	-605.6045	0.7077737
1307	-610.6696	-605.6046	0.7078245
1307.01	-610.5496	-605.6047	0.7078752
1307.02	-610.4297	-605.6047	0.707926
1307.03	-610.3097	-605.6049	0.7079768
1307.04	-610.1897	-605.605	0.7080275
1307.05	-610.0697	-605.6052	0.7080783
1307.06	-609.9497	-605.6054	0.7081291
1307.07	-609.8297	-605.6056	0.7081798
1307.08	-609.7097	-605.6058	0.7082306
1307.09	-609.5897	-605.606	0.7082814
1307.1	-609.4696	-605.6063	0.7083321
1307.11	-609.3495	-605.6065	0.708383
1307.12	-609.2295	-605.6068	0.7084337
1307.13	-609.1094	-605.6071	0.7084845
1307.14	-608.9894	-605.6074	0.7085353
1307.15	-608.8693	-605.6078	0.708586
1307.16	-608.7492	-605.6081	0.7086368
1307.17	-608.6291	-605.6085	0.7086875
1307.18	-608.509	-605.6089	0.7087383
1307.19	-608.3889	-605.6093	0.7087891
1307.2	-608.2687	-605.6097	0.7088398
1307.21	-608.1486	-605.6102	0.7088905
1307.22	-608.0285	-605.6106	0.7089413
1307.23	-607.9084	-605.6111	0.708992
1307.24	-607.7883	-605.6116	0.7090428
1307.25	-607.6681	-605.6121	0.7090936
1307.26	-607.5479	-605.6126	0.7091443
1307.27	-607.4277	-605.6132	0.709195
1307.28	-607.3076	-605.6137	0.7092458
1307.29	-607.1874	-605.6143	0.7092965
1307.3	-607.0672	-605.6149	0.7093473
1307.31	-606.947	-605.6155	0.709398
1307.32	-606.8268	-605.6161	0.7094488
1307.33	-606.7066	-605.6168	0.7094995
1307.34	-606.5864	-605.6174	0.7095503
1307.35	-606.4661	-605.6182	0.709601
1307.36	-606.3459	-605.6188	0.7096518
1307.37	-606.2256	-605.6195	0.7097025
1307.38	-606.1054	-605.6203	0.7097533
1307.39	-605.9852	-605.621	0.7098041
1307.4	-605.8649	-605.6218	0.7098548
1307.41	-605.7446	-605.6226	0.7099056
1307.42	-605.6244	-605.6234	0.7099562
1307.43	-605.5042	-605.6241	0.7100067
1307.44	-605.3839	-605.625	0.710057
1307.45	-605.2635	-605.6259	0.7101072
1307.46	-605.1432	-605.6267	0.7101573
1307.47	-605.0229	-605.6276	0.7102069
1307.48	-604.9026	-605.6285	0.7102557
1307.49	-604.7823	-605.6294	0.7103041
1307.5	-604.662	-605.6304	0.710352
1307.51	-604.5417	-605.6313	0.7103993
1307.52	-604.4214	-605.6322	0.7104462
1307.53	-604.3011	-605.6332	0.710492
1307.54	-604.1808	-605.6342	0.7105364
1307.55	-604.0605	-605.6352	0.7105797
1307.56	-603.9402	-605.6362	0.710622
1307.57	-603.8199	-605.6372	0.7106627
1307.58	-603.6996	-605.6382	0.7107019
1307.59	-603.5793	-605.6393	0.7107398
1307.6	-603.459	-605.6403	0.7107763
1307.61	-603.3387	-605.6414	0.7108116
1307.62	-603.2183	-605.6425	0.7108456
1307.63	-603.098	-605.6436	0.710878
1307.64	-602.9777	-605.6447	0.7109087
1307.65	-602.8574	-605.6458	0.7109377
1307.66	-602.737	-605.6469	0.7109653
1307.67	-602.6167	-605.648	0.7109914
1307.68	-602.4964	-605.6491	0.7110161
1307.69	-602.376	-605.6503	0.7110396
1307.7	-602.2557	-605.6514	0.7110618
1307.71	-602.1353	-605.6526	0.7110828
1307.72	-602.015	-605.6538	0.7111027
1307.73	-601.8946	-605.655	0.7111216
1307.74	-601.7742	-605.6561	0.7111394
1307.75	-601.6539	-605.6573	0.7111564
1307.76	-601.5335	-605.6586	0.7111725
1307.77	-601.4131	-605.6598	0.7111878
1307.78	-601.2928	-605.661	0.7112023
1307.79	-601.1724	-605.6622	0.711216
1307.8	-601.0521	-605.6635	0.711229
1307.81	-600.9317	-605.6647	0.7112414
1307.82	-600.8113	-605.666	0.7112532
1307.83	-600.691	-605.6673	0.7112644
1307.84	-600.5706	-605.6686	0.7112749
1307.85	-600.4503	-605.6699	0.7112849
1307.86	-600.3299	-605.6711	0.7112945
1307.87	-600.2095	-605.6724	0.7113036
1307.88	-600.0892	-605.6737	0.7113123
1307.89	-599.9688	-605.675	0.7113205
1307.9	-599.8484	-605.6763	0.7113284
1307.91	-599.728	-605.6776	0.7113359
1307.92	-599.6077	-605.679	0.7113431
1307.93	-599.4873	-605.6803	0.7113498
1307.94	-599.3669	-605.6816	0.7113563
1307.95	-599.2465	-605.683	0.7113625
1307.96	-599.126	-605.6843	0.7113684
1307.97	-599.0057	-605.6857	0.711374
1307.98	-598.8853	-605.687	0.7113794
1307.99	-598.7648	-605.6884	0.7113846
1308	-598.6444	-605.6897	0.7113895
1308.01	-598.524	-605.6911	0.7113942
1308.02	-598.4036	-605.6925	0.7113987
1308.03	-598.2831	-605.6939	0.711403
1308.04	-598.1627	-605.6953	0.7114072
1308.05	-598.0423	-605.6967	0.7114112
1308.06	-597.9219	-605.6981	0.7114149
1308.07	-597.8015	-605.6995	0.7114186
1308.08	-597.681	-605.7009	0.7114221
1308.09	-597.5606	-605.7023	0.7114255
1308.1	-597.4402	-605.7037	0.7114288
1308.11	-597.3198	-605.7051	0.7114319
1308.12	-597.1993	-605.7065	0.7114348
1308.13	-597.0789	-605.7079	0.7114378
1308.14	-596.9585	-605.7094	0.7114405
1308.15	-596.8381	-605.7108	0.7114432
1308.16	-596.7176	-605.7122	0.7114458
1308.17	-596.5971	-605.7136	0.7114483
1308.18	-596.4767	-605.715	0.7114508
1308.19	-596.3563	-605.7164	0.7114531
1308.2	-596.2358	-605.7179	0.7114554
1308.21	-596.1153	-605.7194	0.7114576
1308.22	-595.9949	-605.7208	0.7114598
1308.23	-595.8745	-605.7223	0.7114619
1308.24	-595.754	-605.7238	0.7114639
1308.25	-595.6335	-605.7252	0.7114659
1308.26	-595.513	-605.7267	0.7114678
1308.27	-595.3925	-605.7281	0.7114697
1308.28	-595.272	-605.7296	0.7114715
1308.29	-595.1516	-605.7311	0.7114733
1308.3	-595.0311	-605.7325	0.711475
1308.31	-594.9106	-605.734	0.7114767
1308.32	-594.7901	-605.7355	0.7114784
1308.33	-594.6696	-605.7369	0.71148
1308.34	-594.5491	-605.7384	0.7114816
1308.35	-594.4286	-605.7399	0.7114831
1308.36	-594.3082	-605.7413	0.7114847
1308.37	-594.1877	-605.7428	0.7114862
1308.38	-594.0672	-605.7443	0.7114877
1308.39	-593.9467	-605.7457	0.7114891
1308.4	-593.8262	-605.7472	0.7114906
1308.41	-593.7057	-605.7487	0.7114919
1308.42	-593.5852	-605.7501	0.7114933
1308.43	-593.4647	-605.7516	0.7114947
1308.44	-593.3442	-605.7531	0.7114961
1308.45	-593.2237	-605.7545	0.7114974
1308.46	-593.1031	-605.756	0.7114986
1308.47	-592.9827	-605.7574	0.7114999
1308.48	-592.8622	-605.7589	0.7115012
1308.49	-592.7416	-605.7604	0.7115024
1308.5	-592.6211	-605.7618	0.7115037
1308.51	-592.5005	-605.7633	0.7115049
1308.52	-592.38	-605.7648	0.7115061
1308.53	-592.2595	-605.7662	0.7115073
1308.54	-592.1389	-605.7677	0.7115085
1308.55	-592.0184	-605.7692	0.7115097
1308.56	-591.8978	-605.7706	0.7115108
1308.57	-591.7773	-605.7721	0.711512
1308.58	-591.6567	-605.7736	0.7115132
1308.59	-591.5362	-605.7751	0.7115143
1308.6	-591.4156	-605.7766	0.7115154
1308.61	-591.2951	-605.7781	0.7115166
1308.62	-591.1746	-605.7797	0.7115177
1308.63	-591.054	-605.7812	0.7115188
1308.64	-590.9335	-605.7827	0.7115199
1308.65	-590.8129	-605.7842	0.711521
1308.66	-590.6924	-605.7858	0.7115221
1308.67	-590.5718	-605.7873	0.7115232
1308.68	-590.4513	-605.7888	0.7115242
1308.69	-590.3307	-605.7903	0.7115253
1308.7	-590.2102	-605.7919	0.7115263
1308.71	-590.0896	-605.7934	0.7115275
1308.72	-589.9691	-605.7949	0.7115285
1308.73	-589.8485	-605.7964	0.7115296
1308.74	-589.728	-605.798	0.7115307
1308.75	-589.6074	-605.7995	0.7115317
1308.76	-589.4868	-605.801	0.7115328
1308.77	-589.3662	-605.8026	0.7115338
1308.78	-589.2456	-605.8041	0.7115349
1308.79	-589.125	-605.8056	0.7115359
1308.8	-589.0044	-605.8071	0.7115369
1308.81	-588.8838	-605.8087	0.7115379
1308.82	-588.7632	-605.8102	0.7115389
1308.83	-588.6426	-605.8118	0.7115399
1308.84	-588.522	-605.8133	0.7115409
1308.85	-588.4014	-605.8148	0.711542
1308.86	-588.2808	-605.8163	0.711543
1308.87	-588.1602	-605.8179	0.711544
1308.88	-588.0396	-605.8194	0.711545
1308.89	-587.9189	-605.8209	0.7115459
1308.9	-587.7982	-605.8224	0.711547
1308.91	-587.6776	-605.824	0.711548
1308.92	-587.5569	-605.8255	0.711549
1308.93	-587.4362	-605.827	0.71155
1308.94	-587.3156	-605.8286	0.7115509
1308.95	-587.1949	-605.8301	0.7115518
1308.96	-587.0742	-605.8316	0.7115528
1308.97	-586.9536	-605.8331	0.7115538
1308.98	-586.8329	-605.8347	0.7115547
1308.99	-586.7122	-605.8362	0.7115557
1309	-586.5914	-605.8377	0.7115566
1309.01	-586.4707	-605.8392	0.7115576
1309.02	-586.35	-605.8408	0.7115585
1309.03	-586.2292	-605.8423	0.7115594
1309.04	-586.1085	-605.8438	0.7115604
1309.05	-585.9878	-605.8453	0.7115614
1309.06	-585.867	-605.8469	0.7115623
1309.07	-585.7463	-605.8484	0.7115632
1309.08	-585.6255	-605.8499	0.7115641
1309.09	-585.5047	-605.8514	0.7115651
1309.1	-585.3839	-605.853	0.711566
1309.11	-585.2631	-605.8545	0.7115668
1309.12	-585.1423	-605.856	0.7115677
1309.13	-585.0215	-605.8575	0.7115686
1309.14	-584.9007	-605.8591	0.7115695
1309.15	-584.7798	-605.8606	0.7115704
1309.16	-584.659	-605.8621	0.7115713
1309.17	-584.5381	-605.8636	0.7115722
1309.18	-584.4173	-605.8652	0.7115731
1309.19	-584.2964	-605.8667	0.7115739
1309.2	-584.1755	-605.8682	0.7115747
1309.21	-584.0546	-605.8698	0.7115756
1309.22	-583.9337	-605.8713	0.7115765
1309.23	-583.8127	-605.8728	0.7115773
1309.24	-583.6918	-605.8743	0.7115781
1309.25	-583.5709	-605.8759	0.7115789
1309.26	-583.4499	-605.8774	0.7115797
1309.27	-583.3289	-605.8789	0.7115806
1309.28	-583.2079	-605.8804	0.7115814
1309.29	-583.087	-605.882	0.7115822
1309.3	-582.9659	-605.8835	0.7115831
1309.31	-582.8449	-605.885	0.7115839
1309.32	-582.7239	-605.8865	0.7115847
1309.33	-582.6028	-605.8881	0.7115855
1309.34	-582.4818	-605.8896	0.7115863
1309.35	-582.3607	-605.8911	0.7115871
1309.36	-582.2396	-605.8926	0.711588
1309.37	-582.1185	-605.8942	0.7115888
1309.38	-581.9974	-605.8957	0.7115896
1309.39	-581.8763	-605.8972	0.7115905
1309.4	-581.7552	-605.8987	0.7115914
1309.41	-581.6341	-605.9003	0.7115921
1309.42	-581.513	-605.9018	0.711593
1309.43	-581.3918	-605.9033	0.7115938
1309.44	-581.2707	-605.9048	0.7115946
1309.45	-581.1495	-605.9064	0.7115954
1309.46	-581.0284	-605.9079	0.7115962
1309.47	-580.9072	-605.9094	0.711597
1309.48	-580.786	-605.9109	0.7115979
1309.49	-580.6649	-605.9125	0.7115987
1309.5	-580.5436	-605.914	0.7115995
1309.51	-580.4224	-605.9155	0.7116004
1309.52	-580.3013	-605.9171	0.7116012
1309.53	-580.1801	-605.9186	0.7116021
1309.54	-580.059	-605.9201	0.711603
1309.55	-579.9377	-605.9216	0.7116038
1309.56	-579.8165	-605.9232	0.7116048
1309.57	-579.6954	-605.9247	0.7116057
1309.58	-579.5742	-605.9262	0.7116066
1309.59	-579.4531	-605.9277	0.7116075
1309.6	-579.3319	-605.9293	0.7116085
1309.61	-579.2108	-605.9308	0.7116094
1309.62	-579.0896	-605.9323	0.7116104
1309.63	-578.9684	-605.9338	0.7116113
1309.64	-578.8473	-605.9354	0.7116123
1309.65	-578.7262	-605.9369	0.7116134
1309.66	-578.6051	-605.9384	0.7116144
1309.67	-578.484	-605.9399	0.7116153
1309.68	-578.3629	-605.9415	0.7116165
1309.69	-578.2418	-605.943	0.7116175
1309.7	-578.1207	-605.9445	0.7116185
1309.71	-577.9997	-605.946	0.7116196
1309.72	-577.8787	-605.9476	0.7116207
1309.73	-577.7576	-605.9491	0.7116219
1309.74	-577.6366	-605.9506	0.711623
1309.75	-577.5156	-605.9521	0.7116241
1309.76	-577.3945	-605.9537	0.7116252
1309.77	-577.2736	-605.9552	0.7116264
1309.78	-577.1526	-605.9567	0.7116275
1309.79	-577.0316	-605.9583	0.7116287
1309.8	-576.9106	-605.9598	0.7116299
1309.81	-576.7897	-605.9613	0.711631
1309.82	-576.6688	-605.9628	0.7116323
1309.83	-576.5479	-605.9644	0.7116334
1309.84	-576.4269	-605.9659	0.7116347
1309.85	-576.306	-605.9674	0.7116359
1309.86	-576.1851	-605.9689	0.7116371
1309.87	-576.0643	-605.9705	0.7116384
1309.88	-575.9434	-605.972	0.7116396
1309.89	-575.8226	-605.9735	0.7116408
1309.9	-575.7017	-605.975	0.711642
1309.91	-575.5809	-605.9766	0.7116432
1309.92	-575.4601	-605.9781	0.7116445
1309.93	-575.3393	-605.9796	0.7116457
1309.94	-575.2185	-605.9811	0.711647
1309.95	-575.0977	-605.9827	0.7116482
1309.96	-574.9769	-605.9842	0.7116494
1309.97	-574.8562	-605.9857	0.7116507
1309.98	-574.7355	-605.9872	0.7116519
1309.99	-574.6147	-605.9888	0.7116532
1310	-574.494	-605.9903	0.7116545
1310.01	-574.3733	-605.9918	0.7116557
1310.02	-574.2526	-605.9933	0.711657
1310.03	-574.132	-605.9949	0.7116583
1310.04	-574.0113	-605.9964	0.7116596
1310.05	-573.8906	-605.9979	0.7116608
1310.06	-573.77	-605.9995	0.7116621
1310.07	-573.6494	-606.001	0.7116634
1310.08	-573.5287	-606.0025	0.7116647
1310.09	-573.4081	-606.004	0.7116659
1310.1	-573.2875	-606.0056	0.7116672
1310.11	-573.1669	-606.0071	0.7116685
1310.12	-573.0464	-606.0086	0.7116698
1310.13	-572.9258	-606.0102	0.7116711
1310.14	-572.8053	-606.0118	0.7116724
1310.15	-572.6848	-606.0134	0.7116737
1310.16	-572.5642	-606.015	0.711675
1310.17	-572.4437	-606.0165	0.7116763
1310.18	-572.3232	-606.0181	0.7116776
1310.19	-572.2028	-606.0197	0.7116789
1310.2	-572.0823	-606.0213	0.7116802
1310.21	-571.9618	-606.0229	0.7116815
1310.22	-571.8413	-606.0245	0.7116828
1310.23	-571.7209	-606.0261	0.711684
1310.24	-571.6005	-606.0276	0.7116854
1310.25	-571.48	-606.0292	0.7116867
1310.26	-571.3596	-606.0308	0.7116879
1310.27	-571.2392	-606.0324	0.7116891
1310.28	-571.1188	-606.0341	0.7116904
1310.29	-570.9984	-606.0356	0.7116916
1310.3	-570.8779	-606.0372	0.7116929
1310.31	-570.7575	-606.0388	0.7116941
1310.32	-570.6371	-606.0404	0.7116954
1310.33	-570.5168	-606.042	0.7116966
1310.34	-570.3964	-606.0436	0.7116978
1310.35	-570.2761	-606.0452	0.7116991
1310.36	-570.1557	-606.0468	0.7117003
1310.37	-570.0353	-606.0483	0.7117016
1310.38	-569.915	-606.0499	0.7117028
1310.39	-569.7946	-606.0515	0.7117041
1310.4	-569.6743	-606.0531	0.7117053
1310.41	-569.5539	-606.0547	0.7117066
1310.42	-569.4335	-606.0563	0.7117078
1310.43	-569.3132	-606.0579	0.711709
1310.44	-569.1929	-606.0594	0.7117102
1310.45	-569.0726	-606.061	0.7117115
1310.46	-568.9523	-606.0626	0.7117127
1310.47	-568.832	-606.0642	0.7117139
1310.48	-568.7117	-606.0658	0.711715
1310.49	-568.5914	-606.0674	0.7117163
1310.5	-568.4711	-606.069	0.7117175
1310.51	-568.3508	-606.0706	0.7117187
1310.52	-568.2306	-606.0721	0.7117198
1310.53	-568.1104	-606.0737	0.711721
1310.54	-567.9901	-606.0753	0.7117222
1310.55	-567.8699	-606.0769	0.7117234
1310.56	-567.7496	-606.0785	0.7117246
1310.57	-567.6295	-606.0801	0.7117258
1310.58	-567.5093	-606.0817	0.711727
1310.59	-567.3891	-606.0833	0.7117282
1310.6	-567.2689	-606.0848	0.7117293
1310.61	-567.1487	-606.0864	0.7117305
1310.62	-567.0286	-606.088	0.7117317
1310.63	-566.9084	-606.0896	0.7117329
1310.64	-566.7882	-606.0912	0.7117341
1310.65	-566.668	-606.0928	0.7117352
1310.66	-566.5479	-606.0944	0.7117364
1310.67	-566.4277	-606.0959	0.7117375
1310.68	-566.3076	-606.0975	0.7117387
1310.69	-566.1874	-606.0991	0.7117399
1310.7	-566.0672	-606.1007	0.7117411
1310.71	-565.947	-606.1023	0.7117423
1310.72	-565.8269	-606.1039	0.7117435
1310.73	-565.7068	-606.1055	0.7117447
1310.74	-565.5867	-606.1071	0.7117459
1310.75	-565.4666	-606.1086	0.711747
1310.76	-565.3464	-606.1102	0.7117482
1310.77	-565.2263	-606.1118	0.7117493
1310.78	-565.1062	-606.1134	0.7117504
1310.79	-564.9861	-606.115	0.7117516
1310.8	-564.866	-606.1166	0.7117527
1310.81	-564.7458	-606.1182	0.7117538
1310.82	-564.6257	-606.1198	0.711755
1310.83	-564.5056	-606.1213	0.7117561
1310.84	-564.3855	-606.1229	0.7117572
1310.85	-564.2654	-606.1245	0.7117583
1310.86	-564.1452	-606.1261	0.7117594
1310.87	-564.0251	-606.1277	0.7117605
1310.88	-563.905	-606.1293	0.7117616
1310.89	-563.7848	-606.1309	0.7117627
1310.9	-563.6646	-606.1324	0.7117637
1310.91	-563.5444	-606.134	0.7117648
1310.92	-563.4243	-606.1356	0.7117658
1310.93	-563.304	-606.1372	0.7117668
1310.94	-563.1838	-606.1388	0.7117677
1310.95	-563.0635	-606.1404	0.7117687
1310.96	-562.9432	-606.142	0.7117696
1310.97	-562.8229	-606.1436	0.7117705
1310.98	-562.7026	-606.1451	0.7117714
1310.99	-562.5822	-606.1467	0.7117723
1311	-562.4618	-606.1483	0.7117732
1311.01	-562.3414	-606.1499	0.711774
1311.02	-562.2209	-606.1515	0.7117747
1311.03	-562.1005	-606.1531	0.7117755
1311.04	-561.98	-606.1547	0.7117763
1311.05	-561.8594	-606.1563	0.711777
1311.06	-561.7388	-606.1578	0.7117776
1311.07	-561.6182	-606.1594	0.7117783
1311.08	-561.4976	-606.161	0.711779
1311.09	-561.3768	-606.1626	0.7117796
1311.1	-561.2561	-606.1642	0.7117802
1311.11	-561.1353	-606.1658	0.7117807
1311.12	-561.0145	-606.1674	0.7117813
1311.13	-560.8937	-606.1689	0.7117818
1311.14	-560.7728	-606.1705	0.7117823
1311.15	-560.6518	-606.1721	0.7117828
1311.16	-560.5308	-606.1737	0.7117832
1311.17	-560.4097	-606.1753	0.7117836
1311.18	-560.2886	-606.1769	0.7117839
1311.19	-560.1675	-606.1785	0.7117843
1311.2	-560.0463	-606.1801	0.7117847
1311.21	-559.925	-606.1816	0.711785
1311.22	-559.8038	-606.1832	0.7117853
1311.23	-559.6824	-606.1848	0.7117856
1311.24	-559.561	-606.1864	0.7117859
1311.25	-559.4396	-606.188	0.7117862
1311.26	-559.3182	-606.1896	0.7117864
1311.27	-559.1967	-606.1912	0.7117866
1311.28	-559.0751	-606.1927	0.7117869
1311.29	-558.9535	-606.1943	0.711787
1311.3	-558.8318	-606.1959	0.7117872
1311.31	-558.7101	-606.1975	0.7117873
1311.32	-558.5884	-606.1992	0.7117875
1311.33	-558.4666	-606.2008	0.7117876
1311.34	-558.3447	-606.2025	0.7117878
1311.35	-558.2228	-606.2041	0.7117879
1311.36	-558.1009	-606.2057	0.711788
1311.37	-557.9789	-606.2074	0.7117881
1311.38	-557.8568	-606.209	0.7117882
1311.39	-557.7347	-606.2107	0.7117882
1311.4	-557.6125	-606.2123	0.7117883
1311.41	-557.4904	-606.214	0.7117883
1311.42	-557.3681	-606.2156	0.7117884
1311.43	-557.2458	-606.2173	0.7117884
1311.44	-557.1234	-606.2189	0.7117884
1311.45	-557.001	-606.2206	0.7117885
1311.46	-556.8785	-606.2222	0.7117885
1311.47	-556.7559	-606.2239	0.7117885
1311.48	-556.6334	-606.2255	0.7117885
1311.49	-556.5107	-606.2272	0.7117884
1311.5	-556.3881	-606.2288	0.7117884
1311.51	-556.2653	-606.2305	0.7117884
1311.52	-556.1426	-606.2321	0.7117884
1311.53	-556.0197	-606.2338	0.7117883
1311.54	-555.8968	-606.2354	0.7117882
1311.55	-555.7738	-606.2371	0.7117881
1311.56	-555.6508	-606.2387	0.7117881
1311.57	-555.5277	-606.2404	0.7117879
1311.58	-555.4046	-606.242	0.7117878
1311.59	-555.2814	-606.2437	0.7117878
1311.6	-555.1582	-606.2453	0.7117876
1311.61	-555.0349	-606.2469	0.7117875
1311.62	-554.9116	-606.2486	0.7117873
1311.63	-554.7881	-606.2502	0.7117872
1311.64	-554.6647	-606.2519	0.711787
1311.65	-554.5411	-606.2535	0.7117869
1311.66	-554.4175	-606.2552	0.7117867
1311.67	-554.2939	-606.2568	0.7117866
1311.68	-554.1702	-606.2585	0.7117864
1311.69	-554.0464	-606.2601	0.7117862
1311.7	-553.9226	-606.2618	0.7117861
1311.71	-553.7987	-606.2634	0.7117859
1311.72	-553.6748	-606.2651	0.7117857
1311.73	-553.5508	-606.2667	0.7117855
1311.74	-553.4268	-606.2684	0.7117853
1311.75	-553.3027	-606.27	0.7117851
1311.76	-553.1786	-606.2717	0.7117849
1311.77	-553.0544	-606.2733	0.7117847
1311.78	-552.9301	-606.275	0.7117845
1311.79	-552.8058	-606.2766	0.7117843
1311.8	-552.6814	-606.2783	0.7117841
1311.81	-552.5569	-606.2799	0.7117838
1311.82	-552.4325	-606.2816	0.7117836
1311.83	-552.3079	-606.2832	0.7117833
1311.84	-552.1833	-606.2849	0.7117831
1311.85	-552.0586	-606.2865	0.7117829
1311.86	-551.9338	-606.2881	0.7117826
1311.87	-551.809	-606.2898	0.7117824
1311.88	-551.6842	-606.2914	0.7117822
1311.89	-551.5593	-606.2931	0.7117819
1311.9	-551.4344	-606.2947	0.7117817
1311.91	-551.3094	-606.2964	0.7117814
1311.92	-551.1843	-606.298	0.7117812
1311.93	-551.0592	-606.2997	0.711781
1311.94	-550.934	-606.3013	0.7117807
1311.95	-550.8088	-606.303	0.7117805
1311.96	-550.6835	-606.3046	0.7117803
1311.97	-550.5581	-606.3063	0.71178
1311.98	-550.4327	-606.3079	0.7117798
1311.99	-550.3072	-606.3096	0.7117795
1312	-550.1816	-606.3112	0.7117793
1312.01	-550.056	-606.3129	0.7117791
1312.02	-549.9304	-606.3145	0.7117788
1312.03	-549.8047	-606.3162	0.7117785
1312.04	-549.679	-606.3178	0.7117783
1312.05	-549.5532	-606.3195	0.711778
1312.06	-549.4274	-606.3211	0.7117777
1312.07	-549.3015	-606.3228	0.7117775
1312.08	-549.1755	-606.3244	0.7117773
1312.09	-549.0494	-606.326	0.711777
1312.1	-548.9233	-606.3277	0.7117768
1312.11	-548.7972	-606.3293	0.7117765
1312.12	-548.671	-606.331	0.7117763
1312.13	-548.5447	-606.3327	0.711776
1312.14	-548.4183	-606.3344	0.7117758
1312.15	-548.2919	-606.3361	0.7117755
1312.16	-548.1655	-606.3378	0.7117752
1312.17	-548.039	-606.3395	0.7117749
1312.18	-547.9125	-606.3412	0.7117748
1312.19	-547.7859	-606.343	0.7117745
1312.2	-547.6592	-606.3447	0.7117742
1312.21	-547.5325	-606.3464	0.7117739
1312.22	-547.4058	-606.3481	0.7117737
1312.23	-547.2789	-606.3498	0.7117735
1312.24	-547.152	-606.3515	0.7117732
1312.25	-547.0251	-606.3532	0.711773
1312.26	-546.8981	-606.3549	0.7117727
1312.27	-546.7711	-606.3566	0.7117724
1312.28	-546.644	-606.3583	0.7117721
1312.29	-546.5168	-606.36	0.7117719
1312.3	-546.3895	-606.3618	0.7117717
1312.31	-546.2622	-606.3635	0.7117714
1312.32	-546.1349	-606.3652	0.7117712
1312.33	-546.0075	-606.3669	0.711771
1312.34	-545.8801	-606.3686	0.7117707
1312.35	-545.7526	-606.3703	0.7117705
1312.36	-545.625	-606.372	0.7117702
1312.37	-545.4974	-606.3737	0.71177
1312.38	-545.3697	-606.3754	0.7117698
1312.39	-545.2419	-606.3771	0.7117695
1312.4	-545.1141	-606.3788	0.7117693
1312.41	-544.9863	-606.3806	0.711769
1312.42	-544.8583	-606.3823	0.7117688
1312.43	-544.7304	-606.384	0.7117686
1312.44	-544.6024	-606.3857	0.7117683
1312.45	-544.4744	-606.3874	0.7117681
1312.46	-544.3463	-606.3891	0.7117679
1312.47	-544.2181	-606.3908	0.7117677
1312.48	-544.0898	-606.3925	0.7117674
1312.49	-543.9615	-606.3942	0.7117672
1312.5	-543.8332	-606.3959	0.711767
1312.51	-543.7048	-606.3976	0.7117667
1312.52	-543.5764	-606.3994	0.7117665
1312.53	-543.4479	-606.4011	0.7117662
1312.54	-543.3193	-606.4028	0.711766
1312.55	-543.1907	-606.4045	0.7117657
1312.56	-543.0621	-606.4062	0.7117655
1312.57	-542.9333	-606.4079	0.7117653
1312.58	-542.8046	-606.4096	0.711765
1312.59	-542.6757	-606.4113	0.7117648
1312.6	-542.5468	-606.413	0.7117646
1312.61	-542.4178	-606.4147	0.7117643
1312.62	-542.2889	-606.4164	0.711764
1312.63	-542.1598	-606.4182	0.7117639
1312.64	-542.0306	-606.4199	0.7117636
1312.65	-541.9014	-606.4216	0.7117634
1312.66	-541.7722	-606.4233	0.7117631
1312.67	-541.6429	-606.425	0.7117628
1312.68	-541.5135	-606.4267	0.7117627
1312.69	-541.3842	-606.4284	0.7117624
1312.7	-541.2547	-606.4301	0.7117621
1312.71	-541.1252	-606.4318	0.7117619
1312.72	-540.9957	-606.4335	0.7117617
1312.73	-540.8661	-606.4352	0.7117615
1312.74	-540.7365	-606.437	0.7117612
1312.75	-540.6068	-606.4387	0.711761
1312.76	-540.477	-606.4404	0.7117608
1312.77	-540.3472	-606.4421	0.7117606
1312.78	-540.2174	-606.4438	0.7117603
1312.79	-540.0875	-606.4455	0.7117602
1312.8	-539.9576	-606.4472	0.71176
1312.81	-539.8276	-606.4489	0.7117598
1312.82	-539.6976	-606.4506	0.7117597
1312.83	-539.5675	-606.4523	0.7117595
1312.84	-539.4374	-606.454	0.7117594
1312.85	-539.3073	-606.4557	0.7117592
1312.86	-539.1771	-606.4575	0.7117592
1312.87	-539.0469	-606.4592	0.711759
1312.88	-538.9166	-606.4609	0.711759
1312.89	-538.7864	-606.4626	0.711759
1312.9	-538.6561	-606.4643	0.7117589
1312.91	-538.5258	-606.466	0.711759
1312.92	-538.3954	-606.4677	0.711759
1312.93	-538.2651	-606.4694	0.7117591
1312.94	-538.1348	-606.4711	0.7117592
1312.95	-538.0045	-606.4728	0.7117594
1312.96	-537.8741	-606.4745	0.7117596
1312.97	-537.7437	-606.4763	0.7117598
1312.98	-537.6133	-606.478	0.71176
1312.99	-537.483	-606.4797	0.7117605
1313	-537.3526	-606.4814	0.7117608
1313.01	-537.2222	-606.4831	0.7117612
1313.02	-537.0919	-606.4848	0.7117617
1313.03	-536.9616	-606.4865	0.7117622
1313.04	-536.8313	-606.4882	0.7117627
1313.05	-536.701	-606.4899	0.7117633
1313.06	-536.5707	-606.4916	0.7117639
1313.07	-536.4405	-606.4933	0.7117646
1313.08	-536.3102	-606.4951	0.7117653
1313.09	-536.1801	-606.4968	0.7117661
1313.1	-536.0499	-606.4985	0.7117669
1313.11	-535.9197	-606.5002	0.7117677
1313.12	-535.7895	-606.5019	0.7117686
1313.13	-535.6594	-606.5036	0.7117695
1313.14	-535.5292	-606.5053	0.7117704
1313.15	-535.3991	-606.507	0.7117714
1313.16	-535.269	-606.5087	0.7117723
1313.17	-535.1389	-606.5104	0.7117734
1313.18	-535.0088	-606.5121	0.7117744
1313.19	-534.8787	-606.5139	0.7117754
1313.2	-534.7487	-606.5156	0.7117765
1313.21	-534.6186	-606.5173	0.7117776
1313.22	-534.4885	-606.519	0.7117787
1313.23	-534.3585	-606.5207	0.7117798
1313.24	-534.2285	-606.5224	0.711781
1313.25	-534.0985	-606.5241	0.7117822
1313.26	-533.9685	-606.5258	0.7117833
1313.27	-533.8386	-606.5275	0.7117845
1313.28	-533.7086	-606.5292	0.7117858
1313.29	-533.5787	-606.5309	0.711787
1313.3	-533.4488	-606.5327	0.7117882
1313.31	-533.3189	-606.5344	0.7117895
1313.32	-533.189	-606.5361	0.7117907
1313.33	-533.0592	-606.5378	0.7117921
1313.34	-532.9294	-606.5395	0.7117933
1313.35	-532.7996	-606.5412	0.7117946
1313.36	-532.6697	-606.5429	0.7117959
1313.37	-532.54	-606.5446	0.7117972
1313.38	-532.4102	-606.5463	0.7117985
1313.39	-532.2805	-606.548	0.7117999
1313.4	-532.1507	-606.5497	0.7118012
1313.41	-532.0209	-606.5515	0.7118025
1313.42	-531.8912	-606.5532	0.7118039
1313.43	-531.7615	-606.5549	0.7118053
1313.44	-531.6318	-606.5566	0.7118067
1313.45	-531.5021	-606.5583	0.711808
1313.46	-531.3724	-606.56	0.7118094
1313.47	-531.2428	-606.5617	0.7118108
1313.48	-531.1132	-606.5634	0.7118121
1313.49	-530.9835	-606.5651	0.7118135
1313.5	-530.8539	-606.5668	0.7118149
1313.51	-530.7243	-606.5685	0.7118163
1313.52	-530.5947	-606.5703	0.7118177
1313.53	-530.4651	-606.572	0.7118192
1313.54	-530.3356	-606.5737	0.7118205
1313.55	-530.2061	-606.5754	0.711822
1313.56	-530.0766	-606.5771	0.7118234
1313.57	-529.9471	-606.5788	0.7118248
1313.58	-529.8177	-606.5805	0.7118263
1313.59	-529.6882	-606.5822	0.7118277
1313.6	-529.5588	-606.5839	0.7118291
1313.61	-529.4293	-606.5856	0.7118306
1313.62	-529.2999	-606.5873	0.7118319
1313.63	-529.1705	-606.5891	0.7118334
1313.64	-529.0411	-606.5908	0.7118348
1313.65	-528.9117	-606.5925	0.7118362
1313.66	-528.7823	-606.5942	0.7118376
1313.67	-528.653	-606.5959	0.7118391
1313.68	-528.5237	-606.5977	0.7118405
1313.69	-528.3943	-606.5994	0.711842
1313.7	-528.265	-606.6011	0.7118434
1313.71	-528.1357	-606.6028	0.7118449
1313.72	-528.0065	-606.6045	0.7118464
1313.73	-527.8772	-606.6062	0.7118478
1313.74	-527.7479	-606.6079	0.7118493
1313.75	-527.6187	-606.6096	0.7118507
1313.76	-527.4895	-606.6113	0.7118522
1313.77	-527.3603	-606.613	0.7118536
1313.78	-527.2311	-606.6147	0.7118551
1313.79	-527.102	-606.6165	0.7118565
1313.8	-526.9728	-606.6182	0.711858
1313.81	-526.8437	-606.6199	0.7118594
1313.82	-526.7145	-606.6216	0.7118608
1313.83	-526.5854	-606.6233	0.7118623
1313.84	-526.4562	-606.625	0.7118638
1313.85	-526.3271	-606.6267	0.7118652
1313.86	-526.1979	-606.6284	0.7118666
1313.87	-526.0688	-606.6301	0.711868
1313.88	-525.9398	-606.6318	0.7118694
1313.89	-525.8107	-606.6335	0.7118708
1313.9	-525.6816	-606.6353	0.7118722
1313.91	-525.5525	-606.637	0.7118737
1313.92	-525.4234	-606.6387	0.711875
1313.93	-525.2943	-606.6404	0.7118764
1313.94	-525.1652	-606.6422	0.7118778
1313.95	-525.0361	-606.644	0.7118791
1313.96	-524.907	-606.6458	0.7118804
1313.97	-524.778	-606.6475	0.7118818
1313.98	-524.649	-606.6493	0.7118831
1313.99	-524.52	-606.6511	0.7118844
1314	-524.3909	-606.6528	0.7118857
1314.01	-524.2618	-606.6546	0.711887
1314.02	-524.1328	-606.6564	0.7118883
1314.03	-524.0038	-606.6581	0.7118896
1314.04	-523.8748	-606.6599	0.7118909
1314.05	-523.7457	-606.6617	0.7118921
1314.06	-523.6166	-606.6635	0.7118934
1314.07	-523.4876	-606.6652	0.7118947
1314.08	-523.3586	-606.667	0.7118959
1314.09	-523.2295	-606.6688	0.7118972
1314.1	-523.1004	-606.6705	0.7118983
1314.11	-522.9713	-606.6723	0.7118996
1314.12	-522.8422	-606.6741	0.7119008
1314.13	-522.7131	-606.6758	0.711902
1314.14	-522.584	-606.6776	0.7119032
1314.15	-522.455	-606.6794	0.7119043
1314.16	-522.3259	-606.6812	0.7119055
1314.17	-522.1968	-606.6829	0.7119067
1314.18	-522.0677	-606.6847	0.7119078
1314.19	-521.9385	-606.6865	0.7119089
1314.2	-521.8094	-606.6882	0.71191
1314.21	-521.6802	-606.69	0.7119111
1314.22	-521.5511	-606.6918	0.7119122
1314.23	-521.4219	-606.6935	0.7119133
1314.24	-521.2928	-606.6953	0.7119144
1314.25	-521.1636	-606.6971	0.7119155
1314.26	-521.0344	-606.6989	0.7119164
1314.27	-520.9052	-606.7006	0.7119175
1314.28	-520.7759	-606.7024	0.7119185
1314.29	-520.6467	-606.7042	0.7119195
1314.3	-520.5175	-606.7059	0.7119206
1314.31	-520.3882	-606.7077	0.7119215
1314.32	-520.2589	-606.7095	0.7119225
1314.33	-520.1296	-606.7112	0.7119235
1314.34	-520.0004	-606.713	0.7119245
1314.35	-519.871	-606.7148	0.7119254
1314.36	-519.7417	-606.7166	0.7119263
1314.37	-519.6124	-606.7183	0.7119272
1314.38	-519.483	-606.7201	0.7119282
1314.39	-519.3536	-606.7219	0.7119291
1314.4	-519.2242	-606.7236	0.71193
1314.41	-519.0948	-606.7254	0.7119309
1314.42	-518.9655	-606.7272	0.7119318
1314.43	-518.8361	-606.7289	0.7119327
1314.44	-518.7066	-606.7307	0.7119336
1314.45	-518.5771	-606.7325	0.7119344
1314.46	-518.4477	-606.7343	0.7119353
1314.47	-518.3182	-606.736	0.7119362
1314.48	-518.1887	-606.7378	0.711937
1314.49	-518.0592	-606.7396	0.7119379
1314.5	-517.9297	-606.7413	0.7119387
1314.51	-517.8001	-606.7431	0.7119395
1314.52	-517.6705	-606.7449	0.7119403
1314.53	-517.541	-606.7466	0.7119412
1314.54	-517.4114	-606.7484	0.711942
1314.55	-517.2817	-606.7502	0.7119429
1314.56	-517.1521	-606.752	0.7119437
1314.57	-517.0225	-606.7537	0.7119445
1314.58	-516.8928	-606.7555	0.7119452
1314.59	-516.7631	-606.7573	0.711946
1314.6	-516.6334	-606.759	0.7119468
1314.61	-516.5037	-606.7608	0.7119476
1314.62	-516.3739	-606.7626	0.7119483
1314.63	-516.2441	-606.7643	0.7119491
1314.64	-516.1144	-606.7661	0.7119498
1314.65	-515.9846	-606.7679	0.7119506
1314.66	-515.8547	-606.7697	0.7119514
1314.67	-515.7249	-606.7714	0.7119521
1314.68	-515.595	-606.7732	0.7119529
1314.69	-515.4651	-606.775	0.7119535
1314.7	-515.3353	-606.7767	0.7119542
1314.71	-515.2053	-606.7785	0.711955
1314.72	-515.0754	-606.7803	0.7119557
1314.73	-514.9454	-606.782	0.7119564
1314.74	-514.8154	-606.7838	0.7119571
1314.75	-514.6854	-606.7856	0.7119578
1314.76	-514.5554	-606.7874	0.7119585
1314.77	-514.4253	-606.7891	0.7119592
1314.78	-514.2952	-606.7909	0.7119598
1314.79	-514.1651	-606.7927	0.7119606
1314.8	-514.035	-606.7944	0.7119612
1314.81	-513.9048	-606.7962	0.7119618
1314.82	-513.7746	-606.798	0.7119625
1314.83	-513.6444	-606.7997	0.7119631
1314.84	-513.5142	-606.8015	0.7119637
1314.85	-513.3839	-606.8033	0.7119643
1314.86	-513.2536	-606.8051	0.711965
1314.87	-513.1233	-606.8068	0.7119656
1314.88	-512.9929	-606.8086	0.7119661
1314.89	-512.8625	-606.8104	0.7119667
1314.9	-512.7321	-606.8121	0.7119672
1314.91	-512.6017	-606.8139	0.7119678
1314.92	-512.4713	-606.8157	0.7119684
1314.93	-512.3408	-606.8174	0.7119689
1314.94	-512.2102	-606.8192	0.7119694
1314.95	-512.0797	-606.821	0.7119699
1314.96	-511.949	-606.8229	0.7119704
1314.97	-511.8184	-606.8247	0.7119709
1314.98	-511.6878	-606.8265	0.7119715
1314.99	-511.5571	-606.8284	0.711972
1315	-511.4264	-606.8302	0.7119725
1315.01	-511.2957	-606.832	0.711973
1315.02	-511.1649	-606.8339	0.7119734
1315.03	-511.0341	-606.8357	0.7119739
1315.04	-510.9033	-606.8375	0.7119744
1315.05	-510.7724	-606.8394	0.7119749
1315.06	-510.6415	-606.8412	0.7119753
1315.07	-510.5106	-606.843	0.7119758
1315.08	-510.3796	-606.8448	0.7119763
1315.09	-510.2487	-606.8467	0.7119767
1315.1	-510.1176	-606.8485	0.7119772
1315.11	-509.9866	-606.8503	0.7119776
1315.12	-509.8555	-606.8522	0.7119781
1315.13	-509.7244	-606.854	0.7119785
1315.14	-509.5933	-606.8558	0.7119789
1315.15	-509.4621	-606.8577	0.7119793
1315.16	-509.3309	-606.8595	0.7119797
1315.17	-509.1997	-606.8613	0.7119802
1315.18	-509.0684	-606.8632	0.7119806
1315.19	-508.9371	-606.865	0.711981
1315.2	-508.8058	-606.8668	0.7119814
1315.21	-508.6744	-606.8687	0.7119818
1315.22	-508.5431	-606.8705	0.7119823
1315.23	-508.4117	-606.8723	0.7119827
1315.24	-508.2802	-606.8741	0.7119831
1315.25	-508.1487	-606.876	0.7119835
1315.26	-508.0172	-606.8778	0.7119839
1315.27	-507.8857	-606.8796	0.7119843
1315.28	-507.7541	-606.8815	0.7119848
1315.29	-507.6225	-606.8833	0.7119852
1315.3	-507.4909	-606.8851	0.7119856
1315.31	-507.3593	-606.887	0.711986
1315.32	-507.2276	-606.8888	0.7119864
1315.33	-507.0959	-606.8906	0.7119868
1315.34	-506.9641	-606.8925	0.7119872
1315.35	-506.8324	-606.8943	0.7119876
1315.36	-506.7006	-606.8961	0.711988
1315.37	-506.5688	-606.8979	0.7119884
1315.38	-506.4369	-606.8998	0.7119889
1315.39	-506.3051	-606.9017	0.7119893
1315.4	-506.1732	-606.9035	0.7119898
1315.41	-506.0412	-606.9053	0.7119902
1315.42	-505.9093	-606.9072	0.7119907
1315.43	-505.7773	-606.909	0.7119911
1315.44	-505.6454	-606.9108	0.7119915
1315.45	-505.5133	-606.9127	0.711992
1315.46	-505.3813	-606.9145	0.7119924
1315.47	-505.2493	-606.9163	0.7119929
1315.48	-505.1172	-606.9182	0.7119933
1315.49	-504.9851	-606.92	0.7119939
1315.5	-504.853	-606.9218	0.7119943
1315.51	-504.7209	-606.9236	0.7119948
1315.52	-504.5887	-606.9255	0.7119953
1315.53	-504.4566	-606.9273	0.7119958
1315.54	-504.3244	-606.9291	0.7119963
1315.55	-504.1921	-606.931	0.7119968
1315.56	-504.0599	-606.9328	0.7119973
1315.57	-503.9276	-606.9346	0.7119978
1315.58	-503.7954	-606.9365	0.7119983
1315.59	-503.6631	-606.9383	0.7119988
1315.6	-503.5308	-606.9401	0.7119994
1315.61	-503.3984	-606.942	0.712
1315.62	-503.266	-606.9438	0.7120005
1315.63	-503.1337	-606.9456	0.7120011
1315.64	-503.0013	-606.9474	0.7120016
1315.65	-502.8689	-606.9493	0.7120022
1315.66	-502.7364	-606.9511	0.7120028
1315.67	-502.604	-606.9529	0.7120033
1315.68	-502.4715	-606.9548	0.7120039
1315.69	-502.339	-606.9566	0.7120044
1315.7	-502.2065	-606.9584	0.712005
1315.71	-502.074	-606.9603	0.7120056
1315.72	-501.9414	-606.9621	0.7120062
1315.73	-501.8088	-606.9639	0.7120068
1315.74	-501.6762	-606.9658	0.7120074
1315.75	-501.5436	-606.9676	0.712008
1315.76	-501.411	-606.9694	0.7120086
1315.77	-501.2784	-606.9713	0.7120092
1315.78	-501.1457	-606.9731	0.7120098
1315.79	-501.013	-606.9749	0.7120104
1315.8	-500.8803	-606.9767	0.712011
1315.81	-500.7476	-606.9786	0.7120116
1315.82	-500.6149	-606.9804	0.7120122
1315.83	-500.4821	-606.9822	0.7120128
1315.84	-500.3494	-606.9841	0.7120135
1315.85	-500.2166	-606.9859	0.7120141
1315.86	-500.0837	-606.9877	0.7120147
1315.87	-499.9509	-606.9896	0.7120153
1315.88	-499.8181	-606.9914	0.712016
1315.89	-499.6852	-606.9932	0.7120166
1315.9	-499.5523	-606.9951	0.7120173
1315.91	-499.4194	-606.9969	0.712018
1315.92	-499.2865	-606.9987	0.7120185
1315.93	-499.1535	-607.0005	0.7120192
1315.94	-499.0206	-607.0024	0.7120199
1315.95	-498.8876	-607.0042	0.7120205
1315.96	-498.7545	-607.006	0.7120212
1315.97	-498.6216	-607.0079	0.7120218
1315.98	-498.4885	-607.0097	0.7120225
1315.99	-498.3555	-607.0115	0.7120231
1316	-498.2224	-607.0134	0.7120238
1316.01	-498.0893	-607.0152	0.7120245
1316.02	-497.9562	-607.017	0.7120251
1316.03	-497.8231	-607.0189	0.7120258
1316.04	-497.6899	-607.0207	0.7120264
1316.05	-497.5568	-607.0225	0.712027
1316.06	-497.4236	-607.0244	0.7120277
1316.07	-497.2904	-607.0262	0.7120284
1316.08	-497.1572	-607.028	0.7120291
1316.09	-497.024	-607.0298	0.7120298
1316.1	-496.8907	-607.0317	0.7120304
1316.11	-496.7575	-607.0336	0.7120311
1316.12	-496.6242	-607.0355	0.7120318
1316.13	-496.491	-607.0374	0.7120324
1316.14	-496.3577	-607.0392	0.7120332
1316.15	-496.2244	-607.0411	0.7120339
1316.16	-496.091	-607.043	0.7120346
1316.17	-495.9577	-607.0449	0.7120352
1316.18	-495.8244	-607.0468	0.712036
1316.19	-495.691	-607.0487	0.7120367
1316.2	-495.5576	-607.0506	0.7120374
1316.21	-495.4242	-607.0525	0.7120381
1316.22	-495.2908	-607.0544	0.7120388
1316.23	-495.1574	-607.0563	0.7120395
1316.24	-495.024	-607.0582	0.7120404
1316.25	-494.8906	-607.0601	0.712041
1316.26	-494.7571	-607.062	0.7120418
1316.27	-494.6237	-607.0638	0.7120426
1316.28	-494.4903	-607.0657	0.7120433
1316.29	-494.3568	-607.0676	0.7120441
1316.3	-494.2234	-607.0695	0.712045
1316.31	-494.0899	-607.0714	0.7120458
1316.32	-493.9565	-607.0733	0.7120466
1316.33	-493.823	-607.0752	0.7120475
1316.34	-493.6896	-607.0771	0.7120484
1316.35	-493.5562	-607.079	0.7120493
1316.36	-493.4227	-607.0809	0.7120501
1316.37	-493.2893	-607.0828	0.7120511
1316.38	-493.1559	-607.0847	0.712052
1316.39	-493.0224	-607.0865	0.712053
1316.4	-492.889	-607.0884	0.712054
1316.41	-492.7556	-607.0903	0.7120549
1316.42	-492.6222	-607.0922	0.7120559
1316.43	-492.4888	-607.0941	0.7120569
1316.44	-492.3553	-607.096	0.7120579
1316.45	-492.2219	-607.0979	0.7120589
1316.46	-492.0885	-607.0998	0.71206
1316.47	-491.9551	-607.1017	0.7120609
1316.48	-491.8217	-607.1036	0.712062
1316.49	-491.6883	-607.1055	0.712063
1316.5	-491.5549	-607.1074	0.7120641
1316.51	-491.4215	-607.1093	0.7120652
1316.52	-491.2881	-607.1111	0.7120663
1316.53	-491.1548	-607.113	0.7120674
1316.54	-491.0214	-607.1149	0.7120684
1316.55	-490.888	-607.1168	0.7120696
1316.56	-490.7546	-607.1187	0.7120706
1316.57	-490.6212	-607.1206	0.7120718
1316.58	-490.4879	-607.1225	0.7120729
1316.59	-490.3545	-607.1244	0.712074
1316.6	-490.2212	-607.1263	0.7120751
1316.61	-490.0878	-607.1282	0.7120763
1316.62	-489.9544	-607.1301	0.7120774
1316.63	-489.8211	-607.132	0.7120786
1316.64	-489.6878	-607.1339	0.7120798
1316.65	-489.5544	-607.1357	0.7120809
1316.66	-489.4211	-607.1376	0.7120821
1316.67	-489.2878	-607.1395	0.7120833
1316.68	-489.1545	-607.1414	0.7120845
1316.69	-489.0212	-607.1433	0.7120856
1316.7	-488.8879	-607.1452	0.7120868
1316.71	-488.7546	-607.1471	0.712088
1316.72	-488.6213	-607.149	0.7120892
1316.73	-488.488	-607.1509	0.7120904
1316.74	-488.3547	-607.1528	0.7120916
1316.75	-488.2214	-607.1547	0.7120928
1316.76	-488.0881	-607.1566	0.712094
1316.77	-487.9549	-607.1584	0.7120952
1316.78	-487.8216	-607.1603	0.7120964
1316.79	-487.6883	-607.1622	0.7120976
1316.8	-487.5551	-607.1641	0.7120988
1316.81	-487.4218	-607.166	0.7121
1316.82	-487.2885	-607.1679	0.7121013
1316.83	-487.1553	-607.1698	0.7121025
1316.84	-487.0221	-607.1717	0.7121037
1316.85	-486.8889	-607.1736	0.712105
1316.86	-486.7556	-607.1755	0.7121062
1316.87	-486.6225	-607.1774	0.7121075
1316.88	-486.4893	-607.1793	0.7121087
1316.89	-486.3561	-607.1812	0.71211
1316.9	-486.2229	-607.183	0.7121113
1316.91	-486.0898	-607.1849	0.7121125
1316.92	-485.9566	-607.1868	0.7121138
1316.93	-485.8235	-607.1887	0.7121151
1316.94	-485.6903	-607.1906	0.7121164
1316.95	-485.5572	-607.1925	0.7121177
1316.96	-485.424	-607.1944	0.7121189
1316.97	-485.2909	-607.1963	0.7121202
1316.98	-485.1578	-607.1982	0.7121215
1316.99	-485.0247	-607.2001	0.7121227
1317	-484.8916	-607.202	0.712124
1317.01	-484.7585	-607.2039	0.7121254
1317.02	-484.6255	-607.2057	0.7121267
1317.03	-484.4924	-607.2076	0.712128
1317.04	-484.3593	-607.2095	0.7121294
1317.05	-484.2263	-607.2114	0.7121307
1317.06	-484.0933	-607.2133	0.712132
1317.07	-483.9603	-607.2152	0.7121333
1317.08	-483.8273	-607.2171	0.7121347
1317.09	-483.6943	-607.219	0.712136
1317.1	-483.5614	-607.2209	0.7121373
1317.11	-483.4284	-607.2228	0.7121388
1317.12	-483.2955	-607.2247	0.7121401
1317.13	-483.1626	-607.2266	0.7121416
1317.14	-483.0297	-607.2285	0.7121429
1317.15	-482.8968	-607.2304	0.7121443
1317.16	-482.7639	-607.2323	0.7121457
1317.17	-482.631	-607.2342	0.7121471
1317.18	-482.4981	-607.2361	0.7121485
1317.19	-482.3652	-607.238	0.7121499
1317.2	-482.2324	-607.2399	0.7121513
1317.21	-482.0995	-607.2418	0.7121527
1317.22	-481.9667	-607.2437	0.712154
1317.23	-481.8339	-607.2455	0.7121554
1317.24	-481.701	-607.2474	0.7121568
1317.25	-481.5682	-607.2493	0.7121581
1317.26	-481.4354	-607.2512	0.7121595
1317.27	-481.3026	-607.2531	0.7121608
1317.28	-481.1699	-607.255	0.7121622
1317.29	-481.0371	-607.2569	0.7121636
1317.3	-480.9043	-607.2588	0.7121649
1317.31	-480.7715	-607.2607	0.7121663
1317.32	-480.6387	-607.2626	0.7121677
1317.33	-480.506	-607.2645	0.712169
1317.34	-480.3732	-607.2664	0.7121704
1317.35	-480.2405	-607.2682	0.7121717
1317.36	-480.1077	-607.2701	0.7121731
1317.37	-479.975	-607.272	0.7121744
1317.38	-479.8423	-607.2739	0.7121758
1317.39	-479.7096	-607.2758	0.7121771
1317.4	-479.5768	-607.2777	0.7121784
1317.41	-479.4441	-607.2796	0.7121798
1317.42	-479.3113	-607.2815	0.712181
1317.43	-479.1786	-607.2834	0.7121823
1317.44	-479.0459	-607.2853	0.7121837
1317.45	-478.9132	-607.2872	0.7121849
1317.46	-478.7804	-607.2891	0.7121862
1317.47	-478.6477	-607.291	0.7121875
1317.48	-478.515	-607.2928	0.7121887
1317.49	-478.3823	-607.2947	0.71219
1317.5	-478.2495	-607.2966	0.7121912
1317.51	-478.1168	-607.2985	0.7121925
1317.52	-477.984	-607.3004	0.7121937
1317.53	-477.8513	-607.3023	0.712195
1317.54	-477.7186	-607.3042	0.7121962
1317.55	-477.5858	-607.3061	0.7121974
1317.56	-477.4531	-607.308	0.7121987
1317.57	-477.3203	-607.3099	0.7121999
1317.58	-477.1876	-607.3118	0.7122011
1317.59	-477.0549	-607.3137	0.7122024
1317.6	-476.9221	-607.3156	0.7122035
1317.61	-476.7894	-607.3174	0.7122047
1317.62	-476.6567	-607.3193	0.7122059
1317.63	-476.5239	-607.3212	0.712207
1317.64	-476.3912	-607.3231	0.7122083
1317.65	-476.2584	-607.325	0.7122095
1317.66	-476.1256	-607.3269	0.7122107
1317.67	-475.9929	-607.3288	0.7122117
1317.68	-475.8601	-607.3307	0.7122129
1317.69	-475.7273	-607.3326	0.7122141
1317.7	-475.5945	-607.3345	0.7122152
1317.71	-475.4617	-607.3364	0.7122163
1317.72	-475.3289	-607.3383	0.7122174
1317.73	-475.1961	-607.3401	0.7122185
1317.74	-475.0633	-607.342	0.7122197
1317.75	-474.9305	-607.3439	0.7122207
1317.76	-474.7976	-607.3459	0.7122219
1317.77	-474.6648	-607.3478	0.7122229
1317.78	-474.532	-607.3498	0.7122239
1317.79	-474.3991	-607.3517	0.712225
1317.8	-474.2662	-607.3537	0.712226
1317.81	-474.1333	-607.3557	0.712227
1317.82	-474.0004	-607.3576	0.7122281
1317.83	-473.8675	-607.3596	0.7122291
1317.84	-473.7345	-607.3615	0.7122301
1317.85	-473.6016	-607.3635	0.7122311
1317.86	-473.4686	-607.3654	0.7122321
1317.87	-473.3356	-607.3674	0.7122331
1317.88	-473.2027	-607.3693	0.712234
1317.89	-473.0697	-607.3713	0.712235
1317.9	-472.9366	-607.3732	0.712236
1317.91	-472.8036	-607.3752	0.7122369
1317.92	-472.6706	-607.3771	0.7122379
1317.93	-472.5376	-607.3791	0.7122388
1317.94	-472.4045	-607.381	0.7122398
1317.95	-472.2714	-607.383	0.7122407
1317.96	-472.1383	-607.3849	0.7122416
1317.97	-472.0052	-607.3869	0.7122426
1317.98	-471.8722	-607.3889	0.7122435
1317.99	-471.739	-607.3908	0.7122445
1318	-471.6059	-607.3928	0.7122453
1318.01	-471.4727	-607.3947	0.7122462
1318.02	-471.3396	-607.3967	0.7122471
1318.03	-471.2065	-607.3986	0.712248
1318.04	-471.0733	-607.4006	0.7122489
1318.05	-470.9401	-607.4025	0.7122498
1318.06	-470.8069	-607.4045	0.7122506
1318.07	-470.6736	-607.4064	0.7122515
1318.08	-470.5404	-607.4084	0.7122524
1318.09	-470.4072	-607.4103	0.7122533
1318.1	-470.2739	-607.4123	0.7122542
1318.11	-470.1407	-607.4142	0.7122551
1318.12	-470.0074	-607.4162	0.712256
1318.13	-469.8741	-607.4182	0.7122569
1318.14	-469.7408	-607.4201	0.7122578
1318.15	-469.6075	-607.4221	0.7122586
1318.16	-469.4741	-607.424	0.7122595
1318.17	-469.3408	-607.426	0.7122604
1318.18	-469.2074	-607.4279	0.7122612
1318.19	-469.0741	-607.4299	0.712262
1318.2	-468.9407	-607.4318	0.7122629
1318.21	-468.8073	-607.4338	0.7122637
1318.22	-468.6739	-607.4357	0.7122645
1318.23	-468.5404	-607.4377	0.7122654
1318.24	-468.407	-607.4396	0.7122662
1318.25	-468.2735	-607.4416	0.712267
1318.26	-468.14	-607.4435	0.7122679
1318.27	-468.0065	-607.4455	0.7122687
1318.28	-467.873	-607.4474	0.7122695
1318.29	-467.7395	-607.4494	0.7122703
1318.3	-467.606	-607.4514	0.7122712
1318.31	-467.4724	-607.4533	0.712272
1318.32	-467.3388	-607.4553	0.7122728
1318.33	-467.2053	-607.4572	0.7122737
1318.34	-467.0717	-607.4592	0.7122745
1318.35	-466.938	-607.4611	0.7122753
1318.36	-466.8044	-607.4631	0.7122761
1318.37	-466.6708	-607.465	0.7122769
1318.38	-466.5371	-607.467	0.7122778
1318.39	-466.4034	-607.4689	0.7122785
1318.4	-466.2697	-607.4709	0.7122793
1318.41	-466.136	-607.4728	0.7122801
1318.42	-466.0023	-607.4748	0.7122809
1318.43	-465.8686	-607.4767	0.7122816
1318.44	-465.7348	-607.4787	0.7122824
1318.45	-465.601	-607.4807	0.7122832
1318.46	-465.4672	-607.4826	0.712284
1318.47	-465.3334	-607.4846	0.7122847
1318.48	-465.1996	-607.4865	0.7122855
1318.49	-465.0657	-607.4885	0.7122862
1318.5	-464.9319	-607.4904	0.712287
1318.51	-464.7979	-607.4924	0.7122878
1318.52	-464.664	-607.4944	0.7122886
1318.53	-464.5301	-607.4963	0.7122894
1318.54	-464.3962	-607.4983	0.7122901
1318.55	-464.2622	-607.5002	0.7122909
1318.56	-464.1282	-607.5022	0.7122917
1318.57	-463.9942	-607.5042	0.7122924
1318.58	-463.8602	-607.5061	0.7122931
1318.59	-463.7262	-607.5081	0.7122939
1318.6	-463.5921	-607.51	0.7122946
1318.61	-463.458	-607.512	0.7122953
1318.62	-463.3239	-607.5139	0.712296
1318.63	-463.1898	-607.5159	0.7122967
1318.64	-463.0557	-607.5178	0.7122974
1318.65	-462.9216	-607.5198	0.7122982
1318.66	-462.7874	-607.5217	0.7122988
1318.67	-462.6532	-607.5237	0.7122995
1318.68	-462.519	-607.5256	0.7123002
1318.69	-462.3848	-607.5276	0.712301
1318.7	-462.2506	-607.5295	0.7123017
1318.71	-462.1163	-607.5315	0.7123023
1318.72	-461.982	-607.5334	0.712303
1318.73	-461.8477	-607.5354	0.7123038
1318.74	-461.7133	-607.5374	0.7123045
1318.75	-461.579	-607.5393	0.7123052
1318.76	-461.4446	-607.5413	0.712306
1318.77	-461.3103	-607.5432	0.7123066
1318.78	-461.1759	-607.5452	0.7123073
1318.79	-461.0414	-607.5471	0.712308
1318.8	-460.907	-607.5491	0.7123087
1318.81	-460.7725	-607.5511	0.7123093
1318.82	-460.638	-607.5531	0.71231
1318.83	-460.5035	-607.5551	0.7123106
1318.84	-460.369	-607.5571	0.7123113
1318.85	-460.2345	-607.5591	0.7123119
1318.86	-460.0999	-607.5612	0.7123126
1318.87	-459.9653	-607.5632	0.7123132
1318.88	-459.8307	-607.5652	0.7123139
1318.89	-459.696	-607.5672	0.7123145
1318.9	-459.5614	-607.5692	0.7123152
1318.91	-459.4267	-607.5712	0.7123159
1318.92	-459.2921	-607.5732	0.7123165
1318.93	-459.1573	-607.5753	0.7123172
1318.94	-459.0226	-607.5773	0.7123178
1318.95	-458.8878	-607.5793	0.7123184
