2391.71	-663.731	-608.1689	0.7013234
2391.72	-663.608	-608.1668	0.7014512
2391.73	-663.4849	-608.1647	0.7015796
2391.74	-663.3618	-608.1626	0.7017086
2391.75	-663.2387	-608.1606	0.7018381
2391.76	-663.1156	-608.1586	0.7019681
2391.77	-662.9925	-608.1566	0.7020985
2391.78	-662.8693	-608.1547	0.7022293
2391.79	-662.7462	-608.1528	0.7023605
2391.8	-662.623	-608.1508	0.7024922
2391.81	-662.4999	-608.149	0.7026241
2391.82	-662.3767	-608.1472	0.7027564
2391.83	-662.2535	-608.1454	0.7028891
2391.84	-662.1303	-608.1437	0.703022
2391.85	-662.0071	-608.1421	0.7031552
2391.86	-661.8839	-608.1404	0.7032886
2391.87	-661.7606	-608.1389	0.7034224
2391.88	-661.6373	-608.1372	0.7035563
2391.89	-661.5141	-608.1357	0.7036905
2391.9	-661.3908	-608.1342	0.7038249
2391.91	-661.2675	-608.1328	0.7039593
2391.92	-661.1442	-608.1313	0.7040942
2391.93	-661.0209	-608.13	0.7042292
2391.94	-660.8976	-608.1287	0.7043641
2391.95	-660.7742	-608.1274	0.7044991
2391.96	-660.6509	-608.1262	0.704634
2391.97	-660.5275	-608.1249	0.7047691
2391.98	-660.4041	-608.1237	0.7049041
2391.99	-660.2808	-608.1226	0.7050385
2392	-660.1573	-608.1215	0.7051724
2392.01	-660.0339	-608.1205	0.7053059
2392.02	-659.9105	-608.1195	0.7054388
2392.03	-659.787	-608.1186	0.7055714
2392.04	-659.6636	-608.1177	0.7057022
2392.05	-659.5402	-608.1168	0.7058315
2392.06	-659.4167	-608.1159	0.7059594
2392.07	-659.2932	-608.1151	0.7060858
2392.08	-659.1697	-608.1144	0.706211
2392.09	-659.0461	-608.1136	0.706333
2392.1	-658.9226	-608.113	0.706452
2392.11	-658.7991	-608.1122	0.7065681
2392.12	-658.6755	-608.1116	0.7066815
2392.13	-658.5519	-608.1111	0.7067926
2392.14	-658.4283	-608.1105	0.706899
2392.15	-658.3047	-608.11	0.7070011
2392.16	-658.1811	-608.1095	0.707099
2392.17	-658.0574	-608.1091	0.7071933
2392.18	-657.9338	-608.1086	0.7072837
2392.19	-657.8101	-608.1082	0.7073708
2392.2	-657.6865	-608.1077	0.7074525
2392.21	-657.5628	-608.1074	0.7075291
2392.22	-657.4391	-608.107	0.7076008
2392.23	-657.3154	-608.1067	0.7076681
2392.24	-657.1917	-608.1063	0.7077296
2392.25	-657.0679	-608.106	0.707786
2392.26	-656.9442	-608.1058	0.7078372
2392.27	-656.8204	-608.1055	0.7078837
2392.28	-656.6966	-608.1052	0.7079257
2392.29	-656.5728	-608.105	0.7079635
2392.3	-656.449	-608.1048	0.7079964
2392.31	-656.3251	-608.1046	0.7080247
2392.32	-656.2013	-608.1044	0.7080486
2392.33	-656.0774	-608.1042	0.7080683
2392.34	-655.9535	-608.1041	0.7080841
2392.35	-655.8296	-608.104	0.7080961
2392.36	-655.7056	-608.1039	0.7081047
2392.37	-655.5817	-608.1038	0.7081099
2392.38	-655.4577	-608.1036	0.7081119
2392.39	-655.3337	-608.1036	0.708111
2392.4	-655.2097	-608.1035	0.7081073
2392.41	-655.0856	-608.1035	0.7081009
2392.42	-654.9615	-608.1034	0.708092
2392.43	-654.8375	-608.1033	0.7080807
2392.44	-654.7134	-608.1032	0.7080672
2392.45	-654.5893	-608.1032	0.7080515
2392.46	-654.4651	-608.1032	0.7080339
2392.47	-654.341	-608.1032	0.7080143
2392.48	-654.2168	-608.1032	0.707993
2392.49	-654.0927	-608.1032	0.70797
2392.5	-653.9684	-608.1032	0.7079453
2392.51	-653.8442	-608.1031	0.7079192
2392.52	-653.72	-608.1031	0.7078916
2392.53	-653.5957	-608.1031	0.7078626
2392.54	-653.4714	-608.1031	0.7078324
2392.55	-653.3471	-608.1031	0.707801
2392.56	-653.2228	-608.1031	0.7077683
2392.57	-653.0984	-608.1031	0.7077346
2392.58	-652.9741	-608.1031	0.7076999
2392.59	-652.8497	-608.1031	0.7076642
2392.6	-652.7253	-608.103	0.7076275
2392.61	-652.6008	-608.103	0.70759
2392.62	-652.4764	-608.103	0.7075517
2392.63	-652.3519	-608.103	0.7075126
2392.64	-652.2275	-608.103	0.7074727
2392.65	-652.103	-608.103	0.7074321
2392.66	-651.9785	-608.103	0.7073908
2392.67	-651.8539	-608.103	0.7073488
2392.68	-651.7293	-608.1029	0.7073063
2392.69	-651.6047	-608.1029	0.7072632
2392.7	-651.4802	-608.1029	0.7072195
2392.71	-651.3555	-608.1028	0.7071753
2392.72	-651.2309	-608.1028	0.7071307
2392.73	-651.1062	-608.1028	0.7070855
2392.74	-650.9815	-608.1028	0.70704
2392.75	-650.8568	-608.1027	0.7069939
2392.76	-650.7321	-608.1027	0.7069475
2392.77	-650.6074	-608.1026	0.7069008
2392.78	-650.4826	-608.1025	0.7068536
2392.79	-650.3578	-608.1024	0.7068061
2392.8	-650.233	-608.1024	0.7067583
2392.81	-650.1082	-608.1022	0.7067102
2392.82	-649.9833	-608.1021	0.7066618
2392.83	-649.8585	-608.102	0.7066131
2392.84	-649.7336	-608.1018	0.7065642
2392.85	-649.6087	-608.1017	0.706515
2392.86	-649.4838	-608.1016	0.7064656
2392.87	-649.3588	-608.1013	0.7064159
2392.88	-649.2338	-608.1011	0.7063661
2392.89	-649.1088	-608.101	0.706316
2392.9	-648.9838	-608.1007	0.7062657
2392.91	-648.8588	-608.1005	0.7062153
2392.92	-648.7338	-608.1003	0.7061647
2392.93	-648.6087	-608.1	0.7061139
2392.94	-648.4836	-608.0997	0.7060629
2392.95	-648.3585	-608.0995	0.7060118
2392.96	-648.2333	-608.0992	0.7059606
2392.97	-648.1082	-608.0989	0.7059092
2392.98	-647.983	-608.0986	0.7058576
2392.99	-647.8578	-608.0982	0.705806
2393	-647.7327	-608.0979	0.7057542
2393.01	-647.6074	-608.0975	0.7057024
2393.02	-647.4822	-608.0971	0.7056504
2393.03	-647.3569	-608.0967	0.7055984
2393.04	-647.2316	-608.0964	0.7055461
2393.05	-647.1063	-608.0959	0.7054939
2393.06	-646.981	-608.0955	0.7054415
2393.07	-646.8557	-608.095	0.7053891
2393.08	-646.7303	-608.0945	0.7053365
2393.09	-646.6049	-608.0941	0.7052839
2393.1	-646.4795	-608.0936	0.7052312
2393.11	-646.3541	-608.093	0.7051785
2393.12	-646.2286	-608.0925	0.7051257
2393.13	-646.1031	-608.092	0.7050728
2393.14	-645.9777	-608.0914	0.7050198
2393.15	-645.8522	-608.0908	0.7049668
2393.16	-645.7266	-608.0901	0.7049137
2393.17	-645.6011	-608.0895	0.7048606
2393.18	-645.4755	-608.0889	0.7048074
2393.19	-645.3499	-608.0883	0.7047542
2393.2	-645.2242	-608.0876	0.7047009
2393.21	-645.0986	-608.0869	0.7046475
2393.22	-644.9729	-608.0862	0.7045941
2393.23	-644.8472	-608.0854	0.7045407
2393.24	-644.7215	-608.0847	0.7044872
2393.25	-644.5958	-608.0839	0.7044337
2393.26	-644.47	-608.0832	0.7043802
2393.27	-644.3442	-608.0824	0.7043265
2393.28	-644.2184	-608.0815	0.7042729
2393.29	-644.0927	-608.0807	0.7042193
2393.3	-643.9668	-608.0799	0.7041655
2393.31	-643.8409	-608.079	0.7041118
2393.32	-643.715	-608.0781	0.704058
2393.33	-643.5891	-608.0772	0.7040042
2393.34	-643.4632	-608.0763	0.7039504
2393.35	-643.3372	-608.0754	0.7038966
2393.36	-643.2112	-608.0744	0.7038429
2393.37	-643.0852	-608.0734	0.7037892
2393.38	-642.9592	-608.0724	0.7037355
2393.39	-642.8331	-608.0714	0.7036824
2393.4	-642.7071	-608.0704	0.7036297
2393.41	-642.581	-608.0693	0.7035775
2393.42	-642.4549	-608.0682	0.7035258
2393.43	-642.3287	-608.0672	0.7034745
2393.44	-642.2026	-608.0661	0.7034249
2393.45	-642.0764	-608.0649	0.7033769
2393.46	-641.9502	-608.0638	0.7033304
2393.47	-641.824	-608.0627	0.7032854
2393.48	-641.6977	-608.0615	0.7032416
2393.49	-641.5714	-608.0604	0.7032008
2393.5	-641.4451	-608.0592	0.7031626
2393.51	-641.3188	-608.058	0.7031268
2393.52	-641.1924	-608.0568	0.7030936
2393.53	-641.0661	-608.0557	0.7030625
2393.54	-640.9398	-608.0545	0.7030355
2393.55	-640.8134	-608.0533	0.7030122
2393.56	-640.687	-608.0521	0.7029924
2393.57	-640.5605	-608.0508	0.702976
2393.58	-640.434	-608.0496	0.7029627
2393.59	-640.3076	-608.0484	0.7029541
2393.6	-640.181	-608.0472	0.70295
2393.61	-640.0545	-608.046	0.7029501
2393.62	-639.9279	-608.0447	0.7029541
2393.63	-639.8013	-608.0435	0.7029619
2393.64	-639.6747	-608.0423	0.7029739
2393.65	-639.5481	-608.0411	0.7029899
2393.66	-639.4214	-608.0399	0.7030097
2393.67	-639.2948	-608.0386	0.703033
2393.68	-639.1681	-608.0374	0.7030596
2393.69	-639.0414	-608.0362	0.7030894
2393.7	-638.9147	-608.035	0.7031223
2393.71	-638.7879	-608.0338	0.703158
2393.72	-638.6611	-608.0326	0.7031965
2393.73	-638.5343	-608.0314	0.7032374
2393.74	-638.4075	-608.0303	0.7032809
2393.75	-638.2806	-608.0292	0.7033266
2393.76	-638.1537	-608.028	0.7033746
2393.77	-638.0269	-608.0269	0.7034246
2393.78	-637.8999	-608.0258	0.7034765
2393.79	-637.7729	-608.0246	0.7035304
2393.8	-637.646	-608.0235	0.703586
2393.81	-637.519	-608.0223	0.7036433
2393.82	-637.392	-608.0212	0.7037021
2393.83	-637.2649	-608.0201	0.7037625
2393.84	-637.1378	-608.019	0.7038242
2393.85	-637.0107	-608.018	0.7038874
2393.86	-636.8836	-608.0169	0.7039519
2393.87	-636.7565	-608.0159	0.7040175
2393.88	-636.6293	-608.0148	0.7040844
2393.89	-636.5021	-608.0138	0.7041523
2393.9	-636.3749	-608.0128	0.7042212
2393.91	-636.2477	-608.0118	0.7042912
2393.92	-636.1204	-608.0108	0.7043621
2393.93	-635.9931	-608.0098	0.7044338
2393.94	-635.8658	-608.0089	0.7045064
2393.95	-635.7385	-608.0079	0.7045797
2393.96	-635.6111	-608.007	0.7046539
2393.97	-635.4837	-608.0061	0.7047287
2393.98	-635.3563	-608.0052	0.7048042
2393.99	-635.2288	-608.0043	0.7048804
2394	-635.1014	-608.0035	0.7049572
2394.01	-634.9739	-608.0026	0.7050345
2394.02	-634.8464	-608.0018	0.7051124
2394.03	-634.7188	-608.001	0.7051908
2394.04	-634.5912	-608.0002	0.7052698
2394.05	-634.4637	-607.9995	0.7053491
2394.06	-634.3361	-607.9987	0.705429
2394.07	-634.2084	-607.998	0.7055091
2394.08	-634.0807	-607.9973	0.7055898
2394.09	-633.9531	-607.9966	0.7056708
2394.1	-633.8254	-607.996	0.7057521
2394.11	-633.6976	-607.9954	0.7058339
2394.12	-633.5699	-607.9947	0.7059158
2394.13	-633.4421	-607.9941	0.7059981
2394.14	-633.3143	-607.9935	0.7060807
2394.15	-633.1865	-607.993	0.7061636
2394.16	-633.0586	-607.9925	0.7062467
2394.17	-632.9307	-607.992	0.7063301
2394.18	-632.8028	-607.9915	0.7064137
2394.19	-632.6749	-607.9911	0.7064975
2394.2	-632.5469	-607.9907	0.7065816
2394.21	-632.4189	-607.9903	0.7066658
2394.22	-632.2909	-607.9899	0.7067502
2394.23	-632.1628	-607.9896	0.7068348
2394.24	-632.0348	-607.9893	0.7069196
2394.25	-631.9067	-607.989	0.7070045
2394.26	-631.7786	-607.9887	0.7070897
2394.27	-631.6504	-607.9885	0.7071749
2394.28	-631.5222	-607.9883	0.7072603
2394.29	-631.394	-607.9881	0.7073458
2394.3	-631.2658	-607.9879	0.7074314
2394.31	-631.1376	-607.9878	0.7075172
2394.32	-631.0093	-607.9877	0.707603
2394.33	-630.881	-607.9876	0.707689
2394.34	-630.7527	-607.9875	0.7077751
2394.35	-630.6243	-607.9875	0.7078612
2394.36	-630.496	-607.9876	0.7079474
2394.37	-630.3676	-607.9876	0.7080338
2394.38	-630.2391	-607.9877	0.7081202
2394.39	-630.1106	-607.9878	0.7082065
2394.4	-629.9821	-607.9879	0.7082925
2394.41	-629.8536	-607.988	0.7083786
2394.42	-629.725	-607.9882	0.7084644
2394.43	-629.5964	-607.9885	0.7085501
2394.44	-629.4678	-607.9886	0.7086346
2394.45	-629.3392	-607.989	0.7087178
2394.46	-629.2106	-607.9892	0.7087998
2394.47	-629.0819	-607.9896	0.7088809
2394.48	-628.9532	-607.9899	0.7089609
2394.49	-628.8245	-607.9902	0.7090382
2394.5	-628.6957	-607.9906	0.7091131
2394.51	-628.567	-607.991	0.7091855
2394.52	-628.4381	-607.9914	0.7092558
2394.53	-628.3093	-607.9919	0.709324
2394.54	-628.1804	-607.9923	0.7093883
2394.55	-628.0515	-607.9928	0.7094492
2394.56	-627.9226	-607.9933	0.7095068
2394.57	-627.7936	-607.9938	0.7095611
2394.58	-627.6647	-607.9943	0.7096125
2394.59	-627.5357	-607.9948	0.7096588
2394.6	-627.4067	-607.9954	0.7097004
2394.61	-627.2776	-607.9959	0.7097375
2394.62	-627.1486	-607.9965	0.7097704
2394.63	-627.0195	-607.9971	0.7097993
2394.64	-626.8904	-607.9976	0.7098222
2394.65	-626.7612	-607.9982	0.7098397
2394.66	-626.6321	-607.9988	0.7098519
2394.67	-626.5029	-607.9994	0.7098591
2394.68	-626.3736	-608	0.7098616
2394.69	-626.2443	-608.0006	0.7098582
2394.7	-626.1151	-608.0012	0.709849
2394.71	-625.9857	-608.0018	0.7098345
2394.72	-625.8564	-608.0024	0.7098148
2394.73	-625.727	-608.0031	0.7097905
2394.74	-625.5976	-608.0037	0.7097611
2394.75	-625.4682	-608.0042	0.709727
2394.76	-625.3387	-608.0048	0.7096884
2394.77	-625.2093	-608.0054	0.7096457
2394.78	-625.0798	-608.006	0.709599
2394.79	-624.9503	-608.0066	0.7095484
2394.8	-624.8207	-608.0072	0.7094944
2394.81	-624.6911	-608.0077	0.7094368
2394.82	-624.5615	-608.0082	0.709376
2394.83	-624.4318	-608.0088	0.7093122
2394.84	-624.3022	-608.0093	0.7092454
2394.85	-624.1725	-608.0098	0.7091759
2394.86	-624.0428	-608.0103	0.7091036
2394.87	-623.913	-608.0109	0.709029
2394.88	-623.7833	-608.0114	0.7089518
2394.89	-623.6535	-608.0118	0.7088726
2394.9	-623.5237	-608.0123	0.708791
2394.91	-623.3938	-608.0128	0.7087075
2394.92	-623.2639	-608.0132	0.708622
2394.93	-623.134	-608.0136	0.7085347
2394.94	-623.004	-608.014	0.7084457
2394.95	-622.8741	-608.0144	0.7083549
2394.96	-622.7441	-608.0148	0.7082627
2394.97	-622.6141	-608.0151	0.7081689
2394.98	-622.484	-608.0154	0.7080736
2394.99	-622.3539	-608.0158	0.7079771
2395	-622.2239	-608.0161	0.7078791
2395.01	-622.0938	-608.0164	0.7077801
2395.02	-621.9636	-608.0167	0.7076798
2395.03	-621.8334	-608.0169	0.7075784
2395.04	-621.7032	-608.0171	0.707476
2395.05	-621.5729	-608.0173	0.7073727
2395.06	-621.4427	-608.0175	0.7072685
2395.07	-621.3124	-608.0176	0.7071634
2395.08	-621.1821	-608.0178	0.7070575
2395.09	-621.0518	-608.0178	0.7069512
2395.1	-620.9214	-608.0179	0.7068444
2395.11	-620.791	-608.0179	0.7067372
2395.12	-620.6606	-608.0179	0.7066296
2395.13	-620.5301	-608.0179	0.7065215
2395.14	-620.3996	-608.0178	0.7064139
2395.15	-620.2691	-608.0178	0.7063065
2395.16	-620.1385	-608.0177	0.7061994
2395.17	-620.008	-608.0176	0.7060926
2395.18	-619.8774	-608.0175	0.7059861
2395.19	-619.7468	-608.0173	0.7058798
2395.2	-619.6161	-608.017	0.7057748
2395.21	-619.4855	-608.0168	0.7056711
2395.22	-619.3547	-608.0166	0.7055686
2395.23	-619.224	-608.0163	0.7054671
2395.24	-619.0933	-608.016	0.7053679
2395.25	-618.9625	-608.0157	0.7052706
2395.26	-618.8317	-608.0153	0.7051752
2395.27	-618.7008	-608.015	0.7050818
2395.28	-618.5699	-608.0145	0.7049899
2395.29	-618.439	-608.0141	0.7048997
2395.3	-618.3081	-608.0137	0.7048129
2395.31	-618.1771	-608.0132	0.7047291
2395.32	-618.0461	-608.0127	0.7046483
2395.33	-617.9151	-608.0121	0.7045703
2395.34	-617.7841	-608.0117	0.7044962
2395.35	-617.653	-608.011	0.7044258
2395.36	-617.5219	-608.0105	0.7043589
2395.37	-617.3908	-608.0099	0.7042953
2395.38	-617.2596	-608.0093	0.7042348
2395.39	-617.1285	-608.0087	0.7041785
2395.4	-616.9973	-608.008	0.7041258
2395.41	-616.866	-608.0073	0.7040769
2395.42	-616.7347	-608.0067	0.7040314
2395.43	-616.6035	-608.0059	0.7039891
2395.44	-616.4722	-608.0052	0.7039511
2395.45	-616.3408	-608.0045	0.7039171
2395.46	-616.2095	-608.0038	0.7038869
2395.47	-616.0781	-608.0031	0.7038603
2395.48	-615.9466	-608.0023	0.703837
2395.49	-615.8151	-608.0015	0.7038183
2395.5	-615.6837	-608.0007	0.7038038
2395.51	-615.5521	-607.9999	0.7037933
2395.52	-615.4206	-607.9991	0.7037867
2395.53	-615.289	-607.9983	0.7037836
2395.54	-615.1574	-607.9975	0.7037847
2395.55	-615.0258	-607.9967	0.7037899
2395.56	-614.8942	-607.9959	0.7037989
2395.57	-614.7625	-607.9951	0.7038115
2395.58	-614.6307	-607.9942	0.7038274
2395.59	-614.499	-607.9933	0.7038471
2395.6	-614.3672	-607.9926	0.7038701
2395.61	-614.2355	-607.9917	0.7038962
2395.62	-614.1036	-607.9908	0.7039255
2395.63	-613.9718	-607.99	0.7039575
2395.64	-613.84	-607.9891	0.7039923
2395.65	-613.7081	-607.9883	0.7040297
2395.66	-613.5761	-607.9875	0.7040696
2395.67	-613.4442	-607.9866	0.7041118
2395.68	-613.3121	-607.9858	0.7041562
2395.69	-613.1801	-607.985	0.7042028
2395.7	-613.0481	-607.9841	0.7042513
2395.71	-612.916	-607.9833	0.7043018
2395.72	-612.7839	-607.9825	0.7043542
2395.73	-612.6518	-607.9816	0.7044082
2395.74	-612.5197	-607.9808	0.7044637
2395.75	-612.3875	-607.98	0.704521
2395.76	-612.2552	-607.9792	0.7045797
2395.77	-612.123	-607.9785	0.7046397
2395.78	-611.9907	-607.9777	0.7047011
2395.79	-611.8585	-607.9769	0.7047638
2395.8	-611.7261	-607.9762	0.7048277
2395.81	-611.5938	-607.9754	0.7048928
2395.82	-611.4614	-607.9747	0.7049589
2395.83	-611.3289	-607.9739	0.705026
2395.84	-611.1965	-607.9733	0.7050942
2395.85	-611.064	-607.9725	0.7051633
2395.86	-610.9315	-607.9719	0.7052333
2395.87	-610.799	-607.9711	0.7053041
2395.88	-610.6664	-607.9705	0.7053757
2395.89	-610.5338	-607.9698	0.7054481
2395.9	-610.4011	-607.9692	0.7055212
2395.91	-610.2685	-607.9686	0.705595
2395.92	-610.1358	-607.968	0.7056695
2395.93	-610.0031	-607.9674	0.7057445
2395.94	-609.8703	-607.9668	0.7058201
2395.95	-609.7375	-607.9663	0.7058964
2395.96	-609.6047	-607.9658	0.7059731
2395.97	-609.4719	-607.9653	0.7060505
2395.98	-609.3391	-607.9648	0.7061282
2395.99	-609.2062	-607.9643	0.7062064
2396	-609.0732	-607.9639	0.706285
2396.01	-608.9403	-607.9634	0.7063641
2396.02	-608.8073	-607.963	0.7064435
2396.03	-608.6743	-607.9626	0.7065233
2396.04	-608.5412	-607.9622	0.7066035
2396.05	-608.4081	-607.9619	0.706684
2396.06	-608.275	-607.9615	0.7067648
2396.07	-608.1419	-607.9612	0.7068459
2396.08	-608.0087	-607.961	0.7069274
2396.09	-607.8755	-607.9607	0.707009
2396.1	-607.7423	-607.9605	0.707091
2396.11	-607.6091	-607.9603	0.7071732
2396.12	-607.4758	-607.9601	0.7072556
2396.13	-607.3424	-607.96	0.7073383
2396.14	-607.209	-607.9598	0.7074211
2396.15	-607.0757	-607.9597	0.7075042
2396.16	-606.9423	-607.9596	0.7075874
2396.17	-606.8088	-607.9595	0.7076709
2396.18	-606.6753	-607.9595	0.7077546
2396.19	-606.5418	-607.9595	0.7078383
2396.2	-606.4083	-607.9595	0.7079223
2396.21	-606.2747	-607.9595	0.7080064
2396.22	-606.1411	-607.9597	0.7080906
2396.23	-606.0074	-607.9597	0.7081749
2396.24	-605.8737	-607.9599	0.7082595
2396.25	-605.7401	-607.96	0.7083441
2396.26	-605.6063	-607.9602	0.7084288
2396.27	-605.4725	-607.9604	0.7085137
2396.28	-605.3387	-607.9606	0.7085986
2396.29	-605.2049	-607.9609	0.7086837
2396.3	-605.071	-607.9612	0.7087687
2396.31	-604.9371	-607.9615	0.7088536
2396.32	-604.8032	-607.9619	0.7089385
2396.33	-604.6693	-607.9623	0.7090233
2396.34	-604.5353	-607.9626	0.7091076
2396.35	-604.4012	-607.9631	0.7091914
2396.36	-604.2672	-607.9636	0.7092747
2396.37	-604.1331	-607.9641	0.7093576
2396.38	-603.999	-607.9646	0.70944
2396.39	-603.8649	-607.9651	0.7095212
2396.4	-603.7307	-607.9658	0.7096014
2396.41	-603.5965	-607.9663	0.7096804
2396.42	-603.4623	-607.967	0.7097585
2396.43	-603.328	-607.9676	0.7098356
2396.44	-603.1937	-607.9683	0.7099116
2396.45	-603.0594	-607.969	0.7099863
2396.46	-602.925	-607.9697	0.7100598
2396.47	-602.7906	-607.9705	0.7101322
2396.48	-602.6561	-607.9713	0.7102037
2396.49	-602.5217	-607.972	0.7102742
2396.5	-602.3871	-607.9729	0.7103437
2396.51	-602.2526	-607.9738	0.7104123
2396.52	-602.118	-607.9746	0.7104802
2396.53	-601.9834	-607.9755	0.7105471
2396.54	-601.8488	-607.9764	0.7106134
2396.55	-601.7141	-607.9774	0.7106789
2396.56	-601.5794	-607.9784	0.7107437
2396.57	-601.4446	-607.9794	0.7108079
2396.58	-601.3099	-607.9805	0.7108715
2396.59	-601.1751	-607.9815	0.7109345
2396.6	-601.0403	-607.9826	0.7109968
2396.61	-600.9054	-607.9837	0.7110587
2396.62	-600.7704	-607.9849	0.7111201
2396.63	-600.6355	-607.986	0.711181
2396.64	-600.5005	-607.9872	0.7112413
2396.65	-600.3655	-607.9885	0.7113011
2396.66	-600.2305	-607.9897	0.7113605
2396.67	-600.0954	-607.991	0.7114193
2396.68	-599.9603	-607.9922	0.7114778
2396.69	-599.8251	-607.9935	0.7115352
2396.7	-599.6899	-607.9949	0.7115917
2396.71	-599.5547	-607.9963	0.7116475
2396.72	-599.4194	-607.9977	0.7117024
2396.73	-599.2841	-607.9991	0.7117565
2396.74	-599.1488	-608.0005	0.7118089
2396.75	-599.0134	-608.002	0.7118596
2396.76	-598.878	-608.0034	0.7119088
2396.77	-598.7426	-608.0049	0.7119565
2396.78	-598.6071	-608.0064	0.7120028
2396.79	-598.4716	-608.0079	0.7120462
2396.8	-598.336	-608.0095	0.712087
2396.81	-598.2004	-608.011	0.7121253
2396.82	-598.0648	-608.0126	0.7121611
2396.83	-597.9291	-608.0142	0.7121946
2396.84	-597.7934	-608.0157	0.7122242
2396.85	-597.6577	-608.0173	0.7122501
2396.86	-597.5219	-608.0189	0.7122725
2396.87	-597.386	-608.0206	0.7122915
2396.88	-597.2501	-608.0222	0.7123073
2396.89	-597.1142	-608.0239	0.7123201
2396.9	-596.9783	-608.0255	0.7123291
2396.91	-596.8423	-608.0272	0.7123345
2396.92	-596.7062	-608.0288	0.7123364
2396.93	-596.5702	-608.0305	0.7123352
2396.94	-596.4341	-608.0321	0.7123309
2396.95	-596.298	-608.0338	0.7123237
2396.96	-596.1618	-608.0355	0.7123137
2396.97	-596.0256	-608.0372	0.7123011
2396.98	-595.8893	-608.0388	0.7122859
2396.99	-595.7531	-608.0405	0.7122685
2397	-595.6168	-608.0422	0.7122488
2397.01	-595.4804	-608.0439	0.712227
2397.02	-595.344	-608.0457	0.7122032
2397.03	-595.2075	-608.0474	0.7121775
2397.04	-595.071	-608.0491	0.7121499
2397.05	-594.9345	-608.0507	0.7121206
2397.06	-594.798	-608.0524	0.7120897
2397.07	-594.6614	-608.0541	0.7120572
2397.08	-594.5247	-608.0558	0.7120232
2397.09	-594.3881	-608.0575	0.7119878
2397.1	-594.2513	-608.0592	0.711951
2397.11	-594.1146	-608.0609	0.711913
2397.12	-593.9778	-608.0626	0.7118738
2397.13	-593.841	-608.0643	0.7118334
2397.14	-593.7042	-608.066	0.7117919
2397.15	-593.5673	-608.0677	0.7117493
2397.16	-593.4303	-608.0694	0.7117059
2397.17	-593.2933	-608.071	0.7116614
2397.18	-593.1563	-608.0728	0.711616
2397.19	-593.0193	-608.0745	0.71157
2397.2	-592.8822	-608.076	0.7115233
2397.21	-592.7451	-608.0777	0.7114759
2397.22	-592.6078	-608.0793	0.711428
2397.23	-592.4706	-608.0809	0.7113793
2397.24	-592.3334	-608.0826	0.7113309
2397.25	-592.1961	-608.0842	0.7112825
2397.26	-592.0588	-608.0858	0.7112342
2397.27	-591.9214	-608.0875	0.7111859
2397.28	-591.7839	-608.0891	0.7111378
2397.29	-591.6465	-608.0906	0.7110898
2397.3	-591.509	-608.0922	0.7110434
2397.31	-591.3715	-608.0938	0.7109985
2397.32	-591.2339	-608.0954	0.7109551
2397.33	-591.0963	-608.0969	0.710913
2397.34	-590.9586	-608.0985	0.7108734
2397.35	-590.8209	-608.1001	0.7108363
2397.36	-590.6832	-608.1017	0.7108013
2397.37	-590.5454	-608.1032	0.7107685
2397.38	-590.4076	-608.1048	0.7107378
2397.39	-590.2698	-608.1064	0.7107105
2397.4	-590.1319	-608.108	0.7106865
2397.41	-589.994	-608.1096	0.7106656
2397.42	-589.856	-608.1111	0.7106477
2397.43	-589.718	-608.1127	0.7106326
2397.44	-589.5799	-608.1143	0.7106211
2397.45	-589.4418	-608.1158	0.7106129
2397.46	-589.3037	-608.1174	0.7106079
2397.47	-589.1655	-608.119	0.710606
2397.48	-589.0273	-608.1206	0.7106069
2397.49	-588.889	-608.1222	0.7106107
2397.5	-588.7507	-608.1238	0.7106172
2397.51	-588.6124	-608.1254	0.7106262
2397.52	-588.4741	-608.127	0.7106375
2397.53	-588.3356	-608.1286	0.7106512
2397.54	-588.1971	-608.1302	0.7106671
2397.55	-588.0587	-608.1318	0.710685
2397.56	-587.9201	-608.1334	0.7107047
2397.57	-587.7815	-608.1349	0.7107263
2397.58	-587.6429	-608.1365	0.7107495
2397.59	-587.5042	-608.1381	0.7107739
2397.6	-587.3655	-608.1398	0.7107992
2397.61	-587.2268	-608.1414	0.7108256
2397.62	-587.088	-608.1429	0.7108527
2397.63	-586.9492	-608.1445	0.7108809
2397.64	-586.8103	-608.1461	0.7109086
2397.65	-586.6714	-608.1477	0.710936
2397.66	-586.5325	-608.1494	0.710963
2397.67	-586.3935	-608.1509	0.7109897
2397.68	-586.2545	-608.1525	0.7110161
2397.69	-586.1154	-608.1541	0.7110406
2397.7	-585.9763	-608.1557	0.7110633
2397.71	-585.8372	-608.1573	0.7110843
2397.72	-585.6979	-608.1589	0.7111037
2397.73	-585.5587	-608.1605	0.7111216
2397.74	-585.4194	-608.1621	0.7111365
2397.75	-585.2802	-608.1637	0.7111485
2397.76	-585.1408	-608.1653	0.7111578
2397.77	-585.0014	-608.1669	0.7111645
2397.78	-584.8619	-608.1685	0.7111687
2397.79	-584.7225	-608.17	0.7111701
2397.8	-584.5829	-608.1715	0.7111686
2397.81	-584.4434	-608.173	0.7111645
2397.82	-584.3038	-608.1746	0.711158
2397.83	-584.1641	-608.1761	0.7111491
2397.84	-584.0245	-608.1776	0.7111379
2397.85	-583.8848	-608.1791	0.7111246
2397.86	-583.745	-608.1807	0.7111092
2397.87	-583.6052	-608.1822	0.7110918
2397.88	-583.4653	-608.1837	0.7110726
2397.89	-583.3254	-608.1852	0.7110516
2397.9	-583.1855	-608.1867	0.711029
2397.91	-583.0455	-608.1882	0.7110047
2397.92	-582.9055	-608.1897	0.710979
2397.93	-582.7654	-608.1912	0.7109517
2397.94	-582.6254	-608.1926	0.7109231
2397.95	-582.4852	-608.194	0.7108931
2397.96	-582.345	-608.1955	0.7108618
2397.97	-582.2048	-608.197	0.7108294
2397.98	-582.0645	-608.1984	0.7107959
2397.99	-581.9242	-608.1998	0.7107612
2398	-581.7839	-608.2013	0.7107255
2398.01	-581.6435	-608.2028	0.7106888
2398.02	-581.5031	-608.2042	0.7106512
2398.03	-581.3625	-608.2055	0.7106127
2398.04	-581.222	-608.2069	0.7105733
2398.05	-581.0815	-608.2083	0.7105331
2398.06	-580.9409	-608.2097	0.710492
2398.07	-580.8002	-608.2111	0.7104503
2398.08	-580.6595	-608.2125	0.7104079
2398.09	-580.5189	-608.2138	0.7103648
2398.1	-580.3781	-608.2151	0.710321
2398.11	-580.2373	-608.2164	0.7102766
2398.12	-580.0964	-608.2178	0.7102316
2398.13	-579.9555	-608.2191	0.7101861
2398.14	-579.8146	-608.2204	0.71014
2398.15	-579.6736	-608.2217	0.7100934
2398.16	-579.5325	-608.223	0.7100464
2398.17	-579.3915	-608.2242	0.7099988
2398.18	-579.2504	-608.2255	0.7099509
2398.19	-579.1093	-608.2267	0.7099025
2398.2	-578.9681	-608.2279	0.7098537
2398.21	-578.8268	-608.2291	0.7098045
2398.22	-578.6855	-608.2303	0.7097551
2398.23	-578.5442	-608.2315	0.7097052
2398.24	-578.4028	-608.2327	0.709655
2398.25	-578.2614	-608.2338	0.7096044
2398.26	-578.1199	-608.2349	0.7095535
2398.27	-577.9785	-608.2361	0.7095024
2398.28	-577.8369	-608.2372	0.709451
2398.29	-577.6953	-608.2383	0.7093993
2398.3	-577.5537	-608.2394	0.7093474
2398.31	-577.412	-608.2405	0.7092952
2398.32	-577.2703	-608.2415	0.7092428
2398.33	-577.1285	-608.2426	0.7091901
2398.34	-576.9868	-608.2435	0.7091373
2398.35	-576.8449	-608.2446	0.7090842
2398.36	-576.703	-608.2455	0.709031
2398.37	-576.5611	-608.2465	0.7089775
2398.38	-576.4191	-608.2474	0.7089238
2398.39	-576.2771	-608.2484	0.7088701
2398.4	-576.1351	-608.2493	0.7088162
2398.41	-575.993	-608.2502	0.708762
2398.42	-575.8508	-608.2511	0.7087077
2398.43	-575.7086	-608.2519	0.7086533
2398.44	-575.5664	-608.2527	0.7085989
2398.45	-575.4241	-608.2536	0.7085443
2398.46	-575.2818	-608.2544	0.7084895
2398.47	-575.1395	-608.2552	0.7084347
2398.48	-574.9971	-608.2559	0.7083798
2398.49	-574.8547	-608.2567	0.7083248
2398.5	-574.7122	-608.2574	0.7082698
2398.51	-574.5697	-608.2581	0.7082146
2398.52	-574.4271	-608.2589	0.7081593
2398.53	-574.2845	-608.2595	0.708104
2398.54	-574.1418	-608.2601	0.7080486
2398.55	-573.9991	-608.2608	0.7079931
2398.56	-573.8564	-608.2614	0.7079377
2398.57	-573.7136	-608.262	0.707882
2398.58	-573.5708	-608.2626	0.7078264
2398.59	-573.428	-608.2631	0.7077706
2398.6	-573.2851	-608.2637	0.7077149
2398.61	-573.1422	-608.2642	0.7076589
2398.62	-572.9991	-608.2647	0.707603
2398.63	-572.8561	-608.2652	0.7075471
2398.64	-572.713	-608.2657	0.7074911
2398.65	-572.5699	-608.2661	0.707435
2398.66	-572.4268	-608.2665	0.7073789
2398.67	-572.2836	-608.2669	0.7073227
2398.68	-572.1403	-608.2673	0.7072665
2398.69	-571.9971	-608.2676	0.7072102
2398.7	-571.8538	-608.2679	0.7071539
2398.71	-571.7104	-608.2682	0.7070976
2398.72	-571.567	-608.2686	0.7070412
2398.73	-571.4235	-608.2688	0.7069848
2398.74	-571.28	-608.269	0.7069284
2398.75	-571.1365	-608.2692	0.7068718
2398.76	-570.9929	-608.2695	0.7068152
2398.77	-570.8493	-608.2697	0.7067587
2398.78	-570.7056	-608.2698	0.7067021
2398.79	-570.562	-608.27	0.7066454
2398.8	-570.4182	-608.2701	0.7065887
2398.81	-570.2744	-608.2701	0.7065319
2398.82	-570.1306	-608.2703	0.7064752
2398.83	-569.9867	-608.2703	0.7064184
2398.84	-569.8428	-608.2703	0.7063616
2398.85	-569.6989	-608.2704	0.7063047
2398.86	-569.5549	-608.2703	0.7062479
2398.87	-569.4108	-608.2703	0.7061909
2398.88	-569.2667	-608.2703	0.706134
2398.89	-569.1226	-608.2701	0.706077
2398.9	-568.9785	-608.2701	0.70602
2398.91	-568.8342	-608.2699	0.7059629
2398.92	-568.69	-608.2698	0.7059059
2398.93	-568.5457	-608.2697	0.7058488
2398.94	-568.4014	-608.2694	0.7057916
2398.95	-568.2571	-608.2692	0.7057346
2398.96	-568.1127	-608.269	0.7056773
2398.97	-567.9682	-608.2687	0.7056201
2398.98	-567.8237	-608.2685	0.7055629
2398.99	-567.6791	-608.2681	0.7055056
2399	-567.5345	-608.2678	0.7054484
2399.01	-567.39	-608.2675	0.705391
2399.02	-567.2453	-608.2671	0.7053337
2399.03	-567.1006	-608.2667	0.7052764
2399.04	-566.9558	-608.2664	0.7052189
2399.05	-566.811	-608.2659	0.7051615
2399.06	-566.6662	-608.2654	0.7051041
2399.07	-566.5213	-608.2649	0.7050466
2399.08	-566.3764	-608.2644	0.7049891
2399.09	-566.2314	-608.2639	0.7049316
2399.1	-566.0865	-608.2633	0.7048741
2399.11	-565.9415	-608.2628	0.7048166
2399.12	-565.7964	-608.2621	0.7047589
2399.13	-565.6512	-608.2615	0.7047013
2399.14	-565.5061	-608.2609	0.7046437
2399.15	-565.3609	-608.2602	0.704586
2399.16	-565.2156	-608.2595	0.7045284
2399.17	-565.0704	-608.2589	0.7044707
2399.18	-564.925	-608.2581	0.7044129
2399.19	-564.7797	-608.2573	0.7043552
2399.2	-564.6343	-608.2565	0.7042974
2399.21	-564.4889	-608.2557	0.7042397
2399.22	-564.3434	-608.2549	0.7041818
2399.23	-564.1979	-608.254	0.704124
2399.24	-564.0523	-608.2531	0.7040662
2399.25	-563.9067	-608.2523	0.7040083
2399.26	-563.7611	-608.2513	0.7039503
2399.27	-563.6154	-608.2504	0.7038925
2399.28	-563.4697	-608.2493	0.7038345
2399.29	-563.3239	-608.2484	0.7037765
2399.3	-563.178	-608.2474	0.7037185
2399.31	-563.0322	-608.2463	0.7036605
2399.32	-562.8863	-608.2452	0.7036026
2399.33	-562.7404	-608.2441	0.7035444
2399.34	-562.5944	-608.243	0.7034864
2399.35	-562.4484	-608.2419	0.7034283
2399.36	-562.3024	-608.2407	0.7033702
2399.37	-562.1563	-608.2395	0.7033121
2399.38	-562.0101	-608.2383	0.7032539
2399.39	-561.864	-608.2371	0.7031958
2399.4	-561.7177	-608.2358	0.7031376
2399.41	-561.5715	-608.2345	0.7030793
2399.42	-561.4252	-608.2332	0.703021
2399.43	-561.2788	-608.2319	0.7029628
2399.44	-561.1324	-608.2305	0.7029045
2399.45	-560.986	-608.2292	0.7028462
2399.46	-560.8395	-608.2277	0.7027878
2399.47	-560.693	-608.2263	0.7027295
2399.48	-560.5464	-608.2249	0.7026711
2399.49	-560.3998	-608.2234	0.7026126
2399.5	-560.2531	-608.2219	0.7025542
2399.51	-560.1064	-608.2204	0.7024956
2399.52	-559.9597	-608.2188	0.7024372
2399.53	-559.8129	-608.2173	0.7023786
2399.54	-559.666	-608.2156	0.70232
2399.55	-559.5191	-608.2141	0.7022614
2399.56	-559.3721	-608.2124	0.7022027
2399.57	-559.2251	-608.2107	0.702144
2399.58	-559.078	-608.209	0.7020853
2399.59	-558.9309	-608.2073	0.7020265
2399.6	-558.7838	-608.2056	0.7019677
2399.61	-558.6365	-608.2038	0.7019089
2399.62	-558.4893	-608.202	0.70185
2399.63	-558.3419	-608.2002	0.701791
2399.64	-558.1946	-608.1983	0.7017321
2399.65	-558.0472	-608.1965	0.7016732
2399.66	-557.8997	-608.1946	0.7016141
2399.67	-557.7522	-608.1926	0.701555
2399.68	-557.6046	-608.1907	0.701496
2399.69	-557.457	-608.1888	0.7014369
2399.7	-557.3093	-608.1868	0.7013777
2399.71	-557.1615	-608.1848	0.7013185
2399.72	-557.0137	-608.1827	0.7012593
2399.73	-556.8658	-608.1807	0.7012001
2399.74	-556.7179	-608.1786	0.7011408
2399.75	-556.5699	-608.1765	0.7010816
2399.76	-556.4219	-608.1743	0.7010221
2399.77	-556.2739	-608.1721	0.7009628
2399.78	-556.1257	-608.17	0.7009034
2399.79	-555.9776	-608.1678	0.7008439
2399.8	-555.8294	-608.1655	0.7007845
2399.81	-555.6812	-608.1633	0.700725
2399.82	-555.5328	-608.1609	0.7006654
2399.83	-555.3845	-608.1586	0.7006059
2399.84	-555.236	-608.1563	0.7005463
2399.85	-555.0875	-608.1539	0.7004867
2399.86	-554.939	-608.1516	0.7004271
2399.87	-554.7903	-608.1492	0.7003674
2399.88	-554.6417	-608.1467	0.7003077
2399.89	-554.4929	-608.1442	0.7002479
2399.9	-554.3442	-608.1417	0.7001882
2399.91	-554.1954	-608.1392	0.7001283
2399.92	-554.0465	-608.1367	0.7000685
2399.93	-553.8976	-608.1341	0.7000087
2399.94	-553.7486	-608.1315	0.6999488
2399.95	-553.5995	-608.1288	0.6998889
2399.96	-553.4504	-608.1262	0.6998289
2399.97	-553.3013	-608.1236	0.699769
2399.98	-553.152	-608.1208	0.699709
2399.99	-553.0028	-608.1182	0.699649
2400	-552.8535	-608.1154	0.6995889
2400.01	-552.7042	-608.1126	0.6995289
2400.02	-552.5547	-608.1099	0.6994687
2400.03	-552.4053	-608.107	0.6994086
2400.04	-552.2558	-608.1042	0.6993484
2400.05	-552.1063	-608.1013	0.6992882
2400.06	-551.9567	-608.0984	0.699228
2400.07	-551.807	-608.0955	0.6991678
2400.08	-551.6573	-608.0925	0.6991075
2400.09	-551.5075	-608.0895	0.6990473
2400.1	-551.3577	-608.0865	0.6989869
2400.11	-551.2078	-608.0835	0.6989266
2400.12	-551.0578	-608.0804	0.6988661
2400.13	-550.9078	-608.0773	0.6988058
2400.14	-550.7578	-608.0742	0.6987453
2400.15	-550.6077	-608.071	0.6986849
2400.16	-550.4575	-608.0679	0.6986244
2400.17	-550.3073	-608.0648	0.6985639
2400.18	-550.157	-608.0615	0.6985033
2400.19	-550.0068	-608.0583	0.6984428
2400.2	-549.8564	-608.055	0.6983822
2400.21	-549.7061	-608.0517	0.6983216
2400.22	-549.5556	-608.0484	0.6982609
2400.23	-549.4051	-608.045	0.6982002
2400.24	-549.2545	-608.0417	0.6981395
2400.25	-549.1039	-608.0383	0.6980789
2400.26	-548.9532	-608.0349	0.6980181
2400.27	-548.8024	-608.0314	0.6979573
2400.28	-548.6516	-608.0279	0.6978965
2400.29	-548.5008	-608.0244	0.6978357
2400.3	-548.3499	-608.0209	0.6977748
2400.31	-548.199	-608.0173	0.697714
2400.32	-548.048	-608.0138	0.6976531
2400.33	-547.8969	-608.0101	0.6975921
2400.34	-547.7458	-608.0065	0.6975312
2400.35	-547.5947	-608.0029	0.6974702
2400.36	-547.4435	-607.9991	0.6974093
2400.37	-547.2923	-607.9955	0.6973484
2400.38	-547.141	-607.9917	0.6972873
2400.39	-546.9896	-607.988	0.6972266
2400.4	-546.8382	-607.9842	0.6971661
2400.41	-546.6867	-607.9803	0.6971058
2400.42	-546.5352	-607.9765	0.6970457
2400.43	-546.3836	-607.9726	0.6969858
2400.44	-546.2321	-607.9688	0.6969272
2400.45	-546.0804	-607.9648	0.69687
2400.46	-545.9286	-607.9609	0.6968139
2400.47	-545.7769	-607.9569	0.696759
2400.48	-545.625	-607.9529	0.6967052
2400.49	-545.4731	-607.9489	0.6966524
2400.5	-545.3212	-607.9449	0.6966026
2400.51	-545.1692	-607.9409	0.6965553
2400.52	-545.0172	-607.9368	0.6965107
2400.53	-544.8651	-607.9327	0.6964685
2400.54	-544.713	-607.9286	0.6964298
2400.55	-544.5608	-607.9245	0.6963944
2400.56	-544.4086	-607.9204	0.6963623
2400.57	-544.2563	-607.9163	0.6963332
2400.58	-544.1039	-607.9122	0.696307
2400.59	-543.9515	-607.908	0.6962845
2400.6	-543.7991	-607.9039	0.6962655
2400.61	-543.6465	-607.8997	0.6962498
2400.62	-543.494	-607.8954	0.6962374
2400.63	-543.3413	-607.8912	0.6962281
2400.64	-543.1887	-607.887	0.6962218
2400.65	-543.0359	-607.8828	0.6962186
2400.66	-542.8832	-607.8786	0.6962181
2400.67	-542.7303	-607.8744	0.6962205
2400.68	-542.5775	-607.8701	0.6962253
2400.69	-542.4246	-607.8658	0.6962327
2400.7	-542.2716	-607.8616	0.6962424
2400.71	-542.1186	-607.8574	0.6962544
2400.72	-541.9655	-607.8531	0.6962685
2400.73	-541.8124	-607.8488	0.6962847
2400.74	-541.6592	-607.8445	0.6963029
2400.75	-541.5059	-607.8402	0.6963229
2400.76	-541.3527	-607.8359	0.6963446
2400.77	-541.1993	-607.8315	0.6963682
2400.78	-541.046	-607.8272	0.6963934
2400.79	-540.8925	-607.8229	0.6964201
2400.8	-540.739	-607.8186	0.6964484
2400.81	-540.5854	-607.8143	0.696478
2400.82	-540.4318	-607.8099	0.696509
2400.83	-540.2781	-607.8056	0.6965414
2400.84	-540.1245	-607.8013	0.696575
2400.85	-539.9707	-607.797	0.6966097
2400.86	-539.8169	-607.7927	0.6966457
2400.87	-539.663	-607.7883	0.6966827
2400.88	-539.5091	-607.7841	0.6967208
2400.89	-539.3552	-607.7797	0.6967598
2400.9	-539.2012	-607.7754	0.6967998
2400.91	-539.0471	-607.7711	0.6968407
2400.92	-538.893	-607.7668	0.6968825
2400.93	-538.7388	-607.7625	0.6969252
2400.94	-538.5845	-607.7581	0.6969686
2400.95	-538.4302	-607.7538	0.6970128
2400.96	-538.2759	-607.7495	0.6970578
2400.97	-538.1216	-607.7452	0.6971034
2400.98	-537.9672	-607.7408	0.6971498
2400.99	-537.8127	-607.7366	0.6971968
2401	-537.6581	-607.7323	0.6972443
2401.01	-537.5035	-607.728	0.6972926
2401.02	-537.3489	-607.7238	0.6973413
2401.03	-537.1942	-607.7195	0.6973906
2401.04	-537.0394	-607.7153	0.6974404
2401.05	-536.8846	-607.7111	0.6974908
2401.06	-536.7298	-607.7068	0.6975416
2401.07	-536.5749	-607.7026	0.6975928
2401.08	-536.4199	-607.6984	0.6976445
2401.09	-536.265	-607.6942	0.6976966
2401.1	-536.1099	-607.69	0.6977492
2401.11	-535.9548	-607.6859	0.6978021
2401.12	-535.7997	-607.6816	0.6978554
2401.13	-535.6445	-607.6775	0.6979092
2401.14	-535.4892	-607.6734	0.6979632
2401.15	-535.3339	-607.6693	0.6980175
2401.16	-535.1786	-607.6651	0.6980723
2401.17	-535.0232	-607.661	0.6981272
2401.18	-534.8677	-607.6569	0.6981825
2401.19	-534.7122	-607.6529	0.6982381
2401.2	-534.5566	-607.6488	0.6982939
2401.21	-534.401	-607.6447	0.69835
2401.22	-534.2453	-607.6407	0.6984063
2401.23	-534.0895	-607.6367	0.6984629
2401.24	-533.9338	-607.6327	0.6985197
2401.25	-533.778	-607.6287	0.6985767
2401.26	-533.6221	-607.6248	0.698634
2401.27	-533.4661	-607.6208	0.6986914
2401.28	-533.3102	-607.6169	0.698749
2401.29	-533.1542	-607.613	0.6988068
2401.3	-532.9982	-607.6091	0.6988648
2401.31	-532.8421	-607.6052	0.698923
2401.32	-532.686	-607.6013	0.6989813
2401.33	-532.5299	-607.5975	0.6990398
2401.34	-532.3738	-607.5937	0.6990984
2401.35	-532.2177	-607.5899	0.6991572
2401.36	-532.0615	-607.5861	0.6992161
2401.37	-531.9053	-607.5823	0.6992752
2401.38	-531.7491	-607.5786	0.6993344
2401.39	-531.5929	-607.5749	0.6993938
2401.4	-531.4367	-607.5712	0.6994533
2401.41	-531.2805	-607.5675	0.6995129
2401.42	-531.1242	-607.5638	0.6995726
2401.43	-530.968	-607.5602	0.6996325
2401.44	-530.8117	-607.5566	0.6996925
2401.45	-530.6555	-607.553	0.6997526
2401.46	-530.4992	-607.5494	0.6998129
2401.47	-530.343	-607.5458	0.6998732
2401.48	-530.1867	-607.5424	0.6999336
2401.49	-530.0305	-607.5388	0.6999941
2401.5	-529.8742	-607.5353	0.7000547
2401.51	-529.718	-607.5319	0.7001154
2401.52	-529.5617	-607.5284	0.7001762
2401.53	-529.4055	-607.5251	0.7002371
2401.54	-529.2492	-607.5217	0.7002981
2401.55	-529.093	-607.5182	0.7003591
2401.56	-528.9367	-607.515	0.7004203
2401.57	-528.7805	-607.5116	0.7004814
2401.58	-528.6242	-607.5084	0.7005426
2401.59	-528.468	-607.5051	0.700604
2401.6	-528.3118	-607.5018	0.7006653
2401.61	-528.1556	-607.4986	0.7007267
2401.62	-527.9995	-607.4954	0.7007883
2401.63	-527.8433	-607.4922	0.7008498
2401.64	-527.6871	-607.4891	0.7009115
2401.65	-527.531	-607.4859	0.7009732
2401.66	-527.3749	-607.4828	0.7010348
2401.67	-527.2188	-607.4797	0.7010966
2401.68	-527.0626	-607.4767	0.7011585
2401.69	-526.9066	-607.4737	0.7012203
2401.7	-526.7505	-607.4707	0.701282
2401.71	-526.5944	-607.4677	0.7013437
2401.72	-526.4384	-607.4647	0.7014053
2401.73	-526.2823	-607.4619	0.701467
2401.74	-526.1262	-607.4589	0.7015285
2401.75	-525.9702	-607.4561	0.7015898
2401.76	-525.8141	-607.4532	0.7016512
2401.77	-525.658	-607.4503	0.7017123
2401.78	-525.502	-607.4476	0.7017734
2401.79	-525.3459	-607.4448	0.7018344
2401.8	-525.1899	-607.4421	0.7018953
2401.81	-525.0339	-607.4393	0.701956
2401.82	-524.8779	-607.4366	0.7020167
2401.83	-524.7219	-607.434	0.7020772
2401.84	-524.566	-607.4313	0.7021376
2401.85	-524.41	-607.4287	0.702198
2401.86	-524.2541	-607.4261	0.7022582
2401.87	-524.0981	-607.4235	0.7023184
2401.88	-523.9422	-607.421	0.7023785
2401.89	-523.7863	-607.4184	0.7024386
2401.9	-523.6303	-607.416	0.7024984
2401.91	-523.4744	-607.4135	0.7025583
2401.92	-523.3184	-607.411	0.7026181
2401.93	-523.1625	-607.4086	0.7026778
2401.94	-523.0066	-607.4062	0.7027375
2401.95	-522.8507	-607.4038	0.7027971
2401.96	-522.6948	-607.4015	0.7028566
2401.97	-522.5389	-607.3992	0.702916
2401.98	-522.3831	-607.3969	0.7029755
2401.99	-522.2272	-607.3946	0.7030349
2402	-522.0713	-607.3923	0.7030942
2402.01	-521.9154	-607.3901	0.7031535
2402.02	-521.7595	-607.3879	0.7032126
2402.03	-521.6036	-607.3858	0.7032718
2402.04	-521.4478	-607.3837	0.7033309
2402.05	-521.292	-607.3815	0.70339
2402.06	-521.1362	-607.3795	0.7034491
2402.07	-520.9803	-607.3774	0.7035081
2402.08	-520.8245	-607.3754	0.703567
2402.09	-520.6686	-607.3734	0.7036259
2402.1	-520.5128	-607.3713	0.7036848
2402.11	-520.357	-607.3694	0.7037437
2402.12	-520.2011	-607.3675	0.7038025
2402.13	-520.0452	-607.3656	0.7038612
2402.14	-519.8893	-607.3637	0.70392
2402.15	-519.7335	-607.3618	0.7039787
2402.16	-519.5776	-607.36	0.7040374
2402.17	-519.4217	-607.3582	0.704096
2402.18	-519.2657	-607.3564	0.7041546
2402.19	-519.1099	-607.3547	0.7042131
2402.2	-518.9539	-607.353	0.7042717
2402.21	-518.798	-607.3513	0.7043301
2402.22	-518.642	-607.3496	0.7043887
2402.23	-518.486	-607.348	0.704447
2402.24	-518.33	-607.3464	0.7045055
2402.25	-518.174	-607.3447	0.7045638
2402.26	-518.018	-607.3432	0.7046221
2402.27	-517.8619	-607.3416	0.7046804
2402.28	-517.7059	-607.3401	0.7047387
2402.29	-517.5498	-607.3386	0.704797
2402.3	-517.3937	-607.3372	0.7048552
2402.31	-517.2375	-607.3357	0.7049133
2402.32	-517.0814	-607.3343	0.7049716
2402.33	-516.9252	-607.3329	0.7050297
2402.34	-516.769	-607.3315	0.7050878
2402.35	-516.6127	-607.3302	0.7051459
2402.36	-516.4565	-607.3289	0.705204
2402.37	-516.3002	-607.3276	0.7052621
2402.38	-516.1439	-607.3264	0.70532
2402.39	-515.9875	-607.3251	0.7053781
2402.4	-515.8311	-607.3239	0.705436
2402.41	-515.6747	-607.3227	0.7054939
2402.42	-515.5182	-607.3216	0.7055519
2402.43	-515.3616	-607.3204	0.7056097
2402.44	-515.2051	-607.3193	0.7056676
2402.45	-515.0485	-607.3182	0.7057255
2402.46	-514.8918	-607.3171	0.7057832
2402.47	-514.735	-607.3162	0.7058411
2402.48	-514.5782	-607.3151	0.7058988
2402.49	-514.4214	-607.3141	0.7059566
2402.5	-514.2646	-607.3132	0.7060143
2402.51	-514.1077	-607.3123	0.7060719
2402.52	-513.9506	-607.3114	0.7061296
2402.53	-513.7935	-607.3105	0.7061872
2402.54	-513.6364	-607.3096	0.7062448
2402.55	-513.4792	-607.3088	0.7063024
2402.56	-513.322	-607.308	0.7063599
2402.57	-513.1647	-607.3072	0.7064174
2402.58	-513.0074	-607.3065	0.706475
2402.59	-512.85	-607.3057	0.7065324
2402.6	-512.6925	-607.3051	0.7065899
2402.61	-512.535	-607.3044	0.7066473
2402.62	-512.3774	-607.3037	0.7067047
2402.63	-512.2197	-607.3031	0.7067622
2402.64	-512.062	-607.3025	0.7068196
2402.65	-511.9043	-607.3019	0.7068771
2402.66	-511.7465	-607.3014	0.7069344
2402.67	-511.5886	-607.3008	0.7069918
2402.68	-511.4307	-607.3004	0.7070492
2402.69	-511.2727	-607.2999	0.7071065
2402.7	-511.1147	-607.2994	0.7071639
2402.71	-510.9566	-607.299	0.7072213
2402.72	-510.7985	-607.2986	0.7072787
2402.73	-510.6403	-607.2983	0.7073361
2402.74	-510.482	-607.2979	0.7073934
2402.75	-510.3237	-607.2975	0.7074507
2402.76	-510.1654	-607.2973	0.7075082
2402.77	-510.007	-607.297	0.7075655
2402.78	-509.8485	-607.2968	0.7076229
2402.79	-509.69	-607.2966	0.7076803
2402.8	-509.5314	-607.2964	0.7077377
2402.81	-509.3728	-607.2963	0.7077951
2402.82	-509.2141	-607.2961	0.7078525
2402.83	-509.0553	-607.296	0.7079099
2402.84	-508.8965	-607.2959	0.7079674
2402.85	-508.7376	-607.2958	0.7080247
2402.86	-508.5786	-607.2958	0.7080822
2402.87	-508.4196	-607.2958	0.7081397
2402.88	-508.2606	-607.2958	0.7081971
2402.89	-508.1015	-607.2958	0.7082545
2402.9	-507.9424	-607.2959	0.708312
2402.91	-507.7831	-607.296	0.7083695
2402.92	-507.6239	-607.2961	0.708427
2402.93	-507.4645	-607.2963	0.7084844
2402.94	-507.3052	-607.2964	0.7085419
2402.95	-507.1458	-607.2966	0.7085994
2402.96	-506.9863	-607.2968	0.708657
2402.97	-506.8267	-607.2971	0.7087145
2402.98	-506.6671	-607.2974	0.708772
2402.99	-506.5075	-607.2977	0.7088296
2403	-506.3478	-607.298	0.7088872
2403.01	-506.188	-607.2983	0.7089447
2403.02	-506.0282	-607.2988	0.7090024
2403.03	-505.8683	-607.2991	0.70906
2403.04	-505.7084	-607.2996	0.7091176
2403.05	-505.5484	-607.3	0.7091752
2403.06	-505.3884	-607.3005	0.7092328
2403.07	-505.2283	-607.301	0.7092905
2403.08	-505.0681	-607.3016	0.7093482
2403.09	-504.9079	-607.3021	0.7094058
2403.1	-504.7477	-607.3027	0.7094635
2403.11	-504.5874	-607.3033	0.7095212
2403.12	-504.427	-607.304	0.709579
2403.13	-504.2666	-607.3047	0.7096367
2403.14	-504.1061	-607.3054	0.7096944
2403.15	-503.9456	-607.3061	0.7097523
2403.16	-503.785	-607.3068	0.70981
2403.17	-503.6244	-607.3076	0.7098678
2403.18	-503.4637	-607.3084	0.7099256
2403.19	-503.3029	-607.3092	0.7099834
2403.2	-503.1421	-607.3101	0.7100412
2403.21	-502.9813	-607.311	0.7100991
2403.22	-502.8203	-607.3118	0.7101569
2403.23	-502.6594	-607.3128	0.7102148
2403.24	-502.4984	-607.3137	0.7102727
2403.25	-502.3373	-607.3147	0.7103306
2403.26	-502.1761	-607.3157	0.7103885
2403.27	-502.015	-607.3168	0.7104464
2403.28	-501.8537	-607.3179	0.7105044
2403.29	-501.6924	-607.3189	0.7105623
2403.3	-501.5311	-607.32	0.7106203
2403.31	-501.3697	-607.3212	0.7106783
2403.32	-501.2082	-607.3223	0.7107363
2403.33	-501.0467	-607.3235	0.7107943
2403.34	-500.8851	-607.3248	0.7108523
2403.35	-500.7234	-607.326	0.7109103
2403.36	-500.5618	-607.3273	0.7109684
2403.37	-500.4	-607.3286	0.7110265
2403.38	-500.2382	-607.3298	0.7110845
2403.39	-500.0764	-607.3312	0.7111426
2403.4	-499.9145	-607.3326	0.7112008
2403.41	-499.7525	-607.334	0.7112589
2403.42	-499.5905	-607.3354	0.711317
2403.43	-499.4284	-607.3369	0.7113752
2403.44	-499.2664	-607.3384	0.7114334
2403.45	-499.1042	-607.3399	0.7114915
2403.46	-498.942	-607.3415	0.7115498
2403.47	-498.7798	-607.343	0.7116079
2403.48	-498.6174	-607.3446	0.7116662
2403.49	-498.4551	-607.3463	0.7117245
2403.5	-498.2927	-607.3479	0.7117827
2403.51	-498.1302	-607.3495	0.711841
2403.52	-497.9677	-607.3513	0.7118993
2403.53	-497.8051	-607.353	0.7119576
2403.54	-497.6425	-607.3548	0.7120159
2403.55	-497.4798	-607.3566	0.7120742
2403.56	-497.317	-607.3583	0.7121326
2403.57	-497.1542	-607.3602	0.7121909
2403.58	-496.9913	-607.3621	0.7122493
2403.59	-496.8284	-607.364	0.7123078
2403.6	-496.6654	-607.3659	0.7123661
2403.61	-496.5024	-607.3679	0.7124246
2403.62	-496.3393	-607.3699	0.712483
2403.63	-496.1762	-607.3718	0.7125414
2403.64	-496.013	-607.3739	0.7125999
2403.65	-495.8498	-607.3759	0.7126583
2403.66	-495.6865	-607.378	0.7127169
2403.67	-495.5231	-607.3801	0.7127753
2403.68	-495.3597	-607.3823	0.7128339
2403.69	-495.1963	-607.3845	0.7128925
2403.7	-495.0328	-607.3867	0.712951
2403.71	-494.8692	-607.3889	0.7130096
2403.72	-494.7056	-607.3911	0.7130682
2403.73	-494.542	-607.3934	0.7131268
2403.74	-494.3783	-607.3956	0.7131854
2403.75	-494.2145	-607.398	0.713244
2403.76	-494.0507	-607.4003	0.7133027
2403.77	-493.8868	-607.4028	0.7133613
2403.78	-493.7229	-607.4052	0.71342
2403.79	-493.5589	-607.4076	0.7134787
2403.8	-493.3949	-607.4101	0.7135373
2403.81	-493.2308	-607.4126	0.713596
2403.82	-493.0666	-607.4152	0.7136548
2403.83	-492.9024	-607.4177	0.7137135
2403.84	-492.7382	-607.4202	0.7137723
2403.85	-492.5739	-607.4229	0.7138311
2403.86	-492.4096	-607.4255	0.7138898
2403.87	-492.2452	-607.4282	0.7139486
2403.88	-492.0807	-607.4308	0.7140074
2403.89	-491.9162	-607.4335	0.7140663
2403.9	-491.7517	-607.4363	0.7141251
2403.91	-491.5871	-607.4391	0.714184
2403.92	-491.4224	-607.442	0.7142428
2403.93	-491.2577	-607.4448	0.7143017
2403.94	-491.0929	-607.4476	0.7143607
2403.95	-490.9281	-607.4506	0.7144196
2403.96	-490.7632	-607.4534	0.7144785
2403.97	-490.5982	-607.4564	0.7145374
2403.98	-490.4333	-607.4594	0.7145963
2403.99	-490.2682	-607.4623	0.7146553
2404	-490.1032	-607.4654	0.7147143
2404.01	-489.938	-607.4684	0.7147733
2404.02	-489.7729	-607.4716	0.7148324
2404.03	-489.6076	-607.4747	0.7148913
2404.04	-489.4423	-607.4778	0.7149504
2404.05	-489.2769	-607.481	0.7150095
2404.06	-489.1115	-607.4842	0.7150685
2404.07	-488.9461	-607.4874	0.7151276
2404.08	-488.7805	-607.4907	0.7151867
2404.09	-488.615	-607.494	0.7152458
2404.1	-488.4494	-607.4973	0.715305
2404.11	-488.2838	-607.5006	0.715364
2404.12	-488.1181	-607.504	0.7154232
2404.13	-487.9523	-607.5074	0.7154824
2404.14	-487.7865	-607.5108	0.7155416
2404.15	-487.6206	-607.5143	0.7156008
2404.16	-487.4547	-607.5178	0.71566
2404.17	-487.2887	-607.5212	0.7157192
2404.18	-487.1227	-607.5248	0.7157785
2404.19	-486.9567	-607.5284	0.7158377
2404.2	-486.7906	-607.532	0.715897
2404.21	-486.6244	-607.5356	0.7159563
2404.22	-486.4582	-607.5393	0.7160155
2404.23	-486.2919	-607.543	0.7160748
2404.24	-486.1255	-607.5468	0.7161341
2404.25	-485.9592	-607.5505	0.7161935
2404.26	-485.7927	-607.5543	0.7162529
2404.27	-485.6262	-607.5581	0.7163122
2404.28	-485.4597	-607.562	0.7163715
2404.29	-485.2931	-607.5658	0.716431
2404.3	-485.1265	-607.5697	0.7164904
2404.31	-484.9598	-607.5736	0.7165498
2404.32	-484.7931	-607.5775	0.7166093
2404.33	-484.6263	-607.5815	0.7166687
2404.34	-484.4594	-607.5855	0.7167282
2404.35	-484.2925	-607.5896	0.7167876
2404.36	-484.1256	-607.5936	0.7168472
2404.37	-483.9586	-607.5977	0.7169066
2404.38	-483.7915	-607.6019	0.7169662
2404.39	-483.6245	-607.606	0.7170256
2404.4	-483.4573	-607.6102	0.7170852
2404.41	-483.2901	-607.6144	0.7171447
2404.42	-483.1228	-607.6187	0.7172043
2404.43	-482.9555	-607.623	0.7172639
2404.44	-482.7881	-607.6273	0.7173235
2404.45	-482.6207	-607.6317	0.7173831
2404.46	-482.4533	-607.636	0.7174428
2404.47	-482.2858	-607.6404	0.7175024
2404.48	-482.1182	-607.6448	0.7175621
2404.49	-481.9506	-607.6493	0.7176217
2404.5	-481.7829	-607.6538	0.7176814
2404.51	-481.6152	-607.6583	0.7177411
2404.52	-481.4474	-607.6628	0.7178008
2404.53	-481.2796	-607.6675	0.7178606
2404.54	-481.1118	-607.6721	0.7179198
2404.55	-480.9439	-607.6767	0.7179785
2404.56	-480.7759	-607.6813	0.7180367
2404.57	-480.6079	-607.686	0.7180946
2404.58	-480.4398	-607.6907	0.718152
2404.59	-480.2717	-607.6954	0.7182075
2404.6	-480.1035	-607.7003	0.7182611
2404.61	-479.9353	-607.705	0.718313
2404.62	-479.7671	-607.7098	0.7183631
2404.63	-479.5988	-607.7147	0.7184116
2404.64	-479.4304	-607.7195	0.7184559
2404.65	-479.262	-607.7243	0.718496
2404.66	-479.0935	-607.7292	0.7185323
2404.67	-478.925	-607.7341	0.7185649
2404.68	-478.7564	-607.739	0.718594
2404.69	-478.5878	-607.7439	0.7186168
2404.7	-478.4191	-607.7488	0.7186339
2404.71	-478.2504	-607.7537	0.7186456
2404.72	-478.0816	-607.7587	0.7186519
2404.73	-477.9128	-607.7636	0.7186531
2404.74	-477.7439	-607.7686	0.7186466
2404.75	-477.575	-607.7735	0.7186328
2404.76	-477.406	-607.7784	0.7186122
2404.77	-477.237	-607.7834	0.7185847
2404.78	-477.0679	-607.7883	0.7185509
2404.79	-476.8987	-607.7932	0.7185094
2404.8	-476.7296	-607.7982	0.7184606
2404.81	-476.5603	-607.8031	0.7184048
2404.82	-476.391	-607.808	0.7183423
2404.83	-476.2216	-607.8129	0.7182735
2404.84	-476.0523	-607.8177	0.7181981
2404.85	-475.8828	-607.8226	0.7181168
2404.86	-475.7133	-607.8274	0.7180296
2404.87	-475.5438	-607.8322	0.7179368
2404.88	-475.3742	-607.8371	0.7178386
2404.89	-475.2046	-607.8419	0.7177351
2404.9	-475.0349	-607.8466	0.7176268
2404.91	-474.8651	-607.8514	0.7175135
2404.92	-474.6953	-607.8562	0.7173957
2404.93	-474.5255	-607.8609	0.7172734
2404.94	-474.3556	-607.8656	0.7171469
2404.95	-474.1856	-607.8703	0.7170163
2404.96	-474.0156	-607.8749	0.7168817
2404.97	-473.8455	-607.8796	0.7167433
2404.98	-473.6754	-607.8842	0.7166013
2404.99	-473.5053	-607.8887	0.7164558
2405	-473.3351	-607.8932	0.7163069
2405.01	-473.1648	-607.8978	0.7161547
2405.02	-472.9945	-607.9022	0.7159994
2405.03	-472.8241	-607.9067	0.7158411
2405.04	-472.6537	-607.9111	0.7156799
2405.05	-472.4832	-607.9155	0.7155159
2405.06	-472.3127	-607.9198	0.7153493
2405.07	-472.1422	-607.9241	0.71518
2405.08	-471.9715	-607.9283	0.7150084
2405.09	-471.8009	-607.9326	0.7148343
2405.1	-471.6302	-607.9366	0.714658
2405.11	-471.4594	-607.9408	0.7144795
2405.12	-471.2885	-607.9449	0.7142987
2405.13	-471.1176	-607.9489	0.7141161
2405.14	-470.9467	-607.9529	0.7139314
2405.15	-470.7758	-607.9567	0.7137449
2405.16	-470.6048	-607.9606	0.7135565
2405.17	-470.4337	-607.9645	0.7133664
2405.18	-470.2625	-607.9682	0.7131746
2405.19	-470.0913	-607.9719	0.7129812
2405.2	-469.9201	-607.9756	0.7127863
2405.21	-469.7488	-607.9792	0.7125899
2405.22	-469.5775	-607.9827	0.712392
2405.23	-469.4061	-607.9861	0.7121928
2405.24	-469.2346	-607.9896	0.7119923
2405.25	-469.0631	-607.9929	0.7117904
2405.26	-468.8916	-607.9962	0.7115873
2405.27	-468.72	-607.9993	0.711383
2405.28	-468.5483	-608.0025	0.7111776
2405.29	-468.3767	-608.0056	0.7109713
2405.3	-468.205	-608.0085	0.7107639
2405.31	-468.0332	-608.0114	0.7105557
2405.32	-467.8613	-608.0143	0.7103466
