948.41	-651.4803	-607.4898	0.7155815
948.42	-651.3428	-607.493	0.7155943
948.43	-651.2054	-607.4963	0.7156059
948.44	-651.0679	-607.4995	0.7156166
948.45	-650.9305	-607.5027	0.7156264
948.46	-650.793	-607.506	0.7156351
948.47	-650.6556	-607.5092	0.7156417
948.48	-650.5182	-607.5125	0.7156464
948.49	-650.3809	-607.5157	0.7156491
948.5	-650.2435	-607.5189	0.71565
948.5099	-650.1061	-607.5222	0.7156491
948.52	-649.9688	-607.5254	0.715645
948.53	-649.8314	-607.5286	0.715638
948.54	-649.6941	-607.5319	0.715628
948.55	-649.5568	-607.535	0.7156153
948.56	-649.4196	-607.5382	0.7156
948.57	-649.2823	-607.5414	0.7155812
948.58	-649.1451	-607.5445	0.7155595
948.59	-649.0079	-607.5477	0.7155346
948.6	-648.8707	-607.5508	0.7155069
948.61	-648.7335	-607.554	0.7154766
948.62	-648.5963	-607.5572	0.7154436
948.63	-648.4592	-607.5603	0.7154081
948.64	-648.322	-607.5634	0.7153702
948.65	-648.1849	-607.5665	0.7153301
948.66	-648.0477	-607.5696	0.7152879
948.67	-647.9106	-607.5727	0.7152435
948.68	-647.7735	-607.5758	0.7151972
948.69	-647.6364	-607.5789	0.7151492
948.7	-647.4993	-607.5819	0.7150993
948.71	-647.3622	-607.585	0.7150477
948.72	-647.2252	-607.588	0.7149945
948.73	-647.0882	-607.591	0.7149398
948.74	-646.9512	-607.5941	0.7148836
948.75	-646.8141	-607.597	0.714826
948.7599	-646.6771	-607.6	0.7147672
948.77	-646.5402	-607.603	0.7147071
948.78	-646.4032	-607.6059	0.7146459
948.79	-646.2662	-607.6089	0.7145833
948.8	-646.1293	-607.6118	0.7145199
948.81	-645.9923	-607.6147	0.7144554
948.82	-645.8554	-607.6176	0.7143899
948.83	-645.7185	-607.6205	0.7143234
948.84	-645.5816	-607.6234	0.7142561
948.85	-645.4447	-607.6262	0.7141879
948.86	-645.3078	-607.629	0.714119
948.87	-645.171	-607.6318	0.7140492
948.88	-645.0341	-607.6346	0.7139788
948.89	-644.8973	-607.6373	0.7139077
948.9	-644.7604	-607.6401	0.7138358
948.91	-644.6236	-607.6428	0.7137634
948.92	-644.4868	-607.6456	0.7136904
948.93	-644.35	-607.6483	0.7136168
948.94	-644.2133	-607.6509	0.7135426
948.95	-644.0765	-607.6536	0.713468
948.96	-643.9397	-607.6563	0.7133929
948.97	-643.803	-607.6588	0.7133173
948.98	-643.6663	-607.6614	0.7132412
948.99	-643.5295	-607.664	0.7131648
949	-643.3928	-607.6666	0.7130879
949.0099	-643.2561	-607.6691	0.7130107
949.02	-643.1194	-607.6716	0.7129331
949.03	-642.9828	-607.674	0.7128551
949.04	-642.8461	-607.6765	0.7127768
949.05	-642.7095	-607.6789	0.7126982
949.06	-642.5728	-607.6813	0.7126194
949.07	-642.4362	-607.6837	0.7125401
949.08	-642.2996	-607.686	0.7124607
949.09	-642.163	-607.6884	0.7123809
949.1	-642.0264	-607.6907	0.712301
949.11	-641.8898	-607.6929	0.7122206
949.12	-641.7533	-607.6952	0.7121398
949.13	-641.6168	-607.6974	0.7120582
949.14	-641.4802	-607.6995	0.711976
949.15	-641.3437	-607.7017	0.7118931
949.16	-641.2072	-607.7039	0.7118099
949.17	-641.0707	-607.706	0.7117253
949.18	-640.9342	-607.7081	0.7116394
949.19	-640.7977	-607.7101	0.7115524
949.2	-640.6613	-607.7122	0.7114642
949.21	-640.5248	-607.7141	0.7113751
949.22	-640.3883	-607.7161	0.7112849
949.23	-640.2519	-607.718	0.7111934
949.24	-640.1155	-607.7199	0.7111006
949.25	-639.9791	-607.7217	0.7110065
949.2599	-639.8427	-607.7235	0.7109114
949.27	-639.7063	-607.7253	0.7108151
949.28	-639.5699	-607.7271	0.7107178
949.29	-639.4336	-607.7288	0.7106195
949.3	-639.2972	-607.7305	0.7105203
949.31	-639.1609	-607.7321	0.7104201
949.32	-639.0246	-607.7337	0.7103191
949.33	-638.8883	-607.7354	0.7102172
949.34	-638.752	-607.7369	0.7101146
949.35	-638.6157	-607.7383	0.7100113
949.36	-638.4794	-607.7399	0.7099073
949.37	-638.3432	-607.7413	0.7098026
949.38	-638.207	-607.7427	0.7096974
949.39	-638.0707	-607.7441	0.7095914
949.4	-637.9345	-607.7454	0.709485
949.41	-637.7983	-607.7466	0.7093779
949.42	-637.6621	-607.7479	0.7092705
949.43	-637.5259	-607.7491	0.7091627
949.44	-637.3898	-607.7503	0.7090545
949.45	-637.2536	-607.7514	0.7089459
949.46	-637.1174	-607.7526	0.708837
949.47	-636.9813	-607.7536	0.7087284
949.48	-636.8452	-607.7546	0.70862
949.49	-636.7091	-607.7556	0.7085117
949.5	-636.573	-607.7567	0.7084038
949.5099	-636.4369	-607.7576	0.7082959
949.52	-636.3008	-607.7584	0.7081881
949.53	-636.1647	-607.7593	0.7080817
949.54	-636.0287	-607.7601	0.7079765
949.55	-635.8926	-607.7609	0.7078723
949.56	-635.7566	-607.7617	0.7077694
949.57	-635.6205	-607.7624	0.7076674
949.58	-635.4846	-607.7631	0.7075672
949.59	-635.3486	-607.7637	0.7074686
949.6	-635.2126	-607.7643	0.7073716
949.61	-635.0766	-607.7649	0.7072761
949.62	-634.9407	-607.7655	0.7071826
949.63	-634.8047	-607.766	0.7070912
949.64	-634.6688	-607.7665	0.7070014
949.65	-634.5329	-607.767	0.7069137
949.66	-634.397	-607.7674	0.7068274
949.67	-634.2611	-607.7678	0.7067437
949.68	-634.1252	-607.7682	0.7066621
949.69	-633.9894	-607.7686	0.7065826
949.7	-633.8535	-607.7689	0.7065052
949.71	-633.7177	-607.7692	0.7064297
949.72	-633.5819	-607.7694	0.7063568
949.73	-633.4461	-607.7697	0.7062864
949.74	-633.3104	-607.7698	0.7062184
949.75	-633.1746	-607.77	0.7061526
949.7599	-633.0389	-607.7701	0.7060888
949.77	-632.9031	-607.7703	0.7060271
949.78	-632.7675	-607.7703	0.7059678
949.79	-632.6318	-607.7704	0.7059109
949.8	-632.4961	-607.7705	0.7058561
949.81	-632.3604	-607.7705	0.7058035
949.82	-632.2248	-607.7705	0.705753
949.83	-632.0892	-607.7705	0.7057045
949.84	-631.9536	-607.7704	0.705658
949.85	-631.8179	-607.7704	0.7056131
949.86	-631.6823	-607.7703	0.7055702
949.87	-631.5468	-607.7702	0.7055287
949.88	-631.4112	-607.77	0.7054889
949.89	-631.2756	-607.7699	0.7054506
949.9	-631.1401	-607.7697	0.7054136
949.91	-631.0046	-607.7695	0.705378
949.92	-630.8691	-607.7693	0.7053436
949.93	-630.7336	-607.769	0.7053104
949.94	-630.5981	-607.7688	0.7052784
949.95	-630.4627	-607.7686	0.7052475
949.96	-630.3273	-607.7682	0.7052175
949.97	-630.1919	-607.7679	0.7051885
949.98	-630.0565	-607.7676	0.7051605
949.99	-629.9211	-607.7672	0.7051334
950	-629.7858	-607.7668	0.7051072
950.0099	-629.6504	-607.7665	0.7050816
950.02	-629.5151	-607.766	0.705057
950.03	-629.3798	-607.7656	0.7050331
950.04	-629.2444	-607.7651	0.7050101
950.05	-629.1091	-607.7647	0.7049876
950.06	-628.9738	-607.7642	0.7049659
950.07	-628.8386	-607.7637	0.7049452
950.08	-628.7033	-607.7632	0.7049254
950.09	-628.5681	-607.7627	0.7049065
950.1	-628.4329	-607.7621	0.7048884
950.11	-628.2977	-607.7616	0.7048711
950.12	-628.1625	-607.761	0.704855
950.13	-628.0273	-607.7605	0.7048399
950.14	-627.8922	-607.7599	0.7048259
950.15	-627.757	-607.7593	0.7048129
950.16	-627.6219	-607.7587	0.7048008
950.17	-627.4868	-607.7581	0.70479
950.18	-627.3517	-607.7575	0.7047805
950.19	-627.2167	-607.7569	0.704772
950.2	-627.0816	-607.7562	0.7047647
950.21	-626.9465	-607.7556	0.7047585
950.22	-626.8115	-607.7549	0.7047536
950.23	-626.6765	-607.7542	0.7047501
950.24	-626.5415	-607.7535	0.7047477
950.25	-626.4065	-607.7529	0.7047466
950.2599	-626.2715	-607.7522	0.7047466
950.27	-626.1365	-607.7515	0.7047477
950.28	-626.0016	-607.7509	0.7047502
950.29	-625.8666	-607.7502	0.7047539
950.3	-625.7318	-607.7495	0.7047587
950.31	-625.5969	-607.7488	0.7047648
950.32	-625.462	-607.7481	0.7047719
950.33	-625.3271	-607.7474	0.70478
950.34	-625.1923	-607.7466	0.7047892
950.35	-625.0575	-607.7459	0.7047993
950.36	-624.9227	-607.7452	0.7048102
950.37	-624.7879	-607.7444	0.704822
950.38	-624.6531	-607.7437	0.7048346
950.39	-624.5184	-607.743	0.7048481
950.4	-624.3836	-607.7422	0.7048621
950.41	-624.2488	-607.7415	0.7048769
950.42	-624.1141	-607.7408	0.7048924
950.43	-623.9794	-607.7401	0.7049084
950.44	-623.8447	-607.7394	0.7049251
950.45	-623.71	-607.7386	0.7049425
950.46	-623.5753	-607.7379	0.7049603
950.47	-623.4407	-607.7372	0.7049786
950.48	-623.306	-607.7365	0.7049974
950.49	-623.1714	-607.7357	0.7050166
950.5	-623.0368	-607.735	0.7050362
950.5099	-622.9022	-607.7343	0.7050564
950.52	-622.7676	-607.7336	0.7050769
950.53	-622.6331	-607.7328	0.7050977
950.54	-622.4986	-607.7321	0.705119
950.55	-622.3641	-607.7314	0.7051406
950.56	-622.2296	-607.7307	0.7051625
950.57	-622.0951	-607.7299	0.7051847
950.58	-621.9606	-607.7292	0.7052073
950.59	-621.8262	-607.7285	0.7052301
950.6	-621.6917	-607.7278	0.7052531
950.61	-621.5573	-607.7271	0.7052765
950.62	-621.4229	-607.7264	0.7053
950.63	-621.2885	-607.7258	0.7053238
950.64	-621.1541	-607.7251	0.7053478
950.65	-621.0197	-607.7245	0.7053721
950.66	-620.8853	-607.7238	0.7053965
950.67	-620.7509	-607.7231	0.7054212
950.68	-620.6166	-607.7225	0.7054459
950.69	-620.4822	-607.7218	0.7054709
950.7	-620.348	-607.7211	0.705496
950.71	-620.2137	-607.7205	0.7055213
950.72	-620.0794	-607.7198	0.7055467
950.73	-619.9452	-607.7192	0.7055724
950.74	-619.811	-607.7186	0.7055981
950.75	-619.6768	-607.718	0.7056239
950.7599	-619.5425	-607.7174	0.7056499
950.77	-619.4084	-607.7169	0.7056759
950.78	-619.2742	-607.7162	0.7057021
950.79	-619.1401	-607.7156	0.7057284
950.8	-619.0059	-607.715	0.7057547
950.81	-618.8718	-607.7144	0.7057811
950.82	-618.7377	-607.7139	0.7058076
950.83	-618.6036	-607.7134	0.7058343
950.84	-618.4695	-607.7128	0.705861
950.85	-618.3354	-607.7123	0.7058878
950.86	-618.2013	-607.7117	0.7059146
950.87	-618.0673	-607.7112	0.7059415
950.88	-617.9332	-607.7106	0.7059685
950.89	-617.7992	-607.7101	0.7059956
950.9	-617.6652	-607.7097	0.7060227
950.91	-617.5313	-607.7092	0.7060498
950.92	-617.3973	-607.7087	0.706077
950.93	-617.2633	-607.7082	0.7061043
950.94	-617.1294	-607.7078	0.7061316
950.95	-616.9955	-607.7073	0.706159
950.96	-616.8616	-607.7068	0.7061864
950.97	-616.7277	-607.7064	0.7062138
950.98	-616.5939	-607.7059	0.7062412
950.99	-616.46	-607.7055	0.7062687
951	-616.3262	-607.7051	0.7062963
951.0099	-616.1923	-607.7047	0.7063239
951.02	-616.0585	-607.7043	0.7063514
951.03	-615.9247	-607.7039	0.7063788
951.04	-615.791	-607.7035	0.7064063
951.05	-615.6572	-607.7032	0.7064337
951.06	-615.5234	-607.7028	0.7064611
951.07	-615.3896	-607.7025	0.7064882
951.08	-615.2559	-607.7021	0.706515
951.09	-615.1222	-607.7017	0.7065414
951.1	-614.9885	-607.7014	0.7065675
951.11	-614.8549	-607.7011	0.7065935
951.12	-614.7212	-607.7008	0.7066183
951.13	-614.5875	-607.7005	0.706642
951.14	-614.4539	-607.7002	0.7066647
951.15	-614.3203	-607.6999	0.7066866
951.16	-614.1867	-607.6996	0.7067075
951.17	-614.0532	-607.6993	0.7067267
951.18	-613.9196	-607.699	0.706744
951.19	-613.7861	-607.6987	0.7067596
951.2	-613.6525	-607.6984	0.7067737
951.21	-613.519	-607.6981	0.7067862
951.22	-613.3855	-607.6978	0.7067965
951.23	-613.252	-607.6976	0.7068047
951.24	-613.1185	-607.6973	0.706811
951.25	-612.985	-607.6971	0.7068154
951.2599	-612.8516	-607.6968	0.706818
951.27	-612.7181	-607.6966	0.7068188
951.28	-612.5847	-607.6964	0.7068179
951.29	-612.4513	-607.6961	0.7068154
951.3	-612.3179	-607.6959	0.7068114
951.31	-612.1846	-607.6956	0.7068059
951.32	-612.0512	-607.6954	0.706799
951.33	-611.9178	-607.6951	0.7067909
951.34	-611.7845	-607.6949	0.7067814
951.35	-611.6512	-607.6946	0.7067708
951.36	-611.5179	-607.6944	0.706759
951.37	-611.3847	-607.6942	0.7067462
951.38	-611.2515	-607.6939	0.7067324
951.39	-611.1182	-607.6936	0.7067176
951.4	-610.985	-607.6934	0.7067019
951.41	-610.8517	-607.6931	0.7066853
951.42	-610.7186	-607.6929	0.706668
951.43	-610.5854	-607.6926	0.7066497
951.44	-610.4522	-607.6924	0.7066308
951.45	-610.319	-607.6921	0.706611
951.46	-610.1858	-607.6919	0.7065905
951.47	-610.0526	-607.6916	0.7065694
951.48	-609.9194	-607.6913	0.7065477
951.49	-609.7861	-607.6911	0.7065253
951.5	-609.6528	-607.6909	0.7065023
951.5099	-609.5195	-607.6906	0.7064787
951.52	-609.3862	-607.6903	0.7064545
951.53	-609.2529	-607.69	0.7064298
951.54	-609.1194	-607.6896	0.7064046
951.55	-608.986	-607.6893	0.7063788
951.56	-608.8524	-607.689	0.7063525
951.57	-608.7189	-607.6887	0.7063258
951.58	-608.5853	-607.6884	0.7062986
951.59	-608.4516	-607.688	0.706271
951.6	-608.3179	-607.6877	0.7062429
951.61	-608.1841	-607.6874	0.7062145
951.62	-608.0502	-607.6871	0.7061856
951.63	-607.9163	-607.6868	0.7061564
951.64	-607.7823	-607.6865	0.7061269
951.65	-607.6483	-607.686	0.706097
951.66	-607.5142	-607.6857	0.7060668
951.67	-607.3801	-607.6853	0.7060363
951.68	-607.2458	-607.6849	0.7060055
951.69	-607.1116	-607.6845	0.7059743
951.7	-606.9772	-607.6841	0.705943
951.71	-606.8428	-607.6838	0.7059114
951.72	-606.7084	-607.6834	0.7058796
951.73	-606.5739	-607.683	0.7058474
951.74	-606.4393	-607.6825	0.7058151
951.75	-606.3046	-607.6821	0.7057826
951.7599	-606.1699	-607.6816	0.7057499
951.77	-606.0352	-607.6812	0.705717
951.78	-605.9003	-607.6808	0.7056839
951.79	-605.7654	-607.6803	0.7056506
951.8	-605.6305	-607.6798	0.7056172
951.81	-605.4954	-607.6793	0.7055836
951.82	-605.3604	-607.6788	0.7055498
951.83	-605.2252	-607.6783	0.7055159
951.84	-605.0899	-607.6778	0.7054818
951.85	-604.9546	-607.6773	0.7054476
951.86	-604.8192	-607.6768	0.7054132
951.87	-604.6838	-607.6762	0.7053788
951.88	-604.5483	-607.6756	0.7053441
951.89	-604.4127	-607.675	0.7053094
951.9	-604.277	-607.6745	0.7052746
951.91	-604.1412	-607.674	0.7052395
951.92	-604.0054	-607.6733	0.7052044
951.93	-603.8695	-607.6727	0.7051693
951.94	-603.7335	-607.6721	0.7051339
951.95	-603.5975	-607.6714	0.7050985
951.96	-603.4613	-607.6708	0.7050629
951.97	-603.3251	-607.6701	0.7050273
951.98	-603.1888	-607.6694	0.7049916
951.99	-603.0524	-607.6688	0.7049558
952	-602.916	-607.6681	0.7049199
952.0099	-602.7794	-607.6674	0.7048839
952.02	-602.6428	-607.6666	0.7048479
952.03	-602.5062	-607.6659	0.7048118
952.04	-602.3694	-607.6652	0.7047756
952.05	-602.2325	-607.6644	0.7047393
952.06	-602.0956	-607.6636	0.704703
952.07	-601.9587	-607.6628	0.7046667
952.08	-601.8216	-607.662	0.7046303
952.09	-601.6844	-607.6612	0.7045937
952.1	-601.5472	-607.6604	0.7045571
952.11	-601.4099	-607.6596	0.7045205
952.12	-601.2725	-607.6588	0.7044838
952.13	-601.1351	-607.6578	0.704447
952.14	-600.9976	-607.657	0.7044103
952.15	-600.8599	-607.6561	0.7043734
952.16	-600.7222	-607.6552	0.7043365
952.17	-600.5845	-607.6542	0.7042996
952.18	-600.4467	-607.6533	0.7042626
952.19	-600.3087	-607.6524	0.7042255
952.2	-600.1707	-607.6515	0.7041884
952.21	-600.0327	-607.6505	0.7041513
952.22	-599.8945	-607.6495	0.7041141
952.23	-599.7563	-607.6485	0.7040769
952.24	-599.618	-607.6475	0.7040396
952.25	-599.4796	-607.6464	0.7040023
952.2599	-599.3411	-607.6454	0.703965
952.27	-599.2026	-607.6443	0.7039277
952.28	-599.064	-607.6433	0.7038903
952.29	-598.9253	-607.6422	0.7038528
952.3	-598.7865	-607.6411	0.7038154
952.31	-598.6476	-607.64	0.7037779
952.32	-598.5087	-607.6389	0.7037404
952.33	-598.3698	-607.6378	0.7037028
952.34	-598.2307	-607.6366	0.7036652
952.35	-598.0915	-607.6354	0.7036276
952.36	-597.9523	-607.6343	0.7035899
952.37	-597.8129	-607.6331	0.7035522
952.38	-597.6736	-607.6318	0.7035145
952.39	-597.5341	-607.6306	0.7034767
952.4	-597.3946	-607.6294	0.7034389
952.41	-597.255	-607.6281	0.7034011
952.42	-597.1154	-607.6268	0.7033633
952.43	-596.9756	-607.6255	0.7033255
952.44	-596.8358	-607.6243	0.7032875
952.45	-596.6959	-607.6229	0.7032496
952.46	-596.5558	-607.6216	0.7032117
952.47	-596.4158	-607.6202	0.7031737
952.48	-596.2757	-607.6189	0.7031357
952.49	-596.1355	-607.6175	0.7030976
952.5	-595.9952	-607.6161	0.7030596
952.5099	-595.8548	-607.6147	0.7030216
952.52	-595.7144	-607.6133	0.7029834
952.53	-595.5739	-607.6118	0.7029454
952.54	-595.4333	-607.6104	0.7029072
952.55	-595.2926	-607.6089	0.7028691
952.56	-595.1519	-607.6074	0.7028308
952.57	-595.011	-607.6059	0.7027926
952.58	-594.8702	-607.6044	0.7027543
952.59	-594.7292	-607.6028	0.7027161
952.6	-594.5881	-607.6013	0.7026778
952.61	-594.447	-607.5997	0.7026395
952.62	-594.3058	-607.5981	0.7026011
952.63	-594.1646	-607.5966	0.7025627
952.64	-594.0232	-607.595	0.7025244
952.65	-593.8818	-607.5933	0.7024859
952.66	-593.7403	-607.5917	0.7024475
952.67	-593.5988	-607.59	0.702409
952.68	-593.4572	-607.5884	0.7023706
952.69	-593.3154	-607.5867	0.702332
952.7	-593.1736	-607.585	0.7022936
952.71	-593.0318	-607.5833	0.702255
952.72	-592.8899	-607.5815	0.7022164
952.73	-592.7479	-607.5798	0.7021778
952.74	-592.6058	-607.578	0.7021393
952.75	-592.4636	-607.5762	0.7021006
952.7599	-592.3214	-607.5745	0.702062
952.77	-592.1791	-607.5726	0.7020233
952.78	-592.0367	-607.5708	0.7019846
952.79	-591.8943	-607.569	0.7019459
952.8	-591.7518	-607.5671	0.7019071
952.81	-591.6091	-607.5652	0.7018684
952.82	-591.4665	-607.5634	0.7018297
952.83	-591.3237	-607.5615	0.7017908
952.84	-591.1809	-607.5596	0.701752
952.85	-591.038	-607.5576	0.7017131
952.86	-590.895	-607.5557	0.7016743
952.87	-590.752	-607.5537	0.7016354
952.88	-590.6089	-607.5518	0.7015966
952.89	-590.4657	-607.5497	0.7015578
952.9	-590.3224	-607.5477	0.7015191
952.91	-590.1791	-607.5457	0.7014803
952.92	-590.0357	-607.5436	0.7014416
952.93	-589.8922	-607.5415	0.7014029
952.94	-589.7487	-607.5394	0.7013645
952.95	-589.605	-607.5374	0.7013259
952.96	-589.4613	-607.5353	0.7012874
952.97	-589.3176	-607.5331	0.7012492
952.98	-589.1737	-607.5309	0.7012113
952.99	-589.0298	-607.5288	0.7011735
953	-588.8858	-607.5267	0.7011359
953.0099	-588.7417	-607.5244	0.7010985
953.02	-588.5976	-607.5222	0.7010614
953.03	-588.4534	-607.52	0.7010247
953.04	-588.3091	-607.5178	0.7009882
953.05	-588.1647	-607.5155	0.700952
953.06	-588.0203	-607.5132	0.7009162
953.07	-587.8758	-607.511	0.7008806
953.08	-587.7312	-607.5087	0.7008453
953.09	-587.5865	-607.5063	0.7008103
953.1	-587.4418	-607.504	0.7007756
953.11	-587.2971	-607.5017	0.7007411
953.12	-587.1522	-607.4994	0.7007068
953.13	-587.0073	-607.497	0.7006728
953.14	-586.8622	-607.4946	0.700639
953.15	-586.7172	-607.4922	0.7006055
953.16	-586.572	-607.4898	0.700572
953.17	-586.4268	-607.4874	0.7005388
953.18	-586.2816	-607.4849	0.7005057
953.19	-586.1362	-607.4824	0.7004728
953.2	-585.9907	-607.48	0.70044
953.21	-585.8452	-607.4775	0.7004074
953.22	-585.6996	-607.475	0.700375
953.23	-585.554	-607.4724	0.7003427
953.24	-585.4083	-607.4699	0.7003105
953.25	-585.2625	-607.4673	0.7002783
953.2599	-585.1166	-607.4648	0.7002464
953.27	-584.9706	-607.4622	0.7002145
953.28	-584.8246	-607.4596	0.7001829
953.29	-584.6786	-607.457	0.7001513
953.3	-584.5324	-607.4543	0.7001197
953.31	-584.3862	-607.4517	0.7000883
953.32	-584.2399	-607.449	0.7000575
953.33	-584.0935	-607.4464	0.700027
953.34	-583.9471	-607.4437	0.6999969
953.35	-583.8005	-607.441	0.6999673
953.36	-583.6539	-607.4383	0.699938
953.37	-583.5073	-607.4356	0.6999099
953.38	-583.3605	-607.4328	0.6998829
953.39	-583.2137	-607.4301	0.6998569
953.4	-583.0669	-607.4273	0.699832
953.41	-582.9199	-607.4246	0.699808
953.42	-582.7729	-607.4218	0.6997859
953.43	-582.6259	-607.419	0.6997657
953.44	-582.4787	-607.4161	0.6997473
953.45	-582.3315	-607.4133	0.6997304
953.46	-582.1842	-607.4105	0.6997151
953.47	-582.0369	-607.4077	0.6997026
953.48	-581.8895	-607.4049	0.6996925
953.49	-581.7419	-607.4021	0.6996848
953.5	-581.5944	-607.3993	0.6996794
953.5099	-581.4467	-607.3965	0.6996762
953.52	-581.299	-607.3937	0.6996758
953.53	-581.1512	-607.3908	0.6996779
953.54	-581.0034	-607.3879	0.6996825
953.55	-580.8554	-607.3851	0.6996896
953.56	-580.7074	-607.3822	0.6996988
953.57	-580.5593	-607.3793	0.6997102
953.58	-580.4112	-607.3765	0.6997238
953.59	-580.263	-607.3736	0.6997393
953.6	-580.1147	-607.3707	0.6997566
953.61	-579.9663	-607.3679	0.6997759
953.62	-579.8179	-607.3651	0.6997969
953.63	-579.6694	-607.3622	0.6998194
953.64	-579.5208	-607.3593	0.6998436
953.65	-579.3722	-607.3564	0.6998693
953.66	-579.2234	-607.3536	0.6998965
953.67	-579.0747	-607.3508	0.6999249
953.68	-578.9258	-607.3479	0.6999547
953.69	-578.7769	-607.345	0.6999859
953.7	-578.6279	-607.3422	0.7000181
953.71	-578.4789	-607.3393	0.7000515
953.72	-578.3298	-607.3365	0.700086
953.73	-578.1806	-607.3336	0.7001215
953.74	-578.0313	-607.3307	0.7001581
953.75	-577.882	-607.3279	0.7001956
953.7599	-577.7325	-607.3251	0.700234
953.77	-577.5831	-607.3223	0.7002733
953.78	-577.4335	-607.3195	0.7003134
953.79	-577.2839	-607.3167	0.7003543
953.8	-577.1342	-607.3139	0.7003959
953.81	-576.9844	-607.3111	0.7004384
953.82	-576.8347	-607.3083	0.7004815
953.83	-576.6848	-607.3055	0.7005252
953.84	-576.5348	-607.3027	0.7005696
953.85	-576.3848	-607.2999	0.7006146
953.86	-576.2347	-607.2971	0.7006602
953.87	-576.0845	-607.2944	0.7007064
953.88	-575.9343	-607.2917	0.7007531
953.89	-575.784	-607.2889	0.7008002
953.9	-575.6336	-607.2863	0.7008479
953.91	-575.4832	-607.2835	0.7008961
953.92	-575.3326	-607.2808	0.7009447
953.93	-575.1821	-607.2781	0.7009937
953.94	-575.0314	-607.2755	0.7010431
953.95	-574.8807	-607.2728	0.701093
953.96	-574.7299	-607.2701	0.7011431
953.97	-574.579	-607.2675	0.7011937
953.98	-574.4281	-607.2648	0.7012447
953.99	-574.2771	-607.2623	0.7012959
954	-574.126	-607.2596	0.7013474
954.0099	-573.9749	-607.257	0.7013991
954.02	-573.8237	-607.2545	0.7014513
954.03	-573.6725	-607.2519	0.7015038
954.04	-573.5211	-607.2493	0.7015563
954.05	-573.3697	-607.2468	0.7016093
954.06	-573.2182	-607.2443	0.7016624
954.07	-573.0667	-607.2418	0.7017158
954.08	-572.915	-607.2393	0.7017694
954.09	-572.7634	-607.2368	0.7018233
954.1	-572.6116	-607.2343	0.7018772
954.11	-572.4598	-607.2319	0.7019315
954.12	-572.3079	-607.2295	0.7019858
954.13	-572.1559	-607.2271	0.7020402
954.14	-572.0039	-607.2247	0.7020947
954.15	-571.8518	-607.2223	0.7021493
954.16	-571.6996	-607.22	0.7022039
954.17	-571.5474	-607.2176	0.7022586
954.18	-571.3951	-607.2152	0.702313
954.19	-571.2428	-607.213	0.7023675
954.2	-571.0903	-607.2106	0.7024219
954.21	-570.9378	-607.2083	0.7024762
954.22	-570.7852	-607.2061	0.7025304
954.23	-570.6326	-607.2039	0.7025845
954.24	-570.4799	-607.2016	0.7026382
954.25	-570.3271	-607.1994	0.7026917
954.2599	-570.1743	-607.1972	0.7027451
954.27	-570.0214	-607.195	0.7027977
954.28	-569.8684	-607.1929	0.7028497
954.29	-569.7153	-607.1907	0.7029011
954.3	-569.5622	-607.1887	0.7029518
954.31	-569.409	-607.1865	0.7030021
954.32	-569.2557	-607.1844	0.7030506
954.33	-569.1024	-607.1823	0.7030974
954.34	-568.949	-607.1803	0.7031426
954.35	-568.7956	-607.1782	0.7031864
954.36	-568.6421	-607.1761	0.7032287
954.37	-568.4885	-607.1742	0.7032687
954.38	-568.3349	-607.1722	0.7033065
954.39	-568.1812	-607.1702	0.703342
954.4	-568.0273	-607.1682	0.7033756
954.41	-567.8735	-607.1662	0.7034072
954.42	-567.7195	-607.1642	0.7034363
954.43	-567.5656	-607.1623	0.7034628
954.44	-567.4115	-607.1603	0.703487
954.45	-567.2574	-607.1584	0.7035089
954.46	-567.1032	-607.1564	0.7035286
954.47	-566.949	-607.1545	0.7035463
954.48	-566.7947	-607.1526	0.703562
954.49	-566.6403	-607.1508	0.7035757
954.5	-566.4858	-607.1489	0.7035875
954.5099	-566.3312	-607.147	0.7035977
954.52	-566.1766	-607.1451	0.7036061
954.53	-566.022	-607.1432	0.7036129
954.54	-565.8672	-607.1413	0.7036182
954.55	-565.7125	-607.1395	0.703622
954.56	-565.5576	-607.1376	0.7036245
954.57	-565.4027	-607.1358	0.7036256
954.58	-565.2477	-607.134	0.7036254
954.59	-565.0927	-607.1321	0.703624
954.6	-564.9376	-607.1303	0.7036213
954.61	-564.7823	-607.1285	0.7036177
954.62	-564.6271	-607.1266	0.7036129
954.63	-564.4718	-607.1249	0.7036071
954.64	-564.3164	-607.1231	0.7036003
954.65	-564.1609	-607.1213	0.7035926
954.66	-564.0054	-607.1196	0.703584
954.67	-563.8499	-607.1178	0.7035745
954.68	-563.6942	-607.116	0.7035643
954.69	-563.5385	-607.1142	0.7035533
954.7	-563.3828	-607.1124	0.7035415
954.71	-563.2269	-607.1107	0.7035289
954.72	-563.0709	-607.1089	0.7035157
954.73	-562.915	-607.1071	0.7035019
954.74	-562.7589	-607.1053	0.7034875
954.75	-562.6028	-607.1036	0.7034724
954.7599	-562.4466	-607.1018	0.7034568
954.77	-562.2903	-607.1	0.7034406
954.78	-562.134	-607.0983	0.7034239
954.79	-561.9777	-607.0965	0.7034068
954.8	-561.8212	-607.0947	0.703389
954.81	-561.6647	-607.0929	0.7033709
954.82	-561.5082	-607.0911	0.7033524
954.83	-561.3516	-607.0894	0.7033334
954.84	-561.1949	-607.0876	0.7033141
954.85	-561.0381	-607.0858	0.7032943
954.86	-560.8812	-607.084	0.7032741
954.87	-560.7244	-607.0823	0.7032536
954.88	-560.5674	-607.0804	0.7032328
954.89	-560.4103	-607.0787	0.7032116
954.9	-560.2532	-607.0769	0.7031902
954.91	-560.0961	-607.0751	0.7031684
954.92	-559.9388	-607.0734	0.7031463
954.93	-559.7816	-607.0716	0.703124
954.94	-559.6242	-607.0698	0.7031015
954.95	-559.4668	-607.068	0.7030786
954.96	-559.3093	-607.0662	0.7030556
954.97	-559.1518	-607.0645	0.7030323
954.98	-558.9942	-607.0627	0.7030088
954.99	-558.8365	-607.0609	0.702985
955	-558.6788	-607.0591	0.7029611
955.0099	-558.5209	-607.0572	0.7029369
955.02	-558.3631	-607.0554	0.7029129
955.03	-558.2051	-607.0535	0.7028889
955.04	-558.0471	-607.0517	0.702865
955.05	-557.889	-607.0499	0.702841
955.06	-557.7309	-607.048	0.7028172
955.07	-557.5727	-607.0461	0.7027937
955.08	-557.4144	-607.0443	0.7027705
955.09	-557.2561	-607.0425	0.7027476
955.1	-557.0977	-607.0406	0.702725
955.11	-556.9393	-607.0388	0.7027026
955.12	-556.7808	-607.0369	0.7026806
955.13	-556.6222	-607.035	0.7026588
955.14	-556.4636	-607.033	0.7026374
955.15	-556.3049	-607.0311	0.7026162
955.16	-556.1461	-607.0292	0.7025954
955.17	-555.9872	-607.0273	0.7025747
955.18	-555.8284	-607.0255	0.7025543
955.19	-555.6694	-607.0236	0.7025342
955.2	-555.5103	-607.0217	0.7025143
955.21	-555.3512	-607.0197	0.7024946
955.22	-555.1921	-607.0177	0.7024752
955.23	-555.0328	-607.0157	0.702456
955.24	-554.8735	-607.0138	0.7024371
955.25	-554.7142	-607.0118	0.7024184
955.2599	-554.5547	-607.0099	0.7023999
955.27	-554.3953	-607.0079	0.7023821
955.28	-554.2357	-607.006	0.702365
955.29	-554.0761	-607.004	0.7023485
955.3	-553.9164	-607.0019	0.7023326
955.31	-553.7567	-606.9999	0.7023174
955.32	-553.5969	-606.9979	0.7023026
955.33	-553.4371	-606.9958	0.7022896
955.34	-553.2772	-606.9938	0.7022781
955.35	-553.1172	-606.9918	0.7022682
955.36	-552.9572	-606.9898	0.7022597
955.37	-552.7972	-606.9878	0.7022535
955.38	-552.6371	-606.9858	0.7022495
955.39	-552.4771	-606.9838	0.7022475
955.4	-552.317	-606.9818	0.7022476
955.41	-552.1568	-606.9797	0.7022495
955.42	-551.9966	-606.9777	0.7022542
955.43	-551.8365	-606.9757	0.7022617
955.44	-551.6763	-606.9737	0.7022716
955.45	-551.5162	-606.9717	0.702284
955.46	-551.356	-606.9697	0.7022988
955.47	-551.1959	-606.9677	0.7023163
955.48	-551.0357	-606.9656	0.7023365
955.49	-550.8755	-606.9637	0.7023593
955.5	-550.7154	-606.9617	0.7023845
955.5099	-550.5552	-606.9597	0.7024121
955.52	-550.3951	-606.9577	0.7024419
955.53	-550.235	-606.9557	0.702474
955.54	-550.075	-606.9539	0.7025082
955.55	-549.9149	-606.9519	0.7025444
955.56	-549.7548	-606.95	0.7025825
955.57	-549.5947	-606.948	0.7026226
955.58	-549.4347	-606.9461	0.7026644
955.59	-549.2747	-606.9442	0.702708
955.6	-549.1147	-606.9422	0.7027532
955.61	-548.9547	-606.9404	0.7028
955.62	-548.7947	-606.9385	0.7028483
955.63	-548.6348	-606.9366	0.702898
955.64	-548.4749	-606.9347	0.702949
955.65	-548.315	-606.9329	0.7030015
955.66	-548.1551	-606.931	0.7030551
955.67	-547.9952	-606.9292	0.7031101
955.68	-547.8353	-606.9274	0.7031662
955.69	-547.6755	-606.9255	0.7032235
955.7	-547.5156	-606.9238	0.7032818
955.71	-547.3558	-606.9219	0.7033411
955.72	-547.196	-606.9202	0.7034013
955.73	-547.0362	-606.9185	0.7034626
955.74	-546.8764	-606.9167	0.7035247
955.75	-546.7167	-606.915	0.7035877
955.7599	-546.5569	-606.9133	0.7036515
955.77	-546.3973	-606.9116	0.7037161
955.78	-546.2376	-606.9099	0.7037815
955.79	-546.0779	-606.9083	0.7038476
955.8	-545.9183	-606.9067	0.7039144
955.81	-545.7586	-606.905	0.7039818
955.82	-545.599	-606.9034	0.7040499
955.83	-545.4394	-606.9019	0.7041185
955.84	-545.2798	-606.9003	0.7041879
955.85	-545.1202	-606.8987	0.7042577
955.86	-544.9606	-606.8973	0.704328
955.87	-544.8011	-606.8958	0.7043989
955.88	-544.6415	-606.8943	0.7044703
955.89	-544.4821	-606.8928	0.704542
955.9	-544.3226	-606.8914	0.7046143
955.91	-544.1631	-606.89	0.704687
955.92	-544.0037	-606.8885	0.7047601
955.93	-543.8442	-606.8872	0.7048336
955.94	-543.6848	-606.8859	0.7049074
955.95	-543.5254	-606.8846	0.7049816
955.96	-543.366	-606.8832	0.705056
955.97	-543.2065	-606.882	0.7051309
955.98	-543.0472	-606.8807	0.705206
955.99	-542.8878	-606.8796	0.7052816
956	-542.7285	-606.8784	0.7053573
956.0099	-542.5692	-606.8772	0.7054334
956.02	-542.4099	-606.876	0.7055096
956.03	-542.2507	-606.8749	0.7055862
956.04	-542.0914	-606.8738	0.7056628
956.05	-541.9322	-606.8728	0.7057399
956.06	-541.7729	-606.8718	0.705817
956.07	-541.6138	-606.8708	0.7058944
956.08	-541.4546	-606.8698	0.7059718
956.09	-541.2954	-606.8688	0.7060493
956.1	-541.1362	-606.8679	0.706127
956.11	-540.9771	-606.867	0.7062047
956.12	-540.8179	-606.8661	0.7062825
956.13	-540.6588	-606.8653	0.7063605
956.14	-540.4996	-606.8645	0.7064384
956.15	-540.3405	-606.8637	0.7065164
956.16	-540.1813	-606.863	0.7065945
956.17	-540.0221	-606.8622	0.7066725
956.18	-539.8629	-606.8616	0.7067506
956.19	-539.7036	-606.8609	0.7068288
956.2	-539.5443	-606.8603	0.7069071
956.21	-539.385	-606.8597	0.7069852
956.22	-539.2257	-606.8591	0.7070634
956.23	-539.0663	-606.8586	0.7071412
956.24	-538.9069	-606.8581	0.7072189
956.25	-538.7475	-606.8576	0.7072966
956.2599	-538.588	-606.8572	0.707374
956.27	-538.4285	-606.8568	0.7074508
956.28	-538.269	-606.8564	0.7075272
956.29	-538.1094	-606.856	0.707603
956.3	-537.9497	-606.8557	0.7076784
956.31	-537.79	-606.8554	0.7077533
956.32	-537.6303	-606.8552	0.7078279
956.33	-537.4706	-606.8549	0.7079015
956.34	-537.3108	-606.8547	0.7079744
956.35	-537.1509	-606.8546	0.7080466
956.36	-536.991	-606.8544	0.708118
956.37	-536.8311	-606.8543	0.7081882
956.38	-536.6711	-606.8542	0.7082574
956.39	-536.5112	-606.8542	0.7083255
956.4	-536.3511	-606.8542	0.7083926
956.41	-536.191	-606.8542	0.7084588
956.42	-536.0309	-606.8542	0.7085235
956.43	-535.8708	-606.8542	0.7085868
956.44	-535.7106	-606.8543	0.7086487
956.45	-535.5503	-606.8544	0.7087095
956.46	-535.39	-606.8546	0.7087689
956.47	-535.2296	-606.8547	0.7088267
956.48	-535.0692	-606.8549	0.7088827
956.49	-534.9088	-606.8551	0.7089372
956.5	-534.7483	-606.8553	0.7089901
956.5099	-534.5878	-606.8556	0.7090416
956.52	-534.4272	-606.8558	0.7090913
956.53	-534.2666	-606.8561	0.7091393
956.54	-534.106	-606.8565	0.7091857
956.55	-533.9453	-606.8569	0.7092305
956.56	-533.7845	-606.8572	0.7092738
956.57	-533.6237	-606.8577	0.7093154
956.58	-533.4629	-606.8581	0.7093554
956.59	-533.302	-606.8585	0.7093938
956.6	-533.1411	-606.8589	0.7094308
956.61	-532.98	-606.8595	0.7094663
956.62	-532.819	-606.86	0.7095003
956.63	-532.658	-606.8605	0.709533
956.64	-532.4968	-606.8611	0.7095644
956.65	-532.3356	-606.8617	0.7095945
956.66	-532.1744	-606.8623	0.7096235
956.67	-532.0131	-606.8629	0.7096512
956.68	-531.8518	-606.8635	0.7096779
956.69	-531.6904	-606.8642	0.7097034
956.7	-531.5291	-606.8649	0.709728
956.71	-531.3676	-606.8656	0.7097516
956.72	-531.2061	-606.8663	0.7097743
956.73	-531.0446	-606.8671	0.709796
956.74	-530.883	-606.8678	0.7098168
956.75	-530.7214	-606.8685	0.7098368
956.7599	-530.5597	-606.8693	0.7098561
956.77	-530.398	-606.8701	0.7098746
956.78	-530.2363	-606.871	0.7098925
956.79	-530.0745	-606.8718	0.7099096
956.8	-529.9126	-606.8727	0.709926
956.81	-529.7507	-606.8735	0.7099418
956.82	-529.5887	-606.8744	0.709957
956.83	-529.4268	-606.8753	0.7099717
956.84	-529.2647	-606.8762	0.7099858
956.85	-529.1026	-606.8771	0.7099993
956.86	-528.9404	-606.8781	0.7100124
956.87	-528.7783	-606.879	0.710025
956.88	-528.616	-606.88	0.7100371
956.89	-528.4537	-606.881	0.7100488
956.9	-528.2914	-606.882	0.7100601
956.91	-528.129	-606.8831	0.7100709
956.92	-527.9666	-606.8841	0.7100813
956.93	-527.8041	-606.8851	0.7100914
956.94	-527.6415	-606.8862	0.7101011
956.95	-527.4789	-606.8872	0.7101104
956.96	-527.3163	-606.8883	0.7101195
956.97	-527.1536	-606.8894	0.7101282
956.98	-526.9908	-606.8905	0.7101368
956.99	-526.8281	-606.8916	0.7101449
957	-526.6652	-606.8927	0.7101528
957.0099	-526.5023	-606.8939	0.7101604
957.02	-526.3394	-606.895	0.7101678
957.03	-526.1765	-606.8962	0.710175
957.04	-526.0135	-606.8973	0.7101819
957.05	-525.8505	-606.8985	0.7101886
957.06	-525.6874	-606.8997	0.7101951
957.07	-525.5243	-606.9009	0.7102014
957.08	-525.3612	-606.9022	0.7102076
957.09	-525.1981	-606.9034	0.7102135
957.1	-525.0349	-606.9046	0.7102194
957.11	-524.8717	-606.9058	0.7102251
957.12	-524.7086	-606.907	0.7102306
957.13	-524.5453	-606.9083	0.710236
957.14	-524.3822	-606.9095	0.7102414
957.15	-524.2191	-606.9108	0.7102467
957.16	-524.0559	-606.9121	0.7102519
957.17	-523.8928	-606.9134	0.710257
957.18	-523.7296	-606.9147	0.7102621
957.19	-523.5665	-606.916	0.7102671
957.2	-523.4034	-606.9172	0.710272
957.21	-523.2404	-606.9185	0.7102769
957.22	-523.0773	-606.9198	0.7102818
957.23	-522.9143	-606.9211	0.7102866
957.24	-522.7513	-606.9224	0.7102914
957.25	-522.5883	-606.9238	0.7102962
957.2599	-522.4252	-606.9251	0.7103009
957.27	-522.2623	-606.9265	0.7103055
957.28	-522.0993	-606.9278	0.7103102
957.29	-521.9363	-606.9291	0.7103147
957.3	-521.7734	-606.9305	0.7103193
957.31	-521.6105	-606.9318	0.7103238
957.32	-521.4476	-606.9332	0.7103283
957.33	-521.2848	-606.9345	0.7103328
957.34	-521.1219	-606.9359	0.7103372
957.35	-520.9591	-606.9373	0.7103416
957.36	-520.7963	-606.9387	0.710346
957.37	-520.6335	-606.9401	0.7103503
957.38	-520.4707	-606.9415	0.7103546
957.39	-520.3079	-606.9429	0.710359
957.4	-520.1451	-606.9443	0.7103633
957.41	-519.9824	-606.9457	0.7103675
957.42	-519.8197	-606.9471	0.7103716
957.43	-519.657	-606.9485	0.7103755
957.44	-519.4944	-606.95	0.7103794
957.45	-519.3317	-606.9514	0.7103831
957.46	-519.1691	-606.9528	0.7103866
957.47	-519.0065	-606.9542	0.7103899
957.48	-518.8439	-606.9556	0.7103931
957.49	-518.6813	-606.957	0.7103961
957.5	-518.5187	-606.9584	0.7103989
957.5099	-518.3561	-606.9598	0.7104015
957.52	-518.1935	-606.9612	0.7104041
957.53	-518.031	-606.9626	0.7104065
957.54	-517.8685	-606.9641	0.7104088
957.55	-517.706	-606.9656	0.7104109
957.56	-517.5435	-606.967	0.7104129
957.57	-517.3811	-606.9685	0.7104148
957.58	-517.2187	-606.97	0.7104166
957.59	-517.0563	-606.9714	0.7104183
957.6	-516.8939	-606.9729	0.7104199
957.61	-516.7314	-606.9744	0.7104213
957.62	-516.5691	-606.9758	0.7104228
957.63	-516.4067	-606.9773	0.710424
957.64	-516.2444	-606.9788	0.7104252
957.65	-516.082	-606.9802	0.7104263
957.66	-515.9197	-606.9817	0.7104273
957.67	-515.7574	-606.9832	0.7104283
957.68	-515.5952	-606.9846	0.7104291
957.69	-515.433	-606.9861	0.7104299
957.7	-515.2708	-606.9875	0.7104306
957.71	-515.1085	-606.989	0.7104312
957.72	-514.9463	-606.9905	0.7104318
957.73	-514.7841	-606.9919	0.7104322
957.74	-514.6219	-606.9934	0.7104326
957.75	-514.4598	-606.9949	0.7104329
957.7599	-514.2976	-606.9963	0.7104332
957.77	-514.1355	-606.9978	0.7104334
957.78	-513.9734	-606.9993	0.7104335
957.79	-513.8113	-607.0007	0.7104336
957.8	-513.6492	-607.0022	0.7104336
957.81	-513.4872	-607.0037	0.7104336
957.82	-513.3252	-607.0051	0.7104336
957.83	-513.1632	-607.0066	0.7104335
957.84	-513.0012	-607.0081	0.7104333
957.85	-512.8392	-607.0095	0.7104331
957.86	-512.6772	-607.011	0.7104329
957.87	-512.5153	-607.0125	0.7104326
957.88	-512.3534	-607.0139	0.7104322
957.89	-512.1915	-607.0154	0.7104319
957.9	-512.0295	-607.017	0.7104315
957.91	-511.8676	-607.0185	0.710431
957.92	-511.7058	-607.02	0.7104306
957.93	-511.544	-607.0215	0.7104301
957.94	-511.3821	-607.0231	0.7104295
957.95	-511.2203	-607.0246	0.710429
957.96	-511.0585	-607.0261	0.7104284
957.97	-510.8968	-607.0276	0.7104278
957.98	-510.735	-607.0292	0.7104271
957.99	-510.5733	-607.0307	0.7104265
958	-510.4115	-607.0322	0.7104258
958.0099	-510.2498	-607.0338	0.7104251
958.02	-510.0881	-607.0353	0.7104243
958.03	-509.9265	-607.0368	0.7104236
958.04	-509.7648	-607.0383	0.7104228
958.05	-509.6032	-607.0399	0.710422
958.06	-509.4416	-607.0414	0.7104211
958.07	-509.28	-607.0429	0.7104203
958.08	-509.1184	-607.0444	0.7104195
958.09	-508.9568	-607.046	0.7104186
958.1	-508.7953	-607.0475	0.7104177
958.11	-508.6337	-607.049	0.7104169
958.12	-508.4722	-607.0505	0.7104159
958.13	-508.3107	-607.0521	0.7104149
958.14	-508.1492	-607.0536	0.710414
958.15	-507.9878	-607.0551	0.710413
958.16	-507.8263	-607.0566	0.7104121
958.17	-507.6649	-607.0582	0.7104109
958.18	-507.5035	-607.0597	0.7104095
958.19	-507.3421	-607.0612	0.7104079
958.2	-507.1807	-607.0627	0.7104061
958.21	-507.0193	-607.0643	0.7104039
958.22	-506.8579	-607.0658	0.7104017
958.23	-506.6966	-607.0673	0.7103985
958.24	-506.5353	-607.0688	0.7103943
958.25	-506.374	-607.0703	0.7103891
958.2599	-506.2127	-607.0717	0.7103832
958.27	-506.0515	-607.0732	0.7103754
958.28	-505.8902	-607.0746	0.7103659
958.29	-505.729	-607.0761	0.7103547
958.3	-505.5678	-607.0776	0.710342
958.31	-505.4066	-607.079	0.7103278
958.32	-505.2454	-607.0804	0.7103122
958.33	-505.0842	-607.0819	0.7102944
958.34	-504.9231	-607.0834	0.7102746
958.35	-504.762	-607.0848	0.7102526
958.36	-504.6008	-607.0862	0.710229
958.37	-504.4398	-607.0876	0.7102031
958.38	-504.2787	-607.0889	0.7101751
958.39	-504.1176	-607.0903	0.7101452
958.4	-503.9566	-607.0917	0.7101134
958.41	-503.7955	-607.0931	0.7100799
958.42	-503.6345	-607.0945	0.7100446
958.43	-503.4735	-607.0958	0.7100077
958.44	-503.3125	-607.0971	0.709969
958.45	-503.1516	-607.0984	0.709929
958.46	-502.9906	-607.0997	0.7098873
958.47	-502.8297	-607.101	0.7098443
958.48	-502.6688	-607.1023	0.7097999
958.49	-502.5079	-607.1036	0.7097542
958.5	-502.347	-607.1048	0.7097072
958.5099	-502.1862	-607.1061	0.709659
958.52	-502.0253	-607.1073	0.7096097
958.53	-501.8645	-607.1085	0.7095593
958.54	-501.7037	-607.1097	0.7095078
958.55	-501.5429	-607.1109	0.7094553
958.56	-501.3821	-607.1121	0.7094018
958.57	-501.2214	-607.1132	0.7093473
958.58	-501.0606	-607.1144	0.7092918
958.59	-500.8999	-607.1155	0.7092352
958.6	-500.7392	-607.1166	0.7091777
958.61	-500.5785	-607.1177	0.7091193
958.62	-500.4179	-607.1188	0.7090591
958.63	-500.2572	-607.1199	0.7089971
958.64	-500.0966	-607.1208	0.7089335
958.65	-499.936	-607.1219	0.7088682
958.66	-499.7754	-607.1229	0.7088013
958.67	-499.6147	-607.1238	0.7087331
958.68	-499.4542	-607.1248	0.7086617
958.69	-499.2936	-607.1257	0.7085874
958.7	-499.1331	-607.1265	0.7085102
958.71	-498.9726	-607.1274	0.7084302
958.72	-498.8121	-607.1282	0.7083467
958.73	-498.6516	-607.1291	0.7082596
958.74	-498.4911	-607.1298	0.7081693
958.75	-498.3307	-607.1305	0.7080758
958.7599	-498.1703	-607.1312	0.7079793
958.77	-498.0098	-607.1318	0.7078799
958.78	-497.8494	-607.1324	0.7077773
958.79	-497.6891	-607.1331	0.7076716
958.8	-497.5287	-607.1336	0.7075631
958.81	-497.3683	-607.1341	0.7074518
958.82	-497.208	-607.1346	0.7073378
958.83	-497.0477	-607.1351	0.7072213
958.84	-496.8874	-607.1354	0.7071022
958.85	-496.7271	-607.1358	0.7069809
958.86	-496.5668	-607.1361	0.7068574
958.87	-496.4066	-607.1364	0.7067316
958.88	-496.2464	-607.1367	0.7066039
958.89	-496.0862	-607.1368	0.7064741
958.9	-495.926	-607.137	0.7063426
958.91	-495.7658	-607.1371	0.7062091
958.92	-495.6057	-607.1372	0.706074
958.93	-495.4455	-607.1372	0.7059372
958.94	-495.2854	-607.1372	0.7057988
958.95	-495.1253	-607.1371	0.7056589
958.96	-494.9652	-607.137	0.7055176
958.97	-494.8051	-607.1369	0.7053749
958.98	-494.6451	-607.1367	0.7052309
958.99	-494.485	-607.1365	0.7050857
959	-494.325	-607.1362	0.7049394
959.0099	-494.165	-607.1358	0.704792
959.02	-494.005	-607.1354	0.7046439
959.03	-493.845	-607.135	0.7044954
959.04	-493.6851	-607.1345	0.7043462
959.05	-493.5251	-607.134	0.7041966
959.06	-493.3652	-607.1334	0.7040465
959.07	-493.2054	-607.1328	0.7038969
959.08	-493.0455	-607.1321	0.7037477
959.09	-492.8856	-607.1313	0.703599
959.1	-492.7258	-607.1306	0.7034507
959.11	-492.5659	-607.1297	0.7033029
959.12	-492.4061	-607.1288	0.7031569
959.13	-492.2463	-607.1279	0.7030128
959.14	-492.0866	-607.127	0.7028704
959.15	-491.9268	-607.1259	0.7027296
959.16	-491.7671	-607.1248	0.7025903
959.17	-491.6073	-607.1237	0.7024527
959.18	-491.4476	-607.1226	0.7023185
959.19	-491.288	-607.1214	0.7021878
959.2	-491.1283	-607.1201	0.7020605
959.21	-490.9686	-607.1188	0.7019362
959.22	-490.8089	-607.1175	0.7018149
959.23	-490.6493	-607.1161	0.7016982
959.24	-490.4896	-607.1147	0.7015859
959.25	-490.33	-607.1132	0.7014779
959.2599	-490.1703	-607.1117	0.7013738
959.27	-490.0107	-607.1101	0.7012736
959.28	-489.8511	-607.1086	0.7011779
959.29	-489.6915	-607.1069	0.7010865
959.3	-489.5319	-607.1053	0.7009992
959.31	-489.3723	-607.1036	0.7009159
959.32	-489.2126	-607.1019	0.7008368
959.33	-489.053	-607.1	0.7007619
959.34	-488.8934	-607.0983	0.7006908
959.35	-488.7338	-607.0964	0.7006236
959.36	-488.5742	-607.0945	0.7005598
959.37	-488.4146	-607.0926	0.7004998
959.38	-488.255	-607.0906	0.7004433
959.39	-488.0954	-607.0887	0.7003903
959.4	-487.9357	-607.0866	0.7003406
959.41	-487.7761	-607.0846	0.7002939
959.42	-487.6165	-607.0825	0.7002504
959.43	-487.4568	-607.0803	0.7002101
959.44	-487.2972	-607.0782	0.7001726
959.45	-487.1376	-607.076	0.700138
959.46	-486.9779	-607.0738	0.700106
959.47	-486.8182	-607.0715	0.7000765
959.48	-486.6586	-607.0692	0.7000499
959.49	-486.4989	-607.0669	0.700026
959.5	-486.3393	-607.0646	0.7000048
959.5099	-486.1796	-607.0623	0.699986
959.52	-486.0199	-607.0599	0.6999695
959.53	-485.8602	-607.0575	0.6999559
959.54	-485.7006	-607.0551	0.6999452
959.55	-485.5409	-607.0526	0.6999372
959.56	-485.3812	-607.0502	0.6999316
959.57	-485.2215	-607.0477	0.6999294
959.58	-485.0618	-607.0452	0.6999301
959.59	-484.9021	-607.0427	0.6999338
959.6	-484.7424	-607.0401	0.6999403
959.61	-484.5826	-607.0375	0.6999495
959.62	-484.4229	-607.035	0.6999617
959.63	-484.2632	-607.0324	0.6999768
959.64	-484.1035	-607.0298	0.6999947
959.65	-483.9437	-607.0272	0.7000151
959.66	-483.784	-607.0246	0.7000379
959.67	-483.6242	-607.022	0.7000632
959.68	-483.4645	-607.0194	0.7000908
959.69	-483.3047	-607.0168	0.7001206
959.7	-483.145	-607.0141	0.7001525
959.71	-482.9852	-607.0114	0.7001864
959.72	-482.8254	-607.0088	0.7002221
959.73	-482.6656	-607.0061	0.7002598
959.74	-482.5058	-607.0034	0.7002992
959.75	-482.346	-607.0007	0.7003402
959.7599	-482.1862	-606.9981	0.7003828
959.77	-482.0264	-606.9954	0.700427
959.78	-481.8666	-606.9927	0.7004727
959.79	-481.7068	-606.9901	0.7005197
959.8	-481.5469	-606.9874	0.7005681
959.81	-481.387	-606.9847	0.7006178
959.82	-481.2272	-606.9821	0.7006688
959.83	-481.0673	-606.9794	0.7007208
959.84	-480.9074	-606.9767	0.7007741
959.85	-480.7475	-606.9741	0.7008285
959.86	-480.5876	-606.9714	0.7008839
959.87	-480.4277	-606.9688	0.7009403
959.88	-480.2678	-606.9661	0.7009977
959.89	-480.1078	-606.9634	0.7010559
959.9	-479.9478	-606.9608	0.7011151
959.91	-479.7879	-606.9582	0.7011752
959.92	-479.6279	-606.9556	0.7012359
959.93	-479.4679	-606.953	0.7012975
959.94	-479.3079	-606.9504	0.7013599
959.95	-479.1479	-606.9478	0.7014229
959.96	-478.9879	-606.9452	0.7014867
959.97	-478.8278	-606.9426	0.7015511
959.98	-478.6678	-606.9401	0.7016161
959.99	-478.5077	-606.9376	0.7016818
960	-478.3476	-606.9351	0.701748
960.0099	-478.1875	-606.9325	0.7018148
960.02	-478.0274	-606.93	0.7018819
960.03	-477.8673	-606.9276	0.7019497
960.04	-477.7072	-606.925	0.7020178
960.05	-477.547	-606.9226	0.7020864
960.06	-477.3868	-606.9202	0.7021553
960.07	-477.2267	-606.9178	0.7022246
960.08	-477.0665	-606.9153	0.7022942
960.09	-476.9063	-606.913	0.7023641
960.1	-476.7461	-606.9106	0.7024343
960.11	-476.5858	-606.9083	0.7025047
960.12	-476.4256	-606.906	0.7025753
960.13	-476.2654	-606.9037	0.702646
960.14	-476.1051	-606.9014	0.7027169
960.15	-475.9448	-606.8991	0.7027878
960.16	-475.7845	-606.8969	0.7028589
960.17	-475.6242	-606.8947	0.7029298
960.18	-475.4639	-606.8925	0.7030007
960.19	-475.3036	-606.8903	0.7030714
960.2	-475.1432	-606.8882	0.7031421
960.21	-474.9828	-606.886	0.7032127
960.22	-474.8225	-606.884	0.703283
960.23	-474.6621	-606.8818	0.7033529
960.24	-474.5017	-606.8798	0.7034224
960.25	-474.3413	-606.8777	0.7034918
960.2599	-474.1808	-606.8757	0.7035607
960.27	-474.0204	-606.8737	0.7036296
960.28	-473.8599	-606.8717	0.7036976
960.29	-473.6995	-606.8698	0.703765
960.3	-473.539	-606.8679	0.7038317
960.31	-473.3784	-606.866	0.7038978
960.32	-473.2179	-606.8641	0.7039634
960.33	-473.0574	-606.8622	0.7040281
960.34	-472.8969	-606.8604	0.7040918
960.35	-472.7363	-606.8585	0.7041547
960.36	-472.5757	-606.8568	0.7042169
960.37	-472.4151	-606.855	0.7042783
960.38	-472.2545	-606.8533	0.704339
960.39	-472.0939	-606.8515	0.7043985
960.4	-471.9332	-606.8498	0.704457
960.41	-471.7726	-606.8481	0.7045146
960.42	-471.6119	-606.8464	0.7045711
960.43	-471.4513	-606.8448	0.7046263
960.44	-471.2906	-606.8432	0.7046804
960.45	-471.1299	-606.8416	0.7047331
960.46	-470.9692	-606.8401	0.7047849
960.47	-470.8084	-606.8385	0.7048354
960.48	-470.6477	-606.837	0.7048849
960.49	-470.4869	-606.8355	0.7049327
960.5	-470.3262	-606.834	0.704979
960.5099	-470.1654	-606.8325	0.7050237
960.52	-470.0046	-606.8311	0.705067
960.53	-469.8438	-606.8297	0.7051084
960.54	-469.683	-606.8282	0.7051477
960.55	-469.5221	-606.8268	0.7051854
960.56	-469.3613	-606.8254	0.7052213
960.57	-469.2004	-606.8242	0.7052556
960.58	-469.0395	-606.8228	0.7052876
960.59	-468.8786	-606.8215	0.7053176
960.6	-468.7177	-606.8201	0.7053456
960.61	-468.5568	-606.8188	0.7053717
960.62	-468.3959	-606.8176	0.7053961
960.63	-468.235	-606.8163	0.7054184
960.64	-468.074	-606.8151	0.7054389
960.65	-467.913	-606.8138	0.7054575
960.66	-467.752	-606.8126	0.7054744
960.67	-467.591	-606.8114	0.7054897
960.68	-467.43	-606.8102	0.7055035
960.69	-467.269	-606.809	0.7055157
960.7	-467.1079	-606.8079	0.7055264
960.71	-466.9469	-606.8068	0.7055358
960.72	-466.7858	-606.8056	0.7055439
960.73	-466.6247	-606.8044	0.7055507
960.74	-466.4636	-606.8033	0.7055563
960.75	-466.3025	-606.8022	0.7055607
960.7599	-466.1414	-606.8011	0.7055641
960.77	-465.9803	-606.8	0.7055663
960.78	-465.8191	-606.799	0.7055676
960.79	-465.658	-606.7979	0.7055678
960.8	-465.4968	-606.7969	0.7055672
960.81	-465.3356	-606.7958	0.7055656
960.82	-465.1744	-606.7948	0.7055632
960.83	-465.0132	-606.7938	0.70556
960.84	-464.852	-606.7927	0.705556
960.85	-464.6907	-606.7917	0.7055513
960.86	-464.5294	-606.7907	0.7055458
960.87	-464.3682	-606.7897	0.7055396
960.88	-464.2069	-606.7888	0.7055328
960.89	-464.0456	-606.7878	0.7055254
960.9	-463.8843	-606.7867	0.7055174
960.91	-463.723	-606.7858	0.7055088
960.92	-463.5616	-606.7848	0.7054996
960.93	-463.4003	-606.7838	0.7054899
960.94	-463.2389	-606.7828	0.7054797
960.95	-463.0775	-606.7819	0.705469
960.96	-462.9161	-606.781	0.7054579
960.97	-462.7547	-606.7801	0.7054462
960.98	-462.5933	-606.7792	0.7054343
960.99	-462.4319	-606.7783	0.7054218
961	-462.2704	-606.7773	0.705409
961.0099	-462.1089	-606.7764	0.7053958
961.02	-461.9474	-606.7755	0.7053822
961.03	-461.7859	-606.7745	0.7053682
961.04	-461.6245	-606.7736	0.705354
961.05	-461.463	-606.7727	0.7053394
961.06	-461.3014	-606.7718	0.7053245
961.07	-461.1399	-606.7709	0.7053094
961.08	-460.9783	-606.77	0.705294
961.09	-460.8168	-606.769	0.7052783
961.1	-460.6552	-606.7681	0.7052623
961.11	-460.4936	-606.7672	0.7052461
961.12	-460.332	-606.7663	0.7052296
961.13	-460.1704	-606.7653	0.705213
961.14	-460.0088	-606.7644	0.705196
961.15	-459.8472	-606.7635	0.705179
961.16	-459.6855	-606.7626	0.7051617
961.17	-459.5239	-606.7617	0.7051442
961.18	-459.3622	-606.7607	0.7051266
961.19	-459.2006	-606.7598	0.7051088
961.2	-459.0389	-606.7589	0.7050907
961.21	-458.8772	-606.758	0.7050726
961.22	-458.7155	-606.757	0.7050543
961.23	-458.5538	-606.7561	0.7050359
961.24	-458.3921	-606.7552	0.7050174
961.25	-458.2304	-606.7543	0.7049989
961.2599	-458.0686	-606.7534	0.7049802
961.27	-457.9069	-606.7524	0.7049615
961.28	-457.7451	-606.7515	0.7049426
961.29	-457.5834	-606.7505	0.7049239
961.3	-457.4216	-606.7495	0.704905
961.31	-457.2599	-606.7485	0.7048861
961.32	-457.0981	-606.7475	0.7048672
961.33	-456.9363	-606.7465	0.7048482
961.34	-456.7745	-606.7455	0.7048292
961.35	-456.6126	-606.7446	0.7048101
961.36	-456.4508	-606.7436	0.704791
961.37	-456.2889	-606.7426	0.7047719
961.38	-456.1271	-606.7416	0.7047527
961.39	-455.9652	-606.7406	0.7047336
961.4	-455.8034	-606.7396	0.7047144
961.41	-455.6415	-606.7386	0.7046953
961.42	-455.4796	-606.7375	0.7046761
961.43	-455.3177	-606.7365	0.7046568
961.44	-455.1558	-606.7355	0.7046376
961.45	-454.9939	-606.7344	0.7046183
961.46	-454.8319	-606.7333	0.7045991
961.47	-454.67	-606.7323	0.7045799
961.48	-454.5081	-606.7313	0.7045606
961.49	-454.3461	-606.7302	0.7045413
961.5	-454.1841	-606.7292	0.7045221
961.5099	-454.0222	-606.7281	0.7045028
961.52	-453.8602	-606.727	0.7044835
961.53	-453.6982	-606.7259	0.7044643
961.54	-453.5362	-606.7247	0.7044451
961.55	-453.3742	-606.7236	0.7044259
961.56	-453.2122	-606.7225	0.7044067
961.57	-453.0501	-606.7214	0.7043876
961.58	-452.8881	-606.7203	0.7043685
961.59	-452.726	-606.7192	0.7043496
961.6	-452.564	-606.7181	0.7043306
961.61	-452.4019	-606.7169	0.7043117
961.62	-452.2398	-606.7158	0.704293
961.63	-452.0778	-606.7146	0.7042742
961.64	-451.9157	-606.7134	0.7042555
961.65	-451.7536	-606.7123	0.7042369
961.66	-451.5915	-606.7111	0.7042183
961.67	-451.4294	-606.71	0.7041997
961.68	-451.2672	-606.7088	0.7041812
961.69	-451.1051	-606.7076	0.7041628
961.7	-450.943	-606.7063	0.7041445
961.71	-450.7809	-606.7051	0.7041263
961.72	-450.6187	-606.7039	0.7041081
961.73	-450.4566	-606.7026	0.7040905
961.74	-450.2945	-606.7014	0.7040733
961.75	-450.1324	-606.7002	0.7040565
961.7599	-449.9702	-606.699	0.7040401
961.77	-449.8081	-606.6978	0.7040241
961.78	-449.6459	-606.6965	0.7040094
961.79	-449.4838	-606.6952	0.703996
961.8	-449.3217	-606.6939	0.7039838
961.81	-449.1595	-606.6926	0.7039729
961.82	-448.9974	-606.6913	0.703963
961.83	-448.8352	-606.6901	0.7039556
961.84	-448.6731	-606.6888	0.7039505
961.85	-448.511	-606.6875	0.7039476
961.86	-448.3488	-606.6862	0.7039468
961.87	-448.1867	-606.6849	0.703948
961.88	-448.0246	-606.6837	0.7039526
961.89	-447.8625	-606.6824	0.7039605
961.9	-447.7004	-606.6811	0.7039715
961.91	-447.5383	-606.6798	0.7039855
961.92	-447.3762	-606.6786	0.7040023
961.93	-447.2142	-606.6774	0.7040226
961.94	-447.0521	-606.6762	0.7040463
961.95	-446.8901	-606.675	0.7040731
961.96	-446.7281	-606.6738	0.7041029
961.97	-446.566	-606.6725	0.7041357
961.98	-446.4041	-606.6714	0.7041712
961.99	-446.2421	-606.6702	0.7042095
962	-446.0801	-606.6689	0.7042504
962.0099	-445.9182	-606.6678	0.7042937
962.02	-445.7562	-606.6667	0.7043395
962.03	-445.5943	-606.6655	0.7043875
962.04	-445.4324	-606.6644	0.7044377
962.05	-445.2705	-606.6633	0.7044899
962.06	-445.1086	-606.6621	0.7045443
962.07	-444.9467	-606.661	0.7046005
962.08	-444.7849	-606.66	0.7046585
962.09	-444.6231	-606.6589	0.7047183
962.1	-444.4613	-606.6578	0.7047797
962.11	-444.2995	-606.6567	0.7048428
962.12	-444.1377	-606.6557	0.7049074
962.13	-443.976	-606.6547	0.7049732
962.14	-443.8142	-606.6537	0.7050401
962.15	-443.6525	-606.6527	0.7051083
962.16	-443.4908	-606.6517	0.7051775
962.17	-443.3291	-606.6508	0.7052479
962.18	-443.1674	-606.6498	0.7053186
962.19	-443.0058	-606.6489	0.7053899
962.2	-442.8441	-606.648	0.7054615
962.21	-442.6825	-606.6472	0.7055335
962.22	-442.5209	-606.6462	0.7056059
962.23	-442.3593	-606.6454	0.7056787
962.24	-442.1977	-606.6445	0.7057511
962.25	-442.0362	-606.6437	0.7058231
962.2599	-441.8746	-606.6429	0.7058946
962.27	-441.7131	-606.642	0.7059658
962.28	-441.5516	-606.6413	0.7060367
962.29	-441.3901	-606.6405	0.7061065
962.3	-441.2286	-606.6398	0.7061755
962.31	-441.0672	-606.639	0.7062436
962.32	-440.9057	-606.6384	0.706311
962.33	-440.7443	-606.6376	0.7063774
962.34	-440.5829	-606.637	0.7064425
962.35	-440.4215	-606.6364	0.706506
962.36	-440.2601	-606.6357	0.7065682
962.37	-440.0988	-606.6351	0.7066291
962.38	-439.9374	-606.6345	0.7066886
962.39	-439.7761	-606.6339	0.7067461
962.4	-439.6148	-606.6333	0.7068015
962.41	-439.4535	-606.6328	0.7068549
962.42	-439.2922	-606.6323	0.7069066
962.43	-439.131	-606.6317	0.7069563
962.44	-438.9698	-606.6312	0.707004
962.45	-438.8085	-606.6307	0.7070497
962.46	-438.6473	-606.6302	0.7070934
962.47	-438.4861	-606.6298	0.7071353
962.48	-438.325	-606.6293	0.7071754
962.49	-438.1638	-606.629	0.7072138
962.5	-438.0027	-606.6285	0.7072503
962.5099	-437.8416	-606.6281	0.7072852
