672.99	-648.6924	-607.7589	0.7089463
673	-648.5784	-607.7595	0.7088919
673.01	-648.4642	-607.7602	0.7088373
673.02	-648.3501	-607.7608	0.7087824
673.03	-648.236	-607.7614	0.7087271
673.04	-648.1218	-607.762	0.7086716
673.05	-648.0076	-607.7626	0.7086159
673.06	-647.8934	-607.7632	0.70856
673.07	-647.7792	-607.7637	0.7085037
673.08	-647.665	-607.7642	0.7084473
673.09	-647.5508	-607.7648	0.7083908
673.1	-647.4366	-607.7653	0.708334
673.11	-647.3224	-607.7657	0.708277
673.12	-647.2082	-607.7662	0.7082199
673.13	-647.0939	-607.7667	0.7081627
673.14	-646.9797	-607.7672	0.7081053
673.15	-646.8654	-607.7675	0.7080476
673.16	-646.7512	-607.7679	0.7079896
673.17	-646.6369	-607.7683	0.7079312
673.18	-646.5226	-607.7687	0.7078725
673.19	-646.4083	-607.769	0.7078136
673.2	-646.2939	-607.7693	0.7077544
673.21	-646.1796	-607.7697	0.7076942
673.22	-646.0653	-607.77	0.707633
673.23	-645.951	-607.7702	0.7075707
673.24	-645.8367	-607.7705	0.7075077
673.25	-645.7224	-607.7707	0.7074431
673.26	-645.608	-607.7709	0.7073773
673.27	-645.4937	-607.7711	0.7073102
673.28	-645.3793	-607.7712	0.707242
673.29	-645.2649	-607.7714	0.7071726
673.3	-645.1505	-607.7715	0.7071021
673.31	-645.0361	-607.7716	0.7070304
673.32	-644.9218	-607.7717	0.7069578
673.33	-644.8074	-607.7717	0.7068841
673.34	-644.6929	-607.7717	0.7068096
673.35	-644.5786	-607.7718	0.7067342
673.36	-644.4642	-607.7717	0.7066579
673.37	-644.3497	-607.7717	0.7065809
673.38	-644.2353	-607.7716	0.7065032
673.39	-644.1208	-607.7715	0.7064248
673.4	-644.0064	-607.7714	0.7063457
673.41	-643.892	-607.7712	0.706266
673.42	-643.7775	-607.7711	0.7061858
673.43	-643.6631	-607.7709	0.706105
673.44	-643.5486	-607.7708	0.7060237
673.45	-643.4341	-607.7705	0.705942
673.46	-643.3196	-607.7703	0.7058598
673.47	-643.2051	-607.77	0.7057773
673.48	-643.0906	-607.7697	0.7056945
673.49	-642.9761	-607.7693	0.7056113
673.5	-642.8616	-607.769	0.7055281
673.51	-642.7471	-607.7686	0.7054451
673.52	-642.6326	-607.7682	0.7053621
673.53	-642.5181	-607.7678	0.7052791
673.54	-642.4036	-607.7673	0.7051963
673.55	-642.289	-607.7669	0.7051134
673.56	-642.1744	-607.7664	0.7050314
673.57	-642.0599	-607.7659	0.7049503
673.58	-641.9453	-607.7654	0.7048699
673.59	-641.8307	-607.7648	0.7047903
673.6	-641.7162	-607.7642	0.7047122
673.61	-641.6016	-607.7637	0.7046354
673.62	-641.4871	-607.763	0.7045602
673.63	-641.3724	-607.7624	0.704486
673.64	-641.2578	-607.7617	0.7044132
673.65	-641.1432	-607.761	0.7043427
673.66	-641.0286	-607.7603	0.7042743
673.67	-640.914	-607.7596	0.7042081
673.68	-640.7994	-607.7589	0.7041438
673.69	-640.6848	-607.7582	0.7040815
673.7	-640.5701	-607.7574	0.704022
673.71	-640.4555	-607.7567	0.7039655
673.72	-640.3409	-607.7559	0.7039115
673.73	-640.2262	-607.7551	0.70386
673.74	-640.1115	-607.7543	0.7038109
673.75	-639.9968	-607.7535	0.7037648
673.76	-639.8821	-607.7527	0.7037214
673.77	-639.7675	-607.7518	0.7036807
673.78	-639.6528	-607.7509	0.7036424
673.79	-639.5381	-607.7501	0.7036064
673.8	-639.4233	-607.7492	0.7035726
673.81	-639.3087	-607.7483	0.703541
673.82	-639.194	-607.7474	0.7035116
673.83	-639.0792	-607.7465	0.7034842
673.84	-638.9645	-607.7455	0.7034585
673.85	-638.8497	-607.7446	0.7034346
673.86	-638.735	-607.7437	0.7034123
673.87	-638.6202	-607.7427	0.7033916
673.88	-638.5055	-607.7417	0.7033723
673.89	-638.3907	-607.7407	0.7033544
673.9	-638.276	-607.7397	0.7033378
673.91	-638.1613	-607.7388	0.7033224
673.92	-638.0464	-607.7377	0.7033081
673.93	-637.9316	-607.7367	0.7032949
673.94	-637.8168	-607.7357	0.7032828
673.95	-637.702	-607.7346	0.7032716
673.96	-637.5872	-607.7336	0.7032613
673.97	-637.4724	-607.7325	0.7032518
673.98	-637.3576	-607.7314	0.7032431
673.99	-637.2427	-607.7303	0.7032352
674	-637.1279	-607.7292	0.703228
674.01	-637.0131	-607.7281	0.7032214
674.02	-636.8983	-607.7271	0.7032156
674.03	-636.7834	-607.726	0.7032103
674.04	-636.6685	-607.7249	0.7032055
674.05	-636.5536	-607.7238	0.7032014
674.06	-636.4388	-607.7227	0.7031976
674.07	-636.3239	-607.7215	0.7031943
674.08	-636.209	-607.7203	0.7031916
674.09	-636.0941	-607.7192	0.7031892
674.1	-635.9792	-607.718	0.7031871
674.11	-635.8644	-607.7169	0.7031855
674.12	-635.7495	-607.7157	0.7031842
674.13	-635.6345	-607.7145	0.7031832
674.14	-635.5196	-607.7134	0.7031826
674.15	-635.4047	-607.7122	0.7031822
674.16	-635.2897	-607.7111	0.7031821
674.17	-635.1748	-607.7099	0.7031823
674.18	-635.0599	-607.7087	0.7031828
674.19	-634.9449	-607.7076	0.7031834
674.2	-634.83	-607.7064	0.7031842
674.21	-634.715	-607.7051	0.7031853
674.22	-634.6001	-607.7039	0.7031866
674.23	-634.4852	-607.7027	0.7031881
674.24	-634.3702	-607.7015	0.7031897
674.25	-634.2552	-607.7003	0.7031915
674.26	-634.1403	-607.699	0.7031935
674.27	-634.0253	-607.6978	0.7031956
674.28	-633.9104	-607.6966	0.7031979
674.29	-633.7955	-607.6954	0.7032002
674.3	-633.6805	-607.6942	0.7032028
674.31	-633.5656	-607.6929	0.7032054
674.32	-633.4507	-607.6917	0.7032081
674.33	-633.3358	-607.6905	0.7032109
674.34	-633.2208	-607.6893	0.7032139
674.35	-633.1059	-607.688	0.703217
674.36	-632.991	-607.6868	0.7032201
674.37	-632.876	-607.6856	0.7032234
674.38	-632.7611	-607.6844	0.7032267
674.39	-632.6462	-607.6832	0.7032301
674.4	-632.5313	-607.6819	0.7032337
674.41	-632.4164	-607.6807	0.7032372
674.42	-632.3016	-607.6795	0.7032409
674.43	-632.1867	-607.6783	0.7032446
674.44	-632.0718	-607.6771	0.7032483
674.45	-631.957	-607.6758	0.7032521
674.46	-631.8421	-607.6747	0.703256
674.47	-631.7272	-607.6735	0.7032599
674.48	-631.6124	-607.6722	0.7032638
674.49	-631.4975	-607.671	0.7032678
674.5	-631.3827	-607.6698	0.7032719
674.51	-631.2679	-607.6686	0.703276
674.52	-631.1531	-607.6674	0.7032801
674.53	-631.0383	-607.6661	0.7032842
674.54	-630.9235	-607.6649	0.7032884
674.55	-630.8087	-607.6637	0.7032925
674.56	-630.6938	-607.6625	0.7032968
674.57	-630.579	-607.6613	0.7033011
674.58	-630.4642	-607.66	0.7033054
674.59	-630.3494	-607.6588	0.7033097
674.6	-630.2347	-607.6576	0.703314
674.61	-630.1199	-607.6564	0.7033184
674.62	-630.0052	-607.6552	0.7033228
674.63	-629.8904	-607.6539	0.7033272
674.64	-629.7757	-607.6527	0.7033316
674.65	-629.6609	-607.6515	0.7033361
674.66	-629.5462	-607.6503	0.7033405
674.67	-629.4315	-607.649	0.703345
674.68	-629.3167	-607.6478	0.7033495
674.69	-629.202	-607.6466	0.703354
674.7	-629.0873	-607.6454	0.7033585
674.71	-628.9726	-607.6442	0.7033631
674.72	-628.8579	-607.6429	0.7033677
674.73	-628.7432	-607.6417	0.7033723
674.74	-628.6285	-607.6405	0.7033768
674.75	-628.5139	-607.6393	0.7033814
674.76	-628.3992	-607.6381	0.7033861
674.77	-628.2846	-607.6368	0.7033907
674.78	-628.17	-607.6356	0.7033954
674.79	-628.0554	-607.6344	0.7034
674.8	-627.9408	-607.6332	0.7034045
674.81	-627.8262	-607.632	0.703409
674.82	-627.7117	-607.6308	0.7034132
674.83	-627.5971	-607.6296	0.7034175
674.84	-627.4825	-607.6284	0.7034217
674.85	-627.368	-607.6271	0.7034253
674.86	-627.2535	-607.6259	0.7034284
674.87	-627.139	-607.6247	0.7034311
674.88	-627.0245	-607.6235	0.7034334
674.89	-626.91	-607.6223	0.7034352
674.9	-626.7955	-607.621	0.7034355
674.91	-626.6811	-607.6198	0.7034343
674.92	-626.5667	-607.6186	0.7034318
674.93	-626.4522	-607.6174	0.703428
674.94	-626.3378	-607.6161	0.7034229
674.95	-626.2233	-607.6149	0.7034154
674.96	-626.1089	-607.6137	0.7034057
674.97	-625.9946	-607.6124	0.7033937
674.98	-625.8802	-607.6112	0.7033799
674.99	-625.7658	-607.61	0.703364
675	-625.6514	-607.6087	0.7033465
675.01	-625.537	-607.6074	0.7033262
675.02	-625.4227	-607.6061	0.7033035
675.03	-625.3084	-607.6049	0.7032784
675.04	-625.1941	-607.6035	0.7032511
675.05	-625.0798	-607.6022	0.7032216
675.06	-624.9655	-607.601	0.7031901
675.07	-624.8512	-607.5996	0.7031567
675.08	-624.7369	-607.5983	0.7031214
675.09	-624.6227	-607.5969	0.7030844
675.1	-624.5084	-607.5955	0.7030463
675.11	-624.3942	-607.5942	0.7030071
675.12	-624.2799	-607.5928	0.7029668
675.13	-624.1657	-607.5914	0.7029255
675.14	-624.0515	-607.5901	0.7028834
675.15	-623.9373	-607.5887	0.702841
675.16	-623.8231	-607.5873	0.7027984
675.17	-623.7089	-607.5858	0.7027556
675.18	-623.5948	-607.5844	0.7027128
675.19	-623.4807	-607.583	0.7026696
675.2	-623.3665	-607.5815	0.7026274
675.21	-623.2524	-607.5801	0.7025859
675.22	-623.1382	-607.5787	0.7025449
675.23	-623.0241	-607.5773	0.7025048
675.24	-622.91	-607.5758	0.7024651
675.25	-622.796	-607.5743	0.702427
675.26	-622.6819	-607.5729	0.7023902
675.27	-622.5678	-607.5714	0.7023547
675.28	-622.4537	-607.5699	0.7023204
675.29	-622.3397	-607.5684	0.7022872
675.3	-622.2257	-607.567	0.7022555
675.31	-622.1117	-607.5655	0.7022254
675.32	-621.9977	-607.564	0.7021967
675.33	-621.8837	-607.5625	0.7021694
675.34	-621.7697	-607.561	0.7021433
675.35	-621.6557	-607.5595	0.7021185
675.36	-621.5417	-607.558	0.7020949
675.37	-621.4278	-607.5565	0.7020726
675.38	-621.3138	-607.5549	0.7020514
675.39	-621.1999	-607.5533	0.7020313
675.4	-621.086	-607.5518	0.7020122
675.41	-620.9721	-607.5503	0.7019941
675.42	-620.8582	-607.5488	0.7019768
675.43	-620.7443	-607.5472	0.7019604
675.44	-620.6304	-607.5457	0.7019448
675.45	-620.5166	-607.5442	0.70193
675.46	-620.4028	-607.5426	0.7019159
675.47	-620.2889	-607.541	0.7019024
675.48	-620.1751	-607.5394	0.7018896
675.49	-620.0613	-607.5378	0.7018772
675.5	-619.9474	-607.5362	0.7018656
675.51	-619.8337	-607.5346	0.7018545
675.52	-619.7199	-607.533	0.701844
675.53	-619.6061	-607.5314	0.7018341
675.54	-619.4924	-607.5298	0.7018246
675.55	-619.3786	-607.5283	0.7018158
675.56	-619.2648	-607.5267	0.7018074
675.57	-619.1511	-607.5251	0.7017996
675.58	-619.0373	-607.5234	0.7017922
675.59	-618.9235	-607.5218	0.7017854
675.6	-618.8098	-607.5201	0.7017793
675.61	-618.6961	-607.5185	0.701774
675.62	-618.5824	-607.5168	0.7017693
675.63	-618.4687	-607.5152	0.7017652
675.64	-618.355	-607.5135	0.7017619
675.65	-618.2413	-607.5119	0.7017595
675.66	-618.1276	-607.5103	0.701758
675.67	-618.0139	-607.5086	0.7017574
675.68	-617.9001	-607.507	0.7017576
675.69	-617.7864	-607.5053	0.7017586
675.7	-617.6728	-607.5037	0.7017605
675.71	-617.5591	-607.502	0.7017635
675.72	-617.4455	-607.5004	0.7017673
675.73	-617.3318	-607.4987	0.7017719
675.74	-617.2182	-607.4971	0.7017773
675.75	-617.1046	-607.4954	0.7017835
675.76	-616.991	-607.4938	0.7017904
675.77	-616.8774	-607.4921	0.701798
675.78	-616.7638	-607.4905	0.7018061
675.79	-616.6502	-607.4888	0.7018148
675.8	-616.5366	-607.4872	0.7018241
675.81	-616.423	-607.4855	0.7018339
675.82	-616.3094	-607.4839	0.701844
675.83	-616.1959	-607.4822	0.7018547
675.84	-616.0823	-607.4806	0.7018658
675.85	-615.9688	-607.4789	0.7018771
675.86	-615.8552	-607.4774	0.7018886
675.87	-615.7417	-607.4757	0.7019004
675.88	-615.6282	-607.4741	0.7019125
675.89	-615.5146	-607.4724	0.7019247
675.9	-615.4011	-607.4708	0.7019362
675.91	-615.2876	-607.4691	0.7019472
675.92	-615.1741	-607.4675	0.7019576
675.93	-615.0605	-607.4658	0.7019674
675.94	-614.947	-607.4642	0.7019768
675.95	-614.8336	-607.4625	0.701984
675.96	-614.7201	-607.4609	0.7019895
675.97	-614.6066	-607.4592	0.701993
675.98	-614.4932	-607.4576	0.701995
675.99	-614.3797	-607.4559	0.7019953
676	-614.2662	-607.4543	0.7019923
676.01	-614.1528	-607.4526	0.7019863
676.02	-614.0393	-607.4509	0.7019772
676.03	-613.9258	-607.4492	0.7019653
676.04	-613.8124	-607.4475	0.7019508
676.05	-613.6989	-607.4458	0.7019339
676.06	-613.5855	-607.4441	0.7019134
676.07	-613.4721	-607.4424	0.7018895
676.08	-613.3587	-607.4406	0.7018625
676.09	-613.2453	-607.4388	0.7018325
676.1	-613.132	-607.4371	0.7017996
676.11	-613.0186	-607.4353	0.7017639
676.12	-612.9053	-607.4335	0.7017256
676.13	-612.7919	-607.4317	0.7016849
676.14	-612.6786	-607.4299	0.7016419
676.15	-612.5652	-607.4281	0.7015966
676.16	-612.4519	-607.4262	0.7015494
676.17	-612.3386	-607.4244	0.7015002
676.18	-612.2252	-607.4225	0.7014492
676.19	-612.1119	-607.4207	0.7013965
676.2	-611.9986	-607.4188	0.7013421
676.21	-611.8853	-607.4169	0.7012863
676.22	-611.772	-607.4149	0.7012291
676.23	-611.6588	-607.413	0.7011705
676.24	-611.5455	-607.4111	0.7011106
676.25	-611.4322	-607.4091	0.7010497
676.26	-611.3189	-607.4072	0.7009877
676.27	-611.2056	-607.4052	0.7009248
676.28	-611.0923	-607.4032	0.700861
676.29	-610.9791	-607.4012	0.7007964
676.3	-610.8658	-607.3992	0.7007312
676.31	-610.7526	-607.3971	0.7006657
676.32	-610.6394	-607.3951	0.7005998
676.33	-610.5262	-607.3931	0.7005334
676.34	-610.413	-607.3909	0.7004669
676.35	-610.2998	-607.3889	0.7004004
676.36	-610.1866	-607.3867	0.7003341
676.37	-610.0735	-607.3846	0.7002679
676.38	-609.9603	-607.3824	0.7002019
676.39	-609.8472	-607.3803	0.7001361
676.4	-609.734	-607.3782	0.7000708
676.41	-609.6208	-607.376	0.7000063
676.42	-609.5077	-607.3738	0.6999422
676.43	-609.3945	-607.3715	0.6998788
676.44	-609.2814	-607.3693	0.6998159
676.45	-609.1683	-607.3671	0.6997536
676.46	-609.0552	-607.3649	0.6996922
676.47	-608.9421	-607.3626	0.6996315
676.48	-608.829	-607.3603	0.6995714
676.49	-608.7159	-607.358	0.6995119
676.5	-608.6028	-607.3558	0.6994532
676.51	-608.4897	-607.3534	0.6993949
676.52	-608.3766	-607.3511	0.6993373
676.53	-608.2635	-607.3487	0.6992802
676.54	-608.1504	-607.3464	0.6992236
676.55	-608.0374	-607.344	0.6991674
676.56	-607.9243	-607.3416	0.6991118
676.57	-607.8113	-607.3392	0.6990565
676.58	-607.6982	-607.3367	0.6990017
676.59	-607.5852	-607.3342	0.6989472
676.6	-607.4722	-607.3318	0.6988931
676.61	-607.3591	-607.3293	0.6988395
676.62	-607.2461	-607.3268	0.6987862
676.63	-607.1331	-607.3243	0.6987333
676.64	-607.02	-607.3217	0.6986808
676.65	-606.907	-607.3192	0.6986291
676.66	-606.7941	-607.3167	0.698578
676.67	-606.6811	-607.314	0.6985276
676.68	-606.5681	-607.3115	0.6984779
676.69	-606.4551	-607.3089	0.6984286
676.7	-606.3422	-607.3062	0.6983808
676.71	-606.2293	-607.3036	0.6983342
676.72	-606.1164	-607.301	0.6982889
676.73	-606.0035	-607.2983	0.6982446
676.74	-605.8906	-607.2957	0.6982014
676.75	-605.7776	-607.293	0.6981602
676.76	-605.6647	-607.2903	0.6981208
676.77	-605.5518	-607.2876	0.6980832
676.78	-605.4389	-607.2849	0.6980473
676.79	-605.326	-607.2822	0.6980128
676.8	-605.2131	-607.2795	0.6979804
676.81	-605.1002	-607.2767	0.6979499
676.82	-604.9873	-607.2739	0.697921
676.83	-604.8744	-607.2712	0.6978939
676.84	-604.7615	-607.2684	0.6978684
676.85	-604.6486	-607.2657	0.6978444
676.86	-604.5357	-607.2629	0.6978218
676.87	-604.4229	-607.2602	0.6978007
676.88	-604.31	-607.2574	0.6977808
676.89	-604.1971	-607.2545	0.6977623
676.9	-604.0843	-607.2517	0.6977448
676.91	-603.9714	-607.2489	0.6977286
676.92	-603.8586	-607.2461	0.6977133
676.93	-603.7457	-607.2433	0.6976991
676.94	-603.6329	-607.2405	0.6976858
676.95	-603.52	-607.2377	0.6976733
676.96	-603.4072	-607.2348	0.6976618
676.97	-603.2943	-607.2319	0.697651
676.98	-603.1815	-607.2291	0.697641
676.99	-603.0686	-607.2262	0.6976316
677	-602.9558	-607.2233	0.6976229
677.01	-602.843	-607.2204	0.6976148
677.02	-602.7302	-607.2175	0.6976073
677.03	-602.6174	-607.2147	0.6976004
677.04	-602.5046	-607.2118	0.697594
677.05	-602.3918	-607.2089	0.697588
677.06	-602.2791	-607.2059	0.6975826
677.07	-602.1663	-607.203	0.6975776
677.08	-602.0535	-607.2001	0.697573
677.09	-601.9407	-607.1971	0.6975688
677.1	-601.8279	-607.1942	0.697565
677.11	-601.7151	-607.1913	0.6975615
677.12	-601.6023	-607.1884	0.6975585
677.13	-601.4895	-607.1854	0.6975557
677.14	-601.3767	-607.1825	0.6975533
677.15	-601.2639	-607.1796	0.6975512
677.16	-601.1511	-607.1766	0.6975495
677.17	-601.0383	-607.1737	0.697548
677.18	-600.9255	-607.1708	0.6975468
677.19	-600.8127	-607.1678	0.6975459
677.2	-600.7	-607.1648	0.6975453
677.21	-600.5872	-607.1618	0.6975451
677.22	-600.4744	-607.1588	0.6975449
677.23	-600.3616	-607.1558	0.6975451
677.24	-600.2488	-607.1528	0.6975453
677.25	-600.136	-607.1498	0.697546
677.26	-600.0232	-607.1469	0.6975468
677.27	-599.9104	-607.1439	0.6975477
677.28	-599.7976	-607.1409	0.6975489
677.29	-599.6848	-607.1379	0.6975503
677.3	-599.572	-607.1349	0.6975519
677.31	-599.4592	-607.1319	0.6975537
677.32	-599.3464	-607.1289	0.6975558
677.33	-599.2336	-607.1259	0.697558
677.34	-599.1208	-607.1229	0.6975604
677.35	-599.0081	-607.1199	0.6975632
677.36	-598.8953	-607.1169	0.6975663
677.37	-598.7825	-607.114	0.6975698
677.38	-598.6697	-607.111	0.6975735
677.39	-598.5569	-607.108	0.6975775
677.4	-598.4441	-607.105	0.6975821
677.41	-598.3313	-607.102	0.697587
677.42	-598.2185	-607.099	0.6975922
677.43	-598.1057	-607.096	0.6975979
677.44	-597.9929	-607.093	0.697604
677.45	-597.8801	-607.09	0.6976104
677.46	-597.7673	-607.087	0.6976174
677.47	-597.6545	-607.0841	0.6976247
677.48	-597.5417	-607.0811	0.6976325
677.49	-597.4289	-607.0781	0.6976406
677.5	-597.3161	-607.0751	0.6976491
677.51	-597.2033	-607.0721	0.6976579
677.52	-597.0905	-607.0692	0.6976671
677.53	-596.9777	-607.0662	0.6976765
677.54	-596.8648	-607.0632	0.6976863
677.55	-596.752	-607.0602	0.6976962
677.56	-596.6392	-607.0572	0.6977064
677.57	-596.5263	-607.0542	0.6977168
677.58	-596.4135	-607.0512	0.6977276
677.59	-596.3006	-607.0482	0.6977385
677.6	-596.1877	-607.0452	0.6977496
677.61	-596.0749	-607.0422	0.6977609
677.62	-595.962	-607.0393	0.6977724
677.63	-595.8491	-607.0364	0.697784
677.64	-595.7362	-607.0335	0.6977958
677.65	-595.6234	-607.0306	0.6978077
677.66	-595.5104	-607.0276	0.6978198
677.67	-595.3975	-607.0247	0.697832
677.68	-595.2846	-607.0218	0.6978443
677.69	-595.1717	-607.0189	0.6978567
677.7	-595.0588	-607.0159	0.6978692
677.71	-594.9459	-607.013	0.6978819
677.72	-594.8329	-607.0101	0.6978946
677.73	-594.7199	-607.0071	0.6979074
677.74	-594.6069	-607.0042	0.6979204
677.75	-594.494	-607.0013	0.6979333
677.76	-594.381	-606.9984	0.6979464
677.77	-594.268	-606.9955	0.6979595
677.78	-594.155	-606.9926	0.6979727
677.79	-594.0419	-606.9896	0.697986
677.8	-593.9289	-606.9867	0.6979994
677.81	-593.8159	-606.9838	0.6980127
677.82	-593.7028	-606.9808	0.6980261
677.83	-593.5897	-606.9779	0.6980396
677.84	-593.4766	-606.975	0.6980531
677.85	-593.3636	-606.9721	0.6980667
677.86	-593.2505	-606.9692	0.6980803
677.87	-593.1374	-606.9664	0.698094
677.88	-593.0243	-606.9636	0.6981077
677.89	-592.9111	-606.9607	0.6981215
677.9	-592.798	-606.9578	0.6981353
677.91	-592.6849	-606.955	0.6981492
677.92	-592.5717	-606.9521	0.6981631
677.93	-592.4586	-606.9492	0.698177
677.94	-592.3454	-606.9464	0.698191
677.95	-592.2322	-606.9435	0.698205
677.96	-592.1191	-606.9406	0.6982191
677.97	-592.0059	-606.9377	0.6982331
677.98	-591.8926	-606.9349	0.6982473
677.99	-591.7794	-606.9321	0.6982613
678	-591.6662	-606.9292	0.6982754
678.01	-591.553	-606.9263	0.6982896
678.02	-591.4397	-606.9235	0.6983038
678.03	-591.3264	-606.9207	0.6983179
678.04	-591.2131	-606.9179	0.6983321
678.05	-591.0999	-606.9151	0.6983461
678.06	-590.9866	-606.9123	0.6983597
678.07	-590.8733	-606.9095	0.6983731
678.08	-590.7599	-606.9067	0.6983862
678.09	-590.6466	-606.9039	0.698399
678.1	-590.5333	-606.9011	0.6984109
678.11	-590.4199	-606.8983	0.698422
678.12	-590.3066	-606.8955	0.6984321
678.13	-590.1932	-606.8927	0.6984415
678.14	-590.0798	-606.8899	0.6984502
678.15	-589.9665	-606.8871	0.6984571
678.16	-589.8531	-606.8843	0.6984624
678.17	-589.7397	-606.8815	0.6984662
678.18	-589.6263	-606.8787	0.6984685
678.19	-589.5128	-606.8759	0.6984695
678.2	-589.3994	-606.873	0.6984683
678.21	-589.2859	-606.8702	0.6984652
678.22	-589.1725	-606.8674	0.6984602
678.23	-589.059	-606.8646	0.6984535
678.24	-588.9456	-606.8618	0.698445
678.25	-588.8321	-606.859	0.6984349
678.26	-588.7186	-606.8562	0.6984231
678.27	-588.6051	-606.8534	0.6984097
678.28	-588.4916	-606.8505	0.6983949
678.29	-588.3781	-606.8476	0.6983786
678.3	-588.2645	-606.8447	0.6983612
678.31	-588.151	-606.8419	0.6983425
678.32	-588.0374	-606.839	0.6983229
678.33	-587.9238	-606.8361	0.6983021
678.34	-587.8102	-606.8333	0.6982803
678.35	-587.6967	-606.8304	0.6982578
678.36	-587.5831	-606.8275	0.6982346
678.37	-587.4695	-606.8246	0.6982105
678.38	-587.3558	-606.8217	0.6981857
678.39	-587.2422	-606.8188	0.6981604
678.4	-587.1285	-606.816	0.6981345
678.41	-587.0149	-606.8131	0.698108
678.42	-586.9012	-606.8102	0.6980813
678.43	-586.7876	-606.8072	0.698054
678.44	-586.6739	-606.8043	0.6980264
678.45	-586.5602	-606.8013	0.6979986
678.46	-586.4465	-606.7984	0.6979707
678.47	-586.3328	-606.7955	0.6979427
678.48	-586.2191	-606.7925	0.6979146
678.49	-586.1053	-606.7896	0.6978863
678.5	-585.9916	-606.7866	0.6978586
678.51	-585.8779	-606.7837	0.6978315
678.52	-585.7641	-606.7808	0.6978048
678.53	-585.6503	-606.7778	0.6977785
678.54	-585.5366	-606.7748	0.6977527
678.55	-585.4228	-606.7719	0.6977282
678.56	-585.309	-606.7689	0.6977049
678.57	-585.1952	-606.7659	0.6976827
678.58	-585.0814	-606.7629	0.6976616
678.59	-584.9675	-606.7599	0.6976416
678.6	-584.8537	-606.757	0.6976229
678.61	-584.7399	-606.7539	0.6976056
678.62	-584.626	-606.7509	0.6975896
678.63	-584.5121	-606.7479	0.6975748
678.64	-584.3982	-606.7449	0.6975611
678.65	-584.2843	-606.7419	0.6975487
678.66	-584.1704	-606.739	0.6975375
678.67	-584.0565	-606.736	0.6975274
678.68	-583.9425	-606.733	0.6975184
678.69	-583.8286	-606.73	0.6975104
678.7	-583.7146	-606.727	0.6975032
678.71	-583.6006	-606.724	0.6974971
678.72	-583.4867	-606.721	0.6974917
678.73	-583.3727	-606.718	0.6974871
678.74	-583.2587	-606.715	0.6974832
678.75	-583.1447	-606.712	0.6974801
678.76	-583.0306	-606.709	0.6974777
678.77	-582.9166	-606.7061	0.6974759
678.78	-582.8026	-606.7031	0.6974748
678.79	-582.6885	-606.7001	0.6974744
678.8	-582.5744	-606.6971	0.6974748
678.81	-582.4603	-606.694	0.697476
678.82	-582.3463	-606.691	0.697478
678.83	-582.2321	-606.6879	0.6974807
678.84	-582.118	-606.6849	0.6974841
678.85	-582.0038	-606.6818	0.6974882
678.86	-581.8897	-606.6788	0.6974938
678.87	-581.7755	-606.6757	0.6975009
678.88	-581.6613	-606.6727	0.6975092
678.89	-581.5471	-606.6697	0.6975189
678.9	-581.4329	-606.6667	0.6975306
678.91	-581.3187	-606.6638	0.6975444
678.92	-581.2045	-606.6608	0.69756
678.93	-581.0902	-606.6578	0.6975774
678.94	-580.976	-606.6548	0.6975965
678.95	-580.8616	-606.6518	0.6976172
678.96	-580.7474	-606.6489	0.6976406
678.97	-580.6331	-606.6459	0.6976665
678.98	-580.5187	-606.6429	0.6976948
678.99	-580.4044	-606.64	0.6977254
679	-580.2901	-606.637	0.6977589
679.01	-580.1757	-606.6342	0.697795
679.02	-580.0613	-606.6312	0.6978337
679.03	-579.947	-606.6283	0.6978748
679.04	-579.8325	-606.6254	0.6979182
679.05	-579.7181	-606.6226	0.6979643
679.06	-579.6037	-606.6197	0.6980126
679.07	-579.4893	-606.6168	0.6980633
679.08	-579.3748	-606.614	0.698116
679.09	-579.2603	-606.6111	0.6981708
679.1	-579.1458	-606.6083	0.6982277
679.11	-579.0313	-606.6056	0.6982865
679.12	-578.9167	-606.6028	0.698347
679.13	-578.8022	-606.6	0.6984093
679.14	-578.6876	-606.5972	0.6984732
679.15	-578.5731	-606.5945	0.6985386
679.16	-578.4585	-606.5918	0.6986054
679.17	-578.3439	-606.5891	0.6986736
679.18	-578.2292	-606.5864	0.698743
679.19	-578.1146	-606.5837	0.6988137
679.2	-578	-606.5811	0.6988854
679.21	-577.8853	-606.5784	0.6989582
679.22	-577.7706	-606.5758	0.699032
679.23	-577.6559	-606.5732	0.6991067
679.24	-577.5412	-606.5706	0.6991823
679.25	-577.4265	-606.568	0.6992587
679.26	-577.3118	-606.5655	0.6993359
679.27	-577.197	-606.5629	0.6994139
679.28	-577.0822	-606.5604	0.6994925
679.29	-576.9674	-606.5579	0.6995718
679.3	-576.8526	-606.5555	0.6996518
679.31	-576.7378	-606.553	0.6997323
679.32	-576.6229	-606.5506	0.6998134
679.33	-576.5081	-606.5482	0.6998949
679.34	-576.3932	-606.5458	0.6999769
679.35	-576.2783	-606.5434	0.7000594
679.36	-576.1634	-606.5411	0.7001424
679.37	-576.0485	-606.5388	0.7002257
679.38	-575.9335	-606.5364	0.7003095
679.39	-575.8185	-606.5342	0.7003935
679.4	-575.7036	-606.5319	0.700478
679.41	-575.5886	-606.5297	0.7005627
679.42	-575.4735	-606.5274	0.7006478
679.43	-575.3585	-606.5252	0.7007331
679.44	-575.2433	-606.523	0.7008187
679.45	-575.1283	-606.5209	0.7009045
679.46	-575.0132	-606.5188	0.7009906
679.47	-574.8981	-606.5167	0.701077
679.48	-574.7829	-606.5146	0.7011635
679.49	-574.6677	-606.5125	0.7012502
679.5	-574.5526	-606.5105	0.7013372
679.51	-574.4373	-606.5085	0.7014242
679.52	-574.3221	-606.5065	0.7015115
679.53	-574.2068	-606.5046	0.7015989
679.54	-574.0915	-606.5026	0.7016865
679.55	-573.9762	-606.5007	0.7017742
679.56	-573.8609	-606.4988	0.701862
679.57	-573.7455	-606.497	0.70195
679.58	-573.6302	-606.4951	0.702038
679.59	-573.5148	-606.4933	0.7021263
679.6	-573.3994	-606.4916	0.7022145
679.61	-573.2839	-606.4898	0.7023029
679.62	-573.1685	-606.4881	0.7023914
679.63	-573.053	-606.4864	0.70248
679.64	-572.9374	-606.4847	0.7025686
679.65	-572.8219	-606.4831	0.7026573
679.66	-572.7064	-606.4814	0.7027461
679.67	-572.5908	-606.4799	0.702835
679.68	-572.4752	-606.4783	0.7029239
679.69	-572.3596	-606.4767	0.7030129
679.7	-572.244	-606.4752	0.7031019
679.71	-572.1283	-606.4738	0.7031909
679.72	-572.0126	-606.4723	0.7032798
679.73	-571.8969	-606.4708	0.7033687
679.74	-571.7812	-606.4694	0.7034575
679.75	-571.6655	-606.468	0.703546
679.76	-571.5497	-606.4667	0.7036343
679.77	-571.4339	-606.4654	0.7037222
679.78	-571.3181	-606.4641	0.7038099
679.79	-571.2023	-606.4628	0.7038972
679.8	-571.0864	-606.4615	0.7039836
679.81	-570.9706	-606.4603	0.7040692
679.82	-570.8547	-606.459	0.7041538
679.83	-570.7388	-606.4579	0.7042378
679.84	-570.6229	-606.4568	0.7043208
679.85	-570.5069	-606.4556	0.7044033
679.86	-570.3909	-606.4545	0.7044838
679.87	-570.275	-606.4534	0.7045625
679.88	-570.1589	-606.4524	0.7046396
679.89	-570.0429	-606.4513	0.704715
679.9	-569.9269	-606.4503	0.7047881
679.91	-569.8109	-606.4493	0.704859
679.92	-569.6948	-606.4483	0.7049279
679.93	-569.5787	-606.4473	0.7049948
679.94	-569.4626	-606.4464	0.7050599
679.95	-569.3464	-606.4454	0.7051234
679.96	-569.2303	-606.4445	0.7051848
679.97	-569.1141	-606.4437	0.7052442
679.98	-568.998	-606.4427	0.7053018
679.99	-568.8818	-606.4419	0.7053577
680	-568.7656	-606.4411	0.705412
680.01	-568.6494	-606.4402	0.7054647
680.02	-568.5331	-606.4395	0.7055159
680.03	-568.4169	-606.4387	0.7055658
680.04	-568.3006	-606.4379	0.7056142
680.05	-568.1843	-606.4372	0.7056616
680.06	-568.068	-606.4365	0.7057078
680.07	-567.9517	-606.4358	0.7057528
680.08	-567.8353	-606.4351	0.705797
680.09	-567.7189	-606.4344	0.7058401
680.1	-567.6025	-606.4338	0.7058823
680.11	-567.4861	-606.4331	0.7059235
680.12	-567.3698	-606.4325	0.705964
680.13	-567.2533	-606.4319	0.7060037
680.14	-567.1368	-606.4313	0.7060426
680.15	-567.0204	-606.4307	0.7060809
680.16	-566.9039	-606.4302	0.7061185
680.17	-566.7874	-606.4297	0.7061555
680.18	-566.6709	-606.4291	0.7061919
680.19	-566.5543	-606.4286	0.7062278
680.2	-566.4378	-606.4281	0.7062632
680.21	-566.3212	-606.4277	0.7062981
680.22	-566.2047	-606.4272	0.7063325
680.23	-566.088	-606.4267	0.7063665
680.24	-565.9714	-606.4263	0.7064002
680.25	-565.8547	-606.4259	0.7064336
680.26	-565.7381	-606.4255	0.7064669
680.27	-565.6214	-606.425	0.7065
680.28	-565.5047	-606.4247	0.706533
680.29	-565.388	-606.4243	0.7065659
680.3	-565.2713	-606.424	0.706599
680.31	-565.1545	-606.4236	0.7066323
680.32	-565.0378	-606.4233	0.7066658
680.33	-564.921	-606.423	0.7066994
680.34	-564.8042	-606.4228	0.7067333
680.35	-564.6874	-606.4225	0.7067678
680.36	-564.5706	-606.4222	0.7068029
680.37	-564.4537	-606.422	0.7068386
680.38	-564.3368	-606.4218	0.7068748
680.39	-564.2198	-606.4216	0.7069117
680.4	-564.103	-606.4214	0.7069494
680.41	-563.986	-606.4212	0.706988
680.42	-563.8691	-606.421	0.7070275
680.43	-563.7521	-606.421	0.7070678
680.44	-563.6351	-606.4208	0.7071089
680.45	-563.5181	-606.4207	0.7071514
680.46	-563.401	-606.4207	0.7071954
680.47	-563.2839	-606.4206	0.7072408
680.48	-563.1669	-606.4205	0.7072874
680.49	-563.0497	-606.4205	0.7073353
680.5	-562.9326	-606.4205	0.7073848
680.51	-562.8155	-606.4205	0.7074358
680.52	-562.6983	-606.4206	0.7074882
680.53	-562.5811	-606.4206	0.7075421
680.54	-562.4639	-606.4207	0.7075972
680.55	-562.3467	-606.4208	0.7076537
680.56	-562.2294	-606.4208	0.7077114
680.57	-562.1122	-606.421	0.7077703
680.58	-561.9949	-606.4211	0.7078304
680.59	-561.8776	-606.4213	0.7078915
680.6	-561.7603	-606.4215	0.7079536
680.61	-561.6429	-606.4217	0.7080166
680.62	-561.5255	-606.4219	0.7080805
680.63	-561.4081	-606.4222	0.7081453
680.64	-561.2907	-606.4224	0.7082108
680.65	-561.1733	-606.4227	0.7082771
680.66	-561.0558	-606.423	0.7083441
680.67	-560.9384	-606.4233	0.7084118
680.68	-560.8209	-606.4236	0.70848
680.69	-560.7033	-606.424	0.7085488
680.7	-560.5858	-606.4244	0.7086182
680.71	-560.4683	-606.4247	0.7086881
680.72	-560.3507	-606.4252	0.7087585
680.73	-560.2331	-606.4256	0.7088295
680.74	-560.1155	-606.4261	0.7089007
680.75	-559.9979	-606.4265	0.7089723
680.76	-559.8802	-606.4271	0.7090442
680.77	-559.7625	-606.4276	0.7091163
680.78	-559.6448	-606.4282	0.7091887
680.79	-559.5271	-606.4287	0.7092613
680.8	-559.4094	-606.4293	0.7093332
680.81	-559.2916	-606.4299	0.7094042
680.82	-559.1738	-606.4305	0.7094745
680.83	-559.056	-606.4312	0.7095441
680.84	-558.9382	-606.4318	0.7096131
680.85	-558.8204	-606.4325	0.7096796
680.86	-558.7025	-606.4332	0.7097439
680.87	-558.5847	-606.4339	0.7098058
680.88	-558.4667	-606.4346	0.7098657
680.89	-558.3488	-606.4354	0.7099237
680.9	-558.2309	-606.4361	0.7099782
680.91	-558.1129	-606.4368	0.7100295
680.92	-557.9949	-606.4376	0.7100778
680.93	-557.877	-606.4384	0.710123
680.94	-557.7589	-606.4391	0.7101656
680.95	-557.6409	-606.44	0.7102056
680.96	-557.5228	-606.4408	0.7102414
680.97	-557.4047	-606.4416	0.7102736
680.98	-557.2866	-606.4424	0.7103021
680.99	-557.1685	-606.4432	0.7103272
681	-557.0504	-606.444	0.7103484
681.01	-556.9323	-606.4448	0.7103658
681.02	-556.8141	-606.4457	0.7103796
681.03	-556.6959	-606.4465	0.7103901
681.04	-556.5776	-606.4474	0.7103974
681.05	-556.4594	-606.4482	0.7104014
681.06	-556.3412	-606.4491	0.7104023
681.07	-556.2229	-606.45	0.7104
681.08	-556.1046	-606.4508	0.7103951
681.09	-555.9863	-606.4517	0.7103875
681.1	-555.8679	-606.4525	0.7103773
681.11	-555.7496	-606.4534	0.7103647
681.12	-555.6312	-606.4542	0.7103499
681.13	-555.5128	-606.455	0.710333
681.14	-555.3943	-606.4559	0.7103141
681.15	-555.2759	-606.4567	0.7102934
681.16	-555.1574	-606.4576	0.7102708
681.17	-555.0389	-606.4584	0.7102466
681.18	-554.9204	-606.4593	0.7102208
681.19	-554.8019	-606.4601	0.7101935
681.2	-554.6833	-606.4609	0.7101647
681.21	-554.5648	-606.4618	0.7101347
681.22	-554.4462	-606.4626	0.7101033
681.23	-554.3276	-606.4635	0.7100708
681.24	-554.209	-606.4643	0.7100372
681.25	-554.0903	-606.4651	0.7100025
681.26	-553.9717	-606.466	0.7099668
681.27	-553.853	-606.4669	0.7099302
681.28	-553.7343	-606.4677	0.7098926
681.29	-553.6156	-606.4685	0.7098541
681.3	-553.4969	-606.4694	0.7098148
681.31	-553.3781	-606.4702	0.7097749
681.32	-553.2593	-606.471	0.7097341
681.33	-553.1405	-606.4719	0.7096927
681.34	-553.0217	-606.4727	0.7096506
681.35	-552.9028	-606.4734	0.709608
681.36	-552.784	-606.4742	0.7095647
681.37	-552.6651	-606.475	0.7095209
681.38	-552.5462	-606.4758	0.7094766
681.39	-552.4272	-606.4765	0.7094318
681.4	-552.3083	-606.4773	0.7093866
681.41	-552.1893	-606.4781	0.709341
681.42	-552.0704	-606.4788	0.709295
681.43	-551.9514	-606.4795	0.7092487
681.44	-551.8323	-606.4802	0.7092021
681.45	-551.7133	-606.481	0.7091553
681.46	-551.5942	-606.4816	0.7091084
681.47	-551.4752	-606.4824	0.7090613
681.48	-551.3561	-606.4831	0.7090141
681.49	-551.2369	-606.4837	0.7089667
681.5	-551.1178	-606.4844	0.7089195
681.51	-550.9987	-606.485	0.7088726
681.52	-550.8795	-606.4857	0.7088256
681.53	-550.7603	-606.4863	0.7087788
681.54	-550.641	-606.4869	0.7087322
681.55	-550.5217	-606.4875	0.7086856
681.56	-550.4025	-606.4881	0.7086397
681.57	-550.2832	-606.4887	0.7085946
681.58	-550.1639	-606.4893	0.7085502
681.59	-550.0446	-606.4899	0.7085062
681.6	-549.9252	-606.4904	0.7084635
681.61	-549.8058	-606.491	0.708422
681.62	-549.6865	-606.4915	0.7083816
681.63	-549.5671	-606.492	0.7083421
681.64	-549.4476	-606.4926	0.7083037
681.65	-549.3282	-606.4931	0.7082669
681.66	-549.2087	-606.4936	0.7082313
681.67	-549.0892	-606.4941	0.7081972
681.68	-548.9697	-606.4946	0.7081643
681.69	-548.8502	-606.4951	0.7081327
681.7	-548.7306	-606.4955	0.7081028
681.71	-548.611	-606.496	0.7080745
681.72	-548.4914	-606.4965	0.7080477
681.73	-548.3718	-606.4969	0.7080224
681.74	-548.2521	-606.4974	0.7079984
681.75	-548.1324	-606.4979	0.707976
681.76	-548.0127	-606.4983	0.7079552
681.77	-547.8929	-606.4987	0.7079358
681.78	-547.7732	-606.4991	0.7079176
681.79	-547.6534	-606.4995	0.7079008
681.8	-547.5336	-606.4999	0.7078856
681.81	-547.4138	-606.5004	0.7078719
681.82	-547.2939	-606.5008	0.7078597
681.83	-547.174	-606.5012	0.7078489
681.84	-547.0541	-606.5016	0.7078394
681.85	-546.9341	-606.5021	0.7078316
681.86	-546.8142	-606.5025	0.7078256
681.87	-546.6942	-606.5029	0.7078212
681.88	-546.5742	-606.5032	0.7078182
681.89	-546.4542	-606.5036	0.7078167
681.9	-546.3341	-606.504	0.7078174
681.91	-546.2141	-606.5043	0.7078202
681.92	-546.0939	-606.5047	0.7078251
681.93	-545.9738	-606.5051	0.7078319
681.94	-545.8536	-606.5054	0.7078404
681.95	-545.7335	-606.5058	0.7078514
681.96	-545.6133	-606.5062	0.7078648
681.97	-545.493	-606.5065	0.7078804
681.98	-545.3728	-606.507	0.7078983
681.99	-545.2525	-606.5074	0.707918
682	-545.1322	-606.5079	0.7079402
682.01	-545.0119	-606.5083	0.7079647
682.02	-544.8915	-606.5087	0.7079914
682.03	-544.7712	-606.5092	0.7080201
682.04	-544.6508	-606.5096	0.7080507
682.05	-544.5303	-606.51	0.7080835
682.06	-544.4099	-606.5105	0.7081184
682.07	-544.2894	-606.5109	0.708155
682.08	-544.1689	-606.5114	0.7081936
682.09	-544.0484	-606.5118	0.7082338
682.1	-543.9279	-606.5124	0.7082757
682.11	-543.8073	-606.5129	0.708319
682.12	-543.6867	-606.5134	0.7083639
682.13	-543.5661	-606.5139	0.7084101
682.14	-543.4454	-606.5144	0.7084576
682.15	-543.3248	-606.5149	0.7085063
682.16	-543.2041	-606.5155	0.7085563
682.17	-543.0834	-606.5161	0.7086073
682.18	-542.9626	-606.5166	0.7086594
682.19	-542.8419	-606.5172	0.7087125
682.2	-542.7211	-606.5178	0.7087665
682.21	-542.6003	-606.5183	0.7088214
682.22	-542.4794	-606.519	0.7088771
682.23	-542.3586	-606.5196	0.7089336
682.24	-542.2377	-606.5203	0.7089908
682.25	-542.1168	-606.5209	0.7090487
682.26	-541.9958	-606.5215	0.7091074
682.27	-541.8749	-606.5222	0.7091666
682.28	-541.7539	-606.5229	0.7092265
682.29	-541.6329	-606.5236	0.7092869
682.3	-541.5118	-606.5243	0.7093478
682.31	-541.3908	-606.525	0.7094092
682.32	-541.2697	-606.5258	0.7094711
682.33	-541.1486	-606.5266	0.7095335
682.34	-541.0275	-606.5273	0.7095962
682.35	-540.9063	-606.5281	0.7096594
682.36	-540.7852	-606.5289	0.709723
682.37	-540.6639	-606.5298	0.7097869
682.38	-540.5427	-606.5306	0.7098512
682.39	-540.4214	-606.5315	0.7099158
682.4	-540.3002	-606.5323	0.7099806
682.41	-540.1789	-606.5333	0.7100458
682.42	-540.0576	-606.5342	0.7101113
682.43	-539.9362	-606.5351	0.7101769
682.44	-539.8148	-606.5361	0.7102429
682.45	-539.6934	-606.537	0.7103091
682.46	-539.572	-606.5381	0.7103755
682.47	-539.4506	-606.5391	0.7104421
682.48	-539.3291	-606.5401	0.7105089
682.49	-539.2076	-606.5411	0.7105758
682.5	-539.0861	-606.5422	0.710643
682.51	-538.9645	-606.5433	0.7107103
682.52	-538.843	-606.5444	0.7107778
682.53	-538.7214	-606.5455	0.7108454
682.54	-538.5997	-606.5466	0.7109132
682.55	-538.4781	-606.5479	0.7109811
682.56	-538.3564	-606.549	0.7110491
682.57	-538.2347	-606.5502	0.7111173
682.58	-538.113	-606.5515	0.7111856
682.59	-537.9913	-606.5527	0.7112541
682.6	-537.8695	-606.554	0.7113225
682.61	-537.7477	-606.5552	0.7113911
682.62	-537.6259	-606.5566	0.7114598
682.63	-537.504	-606.5579	0.7115285
682.64	-537.3821	-606.5593	0.7115973
682.65	-537.2602	-606.5607	0.7116662
682.66	-537.1382	-606.5621	0.7117352
682.67	-537.0163	-606.5635	0.7118043
682.68	-536.8943	-606.565	0.7118735
682.69	-536.7723	-606.5665	0.7119426
682.7	-536.6503	-606.568	0.7120119
682.71	-536.5282	-606.5695	0.7120812
682.72	-536.4061	-606.571	0.7121506
682.73	-536.284	-606.5726	0.71222
682.74	-536.1618	-606.5742	0.7122895
682.75	-536.0396	-606.5758	0.7123589
682.76	-535.9174	-606.5774	0.7124284
682.77	-535.7952	-606.5791	0.7124978
682.78	-535.6729	-606.5807	0.7125673
682.79	-535.5506	-606.5825	0.7126367
682.8	-535.4283	-606.5842	0.7127061
682.81	-535.306	-606.5859	0.7127753
682.82	-535.1836	-606.5877	0.7128446
682.83	-535.0612	-606.5895	0.7129138
682.84	-534.9388	-606.5913	0.7129828
682.85	-534.8163	-606.5932	0.7130517
682.86	-534.6939	-606.595	0.7131203
682.87	-534.5714	-606.5969	0.7131888
682.88	-534.4489	-606.5988	0.713257
682.89	-534.3263	-606.6007	0.7133251
682.9	-534.2037	-606.6027	0.7133928
682.91	-534.0811	-606.6047	0.7134602
682.92	-533.9585	-606.6067	0.7135271
682.93	-533.8358	-606.6087	0.7135939
682.94	-533.7131	-606.6108	0.7136602
682.95	-533.5905	-606.6128	0.713726
682.96	-533.4677	-606.6149	0.7137913
682.97	-533.345	-606.617	0.7138558
682.98	-533.2222	-606.6191	0.7139199
682.99	-533.0994	-606.6213	0.7139835
683	-532.9765	-606.6234	0.7140466
683.01	-532.8536	-606.6257	0.7141088
683.02	-532.7307	-606.6279	0.7141703
683.03	-532.6078	-606.6301	0.714231
683.04	-532.4848	-606.6324	0.7142909
683.05	-532.3618	-606.6346	0.7143499
683.06	-532.2388	-606.637	0.7144081
683.07	-532.1158	-606.6393	0.7144656
683.08	-531.9927	-606.6416	0.7145223
683.09	-531.8696	-606.644	0.7145783
683.1	-531.7465	-606.6464	0.7146335
683.11	-531.6234	-606.6488	0.7146879
683.12	-531.5002	-606.6512	0.7147416
683.13	-531.377	-606.6536	0.7147947
683.14	-531.2537	-606.6561	0.7148471
683.15	-531.1305	-606.6586	0.7148987
683.16	-531.0072	-606.6611	0.7149497
683.17	-530.8839	-606.6636	0.7150001
683.18	-530.7605	-606.6661	0.7150498
683.19	-530.6371	-606.6687	0.715099
683.2	-530.5137	-606.6713	0.7151474
683.21	-530.3903	-606.6739	0.7151951
683.22	-530.2668	-606.6765	0.7152422
683.23	-530.1432	-606.6791	0.7152887
683.24	-530.0197	-606.6818	0.7153345
683.25	-529.8961	-606.6844	0.7153799
683.26	-529.7725	-606.6871	0.7154241
683.27	-529.6489	-606.6898	0.7154675
683.28	-529.5252	-606.6925	0.7155099
683.29	-529.4015	-606.6953	0.7155514
683.3	-529.2778	-606.6981	0.7155922
683.31	-529.1541	-606.7008	0.7156313
683.32	-529.0303	-606.7036	0.715669
683.33	-528.9064	-606.7063	0.7157052
683.34	-528.7826	-606.7092	0.7157401
683.35	-528.6587	-606.712	0.7157736
683.36	-528.5348	-606.7148	0.7158052
683.37	-528.4108	-606.7176	0.7158349
683.38	-528.2869	-606.7205	0.7158626
683.39	-528.1628	-606.7234	0.7158887
683.4	-528.0388	-606.7263	0.7159133
683.41	-527.9147	-606.7291	0.7159352
683.42	-527.7906	-606.732	0.7159547
683.43	-527.6665	-606.7349	0.7159718
683.44	-527.5424	-606.7377	0.7159869
683.45	-527.4182	-606.7407	0.7159999
683.46	-527.2939	-606.7436	0.7160099
683.47	-527.1697	-606.7465	0.7160172
683.48	-527.0454	-606.7495	0.716022
683.49	-526.9211	-606.7524	0.7160242
683.5	-526.7967	-606.7554	0.7160241
683.51	-526.6723	-606.7583	0.7160211
683.52	-526.5479	-606.7612	0.7160154
683.53	-526.4235	-606.7641	0.716007
683.54	-526.299	-606.767	0.7159962
683.55	-526.1744	-606.77	0.715983
683.56	-526.0499	-606.7729	0.7159676
683.57	-525.9253	-606.7758	0.7159497
683.58	-525.8007	-606.7787	0.7159294
683.59	-525.676	-606.7817	0.7159068
683.6	-525.5513	-606.7846	0.7158821
683.61	-525.4266	-606.7875	0.7158553
683.62	-525.3018	-606.7904	0.7158263
683.63	-525.177	-606.7933	0.715795
683.64	-525.0522	-606.7963	0.7157618
683.65	-524.9273	-606.7992	0.7157267
683.66	-524.8024	-606.8021	0.7156898
683.67	-524.6774	-606.805	0.7156507
683.68	-524.5525	-606.8079	0.7156099
683.69	-524.4275	-606.8108	0.7155672
683.7	-524.3024	-606.8137	0.7155228
683.71	-524.1773	-606.8166	0.7154768
683.72	-524.0522	-606.8195	0.715429
683.73	-523.9271	-606.8223	0.7153795
683.74	-523.8019	-606.8251	0.7153284
683.75	-523.6766	-606.828	0.7152757
683.76	-523.5514	-606.8308	0.7152216
683.77	-523.4261	-606.8337	0.715166
683.78	-523.3008	-606.8364	0.7151089
683.79	-523.1754	-606.8392	0.7150504
683.8	-523.05	-606.842	0.7149906
683.81	-522.9246	-606.8448	0.7149296
683.82	-522.7991	-606.8476	0.7148674
683.83	-522.6736	-606.8503	0.7148041
683.84	-522.548	-606.853	0.7147396
683.85	-522.4224	-606.8557	0.7146742
683.86	-522.2968	-606.8585	0.7146077
683.87	-522.1711	-606.8612	0.7145404
683.88	-522.0455	-606.8638	0.7144722
683.89	-521.9197	-606.8665	0.7144032
683.9	-521.7939	-606.8691	0.7143334
683.91	-521.6682	-606.8718	0.7142628
683.92	-521.5423	-606.8744	0.7141915
683.93	-521.4164	-606.877	0.7141196
683.94	-521.2905	-606.8796	0.714047
683.95	-521.1646	-606.8821	0.7139738
683.96	-521.0385	-606.8846	0.7139
683.97	-520.9125	-606.8872	0.7138257
683.98	-520.7864	-606.8897	0.7137508
683.99	-520.6603	-606.8922	0.7136755
684	-520.5342	-606.8947	0.7135997
684.01	-520.408	-606.8972	0.7135234
684.02	-520.2817	-606.8995	0.7134468
684.03	-520.1555	-606.902	0.7133697
684.04	-520.0292	-606.9044	0.7132923
684.05	-519.9028	-606.9067	0.7132145
684.06	-519.7764	-606.9091	0.7131363
684.07	-519.65	-606.9114	0.7130579
684.08	-519.5236	-606.9137	0.712979
684.09	-519.3971	-606.916	0.7129
684.1	-519.2706	-606.9182	0.7128205
684.11	-519.144	-606.9205	0.7127409
684.12	-519.0174	-606.9227	0.712661
684.13	-518.8907	-606.9248	0.712581
684.14	-518.7641	-606.927	0.7125008
684.15	-518.6374	-606.9291	0.7124204
684.16	-518.5107	-606.9313	0.7123398
684.17	-518.3839	-606.9333	0.7122591
684.18	-518.2571	-606.9354	0.7121782
684.19	-518.1302	-606.9374	0.7120972
684.2	-518.0033	-606.9395	0.7120161
684.21	-517.8763	-606.9415	0.7119349
684.22	-517.7494	-606.9435	0.7118537
684.23	-517.6224	-606.9454	0.7117724
684.24	-517.4953	-606.9473	0.7116912
684.25	-517.3682	-606.9492	0.7116099
684.26	-517.2411	-606.951	0.7115287
684.27	-517.114	-606.9529	0.7114477
684.28	-516.9868	-606.9547	0.7113671
684.29	-516.8595	-606.9565	0.7112867
684.3	-516.7322	-606.9583	0.7112066
684.31	-516.6049	-606.9601	0.7111272
684.32	-516.4776	-606.9618	0.7110485
684.33	-516.3502	-606.9635	0.7109704
684.34	-516.2228	-606.9651	0.7108928
684.35	-516.0953	-606.9669	0.7108159
684.36	-515.9678	-606.9684	0.7107401
684.37	-515.8402	-606.9701	0.7106657
684.38	-515.7126	-606.9716	0.7105923
684.39	-515.585	-606.9732	0.71052
684.4	-515.4573	-606.9747	0.7104487
684.41	-515.3297	-606.9763	0.7103783
684.42	-515.2019	-606.9777	0.7103097
684.43	-515.0742	-606.9792	0.7102426
684.44	-514.9464	-606.9807	0.7101771
684.45	-514.8185	-606.9821	0.710113
684.46	-514.6906	-606.9835	0.7100505
684.47	-514.5626	-606.9849	0.7099898
684.48	-514.4347	-606.9863	0.7099311
684.49	-514.3067	-606.9876	0.709874
684.5	-514.1786	-606.989	0.7098187
684.51	-514.0505	-606.9903	0.709765
684.52	-513.9224	-606.9916	0.709713
684.53	-513.7943	-606.9929	0.7096628
684.54	-513.6661	-606.9941	0.7096141
684.55	-513.5378	-606.9954	0.7095668
684.56	-513.4096	-606.9966	0.7095211
684.57	-513.2813	-606.9978	0.7094767
684.58	-513.153	-606.999	0.7094336
684.59	-513.0246	-607.0001	0.7093917
684.6	-512.8962	-607.0013	0.7093509
684.61	-512.7677	-607.0024	0.7093113
684.62	-512.6392	-607.0035	0.7092727
684.63	-512.5107	-607.0046	0.7092351
684.64	-512.3821	-607.0057	0.7091984
684.65	-512.2535	-607.0068	0.7091626
684.66	-512.1248	-607.0078	0.7091276
684.67	-511.9961	-607.0089	0.7090933
684.68	-511.8674	-607.0099	0.7090599
684.69	-511.7386	-607.0109	0.7090272
684.7	-511.6098	-607.0119	0.708995
684.71	-511.481	-607.0128	0.7089636
684.72	-511.3521	-607.0138	0.7089327
684.73	-511.2232	-607.0147	0.7089024
684.74	-511.0942	-607.0156	0.7088727
684.75	-510.9652	-607.0165	0.7088435
684.76	-510.8362	-607.0174	0.7088146
684.77	-510.7072	-607.0182	0.7087863
684.78	-510.5781	-607.0191	0.7087584
684.79	-510.4489	-607.02	0.7087309
684.8	-510.3197	-607.0208	0.7087039
684.81	-510.1905	-607.0216	0.7086771
684.82	-510.0613	-607.0224	0.7086507
684.83	-509.932	-607.0232	0.7086246
684.84	-509.8026	-607.024	0.7085989
684.85	-509.6732	-607.0248	0.7085735
684.86	-509.5439	-607.0255	0.7085484
684.87	-509.4144	-607.0262	0.7085235
684.88	-509.2849	-607.0269	0.7084988
684.89	-509.1554	-607.0276	0.7084745
684.9	-509.0258	-607.0284	0.7084503
684.91	-508.8962	-607.0291	0.7084265
684.92	-508.7666	-607.0297	0.7084027
684.93	-508.6369	-607.0303	0.7083791
684.94	-508.5072	-607.031	0.7083558
684.95	-508.3774	-607.0317	0.7083327
684.96	-508.2476	-607.0323	0.7083097
684.97	-508.1178	-607.0329	0.7082869
684.98	-507.9879	-607.0335	0.7082643
684.99	-507.858	-607.0341	0.7082419
685	-507.728	-607.0347	0.7082195
685.01	-507.598	-607.0353	0.7081974
685.02	-507.468	-607.0358	0.7081754
685.03	-507.3379	-607.0364	0.7081536
685.04	-507.2078	-607.0369	0.708132
685.05	-507.0776	-607.0375	0.7081107
685.06	-506.9474	-607.038	0.7080896
685.07	-506.8172	-607.0385	0.7080688
685.08	-506.687	-607.039	0.7080483
685.09	-506.5566	-607.0395	0.7080281
685.1	-506.4263	-607.04	0.7080082
685.11	-506.2959	-607.0405	0.7079884
685.12	-506.1655	-607.041	0.707969
685.13	-506.035	-607.0414	0.7079499
685.14	-505.9045	-607.0419	0.707931
685.15	-505.774	-607.0423	0.7079124
685.16	-505.6434	-607.0427	0.7078941
685.17	-505.5128	-607.0432	0.707876
685.18	-505.3822	-607.0436	0.7078581
685.19	-505.2515	-607.044	0.7078404
685.2	-505.1208	-607.0444	0.707823
685.21	-504.99	-607.0449	0.7078058
685.22	-504.8592	-607.0452	0.7077886
685.23	-504.7284	-607.0455	0.7077717
685.24	-504.5975	-607.0459	0.7077549
685.25	-504.4666	-607.0463	0.7077383
685.26	-504.3356	-607.0466	0.7077218
685.27	-504.2046	-607.047	0.7077055
685.28	-504.0736	-607.0474	0.7076893
685.29	-503.9425	-607.0477	0.7076733
685.3	-503.8114	-607.048	0.7076573
685.31	-503.6803	-607.0483	0.7076414
685.32	-503.5491	-607.0486	0.7076256
685.33	-503.4179	-607.0489	0.70761
685.34	-503.2867	-607.0492	0.7075943
685.35	-503.1553	-607.0495	0.7075789
685.36	-503.024	-607.0498	0.7075635
685.37	-502.8926	-607.0501	0.7075482
685.38	-502.7612	-607.0504	0.707533
685.39	-502.6298	-607.0507	0.7075179
685.4	-502.4983	-607.0509	0.7075028
685.41	-502.3668	-607.0511	0.7074879
685.42	-502.2352	-607.0513	0.707473
685.43	-502.1036	-607.0516	0.7074583
685.44	-501.972	-607.0518	0.7074435
685.45	-501.8403	-607.0521	0.7074288
685.46	-501.7086	-607.0523	0.7074144
685.47	-501.5768	-607.0526	0.7074
685.48	-501.4451	-607.0527	0.7073859
685.49	-501.3132	-607.0529	0.7073718
685.5	-501.1814	-607.0531	0.7073579
685.51	-501.0495	-607.0533	0.7073445
685.52	-500.9175	-607.0534	0.7073314
685.53	-500.7856	-607.0536	0.7073187
685.54	-500.6535	-607.0538	0.7073064
685.55	-500.5215	-607.054	0.7072944
685.56	-500.3894	-607.0541	0.7072831
685.57	-500.2573	-607.0543	0.7072725
685.58	-500.1251	-607.0545	0.7072627
685.59	-499.9929	-607.0547	0.7072533
685.6	-499.8606	-607.0549	0.7072446
685.61	-499.7284	-607.055	0.7072369
685.62	-499.596	-607.0551	0.7072303
685.63	-499.4637	-607.0552	0.7072248
685.64	-499.3313	-607.0554	0.7072201
685.65	-499.1988	-607.0555	0.7072164
685.66	-499.0664	-607.0556	0.7072141
685.67	-498.9339	-607.0557	0.7072132
685.68	-498.8013	-607.0558	0.7072135
685.69	-498.6687	-607.056	0.7072151
685.7	-498.5361	-607.0561	0.7072178
685.71	-498.4034	-607.0562	0.7072222
685.72	-498.2708	-607.0563	0.7072281
685.73	-498.138	-607.0565	0.7072354
685.74	-498.0052	-607.0566	0.7072442
685.75	-497.8724	-607.0567	0.7072543
685.76	-497.7395	-607.0568	0.707266
685.77	-497.6067	-607.0569	0.7072795
685.78	-497.4737	-607.0571	0.7072946
685.79	-497.3408	-607.0573	0.7073111
685.8	-497.2077	-607.0575	0.707329
685.81	-497.0747	-607.0577	0.7073487
685.82	-496.9416	-607.0579	0.7073701
685.83	-496.8085	-607.0581	0.7073931
685.84	-496.6754	-607.0583	0.7074175
685.85	-496.5421	-607.0585	0.7074434
685.86	-496.4089	-607.0587	0.7074708
685.87	-496.2757	-607.0589	0.7074998
685.88	-496.1424	-607.0591	0.7075301
685.89	-496.009	-607.0593	0.7075618
685.9	-495.8756	-607.0595	0.7075947
685.91	-495.7422	-607.0598	0.707629
685.92	-495.6088	-607.0601	0.7076643
685.93	-495.4753	-607.0603	0.7077007
685.94	-495.3417	-607.0605	0.7077382
685.95	-495.2082	-607.0608	0.7077767
685.96	-495.0746	-607.0611	0.7078161
685.97	-494.9409	-607.0613	0.7078564
685.98	-494.8073	-607.0616	0.7078976
685.99	-494.6735	-607.062	0.7079396
686	-494.5398	-607.0623	0.7079824
686.01	-494.406	-607.0626	0.7080258
686.02	-494.2722	-607.0629	0.70807
686.03	-494.1383	-607.0633	0.7081149
686.04	-494.0044	-607.0637	0.7081603
686.05	-493.8704	-607.064	0.7082064
686.06	-493.7365	-607.0645	0.7082531
686.07	-493.6024	-607.0648	0.7083003
686.08	-493.4684	-607.0652	0.708348
686.09	-493.3343	-607.0657	0.7083962
686.1	-493.2001	-607.0661	0.7084448
686.11	-493.066	-607.0665	0.708494
686.12	-492.9318	-607.067	0.7085435
686.13	-492.7975	-607.0674	0.7085935
686.14	-492.6633	-607.0679	0.7086439
686.15	-492.5289	-607.0685	0.7086945
686.16	-492.3946	-607.069	0.7087454
686.17	-492.2602	-607.0695	0.7087967
686.18	-492.1258	-607.0701	0.7088482
686.19	-491.9913	-607.0706	0.7088999
686.2	-491.8568	-607.0712	0.7089517
686.21	-491.7223	-607.0718	0.7090037
686.22	-491.5878	-607.0723	0.7090555
686.23	-491.4532	-607.0729	0.7091074
686.24	-491.3186	-607.0736	0.7091593
686.25	-491.1839	-607.0742	0.7092111
686.26	-491.0492	-607.0748	0.709263
686.27	-490.9145	-607.0756	0.7093143
686.28	-490.7798	-607.0762	0.709365
686.29	-490.645	-607.0769	0.7094153
686.3	-490.5102	-607.0776	0.7094651
686.31	-490.3754	-607.0784	0.7095137
686.32	-490.2406	-607.0791	0.7095613
686.33	-490.1057	-607.0799	0.7096078
686.34	-489.9709	-607.0806	0.7096534
686.35	-489.836	-607.0814	0.7096981
686.36	-489.7011	-607.0822	0.709741
686.37	-489.5662	-607.083	0.7097822
686.38	-489.4313	-607.0838	0.7098216
686.39	-489.2964	-607.0846	0.7098597
686.4	-489.1614	-607.0854	0.7098963
686.41	-489.0265	-607.0863	0.7099308
686.42	-488.8915	-607.0872	0.7099633
686.43	-488.7566	-607.088	0.709994
686.44	-488.6216	-607.0889	0.710023
686.45	-488.4867	-607.0898	0.7100503
686.46	-488.3517	-607.0906	0.7100754
686.47	-488.2168	-607.0915	0.7100982
686.48	-488.0818	-607.0924	0.7101191
686.49	-487.9468	-607.0933	0.7101381
686.5	-487.8118	-607.0942	0.7101552
686.51	-487.6768	-607.0952	0.7101707
686.52	-487.5418	-607.0961	0.7101841
686.53	-487.4069	-607.097	0.7101955
686.54	-487.2719	-607.098	0.7102051
686.55	-487.1368	-607.0989	0.710213
686.56	-487.0018	-607.0999	0.7102192
686.57	-486.8668	-607.1008	0.7102237
686.58	-486.7318	-607.1018	0.7102268
686.59	-486.5968	-607.1028	0.7102283
686.6	-486.4618	-607.1038	0.7102284
686.61	-486.3267	-607.1047	0.7102272
686.62	-486.1917	-607.1057	0.7102247
686.63	-486.0567	-607.1067	0.710221
686.64	-485.9217	-607.1077	0.7102162
686.65	-485.7866	-607.1086	0.7102103
686.66	-485.6516	-607.1096	0.7102034
686.67	-485.5166	-607.1106	0.7101955
686.68	-485.3816	-607.1116	0.7101866
686.69	-485.2466	-607.1126	0.7101769
686.7	-485.1115	-607.1136	0.7101664
686.71	-484.9765	-607.1147	0.7101551
686.72	-484.8416	-607.1157	0.710143
686.73	-484.7066	-607.1168	0.7101302
686.74	-484.5716	-607.1178	0.7101167
686.75	-484.4366	-607.1188	0.7101026
686.76	-484.3016	-607.1199	0.710088
686.77	-484.1667	-607.1209	0.7100727
686.78	-484.0317	-607.1219	0.7100569
686.79	-483.8968	-607.123	0.7100406
686.8	-483.7619	-607.124	0.7100237
686.81	-483.627	-607.125	0.7100064
686.82	-483.4921	-607.126	0.7099887
686.83	-483.3572	-607.1271	0.7099705
686.84	-483.2223	-607.1281	0.7099519
686.85	-483.0874	-607.1292	0.7099329
686.86	-482.9525	-607.1302	0.7099136
686.87	-482.8177	-607.1312	0.7098939
686.88	-482.6829	-607.1322	0.7098739
686.89	-482.548	-607.1332	0.7098535
686.9	-482.4132	-607.1343	0.7098328
686.91	-482.2784	-607.1353	0.7098119
686.92	-482.1436	-607.1364	0.7097908
686.93	-482.0088	-607.1373	0.7097693
686.94	-481.874	-607.1383	0.7097476
686.95	-481.7392	-607.1392	0.7097256
686.96	-481.6044	-607.1402	0.7097033
686.97	-481.4697	-607.1412	0.709681
686.98	-481.3349	-607.1422	0.7096583
686.99	-481.2001	-607.1431	0.7096356
687	-481.0654	-607.1441	0.7096125
687.01	-480.9306	-607.145	0.7095894
687.02	-480.7959	-607.146	0.7095662
687.03	-480.6611	-607.147	0.709543
687.04	-480.5264	-607.1479	0.7095197
687.05	-480.3917	-607.1489	0.7094965
687.06	-480.2569	-607.1499	0.7094733
687.07	-480.1222	-607.1508	0.7094501
687.08	-479.9875	-607.1517	0.7094271
687.09	-479.8528	-607.1526	0.7094042
687.1	-479.7181	-607.1535	0.7093814
687.11	-479.5834	-607.1544	0.7093588
687.12	-479.4487	-607.1553	0.7093366
687.13	-479.314	-607.1563	0.7093148
687.14	-479.1793	-607.1572	0.7092934
687.15	-479.0446	-607.158	0.7092724
687.16	-478.9099	-607.1589	0.7092518
687.17	-478.7752	-607.1599	0.7092319
687.18	-478.6406	-607.1608	0.7092127
687.19	-478.5059	-607.1617	0.7091942
687.2	-478.3712	-607.1625	0.7091765
687.21	-478.2365	-607.1634	0.7091593
687.22	-478.1018	-607.1642	0.7091432
687.23	-477.9672	-607.165	0.7091281
687.24	-477.8325	-607.1659	0.709114
687.25	-477.6978	-607.1667	0.7091008
687.26	-477.5632	-607.1676	0.709089
687.27	-477.4285	-607.1685	0.7090786
687.28	-477.2938	-607.1693	0.7090693
687.29	-477.1591	-607.1702	0.7090613
687.3	-477.0244	-607.171	0.7090544
687.31	-476.8898	-607.1719	0.709049
687.32	-476.7551	-607.1727	0.7090449
687.33	-476.6204	-607.1736	0.7090423
687.34	-476.4857	-607.1744	0.7090407
687.35	-476.351	-607.1753	0.7090405
687.36	-476.2162	-607.1761	0.7090415
687.37	-476.0815	-607.177	0.7090439
687.38	-475.9468	-607.1779	0.7090474
687.39	-475.812	-607.1787	0.7090521
687.4	-475.6772	-607.1796	0.7090579
687.41	-475.5425	-607.1804	0.7090648
687.42	-475.4077	-607.1813	0.7090727
687.43	-475.273	-607.1821	0.7090816
687.44	-475.1382	-607.183	0.7090914
687.45	-475.0034	-607.1838	0.7091021
687.46	-474.8686	-607.1847	0.7091137
687.47	-474.7338	-607.1855	0.709126
687.48	-474.5989	-607.1865	0.7091391
687.49	-474.4641	-607.1873	0.7091529
687.5	-474.3292	-607.1882	0.7091674
687.51	-474.1944	-607.189	0.7091826
687.52	-474.0595	-607.1899	0.7091983
687.53	-473.9246	-607.1907	0.7092146
687.54	-473.7897	-607.1916	0.7092316
687.55	-473.6548	-607.1924	0.709249
687.56	-473.5199	-607.1933	0.709267
687.57	-473.3849	-607.1942	0.7092854
687.58	-473.25	-607.1951	0.7093043
687.59	-473.115	-607.1959	0.7093236
687.6	-472.98	-607.1968	0.7093433
687.61	-472.845	-607.1976	0.7093634
687.62	-472.71	-607.1985	0.7093839
687.63	-472.5749	-607.1993	0.7094048
687.64	-472.4399	-607.2003	0.709426
687.65	-472.3048	-607.2012	0.7094475
687.66	-472.1697	-607.2021	0.7094694
687.67	-472.0346	-607.2031	0.7094914
687.68	-471.8995	-607.204	0.7095138
687.69	-471.7644	-607.2049	0.7095364
687.7	-471.6292	-607.2058	0.7095593
687.71	-471.4941	-607.2067	0.7095825
687.72	-471.3589	-607.2077	0.7096058
687.73	-471.2237	-607.2086	0.7096294
687.74	-471.0885	-607.2095	0.7096531
687.75	-470.9533	-607.2104	0.7096771
687.76	-470.8181	-607.2114	0.7097013
687.77	-470.6828	-607.2124	0.7097256
687.78	-470.5475	-607.2134	0.7097501
687.79	-470.4122	-607.2144	0.7097747
687.8	-470.2769	-607.2154	0.7097995
687.81	-470.1415	-607.2164	0.7098244
687.82	-470.0062	-607.2173	0.7098495
687.83	-469.8708	-607.2183	0.7098747
687.84	-469.7354	-607.2194	0.7099001
687.85	-469.6	-607.2204	0.7099255
687.86	-469.4645	-607.2214	0.709951
687.87	-469.3291	-607.2225	0.7099766
687.88	-469.1936	-607.2235	0.7100024
687.89	-469.0581	-607.2245	0.7100282
687.9	-468.9226	-607.2256	0.7100542
687.91	-468.787	-607.2267	0.7100802
687.92	-468.6515	-607.2277	0.7101061
687.93	-468.5159	-607.2288	0.7101322
687.94	-468.3803	-607.2299	0.7101582
687.95	-468.2446	-607.231	0.7101843
687.96	-468.109	-607.2322	0.7102103
687.97	-467.9733	-607.2333	0.7102361
687.98	-467.8376	-607.2344	0.7102618
687.99	-467.7018	-607.2355	0.7102876
688	-467.5661	-607.2366	0.7103131
688.01	-467.4303	-607.2377	0.7103384
688.02	-467.2945	-607.239	0.7103634
688.03	-467.1587	-607.2401	0.7103881
688.04	-467.0228	-607.2413	0.7104125
688.05	-466.8869	-607.2424	0.7104367
688.06	-466.751	-607.2436	0.7104607
688.07	-466.6151	-607.2448	0.7104841
688.08	-466.4791	-607.246	0.7105073
688.09	-466.3431	-607.2472	0.71053
688.1	-466.2071	-607.2484	0.7105524
688.11	-466.071	-607.2496	0.7105744
688.12	-465.935	-607.2509	0.710596
688.13	-465.7989	-607.2521	0.7106172
688.14	-465.6628	-607.2533	0.7106379
688.15	-465.5266	-607.2546	0.7106583
688.16	-465.3904	-607.2558	0.7106783
688.17	-465.2542	-607.2571	0.7106975
688.18	-465.118	-607.2584	0.7107162
688.19	-464.9817	-607.2596	0.7107342
688.2	-464.8454	-607.2609	0.7107518
688.21	-464.7091	-607.2622	0.7107687
688.22	-464.5728	-607.2635	0.7107847
688.23	-464.4364	-607.2648	0.7107998
688.24	-464.3	-607.2661	0.7108138
688.25	-464.1635	-607.2674	0.7108271
688.26	-464.0271	-607.2687	0.7108395
688.27	-463.8906	-607.27	0.7108511
688.28	-463.7541	-607.2714	0.7108611
688.29	-463.6175	-607.2727	0.7108696
688.3	-463.481	-607.274	0.7108766
688.31	-463.3444	-607.2754	0.7108816
688.32	-463.2078	-607.2767	0.7108847
688.33	-463.0711	-607.2781	0.7108859
688.34	-462.9344	-607.2794	0.7108854
688.35	-462.7977	-607.2808	0.7108833
688.36	-462.661	-607.2821	0.7108787
688.37	-462.5243	-607.2834	0.7108721
688.38	-462.3875	-607.2848	0.7108635
688.39	-462.2507	-607.2861	0.7108527
688.4	-462.1138	-607.2875	0.7108403
688.41	-461.9769	-607.2888	0.7108258
688.42	-461.84	-607.2902	0.7108094
688.43	-461.7031	-607.2915	0.7107912
688.44	-461.5661	-607.2928	0.7107713
688.45	-461.4291	-607.2941	0.7107497
688.46	-461.2921	-607.2954	0.7107267
688.47	-461.1551	-607.2967	0.7107021
688.48	-461.018	-607.298	0.7106762
688.49	-460.8809	-607.2993	0.7106489
688.5	-460.7437	-607.3005	0.7106203
688.51	-460.6066	-607.3018	0.7105905
688.52	-460.4694	-607.303	0.7105596
688.53	-460.3321	-607.3043	0.7105277
688.54	-460.1949	-607.3056	0.7104946
688.55	-460.0576	-607.3068	0.7104605
688.56	-459.9202	-607.3081	0.7104254
688.57	-459.7829	-607.3094	0.7103896
688.58	-459.6455	-607.3107	0.7103528
688.59	-459.5081	-607.3118	0.7103152
688.6	-459.3706	-607.313	0.7102768
688.61	-459.2331	-607.3143	0.7102377
688.62	-459.0956	-607.3155	0.7101979
688.63	-458.9581	-607.3167	0.7101573
688.64	-458.8205	-607.3179	0.7101162
688.65	-458.6829	-607.3191	0.7100745
688.66	-458.5452	-607.3203	0.7100322
688.67	-458.4076	-607.3214	0.7099892
688.68	-458.2699	-607.3226	0.7099459
688.69	-458.1321	-607.3237	0.7099019
688.7	-457.9944	-607.3248	0.7098575
688.71	-457.8566	-607.326	0.7098126
688.72	-457.7188	-607.3271	0.7097673
688.73	-457.581	-607.3282	0.7097215
688.74	-457.4431	-607.3293	0.7096754
688.75	-457.3052	-607.3304	0.709629
688.76	-457.1672	-607.3314	0.7095821
688.77	-457.0292	-607.3325	0.7095349
688.78	-456.8912	-607.3336	0.7094874
688.79	-456.7532	-607.3346	0.7094396
688.8	-456.6151	-607.3356	0.7093914
688.81	-456.477	-607.3366	0.709343
688.82	-456.3389	-607.3376	0.7092943
688.83	-456.2007	-607.3386	0.7092453
688.84	-456.0626	-607.3395	0.7091961
688.85	-455.9243	-607.3405	0.7091467
688.86	-455.7861	-607.3414	0.709097
688.87	-455.6478	-607.3423	0.7090472
688.88	-455.5095	-607.3433	0.7089971
688.89	-455.3712	-607.3441	0.7089468
688.9	-455.2328	-607.345	0.7088963
688.91	-455.0943	-607.3459	0.7088457
688.92	-454.9559	-607.3467	0.7087949
688.93	-454.8174	-607.3475	0.7087439
688.94	-454.6789	-607.3484	0.7086928
688.95	-454.5404	-607.3491	0.7086417
688.96	-454.4018	-607.3499	0.7085904
688.97	-454.2632	-607.3507	0.7085391
688.98	-454.1246	-607.3514	0.7084878
688.99	-453.986	-607.3522	0.7084365
689	-453.8473	-607.3528	0.7083851
689.01	-453.7086	-607.3536	0.7083337
689.02	-453.5699	-607.3543	0.7082824
689.03	-453.4311	-607.3549	0.708231
689.04	-453.2923	-607.3556	0.7081797
689.05	-453.1534	-607.3563	0.7081285
689.06	-453.0146	-607.3568	0.7080773
689.07	-452.8757	-607.3574	0.7080261
689.08	-452.7368	-607.358	0.707975
689.09	-452.5978	-607.3586	0.707924
689.1	-452.4588	-607.3591	0.7078732
689.11	-452.3197	-607.3597	0.7078223
689.12	-452.1807	-607.3602	0.7077715
689.13	-452.0416	-607.3607	0.7077208
689.14	-451.9025	-607.3611	0.7076701
689.15	-451.7633	-607.3616	0.7076194
689.16	-451.6241	-607.3621	0.7075687
689.17	-451.4849	-607.3625	0.7075182
689.18	-451.3456	-607.3629	0.7074676
689.19	-451.2063	-607.3633	0.7074171
689.2	-451.067	-607.3636	0.7073667
689.21	-450.9277	-607.364	0.7073162
689.22	-450.7883	-607.3643	0.7072659
689.23	-450.6489	-607.3646	0.7072156
689.24	-450.5095	-607.3649	0.7071654
689.25	-450.37	-607.3652	0.7071152
689.26	-450.2305	-607.3655	0.707065
689.27	-450.0909	-607.3657	0.7070149
689.28	-449.9514	-607.3659	0.706965
689.29	-449.8118	-607.3661	0.706915
689.3	-449.6722	-607.3663	0.7068652
689.31	-449.5325	-607.3665	0.7068155
689.32	-449.3928	-607.3666	0.7067659
689.33	-449.2531	-607.3667	0.7067166
689.34	-449.1134	-607.3668	0.7066674
689.35	-448.9736	-607.3669	0.7066184
689.36	-448.8338	-607.3669	0.7065694
689.37	-448.6939	-607.367	0.7065208
689.38	-448.5541	-607.3671	0.7064723
689.39	-448.4142	-607.3671	0.7064241
689.4	-448.2742	-607.3671	0.7063761
689.41	-448.1343	-607.3671	0.7063283
689.42	-447.9943	-607.3671	0.7062808
689.43	-447.8543	-607.3669	0.7062335
689.44	-447.7142	-607.3669	0.7061864
689.45	-447.5741	-607.3668	0.7061395
689.46	-447.434	-607.3666	0.7060928
689.47	-447.2939	-607.3665	0.7060463
689.48	-447.1537	-607.3664	0.7060001
689.49	-447.0135	-607.3662	0.705954
689.5	-446.8733	-607.366	0.7059081
689.51	-446.733	-607.3658	0.7058623
689.52	-446.5927	-607.3656	0.7058167
689.53	-446.4524	-607.3654	0.7057712
689.54	-446.312	-607.3651	0.705726
689.55	-446.1716	-607.3649	0.7056807
689.56	-446.0311	-607.3645	0.7056357
689.57	-445.8907	-607.3642	0.7055907
689.58	-445.7502	-607.3639	0.7055458
689.59	-445.6097	-607.3635	0.7055011
689.6	-445.4691	-607.3632	0.7054565
689.61	-445.3286	-607.3628	0.705412
689.62	-445.188	-607.3624	0.7053676
689.63	-445.0474	-607.3619	0.7053232
689.64	-444.9067	-607.3615	0.7052791
689.65	-444.7661	-607.3611	0.7052349
689.66	-444.6255	-607.3605	0.7051909
689.67	-444.4848	-607.36	0.7051471
689.68	-444.3442	-607.3596	0.7051033
689.69	-444.2036	-607.359	0.7050596
689.7	-444.063	-607.3585	0.705016
689.71	-443.9224	-607.3579	0.7049727
689.72	-443.7818	-607.3574	0.7049293
689.73	-443.6412	-607.3567	0.704886
689.74	-443.5007	-607.3561	0.704843
689.75	-443.3602	-607.3555	0.7048
689.76	-443.2196	-607.3548	0.704757
689.77	-443.0792	-607.3541	0.7047142
689.78	-442.9387	-607.3535	0.7046715
689.79	-442.7982	-607.3528	0.7046288
689.8	-442.6578	-607.352	0.7045861
689.81	-442.5174	-607.3513	0.7045436
689.82	-442.377	-607.3505	0.7045012
689.83	-442.2366	-607.3497	0.7044587
689.84	-442.0962	-607.3489	0.7044163
689.85	-441.9558	-607.3481	0.7043741
689.86	-441.8154	-607.3474	0.7043318
689.87	-441.6751	-607.3464	0.7042896
689.88	-441.5348	-607.3456	0.7042475
689.89	-441.3945	-607.3447	0.7042055
689.9	-441.2542	-607.3439	0.7041634
689.91	-441.1139	-607.3429	0.7041215
689.92	-440.9736	-607.342	0.7040796
689.93	-440.8334	-607.3411	0.7040377
689.94	-440.6932	-607.34	0.7039959
689.95	-440.5529	-607.3391	0.7039542
689.96	-440.4128	-607.3381	0.7039125
689.97	-440.2726	-607.3371	0.7038708
689.98	-440.1324	-607.336	0.7038292
689.99	-439.9923	-607.335	0.7037877
690	-439.8522	-607.3339	0.7037461
690.01	-439.7121	-607.3328	0.7037046
690.02	-439.572	-607.3317	0.7036631
690.03	-439.4319	-607.3306	0.7036216
690.04	-439.2918	-607.3295	0.7035803
690.05	-439.1518	-607.3283	0.7035388
690.06	-439.0117	-607.3271	0.7034975
690.07	-438.8717	-607.326	0.7034562
690.08	-438.7317	-607.3248	0.703415
690.09	-438.5917	-607.3235	0.7033738
690.1	-438.4517	-607.3223	0.7033328
690.11	-438.3117	-607.3211	0.7032919
690.12	-438.1718	-607.3199	0.7032511
690.13	-438.0319	-607.3185	0.7032107
690.14	-437.892	-607.3173	0.7031704
