1867.81	-644.9933	-606.9403	0.7108796
1867.82	-644.844	-606.9418	0.7109045
1867.83	-644.6947	-606.9434	0.7109296
1867.84	-644.5454	-606.9449	0.710955
1867.85	-644.3961	-606.9465	0.7109806
1867.86	-644.2468	-606.948	0.7110064
1867.87	-644.0975	-606.9496	0.7110325
1867.88	-643.9482	-606.9512	0.7110584
1867.89	-643.799	-606.9528	0.7110843
1867.9	-643.6497	-606.9544	0.7111101
1867.91	-643.5004	-606.956	0.7111358
1867.92	-643.3511	-606.9576	0.7111614
1867.93	-643.2018	-606.9592	0.7111864
1867.94	-643.0525	-606.9608	0.7112107
1867.95	-642.9032	-606.9623	0.7112344
1867.96	-642.7538	-606.9641	0.7112576
1867.97	-642.6045	-606.9657	0.7112801
1867.98	-642.4552	-606.9673	0.7113015
1867.99	-642.3058	-606.969	0.7113218
1868	-642.1565	-606.9706	0.7113411
1868.01	-642.0071	-606.9723	0.7113595
1868.02	-641.8578	-606.9739	0.7113769
1868.03	-641.7084	-606.9756	0.7113933
1868.04	-641.5591	-606.9773	0.7114078
1868.05	-641.4097	-606.9789	0.7114205
1868.06	-641.2604	-606.9806	0.7114314
1868.07	-641.111	-606.9822	0.7114407
1868.08	-640.9617	-606.9839	0.7114478
1868.09	-640.8123	-606.9855	0.7114529
1868.1	-640.663	-606.9872	0.711456
1868.11	-640.5136	-606.9888	0.7114573
1868.12	-640.3642	-606.9905	0.7114567
1868.13	-640.2148	-606.9921	0.7114545
1868.14	-640.0654	-606.9938	0.7114504
1868.15	-639.916	-606.9955	0.7114447
1868.16	-639.7666	-606.9973	0.7114374
1868.17	-639.6172	-606.999	0.7114285
1868.18	-639.4678	-607.0007	0.7114182
1868.19	-639.3184	-607.0024	0.7114064
1868.2	-639.1689	-607.0041	0.7113932
1868.21	-639.0195	-607.0057	0.7113788
1868.22	-638.8701	-607.0074	0.7113633
1868.23	-638.7207	-607.0092	0.7113464
1868.24	-638.5713	-607.0108	0.7113284
1868.25	-638.4219	-607.0125	0.7113094
1868.26	-638.2725	-607.0141	0.7112894
1868.27	-638.123	-607.0157	0.7112684
1868.28	-637.9736	-607.0174	0.7112464
1868.29	-637.8242	-607.019	0.7112235
1868.3	-637.6748	-607.0206	0.7111996
1868.31	-637.5254	-607.0223	0.7111748
1868.32	-637.3759	-607.0239	0.7111493
1868.33	-637.2265	-607.0256	0.7111229
1868.34	-637.0771	-607.0272	0.7110953
1868.35	-636.9277	-607.0288	0.7110668
1868.36	-636.7782	-607.0305	0.7110373
1868.37	-636.6287	-607.0321	0.7110071
1868.38	-636.4793	-607.0338	0.7109758
1868.39	-636.3299	-607.0354	0.7109433
1868.4	-636.1804	-607.0369	0.7109098
1868.41	-636.0309	-607.0385	0.7108753
1868.42	-635.8815	-607.0401	0.7108399
1868.43	-635.7321	-607.0417	0.7108035
1868.44	-635.5826	-607.0432	0.7107661
1868.45	-635.4331	-607.0448	0.7107277
1868.46	-635.2836	-607.0464	0.7106884
1868.47	-635.1342	-607.048	0.7106484
1868.48	-634.9847	-607.0494	0.7106075
1868.49	-634.8353	-607.051	0.7105658
1868.5	-634.6858	-607.0525	0.7105235
1868.51	-634.5363	-607.054	0.7104805
1868.52	-634.3868	-607.0555	0.7104368
1868.53	-634.2374	-607.057	0.710393
1868.54	-634.0879	-607.0585	0.710349
1868.55	-633.9384	-607.0599	0.7103049
1868.56	-633.7889	-607.0613	0.7102605
1868.57	-633.6395	-607.0628	0.710216
1868.58	-633.49	-607.0642	0.7101723
1868.59	-633.3405	-607.0657	0.7101291
1868.6	-633.191	-607.0671	0.7100867
1868.61	-633.0416	-607.0685	0.7100448
1868.62	-632.8921	-607.0698	0.7100034
1868.63	-632.7427	-607.0712	0.7099631
1868.64	-632.5933	-607.0726	0.709924
1868.65	-632.4438	-607.074	0.7098857
1868.66	-632.2943	-607.0753	0.7098483
1868.67	-632.1448	-607.0767	0.7098117
1868.68	-631.9954	-607.078	0.7097766
1868.69	-631.846	-607.0793	0.7097425
1868.7	-631.6966	-607.0806	0.7097096
1868.71	-631.5472	-607.082	0.7096778
1868.72	-631.3978	-607.0833	0.709647
1868.73	-631.2484	-607.0845	0.7096173
1868.74	-631.0991	-607.0858	0.7095886
1868.75	-630.9497	-607.087	0.7095609
1868.76	-630.8004	-607.0883	0.7095343
1868.77	-630.651	-607.0896	0.7095084
1868.78	-630.5017	-607.0908	0.7094836
1868.79	-630.3524	-607.092	0.7094594
1868.8	-630.2031	-607.0932	0.7094361
1868.81	-630.0538	-607.0944	0.7094135
1868.82	-629.9046	-607.0956	0.7093917
1868.83	-629.7554	-607.0969	0.7093705
1868.84	-629.6061	-607.098	0.7093499
1868.85	-629.4569	-607.0992	0.7093301
1868.86	-629.3077	-607.1003	0.7093108
1868.87	-629.1586	-607.1015	0.7092921
1868.88	-629.0094	-607.1026	0.7092739
1868.89	-628.8603	-607.1038	0.7092563
1868.9	-628.7112	-607.1049	0.7092392
1868.91	-628.5621	-607.106	0.7092226
1868.92	-628.413	-607.1071	0.7092064
1868.93	-628.2639	-607.1082	0.7091907
1868.94	-628.1148	-607.1093	0.7091755
1868.95	-627.9658	-607.1104	0.7091608
1868.96	-627.8167	-607.1115	0.7091466
1868.97	-627.6677	-607.1125	0.7091327
1868.98	-627.5187	-607.1135	0.7091196
1868.99	-627.3697	-607.1146	0.709107
1869	-627.2207	-607.1156	0.709095
1869.01	-627.0717	-607.1166	0.7090836
1869.02	-626.9227	-607.1177	0.7090726
1869.03	-626.7738	-607.1187	0.7090625
1869.04	-626.6249	-607.1198	0.7090531
1869.05	-626.476	-607.1207	0.7090445
1869.06	-626.3271	-607.1217	0.7090366
1869.07	-626.1782	-607.1227	0.7090294
1869.08	-626.0294	-607.1237	0.7090231
1869.09	-625.8806	-607.1246	0.7090179
1869.1	-625.7318	-607.1256	0.7090136
1869.11	-625.5829	-607.1266	0.7090103
1869.12	-625.4341	-607.1276	0.7090078
1869.13	-625.2854	-607.1285	0.7090062
1869.14	-625.1367	-607.1295	0.7090055
1869.15	-624.9879	-607.1305	0.7090057
1869.16	-624.8392	-607.1315	0.7090067
1869.17	-624.6904	-607.1324	0.7090085
1869.18	-624.5417	-607.1334	0.7090111
1869.19	-624.393	-607.1343	0.7090144
1869.2	-624.2443	-607.1353	0.7090183
1869.21	-624.0956	-607.1362	0.709023
1869.22	-623.947	-607.1371	0.7090282
1869.23	-623.7983	-607.138	0.7090341
1869.24	-623.6497	-607.1389	0.7090405
1869.25	-623.5011	-607.1398	0.7090475
1869.26	-623.3525	-607.1407	0.7090549
1869.27	-623.204	-607.1417	0.7090629
1869.28	-623.0554	-607.1426	0.7090714
1869.29	-622.9069	-607.1435	0.7090803
1869.3	-622.7584	-607.1444	0.7090897
1869.31	-622.6099	-607.1453	0.7090995
1869.32	-622.4614	-607.1462	0.7091096
1869.33	-622.313	-607.1472	0.7091202
1869.34	-622.1646	-607.1481	0.7091311
1869.35	-622.0161	-607.149	0.7091423
1869.36	-621.8677	-607.15	0.709154
1869.37	-621.7192	-607.1509	0.7091658
1869.38	-621.5709	-607.1518	0.709178
1869.39	-621.4225	-607.1527	0.7091905
1869.4	-621.2741	-607.1536	0.7092032
1869.41	-621.1257	-607.1545	0.7092163
1869.42	-620.9774	-607.1555	0.7092295
1869.43	-620.8291	-607.1564	0.7092431
1869.44	-620.6808	-607.1573	0.7092568
1869.45	-620.5325	-607.1582	0.7092708
1869.46	-620.3843	-607.1591	0.709285
1869.47	-620.236	-607.1601	0.7092994
1869.48	-620.0878	-607.161	0.7093139
1869.49	-619.9396	-607.1619	0.7093285
1869.5	-619.7914	-607.1628	0.7093432
1869.51	-619.6432	-607.1638	0.709358
1869.52	-619.4951	-607.1647	0.7093729
1869.53	-619.3469	-607.1656	0.7093878
1869.54	-619.1988	-607.1665	0.7094026
1869.55	-619.0507	-607.1674	0.7094172
1869.56	-618.9025	-607.1684	0.7094318
1869.57	-618.7545	-607.1694	0.7094463
1869.58	-618.6064	-607.1704	0.7094603
1869.59	-618.4583	-607.1714	0.7094736
1869.6	-618.3103	-607.1724	0.7094865
1869.61	-618.1623	-607.1733	0.7094989
1869.62	-618.0143	-607.1743	0.7095109
1869.63	-617.8663	-607.1753	0.7095218
1869.64	-617.7184	-607.1763	0.7095318
1869.65	-617.5704	-607.1772	0.7095408
1869.66	-617.4225	-607.1782	0.709549
1869.67	-617.2745	-607.1792	0.7095562
1869.68	-617.1266	-607.1802	0.7095621
1869.69	-616.9788	-607.1812	0.7095666
1869.7	-616.8309	-607.1821	0.7095699
1869.71	-616.683	-607.1831	0.709572
1869.72	-616.5352	-607.1841	0.7095729
1869.73	-616.3873	-607.1851	0.7095723
1869.74	-616.2395	-607.186	0.7095701
1869.75	-616.0917	-607.187	0.7095666
1869.76	-615.944	-607.188	0.7095618
1869.77	-615.7962	-607.189	0.7095557
1869.78	-615.6485	-607.1899	0.7095481
1869.79	-615.5008	-607.1909	0.7095389
1869.8	-615.3531	-607.1918	0.7095281
1869.81	-615.2054	-607.1927	0.709516
1869.82	-615.0577	-607.1936	0.7095027
1869.83	-614.91	-607.1945	0.7094878
1869.84	-614.7624	-607.1954	0.7094714
1869.85	-614.6147	-607.1964	0.7094537
1869.86	-614.4671	-607.1972	0.7094346
1869.87	-614.3195	-607.1981	0.7094142
1869.88	-614.1719	-607.199	0.7093927
1869.89	-614.0244	-607.2	0.7093698
1869.9	-613.8768	-607.2009	0.7093459
1869.91	-613.7293	-607.2018	0.709321
1869.92	-613.5818	-607.2027	0.7092949
1869.93	-613.4343	-607.2035	0.7092679
1869.94	-613.2869	-607.2043	0.70924
1869.95	-613.1394	-607.2052	0.7092112
1869.96	-612.9919	-607.2061	0.7091817
1869.97	-612.8445	-607.2069	0.7091513
1869.98	-612.6971	-607.2077	0.7091204
1869.99	-612.5497	-607.2086	0.7090889
1870	-612.4023	-607.2094	0.7090569
1870.01	-612.2549	-607.2103	0.7090245
1870.02	-612.1075	-607.2111	0.7089915
1870.03	-611.9601	-607.2119	0.7089586
1870.04	-611.8128	-607.2126	0.7089257
1870.05	-611.6655	-607.2134	0.7088929
1870.06	-611.5181	-607.2142	0.70886
1870.07	-611.3708	-607.215	0.7088271
1870.08	-611.2236	-607.2158	0.7087947
1870.09	-611.0763	-607.2166	0.7087629
1870.1	-610.9291	-607.2173	0.7087318
1870.11	-610.7819	-607.2181	0.708701
1870.12	-610.6346	-607.2189	0.7086707
1870.13	-610.4874	-607.2196	0.7086416
1870.14	-610.3402	-607.2203	0.7086137
1870.15	-610.1931	-607.2211	0.7085868
1870.16	-610.0459	-607.2218	0.7085609
1870.17	-609.8987	-607.2225	0.708536
1870.18	-609.7516	-607.2232	0.7085122
1870.19	-609.6046	-607.2239	0.7084897
1870.2	-609.4575	-607.2247	0.7084683
1870.21	-609.3104	-607.2254	0.7084478
1870.22	-609.1633	-607.2261	0.7084284
1870.23	-609.0162	-607.2269	0.7084101
1870.24	-608.8692	-607.2275	0.7083927
1870.25	-608.7222	-607.2281	0.7083763
1870.26	-608.5751	-607.2288	0.7083609
1870.27	-608.4281	-607.2295	0.7083463
1870.28	-608.2811	-607.2302	0.7083325
1870.29	-608.1342	-607.2308	0.7083195
1870.3	-607.9872	-607.2315	0.7083073
1870.31	-607.8402	-607.2322	0.7082958
1870.32	-607.6932	-607.2328	0.7082851
1870.33	-607.5463	-607.2335	0.708275
1870.34	-607.3994	-607.2341	0.7082655
1870.35	-607.2525	-607.2347	0.7082565
1870.36	-607.1056	-607.2354	0.7082482
1870.37	-606.9587	-607.236	0.7082404
1870.38	-606.8118	-607.2365	0.7082332
1870.39	-606.6649	-607.2371	0.7082264
1870.4	-606.5181	-607.2377	0.7082201
1870.41	-606.3712	-607.2383	0.7082143
1870.42	-606.2244	-607.239	0.7082089
1870.43	-606.0775	-607.2396	0.7082039
1870.44	-605.9307	-607.2402	0.7081992
1870.45	-605.7839	-607.2408	0.708195
1870.46	-605.6371	-607.2413	0.7081911
1870.47	-605.4903	-607.2419	0.7081876
1870.48	-605.3435	-607.2424	0.7081844
1870.49	-605.1967	-607.243	0.7081815
1870.5	-605.0499	-607.2435	0.7081789
1870.51	-604.9032	-607.2441	0.7081766
1870.52	-604.7565	-607.2446	0.7081745
1870.53	-604.6097	-607.2452	0.7081727
1870.54	-604.463	-607.2457	0.7081711
1870.55	-604.3163	-607.2463	0.7081698
1870.56	-604.1696	-607.2468	0.7081686
1870.57	-604.0229	-607.2474	0.7081676
1870.58	-603.8762	-607.2479	0.7081668
1870.59	-603.7296	-607.2485	0.708166
1870.6	-603.5829	-607.249	0.7081653
1870.61	-603.4362	-607.2496	0.7081646
1870.62	-603.2896	-607.2501	0.7081639
1870.63	-603.1429	-607.2505	0.708163
1870.64	-602.9963	-607.251	0.7081618
1870.65	-602.8497	-607.2515	0.7081605
1870.66	-602.7031	-607.252	0.708159
1870.67	-602.5565	-607.2525	0.7081572
1870.68	-602.41	-607.253	0.7081546
1870.69	-602.2634	-607.2535	0.7081512
1870.7	-602.1169	-607.254	0.708147
1870.71	-601.9703	-607.2545	0.708142
1870.72	-601.8238	-607.2549	0.7081363
1870.73	-601.6773	-607.2554	0.7081293
1870.74	-601.5308	-607.2559	0.7081211
1870.75	-601.3843	-607.2563	0.7081118
1870.76	-601.2379	-607.2568	0.7081014
1870.77	-601.0914	-607.2572	0.7080899
1870.78	-600.9449	-607.2576	0.7080771
1870.79	-600.7985	-607.258	0.7080631
1870.8	-600.6521	-607.2584	0.7080479
1870.81	-600.5057	-607.2589	0.7080317
1870.82	-600.3593	-607.2593	0.7080142
1870.83	-600.2129	-607.2597	0.7079958
1870.84	-600.0665	-607.2601	0.7079765
1870.85	-599.9202	-607.2605	0.7079562
1870.86	-599.7738	-607.2609	0.707935
1870.87	-599.6274	-607.2612	0.7079129
1870.88	-599.4811	-607.2615	0.7078905
1870.89	-599.3347	-607.2619	0.7078677
1870.9	-599.1884	-607.2623	0.7078445
1870.91	-599.0421	-607.2626	0.707821
1870.92	-598.8958	-607.263	0.707797
1870.93	-598.7495	-607.2633	0.7077728
1870.94	-598.6032	-607.2636	0.7077488
1870.95	-598.4569	-607.2639	0.707725
1870.96	-598.3106	-607.2642	0.7077016
1870.97	-598.1644	-607.2645	0.7076784
1870.98	-598.0181	-607.2648	0.7076555
1870.99	-597.8719	-607.2651	0.7076333
1871	-597.7256	-607.2654	0.7076114
1871.01	-597.5794	-607.2657	0.70759
1871.02	-597.4332	-607.266	0.7075691
1871.03	-597.287	-607.2663	0.7075488
1871.04	-597.1408	-607.2666	0.7075293
1871.05	-596.9946	-607.2669	0.7075104
1871.06	-596.8484	-607.2672	0.7074923
1871.07	-596.7023	-607.2673	0.7074747
1871.08	-596.5562	-607.2676	0.7074579
1871.09	-596.41	-607.2678	0.7074419
1871.1	-596.2639	-607.2681	0.7074267
1871.11	-596.1178	-607.2683	0.7074121
1871.12	-595.9717	-607.2686	0.7073983
1871.13	-595.8256	-607.2688	0.7073857
1871.14	-595.6796	-607.269	0.707374
1871.15	-595.5335	-607.2693	0.7073634
1871.16	-595.3875	-607.2695	0.7073537
1871.17	-595.2414	-607.2698	0.707345
1871.18	-595.0953	-607.27	0.7073371
1871.19	-594.9493	-607.2702	0.7073308
1871.2	-594.8033	-607.2704	0.7073258
1871.21	-594.6573	-607.2707	0.7073221
1871.22	-594.5114	-607.2709	0.7073197
1871.23	-594.3654	-607.2712	0.7073188
1871.24	-594.2194	-607.2714	0.7073196
1871.25	-594.0734	-607.2717	0.7073217
1871.26	-593.9275	-607.2719	0.7073253
1871.27	-593.7816	-607.2722	0.7073301
1871.28	-593.6356	-607.2725	0.7073367
1871.29	-593.4897	-607.2727	0.7073448
1871.3	-593.3438	-607.2729	0.7073544
1871.31	-593.1978	-607.2732	0.7073655
1871.32	-593.0519	-607.2734	0.7073779
1871.33	-592.9061	-607.2737	0.7073919
1871.34	-592.7602	-607.2739	0.7074072
1871.35	-592.6143	-607.2742	0.7074242
1871.36	-592.4684	-607.2744	0.7074423
1871.37	-592.3226	-607.2747	0.707462
1871.38	-592.1768	-607.2749	0.7074829
1871.39	-592.0309	-607.2752	0.7075053
1871.4	-591.8851	-607.2755	0.7075289
1871.41	-591.7393	-607.2757	0.7075538
1871.42	-591.5935	-607.2759	0.7075799
1871.43	-591.4478	-607.2762	0.7076072
1871.44	-591.302	-607.2765	0.7076356
1871.45	-591.1563	-607.2767	0.7076651
1871.46	-591.0105	-607.277	0.7076955
1871.47	-590.8647	-607.2773	0.707727
1871.48	-590.719	-607.2776	0.7077594
1871.49	-590.5733	-607.278	0.7077927
1871.5	-590.4276	-607.2783	0.7078268
1871.51	-590.2819	-607.2786	0.7078617
1871.52	-590.1362	-607.2789	0.7078974
1871.53	-589.9905	-607.2792	0.7079336
1871.54	-589.8449	-607.2795	0.7079702
1871.55	-589.6993	-607.2798	0.7080073
1871.56	-589.5536	-607.2802	0.7080448
1871.57	-589.408	-607.2806	0.7080826
1871.58	-589.2624	-607.281	0.7081203
1871.59	-589.1168	-607.2814	0.7081578
1871.6	-588.9711	-607.2817	0.7081951
1871.61	-588.8255	-607.2821	0.7082324
1871.62	-588.6799	-607.2825	0.7082695
1871.63	-588.5344	-607.2829	0.7083054
1871.64	-588.3888	-607.2833	0.7083402
1871.65	-588.2432	-607.2837	0.7083741
1871.66	-588.0977	-607.2842	0.708407
1871.67	-587.9521	-607.2846	0.7084389
1871.68	-587.8066	-607.285	0.708469
1871.69	-587.6611	-607.2855	0.7084975
1871.7	-587.5156	-607.2859	0.7085242
1871.71	-587.3701	-607.2864	0.7085494
1871.72	-587.2245	-607.2868	0.708573
1871.73	-587.0791	-607.2872	0.7085941
1871.74	-586.9337	-607.2877	0.7086129
1871.75	-586.7882	-607.2881	0.7086293
1871.76	-586.6428	-607.2885	0.7086436
1871.77	-586.4973	-607.2889	0.7086558
1871.78	-586.3519	-607.2894	0.708665
1871.79	-586.2065	-607.2898	0.7086713
1871.8	-586.0612	-607.2902	0.7086747
1871.81	-585.9158	-607.2906	0.7086756
1871.82	-585.7704	-607.2911	0.708674
1871.83	-585.625	-607.2915	0.708669
1871.84	-585.4797	-607.2919	0.7086609
1871.85	-585.3344	-607.2924	0.7086498
1871.86	-585.189	-607.2928	0.7086359
1871.87	-585.0437	-607.2932	0.7086192
1871.88	-584.8984	-607.2936	0.7085992
1871.89	-584.7531	-607.2941	0.7085758
1871.9	-584.6077	-607.2945	0.7085492
1871.91	-584.4624	-607.2949	0.7085196
1871.92	-584.3171	-607.2953	0.7084872
1871.93	-584.1719	-607.2957	0.7084513
1871.94	-584.0266	-607.2961	0.7084123
1871.95	-583.8813	-607.2964	0.70837
1871.96	-583.7361	-607.2968	0.7083247
1871.97	-583.5908	-607.2971	0.7082766
1871.98	-583.4456	-607.2974	0.7082253
1871.99	-583.3004	-607.2978	0.708171
1872	-583.1552	-607.2981	0.7081137
1872.01	-583.01	-607.2983	0.7080537
1872.02	-582.8648	-607.2986	0.7079911
1872.03	-582.7196	-607.2989	0.7079259
1872.04	-582.5745	-607.2992	0.7078582
1872.05	-582.4293	-607.2994	0.7077882
1872.06	-582.2842	-607.2996	0.707716
1872.07	-582.139	-607.2999	0.7076416
1872.08	-581.994	-607.3	0.7075653
1872.09	-581.8489	-607.3002	0.7074872
1872.1	-581.7038	-607.3004	0.7074072
1872.11	-581.5587	-607.3005	0.7073257
1872.12	-581.4136	-607.3006	0.7072425
1872.13	-581.2686	-607.3007	0.7071577
1872.14	-581.1235	-607.3008	0.7070719
1872.15	-580.9785	-607.3008	0.7069851
1872.16	-580.8334	-607.3008	0.7068973
1872.17	-580.6884	-607.3008	0.7068086
1872.18	-580.5434	-607.3008	0.7067196
1872.19	-580.3984	-607.3008	0.7066302
1872.2	-580.2534	-607.3007	0.7065402
1872.21	-580.1083	-607.3007	0.7064501
1872.22	-579.9633	-607.3005	0.7063596
1872.23	-579.8184	-607.3004	0.7062688
1872.24	-579.6734	-607.3003	0.7061787
1872.25	-579.5284	-607.3001	0.7060891
1872.26	-579.3835	-607.3	0.7060002
1872.27	-579.2385	-607.2997	0.7059118
1872.28	-579.0936	-607.2996	0.7058247
1872.29	-578.9487	-607.2993	0.705739
1872.3	-578.8038	-607.299	0.7056543
1872.31	-578.6589	-607.2988	0.7055708
1872.32	-578.514	-607.2984	0.7054883
1872.33	-578.3692	-607.2981	0.7054079
1872.34	-578.2244	-607.2977	0.7053292
1872.35	-578.0795	-607.2974	0.7052524
1872.36	-577.9347	-607.2969	0.7051772
1872.37	-577.7899	-607.2966	0.7051037
1872.38	-577.6451	-607.2961	0.7050326
1872.39	-577.5003	-607.2957	0.7049639
1872.4	-577.3555	-607.2952	0.7048973
1872.41	-577.2108	-607.2947	0.704833
1872.42	-577.066	-607.2942	0.7047707
1872.43	-576.9212	-607.2936	0.7047113
1872.44	-576.7764	-607.2931	0.7046545
1872.45	-576.6317	-607.2925	0.7046003
1872.46	-576.487	-607.2919	0.7045486
1872.47	-576.3423	-607.2913	0.7044992
1872.48	-576.1976	-607.2906	0.7044528
1872.49	-576.0529	-607.29	0.7044091
1872.5	-575.9081	-607.2894	0.7043681
1872.51	-575.7634	-607.2888	0.7043295
1872.52	-575.6187	-607.288	0.7042933
1872.53	-575.4741	-607.2874	0.7042601
1872.54	-575.3294	-607.2867	0.7042298
1872.55	-575.1848	-607.2859	0.7042022
1872.56	-575.0401	-607.2852	0.704177
1872.57	-574.8954	-607.2844	0.7041544
1872.58	-574.7509	-607.2837	0.7041347
1872.59	-574.6063	-607.2829	0.7041178
1872.6	-574.4617	-607.2821	0.7041036
1872.61	-574.3171	-607.2813	0.7040919
1872.62	-574.1725	-607.2805	0.7040827
1872.63	-574.0279	-607.2797	0.7040758
1872.64	-573.8834	-607.2789	0.7040715
1872.65	-573.7388	-607.2781	0.7040699
1872.66	-573.5943	-607.2772	0.7040708
1872.67	-573.4498	-607.2764	0.704074
1872.68	-573.3053	-607.2755	0.7040796
1872.69	-573.1608	-607.2747	0.7040874
1872.7	-573.0164	-607.2738	0.7040973
1872.71	-572.8719	-607.2729	0.7041092
1872.72	-572.7274	-607.272	0.7041231
1872.73	-572.5829	-607.2711	0.7041388
1872.74	-572.4385	-607.2702	0.7041562
1872.75	-572.2941	-607.2693	0.7041754
1872.76	-572.1497	-607.2684	0.704196
1872.77	-572.0052	-607.2675	0.7042183
1872.78	-571.8608	-607.2666	0.7042419
1872.79	-571.7164	-607.2657	0.7042669
1872.8	-571.572	-607.2648	0.7042932
1872.81	-571.4276	-607.2639	0.7043208
1872.82	-571.2832	-607.263	0.7043496
1872.83	-571.1389	-607.2621	0.7043795
1872.84	-570.9945	-607.2612	0.7044104
1872.85	-570.8502	-607.2603	0.7044425
1872.86	-570.7058	-607.2594	0.7044755
1872.87	-570.5615	-607.2585	0.7045095
1872.88	-570.4172	-607.2576	0.7045442
1872.89	-570.2729	-607.2567	0.7045797
1872.9	-570.1286	-607.2558	0.704616
1872.91	-569.9843	-607.2549	0.7046528
1872.92	-569.84	-607.254	0.7046905
1872.93	-569.6958	-607.2531	0.7047284
1872.94	-569.5516	-607.2522	0.7047668
1872.95	-569.4073	-607.2513	0.7048055
1872.96	-569.2631	-607.2504	0.7048445
1872.97	-569.1189	-607.2495	0.7048838
1872.98	-568.9747	-607.2487	0.7049229
1872.99	-568.8306	-607.2478	0.7049617
1873	-568.6864	-607.2469	0.7050003
1873.01	-568.5422	-607.2461	0.7050387
1873.02	-568.3981	-607.2453	0.7050769
1873.03	-568.2539	-607.2444	0.7051142
1873.04	-568.1097	-607.2436	0.7051507
1873.05	-567.9656	-607.2427	0.7051864
1873.06	-567.8215	-607.2419	0.7052214
1873.07	-567.6774	-607.2411	0.7052556
1873.08	-567.5333	-607.2402	0.7052886
1873.09	-567.3892	-607.2394	0.7053204
1873.1	-567.2451	-607.2385	0.7053511
1873.11	-567.101	-607.2378	0.7053806
1873.12	-566.9568	-607.237	0.7054092
1873.13	-566.8128	-607.2362	0.7054364
1873.14	-566.6688	-607.2354	0.7054622
1873.15	-566.5247	-607.2346	0.7054868
1873.16	-566.3807	-607.2338	0.7055102
1873.17	-566.2366	-607.2331	0.7055324
1873.18	-566.0927	-607.2323	0.7055531
1873.19	-565.9487	-607.2315	0.7055724
1873.2	-565.8047	-607.2307	0.7055904
1873.21	-565.6607	-607.2299	0.7056071
1873.22	-565.5167	-607.2291	0.7056224
1873.23	-565.3727	-607.2284	0.7056368
1873.24	-565.2288	-607.2277	0.7056498
1873.25	-565.0849	-607.2269	0.7056615
1873.26	-564.941	-607.2262	0.705672
1873.27	-564.7971	-607.2255	0.7056814
1873.28	-564.6531	-607.2248	0.7056895
1873.29	-564.5092	-607.2241	0.7056967
1873.3	-564.3654	-607.2233	0.7057027
1873.31	-564.2215	-607.2226	0.7057077
1873.32	-564.0776	-607.2219	0.7057118
1873.33	-563.9338	-607.2211	0.7057148
1873.34	-563.7899	-607.2204	0.7057167
1873.35	-563.6461	-607.2197	0.7057177
1873.36	-563.5022	-607.2189	0.7057177
1873.37	-563.3583	-607.2182	0.7057168
1873.38	-563.2145	-607.2175	0.7057148
1873.39	-563.0707	-607.2167	0.7057116
1873.4	-562.9269	-607.2161	0.7057074
1873.41	-562.7831	-607.2154	0.7057022
1873.42	-562.6393	-607.2147	0.705696
1873.43	-562.4956	-607.2141	0.7056887
1873.44	-562.3519	-607.2134	0.7056805
1873.45	-562.2081	-607.2126	0.7056713
1873.46	-562.0644	-607.212	0.7056612
1873.47	-561.9207	-607.2113	0.7056502
1873.48	-561.777	-607.2106	0.7056385
1873.49	-561.6333	-607.21	0.7056261
1873.5	-561.4896	-607.2093	0.7056131
1873.51	-561.3459	-607.2086	0.7055994
1873.52	-561.2023	-607.2079	0.7055852
1873.53	-561.0587	-607.2073	0.7055708
1873.54	-560.915	-607.2066	0.7055562
1873.55	-560.7714	-607.2059	0.7055413
1873.56	-560.6278	-607.2053	0.7055262
1873.57	-560.4842	-607.2045	0.705511
1873.58	-560.3406	-607.2039	0.7054959
1873.59	-560.197	-607.2032	0.7054811
1873.6	-560.0533	-607.2025	0.7054665
1873.61	-559.9097	-607.2018	0.7054521
1873.62	-559.7662	-607.2012	0.7054379
1873.63	-559.6226	-607.2005	0.7054243
1873.64	-559.4791	-607.1998	0.7054113
1873.65	-559.3355	-607.1992	0.7053989
1873.66	-559.192	-607.1985	0.7053871
1873.67	-559.0484	-607.1978	0.7053757
1873.68	-558.9049	-607.1971	0.7053654
1873.69	-558.7614	-607.1964	0.7053559
1873.7	-558.6179	-607.1957	0.7053474
1873.71	-558.4744	-607.1951	0.7053397
1873.72	-558.3309	-607.1944	0.7053328
1873.73	-558.1875	-607.1937	0.7053273
1873.74	-558.0441	-607.1931	0.7053229
1873.75	-557.9006	-607.1924	0.7053198
1873.76	-557.7572	-607.1917	0.7053179
1873.77	-557.6138	-607.191	0.705317
1873.78	-557.4704	-607.1904	0.7053177
1873.79	-557.327	-607.1897	0.7053199
1873.8	-557.1837	-607.189	0.7053235
1873.81	-557.0403	-607.1884	0.7053285
1873.82	-556.8969	-607.1877	0.7053348
1873.83	-556.7535	-607.187	0.7053427
1873.84	-556.6102	-607.1863	0.7053519
1873.85	-556.4668	-607.1857	0.7053626
1873.86	-556.3235	-607.1851	0.7053745
1873.87	-556.1802	-607.1844	0.7053877
1873.88	-556.0369	-607.1837	0.705402
1873.89	-555.8936	-607.183	0.7054175
1873.9	-555.7502	-607.1824	0.705434
1873.91	-555.6069	-607.1818	0.7054515
1873.92	-555.4636	-607.1812	0.70547
1873.93	-555.3204	-607.1806	0.7054894
1873.94	-555.1771	-607.18	0.7055095
1873.95	-555.0339	-607.1794	0.7055302
1873.96	-554.8906	-607.1788	0.7055517
1873.97	-554.7474	-607.1782	0.7055738
1873.98	-554.6042	-607.1776	0.7055962
1873.99	-554.461	-607.177	0.7056189
1874	-554.3178	-607.1764	0.7056419
1874.01	-554.1746	-607.1758	0.7056651
1874.02	-554.0314	-607.1752	0.7056887
1874.03	-553.8883	-607.1746	0.7057118
1874.04	-553.7452	-607.174	0.7057346
1874.05	-553.6021	-607.1734	0.705757
1874.06	-553.4589	-607.1729	0.7057791
1874.07	-553.3158	-607.1723	0.7058009
1874.08	-553.1727	-607.1718	0.7058217
1874.09	-553.0296	-607.1713	0.7058415
1874.1	-552.8865	-607.1707	0.7058604
1874.11	-552.7435	-607.1702	0.7058784
1874.12	-552.6004	-607.1696	0.7058956
1874.13	-552.4574	-607.1691	0.7059116
1874.14	-552.3144	-607.1685	0.7059265
1874.15	-552.1714	-607.168	0.7059404
1874.16	-552.0284	-607.1674	0.7059532
1874.17	-551.8854	-607.1669	0.7059652
1874.18	-551.7424	-607.1664	0.7059761
1874.19	-551.5995	-607.1658	0.7059859
1874.2	-551.4565	-607.1653	0.7059949
1874.21	-551.3136	-607.1647	0.706003
1874.22	-551.1707	-607.1642	0.7060102
1874.23	-551.0278	-607.1636	0.7060165
1874.24	-550.8849	-607.1631	0.7060222
1874.25	-550.7421	-607.1625	0.7060271
1874.26	-550.5993	-607.162	0.7060313
1874.27	-550.4565	-607.1614	0.7060349
1874.28	-550.3137	-607.1609	0.7060378
1874.29	-550.171	-607.1603	0.7060402
1874.3	-550.0282	-607.1598	0.706042
1874.31	-549.8854	-607.1592	0.7060433
1874.32	-549.7427	-607.1588	0.706044
1874.33	-549.6	-607.1583	0.7060443
1874.34	-549.4573	-607.1578	0.7060442
1874.35	-549.3146	-607.1573	0.7060436
1874.36	-549.1719	-607.1568	0.7060426
1874.37	-549.0292	-607.1563	0.7060412
1874.38	-548.8865	-607.1558	0.7060395
1874.39	-548.7439	-607.1553	0.7060373
1874.4	-548.6013	-607.1548	0.7060349
1874.41	-548.4587	-607.1544	0.7060321
1874.42	-548.3161	-607.1539	0.706029
1874.43	-548.1735	-607.1534	0.7060256
1874.44	-548.0313	-607.1529	0.706022
1874.45	-547.8894	-607.1524	0.7060181
1874.46	-547.7478	-607.1519	0.706014
1874.47	-547.6065	-607.1514	0.7060096
1874.48	-547.4656	-607.1509	0.7060052
1874.49	-547.325	-607.1505	0.7060004
1874.5	-547.1846	-607.15	0.7059955
1874.51	-547.0447	-607.1495	0.7059905
1874.52	-546.905	-607.149	0.7059853
1874.53	-546.7657	-607.1485	0.7059801
1874.54	-546.6267	-607.1479	0.7059749
1874.55	-546.488	-607.1475	0.7059697
1874.56	-546.3497	-607.147	0.7059644
1874.57	-546.2116	-607.1465	0.7059591
1874.58	-546.0739	-607.146	0.7059538
1874.59	-545.9365	-607.1455	0.7059486
1874.6	-545.7994	-607.145	0.7059433
1874.61	-545.6627	-607.1445	0.705938
1874.62	-545.5262	-607.144	0.7059328
1874.63	-545.39	-607.1436	0.7059276
1874.64	-545.2542	-607.1431	0.7059223
1874.65	-545.1187	-607.1426	0.7059171
1874.66	-544.9835	-607.1421	0.7059119
1874.67	-544.8486	-607.1416	0.7059066
1874.68	-544.7141	-607.1411	0.7059014
1874.69	-544.5798	-607.1406	0.7058961
1874.7	-544.4459	-607.1401	0.7058909
1874.71	-544.3123	-607.1396	0.7058857
1874.72	-544.179	-607.1392	0.7058805
1874.73	-544.0461	-607.1387	0.7058753
1874.74	-543.9135	-607.1382	0.7058702
1874.75	-543.7811	-607.1377	0.705865
1874.76	-543.6492	-607.1372	0.7058598
1874.77	-543.5175	-607.1367	0.7058546
1874.78	-543.3862	-607.1362	0.7058494
1874.79	-543.2552	-607.1357	0.7058443
1874.8	-543.1245	-607.1353	0.7058392
1874.81	-542.9941	-607.1348	0.705834
1874.82	-542.8641	-607.1343	0.7058289
1874.83	-542.7344	-607.1337	0.7058238
1874.84	-542.605	-607.1332	0.7058187
1874.85	-542.4759	-607.1328	0.7058136
1874.86	-542.3471	-607.1323	0.7058085
1874.87	-542.2186	-607.1318	0.7058034
1874.88	-542.0905	-607.1313	0.7057983
1874.89	-541.9627	-607.1308	0.7057933
1874.9	-541.8352	-607.1303	0.7057882
1874.91	-541.708	-607.1298	0.7057832
1874.92	-541.5811	-607.1293	0.7057781
1874.93	-541.4546	-607.1288	0.7057731
1874.94	-541.3284	-607.1284	0.705768
1874.95	-541.2025	-607.1279	0.7057631
1874.96	-541.0768	-607.1274	0.7057582
1874.97	-540.9516	-607.1269	0.7057531
1874.98	-540.8267	-607.1264	0.7057481
1874.99	-540.702	-607.1259	0.7057433
1875	-540.5778	-607.1254	0.7057382
1875.01	-540.4538	-607.1249	0.7057333
1875.02	-540.3301	-607.1245	0.7057284
1875.03	-540.2068	-607.124	0.7057235
1875.04	-540.0839	-607.1235	0.7057186
1875.05	-539.9612	-607.123	0.7057137
1875.06	-539.8388	-607.1225	0.7057088
1875.07	-539.7167	-607.122	0.7057039
1875.08	-539.595	-607.1215	0.705699
1875.09	-539.4736	-607.121	0.7056942
1875.1	-539.3525	-607.1205	0.7056894
1875.11	-539.2318	-607.1201	0.7056845
1875.12	-539.1113	-607.1196	0.7056797
1875.13	-538.9911	-607.1191	0.7056749
1875.14	-538.8713	-607.1185	0.7056702
1875.15	-538.7518	-607.118	0.7056653
1875.16	-538.6326	-607.1176	0.7056606
1875.17	-538.5138	-607.1171	0.7056558
1875.18	-538.3953	-607.1166	0.7056511
1875.19	-538.277	-607.1161	0.7056463
1875.2	-538.1591	-607.1156	0.7056416
1875.21	-538.0416	-607.1151	0.7056369
1875.22	-537.9243	-607.1146	0.7056322
1875.23	-537.8074	-607.1141	0.7056275
1875.24	-537.6908	-607.1136	0.7056229
1875.25	-537.5745	-607.1132	0.7056181
1875.26	-537.4586	-607.1127	0.7056136
1875.27	-537.3429	-607.1122	0.7056088
1875.28	-537.2276	-607.1117	0.7056042
1875.29	-537.1126	-607.1112	0.7055996
1875.3	-536.9979	-607.1107	0.705595
1875.31	-536.8835	-607.1102	0.7055904
1875.32	-536.7695	-607.1097	0.7055858
1875.33	-536.6558	-607.1093	0.7055812
1875.34	-536.5424	-607.1088	0.7055767
1875.35	-536.4293	-607.1083	0.7055722
1875.36	-536.3165	-607.1078	0.7055677
1875.37	-536.204	-607.1073	0.7055631
1875.38	-536.0919	-607.1068	0.7055587
1875.39	-535.98	-607.1063	0.7055542
1875.4	-535.8685	-607.1058	0.7055497
1875.41	-535.7573	-607.1053	0.7055452
1875.42	-535.6465	-607.1049	0.7055407
1875.43	-535.5359	-607.1044	0.7055363
1875.44	-535.4257	-607.1039	0.7055319
1875.45	-535.3158	-607.1034	0.7055274
1875.46	-535.2062	-607.1029	0.705523
1875.47	-535.097	-607.1024	0.7055187
1875.48	-534.988	-607.1019	0.7055143
1875.49	-534.8795	-607.1014	0.7055097
1875.5	-534.7714	-607.1009	0.7055045
1875.51	-534.6637	-607.1004	0.7055019
1875.52	-534.5559	-607.0999	0.7054989
1875.53	-534.4482	-607.0994	0.7054955
1875.54	-534.3405	-607.0989	0.7054919
1875.55	-534.2328	-607.0984	0.7054881
1875.56	-534.1251	-607.098	0.7054841
1875.57	-534.0173	-607.0975	0.7054799
1875.58	-533.9097	-607.097	0.7054755
1875.59	-533.802	-607.0965	0.705471
1875.6	-533.6943	-607.096	0.7054663
1875.61	-533.5867	-607.0955	0.7054616
1875.62	-533.479	-607.095	0.7054566
1875.63	-533.3714	-607.0945	0.7054516
1875.64	-533.2638	-607.0941	0.7054464
1875.65	-533.1562	-607.0936	0.7054411
1875.66	-533.0486	-607.0931	0.7054357
1875.67	-532.941	-607.0926	0.7054302
1875.68	-532.8334	-607.0921	0.7054246
1875.69	-532.7258	-607.0916	0.7054189
1875.7	-532.6183	-607.0911	0.7054132
1875.71	-532.5107	-607.0906	0.7054073
1875.72	-532.4032	-607.0901	0.7054014
1875.73	-532.2957	-607.0897	0.7053955
1875.74	-532.1882	-607.0892	0.7053894
1875.75	-532.0807	-607.0887	0.7053833
1875.76	-531.9733	-607.0882	0.7053771
1875.77	-531.8658	-607.0876	0.7053709
1875.78	-531.7583	-607.087	0.7053645
1875.79	-531.6508	-607.0865	0.7053581
1875.8	-531.5433	-607.0859	0.7053517
1875.81	-531.4357	-607.0854	0.7053452
1875.82	-531.3282	-607.0848	0.7053386
1875.83	-531.2206	-607.0843	0.7053319
1875.84	-531.1131	-607.0837	0.7053252
1875.85	-531.0056	-607.0832	0.7053185
1875.86	-530.8979	-607.0826	0.7053117
1875.87	-530.7903	-607.0821	0.7053049
1875.88	-530.6827	-607.0815	0.705298
1875.89	-530.5751	-607.081	0.7052911
1875.9	-530.4675	-607.0804	0.7052841
1875.91	-530.3599	-607.0799	0.705277
1875.92	-530.2523	-607.0793	0.7052699
1875.93	-530.1447	-607.0788	0.7052628
1875.94	-530.037	-607.0782	0.7052556
1875.95	-529.9294	-607.0777	0.7052485
1875.96	-529.8217	-607.0771	0.7052412
1875.97	-529.7141	-607.0766	0.705234
1875.98	-529.6064	-607.076	0.7052267
1875.99	-529.4987	-607.0754	0.7052194
1876	-529.3911	-607.0749	0.7052121
1876.01	-529.2834	-607.0743	0.7052048
1876.02	-529.1757	-607.0738	0.7051975
1876.03	-529.0681	-607.0732	0.7051901
1876.04	-528.9604	-607.0727	0.7051827
1876.05	-528.8527	-607.0721	0.7051754
1876.06	-528.7451	-607.0716	0.705168
1876.07	-528.6374	-607.071	0.7051607
1876.08	-528.5298	-607.0705	0.7051533
1876.09	-528.4222	-607.0699	0.705146
1876.1	-528.3146	-607.0693	0.7051386
1876.11	-528.207	-607.0687	0.7051312
1876.12	-528.0994	-607.0681	0.7051239
1876.13	-527.9918	-607.0674	0.7051166
1876.14	-527.8843	-607.0668	0.7051092
1876.15	-527.7767	-607.0662	0.7051018
1876.16	-527.6692	-607.0656	0.7050945
1876.17	-527.5616	-607.065	0.7050871
1876.18	-527.4542	-607.0644	0.7050797
1876.19	-527.3467	-607.0638	0.7050725
1876.2	-527.2392	-607.0631	0.7050651
1876.21	-527.1317	-607.0625	0.7050579
1876.22	-527.0242	-607.0619	0.7050506
1876.23	-526.9168	-607.0613	0.7050433
1876.24	-526.8094	-607.0607	0.705036
1876.25	-526.702	-607.0601	0.7050287
1876.26	-526.5945	-607.0594	0.7050214
1876.27	-526.4871	-607.0588	0.7050141
1876.28	-526.3798	-607.0582	0.7050068
1876.29	-526.2724	-607.0576	0.7049996
1876.3	-526.165	-607.057	0.7049923
1876.31	-526.0577	-607.0564	0.704985
1876.32	-525.9504	-607.0558	0.7049778
1876.33	-525.8431	-607.0552	0.7049705
1876.34	-525.7358	-607.0546	0.7049632
1876.35	-525.6285	-607.054	0.7049559
1876.36	-525.5212	-607.0533	0.7049487
1876.37	-525.414	-607.0527	0.7049415
1876.38	-525.3068	-607.0521	0.7049342
1876.39	-525.1995	-607.0515	0.7049268
1876.4	-525.0923	-607.0508	0.7049196
1876.41	-524.9851	-607.05	0.7049124
1876.42	-524.8779	-607.0494	0.7049051
1876.43	-524.7708	-607.0487	0.7048978
1876.44	-524.6636	-607.048	0.7048905
1876.45	-524.5565	-607.0474	0.7048833
1876.46	-524.4493	-607.0467	0.704876
1876.47	-524.3422	-607.046	0.7048687
1876.48	-524.2351	-607.0453	0.7048615
1876.49	-524.1284	-607.0447	0.7048543
1876.5	-524.0219	-607.044	0.7048472
1876.51	-523.9158	-607.0433	0.7048402
1876.52	-523.8099	-607.0427	0.7048331
1876.53	-523.7045	-607.042	0.7048261
1876.54	-523.5993	-607.0413	0.7048191
1876.55	-523.4944	-607.0406	0.7048122
1876.56	-523.3899	-607.04	0.7048053
1876.57	-523.2857	-607.0393	0.7047983
1876.58	-523.1818	-607.0386	0.7047915
1876.59	-523.0782	-607.038	0.7047847
1876.6	-522.975	-607.0373	0.7047778
1876.61	-522.8721	-607.0366	0.704771
1876.62	-522.7695	-607.0359	0.7047643
1876.63	-522.6672	-607.0352	0.7047576
1876.64	-522.5652	-607.0345	0.7047509
1876.65	-522.4636	-607.0339	0.7047443
1876.66	-522.3622	-607.0332	0.7047376
1876.67	-522.2612	-607.0325	0.7047309
1876.68	-522.1605	-607.0319	0.7047243
1876.69	-522.0602	-607.0312	0.7047178
1876.7	-521.9601	-607.0305	0.7047113
1876.71	-521.8604	-607.0298	0.7047047
1876.72	-521.761	-607.0292	0.7046982
1876.73	-521.6619	-607.0285	0.7046917
1876.74	-521.563	-607.0278	0.7046853
1876.75	-521.4646	-607.0272	0.7046788
1876.76	-521.3665	-607.0265	0.7046724
1876.77	-521.2686	-607.0258	0.704666
1876.78	-521.1711	-607.0251	0.7046596
1876.79	-521.074	-607.0245	0.7046529
1876.8	-520.9774	-607.0238	0.7046473
1876.81	-520.8809	-607.0231	0.7046422
1876.82	-520.7844	-607.0225	0.7046372
1876.83	-520.6879	-607.0218	0.7046321
1876.84	-520.5914	-607.0211	0.704627
1876.85	-520.4949	-607.0204	0.7046218
1876.86	-520.3984	-607.0198	0.7046165
1876.87	-520.302	-607.019	0.7046113
1876.88	-520.2056	-607.0184	0.7046061
1876.89	-520.1091	-607.0177	0.7046008
1876.9	-520.0128	-607.017	0.7045954
1876.91	-519.9164	-607.0164	0.70459
1876.92	-519.82	-607.0157	0.7045848
1876.93	-519.7236	-607.015	0.7045794
1876.94	-519.6273	-607.0143	0.704574
1876.95	-519.5309	-607.0137	0.7045687
1876.96	-519.4346	-607.013	0.7045634
1876.97	-519.3383	-607.0123	0.7045581
1876.98	-519.242	-607.0117	0.7045529
1876.99	-519.1457	-607.011	0.7045478
1877	-519.0494	-607.0103	0.7045425
1877.01	-518.953	-607.0096	0.7045373
1877.02	-518.8566	-607.009	0.7045322
1877.03	-518.7602	-607.0083	0.7045271
1877.04	-518.6638	-607.0076	0.7045222
1877.05	-518.5673	-607.007	0.7045174
1877.06	-518.4708	-607.0063	0.7045127
1877.07	-518.3742	-607.0056	0.7045081
1877.08	-518.2776	-607.0049	0.7045038
1877.09	-518.1809	-607.0043	0.7044997
1877.1	-518.0842	-607.0035	0.7044957
1877.11	-517.9875	-607.0028	0.7044918
1877.12	-517.8907	-607.0021	0.7044881
1877.13	-517.7938	-607.0013	0.7044846
1877.14	-517.697	-607.0006	0.7044812
1877.15	-517.6	-606.9999	0.7044778
1877.16	-517.5031	-606.9991	0.7044747
1877.17	-517.406	-606.9984	0.7044717
1877.18	-517.3089	-606.9977	0.7044688
1877.19	-517.2118	-606.9969	0.704466
1877.2	-517.1146	-606.9962	0.7044633
1877.21	-517.0174	-606.9954	0.7044607
1877.22	-516.9201	-606.9947	0.7044581
1877.23	-516.8228	-606.994	0.7044556
1877.24	-516.7253	-606.9932	0.7044532
1877.25	-516.6279	-606.9925	0.7044509
1877.26	-516.5303	-606.9918	0.7044486
1877.27	-516.4327	-606.991	0.7044464
1877.28	-516.3351	-606.9903	0.7044442
1877.29	-516.2374	-606.9896	0.7044421
1877.3	-516.1395	-606.9888	0.70444
1877.31	-516.0416	-606.9881	0.7044379
1877.32	-515.9437	-606.9874	0.7044359
1877.33	-515.8456	-606.9866	0.7044338
1877.34	-515.7476	-606.9859	0.7044318
1877.35	-515.6494	-606.9852	0.7044298
1877.36	-515.5511	-606.9844	0.7044278
1877.37	-515.4527	-606.9837	0.7044259
1877.38	-515.3543	-606.983	0.7044238
1877.39	-515.2558	-606.9822	0.7044219
1877.4	-515.1572	-606.9815	0.70442
1877.41	-515.0585	-606.9808	0.704418
1877.42	-514.9598	-606.98	0.7044161
1877.43	-514.861	-606.9793	0.7044142
1877.44	-514.7621	-606.9786	0.7044123
1877.45	-514.6631	-606.9778	0.7044103
1877.46	-514.564	-606.9771	0.7044084
1877.47	-514.4649	-606.9764	0.7044065
1877.48	-514.3657	-606.9756	0.7044046
1877.49	-514.2664	-606.9749	0.7044027
1877.5	-514.1671	-606.9742	0.7044008
1877.51	-514.0676	-606.9734	0.7043989
1877.52	-513.9681	-606.9727	0.7043971
1877.53	-513.8685	-606.972	0.7043952
1877.54	-513.7688	-606.9713	0.7043933
1877.55	-513.669	-606.9705	0.7043914
1877.56	-513.5692	-606.9698	0.7043896
1877.57	-513.4692	-606.9691	0.7043877
1877.58	-513.3693	-606.9683	0.7043858
1877.59	-513.2692	-606.9676	0.7043839
1877.6	-513.169	-606.9669	0.7043821
1877.61	-513.0687	-606.9661	0.7043802
1877.62	-512.9684	-606.9653	0.7043783
1877.63	-512.8679	-606.9645	0.7043765
1877.64	-512.7675	-606.9637	0.7043746
1877.65	-512.6669	-606.963	0.7043727
1877.66	-512.5662	-606.9622	0.7043708
1877.67	-512.4655	-606.9614	0.7043689
1877.68	-512.3646	-606.9606	0.7043671
1877.69	-512.2637	-606.9598	0.7043653
1877.7	-512.1627	-606.959	0.7043634
1877.71	-512.0616	-606.9582	0.7043616
1877.72	-511.9604	-606.9574	0.7043597
1877.73	-511.8592	-606.9566	0.7043579
1877.74	-511.7578	-606.9558	0.7043561
1877.75	-511.6564	-606.955	0.7043545
1877.76	-511.5548	-606.9542	0.7043529
1877.77	-511.4532	-606.9534	0.7043513
1877.78	-511.3515	-606.9526	0.7043501
1877.79	-511.2497	-606.9518	0.704349
1877.8	-511.1478	-606.951	0.7043481
1877.81	-511.0458	-606.9503	0.7043476
1877.82	-510.9438	-606.9495	0.7043472
1877.83	-510.8416	-606.9487	0.7043471
1877.84	-510.7394	-606.9479	0.7043474
1877.85	-510.637	-606.9471	0.7043481
1877.86	-510.5346	-606.9463	0.704349
1877.87	-510.432	-606.9455	0.7043502
1877.88	-510.3294	-606.9447	0.7043517
1877.89	-510.2267	-606.9439	0.7043536
1877.9	-510.1239	-606.9431	0.7043557
1877.91	-510.021	-606.9423	0.7043579
1877.92	-509.918	-606.9415	0.7043604
1877.93	-509.815	-606.9407	0.7043632
1877.94	-509.7118	-606.9399	0.7043662
1877.95	-509.6086	-606.9391	0.7043693
1877.96	-509.5052	-606.9384	0.7043726
1877.97	-509.4017	-606.9376	0.7043761
1877.98	-509.2982	-606.9368	0.7043798
1877.99	-509.1946	-606.936	0.7043836
1878	-509.0909	-606.9352	0.7043875
1878.01	-508.9871	-606.9344	0.7043916
1878.02	-508.8831	-606.9336	0.7043958
1878.03	-508.7791	-606.9328	0.7044001
1878.04	-508.675	-606.932	0.7044045
1878.05	-508.5709	-606.9312	0.704409
1878.06	-508.4666	-606.9304	0.7044137
1878.07	-508.3622	-606.9296	0.7044183
1878.08	-508.2577	-606.9288	0.704423
1878.09	-508.1531	-606.928	0.704428
1878.1	-508.0484	-606.9272	0.7044328
1878.11	-507.9437	-606.9265	0.7044378
1878.12	-507.8388	-606.9257	0.7044429
1878.13	-507.7338	-606.9249	0.704448
1878.14	-507.6288	-606.9241	0.7044532
1878.15	-507.5236	-606.9233	0.7044584
1878.16	-507.4184	-606.9225	0.7044637
1878.17	-507.313	-606.9218	0.704469
1878.18	-507.2076	-606.921	0.7044744
1878.19	-507.102	-606.9202	0.7044798
1878.2	-506.9964	-606.9194	0.7044853
1878.21	-506.8906	-606.9186	0.7044908
1878.22	-506.7848	-606.9178	0.7044963
1878.23	-506.6789	-606.917	0.7045018
1878.24	-506.5728	-606.9162	0.7045074
1878.25	-506.4667	-606.9154	0.704513
1878.26	-506.3605	-606.9146	0.7045187
1878.27	-506.2542	-606.9138	0.7045243
1878.28	-506.1478	-606.913	0.7045301
1878.29	-506.0413	-606.9122	0.7045358
1878.3	-505.9347	-606.9114	0.7045416
1878.31	-505.828	-606.9106	0.7045473
1878.32	-505.7213	-606.9099	0.7045531
1878.33	-505.6144	-606.9091	0.7045589
1878.34	-505.5074	-606.9083	0.7045647
1878.35	-505.4004	-606.9075	0.7045704
1878.36	-505.2932	-606.9067	0.7045761
1878.37	-505.1859	-606.9059	0.7045819
1878.38	-505.0786	-606.9051	0.7045875
1878.39	-504.9712	-606.9043	0.7045932
1878.4	-504.8636	-606.9035	0.7045988
1878.41	-504.756	-606.9027	0.7046044
1878.42	-504.6483	-606.902	0.70461
1878.43	-504.5405	-606.9013	0.7046155
1878.44	-504.4326	-606.9006	0.704621
1878.45	-504.3246	-606.8998	0.7046264
1878.46	-504.2165	-606.8991	0.7046317
1878.47	-504.1083	-606.8984	0.704637
1878.48	-504	-606.8976	0.7046421
1878.49	-503.8916	-606.8969	0.7046471
1878.5	-503.7832	-606.8962	0.704652
1878.51	-503.6746	-606.8954	0.7046567
1878.52	-503.5659	-606.8947	0.7046614
1878.53	-503.4572	-606.894	0.7046659
1878.54	-503.3484	-606.8932	0.7046703
1878.55	-503.2395	-606.8925	0.7046745
1878.56	-503.1304	-606.8918	0.7046787
1878.57	-503.0213	-606.8911	0.7046827
1878.58	-502.9121	-606.8903	0.7046866
1878.59	-502.8028	-606.8896	0.7046904
1878.6	-502.6935	-606.8889	0.7046942
1878.61	-502.584	-606.8881	0.7046978
1878.62	-502.4744	-606.8874	0.7047014
1878.63	-502.3647	-606.8867	0.7047049
1878.64	-502.255	-606.8859	0.7047083
1878.65	-502.1451	-606.8852	0.7047117
1878.66	-502.0352	-606.8845	0.704715
1878.67	-501.9251	-606.8837	0.7047182
1878.68	-501.815	-606.883	0.7047214
1878.69	-501.7048	-606.8823	0.7047245
1878.7	-501.5945	-606.8815	0.7047276
1878.71	-501.4841	-606.8808	0.7047307
1878.72	-501.3736	-606.8801	0.7047337
1878.73	-501.2631	-606.8793	0.7047366
1878.74	-501.1524	-606.8786	0.7047395
1878.75	-501.0417	-606.8779	0.7047424
1878.76	-500.9308	-606.8771	0.7047452
1878.77	-500.8199	-606.8764	0.704748
1878.78	-500.7088	-606.8757	0.7047507
1878.79	-500.5977	-606.8749	0.7047535
1878.8	-500.4865	-606.8742	0.7047561
1878.81	-500.3752	-606.8735	0.7047588
1878.82	-500.2638	-606.8727	0.7047614
1878.83	-500.1523	-606.872	0.704764
1878.84	-500.0407	-606.8713	0.7047666
1878.85	-499.9291	-606.8706	0.7047691
1878.86	-499.8173	-606.8699	0.7047716
1878.87	-499.7055	-606.8691	0.7047741
1878.88	-499.5936	-606.8684	0.7047766
1878.89	-499.4816	-606.8677	0.7047791
1878.9	-499.3695	-606.8669	0.7047815
1878.91	-499.2573	-606.8662	0.704784
1878.92	-499.145	-606.8655	0.7047864
1878.93	-499.0326	-606.8647	0.7047888
1878.94	-498.9201	-606.864	0.7047912
1878.95	-498.8076	-606.8633	0.7047936
1878.96	-498.6949	-606.8625	0.704796
1878.97	-498.5822	-606.8618	0.7047984
1878.98	-498.4694	-606.8611	0.7048007
1878.99	-498.3565	-606.8604	0.704803
1879	-498.2435	-606.8596	0.7048054
1879.01	-498.1304	-606.8589	0.7048077
1879.02	-498.0172	-606.8582	0.7048101
1879.03	-497.904	-606.8574	0.7048124
1879.04	-497.7906	-606.8567	0.7048147
1879.05	-497.6772	-606.856	0.7048171
1879.06	-497.5637	-606.8552	0.7048194
1879.07	-497.4501	-606.8545	0.7048217
1879.08	-497.3364	-606.8538	0.704824
1879.09	-497.2226	-606.853	0.7048263
1879.1	-497.1087	-606.8523	0.7048286
1879.11	-496.9948	-606.8516	0.7048309
1879.12	-496.8807	-606.8508	0.7048331
1879.13	-496.7666	-606.8501	0.7048354
1879.14	-496.6523	-606.8494	0.7048377
1879.15	-496.538	-606.8486	0.7048399
1879.16	-496.4236	-606.8479	0.7048422
1879.17	-496.3091	-606.8472	0.7048445
1879.18	-496.1945	-606.8464	0.7048467
1879.19	-496.0799	-606.8457	0.7048491
1879.2	-495.9651	-606.845	0.7048513
1879.21	-495.8503	-606.8442	0.7048536
1879.22	-495.7354	-606.8435	0.7048559
1879.23	-495.6204	-606.8428	0.7048581
1879.24	-495.5053	-606.842	0.7048604
1879.25	-495.3901	-606.8413	0.7048627
1879.26	-495.2748	-606.8406	0.7048649
1879.27	-495.1595	-606.8398	0.7048672
1879.28	-495.0441	-606.8391	0.7048695
1879.29	-494.9286	-606.8384	0.7048718
1879.3	-494.813	-606.8376	0.704874
1879.31	-494.6973	-606.8369	0.7048764
1879.32	-494.5815	-606.8362	0.7048787
1879.33	-494.4656	-606.8354	0.7048811
1879.34	-494.3497	-606.8347	0.7048834
1879.35	-494.2337	-606.834	0.7048857
1879.36	-494.1176	-606.8333	0.704888
1879.37	-494.0013	-606.8325	0.7048904
1879.38	-493.8851	-606.8318	0.7048928
1879.39	-493.7687	-606.8311	0.7048951
1879.4	-493.6523	-606.8303	0.7048974
1879.41	-493.5357	-606.8296	0.7048997
1879.42	-493.4191	-606.8289	0.7049021
1879.43	-493.3024	-606.8281	0.7049044
1879.44	-493.1856	-606.8274	0.7049068
1879.45	-493.0687	-606.8267	0.7049091
1879.46	-492.9517	-606.8259	0.7049114
1879.47	-492.8347	-606.8252	0.7049137
1879.48	-492.7175	-606.8245	0.7049161
1879.49	-492.6003	-606.8238	0.7049184
1879.5	-492.483	-606.8231	0.7049208
1879.51	-492.3656	-606.8223	0.7049231
1879.52	-492.2481	-606.8216	0.7049255
1879.53	-492.1306	-606.8209	0.7049279
1879.54	-492.0129	-606.8201	0.7049302
1879.55	-491.8952	-606.8194	0.7049327
1879.56	-491.7773	-606.8187	0.7049351
1879.57	-491.6594	-606.8179	0.7049375
1879.58	-491.5414	-606.8172	0.7049398
1879.59	-491.4234	-606.8165	0.7049422
1879.6	-491.3052	-606.8157	0.7049446
1879.61	-491.187	-606.815	0.704947
1879.62	-491.0686	-606.8143	0.7049494
1879.63	-490.9502	-606.8135	0.7049518
1879.64	-490.8317	-606.8128	0.7049542
1879.65	-490.7131	-606.8121	0.7049566
1879.66	-490.5944	-606.8113	0.704959
1879.67	-490.4756	-606.8106	0.7049614
1879.68	-490.3568	-606.8099	0.7049637
1879.69	-490.2379	-606.8091	0.7049661
1879.7	-490.119	-606.8084	0.7049686
1879.71	-489.9999	-606.8077	0.704971
1879.72	-489.8807	-606.8069	0.7049734
1879.73	-489.7615	-606.8062	0.7049758
1879.74	-489.6422	-606.8055	0.7049783
1879.75	-489.5227	-606.8047	0.7049807
1879.76	-489.4032	-606.804	0.7049831
1879.77	-489.2836	-606.8033	0.7049856
1879.78	-489.164	-606.8026	0.7049881
1879.79	-489.0442	-606.8018	0.7049904
1879.8	-488.9244	-606.8011	0.7049929
1879.81	-488.8045	-606.8004	0.7049953
1879.82	-488.6845	-606.7996	0.7049978
1879.83	-488.5645	-606.7989	0.7050003
1879.84	-488.4443	-606.7982	0.7050028
1879.85	-488.3241	-606.7974	0.7050052
1879.86	-488.2037	-606.7967	0.7050077
1879.87	-488.0833	-606.796	0.7050101
1879.88	-487.9628	-606.7952	0.7050126
1879.89	-487.8423	-606.7945	0.705015
1879.9	-487.7216	-606.7938	0.7050174
1879.91	-487.6009	-606.793	0.70502
1879.92	-487.4801	-606.7923	0.7050224
1879.93	-487.3592	-606.7916	0.7050249
1879.94	-487.2383	-606.7908	0.7050274
1879.95	-487.1172	-606.7901	0.70503
1879.96	-486.996	-606.7894	0.7050324
1879.97	-486.8748	-606.7886	0.705035
1879.98	-486.7535	-606.7879	0.7050375
1879.99	-486.6321	-606.7872	0.70504
1880	-486.5107	-606.7864	0.7050425
1880.01	-486.3891	-606.7857	0.705045
1880.02	-486.2675	-606.785	0.7050475
1880.03	-486.1458	-606.7842	0.7050499
1880.04	-486.024	-606.7835	0.7050523
1880.05	-485.9022	-606.7828	0.7050548
1880.06	-485.7802	-606.782	0.7050571
1880.07	-485.6582	-606.7813	0.7050593
1880.08	-485.5361	-606.7806	0.7050615
1880.09	-485.4139	-606.7798	0.7050635
1880.1	-485.2916	-606.7791	0.7050653
1880.11	-485.1693	-606.7784	0.7050669
1880.12	-485.0468	-606.7776	0.7050685
1880.13	-484.9243	-606.777	0.7050698
1880.14	-484.8017	-606.7762	0.705071
1880.15	-484.679	-606.7755	0.705072
1880.16	-484.5562	-606.7748	0.7050729
1880.17	-484.4334	-606.774	0.7050737
1880.18	-484.3105	-606.7733	0.7050741
1880.19	-484.1875	-606.7726	0.7050746
1880.2	-484.0645	-606.7719	0.7050749
1880.21	-483.9413	-606.7711	0.7050751
1880.22	-483.818	-606.7704	0.7050751
1880.23	-483.6947	-606.7697	0.7050751
1880.24	-483.5714	-606.7689	0.7050748
1880.25	-483.4479	-606.7682	0.7050745
1880.26	-483.3243	-606.7675	0.7050743
1880.27	-483.2007	-606.7667	0.7050738
1880.28	-483.077	-606.766	0.7050732
1880.29	-482.9532	-606.7653	0.7050726
1880.3	-482.8293	-606.7645	0.7050719
1880.31	-482.7054	-606.7638	0.7050711
1880.32	-482.5813	-606.7631	0.7050703
1880.33	-482.4572	-606.7623	0.7050693
1880.34	-482.333	-606.7615	0.7050683
1880.35	-482.2087	-606.7608	0.7050673
1880.36	-482.0844	-606.7601	0.7050662
1880.37	-481.96	-606.7593	0.7050651
1880.38	-481.8355	-606.7586	0.7050639
1880.39	-481.7109	-606.7579	0.7050626
1880.4	-481.5862	-606.7571	0.7050613
1880.41	-481.4615	-606.7564	0.7050601
1880.42	-481.3367	-606.7557	0.7050586
1880.43	-481.2118	-606.7549	0.7050573
1880.44	-481.0868	-606.7542	0.7050558
1880.45	-480.9618	-606.7535	0.7050543
1880.46	-480.8366	-606.7527	0.7050529
1880.47	-480.7114	-606.752	0.7050513
1880.48	-480.5862	-606.7513	0.7050498
1880.49	-480.4608	-606.7505	0.7050482
1880.5	-480.3354	-606.7498	0.7050466
1880.51	-480.2098	-606.7491	0.705045
1880.52	-480.0842	-606.7484	0.7050433
1880.53	-479.9586	-606.7476	0.7050416
1880.54	-479.8328	-606.7469	0.70504
1880.55	-479.707	-606.7462	0.7050382
1880.56	-479.5811	-606.7454	0.7050365
1880.57	-479.4551	-606.7447	0.7050348
1880.58	-479.329	-606.744	0.705033
1880.59	-479.2029	-606.7432	0.7050313
1880.6	-479.0767	-606.7425	0.7050295
1880.61	-478.9504	-606.7418	0.7050277
1880.62	-478.824	-606.741	0.7050259
1880.63	-478.6976	-606.7403	0.7050241
1880.64	-478.571	-606.7396	0.7050223
1880.65	-478.4444	-606.7388	0.7050204
1880.66	-478.3177	-606.7381	0.7050186
1880.67	-478.191	-606.7374	0.7050167
1880.68	-478.0641	-606.7366	0.7050148
1880.69	-477.9373	-606.7359	0.7050129
1880.7	-477.8103	-606.7352	0.705011
1880.71	-477.6832	-606.7344	0.7050091
1880.72	-477.556	-606.7337	0.7050072
1880.73	-477.4288	-606.733	0.7050053
1880.74	-477.3015	-606.7322	0.7050034
1880.75	-477.1742	-606.7315	0.7050015
1880.76	-477.0467	-606.7308	0.7049995
1880.77	-476.9192	-606.73	0.7049975
1880.78	-476.7916	-606.7293	0.7049956
1880.79	-476.6639	-606.7286	0.7049937
1880.8	-476.5361	-606.7278	0.7049918
1880.81	-476.4083	-606.7271	0.7049898
1880.82	-476.2804	-606.7264	0.7049878
1880.83	-476.1524	-606.7256	0.7049859
1880.84	-476.0244	-606.7249	0.7049838
1880.85	-475.8962	-606.7242	0.7049819
1880.86	-475.768	-606.7234	0.7049799
1880.87	-475.6397	-606.7227	0.7049779
1880.88	-475.5113	-606.722	0.704976
1880.89	-475.3829	-606.7213	0.704974
1880.9	-475.2544	-606.7205	0.704972
1880.91	-475.1258	-606.7198	0.7049701
1880.92	-474.9971	-606.7191	0.7049681
1880.93	-474.8683	-606.7183	0.7049661
1880.94	-474.7395	-606.7175	0.704964
1880.95	-474.6106	-606.7167	0.7049621
1880.96	-474.4817	-606.7159	0.70496
1880.97	-474.3526	-606.7151	0.704958
1880.98	-474.2235	-606.7143	0.704956
1880.99	-474.0943	-606.7135	0.704954
1881	-473.965	-606.7127	0.7049519
1881.01	-473.8357	-606.7119	0.7049499
1881.02	-473.7062	-606.7111	0.7049478
1881.03	-473.5768	-606.7103	0.7049457
1881.04	-473.4472	-606.7095	0.7049435
1881.05	-473.3175	-606.7087	0.7049414
1881.06	-473.1878	-606.7079	0.7049392
1881.07	-473.058	-606.7072	0.7049369
1881.08	-472.9281	-606.7064	0.7049347
1881.09	-472.7982	-606.7056	0.7049323
1881.1	-472.6682	-606.7048	0.7049299
1881.11	-472.5381	-606.704	0.7049276
1881.12	-472.4079	-606.7032	0.7049251
1881.13	-472.2776	-606.7024	0.7049227
1881.14	-472.1473	-606.7016	0.7049202
1881.15	-472.0169	-606.7008	0.7049177
1881.16	-471.8865	-606.7	0.7049152
1881.17	-471.7559	-606.6992	0.7049126
1881.18	-471.6253	-606.6984	0.70491
1881.19	-471.4946	-606.6976	0.7049074
1881.2	-471.3639	-606.6968	0.7049047
1881.21	-471.233	-606.696	0.7049021
1881.22	-471.1021	-606.6952	0.7048993
1881.23	-470.9711	-606.6944	0.7048966
1881.24	-470.84	-606.6936	0.7048939
1881.25	-470.7089	-606.6928	0.7048911
1881.26	-470.5777	-606.692	0.7048883
1881.27	-470.4464	-606.6912	0.7048855
1881.28	-470.315	-606.6904	0.7048826
1881.29	-470.1836	-606.6896	0.7048797
1881.3	-470.0521	-606.6888	0.7048768
1881.31	-469.9205	-606.688	0.7048739
1881.32	-469.7889	-606.6873	0.7048709
1881.33	-469.6572	-606.6865	0.704868
1881.34	-469.5254	-606.6857	0.704865
1881.35	-469.3935	-606.6849	0.7048619
1881.36	-469.2615	-606.6841	0.704859
1881.37	-469.1295	-606.6833	0.7048559
1881.38	-468.9974	-606.6825	0.7048528
1881.39	-468.8653	-606.6817	0.7048498
1881.4	-468.733	-606.6808	0.7048467
1881.41	-468.6007	-606.68	0.7048436
1881.42	-468.4683	-606.6791	0.7048405
1881.43	-468.3359	-606.6783	0.7048374
1881.44	-468.2034	-606.6774	0.7048342
1881.45	-468.0708	-606.6766	0.704831
1881.46	-467.9381	-606.6757	0.7048278
1881.47	-467.8053	-606.6749	0.7048245
1881.48	-467.6725	-606.674	0.7048213
1881.49	-467.5396	-606.6732	0.704818
1881.5	-467.4067	-606.6723	0.7048147
1881.51	-467.2736	-606.6714	0.7048113
1881.52	-467.1405	-606.6706	0.7048081
1881.53	-467.0073	-606.6697	0.7048047
1881.54	-466.8741	-606.6689	0.7048013
1881.55	-466.7408	-606.668	0.704798
1881.56	-466.6074	-606.6672	0.7047946
1881.57	-466.4739	-606.6663	0.7047912
1881.58	-466.3403	-606.6655	0.7047877
1881.59	-466.2067	-606.6646	0.7047843
1881.6	-466.073	-606.6638	0.7047809
1881.61	-465.9393	-606.6629	0.7047774
1881.62	-465.8054	-606.662	0.7047739
1881.63	-465.6715	-606.6612	0.7047704
1881.64	-465.5376	-606.6603	0.7047669
1881.65	-465.4035	-606.6594	0.7047635
1881.66	-465.2694	-606.6586	0.70476
1881.67	-465.1352	-606.6577	0.7047564
1881.68	-465.0009	-606.6569	0.7047529
1881.69	-464.8666	-606.656	0.7047493
1881.7	-464.7322	-606.6552	0.7047458
1881.71	-464.5977	-606.6543	0.7047423
1881.72	-464.4632	-606.6534	0.7047387
1881.73	-464.3286	-606.6526	0.7047352
1881.74	-464.1939	-606.6517	0.7047316
1881.75	-464.0591	-606.6509	0.7047281
1881.76	-463.9243	-606.65	0.7047246
