640.69	-659.313	-606.9315	0.7018115
640.7	-659.1903	-606.9297	0.7018089
640.71	-659.0676	-606.9279	0.7018064
640.72	-658.9448	-606.9261	0.701804
640.73	-658.8221	-606.9244	0.7018018
640.74	-658.6993	-606.9226	0.7017998
640.75	-658.5766	-606.9208	0.7017978
640.76	-658.4539	-606.9191	0.701796
640.77	-658.3312	-606.9173	0.7017942
640.78	-658.2086	-606.9155	0.7017926
640.79	-658.0859	-606.9138	0.701791
640.8	-657.9633	-606.912	0.7017896
640.81	-657.8406	-606.9102	0.7017882
640.82	-657.718	-606.9084	0.7017869
640.83	-657.5954	-606.9067	0.7017856
640.84	-657.4728	-606.9049	0.7017845
640.85	-657.3502	-606.9031	0.7017834
640.86	-657.2277	-606.9014	0.7017823
640.87	-657.1051	-606.8996	0.7017814
640.88	-656.9826	-606.8978	0.7017805
640.89	-656.8601	-606.8961	0.7017796
640.9	-656.7376	-606.8943	0.7017789
640.91	-656.6151	-606.8925	0.7017781
640.92	-656.4927	-606.8907	0.7017774
640.93	-656.3702	-606.8889	0.7017768
640.94	-656.2478	-606.887	0.7017762
640.95	-656.1254	-606.8852	0.7017756
640.96	-656.0031	-606.8834	0.7017751
640.97	-655.8807	-606.8815	0.7017746
640.98	-655.7583	-606.8797	0.7017742
640.99	-655.6359	-606.8779	0.7017738
641	-655.5136	-606.876	0.7017733
641.01	-655.3913	-606.8742	0.701773
641.02	-655.269	-606.8724	0.7017726
641.03	-655.1467	-606.8705	0.7017723
641.04	-655.0244	-606.8687	0.7017721
641.05	-654.902	-606.8669	0.7017718
641.06	-654.7798	-606.8651	0.7017716
641.07	-654.6575	-606.8632	0.7017713
641.08	-654.5353	-606.8614	0.7017711
641.09	-654.413	-606.8596	0.701771
641.1	-654.2908	-606.8577	0.7017708
641.11	-654.1686	-606.8559	0.7017707
641.12	-654.0464	-606.8541	0.7017705
641.13	-653.9243	-606.8522	0.7017704
641.14	-653.8021	-606.8504	0.7017704
641.15	-653.68	-606.8486	0.7017702
641.16	-653.5579	-606.8467	0.7017702
641.17	-653.4357	-606.8449	0.7017701
641.18	-653.3137	-606.8431	0.7017701
641.19	-653.1916	-606.8412	0.70177
641.2	-653.0695	-606.8394	0.70177
641.21	-652.9474	-606.8376	0.7017699
641.22	-652.8254	-606.8358	0.7017699
641.23	-652.7033	-606.8339	0.7017698
641.24	-652.5812	-606.8321	0.7017698
641.25	-652.4592	-606.8303	0.7017698
641.26	-652.3372	-606.8284	0.7017698
641.27	-652.2151	-606.8266	0.7017697
641.28	-652.0931	-606.8248	0.7017696
641.29	-651.971	-606.8229	0.7017695
641.3	-651.849	-606.8211	0.7017694
641.31	-651.7269	-606.8193	0.7017693
641.32	-651.6049	-606.8174	0.7017691
641.33	-651.4828	-606.8156	0.701769
641.34	-651.3607	-606.8138	0.7017688
641.35	-651.2386	-606.812	0.7017686
641.36	-651.1166	-606.8101	0.7017685
641.37	-650.9945	-606.8083	0.7017682
641.38	-650.8724	-606.8065	0.701768
641.39	-650.7504	-606.8046	0.7017678
641.4	-650.6283	-606.8028	0.7017675
641.41	-650.5062	-606.801	0.7017672
641.42	-650.3841	-606.7991	0.701767
641.43	-650.262	-606.7973	0.7017667
641.44	-650.1398	-606.7955	0.7017664
641.45	-650.0177	-606.7936	0.701766
641.46	-649.8956	-606.7918	0.7017657
641.47	-649.7734	-606.79	0.7017653
641.48	-649.6512	-606.7881	0.7017649
641.49	-649.5291	-606.7863	0.7017645
641.5	-649.4069	-606.7845	0.7017642
641.51	-649.2847	-606.7827	0.7017637
641.52	-649.1624	-606.7808	0.7017633
641.53	-649.0402	-606.779	0.7017629
641.54	-648.9179	-606.7772	0.7017624
641.55	-648.7957	-606.7753	0.7017619
641.56	-648.6733	-606.7735	0.7017614
641.57	-648.551	-606.7717	0.7017609
641.58	-648.4287	-606.7698	0.7017604
641.59	-648.3063	-606.768	0.7017599
641.6	-648.184	-606.7662	0.7017593
641.61	-648.0616	-606.7643	0.7017587
641.62	-647.9392	-606.7625	0.7017582
641.63	-647.8168	-606.7607	0.7017577
641.64	-647.6943	-606.7589	0.7017571
641.65	-647.5718	-606.757	0.7017565
641.66	-647.4494	-606.7552	0.7017558
641.67	-647.3269	-606.7534	0.7017552
641.68	-647.2044	-606.7515	0.7017546
641.69	-647.0818	-606.7497	0.701754
641.7	-646.9593	-606.7479	0.7017533
641.71	-646.8367	-606.746	0.7017527
641.72	-646.7142	-606.7442	0.701752
641.73	-646.5916	-606.7424	0.7017514
641.74	-646.4689	-606.7405	0.7017507
641.75	-646.3463	-606.7387	0.70175
641.76	-646.2236	-606.7369	0.7017493
641.77	-646.101	-606.735	0.7017486
641.78	-645.9783	-606.7332	0.7017479
641.79	-645.8555	-606.7314	0.7017472
641.8	-645.7328	-606.7296	0.7017465
641.81	-645.61	-606.7277	0.7017457
641.82	-645.4872	-606.7259	0.701745
641.83	-645.3644	-606.7241	0.7017443
641.84	-645.2416	-606.7222	0.7017435
641.85	-645.1187	-606.7204	0.7017427
641.86	-644.9958	-606.7186	0.7017419
641.87	-644.8729	-606.7167	0.7017412
641.88	-644.75	-606.7149	0.7017404
641.89	-644.627	-606.7131	0.7017396
641.9	-644.504	-606.7112	0.7017388
641.91	-644.381	-606.7094	0.7017379
641.92	-644.258	-606.7076	0.7017372
641.93	-644.1349	-606.7057	0.7017363
641.94	-644.0118	-606.7039	0.7017354
641.95	-643.8887	-606.702	0.7017347
641.96	-643.7656	-606.7002	0.7017338
641.97	-643.6424	-606.6984	0.7017329
641.98	-643.5192	-606.6965	0.701732
641.99	-643.3959	-606.6946	0.7017311
642	-643.2727	-606.6927	0.7017303
642.01	-643.1494	-606.6909	0.7017294
642.02	-643.0261	-606.689	0.7017285
642.03	-642.9028	-606.6871	0.7017276
642.04	-642.7794	-606.6852	0.7017267
642.05	-642.6561	-606.6833	0.7017258
642.06	-642.5327	-606.6814	0.7017248
642.07	-642.4092	-606.6795	0.7017239
642.08	-642.2858	-606.6776	0.701723
642.09	-642.1622	-606.6757	0.7017221
642.1	-642.0387	-606.6738	0.7017212
642.11	-641.9152	-606.6719	0.7017202
642.12	-641.7916	-606.67	0.7017193
642.13	-641.668	-606.6682	0.7017183
642.14	-641.5443	-606.6663	0.7017174
642.15	-641.4207	-606.6644	0.7017164
642.16	-641.297	-606.6625	0.7017154
642.17	-641.1733	-606.6606	0.7017145
642.18	-641.0496	-606.6587	0.7017135
642.19	-640.9258	-606.6568	0.7017125
642.2	-640.802	-606.6549	0.7017116
642.21	-640.6782	-606.653	0.7017106
642.22	-640.5543	-606.6511	0.7017097
642.23	-640.4304	-606.6492	0.7017087
642.24	-640.3065	-606.6473	0.7017077
642.25	-640.1826	-606.6454	0.7017068
642.26	-640.0587	-606.6436	0.7017058
642.27	-639.9346	-606.6417	0.7017048
642.28	-639.8106	-606.6398	0.7017038
642.29	-639.6865	-606.6379	0.7017029
642.3	-639.5624	-606.636	0.7017019
642.31	-639.4384	-606.6341	0.7017009
642.32	-639.3142	-606.6322	0.7016999
642.33	-639.1901	-606.6303	0.7016988
642.34	-639.0659	-606.6284	0.7016979
642.35	-638.9417	-606.6265	0.7016968
642.36	-638.8174	-606.6246	0.7016958
642.37	-638.6931	-606.6227	0.7016948
642.38	-638.5688	-606.6208	0.7016938
642.39	-638.4445	-606.619	0.7016928
642.4	-638.3201	-606.6171	0.7016917
642.41	-638.1957	-606.6152	0.7016907
642.42	-638.0713	-606.6133	0.7016897
642.43	-637.9468	-606.6114	0.7016887
642.44	-637.8223	-606.6095	0.7016878
642.45	-637.6978	-606.6076	0.7016872
642.46	-637.5733	-606.6057	0.701687
642.47	-637.4487	-606.6038	0.7016872
642.48	-637.3241	-606.6019	0.7016878
642.49	-637.1995	-606.6	0.7016886
642.5	-637.0748	-606.5981	0.7016907
642.51	-636.9501	-606.5963	0.701694
642.52	-636.8254	-606.5944	0.7016982
642.53	-636.7007	-606.5925	0.7017035
642.54	-636.5759	-606.5906	0.7017099
642.55	-636.4512	-606.5887	0.7017184
642.56	-636.3264	-606.5868	0.7017291
642.57	-636.2015	-606.585	0.7017419
642.58	-636.0766	-606.5832	0.7017564
642.59	-635.9517	-606.5814	0.7017729
642.6	-635.8267	-606.5795	0.701791
642.61	-635.7018	-606.5777	0.7018117
642.62	-635.5768	-606.5759	0.7018349
642.63	-635.4517	-606.574	0.7018604
642.64	-635.3267	-606.5723	0.701888
642.65	-635.2015	-606.5705	0.7019179
642.66	-635.0764	-606.5687	0.7019501
642.67	-634.9513	-606.567	0.7019845
642.68	-634.8261	-606.5652	0.7020209
642.69	-634.7009	-606.5635	0.7020594
642.7	-634.5757	-606.5617	0.7020999
642.71	-634.4504	-606.5599	0.7021421
642.72	-634.3252	-606.5582	0.7021859
642.73	-634.1999	-606.5566	0.7022314
642.74	-634.0746	-606.5549	0.7022785
642.75	-633.9493	-606.5532	0.7023269
642.76	-633.8239	-606.5515	0.7023768
642.77	-633.6985	-606.5499	0.7024279
642.78	-633.5731	-606.5482	0.7024803
642.79	-633.4477	-606.5466	0.7025338
642.8	-633.3223	-606.545	0.7025884
642.81	-633.1968	-606.5433	0.7026441
642.82	-633.0713	-606.5418	0.7027007
642.83	-632.9457	-606.5402	0.7027583
642.84	-632.8202	-606.5387	0.7028167
642.85	-632.6946	-606.5371	0.702876
642.86	-632.569	-606.5356	0.7029361
642.87	-632.4434	-606.5341	0.702997
642.88	-632.3177	-606.5326	0.7030585
642.89	-632.1921	-606.5311	0.7031208
642.9	-632.0663	-606.5297	0.7031837
642.91	-631.9406	-606.5282	0.7032471
642.92	-631.8149	-606.5268	0.7033112
642.93	-631.6891	-606.5253	0.7033758
642.94	-631.5633	-606.524	0.703441
642.95	-631.4375	-606.5226	0.7035065
642.96	-631.3116	-606.5212	0.7035726
642.97	-631.1858	-606.5198	0.7036391
642.98	-631.0599	-606.5185	0.703706
642.99	-630.934	-606.5172	0.7037733
643	-630.808	-606.5159	0.7038409
643.01	-630.6821	-606.5146	0.7039089
643.02	-630.5561	-606.5134	0.7039772
643.03	-630.4301	-606.5121	0.7040459
643.04	-630.304	-606.5109	0.7041149
643.05	-630.178	-606.5098	0.7041842
643.06	-630.0519	-606.5085	0.7042537
643.07	-629.9258	-606.5074	0.7043234
643.08	-629.7996	-606.5063	0.7043934
643.09	-629.6735	-606.5051	0.7044637
643.1	-629.5473	-606.5041	0.7045342
643.11	-629.4211	-606.503	0.7046049
643.12	-629.2949	-606.502	0.7046757
643.13	-629.1686	-606.5009	0.7047467
643.14	-629.0424	-606.4999	0.704818
643.15	-628.9161	-606.4989	0.7048893
643.16	-628.7898	-606.498	0.7049608
643.17	-628.6635	-606.497	0.7050325
643.18	-628.5371	-606.4961	0.7051043
643.19	-628.4107	-606.4952	0.7051763
643.2	-628.2843	-606.4943	0.7052484
643.21	-628.1579	-606.4934	0.7053206
643.22	-628.0314	-606.4926	0.705393
643.23	-627.905	-606.4918	0.7054654
643.24	-627.7784	-606.491	0.7055379
643.25	-627.6519	-606.4902	0.7056105
643.26	-627.5254	-606.4895	0.7056832
643.27	-627.3988	-606.4888	0.705756
643.28	-627.2722	-606.4881	0.705829
643.29	-627.1456	-606.4874	0.7059019
643.3	-627.0189	-606.4867	0.705975
643.31	-626.8923	-606.4861	0.7060481
643.32	-626.7656	-606.4855	0.7061213
643.33	-626.6389	-606.4849	0.7061945
643.34	-626.5121	-606.4843	0.7062678
643.35	-626.3853	-606.4838	0.7063412
643.36	-626.2585	-606.4833	0.7064146
643.37	-626.1317	-606.4828	0.7064881
643.38	-626.0049	-606.4824	0.7065617
643.39	-625.878	-606.4819	0.7066354
643.4	-625.7511	-606.4815	0.7067089
643.41	-625.6242	-606.4811	0.7067826
643.42	-625.4973	-606.4808	0.7068564
643.43	-625.3703	-606.4805	0.7069302
643.44	-625.2433	-606.4801	0.7070039
643.45	-625.1164	-606.4799	0.7070778
643.46	-624.9894	-606.4796	0.7071517
643.47	-624.8624	-606.4794	0.7072256
643.48	-624.7353	-606.4791	0.7072996
643.49	-624.6082	-606.479	0.7073737
643.5	-624.4811	-606.4788	0.7074478
643.51	-624.354	-606.4787	0.7075219
643.52	-624.2269	-606.4786	0.707596
643.53	-624.0997	-606.4785	0.7076702
643.54	-623.9725	-606.4785	0.7077444
643.55	-623.8453	-606.4785	0.7078187
643.56	-623.718	-606.4784	0.7078929
643.57	-623.5908	-606.4785	0.7079672
643.58	-623.4634	-606.4785	0.7080415
643.59	-623.3361	-606.4786	0.7081159
643.6	-623.2088	-606.4786	0.7081903
643.61	-623.0814	-606.4788	0.7082647
643.62	-622.954	-606.4789	0.7083392
643.63	-622.8266	-606.4791	0.7084136
643.64	-622.6992	-606.4793	0.708488
643.65	-622.5717	-606.4796	0.7085626
643.66	-622.4442	-606.4798	0.7086371
643.67	-622.3167	-606.4801	0.7087116
643.68	-622.1892	-606.4804	0.7087862
643.69	-622.0616	-606.4808	0.7088608
643.7	-621.9341	-606.4811	0.7089353
643.71	-621.8065	-606.4815	0.7090099
643.72	-621.6789	-606.4819	0.7090845
643.73	-621.5513	-606.4824	0.7091592
643.74	-621.4236	-606.4828	0.7092338
643.75	-621.2959	-606.4833	0.7093085
643.76	-621.1682	-606.4838	0.7093831
643.77	-621.0405	-606.4844	0.7094579
643.78	-620.9127	-606.485	0.7095326
643.79	-620.7849	-606.4856	0.7096073
643.8	-620.6571	-606.4862	0.709682
643.81	-620.5293	-606.4869	0.7097568
643.82	-620.4014	-606.4875	0.7098315
643.83	-620.2736	-606.4883	0.7099063
643.84	-620.1456	-606.489	0.709981
643.85	-620.0177	-606.4898	0.7100559
643.86	-619.8898	-606.4905	0.7101307
643.87	-619.7618	-606.4914	0.7102055
643.88	-619.6338	-606.4922	0.7102803
643.89	-619.5057	-606.4931	0.7103552
643.9	-619.3777	-606.494	0.7104299
643.91	-619.2496	-606.4949	0.7105048
643.92	-619.1215	-606.4958	0.7105796
643.93	-618.9933	-606.4969	0.7106546
643.94	-618.8652	-606.4979	0.7107294
643.95	-618.737	-606.4989	0.7108043
643.96	-618.6088	-606.4999	0.7108792
643.97	-618.4805	-606.501	0.7109541
643.98	-618.3522	-606.5021	0.7110289
643.99	-618.2239	-606.5033	0.7111039
644	-618.0956	-606.5045	0.7111788
644.01	-617.9673	-606.5057	0.7112538
644.02	-617.8389	-606.5069	0.7113287
644.03	-617.7105	-606.5082	0.7114036
644.04	-617.582	-606.5094	0.7114786
644.05	-617.4536	-606.5107	0.7115536
644.06	-617.3251	-606.512	0.7116284
644.07	-617.1965	-606.5134	0.7117035
644.08	-617.068	-606.5148	0.7117785
644.09	-616.9394	-606.5162	0.7118534
644.1	-616.8108	-606.5176	0.7119284
644.11	-616.6822	-606.5192	0.7120035
644.12	-616.5535	-606.5206	0.7120785
644.13	-616.4249	-606.5222	0.7121534
644.14	-616.2961	-606.5237	0.7122285
644.15	-616.1674	-606.5253	0.7123036
644.16	-616.0386	-606.5269	0.7123786
644.17	-615.9098	-606.5286	0.7124537
644.18	-615.7809	-606.5302	0.7125287
644.19	-615.6521	-606.5319	0.7126038
644.2	-615.5233	-606.5336	0.7126788
644.21	-615.3943	-606.5354	0.712754
644.22	-615.2654	-606.5372	0.7128291
644.23	-615.1365	-606.539	0.7129042
644.24	-615.0075	-606.5408	0.7129793
644.25	-614.8785	-606.5427	0.7130544
644.26	-614.7495	-606.5445	0.7131293
644.27	-614.6205	-606.5464	0.7132044
644.28	-614.4914	-606.5483	0.7132793
644.29	-614.3622	-606.5504	0.7133543
644.3	-614.2331	-606.5523	0.7134291
644.31	-614.1039	-606.5544	0.7135039
644.32	-613.9747	-606.5564	0.7135786
644.33	-613.8455	-606.5585	0.7136531
644.34	-613.7162	-606.5606	0.7137277
644.35	-613.587	-606.5627	0.713802
644.36	-613.4577	-606.5649	0.7138762
644.37	-613.3284	-606.5671	0.7139503
644.38	-613.199	-606.5693	0.7140242
644.39	-613.0696	-606.5715	0.714098
644.4	-612.9402	-606.5738	0.7141715
644.41	-612.8109	-606.5761	0.7142447
644.42	-612.6814	-606.5784	0.7143176
644.43	-612.5519	-606.5808	0.7143901
644.44	-612.4224	-606.5831	0.7144625
644.45	-612.2928	-606.5856	0.7145341
644.46	-612.1633	-606.588	0.7146053
644.47	-612.0337	-606.5904	0.7146758
644.48	-611.9041	-606.5929	0.7147459
644.49	-611.7744	-606.5954	0.7148154
644.5	-611.6448	-606.598	0.7148841
644.51	-611.5151	-606.6005	0.7149519
644.52	-611.3854	-606.6031	0.7150189
644.53	-611.2556	-606.6057	0.715085
644.54	-611.1259	-606.6083	0.7151505
644.55	-610.9961	-606.611	0.7152148
644.56	-610.8663	-606.6136	0.7152781
644.57	-610.7366	-606.6163	0.7153403
644.58	-610.6068	-606.619	0.7154015
644.59	-610.4771	-606.6218	0.7154619
644.6	-610.3473	-606.6246	0.7155214
644.61	-610.2175	-606.6274	0.7155796
644.62	-610.0878	-606.6302	0.7156367
644.63	-609.958	-606.633	0.7156927
644.64	-609.8283	-606.6359	0.7157476
644.65	-609.6986	-606.6387	0.7158011
644.66	-609.5689	-606.6416	0.7158535
644.67	-609.4392	-606.6445	0.7159046
644.68	-609.3096	-606.6475	0.7159546
644.69	-609.1799	-606.6504	0.7160036
644.7	-609.0503	-606.6534	0.7160509
644.71	-608.9207	-606.6564	0.7160967
644.72	-608.7911	-606.6594	0.716141
644.73	-608.6616	-606.6624	0.7161841
644.74	-608.532	-606.6654	0.7162258
644.75	-608.4025	-606.6685	0.7162656
644.76	-608.2729	-606.6715	0.7163033
644.77	-608.1434	-606.6746	0.7163392
644.78	-608.0139	-606.6777	0.7163735
644.79	-607.8844	-606.6808	0.7164061
644.8	-607.7549	-606.6839	0.7164372
644.81	-607.6254	-606.687	0.7164658
644.82	-607.496	-606.6902	0.7164919
644.83	-607.3665	-606.6933	0.716516
644.84	-607.2371	-606.6965	0.7165378
644.85	-607.1077	-606.6996	0.7165567
644.86	-606.9783	-606.7028	0.7165731
644.87	-606.849	-606.706	0.7165868
644.88	-606.7197	-606.7092	0.7165982
644.89	-606.5903	-606.7123	0.7166073
644.9	-606.461	-606.7155	0.7166142
644.91	-606.3317	-606.7188	0.7166186
644.92	-606.2025	-606.722	0.7166206
644.93	-606.0732	-606.7253	0.7166203
644.94	-605.9439	-606.7285	0.7166178
644.95	-605.8147	-606.7317	0.7166134
644.96	-605.6855	-606.7349	0.716607
644.97	-605.5563	-606.7382	0.7165987
644.98	-605.4271	-606.7414	0.7165887
644.99	-605.2979	-606.7446	0.7165771
645	-605.1687	-606.7479	0.7165641
645.01	-605.0396	-606.7511	0.7165497
645.02	-604.9104	-606.7543	0.716534
645.03	-604.7813	-606.7576	0.7165172
645.04	-604.6522	-606.7608	0.7164992
645.05	-604.5231	-606.7641	0.7164803
645.06	-604.394	-606.7673	0.7164603
645.07	-604.2649	-606.7706	0.7164394
645.08	-604.1359	-606.7739	0.7164177
645.09	-604.0068	-606.7772	0.7163952
645.1	-603.8778	-606.7805	0.716372
645.11	-603.7488	-606.7838	0.7163479
645.12	-603.6199	-606.7871	0.7163233
645.13	-603.4909	-606.7903	0.7162979
645.14	-603.3619	-606.7936	0.716272
645.15	-603.233	-606.7969	0.7162455
645.16	-603.1041	-606.8002	0.7162185
645.17	-602.9752	-606.8034	0.7161908
645.18	-602.8463	-606.8066	0.7161627
645.19	-602.7173	-606.8098	0.7161341
645.2	-602.5885	-606.813	0.7161051
645.21	-602.4597	-606.8163	0.7160757
645.22	-602.3308	-606.8195	0.7160458
645.23	-602.202	-606.8227	0.7160155
645.24	-602.0731	-606.8259	0.7159849
645.25	-601.9443	-606.8292	0.7159539
645.26	-601.8156	-606.8324	0.7159227
645.27	-601.6868	-606.8356	0.715891
645.28	-601.558	-606.8388	0.7158591
645.29	-601.4293	-606.842	0.7158269
645.3	-601.3005	-606.8452	0.7157944
645.31	-601.1718	-606.8484	0.7157617
645.32	-601.0432	-606.8516	0.7157287
645.33	-600.9145	-606.8547	0.7156955
645.34	-600.7858	-606.8578	0.7156621
645.35	-600.6572	-606.861	0.7156285
645.36	-600.5286	-606.8642	0.7155947
645.37	-600.4	-606.8673	0.7155607
645.38	-600.2714	-606.8704	0.7155265
645.39	-600.1428	-606.8735	0.7154921
645.4	-600.0142	-606.8766	0.7154576
645.41	-599.8857	-606.8797	0.715423
645.42	-599.7571	-606.8828	0.7153881
645.43	-599.6286	-606.8859	0.7153532
645.44	-599.5001	-606.889	0.7153181
645.45	-599.3716	-606.8921	0.7152829
645.46	-599.2431	-606.8951	0.7152476
645.47	-599.1146	-606.8981	0.7152122
645.48	-598.9861	-606.9012	0.7151766
645.49	-598.8577	-606.9042	0.715141
645.5	-598.7292	-606.9072	0.7151052
645.51	-598.6008	-606.9102	0.7150694
645.52	-598.4724	-606.9132	0.7150335
645.53	-598.344	-606.9162	0.7149976
645.54	-598.2156	-606.9191	0.7149615
645.55	-598.0873	-606.9221	0.7149253
645.56	-597.9589	-606.9251	0.7148891
645.57	-597.8306	-606.928	0.7148529
645.58	-597.7023	-606.9309	0.7148165
645.59	-597.574	-606.9338	0.7147801
645.6	-597.4457	-606.9368	0.7147437
645.61	-597.3175	-606.9397	0.7147072
645.62	-597.1893	-606.9425	0.7146707
645.63	-597.061	-606.9454	0.7146341
645.64	-596.9328	-606.9482	0.7145974
645.65	-596.8046	-606.9511	0.7145607
645.66	-596.6765	-606.9539	0.714524
645.67	-596.5483	-606.9567	0.7144872
645.68	-596.4201	-606.9595	0.7144504
645.69	-596.2919	-606.9623	0.7144136
645.7	-596.1638	-606.9651	0.7143767
645.71	-596.0357	-606.9679	0.7143398
645.72	-595.9076	-606.9706	0.7143028
645.73	-595.7795	-606.9734	0.7142659
645.74	-595.6514	-606.9761	0.7142289
645.75	-595.5233	-606.9788	0.7141919
645.76	-595.3953	-606.9816	0.7141548
645.77	-595.2672	-606.9843	0.7141178
645.78	-595.1392	-606.9869	0.7140808
645.79	-595.0112	-606.9896	0.7140436
645.8	-594.8832	-606.9922	0.7140065
645.81	-594.7552	-606.9949	0.7139693
645.82	-594.6273	-606.9976	0.7139323
645.83	-594.4993	-607.0001	0.7138951
645.84	-594.3714	-607.0027	0.7138578
645.85	-594.2435	-607.0054	0.7138206
645.86	-594.1156	-607.0079	0.7137835
645.87	-593.9877	-607.0104	0.7137462
645.88	-593.8599	-607.013	0.7137089
645.89	-593.732	-607.0156	0.7136717
645.9	-593.6042	-607.0181	0.7136343
645.91	-593.4764	-607.0206	0.7135966
645.92	-593.3486	-607.0231	0.7135587
645.93	-593.2208	-607.0256	0.7135208
645.94	-593.093	-607.028	0.7134827
645.95	-592.9652	-607.0305	0.7134441
645.96	-592.8375	-607.0329	0.7134054
645.97	-592.7097	-607.0353	0.7133666
645.98	-592.582	-607.0377	0.7133274
645.99	-592.4542	-607.0401	0.713288
646	-592.3265	-607.0425	0.7132484
646.01	-592.1989	-607.0449	0.7132086
646.02	-592.0712	-607.0472	0.7131686
646.03	-591.9435	-607.0496	0.7131284
646.04	-591.8159	-607.0519	0.713088
646.05	-591.6882	-607.0542	0.7130476
646.06	-591.5606	-607.0565	0.7130069
646.07	-591.433	-607.0588	0.712966
646.08	-591.3055	-607.061	0.712925
646.09	-591.1779	-607.0632	0.7128839
646.1	-591.0504	-607.0655	0.7128426
646.11	-590.9229	-607.0677	0.7128013
646.12	-590.7953	-607.0699	0.7127599
646.13	-590.6678	-607.0721	0.7127182
646.14	-590.5403	-607.0743	0.7126766
646.15	-590.4129	-607.0765	0.7126347
646.16	-590.2855	-607.0786	0.7125927
646.17	-590.158	-607.0807	0.7125505
646.18	-590.0306	-607.0828	0.712508
646.19	-589.9031	-607.085	0.7124655
646.2	-589.7758	-607.087	0.7124224
646.21	-589.6484	-607.0891	0.7123787
646.22	-589.521	-607.0911	0.7123346
646.23	-589.3936	-607.0932	0.7122899
646.24	-589.2662	-607.0952	0.7122448
646.25	-589.1389	-607.0972	0.7121993
646.26	-589.0116	-607.0992	0.7121521
646.27	-588.8843	-607.1011	0.7121035
646.28	-588.757	-607.103	0.7120535
646.29	-588.6297	-607.105	0.7120021
646.3	-588.5024	-607.1068	0.7119483
646.31	-588.3752	-607.1087	0.7118922
646.32	-588.2479	-607.1105	0.7118342
646.33	-588.1207	-607.1124	0.7117741
646.34	-587.9935	-607.1142	0.7117121
646.35	-587.8663	-607.116	0.7116473
646.36	-587.7392	-607.1177	0.7115797
646.37	-587.6121	-607.1194	0.7115095
646.38	-587.4849	-607.1212	0.7114369
646.39	-587.3578	-607.1228	0.711362
646.4	-587.2307	-607.1245	0.7112845
646.41	-587.1036	-607.126	0.7112045
646.42	-586.9766	-607.1277	0.7111222
646.43	-586.8495	-607.1292	0.7110376
646.44	-586.7224	-607.1308	0.7109511
646.45	-586.5953	-607.1323	0.7108625
646.46	-586.4683	-607.1337	0.7107722
646.47	-586.3413	-607.1352	0.7106801
646.48	-586.2143	-607.1366	0.7105862
646.49	-586.0873	-607.138	0.710491
646.5	-585.9603	-607.1393	0.7103943
646.51	-585.8334	-607.1406	0.7102963
646.52	-585.7064	-607.142	0.7101972
646.53	-585.5795	-607.1432	0.7100968
646.54	-585.4526	-607.1445	0.7099953
646.55	-585.3257	-607.1458	0.7098929
646.56	-585.1988	-607.1469	0.7097895
646.57	-585.0719	-607.1481	0.7096851
646.58	-584.9451	-607.1492	0.70958
646.59	-584.8182	-607.1503	0.7094741
646.6	-584.6914	-607.1514	0.7093675
646.61	-584.5646	-607.1524	0.7092603
646.62	-584.4379	-607.1534	0.7091526
646.63	-584.3111	-607.1544	0.7090443
646.64	-584.1843	-607.1553	0.7089354
646.65	-584.0576	-607.1561	0.7088262
646.66	-583.9309	-607.157	0.7087169
646.67	-583.8042	-607.1578	0.7086072
646.68	-583.6775	-607.1586	0.7084973
646.69	-583.5508	-607.1594	0.7083872
646.7	-583.4241	-607.1602	0.7082768
646.71	-583.2974	-607.1608	0.7081667
646.72	-583.1708	-607.1615	0.7080567
646.73	-583.0441	-607.1622	0.707947
646.74	-582.9175	-607.1628	0.7078374
646.75	-582.7909	-607.1633	0.7077285
646.76	-582.6643	-607.1638	0.7076202
646.77	-582.5377	-607.1644	0.7075125
646.78	-582.4111	-607.1648	0.7074053
646.79	-582.2846	-607.1652	0.7072987
646.8	-582.1581	-607.1656	0.7071934
646.81	-582.0316	-607.166	0.7070894
646.82	-581.9051	-607.1663	0.7069864
646.83	-581.7786	-607.1667	0.7068846
646.84	-581.6522	-607.1669	0.7067839
646.85	-581.5257	-607.1672	0.7066852
646.86	-581.3993	-607.1674	0.7065886
646.87	-581.2729	-607.1676	0.7064938
646.88	-581.1465	-607.1677	0.7064008
646.89	-581.0201	-607.1679	0.7063094
646.9	-580.8937	-607.168	0.7062209
646.91	-580.7674	-607.1681	0.7061353
646.92	-580.6411	-607.1682	0.7060522
646.93	-580.5147	-607.1682	0.7059717
646.94	-580.3884	-607.1682	0.7058935
646.95	-580.2621	-607.1682	0.7058187
646.96	-580.1358	-607.1682	0.7057473
646.97	-580.0095	-607.1681	0.7056789
646.98	-579.8832	-607.168	0.7056134
646.99	-579.757	-607.1679	0.7055508
647	-579.6307	-607.1677	0.7054916
647.01	-579.5045	-607.1676	0.7054357
647.02	-579.3783	-607.1675	0.7053828
647.03	-579.2521	-607.1672	0.7053329
647.04	-579.126	-607.1671	0.7052857
647.05	-578.9998	-607.1669	0.7052417
647.06	-578.8737	-607.1666	0.7052007
647.07	-578.7476	-607.1663	0.7051626
647.08	-578.6215	-607.1661	0.7051272
647.09	-578.4954	-607.1658	0.7050943
647.1	-578.3693	-607.1654	0.7050642
647.11	-578.2433	-607.1651	0.7050368
647.12	-578.1172	-607.1648	0.7050119
647.13	-577.9912	-607.1644	0.7049894
647.14	-577.8652	-607.1641	0.7049692
647.15	-577.7392	-607.1637	0.7049515
647.16	-577.6132	-607.1633	0.704936
647.17	-577.4872	-607.1629	0.704923
647.18	-577.3613	-607.1624	0.7049119
647.19	-577.2353	-607.162	0.7049029
647.2	-577.1093	-607.1616	0.7048958
647.21	-576.9834	-607.1611	0.704891
647.22	-576.8575	-607.1607	0.7048883
647.23	-576.7316	-607.1602	0.7048877
647.24	-576.6057	-607.1597	0.704889
647.25	-576.4798	-607.1592	0.7048924
647.26	-576.3539	-607.1588	0.7048978
647.27	-576.2281	-607.1583	0.7049049
647.28	-576.1023	-607.1578	0.7049138
647.29	-575.9765	-607.1573	0.7049243
647.3	-575.8507	-607.1569	0.7049366
647.31	-575.725	-607.1563	0.7049506
647.32	-575.5992	-607.1558	0.7049662
647.33	-575.4735	-607.1552	0.7049834
647.34	-575.3478	-607.1547	0.7050021
647.35	-575.2221	-607.1541	0.7050223
647.36	-575.0964	-607.1536	0.7050442
647.37	-574.9708	-607.153	0.7050676
647.38	-574.8451	-607.1525	0.7050925
647.39	-574.7194	-607.152	0.7051188
647.4	-574.5938	-607.1514	0.7051467
647.41	-574.4682	-607.1509	0.705176
647.42	-574.3426	-607.1503	0.7052068
647.43	-574.217	-607.1498	0.7052389
647.44	-574.0914	-607.1493	0.7052722
647.45	-573.9658	-607.1487	0.7053068
647.46	-573.8403	-607.1482	0.7053426
647.47	-573.7147	-607.1478	0.7053795
647.48	-573.5892	-607.1473	0.7054175
647.49	-573.4637	-607.1468	0.7054566
647.5	-573.3382	-607.1463	0.7054965
647.51	-573.2127	-607.1459	0.7055374
647.52	-573.0872	-607.1454	0.7055792
647.53	-572.9618	-607.1449	0.7056217
647.54	-572.8364	-607.1444	0.7056651
647.55	-572.7109	-607.144	0.7057092
647.56	-572.5856	-607.1435	0.705754
647.57	-572.4602	-607.1431	0.7057995
647.58	-572.3348	-607.1427	0.7058455
647.59	-572.2095	-607.1423	0.7058922
647.6	-572.0842	-607.1418	0.7059394
647.61	-571.9589	-607.1415	0.7059872
647.62	-571.8336	-607.1411	0.7060354
647.63	-571.7083	-607.1406	0.7060841
647.64	-571.5829	-607.1403	0.7061333
647.65	-571.4576	-607.14	0.7061829
647.66	-571.3324	-607.1396	0.7062328
647.67	-571.2072	-607.1393	0.7062833
647.68	-571.0819	-607.1389	0.706334
647.69	-570.9567	-607.1386	0.706385
647.7	-570.8315	-607.1384	0.7064365
647.71	-570.7063	-607.1381	0.7064882
647.72	-570.5811	-607.1378	0.7065402
647.73	-570.4559	-607.1375	0.7065924
647.74	-570.3308	-607.1373	0.706645
647.75	-570.2057	-607.137	0.7066978
647.76	-570.0806	-607.1368	0.7067508
647.77	-569.9554	-607.1366	0.706804
647.78	-569.8304	-607.1364	0.7068574
647.79	-569.7053	-607.1362	0.706911
647.8	-569.5803	-607.136	0.7069648
647.81	-569.4553	-607.1359	0.7070188
647.82	-569.3303	-607.1357	0.7070729
647.83	-569.2053	-607.1356	0.7071272
647.84	-569.0803	-607.1355	0.7071817
647.85	-568.9553	-607.1354	0.7072362
647.86	-568.8304	-607.1353	0.7072906
647.87	-568.7054	-607.1353	0.7073452
647.88	-568.5805	-607.1353	0.7073997
647.89	-568.4556	-607.1352	0.7074543
647.9	-568.3306	-607.1352	0.7075089
647.91	-568.2057	-607.1352	0.7075629
647.92	-568.0809	-607.1352	0.7076163
647.93	-567.956	-607.1353	0.7076692
647.94	-567.8311	-607.1353	0.7077217
647.95	-567.7063	-607.1353	0.7077728
647.96	-567.5815	-607.1354	0.7078226
647.97	-567.4567	-607.1355	0.7078712
647.98	-567.3318	-607.1356	0.7079186
647.99	-567.2071	-607.1357	0.7079651
648	-567.0823	-607.1359	0.7080095
648.01	-566.9576	-607.136	0.708052
648.02	-566.8328	-607.1362	0.7080929
648.03	-566.7081	-607.1363	0.7081321
648.04	-566.5834	-607.1364	0.7081698
648.05	-566.4587	-607.1366	0.708205
648.06	-566.3341	-607.1368	0.7082381
648.07	-566.2095	-607.137	0.708269
648.08	-566.0848	-607.1372	0.7082978
648.09	-565.9602	-607.1374	0.7083248
648.1	-565.8356	-607.1376	0.7083491
648.11	-565.7111	-607.1378	0.7083709
648.12	-565.5865	-607.1381	0.7083902
648.13	-565.4619	-607.1383	0.7084073
648.14	-565.3373	-607.1385	0.7084224
648.15	-565.2128	-607.1388	0.7084353
648.16	-565.0883	-607.139	0.7084454
648.17	-564.9637	-607.1393	0.7084529
648.18	-564.8392	-607.1395	0.7084578
648.19	-564.7147	-607.1398	0.7084604
648.2	-564.5903	-607.14	0.7084603
648.21	-564.4658	-607.1403	0.7084578
648.22	-564.3414	-607.1405	0.7084529
648.23	-564.2169	-607.1407	0.7084459
648.24	-564.0925	-607.141	0.7084367
648.25	-563.9681	-607.1412	0.7084253
648.26	-563.8438	-607.1415	0.7084119
648.27	-563.7194	-607.1417	0.7083964
648.28	-563.595	-607.1419	0.708379
648.29	-563.4707	-607.1422	0.7083599
648.3	-563.3464	-607.1424	0.7083389
648.31	-563.2221	-607.1426	0.7083161
648.32	-563.0978	-607.1429	0.7082916
648.33	-562.9736	-607.1431	0.7082656
648.34	-562.8493	-607.1434	0.7082381
648.35	-562.7251	-607.1436	0.7082088
648.36	-562.6009	-607.1438	0.708178
648.37	-562.4767	-607.144	0.7081457
648.38	-562.3525	-607.1443	0.7081119
648.39	-562.2283	-607.1445	0.7080768
648.4	-562.1041	-607.1447	0.70804
648.41	-561.98	-607.145	0.7080017
648.42	-561.8558	-607.1452	0.7079619
648.43	-561.7317	-607.1454	0.7079206
648.44	-561.6075	-607.1456	0.7078781
648.45	-561.4835	-607.1458	0.7078339
648.46	-561.3594	-607.1459	0.7077881
648.47	-561.2353	-607.1461	0.7077407
648.48	-561.1112	-607.1462	0.707692
648.49	-560.9872	-607.1464	0.7076419
648.5	-560.8632	-607.1465	0.7075901
648.51	-560.7391	-607.1466	0.7075369
648.52	-560.6151	-607.1467	0.7074821
648.53	-560.4911	-607.1468	0.7074259
648.54	-560.3672	-607.1469	0.7073685
648.55	-560.2432	-607.1469	0.7073095
648.56	-560.1193	-607.147	0.7072492
648.57	-559.9954	-607.147	0.7071876
648.58	-559.8715	-607.147	0.7071247
648.59	-559.7476	-607.1471	0.7070606
648.6	-559.6237	-607.147	0.7069954
648.61	-559.4998	-607.147	0.7069293
648.62	-559.376	-607.147	0.706862
648.63	-559.2521	-607.1469	0.7067938
648.64	-559.1283	-607.1468	0.7067248
648.65	-559.0045	-607.1467	0.7066548
648.66	-558.8806	-607.1467	0.7065842
648.67	-558.7568	-607.1465	0.7065126
648.68	-558.6331	-607.1464	0.7064404
648.69	-558.5093	-607.1462	0.7063675
648.7	-558.3855	-607.146	0.706294
648.71	-558.2617	-607.1458	0.7062199
648.72	-558.1379	-607.1456	0.7061452
648.73	-558.0142	-607.1453	0.7060699
648.74	-557.8905	-607.1451	0.7059941
648.75	-557.7668	-607.1448	0.7059178
648.76	-557.6431	-607.1445	0.7058411
648.77	-557.5193	-607.1442	0.7057639
648.78	-557.3956	-607.1439	0.7056863
648.79	-557.272	-607.1434	0.7056082
648.8	-557.1483	-607.1431	0.7055299
648.81	-557.0247	-607.1426	0.7054512
648.82	-556.901	-607.1422	0.7053722
648.83	-556.7773	-607.1417	0.7052928
648.84	-556.6537	-607.1412	0.7052131
648.85	-556.5301	-607.1407	0.7051333
648.86	-556.4065	-607.1402	0.7050532
648.87	-556.2829	-607.1397	0.704973
648.88	-556.1593	-607.1391	0.7048927
648.89	-556.0357	-607.1385	0.7048122
648.9	-555.9121	-607.1379	0.7047316
648.91	-555.7886	-607.1373	0.7046509
648.92	-555.665	-607.1366	0.7045702
648.93	-555.5415	-607.1359	0.7044895
648.94	-555.418	-607.1352	0.7044087
648.95	-555.2944	-607.1345	0.7043279
648.96	-555.171	-607.1337	0.7042474
648.97	-555.0475	-607.1329	0.7041669
648.98	-554.924	-607.1321	0.7040868
648.99	-554.8005	-607.1312	0.7040066
649	-554.6771	-607.1304	0.7039267
649.01	-554.5536	-607.1295	0.7038473
649.02	-554.4302	-607.1286	0.7037684
649.03	-554.3068	-607.1276	0.7036901
649.04	-554.1834	-607.1267	0.7036122
649.05	-554.0601	-607.1257	0.7035352
649.06	-553.9367	-607.1247	0.703459
649.07	-553.8134	-607.1237	0.7033836
649.08	-553.69	-607.1226	0.7033089
649.09	-553.5667	-607.1215	0.7032349
649.1	-553.4434	-607.1205	0.7031621
649.11	-553.3201	-607.1193	0.7030904
649.12	-553.1968	-607.1182	0.7030196
649.13	-553.0735	-607.1171	0.7029498
649.14	-552.9502	-607.1158	0.7028809
649.15	-552.827	-607.1147	0.7028133
649.16	-552.7037	-607.1134	0.7027469
649.17	-552.5805	-607.1122	0.7026817
649.18	-552.4573	-607.1109	0.7026176
649.19	-552.334	-607.1096	0.7025546
649.2	-552.2108	-607.1083	0.7024924
649.21	-552.0876	-607.107	0.7024322
649.22	-551.9645	-607.1057	0.7023734
649.23	-551.8413	-607.1042	0.7023162
649.24	-551.7181	-607.1029	0.7022606
649.25	-551.595	-607.1015	0.7022069
649.26	-551.4719	-607.1	0.7021552
649.27	-551.3488	-607.0986	0.7021052
649.28	-551.2257	-607.0972	0.7020571
649.29	-551.1026	-607.0957	0.7020105
649.3	-550.9795	-607.0942	0.7019662
649.31	-550.8564	-607.0928	0.7019238
649.32	-550.7334	-607.0912	0.7018834
649.33	-550.6104	-607.0897	0.7018449
649.34	-550.4873	-607.0882	0.7018082
649.35	-550.3643	-607.0867	0.7017733
649.36	-550.2412	-607.0851	0.7017404
649.37	-550.1182	-607.0835	0.7017093
649.38	-549.9952	-607.0819	0.7016799
649.39	-549.8723	-607.0803	0.701652
649.4	-549.7493	-607.0787	0.7016258
649.41	-549.6263	-607.0771	0.701601
649.42	-549.5033	-607.0754	0.7015777
649.43	-549.3804	-607.0737	0.7015557
649.44	-549.2574	-607.0721	0.7015351
649.45	-549.1345	-607.0704	0.7015156
649.46	-549.0116	-607.0687	0.7014973
649.47	-548.8887	-607.067	0.7014799
649.48	-548.7657	-607.0653	0.7014636
649.49	-548.6429	-607.0636	0.7014483
649.5	-548.52	-607.0619	0.7014339
649.51	-548.3972	-607.0601	0.7014204
649.52	-548.2743	-607.0583	0.7014076
649.53	-548.1514	-607.0566	0.7013957
649.54	-548.0286	-607.0548	0.7013844
649.55	-547.9058	-607.053	0.7013739
649.56	-547.783	-607.0513	0.701364
649.57	-547.6602	-607.0495	0.7013547
649.58	-547.5374	-607.0477	0.701346
649.59	-547.4146	-607.0458	0.7013378
649.6	-547.2918	-607.044	0.7013301
649.61	-547.1691	-607.0422	0.7013229
649.62	-547.0463	-607.0403	0.7013161
649.63	-546.9236	-607.0385	0.7013098
649.64	-546.8008	-607.0367	0.7013038
649.65	-546.6782	-607.0349	0.7012982
649.66	-546.5555	-607.033	0.7012929
649.67	-546.4328	-607.0311	0.7012881
649.68	-546.3101	-607.0292	0.7012835
649.69	-546.1874	-607.0273	0.7012792
649.7	-546.0648	-607.0253	0.7012752
649.71	-545.9422	-607.0234	0.7012715
649.72	-545.8196	-607.0215	0.701268
649.73	-545.697	-607.0197	0.7012647
649.74	-545.5743	-607.0178	0.7012616
649.75	-545.4517	-607.0159	0.7012588
649.76	-545.3292	-607.014	0.7012562
649.77	-545.2066	-607.012	0.7012539
649.78	-545.084	-607.0101	0.7012516
649.79	-544.9615	-607.0081	0.7012495
649.8	-544.8389	-607.0062	0.7012476
649.81	-544.7164	-607.0042	0.7012459
649.82	-544.5939	-607.0023	0.7012443
649.83	-544.4714	-607.0003	0.7012429
649.84	-544.3489	-606.9984	0.7012416
649.85	-544.2265	-606.9964	0.7012404
649.86	-544.1041	-606.9944	0.7012393
649.87	-543.9816	-606.9925	0.7012383
649.88	-543.8592	-606.9905	0.7012375
649.89	-543.7368	-606.9886	0.7012368
649.9	-543.6143	-606.9866	0.7012361
649.91	-543.4919	-606.9847	0.7012356
649.92	-543.3696	-606.9827	0.7012351
649.93	-543.2472	-606.9808	0.7012348
649.94	-543.1248	-606.9788	0.7012345
649.95	-543.0025	-606.9769	0.7012342
649.96	-542.8802	-606.9749	0.7012341
649.97	-542.7579	-606.973	0.701234
649.98	-542.6356	-606.971	0.701234
649.99	-542.5134	-606.9691	0.701234
650	-542.3911	-606.967	0.701234
650.01	-542.2689	-606.965	0.7012342
650.02	-542.1467	-606.963	0.7012345
650.03	-542.0245	-606.961	0.7012347
650.04	-541.9023	-606.959	0.7012349
650.05	-541.7802	-606.957	0.7012354
650.06	-541.658	-606.955	0.7012357
650.07	-541.5359	-606.9529	0.7012361
650.08	-541.4138	-606.9509	0.7012366
650.09	-541.2916	-606.9489	0.7012371
650.1	-541.1696	-606.9469	0.7012376
650.11	-541.0475	-606.9449	0.7012382
650.12	-540.9254	-606.9429	0.7012388
650.13	-540.8033	-606.9409	0.7012393
650.14	-540.6813	-606.9388	0.70124
650.15	-540.5593	-606.9368	0.7012407
650.16	-540.4373	-606.9348	0.7012414
650.17	-540.3152	-606.9328	0.7012421
650.18	-540.1932	-606.9308	0.7012429
650.19	-540.0712	-606.9288	0.7012436
650.2	-539.9493	-606.9268	0.7012444
650.21	-539.8273	-606.9247	0.7012452
650.22	-539.7054	-606.9227	0.701246
650.23	-539.5834	-606.9207	0.7012468
650.24	-539.4615	-606.9187	0.7012476
650.25	-539.3397	-606.9167	0.7012485
650.26	-539.2178	-606.9147	0.7012494
650.27	-539.0959	-606.9127	0.7012503
650.28	-538.9741	-606.9106	0.7012511
650.29	-538.8523	-606.9086	0.701252
650.3	-538.7305	-606.9066	0.701253
650.31	-538.6087	-606.9046	0.701254
650.32	-538.4869	-606.9026	0.7012549
650.33	-538.3652	-606.9006	0.7012559
650.34	-538.2434	-606.8986	0.7012568
650.35	-538.1217	-606.8965	0.7012578
650.36	-538	-606.8945	0.7012588
650.37	-537.8783	-606.8925	0.7012599
650.38	-537.7566	-606.8905	0.701261
650.39	-537.6349	-606.8885	0.7012622
650.4	-537.5132	-606.8865	0.7012635
650.41	-537.3916	-606.8845	0.7012651
650.42	-537.27	-606.8824	0.7012668
650.43	-537.1483	-606.8804	0.7012688
650.44	-537.0267	-606.8784	0.7012709
650.45	-536.9051	-606.8764	0.7012741
650.46	-536.7835	-606.8744	0.7012781
650.47	-536.6619	-606.8724	0.701283
650.48	-536.5403	-606.8704	0.7012888
650.49	-536.4188	-606.8685	0.7012953
650.5	-536.2972	-606.8665	0.7013025
650.51	-536.1757	-606.8646	0.7013121
650.52	-536.0542	-606.8626	0.7013239
650.53	-535.9327	-606.8607	0.7013376
650.54	-535.8113	-606.8587	0.7013534
650.55	-535.6898	-606.8568	0.701372
650.56	-535.5684	-606.8548	0.7013933
650.57	-535.447	-606.8529	0.701417
650.58	-535.3256	-606.8511	0.7014432
650.59	-535.2042	-606.8492	0.7014716
650.6	-535.0828	-606.8473	0.7015023
650.61	-534.9615	-606.8454	0.7015353
650.62	-534.8401	-606.8435	0.7015705
650.63	-534.7188	-606.8417	0.7016076
650.64	-534.5975	-606.8399	0.7016466
650.65	-534.4762	-606.8381	0.7016874
650.66	-534.3549	-606.8362	0.7017297
650.67	-534.2336	-606.8345	0.7017735
650.68	-534.1124	-606.8326	0.7018186
650.69	-533.9911	-606.8309	0.7018651
650.7	-533.8699	-606.8292	0.7019129
650.71	-533.7487	-606.8274	0.7019619
650.72	-533.6274	-606.8256	0.7020119
650.73	-533.5062	-606.8239	0.702063
650.74	-533.385	-606.8222	0.7021151
650.75	-533.2639	-606.8205	0.702168
650.76	-533.143	-606.8188	0.7022219
650.77	-533.0225	-606.8171	0.7022765
650.78	-532.9023	-606.8155	0.7023318
650.79	-532.7825	-606.8139	0.702388
650.8	-532.6629	-606.8123	0.7024448
650.81	-532.5437	-606.8107	0.7025022
650.82	-532.4248	-606.8091	0.7025602
650.83	-532.3062	-606.8075	0.7026188
650.84	-532.1879	-606.806	0.702678
650.85	-532.07	-606.8044	0.7027376
650.86	-531.9524	-606.8029	0.7027977
650.87	-531.8351	-606.8015	0.7028583
650.88	-531.7181	-606.8	0.7029191
650.89	-531.6014	-606.7986	0.7029805
650.9	-531.485	-606.7971	0.7030421
650.91	-531.369	-606.7958	0.703104
650.92	-531.2533	-606.7944	0.7031662
650.93	-531.1379	-606.793	0.7032285
650.94	-531.0228	-606.7917	0.7032913
650.95	-530.908	-606.7903	0.7033541
650.96	-530.7936	-606.7891	0.7034171
650.97	-530.6794	-606.7878	0.7034804
650.98	-530.5656	-606.7865	0.7035436
650.99	-530.4521	-606.7853	0.703607
651	-530.339	-606.7841	0.7036705
651.01	-530.2261	-606.7829	0.7037341
651.02	-530.1136	-606.7817	0.7037977
651.03	-530.0014	-606.7806	0.7038614
651.04	-529.8895	-606.7794	0.7039252
651.05	-529.778	-606.7783	0.7039889
651.06	-529.6667	-606.7772	0.7040527
651.07	-529.5558	-606.7761	0.7041163
651.08	-529.4452	-606.7751	0.7041801
651.09	-529.3349	-606.774	0.7042437
651.1	-529.2249	-606.773	0.7043073
651.11	-529.1153	-606.772	0.7043709
651.12	-529.006	-606.7711	0.7044345
651.13	-528.897	-606.7701	0.7044979
651.14	-528.7883	-606.7692	0.7045613
651.15	-528.6799	-606.7684	0.7046245
651.16	-528.5719	-606.7675	0.7046877
651.17	-528.4642	-606.7666	0.7047507
651.18	-528.3568	-606.7658	0.7048135
651.19	-528.2496	-606.765	0.7048763
651.2	-528.1429	-606.7642	0.7049389
651.21	-528.0364	-606.7634	0.7050014
651.22	-527.9303	-606.7626	0.7050638
651.23	-527.8245	-606.762	0.7051259
651.24	-527.7189	-606.7612	0.7051879
651.25	-527.6138	-606.7606	0.7052496
651.26	-527.5089	-606.7599	0.7053112
651.27	-527.4044	-606.7593	0.7053724
651.28	-527.3	-606.7586	0.7054335
651.29	-527.1961	-606.758	0.7054943
651.3	-527.0925	-606.7574	0.7055548
651.31	-526.9893	-606.7568	0.705615
651.32	-526.8863	-606.7563	0.7056748
651.33	-526.7837	-606.7558	0.7057343
651.34	-526.6814	-606.7552	0.7057935
651.35	-526.5794	-606.7548	0.7058523
651.36	-526.4777	-606.7543	0.7059107
651.37	-526.3764	-606.7538	0.7059687
651.38	-526.2754	-606.7535	0.7060264
651.39	-526.1747	-606.7531	0.7060837
651.4	-526.0743	-606.7527	0.7061405
651.41	-525.9742	-606.7523	0.706197
651.42	-525.8745	-606.7519	0.706253
651.43	-525.7751	-606.7516	0.7063087
651.44	-525.676	-606.7512	0.706364
651.45	-525.5771	-606.7509	0.7064191
651.46	-525.4787	-606.7507	0.7064736
651.47	-525.3806	-606.7504	0.7065272
651.48	-525.283	-606.7502	0.7065816
651.49	-525.1855	-606.7499	0.7066363
651.5	-525.088	-606.7497	0.7066905
651.51	-524.9905	-606.7495	0.7067441
651.52	-524.8931	-606.7493	0.7067971
651.53	-524.7957	-606.7491	0.7068495
651.54	-524.6983	-606.749	0.7069014
651.55	-524.6009	-606.7488	0.7069525
651.56	-524.5035	-606.7487	0.7070029
651.57	-524.4062	-606.7487	0.7070526
651.58	-524.3088	-606.7485	0.7071018
651.59	-524.2115	-606.7484	0.7071503
651.6	-524.1142	-606.7484	0.7071981
651.61	-524.0169	-606.7484	0.7072454
651.62	-523.9196	-606.7483	0.707292
651.63	-523.8224	-606.7483	0.7073382
651.64	-523.7251	-606.7482	0.7073838
651.65	-523.6279	-606.7482	0.7074289
651.66	-523.5306	-606.7482	0.7074736
651.67	-523.4334	-606.7483	0.7075179
651.68	-523.3362	-606.7483	0.7075617
651.69	-523.239	-606.7484	0.7076051
651.7	-523.1418	-606.7485	0.7076483
651.71	-523.0446	-606.7485	0.7076911
651.72	-522.9474	-606.7486	0.7077336
651.73	-522.8503	-606.7487	0.7077759
651.74	-522.7531	-606.7488	0.7078179
651.75	-522.6559	-606.749	0.7078596
651.76	-522.5588	-606.7491	0.7079011
651.77	-522.4616	-606.7493	0.7079425
651.78	-522.3644	-606.7494	0.7079836
651.79	-522.2671	-606.7496	0.7080244
651.8	-522.1698	-606.7498	0.7080652
651.81	-522.0724	-606.75	0.7081057
651.82	-521.975	-606.7502	0.7081461
651.83	-521.8776	-606.7504	0.7081863
651.84	-521.7802	-606.7507	0.7082264
651.85	-521.6826	-606.751	0.7082664
651.86	-521.5851	-606.7512	0.7083063
651.87	-521.4875	-606.7515	0.7083459
651.88	-521.3898	-606.7518	0.7083856
651.89	-521.2921	-606.7521	0.7084251
651.9	-521.1943	-606.7524	0.7084644
651.91	-521.0965	-606.7527	0.7085038
651.92	-520.9986	-606.7531	0.7085431
651.93	-520.9006	-606.7535	0.7085823
651.94	-520.8026	-606.7538	0.7086213
651.95	-520.7045	-606.7542	0.7086604
651.96	-520.6064	-606.7546	0.7086994
651.97	-520.5083	-606.755	0.7087382
651.98	-520.41	-606.7554	0.7087771
651.99	-520.3117	-606.7559	0.7088159
652	-520.2134	-606.7563	0.7088546
652.01	-520.115	-606.7568	0.7088931
652.02	-520.0165	-606.7572	0.7089314
652.03	-519.918	-606.7576	0.7089698
652.04	-519.8195	-606.7582	0.709008
652.05	-519.7208	-606.7587	0.7090457
652.06	-519.6221	-606.7592	0.7090828
652.07	-519.5234	-606.7596	0.7091196
652.08	-519.4246	-606.7602	0.709156
652.09	-519.3257	-606.7607	0.7091918
652.1	-519.2267	-606.7612	0.7092266
652.11	-519.1277	-606.7618	0.7092604
652.12	-519.0287	-606.7624	0.7092932
652.13	-518.9296	-606.7629	0.7093251
652.14	-518.8304	-606.7635	0.709356
652.15	-518.7311	-606.764	0.7093858
652.16	-518.6318	-606.7646	0.7094142
652.17	-518.5325	-606.7653	0.7094415
652.18	-518.433	-606.7659	0.7094677
652.19	-518.3336	-606.7665	0.7094928
652.2	-518.2341	-606.7671	0.7095167
652.21	-518.1345	-606.7677	0.7095394
652.22	-518.0349	-606.7683	0.7095609
652.23	-517.9352	-606.7689	0.7095814
652.24	-517.8354	-606.7696	0.7096009
652.25	-517.7356	-606.7702	0.7096195
652.26	-517.6357	-606.7708	0.709637
652.27	-517.5358	-606.7715	0.7096539
652.28	-517.4359	-606.7722	0.7096698
652.29	-517.3358	-606.7728	0.709685
652.3	-517.2357	-606.7735	0.7096996
652.31	-517.1356	-606.7742	0.7097134
652.32	-517.0353	-606.7748	0.7097266
652.33	-516.9351	-606.7755	0.7097393
652.34	-516.8347	-606.7762	0.7097515
652.35	-516.7343	-606.7769	0.7097631
652.36	-516.6339	-606.7776	0.7097743
652.37	-516.5333	-606.7783	0.709785
652.38	-516.4327	-606.779	0.7097954
652.39	-516.3321	-606.7797	0.7098053
652.4	-516.2314	-606.7805	0.7098148
652.41	-516.1307	-606.7812	0.7098241
652.42	-516.0298	-606.7819	0.7098331
652.43	-515.929	-606.7827	0.7098417
652.44	-515.828	-606.7834	0.7098501
652.45	-515.7271	-606.7841	0.7098582
652.46	-515.626	-606.7849	0.7098662
652.47	-515.525	-606.7856	0.7098738
652.48	-515.4238	-606.7863	0.7098812
652.49	-515.3226	-606.787	0.7098886
652.5	-515.2214	-606.7878	0.7098957
652.51	-515.1201	-606.7886	0.7099026
652.52	-515.0187	-606.7894	0.7099094
652.53	-514.9172	-606.7902	0.709916
652.54	-514.8157	-606.791	0.7099225
652.55	-514.7142	-606.7917	0.7099288
652.56	-514.6125	-606.7925	0.7099351
652.57	-514.5109	-606.7933	0.7099411
652.58	-514.4091	-606.7941	0.7099472
652.59	-514.3073	-606.7949	0.7099531
652.6	-514.2054	-606.7957	0.7099589
652.61	-514.1035	-606.7965	0.7099647
652.62	-514.0015	-606.7973	0.7099703
652.63	-513.8995	-606.7981	0.7099759
652.64	-513.7974	-606.7989	0.7099814
652.65	-513.6953	-606.7997	0.7099869
652.66	-513.5931	-606.8005	0.7099922
652.67	-513.4908	-606.8013	0.7099975
652.68	-513.3885	-606.8021	0.7100028
652.69	-513.2862	-606.8029	0.7100081
652.7	-513.1838	-606.8036	0.7100133
652.71	-513.0813	-606.8045	0.7100185
652.72	-512.9788	-606.8054	0.7100236
652.73	-512.8762	-606.8062	0.7100286
652.74	-512.7735	-606.8071	0.7100337
652.75	-512.6708	-606.8079	0.7100387
652.76	-512.568	-606.8088	0.7100437
652.77	-512.4651	-606.8097	0.7100487
652.78	-512.3622	-606.8105	0.7100536
652.79	-512.2593	-606.8114	0.7100585
652.8	-512.1563	-606.8123	0.7100634
652.81	-512.0533	-606.8131	0.7100682
652.82	-511.9502	-606.814	0.7100731
652.83	-511.847	-606.8148	0.7100779
652.84	-511.7437	-606.8157	0.7100827
652.85	-511.6404	-606.8165	0.7100875
652.86	-511.5371	-606.8174	0.7100923
652.87	-511.4337	-606.8182	0.7100971
652.88	-511.3303	-606.8191	0.7101018
652.89	-511.2267	-606.8199	0.7101066
652.9	-511.1232	-606.8208	0.7101113
652.91	-511.0196	-606.8217	0.710116
652.92	-510.9159	-606.8225	0.7101207
652.93	-510.8121	-606.8234	0.7101254
652.94	-510.7083	-606.8242	0.7101302
652.95	-510.6044	-606.8251	0.7101349
652.96	-510.5005	-606.8259	0.7101396
652.97	-510.3965	-606.8268	0.7101443
652.98	-510.2925	-606.8278	0.710149
652.99	-510.1884	-606.8287	0.7101536
653	-510.0843	-606.8296	0.7101583
653.01	-509.9801	-606.8305	0.7101629
653.02	-509.8758	-606.8314	0.7101676
653.03	-509.7715	-606.8323	0.7101723
653.04	-509.6671	-606.8333	0.7101769
653.05	-509.5627	-606.8342	0.7101816
653.06	-509.4582	-606.8351	0.7101862
653.07	-509.3536	-606.8361	0.710191
653.08	-509.249	-606.837	0.7101956
653.09	-509.1443	-606.8379	0.7102003
653.1	-509.0396	-606.8388	0.7102049
653.11	-508.9348	-606.8397	0.7102095
653.12	-508.83	-606.8406	0.7102142
653.13	-508.7251	-606.8416	0.7102188
653.14	-508.6201	-606.8425	0.7102234
653.15	-508.5151	-606.8434	0.7102281
653.16	-508.41	-606.8443	0.7102327
653.17	-508.3049	-606.8452	0.7102373
653.18	-508.1997	-606.8461	0.710242
653.19	-508.0944	-606.847	0.7102466
653.2	-507.9891	-606.848	0.7102513
653.21	-507.8838	-606.8489	0.7102559
653.22	-507.7783	-606.8498	0.7102605
653.23	-507.6728	-606.8507	0.7102652
653.24	-507.5673	-606.8516	0.7102698
653.25	-507.4617	-606.8525	0.7102745
653.26	-507.356	-606.8535	0.7102791
653.27	-507.2503	-606.8544	0.7102838
653.28	-507.1445	-606.8554	0.7102884
653.29	-507.0386	-606.8564	0.7102931
653.3	-506.9327	-606.8574	0.7102977
653.31	-506.8268	-606.8583	0.7103024
653.32	-506.7208	-606.8593	0.7103071
653.33	-506.6147	-606.8603	0.7103117
653.34	-506.5085	-606.8613	0.7103164
653.35	-506.4024	-606.8622	0.7103211
653.36	-506.2961	-606.8632	0.7103257
653.37	-506.1898	-606.8642	0.7103304
653.38	-506.0834	-606.8652	0.7103351
653.39	-505.977	-606.8661	0.7103397
653.4	-505.8705	-606.8672	0.7103444
653.41	-505.764	-606.8682	0.710349
653.42	-505.6574	-606.8691	0.7103537
653.43	-505.5507	-606.8701	0.7103584
653.44	-505.444	-606.8711	0.710363
653.45	-505.3372	-606.8721	0.7103677
653.46	-505.2304	-606.873	0.7103724
653.47	-505.1235	-606.874	0.7103771
653.48	-505.0166	-606.875	0.7103818
653.49	-504.9095	-606.876	0.7103865
653.5	-504.8025	-606.877	0.7103912
653.51	-504.6954	-606.8779	0.7103959
653.52	-504.5882	-606.8789	0.7104006
653.53	-504.481	-606.8799	0.7104053
653.54	-504.3737	-606.8809	0.7104101
653.55	-504.2663	-606.8818	0.7104148
653.56	-504.1589	-606.8828	0.7104195
653.57	-504.0515	-606.8838	0.7104242
653.58	-503.9439	-606.8848	0.7104289
653.59	-503.8363	-606.8858	0.7104336
653.6	-503.7287	-606.8868	0.7104383
653.61	-503.621	-606.8879	0.7104431
653.62	-503.5132	-606.8889	0.7104478
653.63	-503.4054	-606.89	0.7104525
653.64	-503.2975	-606.891	0.7104572
653.65	-503.1896	-606.892	0.710462
653.66	-503.0816	-606.8931	0.7104667
653.67	-502.9736	-606.8941	0.7104715
653.68	-502.8655	-606.8951	0.7104762
653.69	-502.7573	-606.8962	0.7104809
653.7	-502.6491	-606.8972	0.7104856
653.71	-502.5408	-606.8983	0.7104904
653.72	-502.4325	-606.8994	0.7104952
653.73	-502.3241	-606.9004	0.7105
653.74	-502.2156	-606.9014	0.7105048
653.75	-502.1071	-606.9025	0.7105095
653.76	-501.9986	-606.9035	0.7105143
653.77	-501.89	-606.9045	0.7105191
653.78	-501.7813	-606.9056	0.7105239
653.79	-501.6725	-606.9066	0.7105287
653.8	-501.5638	-606.9077	0.7105334
653.81	-501.455	-606.9087	0.7105382
653.82	-501.346	-606.9097	0.710543
653.83	-501.2371	-606.9108	0.7105477
653.84	-501.128	-606.9118	0.7105525
653.85	-501.019	-606.9128	0.7105573
653.86	-500.9098	-606.9139	0.7105621
653.87	-500.8006	-606.9149	0.7105669
653.88	-500.6914	-606.916	0.7105717
653.89	-500.5821	-606.9171	0.7105765
653.9	-500.4727	-606.9182	0.7105813
653.91	-500.3633	-606.9193	0.7105861
653.92	-500.2538	-606.9203	0.710591
653.93	-500.1443	-606.9214	0.7105958
653.94	-500.0347	-606.9225	0.7106007
653.95	-499.9251	-606.9236	0.7106056
653.96	-499.8154	-606.9247	0.7106104
653.97	-499.7056	-606.9258	0.7106152
653.98	-499.5958	-606.9269	0.71062
653.99	-499.4859	-606.928	0.7106249
654	-499.376	-606.9291	0.7106297
654.01	-499.266	-606.9302	0.7106345
654.02	-499.1559	-606.9313	0.7106394
654.03	-499.0458	-606.9325	0.7106442
654.04	-498.9357	-606.9336	0.7106491
654.05	-498.8255	-606.9347	0.710654
654.06	-498.7152	-606.9358	0.7106587
654.07	-498.6049	-606.9369	0.7106636
654.08	-498.4945	-606.938	0.7106684
654.09	-498.3841	-606.9391	0.7106733
654.1	-498.2736	-606.9402	0.7106782
654.11	-498.163	-606.9413	0.710683
654.12	-498.0524	-606.9424	0.7106879
654.13	-497.9417	-606.9435	0.7106928
654.14	-497.831	-606.9446	0.7106977
654.15	-497.7202	-606.9457	0.7107025
654.16	-497.6093	-606.9468	0.7107074
654.17	-497.4984	-606.9479	0.7107124
654.18	-497.3875	-606.949	0.7107173
654.19	-497.2765	-606.9501	0.7107221
654.2	-497.1654	-606.9513	0.710727
654.21	-497.0543	-606.9525	0.7107319
654.22	-496.9431	-606.9536	0.7107368
654.23	-496.8319	-606.9548	0.7107418
654.24	-496.7206	-606.9559	0.7107466
654.25	-496.6093	-606.9571	0.7107515
654.26	-496.4979	-606.9583	0.7107564
654.27	-496.3864	-606.9594	0.7107613
654.28	-496.2749	-606.9606	0.7107662
654.29	-496.1633	-606.9617	0.7107711
654.3	-496.0517	-606.9629	0.710776
654.31	-495.9401	-606.9641	0.710781
654.32	-495.8283	-606.9652	0.710786
654.33	-495.7166	-606.9664	0.7107909
654.34	-495.6047	-606.9676	0.7107959
654.35	-495.4928	-606.9688	0.7108008
654.36	-495.3809	-606.9699	0.7108058
654.37	-495.2688	-606.9711	0.7108108
654.38	-495.1567	-606.9722	0.7108157
654.39	-495.0446	-606.9734	0.7108207
654.4	-494.9324	-606.9745	0.7108256
654.41	-494.8202	-606.9757	0.7108306
654.42	-494.7079	-606.9769	0.7108355
654.43	-494.5955	-606.978	0.7108404
654.44	-494.4831	-606.9792	0.7108454
654.45	-494.3706	-606.9803	0.7108503
654.46	-494.2581	-606.9815	0.7108552
654.47	-494.1455	-606.9827	0.7108603
654.48	-494.0329	-606.9839	0.7108652
654.49	-493.9202	-606.9851	0.7108701
654.5	-493.8074	-606.9863	0.7108752
654.51	-493.6946	-606.9875	0.7108802
654.52	-493.5818	-606.9888	0.7108852
654.53	-493.4689	-606.99	0.7108902
654.54	-493.3559	-606.9912	0.7108952
654.55	-493.2429	-606.9924	0.7109002
654.56	-493.1298	-606.9937	0.7109053
654.57	-493.0167	-606.9949	0.7109103
654.58	-492.9035	-606.9961	0.7109153
654.59	-492.7903	-606.9973	0.7109203
654.6	-492.677	-606.9985	0.7109253
654.61	-492.5636	-606.9998	0.7109303
654.62	-492.4502	-607.001	0.7109354
654.63	-492.3368	-607.0022	0.7109404
654.64	-492.2232	-607.0035	0.7109454
654.65	-492.1096	-607.0047	0.7109504
654.66	-491.996	-607.0059	0.7109554
654.67	-491.8824	-607.0071	0.7109605
654.68	-491.7686	-607.0084	0.7109656
654.69	-491.6548	-607.0096	0.7109706
654.7	-491.541	-607.0108	0.7109757
654.71	-491.4271	-607.012	0.7109808
654.72	-491.3131	-607.0132	0.7109858
654.73	-491.1991	-607.0145	0.7109909
654.74	-491.0851	-607.0157	0.710996
654.75	-490.9709	-607.0169	0.711001
654.76	-490.8568	-607.0182	0.7110061
654.77	-490.7426	-607.0195	0.7110112
654.78	-490.6283	-607.0208	0.7110162
654.79	-490.5139	-607.022	0.7110213
654.8	-490.3996	-607.0233	0.7110264
654.81	-490.2852	-607.0246	0.7110314
654.82	-490.1707	-607.0259	0.7110365
654.83	-490.0562	-607.0272	0.7110416
654.84	-489.9416	-607.0284	0.7110467
654.85	-489.827	-607.0297	0.7110518
654.86	-489.7123	-607.031	0.7110569
654.87	-489.5975	-607.0323	0.711062
654.88	-489.4827	-607.0336	0.7110671
654.89	-489.3679	-607.0349	0.7110723
654.9	-489.2529	-607.0361	0.7110774
654.91	-489.138	-607.0374	0.7110825
654.92	-489.0229	-607.0387	0.7110876
654.93	-488.9079	-607.04	0.7110928
654.94	-488.7927	-607.0413	0.7110979
654.95	-488.6776	-607.0426	0.7111031
654.96	-488.5623	-607.0439	0.7111081
654.97	-488.447	-607.0452	0.7111133
654.98	-488.3317	-607.0464	0.7111185
654.99	-488.2162	-607.0477	0.7111235
655	-488.1008	-607.049	0.7111287
655.01	-487.9853	-607.0503	0.7111338
655.02	-487.8697	-607.0516	0.7111389
655.03	-487.7541	-607.0529	0.711144
655.04	-487.6384	-607.0543	0.7111492
655.05	-487.5227	-607.0556	0.7111544
655.06	-487.407	-607.0569	0.7111596
655.07	-487.2912	-607.0583	0.7111648
655.08	-487.1753	-607.0596	0.71117
655.09	-487.0594	-607.061	0.7111752
655.1	-486.9434	-607.0623	0.7111804
655.11	-486.8274	-607.0637	0.7111855
655.12	-486.7113	-607.065	0.7111907
655.13	-486.5951	-607.0663	0.7111959
655.14	-486.4789	-607.0677	0.7112011
655.15	-486.3626	-607.069	0.7112063
655.16	-486.2463	-607.0704	0.7112115
655.17	-486.13	-607.0717	0.7112167
655.18	-486.0135	-607.0731	0.7112219
655.19	-485.8971	-607.0744	0.7112271
655.2	-485.7806	-607.0757	0.7112322
655.21	-485.664	-607.0771	0.7112374
655.22	-485.5474	-607.0785	0.7112426
655.23	-485.4308	-607.0798	0.7112478
655.24	-485.314	-607.0812	0.7112531
655.25	-485.1973	-607.0825	0.7112583
655.26	-485.0804	-607.0839	0.7112635
655.27	-484.9636	-607.0852	0.7112688
655.28	-484.8466	-607.0865	0.711274
655.29	-484.7296	-607.0879	0.7112793
655.3	-484.6126	-607.0893	0.7112845
655.31	-484.4955	-607.0907	0.7112897
655.32	-484.3783	-607.0921	0.7112949
655.33	-484.2611	-607.0935	0.7113002
655.34	-484.1439	-607.0949	0.7113054
655.35	-484.0266	-607.0963	0.7113107
655.36	-483.9093	-607.0977	0.7113159
655.37	-483.7919	-607.0991	0.7113212
655.38	-483.6744	-607.1005	0.7113264
655.39	-483.5569	-607.1019	0.7113317
655.4	-483.4393	-607.1033	0.7113369
655.41	-483.3217	-607.1047	0.7113422
655.42	-483.204	-607.1061	0.7113474
655.43	-483.0863	-607.1075	0.7113526
655.44	-482.9685	-607.1089	0.711358
655.45	-482.8507	-607.1104	0.7113633
655.46	-482.7329	-607.1118	0.7113686
655.47	-482.615	-607.1132	0.7113739
655.48	-482.497	-607.1146	0.7113792
655.49	-482.3789	-607.116	0.7113845
655.5	-482.2609	-607.1174	0.7113897
655.51	-482.1427	-607.1188	0.711395
655.52	-482.0245	-607.1202	0.7114004
655.53	-481.9063	-607.1216	0.7114057
655.54	-481.788	-607.123	0.711411
655.55	-481.6697	-607.1245	0.7114163
655.56	-481.5513	-607.1259	0.7114216
655.57	-481.4329	-607.1274	0.7114269
655.58	-481.3144	-607.1288	0.7114322
655.59	-481.1958	-607.1303	0.7114375
655.6	-481.0772	-607.1318	0.7114428
655.61	-480.9586	-607.1332	0.7114481
655.62	-480.8398	-607.1347	0.7114534
655.63	-480.7211	-607.1362	0.7114588
655.64	-480.6023	-607.1376	0.7114642
655.65	-480.4835	-607.1391	0.7114695
655.66	-480.3646	-607.1406	0.7114749
655.67	-480.2456	-607.142	0.7114803
655.68	-480.1266	-607.1435	0.7114856
655.69	-480.0075	-607.145	0.711491
655.7	-479.8884	-607.1464	0.7114964
655.71	-479.7693	-607.1479	0.7115017
655.72	-479.6501	-607.1494	0.7115071
655.73	-479.5308	-607.1508	0.7115124
655.74	-479.4115	-607.1523	0.7115178
655.75	-479.2921	-607.1537	0.7115232
655.76	-479.1727	-607.1552	0.7115285
655.77	-479.0532	-607.1567	0.7115339
655.78	-478.9337	-607.1581	0.7115393
655.79	-478.8141	-607.1597	0.7115446
655.8	-478.6945	-607.1611	0.71155
655.81	-478.5749	-607.1627	0.7115554
655.82	-478.4551	-607.1642	0.7115608
655.83	-478.3354	-607.1657	0.7115662
655.84	-478.2155	-607.1672	0.7115716
655.85	-478.0956	-607.1688	0.7115771
655.86	-477.9757	-607.1703	0.7115824
655.87	-477.8558	-607.1718	0.7115879
655.88	-477.7357	-607.1733	0.7115933
655.89	-477.6157	-607.1749	0.7115987
655.9	-477.4955	-607.1764	0.7116041
655.91	-477.3754	-607.1779	0.7116095
655.92	-477.2551	-607.1794	0.711615
655.93	-477.1348	-607.181	0.7116204
655.94	-477.0145	-607.1825	0.7116258
655.95	-476.8941	-607.184	0.7116312
655.96	-476.7737	-607.1855	0.7116367
655.97	-476.6532	-607.1871	0.7116421
655.98	-476.5327	-607.1886	0.7116475
655.99	-476.4121	-607.1901	0.7116529
656	-476.2914	-607.1917	0.7116584
656.01	-476.1707	-607.1932	0.7116638
656.02	-476.05	-607.1947	0.7116693
656.03	-475.9292	-607.1962	0.7116747
656.04	-475.8084	-607.1978	0.7116802
656.05	-475.6875	-607.1993	0.7116857
656.06	-475.5666	-607.2009	0.7116911
656.07	-475.4456	-607.2025	0.7116966
656.08	-475.3246	-607.2041	0.7117021
656.09	-475.2036	-607.2057	0.7117077
656.1	-475.0825	-607.2073	0.7117131
656.11	-474.9614	-607.2089	0.7117187
656.12	-474.8402	-607.2104	0.7117242
656.13	-474.719	-607.212	0.7117297
656.14	-474.5977	-607.2136	0.7117351
656.15	-474.4763	-607.2152	0.7117405
656.16	-474.355	-607.2168	0.711746
656.17	-474.2336	-607.2184	0.7117515
656.18	-474.1122	-607.22	0.7117569
656.19	-473.9907	-607.2216	0.7117624
656.2	-473.8692	-607.2231	0.7117679
656.21	-473.7477	-607.2247	0.7117734
656.22	-473.6262	-607.2263	0.7117789
656.23	-473.5046	-607.2279	0.7117843
656.24	-473.3829	-607.2295	0.7117898
656.25	-473.2613	-607.2311	0.7117952
656.26	-473.1396	-607.2327	0.7118005
656.27	-473.0179	-607.2343	0.7118056
656.28	-472.8962	-607.2358	0.7118108
656.29	-472.7745	-607.2374	0.7118159
656.3	-472.6528	-607.239	0.7118207
656.31	-472.5311	-607.2406	0.7118252
656.32	-472.4093	-607.2422	0.7118295
656.33	-472.2876	-607.2438	0.7118335
656.34	-472.1659	-607.2454	0.7118375
656.35	-472.0442	-607.247	0.7118409
656.36	-471.9225	-607.2486	0.711844
656.37	-471.8008	-607.2502	0.7118468
656.38	-471.679	-607.2518	0.7118493
656.39	-471.5573	-607.2534	0.7118514
656.4	-471.4357	-607.2549	0.7118531
656.41	-471.3141	-607.2565	0.7118543
656.42	-471.1924	-607.2581	0.7118551
656.43	-471.0708	-607.2597	0.7118555
656.44	-470.9492	-607.2613	0.7118556
656.45	-470.8275	-607.2629	0.7118552
656.46	-470.706	-607.2645	0.7118546
656.47	-470.5844	-607.2661	0.7118536
656.48	-470.4629	-607.2676	0.7118523
656.49	-470.3413	-607.2692	0.7118506
656.5	-470.2198	-607.2708	0.7118488
656.51	-470.0983	-607.2724	0.7118466
656.52	-469.9768	-607.274	0.7118442
656.53	-469.8553	-607.2756	0.7118415
656.54	-469.7338	-607.2771	0.7118387
656.55	-469.6123	-607.2787	0.7118356
656.56	-469.4909	-607.2803	0.7118324
656.57	-469.3695	-607.2819	0.711829
656.58	-469.248	-607.2834	0.7118255
656.59	-469.1266	-607.285	0.7118218
656.6	-469.0053	-607.2866	0.7118181
656.61	-468.8839	-607.2882	0.7118143
656.62	-468.7626	-607.2898	0.7118105
656.63	-468.6412	-607.2914	0.7118067
656.64	-468.5199	-607.293	0.7118028
656.65	-468.3986	-607.2946	0.7117989
656.66	-468.2773	-607.2961	0.7117952
656.67	-468.156	-607.2977	0.7117918
656.68	-468.0347	-607.2993	0.7117885
656.69	-467.9135	-607.3009	0.7117854
656.7	-467.7922	-607.3025	0.7117828
656.71	-467.671	-607.3041	0.7117805
656.72	-467.5498	-607.3057	0.7117786
656.73	-467.4286	-607.3073	0.7117771
656.74	-467.3074	-607.3088	0.7117758
656.75	-467.1863	-607.3104	0.7117752
656.76	-467.0651	-607.312	0.7117751
656.77	-466.944	-607.3136	0.7117754
656.78	-466.8229	-607.3152	0.7117761
656.79	-466.7018	-607.3168	0.7117774
656.8	-466.5807	-607.3184	0.7117791
656.81	-466.4596	-607.3199	0.7117813
656.82	-466.3386	-607.3216	0.7117839
656.83	-466.2175	-607.3232	0.7117869
656.84	-466.0965	-607.3249	0.7117904
656.85	-465.9754	-607.3265	0.7117942
656.86	-465.8544	-607.3282	0.7117984
656.87	-465.7334	-607.3298	0.7118029
656.88	-465.6125	-607.3315	0.7118077
656.89	-465.4915	-607.3331	0.7118129
656.9	-465.3705	-607.3348	0.7118183
656.91	-465.2496	-607.3364	0.711824
656.92	-465.1287	-607.3381	0.71183
656.93	-465.0078	-607.3397	0.7118362
656.94	-464.8869	-607.3414	0.7118425
656.95	-464.766	-607.3431	0.7118492
656.96	-464.6452	-607.3447	0.711856
656.97	-464.5243	-607.3464	0.711863
656.98	-464.4035	-607.348	0.7118703
656.99	-464.2827	-607.3497	0.7118777
657	-464.1619	-607.3513	0.7118853
657.01	-464.0411	-607.353	0.7118929
657.02	-463.9203	-607.3546	0.7119008
657.03	-463.7995	-607.3563	0.7119088
657.04	-463.6788	-607.3579	0.7119169
657.05	-463.558	-607.3596	0.7119251
657.06	-463.4373	-607.3612	0.7119334
657.07	-463.3167	-607.3629	0.711942
657.08	-463.196	-607.3645	0.7119505
657.09	-463.0753	-607.3661	0.7119592
657.1	-462.9546	-607.3678	0.7119679
657.11	-462.834	-607.3694	0.7119768
657.12	-462.7133	-607.3711	0.7119858
657.13	-462.5927	-607.3728	0.7119948
657.14	-462.4721	-607.3745	0.7120038
657.15	-462.3515	-607.3761	0.712013
657.16	-462.231	-607.3777	0.7120222
657.17	-462.1104	-607.3794	0.7120315
657.18	-461.9899	-607.381	0.7120408
657.19	-461.8693	-607.3827	0.7120502
657.2	-461.7488	-607.3843	0.7120597
657.21	-461.6283	-607.386	0.7120692
657.22	-461.5078	-607.3877	0.7120788
657.23	-461.3874	-607.3894	0.7120883
657.24	-461.2669	-607.3911	0.7120979
657.25	-461.1464	-607.3928	0.7121076
657.26	-461.026	-607.3945	0.7121173
657.27	-460.9055	-607.3962	0.712127
657.28	-460.7851	-607.3979	0.7121368
657.29	-460.6646	-607.3997	0.7121466
657.3	-460.5442	-607.4014	0.7121564
657.31	-460.4238	-607.4031	0.7121662
657.32	-460.3034	-607.4048	0.712176
657.33	-460.183	-607.4066	0.7121859
657.34	-460.0626	-607.4083	0.7121958
657.35	-459.9422	-607.41	0.7122057
657.36	-459.8218	-607.4117	0.7122156
657.37	-459.7014	-607.4134	0.7122256
657.38	-459.5811	-607.4151	0.7122355
657.39	-459.4607	-607.4168	0.7122455
657.4	-459.3403	-607.4185	0.7122554
657.41	-459.2199	-607.4202	0.7122654
657.42	-459.0996	-607.4219	0.7122754
657.43	-458.9792	-607.4236	0.7122854
657.44	-458.8589	-607.4255	0.7122954
657.45	-458.7385	-607.4272	0.7123054
657.46	-458.6182	-607.429	0.7123155
657.47	-458.4979	-607.4308	0.7123255
657.48	-458.3775	-607.4326	0.7123355
657.49	-458.2572	-607.4343	0.7123456
657.5	-458.1369	-607.4361	0.7123557
657.51	-458.0166	-607.4379	0.7123657
657.52	-457.8963	-607.4396	0.7123756
657.53	-457.776	-607.4414	0.7123856
657.54	-457.6557	-607.4432	0.7123955
657.55	-457.5354	-607.4449	0.7124054
657.56	-457.4151	-607.4467	0.7124153
657.57	-457.2949	-607.4485	0.7124251
657.58	-457.1746	-607.4503	0.7124349
657.59	-457.0543	-607.4521	0.7124447
657.6	-456.9341	-607.4539	0.7124544
657.61	-456.8138	-607.4556	0.712464
657.62	-456.6936	-607.4574	0.7124734
657.63	-456.5734	-607.4592	0.7124828
657.64	-456.4531	-607.461	0.712492
657.65	-456.3329	-607.4628	0.7125008
657.66	-456.2127	-607.4647	0.7125091
657.67	-456.0925	-607.4665	0.712517
657.68	-455.9723	-607.4683	0.7125244
657.69	-455.8521	-607.4702	0.7125315
657.7	-455.732	-607.472	0.7125382
657.71	-455.6118	-607.4738	0.712544
657.72	-455.4917	-607.4756	0.7125491
657.73	-455.3716	-607.4775	0.7125534
657.74	-455.2515	-607.4793	0.712557
657.75	-455.1314	-607.4811	0.7125596
657.76	-455.0114	-607.483	0.7125614
657.77	-454.8913	-607.4848	0.7125624
657.78	-454.7712	-607.4866	0.7125626
657.79	-454.6512	-607.4885	0.7125621
657.8	-454.5312	-607.4903	0.7125607
657.81	-454.4112	-607.4921	0.7125585
657.82	-454.2912	-607.494	0.7125555
657.83	-454.1713	-607.4958	0.7125517
657.84	-454.0513	-607.4976	0.7125472
