1738.14	-672.7709	-606.9086	0.7094895
1738.15	-672.6635	-606.9097	0.7093271
1738.16	-672.556	-606.9108	0.7091658
1738.17	-672.4485	-606.9119	0.7090055
1738.18	-672.3409	-606.9128	0.708846
1738.19	-672.2332	-606.9138	0.7086873
1738.2	-672.1254	-606.9146	0.7085294
1738.21	-672.0176	-606.9153	0.7083722
1738.22	-671.9097	-606.9161	0.7082157
1738.23	-671.8018	-606.9167	0.7080597
1738.24	-671.6937	-606.9174	0.7079042
1738.25	-671.5856	-606.918	0.7077493
1738.26	-671.4775	-606.9186	0.7075948
1738.27	-671.3693	-606.9191	0.7074407
1738.28	-671.261	-606.9195	0.707287
1738.29	-671.1526	-606.9199	0.7071337
1738.3	-671.0443	-606.9202	0.7069807
1738.31	-670.9358	-606.9205	0.7068279
1738.32	-670.8273	-606.9208	0.7066755
1738.33	-670.7186	-606.921	0.7065232
1738.34	-670.6099	-606.9211	0.7063712
1738.35	-670.5012	-606.9211	0.7062194
1738.36	-670.3923	-606.9212	0.7060677
1738.37	-670.2834	-606.9212	0.7059162
1738.38	-670.1745	-606.9211	0.7057648
1738.39	-670.0655	-606.921	0.7056137
1738.4	-669.9564	-606.9208	0.7054625
1738.41	-669.8473	-606.9207	0.7053114
1738.42	-669.7381	-606.9204	0.7051604
1738.43	-669.6288	-606.9201	0.7050096
1738.44	-669.5195	-606.9197	0.7048587
1738.45	-669.41	-606.9193	0.7047078
1738.46	-669.3005	-606.9189	0.7045571
1738.47	-669.191	-606.9184	0.7044065
1738.48	-669.0814	-606.9178	0.7042561
1738.49	-668.9717	-606.9172	0.7041059
1738.5	-668.8619	-606.9166	0.7039558
1738.51	-668.7521	-606.916	0.7038062
1738.52	-668.6423	-606.9152	0.7036572
1738.53	-668.5323	-606.9144	0.7035086
1738.54	-668.4223	-606.9136	0.7033604
1738.55	-668.3122	-606.9127	0.7032126
1738.56	-668.202	-606.9118	0.7030659
1738.57	-668.0918	-606.9108	0.7029201
1738.58	-667.9815	-606.9098	0.7027754
1738.59	-667.8712	-606.9088	0.7026314
1738.6	-667.7607	-606.9077	0.7024882
1738.61	-667.6502	-606.9066	0.7023465
1738.62	-667.5396	-606.9054	0.7022062
1738.63	-667.429	-606.9042	0.7020672
1738.64	-667.3182	-606.9029	0.7019293
1738.65	-667.2075	-606.9016	0.7017927
1738.66	-667.0966	-606.9002	0.7016576
1738.67	-666.9857	-606.8988	0.7015241
1738.68	-666.8747	-606.8973	0.7013922
1738.69	-666.7636	-606.8959	0.7012615
1738.7	-666.6525	-606.8944	0.7011322
1738.71	-666.5413	-606.8928	0.7010044
1738.72	-666.43	-606.8912	0.7008781
1738.73	-666.3186	-606.8896	0.7007533
1738.74	-666.2072	-606.8879	0.7006297
1738.75	-666.0956	-606.8862	0.7005072
1738.76	-665.984	-606.8845	0.700386
1738.77	-665.8724	-606.8826	0.700266
1738.78	-665.7606	-606.8808	0.7001473
1738.79	-665.6488	-606.8789	0.7000296
1738.8	-665.5369	-606.877	0.699913
1738.81	-665.4249	-606.8751	0.6997974
1738.82	-665.3129	-606.873	0.6996827
1738.83	-665.2008	-606.871	0.699569
1738.84	-665.0886	-606.869	0.6994562
1738.85	-664.9764	-606.8669	0.6993441
1738.86	-664.8641	-606.8647	0.6992328
1738.87	-664.7516	-606.8625	0.6991221
1738.88	-664.6392	-606.8604	0.6990126
1738.89	-664.5267	-606.8581	0.698904
1738.9	-664.4141	-606.8558	0.6987964
1738.91	-664.3014	-606.8535	0.6986897
1738.92	-664.1887	-606.8511	0.6985842
1738.93	-664.0759	-606.8487	0.6984801
1738.94	-663.963	-606.8463	0.6983773
1738.95	-663.85	-606.8438	0.6982753
1738.96	-663.7369	-606.8413	0.6981746
1738.97	-663.6238	-606.8387	0.6980757
1738.98	-663.5107	-606.8362	0.6979784
1738.99	-663.3974	-606.8336	0.6978828
1739	-663.2841	-606.8311	0.6977888
1739.01	-663.1707	-606.8284	0.6976962
1739.02	-663.0572	-606.8257	0.6976058
1739.03	-662.9437	-606.823	0.6975174
1739.04	-662.8301	-606.8203	0.6974311
1739.05	-662.7164	-606.8175	0.6973466
1739.06	-662.6026	-606.8147	0.6972637
1739.07	-662.4888	-606.8119	0.6971834
1739.08	-662.3749	-606.809	0.6971054
1739.09	-662.2609	-606.8062	0.6970297
1739.1	-662.1469	-606.8032	0.6969559
1739.11	-662.0328	-606.8003	0.6968842
1739.12	-661.9186	-606.7973	0.6968147
1739.13	-661.8043	-606.7943	0.6967475
1739.14	-661.69	-606.7913	0.6966823
1739.15	-661.5756	-606.7883	0.696619
1739.16	-661.4612	-606.7852	0.6965579
1739.17	-661.3467	-606.7821	0.6964987
1739.18	-661.2321	-606.779	0.6964414
1739.19	-661.1174	-606.7758	0.6963858
1739.2	-661.0026	-606.7727	0.6963319
1739.21	-660.8878	-606.7695	0.6962796
1739.22	-660.7729	-606.7663	0.6962289
1739.23	-660.658	-606.7631	0.6961796
1739.24	-660.543	-606.7599	0.6961316
1739.25	-660.4279	-606.7566	0.6960849
1739.26	-660.3127	-606.7533	0.6960394
1739.27	-660.1974	-606.75	0.695995
1739.28	-660.0822	-606.7467	0.6959518
1739.29	-659.9668	-606.7433	0.6959094
1739.3	-659.8513	-606.7399	0.6958681
1739.31	-659.7358	-606.7366	0.6958277
1739.32	-659.6202	-606.7332	0.695788
1739.33	-659.5046	-606.7297	0.6957492
1739.34	-659.3889	-606.7263	0.6957111
1739.35	-659.2731	-606.7228	0.6956737
1739.36	-659.1572	-606.7193	0.695637
1739.37	-659.0413	-606.7158	0.6956007
1739.38	-658.9253	-606.7122	0.6955652
1739.39	-658.8092	-606.7087	0.6955302
1739.4	-658.6931	-606.7051	0.6954956
1739.41	-658.5768	-606.7015	0.6954616
1739.42	-658.4606	-606.6979	0.6954279
1739.43	-658.3442	-606.6943	0.6953947
1739.44	-658.2278	-606.6907	0.6953619
1739.45	-658.1113	-606.6871	0.6953295
1739.46	-657.9948	-606.6833	0.6952974
1739.47	-657.8781	-606.6797	0.6952656
1739.48	-657.7614	-606.676	0.6952341
1739.49	-657.6447	-606.6723	0.6952029
1739.5	-657.5278	-606.6686	0.695172
1739.51	-657.4109	-606.6648	0.6951414
1739.52	-657.294	-606.6611	0.6951109
1739.53	-657.1769	-606.6573	0.6950808
1739.54	-657.0598	-606.6535	0.6950507
1739.55	-656.9426	-606.6497	0.6950209
1739.56	-656.8254	-606.6459	0.6949913
1739.57	-656.7081	-606.642	0.6949618
1739.58	-656.5907	-606.6382	0.6949326
1739.59	-656.4732	-606.6343	0.6949034
1739.6	-656.3557	-606.6305	0.6948744
1739.61	-656.238	-606.6265	0.6948455
1739.62	-656.1204	-606.6226	0.6948168
1739.63	-656.0026	-606.6187	0.6947882
1739.64	-655.8848	-606.6148	0.6947597
1739.65	-655.7669	-606.6108	0.6947314
1739.66	-655.6489	-606.6068	0.694703
1739.67	-655.5309	-606.6028	0.6946749
1739.68	-655.4128	-606.5989	0.694647
1739.69	-655.2947	-606.5949	0.694619
1739.7	-655.1765	-606.5909	0.6945912
1739.71	-655.0582	-606.5869	0.6945634
1739.72	-654.9398	-606.5828	0.6945359
1739.73	-654.8214	-606.5787	0.6945084
1739.74	-654.7029	-606.5746	0.6944812
1739.75	-654.5843	-606.5706	0.694454
1739.76	-654.4657	-606.5665	0.6944271
1739.77	-654.347	-606.5623	0.6944003
1739.78	-654.2282	-606.5582	0.6943738
1739.79	-654.1094	-606.5541	0.6943475
1739.8	-653.9905	-606.5499	0.6943213
1739.81	-653.8715	-606.5458	0.6942953
1739.82	-653.7524	-606.5416	0.6942695
1739.83	-653.6332	-606.5374	0.6942438
1739.84	-653.514	-606.5332	0.6942185
1739.85	-653.3948	-606.529	0.6941933
1739.86	-653.2755	-606.5248	0.6941683
1739.87	-653.1561	-606.5206	0.6941435
1739.88	-653.0366	-606.5164	0.6941187
1739.89	-652.9171	-606.5121	0.6940942
1739.9	-652.7975	-606.5078	0.6940699
1739.91	-652.6778	-606.5035	0.6940456
1739.92	-652.5581	-606.4993	0.6940215
1739.93	-652.4383	-606.495	0.6939974
1739.94	-652.3184	-606.4907	0.6939735
1739.95	-652.1985	-606.4864	0.6939498
1739.96	-652.0785	-606.482	0.693926
1739.97	-651.9584	-606.4777	0.6939024
1739.98	-651.8383	-606.4733	0.6938789
1739.99	-651.7181	-606.469	0.6938555
1740	-651.5978	-606.4647	0.6938321
1740.01	-651.4775	-606.4603	0.6938088
1740.02	-651.3571	-606.4558	0.6937856
1740.03	-651.2366	-606.4514	0.6937624
1740.04	-651.116	-606.447	0.6937393
1740.05	-650.9954	-606.4426	0.6937163
1740.06	-650.8748	-606.4382	0.6936933
1740.07	-650.754	-606.4337	0.6936705
1740.08	-650.6332	-606.4293	0.6936479
1740.09	-650.5123	-606.4247	0.6936255
1740.1	-650.3914	-606.4203	0.6936032
1740.11	-650.2703	-606.4158	0.6935811
1740.12	-650.1492	-606.4113	0.6935598
1740.13	-650.0281	-606.4068	0.693539
1740.14	-649.9069	-606.4023	0.693519
1740.15	-649.7856	-606.3978	0.6934995
1740.16	-649.6642	-606.3932	0.6934807
1740.17	-649.5428	-606.3887	0.6934632
1740.18	-649.4214	-606.3842	0.6934472
1740.19	-649.2999	-606.3796	0.6934324
1740.2	-649.1782	-606.3751	0.6934188
1740.21	-649.0566	-606.3705	0.6934072
1740.22	-648.9348	-606.3659	0.6933976
1740.23	-648.813	-606.3613	0.6933896
1740.24	-648.6911	-606.3568	0.6933834
1740.25	-648.5692	-606.3522	0.6933787
1740.26	-648.4471	-606.3476	0.6933764
1740.27	-648.3251	-606.343	0.6933762
1740.28	-648.2029	-606.3384	0.693378
1740.29	-648.0807	-606.3339	0.6933818
1740.3	-647.9584	-606.3293	0.6933873
1740.31	-647.8361	-606.3247	0.6933953
1740.32	-647.7137	-606.3201	0.6934054
1740.33	-647.5912	-606.3156	0.6934177
1740.34	-647.4687	-606.311	0.693432
1740.35	-647.3461	-606.3064	0.6934481
1740.36	-647.2234	-606.3018	0.6934664
1740.37	-647.1006	-606.2973	0.6934868
1740.38	-646.9778	-606.2927	0.6935092
1740.39	-646.855	-606.2881	0.6935335
1740.4	-646.7321	-606.2836	0.6935595
1740.41	-646.6091	-606.279	0.6935874
1740.42	-646.486	-606.2744	0.6936171
1740.43	-646.3629	-606.2699	0.6936485
1740.44	-646.2397	-606.2653	0.6936815
1740.45	-646.1165	-606.2607	0.6937159
1740.46	-645.9932	-606.2562	0.6937519
1740.47	-645.8699	-606.2516	0.6937892
1740.48	-645.7465	-606.2471	0.6938278
1740.49	-645.623	-606.2426	0.6938676
1740.5	-645.4995	-606.2381	0.6939086
1740.51	-645.3759	-606.2336	0.6939507
1740.52	-645.2523	-606.2291	0.6939939
1740.53	-645.1287	-606.2246	0.6940379
1740.54	-645.0049	-606.2201	0.694083
1740.55	-644.8812	-606.2156	0.694129
1740.56	-644.7574	-606.2111	0.6941758
1740.57	-644.6335	-606.2067	0.6942233
1740.58	-644.5097	-606.2023	0.6942717
1740.59	-644.3858	-606.1978	0.6943207
1740.6	-644.2618	-606.1934	0.6943704
1740.61	-644.1378	-606.189	0.6944209
1740.62	-644.0138	-606.1845	0.6944719
1740.63	-643.8897	-606.1801	0.6945235
1740.64	-643.7656	-606.1757	0.6945756
1740.65	-643.6415	-606.1713	0.6946283
1740.66	-643.5173	-606.1669	0.6946814
1740.67	-643.3931	-606.1626	0.694735
1740.68	-643.2689	-606.1582	0.6947889
1740.69	-643.1446	-606.1539	0.6948432
1740.7	-643.0203	-606.1496	0.6948978
1740.71	-642.8959	-606.1453	0.6949527
1740.72	-642.7716	-606.1409	0.6950078
1740.73	-642.6472	-606.1367	0.6950631
1740.74	-642.5228	-606.1324	0.6951186
1740.75	-642.3984	-606.1282	0.6951743
1740.76	-642.2739	-606.1239	0.6952301
1740.77	-642.1494	-606.1196	0.6952859
1740.78	-642.0249	-606.1154	0.6953416
1740.79	-641.9003	-606.1112	0.6953976
1740.8	-641.7758	-606.107	0.6954535
1740.81	-641.6511	-606.1028	0.6955094
1740.82	-641.5265	-606.0986	0.6955653
1740.83	-641.4018	-606.0945	0.6956213
1740.84	-641.2771	-606.0904	0.6956771
1740.85	-641.1523	-606.0862	0.695733
1740.86	-641.0276	-606.0822	0.6957889
1740.87	-640.9028	-606.0781	0.6958447
1740.88	-640.778	-606.074	0.6959006
1740.89	-640.6531	-606.0699	0.6959563
1740.9	-640.5282	-606.0659	0.6960122
1740.91	-640.4033	-606.0618	0.696068
1740.92	-640.2783	-606.0579	0.696124
1740.93	-640.1533	-606.0538	0.69618
1740.94	-640.0283	-606.0498	0.6962363
1740.95	-639.9031	-606.0459	0.6962927
1740.96	-639.778	-606.0419	0.6963491
1740.97	-639.6528	-606.038	0.696406
1740.98	-639.5276	-606.0341	0.6964632
1740.99	-639.4024	-606.0302	0.6965207
1741	-639.2771	-606.0263	0.6965786
1741.01	-639.1518	-606.0224	0.6966371
1741.02	-639.0264	-606.0186	0.6966962
1741.03	-638.901	-606.0148	0.6967557
1741.04	-638.7755	-606.0109	0.6968159
1741.05	-638.65	-606.0072	0.6968766
1741.06	-638.5243	-606.0034	0.6969378
1741.07	-638.3987	-605.9996	0.6969998
1741.08	-638.273	-605.996	0.6970626
1741.09	-638.1473	-605.9922	0.6971262
1741.1	-638.0215	-605.9886	0.6971905
1741.11	-637.8956	-605.9849	0.6972553
1741.12	-637.7698	-605.9813	0.6973212
1741.13	-637.6439	-605.9777	0.6973879
1741.14	-637.5179	-605.9741	0.6974554
1741.15	-637.3918	-605.9705	0.6975237
1741.16	-637.2657	-605.9669	0.6975927
1741.17	-637.1396	-605.9634	0.6976627
1741.18	-637.0135	-605.9599	0.6977335
1741.19	-636.8873	-605.9564	0.6978052
1741.2	-636.761	-605.9529	0.6978775
1741.21	-636.6346	-605.9495	0.6979513
1741.22	-636.5082	-605.946	0.6980262
1741.23	-636.3818	-605.9427	0.6981023
1741.24	-636.2552	-605.9393	0.6981795
1741.25	-636.1287	-605.936	0.6982578
1741.26	-636.002	-605.9326	0.6983371
1741.27	-635.8754	-605.9293	0.6984181
1741.28	-635.7487	-605.926	0.6985009
1741.29	-635.6219	-605.9228	0.6985854
1741.3	-635.4951	-605.9196	0.6986714
1741.31	-635.3682	-605.9164	0.6987597
1741.32	-635.2412	-605.9133	0.6988503
1741.33	-635.1142	-605.9101	0.698943
1741.34	-634.9871	-605.907	0.6990377
1741.35	-634.86	-605.9039	0.6991342
1741.36	-634.7328	-605.9009	0.6992334
1741.37	-634.6057	-605.8979	0.699335
1741.38	-634.4784	-605.895	0.6994389
1741.39	-634.3511	-605.892	0.699545
1741.4	-634.2237	-605.8892	0.6996531
1741.41	-634.0963	-605.8863	0.6997631
1741.42	-633.9688	-605.8834	0.6998754
1741.43	-633.8412	-605.8807	0.6999897
1741.44	-633.7136	-605.8779	0.7001058
1741.45	-633.5859	-605.8752	0.7002238
1741.46	-633.4581	-605.8725	0.7003436
1741.47	-633.3304	-605.8699	0.700465
1741.48	-633.2026	-605.8672	0.7005879
1741.49	-633.0747	-605.8647	0.7007123
1741.5	-632.9468	-605.8622	0.7008381
1741.51	-632.8188	-605.8596	0.7009652
1741.52	-632.6907	-605.8572	0.7010936
1741.53	-632.5626	-605.8547	0.7012233
1741.54	-632.4344	-605.8524	0.701354
1741.55	-632.3062	-605.85	0.7014857
1741.56	-632.1779	-605.8477	0.7016185
1741.57	-632.0496	-605.8455	0.7017522
1741.58	-631.9213	-605.8432	0.7018868
1741.59	-631.7928	-605.841	0.7020223
1741.6	-631.6644	-605.8389	0.7021585
1741.61	-631.5358	-605.8368	0.7022955
1741.62	-631.4072	-605.8347	0.7024333
1741.63	-631.2786	-605.8327	0.7025717
1741.64	-631.1498	-605.8307	0.7027107
1741.65	-631.0211	-605.8288	0.7028502
1741.66	-630.8922	-605.8269	0.7029902
1741.67	-630.7634	-605.8251	0.7031305
1741.68	-630.6345	-605.8232	0.7032713
1741.69	-630.5055	-605.8215	0.7034122
1741.7	-630.3764	-605.8197	0.7035534
1741.71	-630.2473	-605.8181	0.7036949
1741.72	-630.1181	-605.8164	0.7038364
1741.73	-629.9889	-605.8148	0.7039779
1741.74	-629.8596	-605.8133	0.7041195
1741.75	-629.7303	-605.8118	0.704261
1741.76	-629.6009	-605.8103	0.7044025
1741.77	-629.4714	-605.8089	0.7045438
1741.78	-629.3419	-605.8076	0.704685
1741.79	-629.2123	-605.8062	0.7048261
1741.8	-629.0827	-605.8049	0.7049671
1741.81	-628.953	-605.8037	0.7051079
1741.82	-628.8232	-605.8026	0.7052484
1741.83	-628.6934	-605.8014	0.7053888
1741.84	-628.5635	-605.8003	0.7055289
1741.85	-628.4336	-605.7992	0.7056689
1741.86	-628.3036	-605.7982	0.7058088
1741.87	-628.1736	-605.7972	0.7059482
1741.88	-628.0435	-605.7963	0.7060875
1741.89	-627.9133	-605.7955	0.7062264
1741.9	-627.783	-605.7947	0.7063651
1741.91	-627.6527	-605.7939	0.7065035
1741.92	-627.5224	-605.7932	0.7066414
1741.93	-627.392	-605.7925	0.706779
1741.94	-627.2616	-605.7919	0.7069159
1741.95	-627.1311	-605.7914	0.7070525
1741.96	-627.0005	-605.7908	0.7071887
1741.97	-626.8699	-605.7903	0.7073244
1741.98	-626.7393	-605.7899	0.7074594
1741.99	-626.6085	-605.7895	0.7075936
1742	-626.4777	-605.7891	0.707727
1742.01	-626.3469	-605.7888	0.7078596
1742.02	-626.2159	-605.7886	0.7079911
1742.03	-626.085	-605.7884	0.7081214
1742.04	-625.9539	-605.7882	0.7082506
1742.05	-625.8228	-605.788	0.7083789
1742.06	-625.6917	-605.788	0.7085062
1742.07	-625.5605	-605.788	0.7086317
1742.08	-625.4292	-605.788	0.7087556
1742.09	-625.2979	-605.788	0.7088778
1742.1	-625.1664	-605.7881	0.7089986
1742.11	-625.035	-605.7883	0.7091179
1742.12	-624.9035	-605.7885	0.709235
1742.13	-624.772	-605.7887	0.7093501
1742.14	-624.6403	-605.789	0.7094632
1742.15	-624.5086	-605.7892	0.7095744
1742.16	-624.3768	-605.7896	0.7096839
1742.17	-624.2451	-605.79	0.709791
1742.18	-624.1132	-605.7905	0.7098958
1742.19	-623.9813	-605.7909	0.7099986
1742.2	-623.8494	-605.7914	0.7100994
1742.21	-623.7173	-605.792	0.7101982
1742.22	-623.5852	-605.7925	0.7102948
1742.23	-623.4531	-605.7932	0.7103892
1742.24	-623.3209	-605.7938	0.7104817
1742.25	-623.1886	-605.7945	0.7105722
1742.26	-623.0563	-605.7952	0.710661
1742.27	-622.9239	-605.796	0.7107479
1742.28	-622.7914	-605.7968	0.7108331
1742.29	-622.6589	-605.7976	0.7109169
1742.3	-622.5264	-605.7985	0.7109991
1742.31	-622.3937	-605.7994	0.7110799
1742.32	-622.261	-605.8004	0.7111593
1742.33	-622.1283	-605.8013	0.7112375
1742.34	-621.9955	-605.8024	0.7113146
1742.35	-621.8626	-605.8034	0.7113905
1742.36	-621.7297	-605.8045	0.7114652
1742.37	-621.5967	-605.8056	0.711539
1742.38	-621.4636	-605.8068	0.7116117
1742.39	-621.3305	-605.8079	0.7116834
1742.4	-621.1973	-605.8092	0.7117541
1742.41	-621.0641	-605.8104	0.711824
1742.42	-620.9309	-605.8118	0.7118929
1742.43	-620.7975	-605.813	0.711961
1742.44	-620.6641	-605.8145	0.7120282
1742.45	-620.5306	-605.8158	0.7120947
1742.46	-620.3971	-605.8173	0.7121603
1742.47	-620.2635	-605.8187	0.7122251
1742.48	-620.1299	-605.8201	0.712289
1742.49	-619.9963	-605.8217	0.712352
1742.5	-619.8625	-605.8232	0.7124142
1742.51	-619.7288	-605.8248	0.7124755
1742.52	-619.5949	-605.8264	0.712536
1742.53	-619.461	-605.828	0.7125956
1742.54	-619.327	-605.8297	0.7126545
1742.55	-619.193	-605.8313	0.7127126
1742.56	-619.0589	-605.8331	0.7127701
1742.57	-618.9247	-605.8348	0.7128268
1742.58	-618.7905	-605.8365	0.712883
1742.59	-618.6563	-605.8384	0.7129384
1742.6	-618.5219	-605.8401	0.7129934
1742.61	-618.3875	-605.842	0.7130477
1742.62	-618.2531	-605.8439	0.7131015
1742.63	-618.1185	-605.8458	0.7131549
1742.64	-617.9839	-605.8477	0.7132077
1742.65	-617.8493	-605.8497	0.7132601
1742.66	-617.7146	-605.8516	0.7133121
1742.67	-617.5798	-605.8536	0.7133637
1742.68	-617.445	-605.8557	0.7134149
1742.69	-617.3101	-605.8577	0.7134658
1742.7	-617.1752	-605.8598	0.7135162
1742.71	-617.0402	-605.8619	0.7135664
1742.72	-616.9051	-605.864	0.7136164
1742.73	-616.77	-605.8662	0.7136659
1742.74	-616.6348	-605.8683	0.7137153
1742.75	-616.4995	-605.8705	0.7137644
1742.76	-616.3642	-605.8728	0.7138132
1742.77	-616.2288	-605.8751	0.7138618
1742.78	-616.0934	-605.8773	0.7139102
1742.79	-615.9579	-605.8796	0.7139583
1742.8	-615.8223	-605.882	0.7140063
1742.81	-615.6867	-605.8843	0.7140542
1742.82	-615.551	-605.8867	0.714102
1742.83	-615.4153	-605.889	0.7141496
1742.84	-615.2795	-605.8914	0.7141971
1742.85	-615.1436	-605.8939	0.7142444
1742.86	-615.0077	-605.8964	0.7142918
1742.87	-614.8717	-605.8988	0.7143392
1742.88	-614.7357	-605.9014	0.7143866
1742.89	-614.5995	-605.9039	0.714434
1742.9	-614.4634	-605.9064	0.7144814
1742.91	-614.3271	-605.9089	0.7145288
1742.92	-614.1909	-605.9116	0.7145763
1742.93	-614.0545	-605.9142	0.7146241
1742.94	-613.9181	-605.9168	0.7146721
1742.95	-613.7816	-605.9195	0.7147202
1742.96	-613.645	-605.9222	0.7147685
1742.97	-613.5084	-605.9249	0.714817
1742.98	-613.3718	-605.9276	0.7148657
1742.99	-613.235	-605.9304	0.7149146
1743	-613.0983	-605.9331	0.7149637
1743.01	-612.9614	-605.9359	0.7150129
1743.02	-612.8245	-605.9387	0.7150623
1743.03	-612.6875	-605.9415	0.7151119
1743.04	-612.5505	-605.9445	0.7151616
1743.05	-612.4133	-605.9473	0.7152115
1743.06	-612.2761	-605.9502	0.7152615
1743.07	-612.1389	-605.9532	0.7153116
1743.08	-612.0016	-605.9561	0.7153619
1743.09	-611.8643	-605.959	0.7154123
1743.1	-611.7269	-605.9621	0.7154628
1743.11	-611.5894	-605.9651	0.7155134
1743.12	-611.4518	-605.9681	0.7155642
1743.13	-611.3143	-605.9712	0.715615
1743.14	-611.1766	-605.9742	0.715666
1743.15	-611.0389	-605.9773	0.715717
1743.16	-610.9011	-605.9805	0.7157682
1743.17	-610.7632	-605.9836	0.7158192
1743.18	-610.6254	-605.9868	0.7158702
1743.19	-610.4874	-605.99	0.7159211
1743.2	-610.3494	-605.9932	0.715972
1743.21	-610.2112	-605.9965	0.7160228
1743.22	-610.0731	-605.9997	0.7160731
1743.23	-609.9349	-606.0029	0.7161229
1743.24	-609.7967	-606.0063	0.7161723
1743.25	-609.6583	-606.0096	0.7162213
1743.26	-609.52	-606.0129	0.7162691
1743.27	-609.3815	-606.0162	0.716316
1743.28	-609.243	-606.0196	0.7163619
1743.29	-609.1045	-606.0229	0.7164068
1743.3	-608.9658	-606.0263	0.7164509
1743.31	-608.8271	-606.0298	0.7164934
1743.32	-608.6884	-606.0332	0.7165344
1743.33	-608.5496	-606.0366	0.716574
1743.34	-608.4108	-606.04	0.7166122
1743.35	-608.2719	-606.0436	0.7166492
1743.36	-608.1328	-606.0471	0.7166849
1743.37	-607.9938	-606.0505	0.7167188
1743.38	-607.8547	-606.054	0.7167509
1743.39	-607.7155	-606.0576	0.7167814
1743.4	-607.5763	-606.0612	0.7168103
1743.41	-607.437	-606.0647	0.7168377
1743.42	-607.2976	-606.0682	0.7168632
1743.43	-607.1582	-606.0718	0.7168868
1743.44	-607.0187	-606.0754	0.7169086
1743.45	-606.8792	-606.0791	0.7169289
1743.46	-606.7396	-606.0827	0.7169476
1743.47	-606.6	-606.0863	0.7169643
1743.48	-606.4603	-606.09	0.7169791
1743.49	-606.3205	-606.0936	0.7169921
1743.5	-606.1807	-606.0973	0.7170035
1743.51	-606.0408	-606.101	0.7170129
1743.52	-605.9008	-606.1046	0.7170206
1743.53	-605.7608	-606.1083	0.7170264
1743.54	-605.6207	-606.112	0.7170306
1743.55	-605.4806	-606.1157	0.7170331
1743.56	-605.3404	-606.1194	0.7170339
1743.57	-605.2001	-606.1232	0.717033
1743.58	-605.0598	-606.1269	0.7170304
1743.59	-604.9194	-606.1306	0.7170262
1743.6	-604.779	-606.1343	0.7170206
1743.61	-604.6385	-606.1381	0.7170133
1743.62	-604.4979	-606.1418	0.7170043
1743.63	-604.3573	-606.1456	0.7169937
1743.64	-604.2166	-606.1494	0.7169816
1743.65	-604.0759	-606.1531	0.7169682
1743.66	-603.9351	-606.1569	0.7169531
1743.67	-603.7942	-606.1607	0.7169364
1743.68	-603.6533	-606.1645	0.7169182
1743.69	-603.5123	-606.1682	0.7168986
1743.7	-603.3712	-606.172	0.7168777
1743.71	-603.2301	-606.1758	0.7168555
1743.72	-603.0889	-606.1796	0.7168318
1743.73	-602.9477	-606.1833	0.7168069
1743.74	-602.8064	-606.1871	0.7167806
1743.75	-602.665	-606.1909	0.7167531
1743.76	-602.5236	-606.1946	0.7167245
1743.77	-602.3822	-606.1984	0.7166947
1743.78	-602.2407	-606.2022	0.7166638
1743.79	-602.0991	-606.206	0.7166318
1743.8	-601.9574	-606.2097	0.7165987
1743.81	-601.8157	-606.2135	0.7165646
1743.82	-601.674	-606.2173	0.7165295
1743.83	-601.5322	-606.2211	0.7164935
1743.84	-601.3904	-606.2247	0.7164565
1743.85	-601.2484	-606.2285	0.7164188
1743.86	-601.1064	-606.2322	0.7163802
1743.87	-600.9644	-606.2359	0.7163409
1743.88	-600.8223	-606.2396	0.7163008
1743.89	-600.6801	-606.2433	0.71626
1743.9	-600.5379	-606.247	0.7162184
1743.91	-600.3956	-606.2507	0.7161762
1743.92	-600.2532	-606.2544	0.7161334
1743.93	-600.1108	-606.2581	0.71609
1743.94	-599.9684	-606.2618	0.716046
1743.95	-599.8259	-606.2654	0.7160015
1743.96	-599.6833	-606.269	0.7159564
1743.97	-599.5406	-606.2727	0.715911
1743.98	-599.3979	-606.2763	0.715865
1743.99	-599.2552	-606.28	0.7158185
1744	-599.1124	-606.2836	0.7157717
1744.01	-598.9695	-606.2872	0.7157243
1744.02	-598.8265	-606.2908	0.7156765
1744.03	-598.6835	-606.2944	0.7156284
1744.04	-598.5405	-606.298	0.7155797
1744.05	-598.3973	-606.3015	0.7155308
1744.06	-598.2542	-606.3051	0.7154815
1744.07	-598.1109	-606.3086	0.7154316
1744.08	-597.9676	-606.3121	0.7153812
1744.09	-597.8242	-606.3156	0.7153302
1744.1	-597.6808	-606.3192	0.7152789
1744.11	-597.5373	-606.3226	0.715227
1744.12	-597.3938	-606.326	0.7151745
1744.13	-597.2502	-606.3295	0.7151213
1744.14	-597.1066	-606.3329	0.7150676
1744.15	-596.9628	-606.3364	0.7150132
1744.16	-596.819	-606.3397	0.7149583
1744.17	-596.6752	-606.3431	0.7149026
1744.18	-596.5314	-606.3466	0.7148463
1744.19	-596.3875	-606.3499	0.7147893
1744.2	-596.2435	-606.3532	0.7147316
1744.21	-596.0994	-606.3565	0.7146733
1744.22	-595.9553	-606.3598	0.7146145
1744.23	-595.8112	-606.3631	0.714555
1744.24	-595.6669	-606.3663	0.7144951
1744.25	-595.5226	-606.3696	0.7144346
1744.26	-595.3783	-606.3728	0.7143736
1744.27	-595.2339	-606.376	0.7143124
1744.28	-595.0894	-606.3793	0.7142509
1744.29	-594.9449	-606.3824	0.7141891
1744.3	-594.8003	-606.3856	0.7141269
1744.31	-594.6557	-606.3887	0.7140651
1744.32	-594.511	-606.3918	0.7140036
1744.33	-594.3662	-606.3949	0.7139423
1744.34	-594.2214	-606.3979	0.7138811
1744.35	-594.0765	-606.4011	0.7138202
1744.36	-593.9316	-606.4041	0.7137602
1744.37	-593.7866	-606.4071	0.7137011
1744.38	-593.6416	-606.4102	0.7136429
1744.39	-593.4965	-606.4131	0.7135855
1744.4	-593.3514	-606.4161	0.7135288
1744.41	-593.2062	-606.419	0.7134736
1744.42	-593.0609	-606.422	0.7134197
1744.43	-592.9156	-606.4249	0.7133671
1744.44	-592.7702	-606.4278	0.7133157
1744.45	-592.6248	-606.4307	0.7132655
1744.46	-592.4792	-606.4336	0.7132164
1744.47	-592.3337	-606.4364	0.7131688
1744.48	-592.188	-606.4393	0.7131227
1744.49	-592.0424	-606.4421	0.7130778
1744.5	-591.8966	-606.4449	0.7130345
1744.51	-591.7508	-606.4477	0.7129922
1744.52	-591.605	-606.4505	0.7129514
1744.53	-591.4591	-606.4533	0.712912
1744.54	-591.3131	-606.456	0.7128739
1744.55	-591.1671	-606.4587	0.712837
1744.56	-591.021	-606.4615	0.7128016
1744.57	-590.8749	-606.4642	0.7127677
1744.58	-590.7287	-606.4669	0.712735
1744.59	-590.5825	-606.4695	0.7127037
1744.6	-590.4362	-606.4722	0.7126734
1744.61	-590.2898	-606.4749	0.7126447
1744.62	-590.1434	-606.4776	0.7126174
1744.63	-589.9969	-606.4802	0.7125913
1744.64	-589.8503	-606.4828	0.7125664
1744.65	-589.7037	-606.4854	0.7125427
1744.66	-589.5571	-606.488	0.7125202
1744.67	-589.4104	-606.4907	0.7124993
1744.68	-589.2636	-606.4932	0.7124799
1744.69	-589.1168	-606.4958	0.7124621
1744.7	-588.9698	-606.4984	0.7124457
1744.71	-588.8229	-606.5009	0.7124306
1744.72	-588.6759	-606.5034	0.7124172
1744.73	-588.5289	-606.506	0.7124054
1744.74	-588.3818	-606.5085	0.7123952
1744.75	-588.2346	-606.511	0.7123865
1744.76	-588.0874	-606.5135	0.7123792
1744.77	-587.9401	-606.516	0.7123734
1744.78	-587.7928	-606.5185	0.712369
1744.79	-587.6454	-606.521	0.7123658
1744.8	-587.4979	-606.5235	0.7123638
1744.81	-587.3505	-606.526	0.7123631
1744.82	-587.2029	-606.5284	0.7123635
1744.83	-587.0554	-606.5309	0.712365
1744.84	-586.9077	-606.5333	0.7123675
1744.85	-586.76	-606.5358	0.7123711
1744.86	-586.6122	-606.5382	0.7123755
1744.87	-586.4644	-606.5406	0.7123809
1744.88	-586.3165	-606.5431	0.7123871
1744.89	-586.1686	-606.5455	0.7123942
1744.9	-586.0206	-606.548	0.712402
1744.91	-585.8725	-606.5504	0.7124106
1744.92	-585.7244	-606.5529	0.7124198
1744.93	-585.5762	-606.5553	0.7124298
1744.94	-585.4279	-606.5578	0.7124404
1744.95	-585.2796	-606.5602	0.7124516
1744.96	-585.1312	-606.5627	0.7124634
1744.97	-584.9828	-606.5651	0.7124758
1744.98	-584.8344	-606.5675	0.7124887
1744.99	-584.6859	-606.5699	0.7125021
1745	-584.5373	-606.5723	0.712516
1745.01	-584.3887	-606.5746	0.7125304
1745.02	-584.24	-606.577	0.7125452
1745.03	-584.0912	-606.5794	0.7125604
1745.04	-583.9424	-606.5818	0.712576
1745.05	-583.7936	-606.5842	0.7125921
1745.06	-583.6447	-606.5866	0.7126085
1745.07	-583.4958	-606.589	0.7126252
1745.08	-583.3468	-606.5914	0.7126423
1745.09	-583.1978	-606.5939	0.7126597
1745.1	-583.0486	-606.5963	0.7126774
1745.11	-582.8995	-606.5988	0.7126955
1745.12	-582.7502	-606.6012	0.7127138
1745.13	-582.601	-606.6036	0.7127324
1745.14	-582.4516	-606.6061	0.7127512
1745.15	-582.3022	-606.6086	0.7127703
1745.16	-582.1528	-606.611	0.7127896
1745.17	-582.0033	-606.6135	0.7128091
1745.18	-581.8538	-606.6159	0.7128289
1745.19	-581.7042	-606.6183	0.7128489
1745.2	-581.5545	-606.6208	0.7128691
1745.21	-581.4048	-606.6233	0.7128894
1745.22	-581.255	-606.6257	0.71291
1745.23	-581.1052	-606.6282	0.7129306
1745.24	-580.9553	-606.6306	0.7129515
1745.25	-580.8053	-606.6331	0.7129726
1745.26	-580.6553	-606.6356	0.7129938
1745.27	-580.5053	-606.6381	0.7130152
1745.28	-580.3552	-606.6406	0.7130367
1745.29	-580.2051	-606.6431	0.7130583
1745.3	-580.0549	-606.6456	0.7130799
1745.31	-579.9046	-606.6481	0.7131019
1745.32	-579.7543	-606.6506	0.7131239
1745.33	-579.6039	-606.6531	0.7131459
1745.34	-579.4534	-606.6556	0.7131681
1745.35	-579.3029	-606.6582	0.7131905
1745.36	-579.1524	-606.6608	0.7132128
1745.37	-579.0018	-606.6633	0.7132352
1745.38	-578.8512	-606.6659	0.7132577
1745.39	-578.7005	-606.6685	0.7132801
1745.4	-578.5497	-606.671	0.7133027
1745.41	-578.3989	-606.6736	0.7133254
1745.42	-578.248	-606.6762	0.7133481
1745.43	-578.0971	-606.6788	0.7133706
1745.44	-577.9461	-606.6814	0.7133933
1745.45	-577.795	-606.684	0.7134159
1745.46	-577.644	-606.6866	0.7134385
1745.47	-577.4929	-606.6893	0.7134609
1745.48	-577.3417	-606.6919	0.7134833
1745.49	-577.1904	-606.6946	0.7135057
1745.5	-577.0391	-606.6972	0.713528
1745.51	-576.8878	-606.6998	0.7135501
1745.52	-576.7364	-606.7025	0.713572
1745.53	-576.585	-606.7052	0.7135938
1745.54	-576.4335	-606.7079	0.7136155
1745.55	-576.2819	-606.7106	0.713637
1745.56	-576.1303	-606.7133	0.7136578
1745.57	-575.9786	-606.716	0.7136781
1745.58	-575.8269	-606.7187	0.7136979
1745.59	-575.6751	-606.7214	0.7137171
1745.6	-575.5233	-606.7241	0.7137358
1745.61	-575.3714	-606.7269	0.7137534
1745.62	-575.2195	-606.7296	0.7137699
1745.63	-575.0675	-606.7324	0.7137855
1745.64	-574.9155	-606.7352	0.7138
1745.65	-574.7634	-606.7379	0.7138136
1745.66	-574.6112	-606.7407	0.7138255
1745.67	-574.459	-606.7434	0.7138355
1745.68	-574.3067	-606.7462	0.7138441
1745.69	-574.1544	-606.7489	0.7138511
1745.7	-574.002	-606.7516	0.7138567
1745.71	-573.8495	-606.7544	0.7138609
1745.72	-573.697	-606.7571	0.7138629
1745.73	-573.5445	-606.7599	0.713863
1745.74	-573.3919	-606.7626	0.713861
1745.75	-573.2393	-606.7654	0.7138572
1745.76	-573.0867	-606.7681	0.7138512
1745.77	-572.934	-606.7709	0.713843
1745.78	-572.7813	-606.7736	0.7138329
1745.79	-572.6285	-606.7764	0.7138208
1745.8	-572.4758	-606.7791	0.7138067
1745.81	-572.3229	-606.7819	0.7137907
1745.82	-572.1701	-606.7845	0.7137726
1745.83	-572.0172	-606.7873	0.7137526
1745.84	-571.8643	-606.79	0.7137308
1745.85	-571.7114	-606.7928	0.7137072
1745.86	-571.5584	-606.7955	0.7136815
1745.87	-571.4055	-606.7983	0.7136539
1745.88	-571.2525	-606.801	0.7136242
1745.89	-571.0995	-606.8037	0.7135928
1745.9	-570.9465	-606.8065	0.7135595
1745.91	-570.7935	-606.8092	0.7135241
1745.92	-570.6404	-606.812	0.7134866
1745.93	-570.4874	-606.8146	0.7134469
1745.94	-570.3344	-606.8173	0.7134054
1745.95	-570.1813	-606.8199	0.713362
1745.96	-570.0282	-606.8226	0.7133163
1745.97	-569.8751	-606.8253	0.7132683
1745.98	-569.722	-606.8279	0.7132181
1745.99	-569.569	-606.8305	0.7131658
1746	-569.4159	-606.8331	0.7131115
1746.01	-569.2628	-606.8358	0.7130546
1746.02	-569.1097	-606.8383	0.712995
1746.03	-568.9567	-606.8409	0.712933
1746.04	-568.8035	-606.8434	0.7128686
1746.05	-568.6504	-606.8459	0.7128019
1746.06	-568.4973	-606.8484	0.7127331
1746.07	-568.3442	-606.8509	0.7126615
1746.08	-568.191	-606.8534	0.7125871
1746.09	-568.0379	-606.8558	0.71251
1746.1	-567.8848	-606.8582	0.7124305
1746.11	-567.7317	-606.8606	0.712348
1746.12	-567.5786	-606.8629	0.7122629
1746.13	-567.4255	-606.8653	0.712175
1746.14	-567.2723	-606.8676	0.7120846
1746.15	-567.1192	-606.8699	0.7119918
1746.16	-566.9661	-606.8722	0.7118965
1746.17	-566.813	-606.8744	0.7117988
1746.18	-566.6599	-606.8766	0.7116989
1746.19	-566.5068	-606.8788	0.7115967
1746.2	-566.3536	-606.8809	0.7114925
1746.21	-566.2006	-606.883	0.7113863
1746.22	-566.0475	-606.8851	0.7112782
1746.23	-565.8944	-606.8871	0.7111682
1746.24	-565.7413	-606.8892	0.7110566
1746.25	-565.5881	-606.8912	0.7109433
1746.26	-565.4351	-606.8931	0.7108284
1746.27	-565.282	-606.895	0.7107119
1746.28	-565.1289	-606.8969	0.7105941
1746.29	-564.9758	-606.8987	0.7104747
1746.3	-564.8228	-606.9006	0.7103542
1746.31	-564.6697	-606.9023	0.7102324
1746.32	-564.5166	-606.9041	0.7101094
1746.33	-564.3635	-606.9058	0.7099852
1746.34	-564.2104	-606.9074	0.70986
1746.35	-564.0574	-606.909	0.7097338
1746.36	-563.9043	-606.9106	0.7096069
1746.37	-563.7512	-606.9122	0.7094793
1746.38	-563.5981	-606.9136	0.7093511
1746.39	-563.4451	-606.9151	0.7092223
1746.4	-563.292	-606.9165	0.7090929
1746.41	-563.1389	-606.9178	0.7089629
1746.42	-562.9858	-606.9192	0.708833
1746.43	-562.8328	-606.9205	0.7087031
1746.44	-562.6797	-606.9218	0.7085732
1746.45	-562.5266	-606.923	0.7084433
1746.46	-562.3735	-606.9241	0.7083133
1746.47	-562.2205	-606.9252	0.7081841
1746.48	-562.0674	-606.9263	0.7080554
1746.49	-561.9143	-606.9274	0.7079274
1746.5	-561.7612	-606.9284	0.7077999
1746.51	-561.6082	-606.9294	0.7076734
1746.52	-561.4552	-606.9303	0.7075477
1746.53	-561.3022	-606.9312	0.707423
1746.54	-561.1492	-606.9319	0.707299
1746.55	-560.9962	-606.9327	0.7071759
1746.56	-560.8431	-606.9335	0.7070538
1746.57	-560.6901	-606.9342	0.7069327
1746.58	-560.5371	-606.9349	0.7068124
1746.59	-560.3841	-606.9355	0.7066931
1746.6	-560.2311	-606.936	0.7065746
1746.61	-560.0781	-606.9366	0.7064571
1746.62	-559.9252	-606.9371	0.7063405
1746.63	-559.7722	-606.9375	0.7062249
1746.64	-559.6193	-606.9379	0.7061101
1746.65	-559.4663	-606.9382	0.7059962
1746.66	-559.3134	-606.9385	0.705883
1746.67	-559.1605	-606.9388	0.705771
1746.68	-559.0076	-606.939	0.7056602
1746.69	-558.8547	-606.9391	0.7055503
1746.7	-558.7018	-606.9393	0.7054415
1746.71	-558.5489	-606.9393	0.7053337
1746.72	-558.3961	-606.9394	0.7052275
1746.73	-558.2432	-606.9394	0.7051229
1746.74	-558.0904	-606.9393	0.7050198
1746.75	-557.9376	-606.9393	0.7049181
1746.76	-557.7847	-606.9391	0.7048178
1746.77	-557.632	-606.9389	0.70472
1746.78	-557.4792	-606.9387	0.7046245
1746.79	-557.3264	-606.9384	0.7045312
1746.8	-557.1736	-606.9381	0.70444
1746.81	-557.0209	-606.9378	0.7043508
1746.82	-556.8682	-606.9374	0.7042645
1746.83	-556.7155	-606.9371	0.7041809
1746.84	-556.5629	-606.9366	0.7040998
1746.85	-556.4102	-606.9362	0.7040212
1746.86	-556.2576	-606.9356	0.7039449
1746.87	-556.105	-606.9351	0.7038718
1746.88	-555.9524	-606.9345	0.7038019
1746.89	-555.7998	-606.9339	0.7037348
1746.9	-555.6472	-606.9332	0.7036704
1746.91	-555.4947	-606.9326	0.7036095
1746.92	-555.3422	-606.9318	0.7035518
1746.93	-555.1896	-606.9311	0.7034973
1746.94	-555.0371	-606.9304	0.7034457
1746.95	-554.8846	-606.9295	0.7033969
1746.96	-554.7322	-606.9287	0.7033508
1746.97	-554.5797	-606.9279	0.7033082
1746.98	-554.4273	-606.927	0.7032686
1746.99	-554.2749	-606.9261	0.7032323
1747	-554.1225	-606.9252	0.703199
1747.01	-553.9701	-606.9243	0.7031684
1747.02	-553.8177	-606.9233	0.7031405
1747.03	-553.6653	-606.9223	0.7031161
1747.04	-553.513	-606.9213	0.7030948
1747.05	-553.3607	-606.9202	0.7030768
1747.06	-553.2083	-606.9192	0.7030618
1747.07	-553.056	-606.9182	0.7030503
1747.08	-552.9037	-606.9171	0.7030419
1747.09	-552.7515	-606.916	0.7030365
1747.1	-552.5992	-606.9149	0.7030342
1747.11	-552.447	-606.9138	0.7030346
1747.12	-552.2949	-606.9126	0.7030384
1747.13	-552.1427	-606.9114	0.7030452
1747.14	-551.9905	-606.9103	0.7030551
1747.15	-551.8384	-606.9091	0.7030679
1747.16	-551.6862	-606.908	0.7030834
1747.17	-551.5341	-606.9068	0.7031019
1747.18	-551.382	-606.9056	0.7031231
1747.19	-551.2299	-606.9044	0.7031471
1747.2	-551.0778	-606.9031	0.7031737
1747.21	-550.9258	-606.9019	0.7032027
1747.22	-550.7737	-606.9007	0.7032341
1747.23	-550.6217	-606.8995	0.703268
1747.24	-550.4697	-606.8983	0.7033041
1747.25	-550.3177	-606.8971	0.7033423
1747.26	-550.1658	-606.8959	0.7033826
1747.27	-550.0138	-606.8947	0.7034248
1747.28	-549.8619	-606.8934	0.703469
1747.29	-549.71	-606.8921	0.7035149
1747.3	-549.558	-606.8909	0.7035625
1747.31	-549.4061	-606.8896	0.7036118
1747.32	-549.2543	-606.8883	0.7036626
1747.33	-549.1024	-606.8871	0.703715
1747.34	-548.9506	-606.8859	0.7037687
1747.35	-548.7987	-606.8847	0.7038239
1747.36	-548.6469	-606.8835	0.7038803
1747.37	-548.4951	-606.8823	0.703938
1747.38	-548.3433	-606.8811	0.7039968
1747.39	-548.1916	-606.8799	0.7040569
1747.4	-548.0399	-606.8787	0.704118
1747.41	-547.8881	-606.8776	0.7041802
1747.42	-547.7365	-606.8763	0.7042435
1747.43	-547.5848	-606.8752	0.7043076
1747.44	-547.4331	-606.8741	0.7043727
1747.45	-547.2814	-606.8729	0.7044386
1747.46	-547.1298	-606.8718	0.7045054
1747.47	-546.9782	-606.8707	0.704573
1747.48	-546.8266	-606.8696	0.7046415
1747.49	-546.675	-606.8685	0.7047105
1747.5	-546.5234	-606.8675	0.7047803
1747.51	-546.3718	-606.8664	0.7048507
1747.52	-546.2203	-606.8654	0.7049215
1747.53	-546.0687	-606.8643	0.7049929
1747.54	-545.9172	-606.8633	0.7050647
1747.55	-545.7657	-606.8623	0.705137
1747.56	-545.6143	-606.8613	0.7052096
1747.57	-545.4628	-606.8604	0.7052825
1747.58	-545.3114	-606.8594	0.7053555
1747.59	-545.16	-606.8585	0.7054288
1747.6	-545.0085	-606.8576	0.7055022
1747.61	-544.8572	-606.8568	0.7055754
1747.62	-544.7058	-606.8558	0.7056484
1747.63	-544.5544	-606.855	0.7057213
1747.64	-544.4031	-606.8542	0.705794
1747.65	-544.2517	-606.8534	0.7058665
1747.66	-544.1004	-606.8526	0.7059389
1747.67	-543.9491	-606.8519	0.7060107
1747.68	-543.7978	-606.8511	0.7060819
1747.69	-543.6465	-606.8504	0.7061525
1747.7	-543.4953	-606.8497	0.7062225
1747.71	-543.3441	-606.849	0.7062921
1747.72	-543.1929	-606.8483	0.7063606
1747.73	-543.0417	-606.8477	0.7064281
1747.74	-542.8905	-606.847	0.7064946
1747.75	-542.7393	-606.8464	0.7065603
1747.76	-542.5881	-606.8459	0.7066251
1747.77	-542.437	-606.8453	0.7066886
1747.78	-542.2859	-606.8448	0.7067509
1747.79	-542.1348	-606.8442	0.7068121
1747.8	-541.9836	-606.8437	0.7068721
1747.81	-541.8326	-606.8433	0.7069311
1747.82	-541.6815	-606.8428	0.7069888
1747.83	-541.5305	-606.8423	0.7070454
1747.84	-541.3795	-606.8419	0.7071007
1747.85	-541.2285	-606.8415	0.7071551
1747.86	-541.0775	-606.8411	0.7072081
1747.87	-540.9265	-606.8408	0.7072598
1747.88	-540.7756	-606.8404	0.7073102
1747.89	-540.6246	-606.8401	0.7073596
1747.9	-540.4737	-606.8398	0.7074078
1747.91	-540.3228	-606.8395	0.7074549
1747.92	-540.1719	-606.8392	0.7075007
1747.93	-540.0213	-606.839	0.7075449
1747.94	-539.8711	-606.8387	0.7075878
1747.95	-539.7212	-606.8385	0.7076295
1747.96	-539.5716	-606.8384	0.7076699
1747.97	-539.4224	-606.8382	0.7077089
1747.98	-539.2734	-606.838	0.7077467
1747.99	-539.1248	-606.8378	0.7077832
1748	-538.9765	-606.8378	0.7078186
1748.01	-538.8285	-606.8376	0.7078528
1748.02	-538.6808	-606.8375	0.707886
1748.03	-538.5335	-606.8375	0.7079182
1748.04	-538.3865	-606.8375	0.7079495
1748.05	-538.2397	-606.8374	0.7079798
1748.06	-538.0934	-606.8373	0.7080091
1748.07	-537.9473	-606.8373	0.7080378
1748.08	-537.8016	-606.8373	0.7080657
1748.09	-537.6561	-606.8374	0.7080927
1748.1	-537.511	-606.8374	0.7081191
1748.11	-537.3662	-606.8375	0.7081448
1748.12	-537.2217	-606.8375	0.7081698
1748.13	-537.0776	-606.8376	0.7081941
1748.14	-536.9338	-606.8376	0.7082179
1748.15	-536.7903	-606.8378	0.708241
1748.16	-536.6472	-606.838	0.7082637
1748.17	-536.5044	-606.8381	0.7082857
1748.18	-536.3619	-606.8382	0.7083073
1748.19	-536.2197	-606.8384	0.7083284
1748.2	-536.0778	-606.8386	0.708349
1748.21	-535.9362	-606.8387	0.7083691
1748.22	-535.7949	-606.839	0.7083889
1748.23	-535.654	-606.8392	0.7084082
1748.24	-535.5134	-606.8394	0.7084271
1748.25	-535.373	-606.8397	0.7084456
1748.26	-535.233	-606.8399	0.7084638
1748.27	-535.0934	-606.8401	0.7084817
1748.28	-534.954	-606.8404	0.7084993
1748.29	-534.815	-606.8407	0.7085165
1748.3	-534.6763	-606.841	0.7085335
1748.31	-534.538	-606.8414	0.7085504
1748.32	-534.3999	-606.8417	0.708567
1748.33	-534.2622	-606.842	0.7085834
1748.34	-534.1248	-606.8423	0.7085995
1748.35	-533.9877	-606.8427	0.7086155
1748.36	-533.851	-606.8431	0.7086314
1748.37	-533.7146	-606.8434	0.7086471
1748.38	-533.5785	-606.8438	0.7086627
1748.39	-533.4427	-606.8442	0.7086782
1748.4	-533.3072	-606.8447	0.7086934
1748.41	-533.172	-606.8451	0.7087086
1748.42	-533.0372	-606.8455	0.7087238
1748.43	-532.9026	-606.8459	0.7087387
1748.44	-532.7684	-606.8464	0.7087536
1748.45	-532.6345	-606.8468	0.7087684
1748.46	-532.501	-606.8472	0.708783
1748.47	-532.3677	-606.8477	0.7087975
1748.48	-532.2349	-606.8481	0.708812
1748.49	-532.1022	-606.8486	0.7088264
1748.5	-531.97	-606.8492	0.7088406
1748.51	-531.838	-606.8497	0.7088549
1748.52	-531.7064	-606.8502	0.7088689
1748.53	-531.5751	-606.8506	0.7088829
1748.54	-531.4441	-606.8511	0.7088969
1748.55	-531.3134	-606.8516	0.7089106
1748.56	-531.1831	-606.8522	0.7089245
1748.57	-531.0531	-606.8527	0.7089382
1748.58	-530.9234	-606.8533	0.7089518
1748.59	-530.794	-606.8538	0.7089654
1748.6	-530.6649	-606.8544	0.7089789
1748.61	-530.5361	-606.855	0.7089923
1748.62	-530.4077	-606.8555	0.7090057
1748.63	-530.2796	-606.8561	0.709019
1748.64	-530.1518	-606.8566	0.7090323
1748.65	-530.0243	-606.8572	0.7090455
1748.66	-529.8972	-606.8578	0.7090586
1748.67	-529.7703	-606.8584	0.7090716
1748.68	-529.6438	-606.859	0.7090846
1748.69	-529.5176	-606.8596	0.7090976
1748.7	-529.3917	-606.8602	0.7091106
1748.71	-529.2662	-606.8608	0.7091234
1748.72	-529.1409	-606.8615	0.7091362
1748.73	-529.0161	-606.8621	0.7091489
1748.74	-528.8915	-606.8627	0.7091616
1748.75	-528.7672	-606.8633	0.7091743
1748.76	-528.6432	-606.864	0.7091869
1748.77	-528.5197	-606.8646	0.7091994
1748.78	-528.3964	-606.8652	0.7092119
1748.79	-528.2734	-606.8658	0.7092244
1748.8	-528.1507	-606.8665	0.7092368
1748.81	-528.0283	-606.8672	0.7092491
1748.82	-527.9063	-606.8679	0.7092615
1748.83	-527.7845	-606.8685	0.7092736
1748.84	-527.6631	-606.8692	0.7092855
1748.85	-527.5421	-606.8699	0.7092973
1748.86	-527.4213	-606.8706	0.7093089
1748.87	-527.3008	-606.8713	0.7093202
1748.88	-527.1807	-606.8719	0.7093312
1748.89	-527.0609	-606.8726	0.7093419
1748.9	-526.9414	-606.8733	0.7093523
1748.91	-526.8223	-606.874	0.7093622
1748.92	-526.7034	-606.8746	0.7093716
1748.93	-526.5851	-606.8753	0.70938
1748.94	-526.4673	-606.876	0.7093893
1748.95	-526.3494	-606.8766	0.7093995
1748.96	-526.2316	-606.8773	0.7094089
1748.97	-526.1138	-606.878	0.7094171
1748.98	-525.996	-606.8787	0.7094242
1748.99	-525.8782	-606.8793	0.7094303
1749	-525.7604	-606.88	0.7094355
1749.01	-525.6426	-606.8807	0.7094397
1749.02	-525.5248	-606.8814	0.7094423
1749.03	-525.4071	-606.8821	0.7094434
1749.04	-525.2894	-606.8828	0.7094432
1749.05	-525.1716	-606.8834	0.7094415
1749.06	-525.054	-606.884	0.709438
1749.07	-524.9363	-606.8847	0.7094326
1749.08	-524.8186	-606.8854	0.7094255
1749.09	-524.7009	-606.886	0.7094168
1749.1	-524.5833	-606.8867	0.7094066
1749.11	-524.4656	-606.8874	0.7093948
1749.12	-524.348	-606.8881	0.709381
1749.13	-524.2303	-606.8887	0.7093654
1749.14	-524.1127	-606.8894	0.7093479
1749.15	-523.9951	-606.8901	0.7093288
1749.16	-523.8776	-606.8907	0.7093075
1749.17	-523.76	-606.8914	0.7092844
1749.18	-523.6425	-606.892	0.7092593
1749.19	-523.525	-606.8927	0.7092326
1749.2	-523.4075	-606.8933	0.7092043
1749.21	-523.29	-606.8939	0.7091744
1749.22	-523.1725	-606.8945	0.7091427
1749.23	-523.0551	-606.8951	0.7091093
1749.24	-522.9376	-606.8957	0.7090744
1749.25	-522.8202	-606.8963	0.709038
1749.26	-522.7028	-606.8969	0.7090001
1749.27	-522.5853	-606.8975	0.708961
1749.28	-522.468	-606.898	0.7089205
1749.29	-522.3506	-606.8986	0.7088789
1749.3	-522.2332	-606.899	0.7088362
1749.31	-522.1158	-606.8996	0.7087924
1749.32	-521.9985	-606.9001	0.7087475
1749.33	-521.8812	-606.9007	0.7087017
1749.34	-521.7639	-606.9012	0.7086551
1749.35	-521.6466	-606.9017	0.7086076
1749.36	-521.5294	-606.9022	0.7085593
1749.37	-521.4121	-606.9026	0.7085101
1749.38	-521.2949	-606.9031	0.7084603
1749.39	-521.1776	-606.9036	0.7084099
1749.4	-521.0604	-606.9039	0.7083587
1749.41	-520.9432	-606.9044	0.708307
1749.42	-520.826	-606.9048	0.7082548
1749.43	-520.7088	-606.9052	0.7082019
1749.44	-520.5916	-606.9056	0.7081485
1749.45	-520.4744	-606.9059	0.7080947
1749.46	-520.3572	-606.9063	0.7080404
1749.47	-520.2401	-606.9066	0.7079856
1749.48	-520.1229	-606.9069	0.7079304
1749.49	-520.0057	-606.9073	0.7078748
1749.5	-519.8885	-606.9076	0.7078189
1749.51	-519.7713	-606.9078	0.7077625
1749.52	-519.6542	-606.9081	0.7077059
1749.53	-519.537	-606.9084	0.707649
1749.54	-519.4198	-606.9086	0.7075917
1749.55	-519.3026	-606.9089	0.7075342
1749.56	-519.1854	-606.9091	0.7074763
1749.57	-519.0682	-606.9093	0.7074183
1749.58	-518.951	-606.9095	0.70736
1749.59	-518.8339	-606.9096	0.7073013
1749.6	-518.7167	-606.9098	0.7072424
1749.61	-518.5995	-606.91	0.7071833
1749.62	-518.4822	-606.91	0.707124
1749.63	-518.365	-606.9102	0.7070645
1749.64	-518.2477	-606.9102	0.7070047
1749.65	-518.1304	-606.9103	0.7069448
1749.66	-518.0131	-606.9103	0.7068846
1749.67	-517.8957	-606.9103	0.7068244
1749.68	-517.7783	-606.9104	0.7067642
1749.69	-517.6609	-606.9103	0.7067038
1749.7	-517.5435	-606.9103	0.7066433
1749.71	-517.426	-606.9103	0.7065826
1749.72	-517.3085	-606.9102	0.7065221
1749.73	-517.191	-606.9102	0.7064616
1749.74	-517.0734	-606.91	0.7064012
1749.75	-516.9558	-606.91	0.7063408
1749.76	-516.8382	-606.9099	0.7062805
1749.77	-516.7206	-606.9097	0.7062204
1749.78	-516.6029	-606.9095	0.7061606
1749.79	-516.4852	-606.9093	0.7061011
1749.8	-516.3675	-606.9091	0.7060418
1749.81	-516.2497	-606.9089	0.7059825
1749.82	-516.1319	-606.9087	0.7059238
1749.83	-516.014	-606.9084	0.7058655
1749.84	-515.8962	-606.9081	0.7058074
1749.85	-515.7783	-606.9079	0.7057499
1749.86	-515.6603	-606.9076	0.7056925
1749.87	-515.5423	-606.9072	0.7056359
1749.88	-515.4243	-606.9069	0.70558
1749.89	-515.3062	-606.9066	0.7055246
1749.9	-515.188	-606.9062	0.7054698
1749.91	-515.0698	-606.9058	0.7054154
1749.92	-514.9515	-606.9054	0.705362
1749.93	-514.8333	-606.905	0.7053093
1749.94	-514.7149	-606.9046	0.7052575
1749.95	-514.5966	-606.9041	0.7052062
1749.96	-514.4781	-606.9037	0.7051557
1749.97	-514.3597	-606.9032	0.7051061
1749.98	-514.2412	-606.9026	0.7050575
1749.99	-514.1227	-606.9022	0.7050097
1750	-514.0041	-606.9017	0.7049627
1750.01	-513.8854	-606.9011	0.7049165
1750.02	-513.7668	-606.9005	0.7048711
1750.03	-513.6481	-606.9	0.7048267
1750.04	-513.5293	-606.8994	0.704783
1750.05	-513.4105	-606.8987	0.7047402
1750.06	-513.2916	-606.8981	0.704698
1750.07	-513.1727	-606.8975	0.7046564
1750.08	-513.0537	-606.8969	0.7046155
1750.09	-512.9347	-606.8962	0.7045752
1750.1	-512.8156	-606.8955	0.7045355
1750.11	-512.6965	-606.8948	0.7044963
1750.12	-512.5773	-606.8941	0.7044575
1750.13	-512.4581	-606.8934	0.7044193
1750.14	-512.3389	-606.8927	0.7043815
1750.15	-512.2195	-606.892	0.7043442
1750.16	-512.1002	-606.8912	0.7043071
1750.17	-511.9807	-606.8904	0.7042705
1750.18	-511.8612	-606.8896	0.7042344
1750.19	-511.7416	-606.8889	0.7041984
1750.2	-511.622	-606.8881	0.7041628
1750.21	-511.5024	-606.8872	0.7041274
1750.22	-511.3827	-606.8864	0.7040924
1750.23	-511.2629	-606.8855	0.7040576
1750.24	-511.1431	-606.8846	0.7040231
1750.25	-511.0233	-606.8837	0.7039887
1750.26	-510.9033	-606.8828	0.7039546
1750.27	-510.7833	-606.8819	0.7039207
1750.28	-510.6633	-606.881	0.703887
1750.29	-510.5433	-606.88	0.7038535
1750.3	-510.4232	-606.8791	0.70382
1750.31	-510.303	-606.8781	0.7037869
1750.32	-510.1828	-606.8771	0.7037538
1750.33	-510.0625	-606.8762	0.7037208
1750.34	-509.9422	-606.8751	0.703688
1750.35	-509.8218	-606.8741	0.7036553
1750.36	-509.7014	-606.8731	0.7036227
1750.37	-509.5808	-606.8721	0.7035902
1750.38	-509.4603	-606.871	0.7035578
1750.39	-509.3396	-606.8699	0.7035254
1750.4	-509.2189	-606.8688	0.7034932
1750.41	-509.0982	-606.8677	0.7034611
1750.42	-508.9774	-606.8666	0.7034289
1750.43	-508.8566	-606.8655	0.7033969
1750.44	-508.7357	-606.8644	0.7033648
1750.45	-508.6147	-606.8632	0.703333
1750.46	-508.4937	-606.8621	0.7033011
1750.47	-508.3726	-606.8609	0.7032692
1750.48	-508.2515	-606.8597	0.7032376
1750.49	-508.1302	-606.8585	0.7032059
1750.5	-508.009	-606.8573	0.7031744
1750.51	-507.8876	-606.8561	0.7031429
1750.52	-507.7663	-606.8549	0.7031115
1750.53	-507.6448	-606.8536	0.7030803
1750.54	-507.5233	-606.8524	0.7030493
1750.55	-507.4018	-606.8511	0.7030185
1750.56	-507.2802	-606.8498	0.702988
1750.57	-507.1586	-606.8485	0.7029579
1750.58	-507.0369	-606.8472	0.7029281
1750.59	-506.9151	-606.8459	0.7028987
1750.6	-506.7932	-606.8446	0.7028696
1750.61	-506.6713	-606.8433	0.702841
1750.62	-506.5494	-606.8419	0.7028131
1750.63	-506.4274	-606.8405	0.7027857
1750.64	-506.3053	-606.8392	0.7027588
1750.65	-506.1832	-606.8378	0.7027324
1750.66	-506.061	-606.8365	0.7027069
1750.67	-505.9388	-606.8351	0.702682
1750.68	-505.8165	-606.8337	0.7026577
1750.69	-505.6941	-606.8322	0.7026341
1750.7	-505.5717	-606.8308	0.7026111
1750.71	-505.4492	-606.8294	0.7025887
1750.72	-505.3267	-606.828	0.7025671
1750.73	-505.2041	-606.8266	0.7025461
1750.74	-505.0814	-606.8251	0.7025256
1750.75	-504.9587	-606.8237	0.7025058
1750.76	-504.8359	-606.8221	0.7024865
1750.77	-504.7131	-606.8207	0.7024678
1750.78	-504.5902	-606.8192	0.7024496
1750.79	-504.4673	-606.8177	0.702432
1750.8	-504.3443	-606.8163	0.7024148
1750.81	-504.2213	-606.8148	0.7023981
1750.82	-504.0981	-606.8132	0.7023818
1750.83	-503.975	-606.8117	0.7023659
1750.84	-503.8517	-606.8102	0.7023503
1750.85	-503.7284	-606.8086	0.7023352
1750.86	-503.605	-606.8071	0.7023203
1750.87	-503.4816	-606.8055	0.7023058
1750.88	-503.3582	-606.804	0.7022916
1750.89	-503.2346	-606.8024	0.7022777
1750.9	-503.111	-606.8008	0.7022641
1750.91	-502.9873	-606.7993	0.7022507
1750.92	-502.8636	-606.7977	0.7022377
1750.93	-502.7398	-606.7961	0.7022248
1750.94	-502.616	-606.7945	0.7022123
1750.95	-502.4921	-606.7929	0.7021999
1750.96	-502.3682	-606.7913	0.7021881
1750.97	-502.2442	-606.7897	0.7021767
1750.98	-502.1201	-606.788	0.7021657
1750.99	-501.9959	-606.7864	0.7021551
1751	-501.8717	-606.7847	0.7021449
1751.01	-501.7475	-606.7831	0.7021352
1751.02	-501.6232	-606.7814	0.7021262
1751.03	-501.4988	-606.7798	0.7021176
1751.04	-501.3744	-606.7781	0.7021097
1751.05	-501.2498	-606.7765	0.7021022
1751.06	-501.1253	-606.7748	0.7020957
1751.07	-501.0007	-606.7732	0.70209
1751.08	-500.876	-606.7715	0.7020853
1751.09	-500.7513	-606.7699	0.7020813
1751.1	-500.6265	-606.7682	0.7020782
1751.11	-500.5016	-606.7665	0.7020757
1751.12	-500.3767	-606.7648	0.7020745
1751.13	-500.2517	-606.7631	0.7020745
1751.14	-500.1267	-606.7614	0.7020756
1751.15	-500.0016	-606.7597	0.7020779
1751.16	-499.8764	-606.758	0.7020811
1751.17	-499.7512	-606.7563	0.7020858
1751.18	-499.6259	-606.7546	0.7020919
1751.19	-499.5006	-606.7529	0.7020994
1751.2	-499.3752	-606.7512	0.7021081
1751.21	-499.2498	-606.7495	0.702118
1751.22	-499.1243	-606.7477	0.7021296
1751.23	-498.9987	-606.746	0.7021428
1751.24	-498.873	-606.7444	0.7021576
1751.25	-498.7473	-606.7427	0.7021738
1751.26	-498.6216	-606.7411	0.7021915
1751.27	-498.4958	-606.7395	0.7022104
1751.28	-498.3699	-606.7379	0.7022313
1751.29	-498.244	-606.7362	0.702254
1751.3	-498.118	-606.7346	0.7022785
1751.31	-497.9919	-606.7329	0.7023046
1751.32	-497.8658	-606.7313	0.7023327
1751.33	-497.7397	-606.7297	0.7023628
1751.34	-497.6134	-606.728	0.7023945
1751.35	-497.4871	-606.7264	0.702428
1751.36	-497.3608	-606.7248	0.7024635
1751.37	-497.2344	-606.7233	0.7025009
1751.38	-497.108	-606.7217	0.7025402
1751.39	-496.9814	-606.7201	0.7025811
1751.4	-496.8549	-606.7185	0.7026235
1751.41	-496.7282	-606.717	0.7026678
1751.42	-496.6016	-606.7154	0.7027137
1751.43	-496.4748	-606.7139	0.7027611
1751.44	-496.348	-606.7124	0.70281
1751.45	-496.2211	-606.7109	0.7028603
1751.46	-496.0942	-606.7094	0.7029119
1751.47	-495.9672	-606.7079	0.7029647
1751.48	-495.8401	-606.7064	0.7030188
1751.49	-495.713	-606.705	0.703074
1751.5	-495.5859	-606.7036	0.7031302
1751.51	-495.4587	-606.7021	0.7031876
1751.52	-495.3314	-606.7006	0.7032458
1751.53	-495.2041	-606.6993	0.7033049
1751.54	-495.0767	-606.6979	0.703365
1751.55	-494.9492	-606.6965	0.7034258
1751.56	-494.8217	-606.6951	0.7034875
1751.57	-494.6941	-606.6938	0.7035499
1751.58	-494.5665	-606.6925	0.7036131
1751.59	-494.4388	-606.6912	0.7036769
1751.6	-494.3111	-606.6899	0.7037414
1751.61	-494.1833	-606.6886	0.7038063
1751.62	-494.0554	-606.6874	0.703872
1751.63	-493.9275	-606.6861	0.7039382
1751.64	-493.7995	-606.6848	0.7040049
1751.65	-493.6714	-606.6837	0.7040721
1751.66	-493.5433	-606.6824	0.7041398
1751.67	-493.4152	-606.6813	0.704208
1751.68	-493.287	-606.6801	0.7042765
1751.69	-493.1587	-606.679	0.7043455
1751.7	-493.0304	-606.6779	0.7044148
1751.71	-492.902	-606.6768	0.7044846
1751.72	-492.7735	-606.6757	0.7045546
1751.73	-492.645	-606.6746	0.704625
1751.74	-492.5164	-606.6735	0.7046956
1751.75	-492.3878	-606.6725	0.7047667
1751.76	-492.2591	-606.6715	0.704838
1751.77	-492.1304	-606.6705	0.7049095
1751.78	-492.0016	-606.6696	0.7049814
1751.79	-491.8728	-606.6686	0.7050534
1751.8	-491.7439	-606.6677	0.7051257
1751.81	-491.6149	-606.6667	0.7051982
1751.82	-491.4859	-606.6659	0.7052709
1751.83	-491.3568	-606.665	0.7053438
1751.84	-491.2277	-606.6642	0.7054169
1751.85	-491.0984	-606.6634	0.7054902
1751.86	-490.9692	-606.6627	0.7055637
1751.87	-490.8399	-606.6619	0.7056371
1751.88	-490.7105	-606.6611	0.7057107
1751.89	-490.5811	-606.6604	0.7057844
1751.9	-490.4516	-606.6597	0.7058582
1751.91	-490.3221	-606.659	0.7059321
1751.92	-490.1925	-606.6584	0.7060059
1751.93	-490.0629	-606.6577	0.7060794
1751.94	-489.9332	-606.6572	0.7061527
1751.95	-489.8034	-606.6566	0.7062259
1751.96	-489.6736	-606.656	0.7062984
1751.97	-489.5437	-606.6555	0.7063701
1751.98	-489.4138	-606.655	0.7064411
1751.99	-489.2838	-606.6544	0.7065115
1752	-489.1537	-606.654	0.7065814
1752.01	-489.0236	-606.6535	0.7066499
1752.02	-488.8935	-606.653	0.7067173
1752.03	-488.7632	-606.6526	0.7067835
1752.04	-488.633	-606.6522	0.7068485
1752.05	-488.5026	-606.6519	0.7069126
1752.06	-488.3722	-606.6516	0.7069756
1752.07	-488.2418	-606.6512	0.7070372
1752.08	-488.1113	-606.6509	0.7070971
1752.09	-487.9807	-606.6506	0.7071558
1752.1	-487.8501	-606.6503	0.707213
1752.11	-487.7195	-606.65	0.7072691
1752.12	-487.5887	-606.6498	0.7073239
1752.13	-487.4579	-606.6496	0.7073773
1752.14	-487.3271	-606.6494	0.7074291
1752.15	-487.1962	-606.6492	0.7074797
1752.16	-487.0652	-606.649	0.7075289
1752.17	-486.9342	-606.6489	0.7075768
1752.18	-486.8031	-606.6487	0.7076233
1752.19	-486.672	-606.6487	0.7076687
1752.2	-486.5408	-606.6486	0.7077128
1752.21	-486.4095	-606.6485	0.7077558
1752.22	-486.2782	-606.6485	0.7077976
1752.23	-486.1469	-606.6484	0.7078381
1752.24	-486.0155	-606.6484	0.7078775
1752.25	-485.884	-606.6484	0.7079157
1752.26	-485.7525	-606.6484	0.707953
1752.27	-485.6209	-606.6484	0.7079887
1752.28	-485.4893	-606.6484	0.708023
1752.29	-485.3576	-606.6485	0.708056
1752.3	-485.2259	-606.6486	0.7080877
1752.31	-485.0941	-606.6487	0.7081182
1752.32	-484.9622	-606.6487	0.708147
1752.33	-484.8303	-606.6489	0.7081743
1752.34	-484.6984	-606.649	0.7082002
1752.35	-484.5663	-606.6491	0.7082247
1752.36	-484.4343	-606.6493	0.7082475
1752.37	-484.3022	-606.6494	0.7082686
1752.38	-484.17	-606.6496	0.7082883
1752.39	-484.0378	-606.6498	0.7083066
1752.4	-483.9055	-606.65	0.7083234
1752.41	-483.7732	-606.6501	0.7083386
1752.42	-483.6408	-606.6503	0.7083522
1752.43	-483.5083	-606.6505	0.7083643
1752.44	-483.3758	-606.6508	0.708375
1752.45	-483.2433	-606.651	0.7083844
1752.46	-483.1107	-606.6513	0.7083922
1752.47	-482.978	-606.6516	0.7083985
1752.48	-482.8453	-606.6518	0.7084036
1752.49	-482.7125	-606.652	0.7084073
1752.5	-482.5797	-606.6523	0.7084098
1752.51	-482.4468	-606.6525	0.7084111
1752.52	-482.3138	-606.6528	0.7084111
1752.53	-482.1808	-606.6531	0.7084099
1752.54	-482.0478	-606.6534	0.7084076
1752.55	-481.9146	-606.6537	0.7084042
1752.56	-481.7815	-606.6541	0.7083997
1752.57	-481.6483	-606.6544	0.7083942
1752.58	-481.515	-606.6546	0.7083876
1752.59	-481.3816	-606.6549	0.70838
1752.6	-481.2482	-606.6552	0.7083715
1752.61	-481.1147	-606.6555	0.708362
1752.62	-480.9813	-606.6558	0.7083516
1752.63	-480.8477	-606.6561	0.7083402
1752.64	-480.7141	-606.6564	0.7083279
1752.65	-480.5804	-606.6567	0.7083148
1752.66	-480.4466	-606.657	0.7083008
1752.67	-480.3128	-606.6573	0.708286
1752.68	-480.179	-606.6577	0.7082703
1752.69	-480.0451	-606.658	0.7082537
1752.7	-479.9112	-606.6582	0.7082363
1752.71	-479.7772	-606.6585	0.7082181
1752.72	-479.6432	-606.6588	0.7081991
1752.73	-479.5091	-606.6591	0.7081794
1752.74	-479.3749	-606.6594	0.708159
1752.75	-479.2407	-606.6597	0.7081379
1752.76	-479.1064	-606.66	0.7081161
1752.77	-478.9721	-606.6603	0.7080938
1752.78	-478.8377	-606.6606	0.7080708
1752.79	-478.7033	-606.6609	0.7080473
1752.8	-478.5688	-606.6612	0.7080233
1752.81	-478.4343	-606.6615	0.7079988
1752.82	-478.2997	-606.6618	0.7079738
1752.83	-478.165	-606.6621	0.7079484
1752.84	-478.0303	-606.6624	0.7079225
1752.85	-477.8956	-606.6627	0.7078962
1752.86	-477.7607	-606.663	0.7078695
1752.87	-477.6259	-606.6633	0.7078424
1752.88	-477.491	-606.6636	0.7078151
1752.89	-477.356	-606.6639	0.7077872
1752.9	-477.2209	-606.6641	0.7077591
1752.91	-477.0858	-606.6644	0.7077307
1752.92	-476.9507	-606.6646	0.7077021
1752.93	-476.8155	-606.6649	0.7076732
1752.94	-476.6803	-606.6651	0.7076439
1752.95	-476.545	-606.6653	0.7076144
1752.96	-476.4096	-606.6655	0.7075847
1752.97	-476.2742	-606.6658	0.7075548
1752.98	-476.1387	-606.666	0.7075246
1752.99	-476.0032	-606.6663	0.7074943
1753	-475.8676	-606.6664	0.7074637
1753.01	-475.732	-606.6666	0.7074329
1753.02	-475.5963	-606.6667	0.707402
1753.03	-475.4606	-606.6669	0.7073709
1753.04	-475.3248	-606.6671	0.7073396
1753.05	-475.1889	-606.6672	0.7073082
1753.06	-475.053	-606.6674	0.7072766
1753.07	-474.9171	-606.6676	0.7072449
1753.08	-474.7811	-606.6677	0.7072132
1753.09	-474.645	-606.6678	0.7071813
1753.1	-474.5089	-606.6679	0.7071494
1753.11	-474.3727	-606.668	0.7071174
1753.12	-474.2365	-606.6682	0.7070854
1753.13	-474.1003	-606.6683	0.7070533
1753.14	-473.964	-606.6683	0.7070213
1753.15	-473.8276	-606.6683	0.7069893
1753.16	-473.6911	-606.6684	0.7069573
1753.17	-473.5547	-606.6685	0.7069255
1753.18	-473.4181	-606.6685	0.7068937
1753.19	-473.2815	-606.6685	0.706862
1753.2	-473.1449	-606.6686	0.7068304
1753.21	-473.0081	-606.6686	0.7067989
1753.22	-472.8714	-606.6686	0.7067677
1753.23	-472.7346	-606.6686	0.7067367
1753.24	-472.5977	-606.6685	0.7067059
1753.25	-472.4608	-606.6685	0.7066754
1753.26	-472.3239	-606.6685	0.706645
1753.27	-472.1869	-606.6685	0.706615
1753.28	-472.0498	-606.6684	0.7065853
1753.29	-471.9127	-606.6683	0.706556
1753.3	-471.7755	-606.6682	0.7065271
1753.31	-471.6383	-606.6682	0.7064984
1753.32	-471.501	-606.6681	0.7064702
1753.33	-471.3637	-606.668	0.7064423
1753.34	-471.2263	-606.6678	0.7064149
1753.35	-471.0888	-606.6677	0.7063878
1753.36	-470.9514	-606.6676	0.7063612
1753.37	-470.8138	-606.6675	0.7063352
1753.38	-470.6762	-606.6674	0.7063095
1753.39	-470.5386	-606.6672	0.7062842
1753.4	-470.4009	-606.667	0.7062593
1753.41	-470.2632	-606.6668	0.7062349
1753.42	-470.1254	-606.6666	0.7062109
1753.43	-469.9875	-606.6664	0.7061872
1753.44	-469.8496	-606.6663	0.7061639
1753.45	-469.7116	-606.6661	0.7061409
1753.46	-469.5736	-606.6658	0.7061183
1753.47	-469.4355	-606.6656	0.7060961
1753.48	-469.2974	-606.6653	0.7060743
1753.49	-469.1592	-606.6651	0.7060527
1753.5	-469.021	-606.6649	0.7060316
1753.51	-468.8827	-606.6646	0.7060107
1753.52	-468.7444	-606.6644	0.7059903
1753.53	-468.606	-606.664	0.7059701
1753.54	-468.4676	-606.6637	0.7059503
1753.55	-468.3291	-606.6634	0.7059308
1753.56	-468.1906	-606.6631	0.7059117
1753.57	-468.052	-606.6628	0.705893
1753.58	-467.9133	-606.6625	0.7058747
1753.59	-467.7746	-606.6622	0.7058569
1753.6	-467.6359	-606.6619	0.7058395
1753.61	-467.4971	-606.6614	0.7058227
1753.62	-467.3582	-606.6611	0.7058066
1753.63	-467.2194	-606.6607	0.705791
1753.64	-467.0804	-606.6603	0.7057761
1753.65	-466.9414	-606.66	0.7057617
1753.66	-466.8023	-606.6596	0.7057478
1753.67	-466.6632	-606.6592	0.705735
1753.68	-466.5241	-606.6589	0.7057232
1753.69	-466.3849	-606.6585	0.7057122
1753.7	-466.2456	-606.6581	0.7057021
1753.71	-466.1062	-606.6577	0.7056928
1753.72	-465.9669	-606.6572	0.7056848
1753.73	-465.8275	-606.6568	0.705678
1753.74	-465.688	-606.6563	0.7056723
1753.75	-465.5485	-606.6559	0.7056679
1753.76	-465.4089	-606.6555	0.7056644
1753.77	-465.2693	-606.655	0.7056625
1753.78	-465.1296	-606.6546	0.7056621
1753.79	-464.9899	-606.6542	0.7056633
1753.8	-464.8501	-606.6537	0.7056657
1753.81	-464.7103	-606.6533	0.7056699
1753.82	-464.5704	-606.653	0.7056757
1753.83	-464.4305	-606.6525	0.705683
1753.84	-464.2905	-606.6521	0.7056918
1753.85	-464.1505	-606.6517	0.705702
1753.86	-464.0103	-606.6512	0.7057135
1753.87	-463.8702	-606.6508	0.7057267
1753.88	-463.73	-606.6504	0.7057415
1753.89	-463.5898	-606.65	0.7057577
1753.9	-463.4495	-606.6495	0.7057754
1753.91	-463.3092	-606.6491	0.7057948
1753.92	-463.1688	-606.6487	0.7058156
1753.93	-463.0284	-606.6483	0.7058378
1753.94	-462.8878	-606.6479	0.7058614
1753.95	-462.7473	-606.6475	0.7058864
1753.96	-462.6067	-606.647	0.7059126
1753.97	-462.4661	-606.6466	0.7059401
1753.98	-462.3254	-606.6462	0.7059689
1753.99	-462.1846	-606.6459	0.7059987
1754	-462.0438	-606.6456	0.7060298
1754.01	-461.903	-606.6452	0.7060618
1754.02	-461.7621	-606.6448	0.7060948
1754.03	-461.6211	-606.6445	0.7061288
1754.04	-461.4801	-606.6442	0.7061638
1754.05	-461.3391	-606.6438	0.7061995
