682.75	-645.1245	-606.0287	0.7197271
682.76	-644.9975	-606.0331	0.7197533
682.77	-644.8704	-606.0374	0.719776
682.78	-644.7433	-606.0416	0.7197956
682.79	-644.6163	-606.0459	0.7198122
682.8	-644.4891	-606.0502	0.7198259
682.81	-644.362	-606.0546	0.7198368
682.82	-644.2349	-606.0589	0.7198434
682.83	-644.1077	-606.0632	0.7198458
682.84	-643.9805	-606.0676	0.7198443
682.85	-643.8533	-606.0719	0.7198393
682.86	-643.7261	-606.0762	0.7198295
682.87	-643.5988	-606.0806	0.7198155
682.88	-643.4716	-606.0849	0.7197973
682.89	-643.3442	-606.0892	0.7197754
682.9	-643.2169	-606.0936	0.7197497
682.91	-643.0896	-606.0978	0.7197197
682.92	-642.9623	-606.1022	0.7196857
682.93	-642.8349	-606.1065	0.7196478
682.94	-642.7075	-606.1108	0.7196063
682.95	-642.5801	-606.1151	0.7195613
682.96	-642.4526	-606.1194	0.719513
682.97	-642.3252	-606.1237	0.7194616
682.98	-642.1978	-606.1279	0.7194071
682.99	-642.0703	-606.1321	0.7193498
683	-641.9427	-606.1364	0.7192898
683.01	-641.8152	-606.1406	0.7192273
683.02	-641.6877	-606.1449	0.7191623
683.03	-641.5601	-606.149	0.719095
683.04	-641.4326	-606.1533	0.7190256
683.05	-641.3049	-606.1574	0.718954
683.06	-641.1773	-606.1616	0.7188805
683.07	-641.0497	-606.1658	0.7188051
683.08	-640.922	-606.17	0.718728
683.09	-640.7943	-606.1741	0.7186491
683.1	-640.6666	-606.1782	0.7185687
683.11	-640.5389	-606.1823	0.7184868
683.12	-640.4112	-606.1865	0.7184034
683.13	-640.2834	-606.1905	0.7183187
683.14	-640.1556	-606.1945	0.7182326
683.15	-640.0278	-606.1986	0.7181453
683.16	-639.9	-606.2026	0.7180569
683.17	-639.7722	-606.2066	0.7179673
683.18	-639.6443	-606.2106	0.7178767
683.19	-639.5165	-606.2145	0.7177851
683.2	-639.3885	-606.2184	0.7176926
683.21	-639.2606	-606.2224	0.7175991
683.22	-639.1327	-606.2262	0.7175048
683.23	-639.0047	-606.2301	0.7174097
683.24	-638.8767	-606.2339	0.7173137
683.25	-638.7487	-606.2378	0.7172171
683.26	-638.6207	-606.2416	0.7171198
683.27	-638.4926	-606.2454	0.7170218
683.28	-638.3646	-606.2491	0.7169232
683.29	-638.2365	-606.2529	0.716824
683.3	-638.1083	-606.2565	0.7167242
683.31	-637.9802	-606.2603	0.7166238
683.32	-637.8521	-606.2639	0.716523
683.33	-637.7239	-606.2675	0.7164217
683.34	-637.5957	-606.2711	0.7163199
683.35	-637.4675	-606.2746	0.7162176
683.36	-637.3392	-606.2781	0.7161152
683.37	-637.211	-606.2816	0.7160125
683.38	-637.0828	-606.2852	0.7159096
683.39	-636.9545	-606.2886	0.7158065
683.4	-636.8262	-606.292	0.7157032
683.41	-636.6978	-606.2954	0.7155998
683.42	-636.5695	-606.2988	0.7154968
683.43	-636.4411	-606.3021	0.7153945
683.44	-636.3127	-606.3054	0.7152926
683.45	-636.1843	-606.3087	0.7151912
683.46	-636.0558	-606.3119	0.7150912
683.47	-635.9274	-606.3151	0.7149923
683.48	-635.799	-606.3183	0.7148947
683.49	-635.6705	-606.3214	0.7147982
683.5	-635.5419	-606.3246	0.7147025
683.51	-635.4135	-606.3277	0.7146094
683.52	-635.2849	-606.3307	0.7145186
683.53	-635.1564	-606.3339	0.7144297
683.54	-635.0278	-606.3369	0.714343
683.55	-634.8992	-606.3399	0.7142581
683.56	-634.7706	-606.3429	0.714177
683.57	-634.6419	-606.3459	0.7140992
683.58	-634.5132	-606.3488	0.7140248
683.59	-634.3846	-606.3518	0.7139535
683.6	-634.2559	-606.3547	0.7138851
683.61	-634.1271	-606.3576	0.7138209
683.62	-633.9984	-606.3605	0.7137608
683.63	-633.8696	-606.3633	0.7137045
683.64	-633.7408	-606.3662	0.7136518
683.65	-633.6121	-606.369	0.7136024
683.66	-633.4833	-606.3718	0.7135574
683.67	-633.3544	-606.3746	0.7135167
683.68	-633.2256	-606.3774	0.7134798
683.69	-633.0967	-606.3802	0.7134467
683.7	-632.9678	-606.3829	0.7134171
683.71	-632.8389	-606.3857	0.7133918
683.72	-632.71	-606.3884	0.7133707
683.73	-632.581	-606.3912	0.7133536
683.74	-632.452	-606.3939	0.7133402
683.75	-632.323	-606.3966	0.7133302
683.76	-632.194	-606.3993	0.7133241
683.77	-632.065	-606.402	0.7133214
683.78	-631.936	-606.4047	0.7133221
683.79	-631.8069	-606.4073	0.713326
683.8	-631.6778	-606.41	0.7133329
683.81	-631.5486	-606.4128	0.7133427
683.82	-631.4196	-606.4155	0.7133551
683.83	-631.2904	-606.4181	0.7133702
683.84	-631.1613	-606.4207	0.7133876
683.85	-631.032	-606.4233	0.7134075
683.86	-630.9028	-606.426	0.7134295
683.87	-630.7736	-606.4286	0.7134535
683.88	-630.6444	-606.4312	0.7134796
683.89	-630.5151	-606.4339	0.7135075
683.9	-630.3859	-606.4365	0.7135372
683.91	-630.2566	-606.4391	0.7135685
683.92	-630.1273	-606.4418	0.7136015
683.93	-629.9979	-606.4445	0.7136359
683.94	-629.8685	-606.4471	0.7136718
683.95	-629.7391	-606.4497	0.7137091
683.96	-629.6097	-606.4523	0.7137476
683.97	-629.4802	-606.455	0.7137874
683.98	-629.3508	-606.4576	0.7138283
683.99	-629.2213	-606.4603	0.7138703
684	-629.0918	-606.4629	0.7139134
684.01	-628.9623	-606.4656	0.7139574
684.02	-628.8328	-606.4682	0.7140024
684.03	-628.7032	-606.4708	0.7140484
684.04	-628.5736	-606.4736	0.7140951
684.05	-628.444	-606.4763	0.7141427
684.06	-628.3143	-606.4789	0.714191
684.07	-628.1847	-606.4817	0.7142401
684.08	-628.055	-606.4844	0.7142898
684.09	-627.9253	-606.4871	0.7143402
684.1	-627.7956	-606.4898	0.7143912
684.11	-627.6659	-606.4925	0.7144429
684.12	-627.5361	-606.4952	0.7144951
684.13	-627.4064	-606.498	0.7145478
684.14	-627.2766	-606.5008	0.714601
684.15	-627.1467	-606.5035	0.7146548
684.16	-627.0169	-606.5063	0.714709
684.17	-626.887	-606.5091	0.7147636
684.18	-626.7571	-606.5119	0.7148186
684.19	-626.6272	-606.5148	0.714874
684.2	-626.4973	-606.5176	0.7149298
684.21	-626.3673	-606.5204	0.7149859
684.22	-626.2374	-606.5233	0.7150424
684.23	-626.1074	-606.5262	0.7150992
684.24	-625.9774	-606.5291	0.7151563
684.25	-625.8473	-606.532	0.7152137
684.26	-625.7172	-606.5349	0.7152713
684.27	-625.5872	-606.5378	0.7153292
684.28	-625.457	-606.5408	0.7153874
684.29	-625.3269	-606.5438	0.7154458
684.3	-625.1967	-606.5468	0.7155044
684.31	-625.0665	-606.5497	0.7155632
684.32	-624.9363	-606.5528	0.7156222
684.33	-624.8062	-606.5558	0.7156814
684.34	-624.6759	-606.5589	0.7157409
684.35	-624.5457	-606.562	0.7158004
684.36	-624.4154	-606.565	0.7158601
684.37	-624.2851	-606.5681	0.71592
684.38	-624.1548	-606.5712	0.7159801
684.39	-624.0244	-606.5744	0.7160403
684.4	-623.894	-606.5775	0.7161006
684.41	-623.7637	-606.5807	0.716161
684.42	-623.6333	-606.5839	0.7162215
684.43	-623.5029	-606.5871	0.7162822
684.44	-623.3724	-606.5904	0.716343
684.45	-623.2419	-606.5936	0.7164038
684.46	-623.1115	-606.5969	0.7164648
684.47	-622.981	-606.6002	0.7165259
684.48	-622.8504	-606.6035	0.716587
684.49	-622.7198	-606.6069	0.7166483
684.5	-622.5893	-606.6102	0.7167096
684.51	-622.4587	-606.6136	0.716771
684.52	-622.3281	-606.617	0.7168325
684.53	-622.1974	-606.6204	0.716894
684.54	-622.0668	-606.6239	0.7169557
684.55	-621.9361	-606.6273	0.7170173
684.56	-621.8054	-606.6309	0.717079
684.57	-621.6747	-606.6343	0.7171408
684.58	-621.544	-606.6378	0.7172027
684.59	-621.4133	-606.6414	0.7172646
684.6	-621.2825	-606.645	0.7173265
684.61	-621.1517	-606.6486	0.7173883
684.62	-621.0209	-606.6522	0.7174498
684.63	-620.89	-606.6558	0.7175112
684.64	-620.7592	-606.6594	0.7175726
684.65	-620.6282	-606.6631	0.7176337
684.66	-620.4973	-606.6668	0.717694
684.67	-620.3664	-606.6705	0.7177535
684.68	-620.2355	-606.6743	0.7178124
684.69	-620.1045	-606.678	0.7178704
684.7	-619.9735	-606.6817	0.7179278
684.71	-619.8425	-606.6855	0.7179837
684.72	-619.7115	-606.6893	0.718038
684.73	-619.5804	-606.6931	0.718091
684.74	-619.4493	-606.697	0.7181425
684.75	-619.3182	-606.7009	0.7181927
684.76	-619.1871	-606.7047	0.7182403
684.77	-619.056	-606.7086	0.7182854
684.78	-618.9249	-606.7125	0.7183281
684.79	-618.7937	-606.7164	0.7183686
684.8	-618.6625	-606.7204	0.718407
684.81	-618.5313	-606.7243	0.7184412
684.82	-618.4	-606.7282	0.7184716
684.83	-618.2687	-606.7321	0.7184984
684.84	-618.1375	-606.7361	0.7185217
684.85	-618.0062	-606.7401	0.7185417
684.86	-617.8749	-606.7441	0.7185571
684.87	-617.7435	-606.748	0.7185681
684.88	-617.6122	-606.752	0.7185749
684.89	-617.4808	-606.756	0.7185779
684.9	-617.3494	-606.7599	0.7185771
684.91	-617.2179	-606.7639	0.7185727
684.92	-617.0864	-606.7679	0.7185643
684.93	-616.955	-606.7719	0.7185522
684.94	-616.8235	-606.7758	0.7185364
684.95	-616.692	-606.7797	0.7185172
684.96	-616.5604	-606.7837	0.7184947
684.97	-616.4289	-606.7877	0.7184691
684.98	-616.2973	-606.7916	0.7184407
684.99	-616.1657	-606.7956	0.7184093
685	-616.0341	-606.7995	0.7183753
685.01	-615.9024	-606.8035	0.7183387
685.02	-615.7708	-606.8074	0.7182998
685.03	-615.639	-606.8114	0.7182586
685.04	-615.5073	-606.8153	0.7182152
685.05	-615.3756	-606.8193	0.7181698
685.06	-615.2439	-606.8232	0.7181224
685.07	-615.1121	-606.8271	0.7180731
685.08	-614.9803	-606.8311	0.7180222
685.09	-614.8485	-606.8351	0.7179695
685.1	-614.7167	-606.839	0.7179152
685.11	-614.5848	-606.843	0.7178594
685.12	-614.4529	-606.8468	0.7178021
685.13	-614.321	-606.8507	0.7177435
685.14	-614.1891	-606.8546	0.7176836
685.15	-614.0572	-606.8585	0.7176223
685.16	-613.9252	-606.8624	0.7175601
685.17	-613.7933	-606.8662	0.7174966
685.18	-613.6613	-606.8701	0.717432
685.19	-613.5292	-606.874	0.7173665
685.2	-613.3972	-606.8777	0.7173
685.21	-613.2651	-606.8816	0.7172325
685.22	-613.1329	-606.8854	0.7171642
685.23	-613.0008	-606.8892	0.7170951
685.24	-612.8687	-606.8929	0.7170252
685.25	-612.7365	-606.8967	0.7169545
685.26	-612.6043	-606.9005	0.7168831
685.27	-612.4721	-606.9042	0.7168111
685.28	-612.3399	-606.9079	0.7167383
685.29	-612.2076	-606.9116	0.7166651
685.3	-612.0754	-606.9153	0.7165911
685.31	-611.9431	-606.9189	0.7165167
685.32	-611.8108	-606.9225	0.7164416
685.33	-611.6785	-606.9262	0.7163662
685.34	-611.5461	-606.9298	0.7162901
685.35	-611.4137	-606.9334	0.7162137
685.36	-611.2813	-606.937	0.7161368
685.37	-611.1489	-606.9406	0.7160595
685.38	-611.0165	-606.944	0.7159818
685.39	-610.884	-606.9476	0.7159038
685.4	-610.7515	-606.951	0.7158253
685.41	-610.619	-606.9545	0.7157466
685.42	-610.4865	-606.9579	0.7156675
685.43	-610.3539	-606.9614	0.7155882
685.44	-610.2214	-606.9647	0.7155085
685.45	-610.0887	-606.9681	0.7154285
685.46	-609.9561	-606.9714	0.7153483
685.47	-609.8235	-606.9747	0.7152678
685.48	-609.6909	-606.9781	0.7151871
685.49	-609.5582	-606.9813	0.7151061
685.5	-609.4255	-606.9846	0.7150249
685.51	-609.2928	-606.9878	0.7149436
685.52	-609.16	-606.991	0.714862
685.53	-609.0273	-606.9942	0.7147802
685.54	-608.8945	-606.9974	0.7146983
685.55	-608.7617	-607.0005	0.7146161
685.56	-608.6288	-607.0036	0.7145338
685.57	-608.496	-607.0067	0.7144513
685.58	-608.3632	-607.0096	0.7143687
685.59	-608.2303	-607.0127	0.7142859
685.6	-608.0974	-607.0157	0.714203
685.61	-607.9644	-607.0187	0.7141199
685.62	-607.8315	-607.0216	0.7140368
685.63	-607.6985	-607.0245	0.7139534
685.64	-607.5655	-607.0274	0.71387
685.65	-607.4324	-607.0303	0.7137865
685.66	-607.2994	-607.0331	0.7137029
685.67	-607.1664	-607.0358	0.7136192
685.68	-607.0333	-607.0386	0.7135354
685.69	-606.9002	-607.0414	0.7134517
685.7	-606.7671	-607.0441	0.7133678
685.71	-606.634	-607.0468	0.713284
685.72	-606.5008	-607.0495	0.7132003
685.73	-606.3676	-607.0521	0.7131165
685.74	-606.2344	-607.0547	0.7130329
685.75	-606.1011	-607.0573	0.7129492
685.76	-605.9679	-607.0598	0.7128658
685.77	-605.8347	-607.0624	0.7127827
685.78	-605.7014	-607.0648	0.7126998
685.79	-605.5681	-607.0673	0.7126172
685.8	-605.4347	-607.0697	0.7125346
685.81	-605.3013	-607.0721	0.7124524
685.82	-605.168	-607.0745	0.7123705
685.83	-605.0345	-607.0768	0.7122887
685.84	-604.9011	-607.0791	0.7122071
685.85	-604.7676	-607.0814	0.7121258
685.86	-604.6342	-607.0837	0.7120446
685.87	-604.5007	-607.0859	0.7119636
685.88	-604.3672	-607.0881	0.7118828
685.89	-604.2337	-607.0903	0.7118021
685.9	-604.1002	-607.0925	0.7117216
685.91	-603.9666	-607.0945	0.7116412
685.92	-603.8329	-607.0967	0.711561
685.93	-603.6993	-607.0987	0.7114809
685.94	-603.5657	-607.1008	0.7114009
685.95	-603.432	-607.1027	0.7113209
685.96	-603.2983	-607.1047	0.7112412
685.97	-603.1647	-607.1066	0.7111614
685.98	-603.0309	-607.1085	0.7110819
685.99	-602.8972	-607.1104	0.7110023
686	-602.7634	-607.1122	0.7109228
686.01	-602.6296	-607.1141	0.7108435
686.02	-602.4958	-607.1158	0.7107642
686.03	-602.3621	-607.1176	0.710685
686.04	-602.2282	-607.1193	0.7106057
686.05	-602.0944	-607.121	0.7105266
686.06	-601.9605	-607.1227	0.7104476
686.07	-601.8266	-607.1243	0.7103688
686.08	-601.6927	-607.1259	0.71029
686.09	-601.5587	-607.1275	0.7102113
686.1	-601.4247	-607.129	0.7101327
686.11	-601.2908	-607.1306	0.7100548
686.12	-601.1568	-607.132	0.7099773
686.13	-601.0228	-607.1335	0.7099005
686.14	-600.8887	-607.1349	0.7098241
686.15	-600.7546	-607.1364	0.7097483
686.16	-600.6205	-607.1378	0.7096742
686.17	-600.4865	-607.1392	0.7096016
686.18	-600.3523	-607.1404	0.7095306
686.19	-600.2181	-607.1418	0.709461
686.2	-600.084	-607.1431	0.7093928
686.21	-599.9498	-607.1443	0.7093276
686.22	-599.8156	-607.1456	0.7092651
686.23	-599.6814	-607.1469	0.7092052
686.24	-599.5471	-607.1481	0.7091478
686.25	-599.4128	-607.1492	0.7090928
686.26	-599.2785	-607.1505	0.70904
686.27	-599.1442	-607.1516	0.708991
686.28	-599.0098	-607.1527	0.7089453
686.29	-598.8755	-607.1539	0.7089031
686.3	-598.7411	-607.155	0.7088641
686.31	-598.6067	-607.156	0.7088286
686.32	-598.4723	-607.1571	0.7087964
686.33	-598.3378	-607.1582	0.7087677
686.34	-598.2034	-607.1593	0.708742
686.35	-598.0688	-607.1603	0.7087192
686.36	-597.9343	-607.1614	0.7086992
686.37	-597.7998	-607.1624	0.7086819
686.38	-597.6653	-607.1634	0.7086675
686.39	-597.5307	-607.1644	0.7086555
686.4	-597.3961	-607.1653	0.7086459
686.41	-597.2615	-607.1663	0.7086387
686.42	-597.1269	-607.1673	0.7086336
686.43	-596.9922	-607.1683	0.7086306
686.44	-596.8576	-607.1693	0.7086295
686.45	-596.7229	-607.1702	0.7086304
686.46	-596.5882	-607.1711	0.708633
686.47	-596.4535	-607.172	0.7086372
686.48	-596.3187	-607.1729	0.7086431
686.49	-596.184	-607.1738	0.7086505
686.5	-596.0492	-607.1747	0.7086594
686.51	-595.9144	-607.1757	0.7086695
686.52	-595.7796	-607.1765	0.708681
686.53	-595.6448	-607.1774	0.7086937
686.54	-595.5099	-607.1783	0.7087076
686.55	-595.3751	-607.1791	0.7087226
686.56	-595.2402	-607.18	0.7087387
686.57	-595.1053	-607.1808	0.7087557
686.58	-594.9704	-607.1817	0.7087737
686.59	-594.8355	-607.1826	0.7087926
686.6	-594.7006	-607.1834	0.7088124
686.61	-594.5656	-607.1843	0.7088329
686.62	-594.4307	-607.1852	0.708854
686.63	-594.2957	-607.186	0.7088757
686.64	-594.1607	-607.1869	0.7088979
686.65	-594.0257	-607.1877	0.7089208
686.66	-593.8907	-607.1886	0.7089437
686.67	-593.7557	-607.1895	0.7089667
686.68	-593.6207	-607.1904	0.7089899
686.69	-593.4857	-607.1912	0.7090131
686.7	-593.3506	-607.1921	0.7090364
686.71	-593.2156	-607.1929	0.7090588
686.72	-593.0805	-607.1937	0.7090805
686.73	-592.9454	-607.1945	0.7091014
686.74	-592.8104	-607.1953	0.7091216
686.75	-592.6753	-607.1961	0.7091411
686.76	-592.5402	-607.1969	0.709159
686.77	-592.4052	-607.1977	0.7091751
686.78	-592.27	-607.1985	0.7091897
686.79	-592.1349	-607.1993	0.7092029
686.8	-591.9998	-607.2001	0.7092146
686.81	-591.8646	-607.2009	0.7092239
686.82	-591.7295	-607.2017	0.7092307
686.83	-591.5944	-607.2025	0.7092353
686.84	-591.4592	-607.2032	0.7092378
686.85	-591.324	-607.204	0.7092382
686.86	-591.1888	-607.2048	0.7092368
686.87	-591.0536	-607.2056	0.7092327
686.88	-590.9184	-607.2064	0.7092261
686.89	-590.7831	-607.2071	0.7092171
686.9	-590.6479	-607.2078	0.709206
686.91	-590.5126	-607.2086	0.7091927
686.92	-590.3774	-607.2093	0.7091773
686.93	-590.2421	-607.21	0.70916
686.94	-590.1069	-607.2108	0.7091407
686.95	-589.9716	-607.2114	0.7091196
686.96	-589.8362	-607.2122	0.7090969
686.97	-589.7009	-607.2129	0.7090726
686.98	-589.5656	-607.2136	0.7090468
686.99	-589.4303	-607.2143	0.7090196
687	-589.2949	-607.215	0.7089909
687.01	-589.1596	-607.2156	0.7089609
687.02	-589.0242	-607.2162	0.7089296
687.03	-588.8889	-607.2169	0.7088972
687.04	-588.7535	-607.2176	0.7088637
687.05	-588.618	-607.2182	0.708829
687.06	-588.4826	-607.2189	0.7087934
687.07	-588.3472	-607.2195	0.7087567
687.08	-588.2117	-607.2201	0.7087193
687.09	-588.0763	-607.2206	0.7086808
687.1	-587.9408	-607.2213	0.7086415
687.11	-587.8054	-607.2219	0.7086015
687.12	-587.6699	-607.2225	0.7085606
687.13	-587.5344	-607.223	0.7085191
687.14	-587.3989	-607.2236	0.7084769
687.15	-587.2634	-607.2241	0.7084341
687.16	-587.1279	-607.2247	0.7083906
687.17	-586.9923	-607.2252	0.7083465
687.18	-586.8568	-607.2257	0.7083018
687.19	-586.7212	-607.2263	0.7082567
687.2	-586.5856	-607.2267	0.708211
687.21	-586.4501	-607.2272	0.7081648
687.22	-586.3145	-607.2277	0.7081182
687.23	-586.1789	-607.2281	0.7080711
687.24	-586.0433	-607.2286	0.7080237
687.25	-585.9077	-607.229	0.7079758
687.26	-585.772	-607.2294	0.7079275
687.27	-585.6364	-607.2298	0.7078789
687.28	-585.5007	-607.2302	0.70783
687.29	-585.3651	-607.2306	0.7077807
687.3	-585.2294	-607.231	0.707731
687.31	-585.0937	-607.2313	0.7076812
687.32	-584.958	-607.2316	0.7076311
687.33	-584.8223	-607.232	0.7075806
687.34	-584.6866	-607.2323	0.7075301
687.35	-584.5508	-607.2325	0.7074791
687.36	-584.4152	-607.2328	0.707428
687.37	-584.2794	-607.2332	0.7073767
687.38	-584.1437	-607.2333	0.7073252
687.39	-584.0079	-607.2336	0.7072734
687.4	-583.8722	-607.2338	0.7072214
687.41	-583.7365	-607.234	0.7071693
687.42	-583.6007	-607.2342	0.7071171
687.43	-583.4649	-607.2344	0.7070647
687.44	-583.3291	-607.2345	0.7070121
687.45	-583.1933	-607.2347	0.7069593
687.46	-583.0575	-607.2348	0.7069065
687.47	-582.9217	-607.2349	0.7068534
687.48	-582.7859	-607.235	0.7068003
687.49	-582.6501	-607.235	0.7067471
687.5	-582.5142	-607.235	0.7066936
687.51	-582.3784	-607.2351	0.7066402
687.52	-582.2426	-607.2352	0.7065866
687.53	-582.1067	-607.2351	0.7065329
687.54	-581.9708	-607.2351	0.7064791
687.55	-581.835	-607.235	0.7064252
687.56	-581.6991	-607.235	0.7063712
687.57	-581.5632	-607.2349	0.7063172
687.58	-581.4274	-607.2348	0.7062632
687.59	-581.2915	-607.2347	0.706209
687.6	-581.1556	-607.2346	0.7061548
687.61	-581.0198	-607.2344	0.7061006
687.62	-580.8839	-607.2343	0.7060464
687.63	-580.7481	-607.2341	0.705992
687.64	-580.6123	-607.2339	0.7059377
687.65	-580.4765	-607.2337	0.7058833
687.66	-580.3407	-607.2335	0.7058289
687.67	-580.2049	-607.2332	0.7057745
687.68	-580.0691	-607.2329	0.7057201
687.69	-579.9333	-607.2325	0.7056656
687.7	-579.7975	-607.2322	0.7056111
687.71	-579.6617	-607.2319	0.7055566
687.72	-579.526	-607.2315	0.705502
687.73	-579.3903	-607.2311	0.7054474
687.74	-579.2545	-607.2308	0.7053927
687.75	-579.1188	-607.2303	0.7053381
687.76	-578.983	-607.2299	0.7052834
687.77	-578.8473	-607.2295	0.7052286
687.78	-578.7115	-607.229	0.7051739
687.79	-578.5758	-607.2285	0.7051191
687.8	-578.4401	-607.228	0.7050642
687.81	-578.3043	-607.2275	0.7050095
687.82	-578.1686	-607.2269	0.7049546
687.83	-578.033	-607.2263	0.7048997
687.84	-577.8972	-607.2258	0.7048448
687.85	-577.7615	-607.2252	0.7047899
687.86	-577.6257	-607.2245	0.7047349
687.87	-577.4901	-607.2239	0.7046799
687.88	-577.3544	-607.2232	0.704625
687.89	-577.2187	-607.2225	0.7045699
687.9	-577.083	-607.2218	0.7045149
687.91	-576.9473	-607.221	0.7044598
687.92	-576.8116	-607.2203	0.7044048
687.93	-576.676	-607.2195	0.7043497
687.94	-576.5403	-607.2187	0.7042946
687.95	-576.4046	-607.2179	0.7042395
687.96	-576.2689	-607.2171	0.7041844
687.97	-576.1332	-607.2162	0.7041293
687.98	-575.9976	-607.2153	0.7040741
687.99	-575.8619	-607.2145	0.704019
688	-575.7262	-607.2135	0.7039638
688.01	-575.5905	-607.2126	0.7039087
688.02	-575.4548	-607.2116	0.7038535
688.03	-575.3192	-607.2106	0.7037984
688.04	-575.1835	-607.2097	0.7037431
688.05	-575.0478	-607.2086	0.7036879
688.06	-574.9122	-607.2076	0.7036329
688.07	-574.7766	-607.2065	0.703578
688.08	-574.6409	-607.2054	0.7035233
688.09	-574.5053	-607.2043	0.7034688
688.1	-574.3696	-607.2032	0.7034144
688.11	-574.2339	-607.2021	0.70336
688.12	-574.0983	-607.2009	0.7033067
688.13	-573.9627	-607.1998	0.7032543
688.14	-573.8271	-607.1985	0.7032028
688.15	-573.6915	-607.1973	0.703152
688.16	-573.5558	-607.1961	0.7031029
688.17	-573.4202	-607.1948	0.7030553
688.18	-573.2846	-607.1936	0.7030093
688.19	-573.149	-607.1923	0.7029646
688.2	-573.0134	-607.191	0.7029213
688.21	-572.8777	-607.1897	0.7028799
688.22	-572.7421	-607.1884	0.7028404
688.23	-572.6065	-607.1871	0.7028027
688.24	-572.4709	-607.1857	0.7027667
688.25	-572.3352	-607.1843	0.7027323
688.26	-572.1996	-607.183	0.7026999
688.27	-572.064	-607.1816	0.7026693
688.28	-571.9283	-607.1801	0.7026405
688.29	-571.7927	-607.1787	0.7026134
688.3	-571.657	-607.1773	0.702588
688.31	-571.5213	-607.1759	0.702564
688.32	-571.3857	-607.1744	0.7025415
688.33	-571.25	-607.173	0.7025207
688.34	-571.1143	-607.1715	0.7025012
688.35	-570.9786	-607.17	0.7024831
688.36	-570.843	-607.1685	0.7024664
688.37	-570.7073	-607.1671	0.7024509
688.38	-570.5716	-607.1655	0.7024365
688.39	-570.4359	-607.164	0.7024233
688.4	-570.3002	-607.1625	0.7024111
688.41	-570.1646	-607.1609	0.7023998
688.42	-570.0289	-607.1594	0.7023897
688.43	-569.8932	-607.1579	0.7023803
688.44	-569.7575	-607.1563	0.7023719
688.45	-569.6218	-607.1547	0.7023642
688.46	-569.4861	-607.1531	0.7023574
688.47	-569.3505	-607.1516	0.7023512
688.48	-569.2148	-607.15	0.7023458
688.49	-569.079	-607.1483	0.702341
688.5	-568.9433	-607.1467	0.702337
688.51	-568.8076	-607.1451	0.7023335
688.52	-568.6719	-607.1434	0.7023305
688.53	-568.5361	-607.1418	0.7023281
688.54	-568.4004	-607.1401	0.7023262
688.55	-568.2646	-607.1385	0.7023249
688.56	-568.1289	-607.1368	0.702324
688.57	-567.9932	-607.1352	0.7023235
688.58	-567.8574	-607.1335	0.7023235
688.59	-567.7217	-607.1319	0.7023239
688.6	-567.5859	-607.1302	0.7023246
688.61	-567.4501	-607.1285	0.7023257
688.62	-567.3144	-607.1268	0.7023271
688.63	-567.1786	-607.1251	0.7023289
688.64	-567.0428	-607.1234	0.702331
688.65	-566.907	-607.1216	0.7023334
688.66	-566.7712	-607.1199	0.7023361
688.67	-566.6354	-607.1182	0.702339
688.68	-566.4996	-607.1166	0.7023422
688.69	-566.3638	-607.1149	0.7023457
688.7	-566.228	-607.1132	0.7023493
688.71	-566.0922	-607.1115	0.7023532
688.72	-565.9564	-607.1097	0.7023573
688.73	-565.8206	-607.108	0.7023616
688.74	-565.6847	-607.1063	0.7023661
688.75	-565.5488	-607.1046	0.7023708
688.76	-565.413	-607.1029	0.7023756
688.77	-565.2772	-607.1011	0.7023806
688.78	-565.1413	-607.0994	0.7023857
688.79	-565.0054	-607.0976	0.702391
688.8	-564.8696	-607.0958	0.7023965
688.81	-564.7337	-607.0941	0.7024021
688.82	-564.5978	-607.0923	0.7024078
688.83	-564.462	-607.0905	0.7024136
688.84	-564.326	-607.0887	0.7024195
688.85	-564.1901	-607.087	0.7024255
688.86	-564.0542	-607.0852	0.7024317
688.87	-563.9183	-607.0834	0.7024379
688.88	-563.7823	-607.0817	0.7024443
688.89	-563.6464	-607.0799	0.7024506
688.9	-563.5105	-607.0781	0.7024571
688.91	-563.3746	-607.0764	0.7024637
688.92	-563.2386	-607.0746	0.7024704
688.93	-563.1027	-607.0728	0.7024772
688.94	-562.9667	-607.071	0.702484
688.95	-562.8307	-607.0693	0.7024909
688.96	-562.6948	-607.0676	0.7024978
688.97	-562.5588	-607.0658	0.7025048
688.98	-562.4228	-607.064	0.7025118
688.99	-562.2868	-607.0623	0.7025189
689	-562.1508	-607.0605	0.7025261
689.01	-562.0148	-607.0587	0.7025333
689.02	-561.8787	-607.0569	0.7025405
689.03	-561.7427	-607.0552	0.7025478
689.04	-561.6066	-607.0534	0.7025552
689.05	-561.4706	-607.0516	0.7025626
689.06	-561.3345	-607.0499	0.7025699
689.07	-561.1985	-607.0481	0.7025773
689.08	-561.0624	-607.0463	0.7025847
689.09	-560.9263	-607.0446	0.7025921
689.1	-560.7902	-607.0428	0.7025995
689.11	-560.6541	-607.0411	0.7026069
689.12	-560.5179	-607.0394	0.7026144
689.13	-560.3818	-607.0377	0.7026218
689.14	-560.2457	-607.0359	0.7026292
689.15	-560.1095	-607.0342	0.7026367
689.16	-559.9734	-607.0325	0.7026441
689.17	-559.8372	-607.0309	0.7026515
689.18	-559.701	-607.0292	0.702659
689.19	-559.5649	-607.0275	0.7026665
689.2	-559.4286	-607.0258	0.702674
689.21	-559.2925	-607.024	0.7026814
689.22	-559.1563	-607.0223	0.7026888
689.23	-559.02	-607.0206	0.7026961
689.24	-558.8838	-607.0189	0.7027034
689.25	-558.7476	-607.0172	0.7027106
689.26	-558.6113	-607.0155	0.7027175
689.27	-558.4751	-607.0138	0.702724
689.28	-558.3389	-607.0121	0.7027303
689.29	-558.2026	-607.0104	0.7027363
689.3	-558.0663	-607.0087	0.702742
689.31	-557.93	-607.007	0.7027469
689.32	-557.7937	-607.0052	0.7027508
689.33	-557.6574	-607.0035	0.7027539
689.34	-557.5211	-607.0018	0.7027563
689.35	-557.3848	-607.0001	0.702758
689.36	-557.2485	-606.9984	0.7027578
689.37	-557.1122	-606.9967	0.7027559
689.38	-556.976	-606.995	0.7027523
689.39	-556.8397	-606.9933	0.7027471
689.4	-556.7034	-606.9916	0.7027404
689.41	-556.5671	-606.9899	0.7027314
689.42	-556.4309	-606.9882	0.70272
689.43	-556.2947	-606.9864	0.7027066
689.44	-556.1584	-606.9846	0.7026911
689.45	-556.0222	-606.9828	0.7026737
689.46	-555.886	-606.9811	0.7026541
689.47	-555.7498	-606.9792	0.7026322
689.48	-555.6135	-606.9775	0.7026084
689.49	-555.4773	-606.9757	0.7025827
689.5	-555.3411	-606.9739	0.702555
689.51	-555.2049	-606.9722	0.7025256
689.52	-555.0687	-606.9703	0.7024944
689.53	-554.9326	-606.9684	0.7024618
689.54	-554.7964	-606.9666	0.7024276
689.55	-554.6602	-606.9648	0.702392
689.56	-554.5241	-606.963	0.702355
689.57	-554.388	-606.9611	0.7023166
689.58	-554.2519	-606.9592	0.7022771
689.59	-554.1158	-606.9574	0.7022363
689.6	-553.9797	-606.9555	0.7021943
689.61	-553.8436	-606.9536	0.7021514
689.62	-553.7075	-606.9517	0.7021074
689.63	-553.5714	-606.9498	0.7020625
689.64	-553.4354	-606.9478	0.7020166
689.65	-553.2993	-606.9459	0.7019699
689.66	-553.1633	-606.944	0.7019224
689.67	-553.0272	-606.942	0.701874
689.68	-552.8912	-606.94	0.701825
689.69	-552.7552	-606.938	0.7017752
689.7	-552.6192	-606.936	0.7017247
689.71	-552.4832	-606.934	0.7016736
689.72	-552.3472	-606.932	0.7016218
689.73	-552.2113	-606.9299	0.7015696
689.74	-552.0754	-606.9279	0.7015167
689.75	-551.9395	-606.9259	0.7014633
689.76	-551.8035	-606.9238	0.7014094
689.77	-551.6676	-606.9217	0.7013551
689.78	-551.5317	-606.9196	0.7013003
689.79	-551.3959	-606.9175	0.701245
689.8	-551.26	-606.9153	0.7011894
689.81	-551.1241	-606.9132	0.7011335
689.82	-550.9883	-606.911	0.7010776
689.83	-550.8525	-606.9089	0.7010216
689.84	-550.7167	-606.9066	0.7009653
689.85	-550.5809	-606.9044	0.7009091
689.86	-550.4452	-606.9022	0.7008537
689.87	-550.3094	-606.9	0.7007992
689.88	-550.1737	-606.8978	0.7007454
689.89	-550.038	-606.8955	0.7006924
689.9	-549.9022	-606.8932	0.7006402
689.91	-549.7665	-606.8909	0.7005902
689.92	-549.6309	-606.8887	0.7005423
689.93	-549.4952	-606.8864	0.7004963
689.94	-549.3595	-606.884	0.7004521
689.95	-549.2238	-606.8817	0.7004098
689.96	-549.0882	-606.8794	0.7003706
689.97	-548.9526	-606.877	0.7003342
689.98	-548.817	-606.8747	0.7003006
689.99	-548.6813	-606.8724	0.7002696
690	-548.5457	-606.8701	0.7002411
690.01	-548.4102	-606.8677	0.7002164
690.02	-548.2746	-606.8652	0.7001953
690.03	-548.139	-606.8629	0.7001774
690.04	-548.0035	-606.8605	0.7001628
690.05	-547.8679	-606.8581	0.7001512
690.06	-547.7324	-606.8557	0.7001438
690.07	-547.5969	-606.8533	0.7001403
690.08	-547.4614	-606.851	0.7001406
690.09	-547.3259	-606.8486	0.7001444
690.1	-547.1904	-606.8462	0.7001516
690.11	-547.0549	-606.8438	0.7001619
690.12	-546.9194	-606.8414	0.7001767
690.13	-546.7839	-606.8391	0.7001956
690.14	-546.6484	-606.8367	0.7002184
690.15	-546.513	-606.8344	0.700245
690.16	-546.3776	-606.832	0.7002758
690.17	-546.2421	-606.8296	0.7003106
690.18	-546.1067	-606.8273	0.7003493
690.19	-545.9713	-606.825	0.7003917
690.2	-545.8358	-606.8227	0.7004374
690.21	-545.7004	-606.8204	0.7004871
690.22	-545.5651	-606.8181	0.7005405
690.23	-545.4297	-606.8158	0.7005975
690.24	-545.2943	-606.8135	0.7006578
690.25	-545.1589	-606.8113	0.7007214
690.26	-545.0236	-606.809	0.7007884
690.27	-544.8883	-606.8068	0.7008588
690.28	-544.753	-606.8046	0.7009324
690.29	-544.6177	-606.8024	0.701009
690.3	-544.4824	-606.8002	0.7010885
690.31	-544.347	-606.7981	0.701171
690.32	-544.2117	-606.7959	0.7012562
690.33	-544.0764	-606.7938	0.7013441
690.34	-543.9411	-606.7917	0.7014344
690.35	-543.8058	-606.7896	0.7015273
690.36	-543.6705	-606.7876	0.7016224
690.37	-543.5352	-606.7855	0.7017196
690.38	-543.4	-606.7835	0.7018189
690.39	-543.2647	-606.7816	0.7019202
690.4	-543.1295	-606.7795	0.7020233
690.41	-542.9942	-606.7776	0.7021282
690.42	-542.8589	-606.7757	0.7022347
690.43	-542.7237	-606.7737	0.7023429
690.44	-542.5885	-606.7719	0.7024525
690.45	-542.4533	-606.7701	0.7025636
690.46	-542.3181	-606.7682	0.7026761
690.47	-542.1829	-606.7664	0.7027898
690.48	-542.0477	-606.7646	0.7029048
690.49	-541.9125	-606.7629	0.703021
690.5	-541.7773	-606.7612	0.7031382
690.51	-541.6422	-606.7596	0.7032565
690.52	-541.5071	-606.7579	0.7033759
690.53	-541.3719	-606.7563	0.7034962
690.54	-541.2368	-606.7547	0.7036175
690.55	-541.1017	-606.7532	0.7037394
690.56	-540.9666	-606.7516	0.7038623
690.57	-540.8314	-606.7501	0.7039859
690.58	-540.6963	-606.7487	0.7041103
690.59	-540.5612	-606.7473	0.7042353
690.6	-540.426	-606.7459	0.704361
690.61	-540.291	-606.7446	0.7044873
690.62	-540.1559	-606.7432	0.7046141
690.63	-540.0208	-606.7419	0.7047416
690.64	-539.8857	-606.7407	0.7048695
690.65	-539.7507	-606.7396	0.704998
690.66	-539.6156	-606.7384	0.7051269
690.67	-539.4805	-606.7373	0.7052563
690.68	-539.3455	-606.7363	0.7053861
690.69	-539.2104	-606.7352	0.7055163
690.7	-539.0753	-606.7342	0.7056468
690.71	-538.9402	-606.7333	0.7057778
690.72	-538.8052	-606.7324	0.7059091
690.73	-538.6701	-606.7315	0.7060406
690.74	-538.535	-606.7307	0.7061726
690.75	-538.4	-606.7299	0.7063047
690.76	-538.265	-606.7292	0.7064372
690.77	-538.1299	-606.7285	0.7065699
690.78	-537.9949	-606.7278	0.7067027
690.79	-537.8599	-606.7272	0.7068359
690.8	-537.7249	-606.7266	0.7069692
690.81	-537.5899	-606.7261	0.7071027
690.82	-537.4549	-606.7256	0.7072365
690.83	-537.3199	-606.7252	0.7073705
690.84	-537.1849	-606.7249	0.7075045
690.85	-537.0499	-606.7245	0.7076387
690.86	-536.9149	-606.7242	0.7077731
690.87	-536.7798	-606.7239	0.7079076
690.88	-536.6448	-606.7238	0.7080423
690.89	-536.5098	-606.7236	0.708177
690.9	-536.3748	-606.7235	0.7083119
690.91	-536.2399	-606.7234	0.7084469
690.92	-536.1049	-606.7234	0.708582
690.93	-535.97	-606.7235	0.7087172
690.94	-535.835	-606.7236	0.7088524
690.95	-535.7001	-606.7236	0.7089878
690.96	-535.5651	-606.7238	0.7091231
690.97	-535.4302	-606.7241	0.7092586
690.98	-535.2952	-606.7244	0.7093942
690.99	-535.1603	-606.7247	0.7095298
691	-535.0253	-606.725	0.7096655
691.01	-534.8904	-606.7255	0.7098013
691.02	-534.7556	-606.726	0.7099372
691.03	-534.6206	-606.7265	0.7100731
691.04	-534.4857	-606.7271	0.710209
691.05	-534.3507	-606.7277	0.710345
691.06	-534.2158	-606.7283	0.710481
691.07	-534.0809	-606.729	0.710617
691.08	-533.946	-606.7298	0.7107531
691.09	-533.8112	-606.7306	0.7108892
691.1	-533.6763	-606.7314	0.7110254
691.11	-533.5414	-606.7324	0.7111616
691.12	-533.4065	-606.7333	0.7112973
691.13	-533.2716	-606.7344	0.7114326
691.14	-533.1367	-606.7354	0.7115677
691.15	-533.0018	-606.7365	0.7117023
691.16	-532.867	-606.7376	0.7118353
691.17	-532.7322	-606.7388	0.7119668
691.18	-532.5974	-606.7401	0.7120967
691.19	-532.4625	-606.7414	0.7122253
691.2	-532.3277	-606.7427	0.7123526
691.21	-532.1929	-606.7441	0.7124763
691.22	-532.058	-606.7455	0.7125967
691.23	-531.9232	-606.7469	0.7127139
691.24	-531.7884	-606.7485	0.7128281
691.25	-531.6536	-606.75	0.7129394
691.26	-531.5187	-606.7516	0.713046
691.27	-531.3839	-606.7532	0.7131479
691.28	-531.2491	-606.7548	0.7132456
691.29	-531.1143	-606.7565	0.7133393
691.3	-530.9794	-606.7582	0.713429
691.31	-530.8447	-606.7599	0.7135136
691.32	-530.7099	-606.7617	0.7135935
691.33	-530.5751	-606.7635	0.7136688
691.34	-530.4404	-606.7653	0.7137399
691.35	-530.3056	-606.7672	0.7138068
691.36	-530.1708	-606.769	0.7138699
691.37	-530.0361	-606.7709	0.7139288
691.38	-529.9013	-606.7728	0.7139838
691.39	-529.7665	-606.7748	0.7140351
691.4	-529.6318	-606.7767	0.7140829
691.41	-529.4971	-606.7788	0.7141273
691.42	-529.3623	-606.7808	0.7141685
691.43	-529.2275	-606.7828	0.7142069
691.44	-529.0928	-606.785	0.7142423
691.45	-528.958	-606.787	0.7142749
691.46	-528.8232	-606.7892	0.7143051
691.47	-528.6885	-606.7913	0.7143328
691.48	-528.5538	-606.7935	0.7143583
691.49	-528.4191	-606.7957	0.7143816
691.5	-528.2844	-606.798	0.7144027
691.51	-528.1497	-606.8002	0.714422
691.52	-528.015	-606.8025	0.7144393
691.53	-527.8803	-606.8047	0.7144549
691.54	-527.7456	-606.8071	0.7144689
691.55	-527.6109	-606.8094	0.7144812
691.56	-527.4762	-606.8117	0.714492
691.57	-527.3416	-606.8141	0.7145014
691.58	-527.2069	-606.8165	0.7145095
691.59	-527.0722	-606.8188	0.7145162
691.6	-526.9375	-606.8212	0.7145218
691.61	-526.8029	-606.8237	0.7145261
691.62	-526.6682	-606.8261	0.7145294
691.63	-526.5336	-606.8286	0.7145316
691.64	-526.3989	-606.8311	0.7145329
691.65	-526.2643	-606.8336	0.7145332
691.66	-526.1296	-606.8361	0.7145325
691.67	-525.995	-606.8385	0.714531
691.68	-525.8604	-606.841	0.7145287
691.69	-525.7257	-606.8435	0.7145256
691.7	-525.5911	-606.8461	0.7145218
691.71	-525.4564	-606.8486	0.7145172
691.72	-525.3218	-606.8512	0.7145119
691.73	-525.1871	-606.8538	0.7145061
691.74	-525.0525	-606.8563	0.7144997
691.75	-524.9178	-606.8589	0.7144926
691.76	-524.7832	-606.8615	0.714485
691.77	-524.6486	-606.8641	0.714477
691.78	-524.5139	-606.8667	0.7144684
691.79	-524.3793	-606.8693	0.7144594
691.8	-524.2446	-606.8719	0.7144498
691.81	-524.11	-606.8746	0.71444
691.82	-523.9755	-606.8772	0.7144296
691.83	-523.8408	-606.8798	0.7144189
691.84	-523.7062	-606.8824	0.7144079
691.85	-523.5715	-606.8851	0.7143965
691.86	-523.437	-606.8877	0.7143848
691.87	-523.3024	-606.8903	0.7143727
691.88	-523.1678	-606.8929	0.7143604
691.89	-523.0332	-606.8956	0.7143477
691.9	-522.8986	-606.8983	0.7143348
691.91	-522.764	-606.9009	0.7143217
691.92	-522.6294	-606.9036	0.7143083
691.93	-522.4948	-606.9063	0.7142946
691.94	-522.3602	-606.909	0.7142808
691.95	-522.2256	-606.9117	0.7142667
691.96	-522.0911	-606.9144	0.7142525
691.97	-521.9565	-606.9171	0.714238
691.98	-521.8219	-606.9197	0.7142235
691.99	-521.6873	-606.9224	0.7142087
692	-521.5527	-606.925	0.7141938
692.01	-521.4182	-606.9277	0.7141786
692.02	-521.2836	-606.9304	0.7141634
692.03	-521.149	-606.9331	0.714148
692.04	-521.0144	-606.9358	0.7141324
692.05	-520.8798	-606.9385	0.7141168
692.06	-520.7452	-606.9412	0.714101
692.07	-520.6107	-606.9438	0.714085
692.08	-520.4761	-606.9465	0.7140691
692.09	-520.3415	-606.9491	0.714053
692.1	-520.2069	-606.9517	0.7140368
692.11	-520.0724	-606.9543	0.7140204
692.12	-519.9378	-606.957	0.714004
692.13	-519.8032	-606.9596	0.7139874
692.14	-519.6686	-606.9622	0.7139709
692.15	-519.5341	-606.9648	0.7139542
692.16	-519.3995	-606.9675	0.7139375
692.17	-519.265	-606.97	0.7139207
692.18	-519.1304	-606.9727	0.7139038
692.19	-518.9958	-606.9753	0.7138869
692.2	-518.8613	-606.9779	0.7138698
692.21	-518.7267	-606.9805	0.7138528
692.22	-518.5922	-606.9832	0.7138357
692.23	-518.4576	-606.9858	0.7138185
692.24	-518.3231	-606.9884	0.7138013
692.25	-518.1885	-606.991	0.713784
692.26	-518.054	-606.9935	0.7137667
692.27	-517.9195	-606.9961	0.7137493
692.28	-517.785	-606.9987	0.7137319
692.29	-517.6505	-607.0012	0.7137144
692.3	-517.5159	-607.0038	0.713697
692.31	-517.3814	-607.0063	0.7136794
692.32	-517.2469	-607.0089	0.7136618
692.33	-517.1124	-607.0115	0.7136443
692.34	-516.9778	-607.014	0.7136266
692.35	-516.8433	-607.0165	0.713609
692.36	-516.7088	-607.0191	0.7135912
692.37	-516.5743	-607.0217	0.7135735
692.38	-516.4398	-607.0242	0.7135558
692.39	-516.3052	-607.0267	0.7135381
692.4	-516.1707	-607.0292	0.7135203
692.41	-516.0362	-607.0317	0.7135025
692.42	-515.9017	-607.0342	0.7134846
692.43	-515.7672	-607.0367	0.7134667
692.44	-515.6326	-607.0392	0.7134488
692.45	-515.4981	-607.0417	0.7134309
692.46	-515.3636	-607.0442	0.713413
692.47	-515.2291	-607.0467	0.7133951
692.48	-515.0945	-607.0492	0.7133772
692.49	-514.96	-607.0516	0.7133592
692.5	-514.8255	-607.0541	0.7133413
692.51	-514.691	-607.0565	0.7133228
692.52	-514.5565	-607.0589	0.7133036
692.53	-514.422	-607.0613	0.7132841
692.54	-514.2875	-607.0638	0.7132641
692.55	-514.153	-607.0662	0.7132436
692.56	-514.0184	-607.0687	0.7132228
692.57	-513.884	-607.071	0.7132003
692.58	-513.7495	-607.0734	0.7131763
692.59	-513.6149	-607.0757	0.7131507
692.6	-513.4804	-607.0781	0.7131238
692.61	-513.3459	-607.0805	0.7130949
692.62	-513.2115	-607.0828	0.713064
692.63	-513.077	-607.0851	0.7130314
692.64	-512.9425	-607.0874	0.712997
692.65	-512.808	-607.0897	0.712961
692.66	-512.6735	-607.092	0.7129232
692.67	-512.5391	-607.0942	0.7128835
692.68	-512.4046	-607.0965	0.7128421
692.69	-512.2701	-607.0988	0.7127991
692.7	-512.1357	-607.101	0.7127547
692.71	-512.0012	-607.1031	0.7127088
692.72	-511.8668	-607.1053	0.7126614
692.73	-511.7323	-607.1075	0.7126129
692.74	-511.5978	-607.1097	0.712563
692.75	-511.4633	-607.1119	0.712512
692.76	-511.3289	-607.114	0.71246
692.77	-511.1944	-607.1161	0.7124068
692.78	-511.0599	-607.1182	0.7123526
692.79	-510.9255	-607.1204	0.7122974
692.8	-510.791	-607.1224	0.7122414
692.81	-510.6565	-607.1245	0.7121844
692.82	-510.5221	-607.1265	0.7121267
692.83	-510.3876	-607.1285	0.7120682
692.84	-510.2531	-607.1305	0.712009
692.85	-510.1187	-607.1324	0.7119489
692.86	-509.9842	-607.1345	0.7118883
692.87	-509.8497	-607.1364	0.711827
692.88	-509.7152	-607.1383	0.711765
692.89	-509.5808	-607.1403	0.7117026
692.9	-509.4463	-607.1421	0.7116395
692.91	-509.3119	-607.144	0.711576
692.92	-509.1775	-607.1458	0.7115119
692.93	-509.043	-607.1477	0.7114474
692.94	-508.9085	-607.1495	0.7113824
692.95	-508.7741	-607.1513	0.7113171
692.96	-508.6396	-607.1531	0.7112513
692.97	-508.5052	-607.1548	0.711185
692.98	-508.3708	-607.1566	0.7111185
692.99	-508.2363	-607.1583	0.7110516
693	-508.1018	-607.16	0.7109844
693.01	-507.9674	-607.1617	0.7109168
693.02	-507.833	-607.1634	0.710849
693.03	-507.6985	-607.165	0.7107809
693.04	-507.5641	-607.1666	0.7107125
693.05	-507.4297	-607.1682	0.7106438
693.06	-507.2953	-607.1697	0.7105749
693.07	-507.1608	-607.1713	0.7105058
693.08	-507.0264	-607.1728	0.7104364
693.09	-506.892	-607.1743	0.7103668
693.1	-506.7575	-607.1758	0.710297
693.11	-506.6231	-607.1772	0.7102271
693.12	-506.4887	-607.1786	0.710157
693.13	-506.3543	-607.1801	0.7100866
693.14	-506.2198	-607.1814	0.7100161
693.15	-506.0854	-607.1828	0.7099455
693.16	-505.951	-607.1841	0.7098747
693.17	-505.8166	-607.1854	0.7098038
693.18	-505.6822	-607.1867	0.7097328
693.19	-505.5478	-607.188	0.7096615
693.2	-505.4133	-607.1893	0.7095903
693.21	-505.2789	-607.1904	0.7095188
693.22	-505.1445	-607.1917	0.7094472
693.23	-505.0101	-607.1928	0.7093756
693.24	-504.8757	-607.194	0.7093039
693.25	-504.7413	-607.1951	0.7092319
693.26	-504.6069	-607.1962	0.70916
693.27	-504.4725	-607.1972	0.7090879
693.28	-504.3381	-607.1983	0.7090158
693.29	-504.2037	-607.1993	0.7089435
693.3	-504.0693	-607.2003	0.7088713
693.31	-503.9349	-607.2012	0.7087989
693.32	-503.8005	-607.2022	0.7087265
693.33	-503.6661	-607.2031	0.708654
693.34	-503.5317	-607.204	0.7085815
693.35	-503.3973	-607.2048	0.7085088
693.36	-503.263	-607.2057	0.7084365
693.37	-503.1286	-607.2065	0.7083642
693.38	-502.9942	-607.2073	0.7082921
693.39	-502.8598	-607.208	0.7082201
693.4	-502.7254	-607.2088	0.7081482
693.41	-502.591	-607.2095	0.7080765
693.42	-502.4566	-607.2102	0.7080063
693.43	-502.3223	-607.2109	0.7079374
693.44	-502.1879	-607.2115	0.7078697
693.45	-502.0535	-607.2122	0.7078032
693.46	-501.9191	-607.2127	0.7077379
693.47	-501.7847	-607.2133	0.7076755
693.48	-501.6503	-607.2139	0.7076156
693.49	-501.516	-607.2144	0.7075583
693.5	-501.3816	-607.215	0.7075034
693.51	-501.2472	-607.2155	0.7074524
693.52	-501.1129	-607.216	0.7074049
693.53	-500.9785	-607.2165	0.7073609
693.54	-500.8441	-607.2169	0.7073202
693.55	-500.7097	-607.2174	0.7072826
693.56	-500.5754	-607.2179	0.70725
693.57	-500.4411	-607.2184	0.7072221
693.58	-500.3067	-607.2188	0.7071986
693.59	-500.1723	-607.2192	0.7071794
693.6	-500.038	-607.2196	0.707164
693.61	-499.9036	-607.22	0.7071538
693.62	-499.7693	-607.2205	0.7071481
693.63	-499.6349	-607.2209	0.7071471
693.64	-499.5006	-607.2213	0.7071502
693.65	-499.3662	-607.2217	0.7071573
693.66	-499.2319	-607.2222	0.7071685
693.67	-499.0975	-607.2227	0.7071837
693.68	-498.9632	-607.2231	0.7072026
693.69	-498.8289	-607.2235	0.707225
693.7	-498.6945	-607.2239	0.7072507
693.71	-498.5602	-607.2244	0.7072797
693.72	-498.4258	-607.2247	0.7073117
693.73	-498.2915	-607.2252	0.7073466
693.74	-498.1572	-607.2255	0.7073842
693.75	-498.0228	-607.2259	0.7074243
693.76	-497.8885	-607.2263	0.707467
693.77	-497.7542	-607.2268	0.707512
693.78	-497.6199	-607.2272	0.7075591
693.79	-497.4855	-607.2277	0.7076085
693.8	-497.3512	-607.2281	0.7076598
693.81	-497.2169	-607.2286	0.707713
693.82	-497.0826	-607.229	0.7077681
693.83	-496.9483	-607.2295	0.7078248
693.84	-496.8139	-607.2299	0.7078833
693.85	-496.6796	-607.2304	0.7079433
693.86	-496.5453	-607.2308	0.7080047
693.87	-496.411	-607.2313	0.7080677
693.88	-496.2767	-607.2318	0.7081319
693.89	-496.1424	-607.2323	0.7081974
693.9	-496.0081	-607.2328	0.7082642
693.91	-495.8737	-607.2333	0.708332
693.92	-495.7394	-607.2339	0.708401
693.93	-495.6051	-607.2344	0.708471
693.94	-495.4708	-607.235	0.7085421
693.95	-495.3365	-607.2356	0.708614
693.96	-495.2022	-607.2361	0.7086869
693.97	-495.0679	-607.2368	0.7087606
693.98	-494.9336	-607.2374	0.7088352
693.99	-494.7993	-607.238	0.7089105
694	-494.665	-607.2386	0.7089865
694.01	-494.5307	-607.2393	0.7090631
694.02	-494.3964	-607.2401	0.7091405
694.03	-494.2621	-607.2407	0.7092185
694.04	-494.1279	-607.2415	0.7092971
694.05	-493.9936	-607.2422	0.7093762
694.06	-493.8593	-607.243	0.7094559
694.07	-493.725	-607.2437	0.7095361
694.08	-493.5907	-607.2446	0.7096168
694.09	-493.4565	-607.2454	0.7096979
694.1	-493.3222	-607.2462	0.7097795
694.11	-493.1879	-607.2471	0.7098615
694.12	-493.0536	-607.248	0.7099438
694.13	-492.9193	-607.2488	0.7100266
694.14	-492.785	-607.2498	0.7101097
694.15	-492.6508	-607.2508	0.7101931
694.16	-492.5165	-607.2518	0.7102768
694.17	-492.3822	-607.2528	0.7103609
694.18	-492.248	-607.2538	0.7104452
694.19	-492.1137	-607.2549	0.7105298
694.2	-491.9794	-607.2559	0.7106146
694.21	-491.8452	-607.2571	0.7106997
694.22	-491.7109	-607.2582	0.7107851
694.23	-491.5767	-607.2593	0.7108706
694.24	-491.4424	-607.2606	0.7109564
694.25	-491.3082	-607.2617	0.7110423
694.26	-491.1739	-607.263	0.7111285
694.27	-491.0397	-607.2642	0.7112148
694.28	-490.9054	-607.2656	0.7113013
694.29	-490.7712	-607.2668	0.7113879
694.3	-490.6369	-607.2682	0.7114747
694.31	-490.5027	-607.2697	0.7115616
694.32	-490.3685	-607.271	0.7116486
694.33	-490.2343	-607.2725	0.7117357
694.34	-490.1	-607.2739	0.711823
694.35	-489.9658	-607.2754	0.7119105
694.36	-489.8316	-607.2769	0.711998
694.37	-489.6974	-607.2784	0.7120856
694.38	-489.5631	-607.28	0.7121733
694.39	-489.4289	-607.2816	0.7122611
694.4	-489.2947	-607.2833	0.7123489
694.41	-489.1604	-607.2849	0.712437
694.42	-489.0262	-607.2866	0.712525
694.43	-488.892	-607.2884	0.712613
694.44	-488.7578	-607.2901	0.7127013
694.45	-488.6236	-607.2919	0.7127894
694.46	-488.4894	-607.2937	0.7128778
694.47	-488.3552	-607.2956	0.7129661
694.48	-488.221	-607.2975	0.7130545
694.49	-488.0868	-607.2994	0.7131429
694.5	-487.9525	-607.3013	0.7132314
694.51	-487.8184	-607.3033	0.71332
694.52	-487.6842	-607.3053	0.7134085
694.53	-487.55	-607.3074	0.7134972
694.54	-487.4158	-607.3094	0.7135859
694.55	-487.2816	-607.3115	0.7136745
694.56	-487.1474	-607.3136	0.7137632
694.57	-487.0132	-607.3158	0.7138519
694.58	-486.879	-607.318	0.7139406
694.59	-486.7448	-607.3202	0.7140295
694.6	-486.6107	-607.3224	0.7141182
694.61	-486.4765	-607.3247	0.7142071
694.62	-486.3423	-607.3271	0.7142959
694.63	-486.2082	-607.3295	0.7143848
694.64	-486.074	-607.3318	0.7144737
694.65	-485.9398	-607.3343	0.7145626
694.66	-485.8056	-607.3367	0.7146515
694.67	-485.6715	-607.3392	0.7147404
694.68	-485.5373	-607.3417	0.7148293
694.69	-485.4032	-607.3443	0.7149183
694.7	-485.269	-607.3469	0.7150072
694.71	-485.1349	-607.3495	0.7150957
694.72	-485.0007	-607.3522	0.7151837
694.73	-484.8666	-607.3548	0.7152712
694.74	-484.7324	-607.3575	0.7153583
694.75	-484.5983	-607.3603	0.715445
694.76	-484.4641	-607.363	0.7155292
694.77	-484.33	-607.3658	0.7156111
694.78	-484.1959	-607.3687	0.7156908
694.79	-484.0617	-607.3715	0.7157684
694.8	-483.9276	-607.3744	0.715844
694.81	-483.7935	-607.3773	0.7159149
694.82	-483.6594	-607.3802	0.7159812
694.83	-483.5252	-607.3831	0.7160432
694.84	-483.3911	-607.386	0.7161012
694.85	-483.257	-607.389	0.7161553
694.86	-483.1229	-607.392	0.7162026
694.87	-482.9888	-607.3949	0.7162433
694.88	-482.8546	-607.3979	0.716278
694.89	-482.7205	-607.4009	0.7163067
694.9	-482.5864	-607.4039	0.7163299
694.91	-482.4523	-607.4069	0.7163479
694.92	-482.3182	-607.4099	0.7163589
694.93	-482.1841	-607.4129	0.7163632
694.94	-482.0499	-607.4159	0.7163612
694.95	-481.9158	-607.4189	0.7163532
694.96	-481.7817	-607.4219	0.7163393
694.97	-481.6476	-607.425	0.7163201
694.98	-481.5135	-607.428	0.7162956
694.99	-481.3794	-607.431	0.7162662
695	-481.2453	-607.4341	0.7162321
695.01	-481.1112	-607.4371	0.7161936
695.02	-480.9771	-607.4401	0.7161508
695.03	-480.843	-607.4432	0.716104
695.04	-480.7089	-607.4462	0.7160535
695.05	-480.5748	-607.4492	0.7159992
695.06	-480.4408	-607.4523	0.7159415
695.07	-480.3067	-607.4553	0.7158806
695.08	-480.1726	-607.4583	0.7158165
695.09	-480.0385	-607.4612	0.7157495
695.1	-479.9044	-607.4642	0.7156796
695.11	-479.7703	-607.4672	0.7156072
695.12	-479.6362	-607.4701	0.7155321
695.13	-479.5021	-607.4731	0.7154546
695.14	-479.368	-607.476	0.7153748
695.15	-479.2339	-607.479	0.7152928
695.16	-479.0998	-607.4819	0.7152086
695.17	-478.9658	-607.4847	0.7151226
695.18	-478.8317	-607.4877	0.7150346
695.19	-478.6976	-607.4905	0.7149448
695.2	-478.5635	-607.4934	0.7148533
695.21	-478.4294	-607.4962	0.7147602
695.22	-478.2954	-607.499	0.7146655
695.23	-478.1613	-607.5019	0.7145693
695.24	-478.0273	-607.5046	0.7144718
695.25	-477.8932	-607.5074	0.7143728
695.26	-477.7591	-607.5102	0.7142726
695.27	-477.625	-607.5129	0.7141712
695.28	-477.4909	-607.5156	0.7140686
695.29	-477.3569	-607.5183	0.7139649
695.3	-477.2228	-607.5209	0.7138602
695.31	-477.0888	-607.5236	0.7137545
695.32	-476.9547	-607.5262	0.7136479
695.33	-476.8206	-607.5288	0.7135403
695.34	-476.6866	-607.5314	0.7134319
695.35	-476.5525	-607.5339	0.7133226
695.36	-476.4185	-607.5364	0.7132127
695.37	-476.2845	-607.5389	0.7131019
695.38	-476.1504	-607.5413	0.7129906
695.39	-476.0163	-607.5437	0.7128786
695.4	-475.8823	-607.5461	0.7127661
695.41	-475.7482	-607.5485	0.7126529
695.42	-475.6142	-607.5508	0.7125393
695.43	-475.4802	-607.553	0.7124251
695.44	-475.3461	-607.5554	0.7123103
695.45	-475.212	-607.5576	0.7121952
695.46	-475.078	-607.5598	0.7120796
695.47	-474.944	-607.5619	0.7119637
695.48	-474.8099	-607.5641	0.7118475
695.49	-474.6759	-607.5662	0.711731
695.5	-474.5418	-607.5682	0.7116142
695.51	-474.4077	-607.5703	0.7114971
695.52	-474.2737	-607.5723	0.7113803
695.53	-474.1397	-607.5743	0.7112638
695.54	-474.0056	-607.5762	0.7111474
695.55	-473.8716	-607.5781	0.7110313
695.56	-473.7376	-607.5799	0.7109161
695.57	-473.6035	-607.5818	0.7108015
695.58	-473.4695	-607.5836	0.7106878
695.59	-473.3355	-607.5853	0.7105746
695.6	-473.2014	-607.587	0.7104621
695.61	-473.0674	-607.5887	0.710351
695.62	-472.9334	-607.5904	0.7102414
695.63	-472.7994	-607.592	0.7101329
695.64	-472.6653	-607.5936	0.7100258
695.65	-472.5313	-607.5952	0.7099198
695.66	-472.3973	-607.5967	0.7098159
695.67	-472.2633	-607.5981	0.7097139
695.68	-472.1293	-607.5997	0.7096139
695.69	-471.9952	-607.6011	0.7095156
695.7	-471.8612	-607.6024	0.7094191
695.71	-471.7272	-607.6038	0.7093251
695.72	-471.5932	-607.6051	0.7092336
695.73	-471.4592	-607.6064	0.7091445
695.74	-471.3252	-607.6077	0.7090577
695.75	-471.1911	-607.6089	0.7089729
695.76	-471.0571	-607.6102	0.7088912
695.77	-470.9231	-607.6113	0.7088121
695.78	-470.7891	-607.6125	0.7087358
695.79	-470.6551	-607.6136	0.708662
695.8	-470.5211	-607.6148	0.7085906
695.81	-470.3871	-607.6158	0.7085221
695.82	-470.2531	-607.6169	0.7084563
695.83	-470.1191	-607.618	0.708393
695.84	-469.9851	-607.619	0.7083322
695.85	-469.8511	-607.6199	0.7082738
695.86	-469.7171	-607.6208	0.7082175
695.87	-469.5831	-607.6218	0.7081633
695.88	-469.4491	-607.6227	0.7081113
695.89	-469.3151	-607.6236	0.708061
695.9	-469.1811	-607.6245	0.7080126
695.91	-469.0471	-607.6253	0.7079659
695.92	-468.9131	-607.6261	0.7079207
695.93	-468.7791	-607.6269	0.7078772
695.94	-468.6451	-607.6277	0.7078351
695.95	-468.5111	-607.6284	0.7077944
695.96	-468.3771	-607.6291	0.707755
695.97	-468.2432	-607.6298	0.7077169
695.98	-468.1092	-607.6305	0.7076799
695.99	-467.9752	-607.6312	0.7076441
696	-467.8412	-607.6318	0.7076093
696.01	-467.7072	-607.6324	0.7075756
696.02	-467.5733	-607.633	0.7075428
696.03	-467.4393	-607.6336	0.7075109
696.04	-467.3053	-607.6341	0.7074799
696.05	-467.1714	-607.6346	0.7074496
696.06	-467.0374	-607.6352	0.7074202
696.07	-466.9034	-607.6357	0.7073916
696.08	-466.7695	-607.6362	0.7073635
696.09	-466.6355	-607.6367	0.7073362
696.1	-466.5015	-607.637	0.7073095
696.11	-466.3676	-607.6375	0.7072833
696.12	-466.2336	-607.6379	0.7072578
696.13	-466.0996	-607.6382	0.7072328
696.14	-465.9657	-607.6386	0.7072083
696.15	-465.8317	-607.639	0.7071843
696.16	-465.6978	-607.6393	0.7071608
696.17	-465.5638	-607.6396	0.7071378
696.18	-465.4299	-607.6399	0.7071152
696.19	-465.2959	-607.6402	0.7070932
696.2	-465.162	-607.6405	0.7070715
696.21	-465.028	-607.6407	0.7070509
696.22	-464.8941	-607.641	0.7070313
696.23	-464.7601	-607.6412	0.7070125
696.24	-464.6262	-607.6414	0.7069947
696.25	-464.4922	-607.6417	0.7069776
696.26	-464.3583	-607.6418	0.7069614
696.27	-464.2243	-607.642	0.706947
696.28	-464.0904	-607.6422	0.7069345
696.29	-463.9565	-607.6424	0.7069236
696.3	-463.8225	-607.6426	0.7069144
696.31	-463.6886	-607.6428	0.7069075
696.32	-463.5547	-607.6429	0.7069029
696.33	-463.4207	-607.6431	0.7069004
696.34	-463.2868	-607.6433	0.7069
696.35	-463.1529	-607.6435	0.7069016
696.36	-463.019	-607.6436	0.7069058
696.37	-462.885	-607.6437	0.7069126
696.38	-462.7511	-607.6439	0.7069219
696.39	-462.6172	-607.644	0.7069334
696.4	-462.4832	-607.6441	0.7069471
696.41	-462.3493	-607.6442	0.7069632
696.42	-462.2154	-607.6443	0.7069818
696.43	-462.0815	-607.6445	0.7070025
696.44	-461.9476	-607.6446	0.7070254
696.45	-461.8137	-607.6448	0.7070503
696.46	-461.6798	-607.6449	0.7070771
696.47	-461.5459	-607.6451	0.7071058
696.48	-461.412	-607.6453	0.707136
696.49	-461.278	-607.6454	0.7071681
696.5	-461.1441	-607.6457	0.7072017
696.51	-461.0102	-607.6459	0.7072366
696.52	-460.8763	-607.6461	0.7072731
696.53	-460.7424	-607.6462	0.7073109
696.54	-460.6085	-607.6465	0.7073499
696.55	-460.4746	-607.6467	0.7073902
696.56	-460.3407	-607.6469	0.7074315
696.57	-460.2068	-607.647	0.7074741
696.58	-460.073	-607.6473	0.7075176
696.59	-459.9391	-607.6475	0.7075621
696.6	-459.8051	-607.6477	0.7076076
696.61	-459.6713	-607.648	0.7076539
696.62	-459.5374	-607.6483	0.7077011
696.63	-459.4035	-607.6485	0.7077491
696.64	-459.2696	-607.6488	0.7077979
696.65	-459.1357	-607.649	0.7078474
696.66	-459.0018	-607.6493	0.7078976
696.67	-458.868	-607.6497	0.7079484
696.68	-458.7341	-607.65	0.7079999
696.69	-458.6002	-607.6503	0.708052
696.7	-458.4663	-607.6506	0.7081047
696.71	-458.3324	-607.6509	0.7081579
696.72	-458.1985	-607.6513	0.7082115
696.73	-458.0647	-607.6517	0.7082658
696.74	-457.9308	-607.6521	0.7083204
696.75	-457.7969	-607.6525	0.7083755
696.76	-457.6631	-607.6529	0.708431
696.77	-457.5292	-607.6533	0.7084869
696.78	-457.3954	-607.6538	0.7085431
696.79	-457.2615	-607.6542	0.7085997
696.8	-457.1276	-607.6547	0.7086566
696.81	-456.9937	-607.6552	0.7087139
696.82	-456.8599	-607.6557	0.7087715
696.83	-456.726	-607.6562	0.7088293
696.84	-456.5922	-607.6567	0.7088875
696.85	-456.4583	-607.6573	0.7089458
696.86	-456.3245	-607.6579	0.7090045
696.87	-456.1906	-607.6584	0.7090634
696.88	-456.0568	-607.659	0.7091225
696.89	-455.9229	-607.6597	0.7091818
696.9	-455.7891	-607.6603	0.7092413
696.91	-455.6552	-607.6609	0.7093011
696.92	-455.5214	-607.6616	0.7093609
696.93	-455.3875	-607.6623	0.7094209
696.94	-455.2537	-607.663	0.7094812
696.95	-455.1198	-607.6637	0.7095415
696.96	-454.986	-607.6645	0.709602
696.97	-454.8522	-607.6652	0.7096626
696.98	-454.7184	-607.666	0.7097232
696.99	-454.5845	-607.6668	0.7097841
697	-454.4507	-607.6676	0.7098449
697.01	-454.3169	-607.6685	0.7099057
697.02	-454.183	-607.6693	0.7099664
697.03	-454.0492	-607.6702	0.7100269
697.04	-453.9154	-607.6711	0.7100872
697.05	-453.7816	-607.672	0.7101476
697.06	-453.6477	-607.673	0.7102075
697.07	-453.5139	-607.6739	0.7102672
697.08	-453.3801	-607.6749	0.7103266
697.09	-453.2463	-607.6759	0.7103857
697.1	-453.1125	-607.6769	0.7104447
697.11	-452.9787	-607.6779	0.7105034
697.12	-452.8448	-607.679	0.7105618
697.13	-452.711	-607.68	0.71062
697.14	-452.5772	-607.6811	0.710678
697.15	-452.4434	-607.6822	0.7107357
697.16	-452.3096	-607.6833	0.7107931
697.17	-452.1758	-607.6844	0.7108499
697.18	-452.042	-607.6856	0.7109065
697.19	-451.9082	-607.6868	0.7109628
697.2	-451.7744	-607.688	0.7110187
697.21	-451.6406	-607.6892	0.7110737
697.22	-451.5068	-607.6905	0.7111281
697.23	-451.373	-607.6917	0.7111815
697.24	-451.2392	-607.693	0.7112343
697.25	-451.1054	-607.6943	0.7112864
697.26	-450.9716	-607.6956	0.711337
697.27	-450.8379	-607.6969	0.7113861
697.28	-450.7041	-607.6983	0.7114339
697.29	-450.5703	-607.6996	0.7114804
697.3	-450.4365	-607.701	0.7115256
697.31	-450.3027	-607.7025	0.7115686
697.32	-450.169	-607.7039	0.7116094
697.33	-450.0352	-607.7053	0.7116482
697.34	-449.9014	-607.7067	0.7116852
697.35	-449.7676	-607.7081	0.7117202
697.36	-449.6339	-607.7096	0.7117525
697.37	-449.5001	-607.7111	0.7117825
697.38	-449.3663	-607.7125	0.7118099
697.39	-449.2325	-607.714	0.7118351
697.4	-449.0988	-607.7155	0.7118582
697.41	-448.965	-607.717	0.7118782
697.42	-448.8312	-607.7185	0.7118955
697.43	-448.6975	-607.72	0.7119102
697.44	-448.5637	-607.7216	0.7119223
697.45	-448.43	-607.7231	0.7119321
697.46	-448.2962	-607.7246	0.7119393
697.47	-448.1625	-607.7261	0.711944
697.48	-448.0287	-607.7277	0.7119464
697.49	-447.895	-607.7292	0.7119466
697.5	-447.7612	-607.7308	0.7119447
697.51	-447.6275	-607.7324	0.7119408
697.52	-447.4937	-607.7339	0.7119351
697.53	-447.36	-607.7355	0.7119276
697.54	-447.2262	-607.7371	0.7119184
697.55	-447.0924	-607.7387	0.7119076
697.56	-446.9587	-607.7403	0.7118952
697.57	-446.825	-607.7419	0.7118814
697.58	-446.6913	-607.7435	0.7118662
697.59	-446.5575	-607.7451	0.7118497
697.6	-446.4237	-607.7466	0.7118319
697.61	-446.29	-607.7482	0.711813
697.62	-446.1563	-607.7498	0.7117928
697.63	-446.0226	-607.7513	0.7117717
697.64	-445.8888	-607.7529	0.7117495
697.65	-445.7551	-607.7545	0.7117264
697.66	-445.6214	-607.7561	0.7117023
697.67	-445.4876	-607.7576	0.7116774
697.68	-445.3539	-607.7592	0.7116516
697.69	-445.2202	-607.7608	0.711625
697.7	-445.0865	-607.7624	0.7115977
697.71	-444.9528	-607.764	0.7115698
697.72	-444.819	-607.7656	0.7115411
697.73	-444.6853	-607.7671	0.7115116
697.74	-444.5516	-607.7687	0.7114816
697.75	-444.4178	-607.7703	0.7114511
697.76	-444.2841	-607.7719	0.7114201
697.77	-444.1505	-607.7734	0.7113883
697.78	-444.0168	-607.775	0.7113562
697.79	-443.883	-607.7766	0.7113236
697.8	-443.7493	-607.7781	0.7112905
697.81	-443.6156	-607.7797	0.711257
697.82	-443.4819	-607.7813	0.7112231
697.83	-443.3482	-607.7828	0.7111887
697.84	-443.2145	-607.7843	0.711154
697.85	-443.0808	-607.7858	0.711119
697.86	-442.9471	-607.7873	0.7110836
697.87	-442.8134	-607.7888	0.7110478
697.88	-442.6797	-607.7903	0.7110118
697.89	-442.546	-607.7919	0.7109755
697.9	-442.4123	-607.7933	0.7109389
697.91	-442.2786	-607.7949	0.710902
697.92	-442.1449	-607.7963	0.7108648
697.93	-442.0112	-607.7978	0.7108276
697.94	-441.8775	-607.7992	0.7107899
697.95	-441.7438	-607.8007	0.7107521
697.96	-441.6101	-607.8021	0.7107141
697.97	-441.4765	-607.8036	0.7106759
697.98	-441.3428	-607.8049	0.7106373
697.99	-441.2091	-607.8063	0.7105985
698	-441.0754	-607.8077	0.7105595
698.01	-440.9417	-607.8091	0.7105203
698.02	-440.808	-607.8105	0.7104807
698.03	-440.6744	-607.8119	0.7104409
698.04	-440.5407	-607.8132	0.7104009
698.05	-440.407	-607.8146	0.7103606
698.06	-440.2733	-607.8159	0.7103202
698.07	-440.1396	-607.8172	0.7102795
698.08	-440.006	-607.8185	0.7102386
698.09	-439.8723	-607.8198	0.7101974
698.1	-439.7386	-607.821	0.7101561
698.11	-439.6049	-607.8223	0.7101145
698.12	-439.4713	-607.8236	0.7100729
698.13	-439.3376	-607.8248	0.710031
698.14	-439.2039	-607.826	0.709989
698.15	-439.0703	-607.8273	0.7099468
698.16	-438.9366	-607.8285	0.7099045
698.17	-438.8029	-607.8297	0.709862
698.18	-438.6692	-607.8309	0.7098194
698.19	-438.5356	-607.832	0.7097767
698.2	-438.4019	-607.8331	0.7097338
698.21	-438.2682	-607.8343	0.7096908
698.22	-438.1346	-607.8354	0.7096478
698.23	-438.0009	-607.8365	0.7096046
698.24	-437.8673	-607.8376	0.7095613
698.25	-437.7336	-607.8387	0.7095179
