131.87	-647.8416	-606.7624	0.7103364
131.88	-647.7156	-606.7636	0.7103587
131.89	-647.5898	-606.7648	0.7103814
131.9	-647.4639	-606.7659	0.7104044
131.91	-647.3381	-606.7671	0.7104278
131.92	-647.2122	-606.7682	0.7104516
131.93	-647.0864	-606.7694	0.7104757
131.94	-646.9606	-606.7706	0.7105001
131.95	-646.8348	-606.7718	0.7105247
131.96	-646.709	-606.7729	0.7105497
131.97	-646.5832	-606.7741	0.7105749
131.98	-646.4574	-606.7753	0.7106004
131.99	-646.3317	-606.7766	0.7106262
132	-646.2059	-606.7778	0.7106521
132.01	-646.0802	-606.7791	0.7106782
132.02	-645.9545	-606.7803	0.7107045
132.03	-645.8288	-606.7815	0.710731
132.04	-645.7031	-606.7827	0.7107578
132.05	-645.5775	-606.7839	0.7107847
132.06	-645.4518	-606.7852	0.7108117
132.07	-645.3262	-606.7865	0.7108389
132.08	-645.2006	-606.7878	0.7108663
132.09	-645.075	-606.7891	0.7108935
132.1	-644.9494	-606.7903	0.7109207
132.11	-644.8239	-606.7917	0.7109478
132.12	-644.6983	-606.793	0.7109749
132.13	-644.5728	-606.7943	0.7110018
132.14	-644.4473	-606.7955	0.7110285
132.15	-644.3218	-606.7969	0.7110549
132.16	-644.1963	-606.7982	0.711081
132.17	-644.0708	-606.7996	0.7111068
132.18	-643.9453	-606.801	0.7111324
132.19	-643.8199	-606.8023	0.7111574
132.2	-643.6945	-606.8036	0.7111819
132.21	-643.569	-606.805	0.711206
132.22	-643.4436	-606.8063	0.7112296
132.23	-643.3182	-606.8077	0.7112527
132.24	-643.1928	-606.8091	0.7112754
132.25	-643.0674	-606.8105	0.7112975
132.26	-642.9421	-606.812	0.7113191
132.27	-642.8167	-606.8134	0.7113402
132.28	-642.6914	-606.8148	0.711361
132.29	-642.5661	-606.8162	0.7113812
132.3	-642.4408	-606.8176	0.7114011
132.31	-642.3156	-606.819	0.7114205
132.32	-642.1903	-606.8204	0.7114395
132.33	-642.0651	-606.8219	0.7114582
132.34	-641.9398	-606.8234	0.7114765
132.35	-641.8146	-606.8248	0.7114945
132.36	-641.6895	-606.8263	0.7115122
132.37	-641.5643	-606.8278	0.7115296
132.38	-641.4391	-606.8293	0.7115465
132.39	-641.314	-606.8307	0.7115633
132.4	-641.1888	-606.8322	0.7115798
132.41	-641.0637	-606.8337	0.7115959
132.42	-640.9386	-606.8351	0.7116119
132.43	-640.8135	-606.8367	0.7116275
132.44	-640.6884	-606.8382	0.7116429
132.45	-640.5634	-606.8397	0.7116581
132.46	-640.4383	-606.8412	0.7116728
132.47	-640.3132	-606.8428	0.7116874
132.48	-640.1882	-606.8444	0.7117017
132.49	-640.0632	-606.8459	0.7117157
132.5	-639.9382	-606.8474	0.7117292
132.51	-639.8132	-606.8489	0.711742
132.52	-639.6882	-606.8505	0.7117543
132.53	-639.5633	-606.852	0.7117661
132.54	-639.4384	-606.8536	0.711777
132.55	-639.3134	-606.8552	0.7117872
132.56	-639.1885	-606.8568	0.7117965
132.57	-639.0637	-606.8583	0.7118052
132.58	-638.9388	-606.8599	0.7118132
132.59	-638.8139	-606.8615	0.7118206
132.6	-638.6891	-606.8631	0.7118267
132.61	-638.5643	-606.8647	0.7118315
132.62	-638.4395	-606.8663	0.7118353
132.63	-638.3146	-606.8679	0.7118379
132.64	-638.1899	-606.8694	0.711839
132.65	-638.0651	-606.871	0.7118387
132.66	-637.9404	-606.8726	0.711837
132.67	-637.8156	-606.8742	0.711834
132.68	-637.6909	-606.8758	0.7118298
132.69	-637.5662	-606.8774	0.711824
132.7	-637.4415	-606.879	0.7118165
132.71	-637.3168	-606.8806	0.7118077
132.72	-637.1921	-606.8821	0.7117974
132.73	-637.0674	-606.8837	0.7117859
132.74	-636.9427	-606.8853	0.711773
132.75	-636.8181	-606.8869	0.7117587
132.76	-636.6935	-606.8885	0.711743
132.77	-636.5689	-606.8901	0.711726
132.78	-636.4443	-606.8917	0.7117078
132.79	-636.3198	-606.8931	0.7116881
132.8	-636.1952	-606.8947	0.7116671
132.81	-636.0707	-606.8962	0.7116448
132.82	-635.9462	-606.8977	0.7116212
132.83	-635.8217	-606.8992	0.7115966
132.84	-635.6972	-606.9008	0.7115706
132.85	-635.5728	-606.9023	0.7115431
132.86	-635.4483	-606.9037	0.7115144
132.87	-635.3239	-606.9053	0.7114845
132.88	-635.1994	-606.9068	0.7114535
132.89	-635.075	-606.9083	0.7114209
132.9	-634.9506	-606.9097	0.7113868
132.91	-634.8262	-606.9112	0.7113512
132.92	-634.7018	-606.9127	0.7113143
132.93	-634.5775	-606.9141	0.7112763
132.94	-634.4531	-606.9155	0.7112365
132.95	-634.3288	-606.917	0.7111953
132.96	-634.2045	-606.9184	0.7111526
132.97	-634.0801	-606.9198	0.7111086
132.98	-633.9558	-606.9211	0.7110632
132.99	-633.8315	-606.9225	0.7110165
133	-633.7073	-606.924	0.7109686
133.01	-633.583	-606.9252	0.7109195
133.02	-633.4587	-606.9266	0.7108693
133.03	-633.3345	-606.9279	0.710818
133.04	-633.2103	-606.9292	0.7107656
133.05	-633.0861	-606.9305	0.7107124
133.06	-632.962	-606.9318	0.7106582
133.07	-632.8378	-606.933	0.7106031
133.08	-632.7137	-606.9343	0.7105473
133.09	-632.5895	-606.9356	0.7104907
133.1	-632.4655	-606.9368	0.7104334
133.11	-632.3414	-606.938	0.7103754
133.12	-632.2173	-606.9392	0.7103167
133.13	-632.0932	-606.9404	0.7102574
133.14	-631.9692	-606.9417	0.7101976
133.15	-631.8452	-606.9427	0.7101371
133.16	-631.7211	-606.9439	0.7100762
133.17	-631.5971	-606.945	0.7100147
133.18	-631.4731	-606.9461	0.7099528
133.19	-631.3491	-606.9472	0.7098905
133.2	-631.2252	-606.9482	0.7098277
133.21	-631.1012	-606.9493	0.7097645
133.22	-630.9772	-606.9503	0.7097009
133.23	-630.8533	-606.9514	0.7096371
133.24	-630.7294	-606.9523	0.7095729
133.25	-630.6055	-606.9533	0.7095084
133.26	-630.4816	-606.9543	0.7094437
133.27	-630.3577	-606.9552	0.7093787
133.28	-630.2338	-606.9562	0.7093135
133.29	-630.11	-606.957	0.709248
133.3	-629.9861	-606.9579	0.7091824
133.31	-629.8623	-606.9588	0.7091167
133.32	-629.7385	-606.9597	0.7090508
133.33	-629.6147	-606.9604	0.7089847
133.34	-629.491	-606.9613	0.7089186
133.35	-629.3672	-606.9621	0.7088525
133.36	-629.2435	-606.9628	0.7087864
133.37	-629.1198	-606.9636	0.7087203
133.38	-628.9961	-606.9643	0.7086541
133.39	-628.8724	-606.965	0.708588
133.4	-628.7488	-606.9657	0.7085219
133.41	-628.6251	-606.9664	0.7084559
133.42	-628.5015	-606.967	0.7083898
133.43	-628.3778	-606.9677	0.7083237
133.44	-628.2542	-606.9683	0.7082578
133.45	-628.1306	-606.9688	0.7081919
133.46	-628.007	-606.9694	0.7081259
133.47	-627.8834	-606.9699	0.7080601
133.48	-627.7598	-606.9705	0.7079943
133.49	-627.6363	-606.9709	0.7079285
133.5	-627.5128	-606.9714	0.7078629
133.51	-627.3892	-606.9719	0.7077972
133.52	-627.2657	-606.9724	0.7077317
133.53	-627.1422	-606.9728	0.7076662
133.54	-627.0187	-606.9731	0.707601
133.55	-626.8952	-606.9736	0.7075359
133.56	-626.7717	-606.9739	0.7074711
133.57	-626.6483	-606.9742	0.7074065
133.58	-626.5249	-606.9746	0.707342
133.59	-626.4015	-606.9749	0.7072779
133.6	-626.2781	-606.9752	0.7072142
133.61	-626.1547	-606.9753	0.7071507
133.62	-626.0314	-606.9756	0.7070876
133.63	-625.908	-606.9758	0.7070247
133.64	-625.7847	-606.976	0.7069624
133.65	-625.6614	-606.9761	0.7069007
133.66	-625.5381	-606.9763	0.7068394
133.67	-625.4149	-606.9764	0.7067787
133.68	-625.2916	-606.9764	0.7067183
133.69	-625.1683	-606.9766	0.7066588
133.7	-625.0451	-606.9767	0.7066001
133.71	-624.9219	-606.9767	0.7065421
133.72	-624.7986	-606.9767	0.7064849
133.73	-624.6754	-606.9768	0.7064282
133.74	-624.5522	-606.9767	0.7063726
133.75	-624.4291	-606.9767	0.706318
133.76	-624.3059	-606.9767	0.7062643
133.77	-624.1827	-606.9766	0.7062114
133.78	-624.0596	-606.9766	0.7061594
133.79	-623.9365	-606.9764	0.7061086
133.8	-623.8134	-606.9763	0.7060589
133.81	-623.6902	-606.9762	0.7060102
133.82	-623.5672	-606.976	0.7059625
133.83	-623.4442	-606.9759	0.7059157
133.84	-623.3211	-606.9757	0.7058702
133.85	-623.1981	-606.9755	0.7058258
133.86	-623.0751	-606.9753	0.7057825
133.87	-622.9521	-606.9751	0.7057402
133.88	-622.8291	-606.9749	0.7056989
133.89	-622.7062	-606.9745	0.7056587
133.9	-622.5833	-606.9743	0.7056197
133.91	-622.4603	-606.9741	0.7055818
133.92	-622.3374	-606.9738	0.7055448
133.93	-622.2145	-606.9734	0.7055087
133.94	-622.0916	-606.9731	0.7054738
133.95	-621.9688	-606.9728	0.7054401
133.96	-621.8459	-606.9724	0.7054075
133.97	-621.723	-606.972	0.7053759
133.98	-621.6002	-606.9716	0.7053452
133.99	-621.4774	-606.9713	0.7053158
134	-621.3546	-606.9709	0.7052877
134.01	-621.2318	-606.9705	0.7052607
134.02	-621.1089	-606.97	0.7052348
134.03	-620.9861	-606.9695	0.70521
134.04	-620.8634	-606.9691	0.7051864
134.05	-620.7407	-606.9687	0.7051641
134.06	-620.6179	-606.9682	0.7051429
134.07	-620.4952	-606.9677	0.7051228
134.08	-620.3725	-606.9672	0.7051038
134.09	-620.2498	-606.9667	0.7050858
134.1	-620.1271	-606.9662	0.7050689
134.11	-620.0045	-606.9657	0.705053
134.12	-619.8819	-606.9652	0.7050381
134.13	-619.7593	-606.9647	0.7050241
134.14	-619.6367	-606.9641	0.7050111
134.15	-619.5141	-606.9636	0.704999
134.16	-619.3915	-606.963	0.7049878
134.17	-619.269	-606.9625	0.7049775
134.18	-619.1464	-606.9619	0.7049679
134.19	-619.0239	-606.9614	0.7049592
134.2	-618.9014	-606.9608	0.7049512
134.21	-618.7789	-606.9602	0.704944
134.22	-618.6564	-606.9596	0.7049375
134.23	-618.5339	-606.959	0.7049316
134.24	-618.4115	-606.9584	0.7049264
134.25	-618.2891	-606.9578	0.704922
134.26	-618.1666	-606.9572	0.704918
134.27	-618.0442	-606.9565	0.7049146
134.28	-617.9218	-606.9559	0.7049118
134.29	-617.7994	-606.9553	0.7049095
134.3	-617.677	-606.9547	0.7049078
134.31	-617.5546	-606.954	0.7049066
134.32	-617.4323	-606.9533	0.7049058
134.33	-617.3099	-606.9526	0.7049055
134.34	-617.1876	-606.952	0.7049056
134.35	-617.0652	-606.9513	0.7049062
134.36	-616.9429	-606.9506	0.7049073
134.37	-616.8206	-606.95	0.7049088
134.38	-616.6984	-606.9493	0.7049107
134.39	-616.5761	-606.9486	0.7049133
134.4	-616.4539	-606.9479	0.7049162
134.41	-616.3317	-606.9473	0.7049198
134.42	-616.2095	-606.9467	0.7049238
134.43	-616.0873	-606.946	0.7049283
134.44	-615.9651	-606.9453	0.7049336
134.45	-615.843	-606.9446	0.7049397
134.46	-615.7208	-606.944	0.7049463
134.47	-615.5987	-606.9433	0.7049537
134.48	-615.4766	-606.9426	0.7049618
134.49	-615.3545	-606.942	0.7049707
134.5	-615.2324	-606.9413	0.7049806
134.51	-615.1104	-606.9406	0.7049912
134.52	-614.9883	-606.9399	0.7050026
134.53	-614.8662	-606.9393	0.7050149
134.54	-614.7442	-606.9386	0.7050281
134.55	-614.6222	-606.9379	0.7050423
134.56	-614.5002	-606.9373	0.7050574
134.57	-614.3782	-606.9366	0.7050734
134.58	-614.2562	-606.936	0.7050902
134.59	-614.1342	-606.9353	0.7051078
134.6	-614.0121	-606.9346	0.7051262
134.61	-613.8902	-606.934	0.7051455
134.62	-613.7682	-606.9333	0.7051654
134.63	-613.6463	-606.9327	0.7051862
134.64	-613.5244	-606.9321	0.7052076
134.65	-613.4024	-606.9315	0.7052296
134.66	-613.2805	-606.9309	0.7052523
134.67	-613.1585	-606.9303	0.7052755
134.68	-613.0366	-606.9297	0.7052993
134.69	-612.9147	-606.9291	0.7053235
134.7	-612.7928	-606.9285	0.7053483
134.71	-612.6709	-606.9279	0.7053734
134.72	-612.549	-606.9273	0.7053991
134.73	-612.4271	-606.9267	0.7054252
134.74	-612.3053	-606.9261	0.7054516
134.75	-612.1835	-606.9255	0.7054784
134.76	-612.0616	-606.925	0.7055055
134.77	-611.9398	-606.9245	0.705533
134.78	-611.818	-606.924	0.7055608
134.79	-611.6962	-606.9234	0.7055889
134.8	-611.5744	-606.9229	0.7056172
134.81	-611.4526	-606.9223	0.7056459
134.82	-611.3309	-606.9218	0.7056748
134.83	-611.2091	-606.9213	0.7057039
134.84	-611.0873	-606.9207	0.7057332
134.85	-610.9656	-606.9202	0.7057627
134.86	-610.8438	-606.9197	0.7057924
134.87	-610.7221	-606.9193	0.7058223
134.88	-610.6004	-606.9188	0.7058524
134.89	-610.4787	-606.9183	0.7058827
134.9	-610.357	-606.9178	0.7059131
134.91	-610.2353	-606.9174	0.7059436
134.92	-610.1136	-606.9169	0.7059743
134.93	-609.9919	-606.9166	0.7060052
134.94	-609.8702	-606.9161	0.7060362
134.95	-609.7486	-606.9157	0.7060672
134.96	-609.627	-606.9153	0.7060984
134.97	-609.5053	-606.9149	0.7061297
134.98	-609.3837	-606.9145	0.7061611
134.99	-609.2621	-606.9141	0.7061926
135	-609.1405	-606.9137	0.7062241
135.01	-609.0189	-606.9133	0.7062558
135.02	-608.8973	-606.913	0.7062876
135.03	-608.7758	-606.9127	0.7063194
135.04	-608.6542	-606.9123	0.7063512
135.05	-608.5326	-606.9119	0.706383
135.06	-608.411	-606.9116	0.7064148
135.07	-608.2895	-606.9114	0.7064465
135.08	-608.168	-606.9111	0.7064783
135.09	-608.0464	-606.9108	0.7065098
135.1	-607.9249	-606.9105	0.7065412
135.11	-607.8034	-606.9102	0.7065725
135.12	-607.6819	-606.9099	0.7066037
135.13	-607.5604	-606.9097	0.7066348
135.14	-607.439	-606.9094	0.7066653
135.15	-607.3175	-606.9092	0.7066954
135.16	-607.196	-606.9089	0.7067251
135.17	-607.0746	-606.9088	0.7067545
135.18	-606.9532	-606.9085	0.7067835
135.19	-606.8318	-606.9083	0.7068115
135.2	-606.7104	-606.9081	0.7068387
135.21	-606.5891	-606.9079	0.7068651
135.22	-606.4678	-606.9078	0.7068907
135.23	-606.3464	-606.9076	0.7069156
135.24	-606.2251	-606.9074	0.7069391
135.25	-606.1038	-606.9072	0.7069613
135.26	-605.9825	-606.907	0.7069824
135.27	-605.8613	-606.9069	0.7070023
135.28	-605.74	-606.9067	0.7070212
135.29	-605.6188	-606.9066	0.7070384
135.3	-605.4976	-606.9064	0.7070542
135.31	-605.3763	-606.9063	0.7070686
135.32	-605.2551	-606.9062	0.7070817
135.33	-605.1339	-606.9061	0.7070935
135.34	-605.0128	-606.9059	0.7071035
135.35	-604.8916	-606.9058	0.7071117
135.36	-604.7704	-606.9057	0.7071182
135.37	-604.6493	-606.9056	0.707123
135.38	-604.5281	-606.9055	0.7071264
135.39	-604.407	-606.9053	0.7071277
135.4	-604.2859	-606.9052	0.707127
135.41	-604.1649	-606.9051	0.7071244
135.42	-604.0438	-606.905	0.70712
135.43	-603.9227	-606.9048	0.707114
135.44	-603.8017	-606.9047	0.7071059
135.45	-603.6807	-606.9046	0.7070957
135.46	-603.5596	-606.9045	0.7070838
135.47	-603.4387	-606.9044	0.7070701
135.48	-603.3177	-606.9042	0.7070546
135.49	-603.1967	-606.9041	0.7070372
135.5	-603.0758	-606.9039	0.7070181
135.51	-602.9549	-606.9038	0.7069972
135.52	-602.834	-606.9037	0.7069747
135.53	-602.7131	-606.9036	0.7069508
135.54	-602.5922	-606.9034	0.7069253
135.55	-602.4714	-606.9033	0.7068983
135.56	-602.3505	-606.903	0.7068699
135.57	-602.2297	-606.9028	0.7068401
135.58	-602.1088	-606.9026	0.7068092
135.59	-601.988	-606.9025	0.706777
135.6	-601.8672	-606.9023	0.7067438
135.61	-601.7465	-606.902	0.7067094
135.62	-601.6257	-606.9019	0.706674
135.63	-601.5049	-606.9017	0.7066377
135.64	-601.3841	-606.9015	0.7066005
135.65	-601.2634	-606.9012	0.7065625
135.66	-601.1426	-606.901	0.7065236
135.67	-601.0219	-606.9008	0.706484
135.68	-600.9012	-606.9005	0.7064437
135.69	-600.7805	-606.9002	0.7064026
135.7	-600.6599	-606.9	0.7063608
135.71	-600.5392	-606.8997	0.7063185
135.72	-600.4185	-606.8994	0.7062754
135.73	-600.2979	-606.8991	0.7062318
135.74	-600.1773	-606.8988	0.7061878
135.75	-600.0567	-606.8985	0.7061428
135.76	-599.9362	-606.8981	0.706097
135.77	-599.8156	-606.8978	0.7060505
135.78	-599.6951	-606.8975	0.7060034
135.79	-599.5745	-606.8971	0.7059555
135.8	-599.454	-606.8967	0.7059066
135.81	-599.3336	-606.8964	0.7058568
135.82	-599.2131	-606.8959	0.705806
135.83	-599.0926	-606.8956	0.7057543
135.84	-598.9722	-606.8951	0.7057015
135.85	-598.8517	-606.8947	0.7056475
135.86	-598.7313	-606.8942	0.7055927
135.87	-598.6109	-606.8938	0.7055366
135.88	-598.4905	-606.8932	0.7054798
135.89	-598.3701	-606.8928	0.705422
135.9	-598.2497	-606.8922	0.7053631
135.91	-598.1293	-606.8917	0.705303
135.92	-598.009	-606.8912	0.705242
135.93	-597.8886	-606.8906	0.70518
135.94	-597.7683	-606.89	0.705117
135.95	-597.648	-606.8893	0.705053
135.96	-597.5277	-606.8887	0.7049881
135.97	-597.4074	-606.8881	0.7049224
135.98	-597.2872	-606.8875	0.7048559
135.99	-597.1669	-606.8868	0.7047885
136	-597.0467	-606.886	0.7047204
136.01	-596.9265	-606.8854	0.7046516
136.02	-596.8063	-606.8846	0.704582
136.03	-596.6861	-606.8839	0.7045118
136.04	-596.5659	-606.8831	0.704441
136.05	-596.4458	-606.8823	0.7043694
136.06	-596.3257	-606.8814	0.7042972
136.07	-596.2056	-606.8806	0.7042245
136.08	-596.0854	-606.8797	0.7041512
136.09	-595.9654	-606.8788	0.7040772
136.1	-595.8453	-606.8779	0.7040024
136.11	-595.7253	-606.877	0.7039271
136.12	-595.6052	-606.876	0.7038511
136.13	-595.4852	-606.8751	0.7037746
136.14	-595.3652	-606.874	0.7036971
136.15	-595.2452	-606.873	0.7036189
136.16	-595.1252	-606.8719	0.7035398
136.17	-595.0052	-606.8709	0.7034601
136.18	-594.8852	-606.8698	0.7033796
136.19	-594.7653	-606.8687	0.7032982
136.2	-594.6453	-606.8676	0.7032158
136.21	-594.5254	-606.8664	0.7031325
136.22	-594.4055	-606.8652	0.7030483
136.23	-594.2856	-606.864	0.7029634
136.24	-594.1657	-606.8627	0.7028778
136.25	-594.0458	-606.8615	0.7027912
136.26	-593.926	-606.8602	0.7027038
136.27	-593.8062	-606.8588	0.7026157
136.28	-593.6863	-606.8575	0.7025269
136.29	-593.5665	-606.8561	0.7024373
136.3	-593.4468	-606.8547	0.7023472
136.31	-593.327	-606.8532	0.7022564
136.32	-593.2073	-606.8517	0.702165
136.33	-593.0875	-606.8503	0.7020731
136.34	-592.9678	-606.8488	0.7019807
136.35	-592.8481	-606.8472	0.7018878
136.36	-592.7285	-606.8456	0.7017944
136.37	-592.6088	-606.844	0.7017006
136.38	-592.4891	-606.8424	0.7016065
136.39	-592.3694	-606.8407	0.7015119
136.4	-592.2498	-606.839	0.7014169
136.41	-592.1302	-606.8373	0.7013217
136.42	-592.0106	-606.8355	0.7012261
136.43	-591.8909	-606.8338	0.7011301
136.44	-591.7714	-606.832	0.7010341
136.45	-591.6518	-606.8301	0.7009379
136.46	-591.5322	-606.8283	0.7008415
136.47	-591.4127	-606.8264	0.7007452
136.48	-591.2932	-606.8245	0.7006486
136.49	-591.1736	-606.8226	0.7005523
136.5	-591.0541	-606.8206	0.7004561
136.51	-590.9347	-606.8185	0.7003602
136.52	-590.8152	-606.8165	0.7002646
136.53	-590.6958	-606.8145	0.700169
136.54	-590.5764	-606.8124	0.7000741
136.55	-590.457	-606.8102	0.6999798
136.56	-590.3376	-606.808	0.699886
136.57	-590.2182	-606.8059	0.6997927
136.58	-590.0988	-606.8036	0.6996999
136.59	-589.9795	-606.8015	0.6996081
136.6	-589.8602	-606.7992	0.6995173
136.61	-589.7408	-606.7969	0.6994274
136.62	-589.6215	-606.7946	0.6993383
136.63	-589.5022	-606.7922	0.69925
136.64	-589.3829	-606.7899	0.6991624
136.65	-589.2636	-606.7875	0.6990761
136.66	-589.1443	-606.785	0.6989909
136.67	-589.0251	-606.7826	0.6989067
136.68	-588.9058	-606.7801	0.6988236
136.69	-588.7866	-606.7776	0.6987414
136.7	-588.6674	-606.7751	0.6986606
136.71	-588.5482	-606.7726	0.698581
136.72	-588.4291	-606.77	0.6985028
136.73	-588.3099	-606.7674	0.6984257
136.74	-588.1908	-606.7648	0.6983497
136.75	-588.0717	-606.7621	0.6982754
136.76	-587.9526	-606.7595	0.6982027
136.77	-587.8336	-606.7568	0.6981315
136.78	-587.7145	-606.754	0.6980617
136.79	-587.5955	-606.7513	0.6979938
136.8	-587.4764	-606.7486	0.6979278
136.81	-587.3574	-606.7458	0.6978635
136.82	-587.2384	-606.743	0.6978008
136.83	-587.1194	-606.7402	0.6977395
136.84	-587.0004	-606.7374	0.6976805
136.85	-586.8815	-606.7346	0.6976234
136.86	-586.7625	-606.7316	0.6975681
136.87	-586.6436	-606.7288	0.6975146
136.88	-586.5246	-606.7258	0.6974627
136.89	-586.4056	-606.7229	0.6974124
136.9	-586.2867	-606.72	0.697364
136.91	-586.1678	-606.717	0.6973173
136.92	-586.049	-606.714	0.6972722
136.93	-585.9301	-606.711	0.6972287
136.94	-585.8113	-606.708	0.6971869
136.95	-585.6924	-606.705	0.6971466
136.96	-585.5736	-606.7019	0.6971077
136.97	-585.4548	-606.6989	0.6970702
136.98	-585.3361	-606.6958	0.697034
136.99	-585.2173	-606.6927	0.6969991
137	-585.0986	-606.6896	0.6969655
137.01	-584.9799	-606.6865	0.6969331
137.02	-584.8611	-606.6833	0.6969019
137.03	-584.7424	-606.6802	0.6968718
137.04	-584.6238	-606.677	0.696843
137.05	-584.5052	-606.6738	0.6968155
137.06	-584.3865	-606.6707	0.6967892
137.07	-584.2679	-606.6675	0.6967641
137.08	-584.1492	-606.6642	0.6967402
137.09	-584.0306	-606.661	0.6967176
137.1	-583.912	-606.6577	0.6966963
137.11	-583.7935	-606.6545	0.6966762
137.12	-583.6749	-606.6512	0.6966574
137.13	-583.5563	-606.648	0.6966396
137.14	-583.4377	-606.6447	0.6966233
137.15	-583.3192	-606.6414	0.6966084
137.16	-583.2007	-606.6381	0.6965947
137.17	-583.0822	-606.6348	0.6965822
137.18	-582.9637	-606.6315	0.6965709
137.19	-582.8452	-606.6282	0.6965607
137.2	-582.7267	-606.6249	0.6965519
137.21	-582.6083	-606.6216	0.6965442
137.22	-582.4899	-606.6182	0.6965376
137.23	-582.3715	-606.6149	0.696532
137.24	-582.2531	-606.6115	0.6965277
137.25	-582.1347	-606.6082	0.6965246
137.26	-582.0164	-606.6048	0.6965227
137.27	-581.898	-606.6014	0.6965218
137.28	-581.7797	-606.5981	0.6965221
137.29	-581.6614	-606.5947	0.6965236
137.3	-581.5431	-606.5914	0.6965266
137.31	-581.4248	-606.588	0.6965309
137.32	-581.3065	-606.5847	0.6965364
137.33	-581.1882	-606.5813	0.696543
137.34	-581.07	-606.578	0.6965516
137.35	-580.9518	-606.5746	0.6965621
137.36	-580.8336	-606.5713	0.6965744
137.37	-580.7153	-606.5679	0.6965883
137.38	-580.5971	-606.5646	0.6966038
137.39	-580.4789	-606.5612	0.696622
137.4	-580.3608	-606.5579	0.6966428
137.41	-580.2426	-606.5545	0.6966659
137.42	-580.1245	-606.5511	0.6966913
137.43	-580.0063	-606.5479	0.6967188
137.44	-579.8882	-606.5445	0.6967483
137.45	-579.7701	-606.5411	0.6967808
137.46	-579.652	-606.5378	0.696816
137.47	-579.5339	-606.5345	0.6968539
137.48	-579.4158	-606.5313	0.6968943
137.49	-579.2977	-606.528	0.6969373
137.5	-579.1797	-606.5247	0.6969827
137.51	-579.0616	-606.5215	0.6970305
137.52	-578.9437	-606.5182	0.6970804
137.53	-578.8257	-606.515	0.6971325
137.54	-578.7077	-606.5118	0.6971866
137.55	-578.5897	-606.5086	0.6972428
137.56	-578.4718	-606.5054	0.6973008
137.57	-578.3539	-606.5023	0.6973605
137.58	-578.236	-606.4991	0.697422
137.59	-578.118	-606.496	0.697485
137.6	-578.0002	-606.4928	0.6975494
137.61	-577.8823	-606.4896	0.6976153
137.62	-577.7645	-606.4866	0.6976825
137.63	-577.6466	-606.4835	0.6977509
137.64	-577.5288	-606.4804	0.6978205
137.65	-577.411	-606.4773	0.6978912
137.66	-577.2932	-606.4743	0.6979629
137.67	-577.1754	-606.4713	0.6980357
137.68	-577.0576	-606.4683	0.6981093
137.69	-576.9398	-606.4653	0.6981839
137.7	-576.8221	-606.4623	0.6982592
137.71	-576.7043	-606.4594	0.6983353
137.72	-576.5866	-606.4564	0.6984122
137.73	-576.4689	-606.4535	0.6984897
137.74	-576.3512	-606.4506	0.6985679
137.75	-576.2335	-606.4477	0.6986467
137.76	-576.1158	-606.4449	0.6987261
137.77	-575.9982	-606.442	0.698806
137.78	-575.8805	-606.4392	0.6988864
137.79	-575.7629	-606.4364	0.6989673
137.8	-575.6453	-606.4337	0.6990486
137.81	-575.5276	-606.4308	0.6991305
137.82	-575.41	-606.4282	0.6992126
137.83	-575.2924	-606.4254	0.6992952
137.84	-575.1749	-606.4227	0.6993781
137.85	-575.0573	-606.4201	0.6994611
137.86	-574.9398	-606.4174	0.6995445
137.87	-574.8222	-606.4149	0.699628
137.88	-574.7047	-606.4122	0.6997117
137.89	-574.5872	-606.4097	0.6997957
137.9	-574.4697	-606.4071	0.6998795
137.91	-574.3522	-606.4046	0.6999633
137.92	-574.2347	-606.402	0.7000469
137.93	-574.1172	-606.3996	0.7001304
137.94	-573.9998	-606.3971	0.7002134
137.95	-573.8823	-606.3947	0.700296
137.96	-573.7649	-606.3923	0.700378
137.97	-573.6475	-606.3899	0.7004597
137.98	-573.53	-606.3876	0.7005409
137.99	-573.4127	-606.3852	0.7006213
138	-573.2953	-606.3829	0.7007011
138.01	-573.1779	-606.3806	0.70078
138.02	-573.0605	-606.3783	0.7008584
138.03	-572.9432	-606.376	0.7009361
138.04	-572.8259	-606.3738	0.701013
138.05	-572.7086	-606.3716	0.7010891
138.06	-572.5912	-606.3694	0.7011645
138.07	-572.4739	-606.3672	0.7012391
138.08	-572.3566	-606.3651	0.7013131
138.09	-572.2394	-606.363	0.7013865
138.1	-572.1221	-606.3609	0.701459
138.11	-572.0049	-606.3588	0.701531
138.12	-571.8876	-606.3568	0.7016023
138.13	-571.7704	-606.3547	0.7016731
138.14	-571.6532	-606.3528	0.7017433
138.15	-571.536	-606.3508	0.701813
138.16	-571.4188	-606.3488	0.7018822
138.17	-571.3016	-606.3469	0.701951
138.18	-571.1844	-606.3449	0.7020193
138.19	-571.0673	-606.3431	0.7020872
138.2	-570.9502	-606.3412	0.7021547
138.21	-570.8331	-606.3394	0.7022219
138.22	-570.7159	-606.3375	0.7022886
138.23	-570.5988	-606.3358	0.702355
138.24	-570.4817	-606.3339	0.7024212
138.25	-570.3646	-606.3322	0.702487
138.26	-570.2474	-606.3304	0.7025526
138.27	-570.1303	-606.3287	0.7026179
138.28	-570.0132	-606.327	0.7026829
138.29	-569.8961	-606.3253	0.7027476
138.3	-569.7791	-606.3237	0.7028123
138.31	-569.662	-606.3221	0.7028766
138.32	-569.5449	-606.3204	0.7029408
138.33	-569.4279	-606.3189	0.7030048
138.34	-569.3108	-606.3173	0.7030685
138.35	-569.1937	-606.3158	0.7031322
138.36	-569.0767	-606.3143	0.7031956
138.37	-568.9596	-606.3128	0.7032589
138.38	-568.8425	-606.3113	0.7033222
138.39	-568.7255	-606.3099	0.7033852
138.4	-568.6084	-606.3085	0.7034481
138.41	-568.4913	-606.3071	0.7035109
138.42	-568.3743	-606.3057	0.7035736
138.43	-568.2572	-606.3043	0.7036362
138.44	-568.1401	-606.303	0.7036987
138.45	-568.0231	-606.3017	0.7037613
138.46	-567.906	-606.3004	0.7038237
138.47	-567.7889	-606.2991	0.7038862
138.48	-567.6719	-606.2979	0.7039486
138.49	-567.5548	-606.2966	0.7040111
138.5	-567.4377	-606.2954	0.7040738
138.51	-567.3207	-606.2942	0.7041365
138.52	-567.2036	-606.2931	0.7041994
138.53	-567.0865	-606.2919	0.7042623
138.54	-566.9695	-606.2908	0.7043255
138.55	-566.8524	-606.2897	0.704389
138.56	-566.7354	-606.2886	0.7044526
138.57	-566.6183	-606.2876	0.7045165
138.58	-566.5012	-606.2866	0.7045804
138.59	-566.3841	-606.2856	0.7046447
138.6	-566.267	-606.2845	0.7047091
138.61	-566.15	-606.2836	0.7047738
138.62	-566.0328	-606.2827	0.7048389
138.63	-565.9157	-606.2817	0.7049041
138.64	-565.7986	-606.2808	0.7049696
138.65	-565.6815	-606.2799	0.7050353
138.66	-565.5643	-606.2791	0.7051014
138.67	-565.4472	-606.2783	0.7051678
138.68	-565.3301	-606.2775	0.7052345
138.69	-565.213	-606.2767	0.7053016
138.7	-565.0958	-606.2759	0.7053689
138.71	-564.9786	-606.2751	0.7054366
138.72	-564.8615	-606.2744	0.7055045
138.73	-564.7443	-606.2737	0.7055728
138.74	-564.6271	-606.2731	0.7056412
138.75	-564.5099	-606.2725	0.7057101
138.76	-564.3927	-606.2718	0.7057791
138.77	-564.2755	-606.2712	0.7058485
138.78	-564.1583	-606.2706	0.705918
138.79	-564.0411	-606.2701	0.7059879
138.8	-563.9238	-606.2695	0.706058
138.81	-563.8066	-606.269	0.7061283
138.82	-563.6893	-606.2685	0.7061988
138.83	-563.5721	-606.268	0.7062696
138.84	-563.4548	-606.2676	0.7063406
138.85	-563.3376	-606.2672	0.7064117
138.86	-563.2203	-606.2668	0.706483
138.87	-563.103	-606.2664	0.7065544
138.88	-562.9857	-606.2661	0.7066261
138.89	-562.8683	-606.2657	0.7066978
138.9	-562.751	-606.2654	0.7067698
138.91	-562.6337	-606.2651	0.7068418
138.92	-562.5164	-606.2649	0.7069141
138.93	-562.399	-606.2646	0.7069863
138.94	-562.2816	-606.2645	0.7070588
138.95	-562.1642	-606.2642	0.7071313
138.96	-562.0469	-606.2641	0.707204
138.97	-561.9295	-606.2639	0.7072768
138.98	-561.8121	-606.2639	0.7073497
138.99	-561.6947	-606.2637	0.7074226
139	-561.5773	-606.2637	0.7074956
139.01	-561.4598	-606.2636	0.7075686
139.02	-561.3424	-606.2636	0.7076418
139.03	-561.2249	-606.2635	0.707715
139.04	-561.1075	-606.2636	0.7077883
139.05	-560.99	-606.2636	0.7078617
139.06	-560.8725	-606.2637	0.7079351
139.07	-560.755	-606.2638	0.7080085
139.08	-560.6375	-606.2639	0.7080821
139.09	-560.52	-606.264	0.7081556
139.1	-560.4025	-606.2642	0.7082292
139.11	-560.285	-606.2644	0.7083029
139.12	-560.1674	-606.2646	0.7083765
139.13	-560.0499	-606.2648	0.7084503
139.14	-559.9323	-606.2651	0.708524
139.15	-559.8148	-606.2654	0.7085978
139.16	-559.6971	-606.2657	0.7086716
139.17	-559.5795	-606.2661	0.7087454
139.18	-559.4619	-606.2664	0.7088193
139.19	-559.3443	-606.2668	0.7088932
139.2	-559.2267	-606.2672	0.7089671
139.21	-559.1091	-606.2676	0.7090411
139.22	-558.9914	-606.2681	0.709115
139.23	-558.8737	-606.2686	0.709189
139.24	-558.756	-606.269	0.709263
139.25	-558.6384	-606.2696	0.7093371
139.26	-558.5207	-606.2701	0.7094111
139.27	-558.403	-606.2708	0.7094852
139.28	-558.2852	-606.2713	0.7095593
139.29	-558.1675	-606.272	0.7096333
139.3	-558.0497	-606.2726	0.7097074
139.31	-557.932	-606.2733	0.7097816
139.32	-557.8142	-606.274	0.7098556
139.33	-557.6964	-606.2747	0.7099298
139.34	-557.5786	-606.2755	0.7100039
139.35	-557.4608	-606.2762	0.7100779
139.36	-557.343	-606.277	0.7101519
139.37	-557.2252	-606.2779	0.7102259
139.38	-557.1073	-606.2787	0.7102999
139.39	-556.9894	-606.2796	0.7103739
139.4	-556.8716	-606.2805	0.7104477
139.41	-556.7537	-606.2814	0.7105215
139.42	-556.6358	-606.2823	0.7105953
139.43	-556.5179	-606.2833	0.7106689
139.44	-556.4	-606.2843	0.7107425
139.45	-556.282	-606.2853	0.7108158
139.46	-556.1641	-606.2864	0.7108891
139.47	-556.0461	-606.2875	0.7109623
139.48	-555.9282	-606.2885	0.7110354
139.49	-555.8102	-606.2897	0.7111084
139.5	-555.6922	-606.2908	0.7111811
139.51	-555.5742	-606.292	0.7112537
139.52	-555.4562	-606.2932	0.711326
139.53	-555.3381	-606.2944	0.7113982
139.54	-555.2201	-606.2956	0.7114701
139.55	-555.1021	-606.2968	0.7115417
139.56	-554.984	-606.2981	0.7116129
139.57	-554.8659	-606.2994	0.711684
139.58	-554.7478	-606.3007	0.7117548
139.59	-554.6297	-606.3021	0.7118252
139.6	-554.5116	-606.3035	0.7118952
139.61	-554.3934	-606.3048	0.7119649
139.62	-554.2753	-606.3063	0.7120342
139.63	-554.1571	-606.3077	0.7121032
139.64	-554.0389	-606.3092	0.7121717
139.65	-553.9208	-606.3107	0.7122396
139.66	-553.8026	-606.3122	0.712307
139.67	-553.6843	-606.3137	0.7123739
139.68	-553.5661	-606.3153	0.7124406
139.69	-553.4479	-606.3168	0.7125063
139.7	-553.3296	-606.3184	0.7125715
139.71	-553.2113	-606.3201	0.712636
139.72	-553.093	-606.3217	0.7126999
139.73	-552.9747	-606.3234	0.7127633
139.74	-552.8563	-606.325	0.7128261
139.75	-552.738	-606.3267	0.7128882
139.76	-552.6196	-606.3285	0.7129495
139.77	-552.5012	-606.3302	0.7130101
139.78	-552.3828	-606.332	0.7130702
139.79	-552.2644	-606.3338	0.7131294
139.8	-552.146	-606.3356	0.713188
139.81	-552.0276	-606.3375	0.7132459
139.82	-551.9091	-606.3393	0.7133033
139.83	-551.7906	-606.3412	0.71336
139.84	-551.6722	-606.3431	0.7134161
139.85	-551.5537	-606.345	0.7134718
139.86	-551.4352	-606.3469	0.713527
139.87	-551.3167	-606.3489	0.7135816
139.88	-551.1981	-606.3509	0.7136359
139.89	-551.0795	-606.3528	0.7136896
139.9	-550.9609	-606.3549	0.7137431
139.91	-550.8423	-606.3569	0.7137961
139.92	-550.7237	-606.3589	0.7138488
139.93	-550.605	-606.361	0.7139012
139.94	-550.4864	-606.3632	0.7139533
139.95	-550.3677	-606.3652	0.7140051
139.96	-550.249	-606.3674	0.7140566
139.97	-550.1303	-606.3696	0.7141079
139.98	-550.0116	-606.3717	0.7141588
139.99	-549.8929	-606.3738	0.7142097
140	-549.7741	-606.3761	0.7142602
140.01	-549.6553	-606.3783	0.7143105
140.02	-549.5366	-606.3805	0.7143607
140.03	-549.4177	-606.3828	0.7144107
140.04	-549.2989	-606.3851	0.7144604
140.05	-549.1801	-606.3873	0.7145101
140.06	-549.0612	-606.3897	0.7145596
140.07	-548.9423	-606.392	0.7146088
140.08	-548.8234	-606.3943	0.7146581
140.09	-548.7045	-606.3968	0.7147071
140.1	-548.5855	-606.3992	0.714756
140.11	-548.4666	-606.4016	0.7148047
140.12	-548.3476	-606.404	0.7148533
140.13	-548.2286	-606.4064	0.7149017
140.14	-548.1096	-606.4089	0.7149501
140.15	-547.9905	-606.4114	0.7149982
140.16	-547.8715	-606.4139	0.7150462
140.17	-547.7524	-606.4164	0.7150941
140.18	-547.6333	-606.4189	0.7151418
140.19	-547.5142	-606.4215	0.7151892
140.2	-547.3951	-606.4241	0.7152362
140.21	-547.2759	-606.4267	0.7152831
140.22	-547.1568	-606.4293	0.7153296
140.23	-547.0376	-606.4319	0.715376
140.24	-546.9184	-606.4345	0.7154219
140.25	-546.7992	-606.4372	0.7154673
140.26	-546.6799	-606.4398	0.7155123
140.27	-546.5607	-606.4425	0.7155569
140.28	-546.4414	-606.4453	0.7156012
140.29	-546.3221	-606.4479	0.7156448
140.3	-546.2028	-606.4506	0.7156878
140.31	-546.0835	-606.4534	0.71573
140.32	-545.9642	-606.4562	0.7157717
140.33	-545.8448	-606.4589	0.7158129
140.34	-545.7254	-606.4617	0.7158531
140.35	-545.606	-606.4645	0.7158924
140.36	-545.4866	-606.4673	0.7159309
140.37	-545.3671	-606.4702	0.7159687
140.38	-545.2477	-606.473	0.7160058
140.39	-545.1282	-606.4759	0.7160418
140.4	-545.0087	-606.4788	0.7160768
140.41	-544.8892	-606.4816	0.7161109
140.42	-544.7697	-606.4845	0.7161442
140.43	-544.6501	-606.4874	0.7161767
140.44	-544.5306	-606.4904	0.7162082
140.45	-544.411	-606.4933	0.7162389
140.46	-544.2914	-606.4962	0.7162687
140.47	-544.1718	-606.4991	0.7162978
140.48	-544.0521	-606.5021	0.7163262
140.49	-543.9325	-606.5051	0.7163538
140.5	-543.8128	-606.5081	0.7163808
140.51	-543.6931	-606.5111	0.7164071
140.52	-543.5734	-606.5141	0.7164329
140.53	-543.4536	-606.5171	0.716458
140.54	-543.3339	-606.5202	0.7164826
140.55	-543.2141	-606.5233	0.7165067
140.56	-543.0943	-606.5263	0.7165301
140.57	-542.9745	-606.5294	0.716553
140.58	-542.8547	-606.5324	0.7165755
140.59	-542.7349	-606.5355	0.7165973
140.6	-542.615	-606.5386	0.7166184
140.61	-542.4951	-606.5417	0.7166389
140.62	-542.3752	-606.5449	0.7166588
140.63	-542.2552	-606.548	0.7166781
140.64	-542.1353	-606.5511	0.7166969
140.65	-542.0154	-606.5542	0.7167147
140.66	-541.8954	-606.5573	0.7167314
140.67	-541.7754	-606.5605	0.7167472
140.68	-541.6554	-606.5637	0.7167621
140.69	-541.5354	-606.5669	0.7167755
140.7	-541.4153	-606.5701	0.7167877
140.71	-541.2953	-606.5732	0.7167986
140.72	-541.1752	-606.5764	0.7168084
140.73	-541.0551	-606.5796	0.7168171
140.74	-540.9349	-606.5828	0.7168239
140.75	-540.8148	-606.5859	0.7168289
140.76	-540.6946	-606.5891	0.7168322
140.77	-540.5745	-606.5923	0.716834
140.78	-540.4543	-606.5955	0.7168344
140.79	-540.3341	-606.5986	0.7168326
140.8	-540.2139	-606.6018	0.7168289
140.81	-540.0937	-606.605	0.7168235
140.82	-539.9734	-606.6082	0.7168162
140.83	-539.8532	-606.6113	0.7168073
140.84	-539.733	-606.6145	0.7167968
140.85	-539.6127	-606.6177	0.7167844
140.86	-539.4924	-606.6208	0.7167702
140.87	-539.3721	-606.624	0.7167543
140.88	-539.2518	-606.6271	0.7167367
140.89	-539.1315	-606.6303	0.7167175
140.9	-539.0112	-606.6335	0.7166967
140.91	-538.8909	-606.6367	0.7166743
140.92	-538.7706	-606.6398	0.7166506
140.93	-538.6503	-606.643	0.7166255
140.94	-538.53	-606.6461	0.716599
140.95	-538.4097	-606.6493	0.7165713
140.96	-538.2894	-606.6525	0.7165422
140.97	-538.1691	-606.6556	0.7165121
140.98	-538.0488	-606.6588	0.7164809
140.99	-537.9286	-606.6619	0.7164486
141	-537.8083	-606.6651	0.7164152
141.01	-537.6881	-606.6682	0.7163808
141.02	-537.5679	-606.6713	0.7163455
141.03	-537.4476	-606.6744	0.7163092
141.04	-537.3274	-606.6775	0.7162719
141.05	-537.2072	-606.6806	0.7162337
141.06	-537.0869	-606.6837	0.7161944
141.07	-536.9667	-606.6868	0.7161543
141.08	-536.8464	-606.6899	0.7161133
141.09	-536.7263	-606.6929	0.7160711
141.1	-536.6061	-606.696	0.7160276
141.11	-536.4859	-606.699	0.715983
141.12	-536.3657	-606.702	0.7159373
141.13	-536.2455	-606.7051	0.7158906
141.14	-536.1254	-606.708	0.7158422
141.15	-536.0052	-606.711	0.7157922
141.16	-535.885	-606.714	0.7157406
141.17	-535.7648	-606.7169	0.7156877
141.18	-535.6447	-606.7198	0.7156334
141.19	-535.5245	-606.7228	0.7155771
141.2	-535.4044	-606.7256	0.7155188
141.21	-535.2843	-606.7286	0.7154588
141.22	-535.1642	-606.7314	0.7153969
141.23	-535.0441	-606.7343	0.7153335
141.24	-534.924	-606.7371	0.7152685
141.25	-534.8038	-606.7399	0.7152014
141.26	-534.6837	-606.7427	0.7151323
141.27	-534.5636	-606.7454	0.7150614
141.28	-534.4435	-606.7482	0.7149886
141.29	-534.3234	-606.7509	0.714914
141.3	-534.2034	-606.7536	0.7148378
141.31	-534.0833	-606.7562	0.7147601
141.32	-533.9633	-606.7589	0.7146808
141.33	-533.8432	-606.7615	0.7146001
141.34	-533.7232	-606.7641	0.7145181
141.35	-533.6032	-606.7667	0.7144347
141.36	-533.4832	-606.7693	0.7143503
141.37	-533.3632	-606.7719	0.7142647
141.38	-533.2432	-606.7744	0.7141781
141.39	-533.1232	-606.7769	0.7140905
141.4	-533.0032	-606.7793	0.7140018
141.41	-532.8832	-606.7817	0.7139124
141.42	-532.7633	-606.7842	0.7138221
141.43	-532.6434	-606.7866	0.713731
141.44	-532.5234	-606.7889	0.7136391
141.45	-532.4035	-606.7913	0.7135466
141.46	-532.2836	-606.7936	0.7134534
141.47	-532.1636	-606.7959	0.7133596
141.48	-532.0438	-606.7982	0.7132651
141.49	-531.9239	-606.8004	0.7131702
141.5	-531.804	-606.8026	0.7130747
141.51	-531.6841	-606.8047	0.7129787
141.52	-531.5643	-606.8069	0.7128822
141.53	-531.4444	-606.809	0.7127853
141.54	-531.3246	-606.8111	0.712688
141.55	-531.2048	-606.8132	0.7125903
141.56	-531.085	-606.8152	0.7124923
141.57	-530.9651	-606.8173	0.7123939
141.58	-530.8453	-606.8193	0.7122952
141.59	-530.7256	-606.8212	0.7121964
141.6	-530.6058	-606.8231	0.7120975
141.61	-530.4861	-606.8251	0.7119985
141.62	-530.3663	-606.8269	0.7118993
141.63	-530.2466	-606.8287	0.7118002
141.64	-530.1269	-606.8306	0.7117012
141.65	-530.0072	-606.8323	0.7116023
141.66	-529.8875	-606.834	0.7115037
141.67	-529.7678	-606.8358	0.7114055
141.68	-529.6481	-606.8375	0.7113072
141.69	-529.5285	-606.8391	0.7112097
141.7	-529.4089	-606.8408	0.7111127
141.71	-529.2892	-606.8423	0.7110162
141.72	-529.1696	-606.8439	0.7109203
141.73	-529.05	-606.8455	0.7108248
141.74	-528.9304	-606.8469	0.7107304
141.75	-528.8109	-606.8484	0.710637
141.76	-528.6913	-606.8499	0.7105443
141.77	-528.5717	-606.8513	0.7104527
141.78	-528.4521	-606.8528	0.7103618
141.79	-528.3326	-606.8541	0.7102723
141.8	-528.213	-606.8555	0.710184
141.81	-528.0934	-606.8568	0.7100969
141.82	-527.9739	-606.8581	0.7100109
141.83	-527.8543	-606.8594	0.7099261
141.84	-527.7348	-606.8606	0.7098427
141.85	-527.6153	-606.8619	0.7097608
141.86	-527.4958	-606.863	0.7096801
141.87	-527.3763	-606.8643	0.7096008
141.88	-527.2568	-606.8654	0.7095225
141.89	-527.1373	-606.8665	0.7094461
141.9	-527.0178	-606.8676	0.7093711
141.91	-526.8983	-606.8687	0.7092977
141.92	-526.7787	-606.8697	0.7092256
141.93	-526.6592	-606.8707	0.7091548
141.94	-526.5398	-606.8717	0.709086
141.95	-526.4203	-606.8727	0.7090189
141.96	-526.3009	-606.8736	0.7089535
141.97	-526.1815	-606.8746	0.7088897
141.98	-526.062	-606.8754	0.7088273
141.99	-525.9426	-606.8763	0.7087669
142	-525.8231	-606.8773	0.7087084
142.01	-525.7037	-606.8781	0.7086514
142.02	-525.5842	-606.8789	0.7085962
142.03	-525.4648	-606.8798	0.7085424
142.04	-525.3454	-606.8805	0.7084904
142.05	-525.226	-606.8813	0.7084401
142.06	-525.1066	-606.8821	0.7083912
142.07	-524.9871	-606.8828	0.7083439
142.08	-524.8677	-606.8835	0.7082979
142.09	-524.7483	-606.8842	0.7082534
142.1	-524.6289	-606.8848	0.7082101
142.11	-524.5095	-606.8855	0.7081681
142.12	-524.3901	-606.8862	0.7081274
142.13	-524.2708	-606.8868	0.7080877
142.14	-524.1514	-606.8873	0.7080492
142.15	-524.032	-606.8879	0.7080117
142.16	-523.9126	-606.8885	0.7079753
142.17	-523.7932	-606.8891	0.7079398
142.18	-523.6738	-606.8896	0.7079052
142.19	-523.5544	-606.8901	0.7078716
142.2	-523.435	-606.8907	0.707839
142.21	-523.3156	-606.8912	0.7078073
142.22	-523.1961	-606.8916	0.7077764
142.23	-523.0767	-606.8921	0.7077463
142.24	-522.9572	-606.8926	0.7077171
142.25	-522.8378	-606.893	0.707689
142.26	-522.7183	-606.8934	0.7076617
142.27	-522.5989	-606.8939	0.7076353
142.28	-522.4794	-606.8942	0.7076096
142.29	-522.36	-606.8946	0.7075848
142.3	-522.2405	-606.895	0.7075609
142.31	-522.121	-606.8953	0.7075378
142.32	-522.0015	-606.8957	0.7075154
142.33	-521.882	-606.8961	0.7074937
142.34	-521.7625	-606.8963	0.7074728
142.35	-521.643	-606.8966	0.7074528
142.36	-521.5235	-606.8969	0.7074335
142.37	-521.404	-606.8972	0.7074149
142.38	-521.2844	-606.8975	0.707397
142.39	-521.1649	-606.8978	0.7073801
142.4	-521.0454	-606.8981	0.7073637
142.41	-520.9258	-606.8983	0.707348
142.42	-520.8063	-606.8986	0.707333
142.43	-520.6867	-606.8987	0.7073187
142.44	-520.5671	-606.899	0.7073049
142.45	-520.4476	-606.8992	0.7072918
142.46	-520.328	-606.8995	0.7072792
142.47	-520.2084	-606.8997	0.7072672
142.48	-520.0887	-606.8998	0.7072558
142.49	-519.9691	-606.9	0.7072448
142.5	-519.8495	-606.9002	0.7072344
142.51	-519.7299	-606.9004	0.7072243
142.52	-519.6102	-606.9006	0.7072147
142.53	-519.4905	-606.9008	0.7072055
142.54	-519.3709	-606.9009	0.7071967
142.55	-519.2512	-606.9011	0.7071883
142.56	-519.1315	-606.9012	0.7071802
142.57	-519.0118	-606.9013	0.7071725
142.58	-518.8921	-606.9014	0.7071651
142.59	-518.7724	-606.9016	0.707158
142.6	-518.6526	-606.9017	0.7071514
142.61	-518.5329	-606.9018	0.707145
142.62	-518.4131	-606.9019	0.707139
142.63	-518.2933	-606.902	0.7071332
142.64	-518.1736	-606.9022	0.7071278
142.65	-518.0538	-606.9023	0.7071229
142.66	-517.934	-606.9024	0.7071182
142.67	-517.8141	-606.9025	0.7071137
142.68	-517.6942	-606.9026	0.7071096
142.69	-517.5743	-606.9026	0.7071058
142.7	-517.4545	-606.9027	0.7071025
142.71	-517.3346	-606.9028	0.7070997
142.72	-517.2147	-606.9028	0.7070974
142.73	-517.0947	-606.9029	0.7070955
142.74	-516.9748	-606.903	0.7070943
142.75	-516.8549	-606.903	0.7070937
142.76	-516.7349	-606.9031	0.7070937
142.77	-516.6149	-606.9031	0.7070943
142.78	-516.4948	-606.9032	0.7070954
142.79	-516.3748	-606.9033	0.7070972
142.8	-516.2548	-606.9033	0.7070998
142.81	-516.1347	-606.9034	0.7071031
142.82	-516.0146	-606.9034	0.707107
142.83	-515.8945	-606.9035	0.7071115
142.84	-515.7744	-606.9036	0.7071165
142.85	-515.6542	-606.9036	0.7071225
142.86	-515.5341	-606.9037	0.7071292
142.87	-515.4139	-606.9037	0.7071368
142.88	-515.2936	-606.9038	0.7071451
142.89	-515.1735	-606.9039	0.7071542
142.9	-515.0532	-606.9039	0.7071642
142.91	-514.933	-606.904	0.7071749
142.92	-514.8127	-606.9041	0.7071864
142.93	-514.6924	-606.9042	0.7071987
142.94	-514.5721	-606.9042	0.7072116
142.95	-514.4518	-606.9043	0.7072252
142.96	-514.3314	-606.9044	0.7072394
142.97	-514.2111	-606.9044	0.7072543
142.98	-514.0906	-606.9045	0.7072697
142.99	-513.9703	-606.9045	0.7072856
143	-513.8499	-606.9046	0.7073021
143.01	-513.7294	-606.9047	0.707319
143.02	-513.6089	-606.9049	0.7073364
143.03	-513.4885	-606.905	0.7073542
143.04	-513.368	-606.9052	0.7073724
143.05	-513.2474	-606.9053	0.707391
143.06	-513.1269	-606.9054	0.70741
143.07	-513.0063	-606.9055	0.7074292
143.08	-512.8857	-606.9056	0.7074489
143.09	-512.7651	-606.9058	0.7074689
143.1	-512.6445	-606.9059	0.7074891
143.11	-512.5239	-606.9061	0.7075096
143.12	-512.4032	-606.9062	0.7075304
143.13	-512.2825	-606.9063	0.7075514
143.14	-512.1618	-606.9064	0.7075726
143.15	-512.0411	-606.9066	0.7075941
143.16	-511.9203	-606.9067	0.7076157
143.17	-511.7995	-606.907	0.7076377
143.18	-511.6787	-606.9072	0.7076597
143.19	-511.5579	-606.9073	0.707682
143.2	-511.4371	-606.9075	0.7077043
143.21	-511.3163	-606.9077	0.7077268
143.22	-511.1954	-606.9079	0.7077495
143.23	-511.0745	-606.9081	0.7077724
143.24	-510.9536	-606.9083	0.7077953
143.25	-510.8326	-606.9085	0.7078182
143.26	-510.7116	-606.9087	0.7078411
143.27	-510.5906	-606.9089	0.7078641
143.28	-510.4696	-606.9092	0.7078871
143.29	-510.3486	-606.9094	0.7079098
143.3	-510.2276	-606.9097	0.7079322
143.31	-510.1065	-606.91	0.7079544
143.32	-509.9854	-606.9102	0.7079763
143.33	-509.8643	-606.9105	0.707998
143.34	-509.7432	-606.9107	0.7080188
143.35	-509.622	-606.9109	0.7080386
143.36	-509.5008	-606.9112	0.7080577
143.37	-509.3796	-606.9114	0.7080761
143.38	-509.2584	-606.9117	0.7080938
143.39	-509.1371	-606.912	0.7081097
143.4	-509.0159	-606.9122	0.7081242
143.41	-508.8946	-606.9125	0.7081372
143.42	-508.7733	-606.9127	0.7081488
143.43	-508.652	-606.913	0.7081592
143.44	-508.5306	-606.9133	0.708167
143.45	-508.4093	-606.9135	0.7081722
143.46	-508.2879	-606.9138	0.7081751
143.47	-508.1664	-606.914	0.7081758
143.48	-508.045	-606.9142	0.7081745
143.49	-507.9235	-606.9145	0.7081712
143.5	-507.8021	-606.9147	0.708165
143.51	-507.6806	-606.915	0.708156
143.52	-507.5591	-606.9152	0.7081444
143.53	-507.4375	-606.9155	0.7081303
143.54	-507.3159	-606.9157	0.7081131
143.55	-507.1944	-606.916	0.7080929
143.56	-507.0728	-606.9161	0.70807
143.57	-506.9511	-606.9164	0.7080445
143.58	-506.8295	-606.9166	0.7080166
143.59	-506.7078	-606.9168	0.7079856
143.6	-506.5862	-606.917	0.7079518
143.61	-506.4644	-606.9171	0.7079154
143.62	-506.3427	-606.9173	0.7078764
143.63	-506.2209	-606.9175	0.7078351
143.64	-506.0992	-606.9177	0.707791
143.65	-505.9774	-606.9177	0.7077442
143.66	-505.8556	-606.9178	0.7076949
143.67	-505.7338	-606.918	0.7076434
143.68	-505.6119	-606.918	0.7075895
143.69	-505.4901	-606.9182	0.7075332
143.7	-505.3682	-606.9182	0.7074745
143.71	-505.2463	-606.9182	0.7074137
143.72	-505.1244	-606.9183	0.7073507
143.73	-505.0024	-606.9183	0.7072857
143.74	-504.8804	-606.9183	0.7072189
143.75	-504.7585	-606.9183	0.70715
143.76	-504.6365	-606.9183	0.7070794
143.77	-504.5145	-606.9182	0.7070068
143.78	-504.3925	-606.9182	0.7069326
143.79	-504.2705	-606.918	0.7068568
143.8	-504.1484	-606.918	0.7067794
143.81	-504.0264	-606.9178	0.7067006
143.82	-503.9043	-606.9177	0.7066204
143.83	-503.7823	-606.9175	0.7065389
143.84	-503.6602	-606.9174	0.7064561
143.85	-503.5381	-606.9172	0.706372
143.86	-503.416	-606.917	0.7062867
143.87	-503.2939	-606.9167	0.7062004
143.88	-503.1718	-606.9164	0.7061129
143.89	-503.0497	-606.9162	0.7060244
143.9	-502.9276	-606.9159	0.7059347
143.91	-502.8055	-606.9156	0.7058441
143.92	-502.6833	-606.9152	0.7057526
143.93	-502.5612	-606.9148	0.7056602
143.94	-502.4391	-606.9144	0.7055669
143.95	-502.3169	-606.914	0.7054725
143.96	-502.1948	-606.9136	0.7053772
143.97	-502.0727	-606.9131	0.705281
143.98	-501.9505	-606.9125	0.7051837
143.99	-501.8284	-606.912	0.7050855
144	-501.7062	-606.9114	0.7049861
144.01	-501.5841	-606.9108	0.7048857
144.02	-501.462	-606.9102	0.7047845
144.03	-501.3398	-606.9095	0.7046822
144.04	-501.2177	-606.9088	0.7045789
144.05	-501.0956	-606.9081	0.7044747
144.06	-500.9735	-606.9074	0.7043695
144.07	-500.8514	-606.9066	0.7042633
144.08	-500.7293	-606.9058	0.7041562
144.09	-500.6072	-606.905	0.7040484
144.1	-500.4851	-606.9041	0.7039397
144.11	-500.363	-606.9032	0.7038302
144.12	-500.2409	-606.9023	0.70372
144.13	-500.1188	-606.9013	0.703609
144.14	-499.9967	-606.9003	0.7034975
144.15	-499.8746	-606.8992	0.7033853
144.16	-499.7526	-606.8982	0.7032726
144.17	-499.6305	-606.8971	0.7031594
144.18	-499.5085	-606.8959	0.7030456
144.19	-499.3865	-606.8948	0.7029313
144.2	-499.2645	-606.8936	0.7028167
144.21	-499.1425	-606.8924	0.7027017
144.22	-499.0204	-606.8911	0.7025864
144.23	-498.8984	-606.8898	0.7024707
144.24	-498.7765	-606.8885	0.7023552
144.25	-498.6545	-606.8871	0.7022399
144.26	-498.5325	-606.8857	0.7021247
144.27	-498.4106	-606.8842	0.7020095
144.28	-498.2886	-606.8828	0.7018946
144.29	-498.1666	-606.8813	0.7017809
144.3	-498.0447	-606.8798	0.701668
144.31	-497.9227	-606.8782	0.7015562
144.32	-497.8008	-606.8766	0.7014452
144.33	-497.6788	-606.8749	0.7013351
144.34	-497.5569	-606.8732	0.7012272
144.35	-497.4351	-606.8715	0.7011213
144.36	-497.3132	-606.8698	0.7010173
144.37	-497.1913	-606.868	0.7009152
144.38	-497.0694	-606.8662	0.7008147
144.39	-496.9475	-606.8644	0.7007171
144.4	-496.8257	-606.8626	0.7006222
144.41	-496.7039	-606.8608	0.7005299
144.42	-496.5821	-606.8589	0.70044
144.43	-496.4602	-606.8569	0.7003524
144.44	-496.3384	-606.855	0.7002669
144.45	-496.2167	-606.853	0.7001847
144.46	-496.0949	-606.8511	0.7001055
144.47	-495.9732	-606.8491	0.7000291
144.48	-495.8514	-606.847	0.6999555
144.49	-495.7297	-606.845	0.6998851
144.5	-495.608	-606.8429	0.6998178
144.51	-495.4864	-606.8408	0.6997533
144.52	-495.3647	-606.8387	0.6996917
144.53	-495.243	-606.8365	0.6996325
144.54	-495.1214	-606.8344	0.6995758
144.55	-494.9998	-606.8322	0.6995223
144.56	-494.8781	-606.83	0.6994718
144.57	-494.7565	-606.8278	0.6994241
144.58	-494.6349	-606.8256	0.6993791
144.59	-494.5134	-606.8233	0.6993374
144.6	-494.3918	-606.821	0.6992986
144.61	-494.2703	-606.8187	0.6992628
144.62	-494.1488	-606.8164	0.6992296
144.63	-494.0273	-606.8141	0.699199
144.64	-493.9058	-606.8118	0.6991715
144.65	-493.7844	-606.8094	0.6991472
144.66	-493.6629	-606.8071	0.6991256
144.67	-493.5414	-606.8047	0.6991067
144.68	-493.42	-606.8023	0.6990904
144.69	-493.2986	-606.7999	0.6990774
144.7	-493.1772	-606.7975	0.6990673
144.71	-493.0558	-606.7952	0.6990603
144.72	-492.9344	-606.7927	0.6990559
144.73	-492.8131	-606.7903	0.6990541
144.74	-492.6917	-606.7878	0.6990559
144.75	-492.5704	-606.7854	0.6990608
144.76	-492.4491	-606.783	0.6990688
144.77	-492.3278	-606.7805	0.6990798
144.78	-492.2065	-606.7781	0.6990935
144.79	-492.0852	-606.7756	0.6991097
144.8	-491.964	-606.7732	0.6991295
144.81	-491.8427	-606.7708	0.6991524
144.82	-491.7215	-606.7684	0.6991783
144.83	-491.6003	-606.7659	0.6992072
144.84	-491.4791	-606.7635	0.6992393
144.85	-491.3579	-606.761	0.6992742
144.86	-491.2368	-606.7587	0.699312
144.87	-491.1156	-606.7562	0.6993526
144.88	-490.9944	-606.7538	0.6993956
144.89	-490.8733	-606.7513	0.699441
144.9	-490.7522	-606.749	0.6994888
144.91	-490.6311	-606.7465	0.6995387
144.92	-490.51	-606.7441	0.6995907
144.93	-490.3889	-606.7418	0.6996447
144.94	-490.2679	-606.7394	0.6997006
144.95	-490.1468	-606.7371	0.6997582
144.96	-490.0257	-606.7347	0.6998174
144.97	-489.9047	-606.7324	0.6998782
144.98	-489.7836	-606.73	0.6999405
144.99	-489.6626	-606.7277	0.7000043
145	-489.5416	-606.7255	0.7000692
145.01	-489.4206	-606.7231	0.7001356
145.02	-489.2996	-606.7208	0.7002031
145.03	-489.1786	-606.7186	0.7002717
145.04	-489.0576	-606.7162	0.7003413
145.05	-488.9367	-606.7141	0.700412
145.06	-488.8157	-606.7118	0.7004836
145.07	-488.6947	-606.7096	0.700556
145.08	-488.5738	-606.7073	0.7006294
145.09	-488.4528	-606.7052	0.7007035
145.1	-488.3319	-606.703	0.7007784
145.11	-488.211	-606.7009	0.7008539
145.12	-488.0901	-606.6987	0.7009302
145.13	-487.9692	-606.6966	0.7010071
145.14	-487.8483	-606.6945	0.7010846
145.15	-487.7274	-606.6924	0.7011626
145.16	-487.6065	-606.6903	0.7012412
145.17	-487.4857	-606.6883	0.7013202
145.18	-487.3648	-606.6862	0.7013998
145.19	-487.2439	-606.6843	0.7014797
145.2	-487.1231	-606.6823	0.7015601
145.21	-487.0022	-606.6803	0.7016408
145.22	-486.8814	-606.6783	0.7017218
145.23	-486.7605	-606.6764	0.7018032
145.24	-486.6397	-606.6744	0.7018847
145.25	-486.5189	-606.6726	0.7019663
145.26	-486.3981	-606.6708	0.7020481
145.27	-486.2773	-606.6689	0.70213
145.28	-486.1564	-606.6671	0.702212
145.29	-486.0356	-606.6653	0.7022937
145.3	-485.9148	-606.6635	0.7023752
145.31	-485.794	-606.6617	0.7024564
145.32	-485.6732	-606.66	0.7025375
145.33	-485.5525	-606.6583	0.7026182
145.34	-485.4317	-606.6566	0.7026983
145.35	-485.3109	-606.6549	0.7027777
145.36	-485.1902	-606.6533	0.7028566
145.37	-485.0694	-606.6516	0.7029349
145.38	-484.9486	-606.65	0.7030126
145.39	-484.8279	-606.6484	0.7030892
145.4	-484.7071	-606.6469	0.7031651
145.41	-484.5863	-606.6453	0.70324
145.42	-484.4656	-606.6438	0.7033141
145.43	-484.3448	-606.6423	0.7033873
145.44	-484.2241	-606.6408	0.7034599
145.45	-484.1033	-606.6393	0.7035313
145.46	-483.9826	-606.6379	0.7036016
145.47	-483.8618	-606.6365	0.7036708
145.48	-483.7411	-606.6351	0.7037391
145.49	-483.6203	-606.6337	0.7038065
145.5	-483.4996	-606.6324	0.7038726
145.51	-483.3789	-606.631	0.7039376
145.52	-483.2581	-606.6297	0.7040015
145.53	-483.1374	-606.6284	0.7040644
145.54	-483.0167	-606.6271	0.7041261
145.55	-482.896	-606.6259	0.7041866
145.56	-482.7753	-606.6246	0.7042459
145.57	-482.6546	-606.6234	0.7043043
145.58	-482.5338	-606.6223	0.7043618
145.59	-482.4131	-606.621	0.7044182
145.6	-482.2924	-606.6199	0.7044733
145.61	-482.1717	-606.6188	0.704527
145.62	-482.051	-606.6176	0.7045794
145.63	-481.9303	-606.6165	0.7046306
145.64	-481.8096	-606.6154	0.7046801
145.65	-481.6889	-606.6143	0.7047279
145.66	-481.5681	-606.6133	0.7047743
145.67	-481.4474	-606.6122	0.7048194
145.68	-481.3267	-606.6112	0.704863
145.69	-481.206	-606.6102	0.7049047
145.7	-481.0853	-606.6092	0.7049446
145.71	-480.9645	-606.6082	0.7049826
145.72	-480.8438	-606.6072	0.705019
145.73	-480.723	-606.6063	0.7050539
145.74	-480.6022	-606.6053	0.7050872
145.75	-480.4815	-606.6044	0.7051184
145.76	-480.3607	-606.6035	0.7051474
145.77	-480.2399	-606.6025	0.7051746
145.78	-480.1191	-606.6016	0.7052
145.79	-479.9983	-606.6008	0.705223
145.8	-479.8775	-606.5999	0.7052438
145.81	-479.7567	-606.599	0.7052625
145.82	-479.6358	-606.5981	0.7052793
145.83	-479.5149	-606.5973	0.7052941
145.84	-479.3941	-606.5964	0.7053065
145.85	-479.2732	-606.5956	0.7053166
145.86	-479.1523	-606.5947	0.7053246
145.87	-479.0313	-606.5939	0.7053305
145.88	-478.9104	-606.593	0.7053344
145.89	-478.7894	-606.5922	0.7053366
145.9	-478.6685	-606.5914	0.7053364
145.91	-478.5475	-606.5906	0.705334
145.92	-478.4265	-606.5898	0.7053295
145.93	-478.3054	-606.589	0.7053232
145.94	-478.1844	-606.5882	0.7053147
145.95	-478.0633	-606.5874	0.7053041
145.96	-477.9422	-606.5866	0.7052917
145.97	-477.8211	-606.5858	0.7052776
145.98	-477.7	-606.585	0.7052616
145.99	-477.5789	-606.5842	0.7052441
146	-477.4577	-606.5834	0.7052251
146.01	-477.3366	-606.5826	0.7052045
146.02	-477.2154	-606.5818	0.7051825
146.03	-477.0942	-606.581	0.7051592
146.04	-476.973	-606.5802	0.7051348
146.05	-476.8517	-606.5794	0.7051091
146.06	-476.7305	-606.5786	0.7050823
146.07	-476.6092	-606.5778	0.7050545
146.08	-476.4879	-606.577	0.7050256
146.09	-476.3666	-606.5762	0.7049959
146.1	-476.2453	-606.5754	0.7049653
146.11	-476.124	-606.5746	0.7049338
146.12	-476.0027	-606.5737	0.7049016
146.13	-475.8813	-606.5729	0.7048686
146.14	-475.76	-606.572	0.7048349
146.15	-475.6387	-606.5712	0.7048006
146.16	-475.5173	-606.5703	0.7047656
146.17	-475.3959	-606.5694	0.7047301
146.18	-475.2745	-606.5685	0.704694
146.19	-475.1532	-606.5677	0.7046574
146.2	-475.0318	-606.5668	0.7046202
146.21	-474.9104	-606.5659	0.7045826
146.22	-474.7891	-606.5651	0.7045447
146.23	-474.6677	-606.5642	0.7045063
146.24	-474.5463	-606.5633	0.7044674
146.25	-474.4249	-606.5623	0.7044282
146.26	-474.3036	-606.5614	0.7043887
146.27	-474.1822	-606.5605	0.7043489
146.28	-474.0608	-606.5595	0.7043087
146.29	-473.9395	-606.5586	0.7042683
146.3	-473.8182	-606.5577	0.7042276
146.31	-473.6969	-606.5567	0.7041867
146.32	-473.5756	-606.5557	0.7041455
146.33	-473.4543	-606.5547	0.7041041
146.34	-473.333	-606.5537	0.7040626
146.35	-473.2117	-606.5527	0.7040209
146.36	-473.0905	-606.5517	0.7039791
146.37	-472.9692	-606.5507	0.7039372
146.38	-472.848	-606.5496	0.7038951
146.39	-472.7267	-606.5485	0.703853
146.4	-472.6056	-606.5475	0.7038108
146.41	-472.4844	-606.5464	0.7037686
146.42	-472.3632	-606.5454	0.7037263
146.43	-472.242	-606.5443	0.703684
146.44	-472.1208	-606.5432	0.7036417
146.45	-471.9997	-606.5421	0.7035995
146.46	-471.8786	-606.541	0.7035574
146.47	-471.7575	-606.5398	0.7035155
146.48	-471.6364	-606.5387	0.7034737
146.49	-471.5153	-606.5375	0.7034321
146.5	-471.3942	-606.5363	0.7033908
146.51	-471.2732	-606.5352	0.7033499
146.52	-471.1522	-606.534	0.7033094
146.53	-471.0311	-606.5328	0.7032691
146.54	-470.9101	-606.5316	0.7032295
146.55	-470.7892	-606.5303	0.7031904
146.56	-470.6682	-606.5291	0.7031519
146.57	-470.5472	-606.5279	0.7031139
146.58	-470.4263	-606.5266	0.7030764
146.59	-470.3053	-606.5254	0.7030393
146.6	-470.1844	-606.5241	0.7030033
146.61	-470.0635	-606.5228	0.7029682
146.62	-469.9426	-606.5215	0.7029341
146.63	-469.8217	-606.5202	0.7029009
146.64	-469.7009	-606.5189	0.702869
146.65	-469.58	-606.5176	0.7028384
146.66	-469.4592	-606.5164	0.7028089
146.67	-469.3384	-606.515	0.7027807
146.68	-469.2176	-606.5136	0.7027534
146.69	-469.0968	-606.5123	0.7027279
146.7	-468.9761	-606.5109	0.7027038
146.71	-468.8553	-606.5096	0.7026811
146.72	-468.7346	-606.5082	0.7026597
146.73	-468.6138	-606.5068	0.7026395
146.74	-468.4931	-606.5055	0.7026212
146.75	-468.3724	-606.5042	0.7026046
146.76	-468.2517	-606.5027	0.7025896
146.77	-468.1311	-606.5013	0.702576
146.78	-468.0104	-606.4999	0.7025638
146.79	-467.8898	-606.4985	0.7025534
146.8	-467.7692	-606.4971	0.7025447
146.81	-467.6486	-606.4957	0.7025377
146.82	-467.528	-606.4943	0.7025321
146.83	-467.4073	-606.4929	0.702528
146.84	-467.2868	-606.4915	0.7025253
146.85	-467.1662	-606.4901	0.7025239
146.86	-467.0457	-606.4887	0.7025239
146.87	-466.9251	-606.4873	0.7025253
146.88	-466.8046	-606.4859	0.7025276
146.89	-466.6841	-606.4845	0.7025312
146.9	-466.5637	-606.4831	0.7025358
146.91	-466.4432	-606.4817	0.7025414
146.92	-466.3228	-606.4803	0.7025479
146.93	-466.2023	-606.4789	0.7025553
146.94	-466.0819	-606.4775	0.7025638
146.95	-465.9615	-606.4761	0.7025735
146.96	-465.8411	-606.4747	0.7025841
146.97	-465.7207	-606.4733	0.7025957
146.98	-465.6003	-606.4719	0.7026081
146.99	-465.48	-606.4705	0.7026222
147	-465.3596	-606.4691	0.702638
147.01	-465.2393	-606.4677	0.7026551
147.02	-465.119	-606.4663	0.7026738
147.03	-464.9987	-606.4649	0.7026937
147.04	-464.8784	-606.4635	0.7027158
147.05	-464.7582	-606.4621	0.70274
147.06	-464.6379	-606.4607	0.7027661
147.07	-464.5177	-606.4593	0.702794
147.08	-464.3975	-606.4579	0.7028237
147.09	-464.2773	-606.4565	0.7028559
147.1	-464.1571	-606.4552	0.7028904
147.11	-464.0369	-606.4539	0.702927
147.12	-463.9167	-606.4526	0.7029657
147.13	-463.7965	-606.4512	0.7030064
147.14	-463.6764	-606.4499	0.7030492
147.15	-463.5563	-606.4485	0.7030939
147.16	-463.4362	-606.4473	0.7031405
147.17	-463.3161	-606.446	0.7031889
147.18	-463.196	-606.4448	0.7032388
147.19	-463.076	-606.4435	0.7032903
147.2	-462.9559	-606.4423	0.7033433
147.21	-462.8359	-606.441	0.7033976
147.22	-462.7159	-606.4398	0.7034533
147.23	-462.5958	-606.4386	0.7035102
147.24	-462.4758	-606.4374	0.703568
147.25	-462.3559	-606.4362	0.7036268
147.26	-462.2359	-606.435	0.7036862
147.27	-462.1159	-606.4339	0.7037465
147.28	-461.996	-606.4327	0.7038074
147.29	-461.8761	-606.4316	0.7038687
147.3	-461.7562	-606.4305	0.7039301
147.31	-461.6363	-606.4294	0.7039918
147.32	-461.5164	-606.4283	0.7040536
147.33	-461.3965	-606.4272	0.7041156
147.34	-461.2767	-606.4262	0.7041768
147.35	-461.1568	-606.4251	0.7042372
147.36	-461.037	-606.4241	0.7042969
147.37	-460.9172	-606.4231	0.7043559
147.38	-460.7974	-606.4221	0.7044142
147.39	-460.6776	-606.4211	0.7044708
147.4	-460.5579	-606.42	0.7045255
147.41	-460.4381	-606.4191	0.7045787
147.42	-460.3184	-606.4182	0.7046304
147.43	-460.1986	-606.4172	0.7046807
147.44	-460.0789	-606.4162	0.7047284
147.45	-459.9592	-606.4153	0.7047737
147.46	-459.8395	-606.4143	0.7048169
147.47	-459.7199	-606.4134	0.7048578
147.48	-459.6002	-606.4125	0.7048968
147.49	-459.4806	-606.4116	0.7049327
147.5	-459.361	-606.4107	0.7049658
147.51	-459.2414	-606.4098	0.7049961
147.52	-459.1218	-606.4089	0.7050238
147.53	-459.0022	-606.408	0.7050492
147.54	-458.8826	-606.4071	0.7050709
147.55	-458.7631	-606.4062	0.7050894
147.56	-458.6435	-606.4053	0.7051047
147.57	-458.524	-606.4044	0.705117
147.58	-458.4044	-606.4035	0.7051266
147.59	-458.285	-606.4026	0.7051327
147.6	-458.1655	-606.4018	0.7051356
147.61	-458.046	-606.4009	0.7051356
147.62	-457.9266	-606.4001	0.7051327
147.63	-457.8071	-606.3992	0.7051271
147.64	-457.6877	-606.3984	0.7051185
147.65	-457.5683	-606.3975	0.7051071
147.66	-457.4489	-606.3967	0.7050931
147.67	-457.3295	-606.3958	0.7050765
147.68	-457.2101	-606.3949	0.7050577
147.69	-457.0908	-606.394	0.7050363
147.7	-456.9715	-606.3932	0.7050128
147.71	-456.8522	-606.3923	0.704987
147.72	-456.7328	-606.3915	0.7049592
147.73	-456.6135	-606.3906	0.7049294
147.74	-456.4943	-606.3896	0.7048978
147.75	-456.375	-606.3887	0.7048645
147.76	-456.2557	-606.3878	0.7048296
147.77	-456.1365	-606.3868	0.704793
147.78	-456.0172	-606.3859	0.704755
147.79	-455.8979	-606.3849	0.7047157
147.8	-455.7787	-606.384	0.704675
147.81	-455.6595	-606.3831	0.7046331
147.82	-455.5403	-606.3821	0.70459
147.83	-455.4211	-606.3812	0.7045459
147.84	-455.3019	-606.3803	0.704501
147.85	-455.1827	-606.3793	0.7044554
147.86	-455.0635	-606.3784	0.7044091
147.87	-454.9443	-606.3774	0.7043621
147.88	-454.8251	-606.3764	0.7043145
147.89	-454.7059	-606.3754	0.7042671
147.9	-454.5867	-606.3744	0.7042199
147.91	-454.4675	-606.3734	0.7041729
147.92	-454.3483	-606.3724	0.704126
147.93	-454.2291	-606.3714	0.7040793
147.94	-454.1098	-606.3704	0.7040327
147.95	-453.9906	-606.3693	0.7039875
147.96	-453.8714	-606.3683	0.7039436
147.97	-453.7522	-606.3672	0.7039008
147.98	-453.633	-606.3662	0.7038591
147.99	-453.5138	-606.3651	0.7038193
148	-453.3945	-606.3641	0.7037814
148.01	-453.2753	-606.363	0.7037451
148.02	-453.1561	-606.362	0.7037104
148.03	-453.0368	-606.3609	0.7036772
148.04	-452.9176	-606.3599	0.703646
148.05	-452.7984	-606.3588	0.7036165
148.06	-452.6791	-606.3578	0.7035887
148.07	-452.5599	-606.3567	0.7035626
148.08	-452.4406	-606.3555	0.7035379
148.09	-452.3214	-606.3544	0.7035151
148.1	-452.2021	-606.3533	0.703494
148.11	-452.0829	-606.3522	0.7034743
148.12	-451.9636	-606.3511	0.7034562
148.13	-451.8444	-606.35	0.7034396
148.14	-451.7251	-606.3489	0.7034246
148.15	-451.6058	-606.3478	0.7034113
148.16	-451.4866	-606.3467	0.7033995
148.17	-451.3673	-606.3456	0.7033891
148.18	-451.248	-606.3445	0.7033801
148.19	-451.1287	-606.3434	0.7033728
148.2	-451.0094	-606.3423	0.7033672
148.21	-450.8901	-606.3412	0.7033632
148.22	-450.7708	-606.34	0.7033607
148.23	-450.6515	-606.3389	0.7033595
148.24	-450.5322	-606.3377	0.7033604
148.25	-450.4129	-606.3365	0.703363
148.26	-450.2936	-606.3354	0.7033674
148.27	-450.1743	-606.3342	0.7033734
148.28	-450.055	-606.3331	0.7033809
148.29	-449.9357	-606.3319	0.7033907
148.3	-449.8163	-606.3307	0.7034025
148.31	-449.697	-606.3297	0.7034163
148.32	-449.5777	-606.3286	0.703432
148.33	-449.4583	-606.3275	0.7034494
148.34	-449.339	-606.3264	0.7034692
148.35	-449.2197	-606.3253	0.7034912
148.36	-449.1003	-606.3242	0.7035151
148.37	-448.981	-606.3231	0.703541
148.38	-448.8616	-606.3221	0.7035687
148.39	-448.7423	-606.321	0.7035982
148.4	-448.6229	-606.3199	0.7036294
148.41	-448.5036	-606.3188	0.7036622
148.42	-448.3842	-606.3177	0.7036966
148.43	-448.2648	-606.3167	0.7037324
148.44	-448.1454	-606.3156	0.7037697
148.45	-448.0261	-606.3146	0.7038081
148.46	-447.9067	-606.3135	0.7038478
148.47	-447.7873	-606.3126	0.7038886
148.48	-447.6679	-606.3115	0.7039305
148.49	-447.5485	-606.3105	0.7039734
148.5	-447.4291	-606.3095	0.7040172
148.51	-447.3097	-606.3085	0.7040619
148.52	-447.1903	-606.3075	0.7041073
148.53	-447.0709	-606.3065	0.7041536
148.54	-446.9514	-606.3056	0.7042007
148.55	-446.832	-606.3046	0.7042482
148.56	-446.7126	-606.3036	0.7042961
148.57	-446.5931	-606.3027	0.7043445
148.58	-446.4737	-606.3018	0.7043933
148.59	-446.3542	-606.3009	0.7044424
148.6	-446.2348	-606.3	0.7044914
148.61	-446.1154	-606.2991	0.7045402
148.62	-445.9959	-606.2982	0.7045888
148.63	-445.8764	-606.2974	0.7046373
148.64	-445.757	-606.2964	0.7046852
148.65	-445.6375	-606.2956	0.7047324
148.66	-445.5181	-606.2948	0.704779
148.67	-445.3986	-606.2939	0.704825
148.68	-445.2791	-606.2931	0.7048706
148.69	-445.1596	-606.2922	0.7049152
148.7	-445.0402	-606.2914	0.704959
148.71	-444.9207	-606.2906	0.705002
148.72	-444.8011	-606.2899	0.7050441
148.73	-444.6816	-606.2891	0.7050855
148.74	-444.5621	-606.2883	0.7051259
148.75	-444.4426	-606.2875	0.7051654
148.76	-444.3231	-606.2867	0.7052042
148.77	-444.2036	-606.2861	0.705242
148.78	-444.084	-606.2853	0.7052792
148.79	-443.9645	-606.2846	0.7053156
148.8	-443.845	-606.2839	0.705351
148.81	-443.7255	-606.2832	0.7053854
148.82	-443.6059	-606.2825	0.7054188
148.83	-443.4864	-606.2817	0.7054514
148.84	-443.3669	-606.2811	0.7054826
148.85	-443.2473	-606.2804	0.7055127
148.86	-443.1278	-606.2798	0.7055416
148.87	-443.0082	-606.2791	0.7055693
148.88	-442.8886	-606.2784	0.7055961
148.89	-442.7691	-606.2778	0.7056218
148.9	-442.6495	-606.2771	0.7056459
148.91	-442.53	-606.2764	0.7056682
148.92	-442.4104	-606.2759	0.705689
148.93	-442.2908	-606.2753	0.7057083
148.94	-442.1713	-606.2747	0.7057254
148.95	-442.0517	-606.274	0.7057403
148.96	-441.9321	-606.2734	0.7057533
148.97	-441.8125	-606.2728	0.7057644
148.98	-441.6929	-606.2722	0.7057738
148.99	-441.5734	-606.2716	0.7057806
149	-441.4538	-606.271	0.7057852
149.01	-441.3342	-606.2704	0.7057873
149.02	-441.2146	-606.2698	0.7057874
149.03	-441.095	-606.2692	0.7057856
149.04	-440.9754	-606.2686	0.705781
149.05	-440.8558	-606.2679	0.7057738
149.06	-440.7362	-606.2673	0.7057642
149.07	-440.6166	-606.2667	0.7057523
149.08	-440.497	-606.2661	0.7057382
149.09	-440.3774	-606.2655	0.7057213
149.1	-440.2578	-606.2649	0.7057014
149.11	-440.1381	-606.2643	0.7056791
149.12	-440.0185	-606.2636	0.7056542
149.13	-439.8989	-606.263	0.7056271
149.14	-439.7793	-606.2624	0.7055967
149.15	-439.6597	-606.2617	0.7055632
149.16	-439.5401	-606.261	0.7055269
149.17	-439.4205	-606.2603	0.7054878
149.18	-439.3009	-606.2596	0.7054462
149.19	-439.1813	-606.259	0.7054012
149.2	-439.0617	-606.2582	0.7053528
149.21	-438.9422	-606.2575	0.7053013
149.22	-438.8226	-606.2568	0.7052471
149.23	-438.7031	-606.256	0.70519
149.24	-438.5836	-606.2552	0.7051295
149.25	-438.4641	-606.2545	0.7050657
149.26	-438.3445	-606.2537	0.7049987
149.27	-438.2251	-606.2529	0.7049289
149.28	-438.1056	-606.252	0.7048562
149.29	-437.9861	-606.2512	0.7047803
149.3	-437.8667	-606.2502	0.7047014
149.31	-437.7473	-606.2494	0.7046196
149.32	-437.6279	-606.2485	0.7045351
