1648.91	-656.0466	-607.4823	0.708274
1648.92	-655.9144	-607.4826	0.7082608
1648.93	-655.7823	-607.4829	0.7082438
1648.94	-655.6501	-607.4832	0.7082224
1648.95	-655.518	-607.4835	0.7081971
1648.96	-655.3859	-607.4838	0.7081677
1648.97	-655.2537	-607.484	0.7081348
1648.98	-655.1215	-607.4843	0.7080982
1648.99	-654.9893	-607.4844	0.7080584
1649	-654.8571	-607.4847	0.7080154
1649.01	-654.7249	-607.4849	0.7079694
1649.02	-654.5926	-607.4851	0.7079206
1649.03	-654.4604	-607.4853	0.7078695
1649.04	-654.3281	-607.4855	0.7078161
1649.05	-654.1959	-607.4856	0.7077607
1649.06	-654.0636	-607.4858	0.7077033
1649.07	-653.9313	-607.486	0.7076441
1649.08	-653.799	-607.4861	0.7075838
1649.09	-653.6666	-607.4862	0.7075226
1649.1	-653.5343	-607.4863	0.7074605
1649.11	-653.402	-607.4864	0.7073976
1649.12	-653.2696	-607.4865	0.7073338
1649.13	-653.1372	-607.4866	0.7072705
1649.14	-653.0048	-607.4866	0.7072076
1649.15	-652.8724	-607.4866	0.7071451
1649.16	-652.74	-607.4867	0.7070831
1649.17	-652.6075	-607.4867	0.7070214
1649.18	-652.4751	-607.4868	0.7069616
1649.19	-652.3427	-607.4868	0.7069036
1649.2	-652.2102	-607.4868	0.7068471
1649.21	-652.0777	-607.4868	0.7067924
1649.22	-651.9452	-607.4868	0.7067391
1649.23	-651.8127	-607.4868	0.7066872
1649.24	-651.6802	-607.4868	0.7066383
1649.25	-651.5477	-607.4868	0.706592
1649.26	-651.4151	-607.4867	0.7065482
1649.27	-651.2825	-607.4867	0.7065068
1649.28	-651.15	-607.4867	0.7064683
1649.29	-651.0174	-607.4866	0.7064323
1649.3	-650.8848	-607.4865	0.7063989
1649.31	-650.7522	-607.4865	0.7063679
1649.32	-650.6196	-607.4864	0.7063392
1649.33	-650.4869	-607.4863	0.7063124
1649.34	-650.3543	-607.4863	0.7062877
1649.35	-650.2217	-607.4861	0.7062647
1649.36	-650.089	-607.4861	0.7062435
1649.37	-649.9563	-607.486	0.706224
1649.38	-649.8236	-607.4858	0.7062061
1649.39	-649.6909	-607.4857	0.7061888
1649.4	-649.5582	-607.4856	0.7061722
1649.41	-649.4254	-607.4855	0.7061561
1649.42	-649.2927	-607.4854	0.7061406
1649.43	-649.1599	-607.4852	0.7061257
1649.44	-649.0272	-607.4849	0.7061098
1649.45	-648.8943	-607.4847	0.7060931
1649.46	-648.7615	-607.4846	0.7060755
1649.47	-648.6287	-607.4844	0.7060573
1649.48	-648.4958	-607.4841	0.7060382
1649.49	-648.363	-607.4839	0.7060171
1649.5	-648.2302	-607.4836	0.7059938
1649.51	-648.0973	-607.4833	0.7059687
1649.52	-647.9644	-607.483	0.7059418
1649.53	-647.8315	-607.4827	0.7059122
1649.54	-647.6986	-607.4824	0.70588
1649.55	-647.5657	-607.4821	0.7058455
1649.56	-647.4327	-607.4816	0.7058086
1649.57	-647.2997	-607.4813	0.7057696
1649.58	-647.1668	-607.4809	0.7057276
1649.59	-647.0338	-607.4805	0.7056827
1649.6	-646.9008	-607.48	0.7056351
1649.61	-646.7678	-607.4796	0.705585
1649.62	-646.6347	-607.4791	0.7055324
1649.63	-646.5016	-607.4785	0.7054775
1649.64	-646.3686	-607.478	0.7054198
1649.65	-646.2355	-607.4774	0.7053594
1649.66	-646.1024	-607.4769	0.7052964
1649.67	-645.9693	-607.4763	0.7052309
1649.68	-645.8362	-607.4756	0.7051625
1649.69	-645.7031	-607.475	0.7050915
1649.7	-645.5699	-607.4743	0.705018
1649.71	-645.4367	-607.4736	0.704942
1649.72	-645.3035	-607.4729	0.7048637
1649.73	-645.1703	-607.4722	0.7047833
1649.74	-645.037	-607.4714	0.7047005
1649.75	-644.9038	-607.4706	0.7046155
1649.76	-644.7706	-607.4697	0.7045285
1649.77	-644.6373	-607.4689	0.7044395
1649.78	-644.504	-607.468	0.7043487
1649.79	-644.3707	-607.4671	0.7042561
1649.8	-644.2374	-607.4662	0.7041618
1649.81	-644.104	-607.4652	0.7040659
1649.82	-643.9706	-607.4642	0.7039684
1649.83	-643.8373	-607.4632	0.7038696
1649.84	-643.7039	-607.4621	0.7037696
1649.85	-643.5705	-607.461	0.7036682
1649.86	-643.4371	-607.4599	0.7035658
1649.87	-643.3036	-607.4587	0.7034622
1649.88	-643.1702	-607.4576	0.7033578
1649.89	-643.0367	-607.4564	0.7032526
1649.9	-642.9033	-607.4552	0.7031468
1649.91	-642.7698	-607.4539	0.7030402
1649.92	-642.6362	-607.4526	0.702933
1649.93	-642.5027	-607.4514	0.7028252
1649.94	-642.3691	-607.45	0.7027174
1649.95	-642.2356	-607.4486	0.7026094
1649.96	-642.102	-607.4473	0.7025014
1649.97	-641.9684	-607.4458	0.7023933
1649.98	-641.8348	-607.4443	0.7022851
1649.99	-641.7012	-607.4427	0.7021771
1650	-641.5675	-607.4412	0.7020694
1650.01	-641.4338	-607.4396	0.7019619
1650.02	-641.3002	-607.438	0.7018545
1650.03	-641.1665	-607.4364	0.7017472
1650.04	-641.0328	-607.4347	0.7016402
1650.05	-640.899	-607.433	0.7015333
1650.06	-640.7653	-607.4312	0.7014266
1650.07	-640.6315	-607.4295	0.7013199
1650.08	-640.4977	-607.4277	0.7012132
1650.09	-640.364	-607.4258	0.7011062
1650.1	-640.2302	-607.424	0.700999
1650.11	-640.0963	-607.422	0.7008917
1650.12	-639.9625	-607.42	0.7007843
1650.13	-639.8286	-607.4181	0.7006761
1650.14	-639.6948	-607.416	0.7005671
1650.15	-639.5609	-607.4139	0.7004576
1650.16	-639.4269	-607.4118	0.7003474
1650.17	-639.293	-607.4097	0.7002365
1650.18	-639.1591	-607.4075	0.7001246
1650.19	-639.0252	-607.4053	0.7000116
1650.2	-638.8912	-607.403	0.6998977
1650.21	-638.7573	-607.4008	0.6997828
1650.22	-638.6232	-607.3984	0.6996671
1650.23	-638.4893	-607.396	0.6995503
1650.24	-638.3552	-607.3936	0.6994325
1650.25	-638.2212	-607.3911	0.6993138
1650.26	-638.0872	-607.3885	0.6991941
1650.27	-637.9531	-607.386	0.6990737
1650.28	-637.819	-607.3834	0.6989524
1650.29	-637.6849	-607.3807	0.6988305
1650.3	-637.5508	-607.3781	0.698708
1650.31	-637.4166	-607.3753	0.6985847
1650.32	-637.2825	-607.3725	0.6984609
1650.33	-637.1483	-607.3697	0.6983371
1650.34	-637.0142	-607.3668	0.6982135
1650.35	-636.8799	-607.364	0.69809
1650.36	-636.7457	-607.361	0.6979665
1650.37	-636.6115	-607.358	0.6978431
1650.38	-636.4773	-607.355	0.6977213
1650.39	-636.3431	-607.3519	0.6976008
1650.4	-636.2088	-607.3489	0.6974816
1650.41	-636.0745	-607.3457	0.6973637
1650.42	-635.9402	-607.3425	0.697247
1650.43	-635.8058	-607.3393	0.6971314
1650.44	-635.6715	-607.3361	0.6970193
1650.45	-635.5372	-607.3328	0.6969106
1650.46	-635.4029	-607.3295	0.6968049
1650.47	-635.2685	-607.3262	0.6967024
1650.48	-635.1341	-607.3228	0.6966025
1650.49	-634.9997	-607.3193	0.6965078
1650.5	-634.8653	-607.3159	0.6964179
1650.51	-634.7308	-607.3124	0.6963326
1650.52	-634.5964	-607.309	0.6962516
1650.53	-634.4619	-607.3055	0.6961747
1650.54	-634.3275	-607.302	0.6961037
1650.55	-634.1929	-607.2984	0.6960381
1650.56	-634.0584	-607.2949	0.6959779
1650.57	-633.9239	-607.2913	0.6959226
1650.58	-633.7894	-607.2877	0.6958732
1650.59	-633.6548	-607.2841	0.6958296
1650.6	-633.5202	-607.2805	0.6957911
1650.61	-633.3856	-607.2767	0.6957579
1650.62	-633.251	-607.2731	0.6957295
1650.63	-633.1164	-607.2694	0.6957062
1650.64	-632.9818	-607.2657	0.695688
1650.65	-632.8471	-607.262	0.6956745
1650.66	-632.7124	-607.2582	0.6956654
1650.67	-632.5777	-607.2545	0.6956605
1650.68	-632.443	-607.2507	0.6956597
1650.69	-632.3083	-607.2469	0.6956627
1650.7	-632.1736	-607.2432	0.6956692
1650.71	-632.0388	-607.2394	0.6956791
1650.72	-631.9041	-607.2356	0.6956923
1650.73	-631.7692	-607.2318	0.6957085
1650.74	-631.6345	-607.2279	0.6957273
1650.75	-631.4996	-607.2241	0.6957486
1650.76	-631.3648	-607.2202	0.6957722
1650.77	-631.23	-607.2164	0.695798
1650.78	-631.0952	-607.2126	0.6958259
1650.79	-630.9603	-607.2087	0.6958555
1650.8	-630.8254	-607.2048	0.6958868
1650.81	-630.6905	-607.2009	0.6959198
1650.82	-630.5555	-607.197	0.6959544
1650.83	-630.4206	-607.1931	0.6959904
1650.84	-630.2856	-607.1892	0.6960278
1650.85	-630.1507	-607.1853	0.6960666
1650.86	-630.0157	-607.1815	0.6961066
1650.87	-629.8807	-607.1776	0.6961479
1650.88	-629.7457	-607.1736	0.6961901
1650.89	-629.6107	-607.1697	0.6962336
1650.9	-629.4756	-607.1659	0.6962781
1650.91	-629.3405	-607.162	0.6963236
1650.92	-629.2054	-607.1581	0.6963699
1650.93	-629.0704	-607.1542	0.6964173
1650.94	-628.9352	-607.1503	0.6964653
1650.95	-628.8001	-607.1464	0.6965142
1650.96	-628.665	-607.1426	0.696564
1650.97	-628.5298	-607.1387	0.6966144
1650.98	-628.3946	-607.1348	0.6966655
1650.99	-628.2594	-607.1309	0.6967173
1651	-628.1242	-607.127	0.6967698
1651.01	-627.989	-607.1231	0.696823
1651.02	-627.8537	-607.1193	0.6968768
1651.03	-627.7184	-607.1155	0.6969314
1651.04	-627.5831	-607.1116	0.6969867
1651.05	-627.4478	-607.1078	0.6970427
1651.06	-627.3125	-607.104	0.6970994
1651.07	-627.1772	-607.1002	0.6971567
1651.08	-627.0419	-607.0964	0.6972151
1651.09	-626.9065	-607.0927	0.6972744
1651.1	-626.7711	-607.0889	0.6973347
1651.11	-626.6357	-607.0851	0.6973958
1651.12	-626.5003	-607.0814	0.6974578
1651.13	-626.3649	-607.0777	0.6975212
1651.14	-626.2295	-607.074	0.6975861
1651.15	-626.0941	-607.0703	0.6976522
1651.16	-625.9586	-607.0667	0.6977195
1651.17	-625.8231	-607.063	0.6977881
1651.18	-625.6876	-607.0594	0.6978582
1651.19	-625.5521	-607.0558	0.6979299
1651.2	-625.4165	-607.0522	0.6980029
1651.21	-625.2809	-607.0486	0.6980774
1651.22	-625.1454	-607.045	0.6981531
1651.23	-625.0098	-607.0415	0.69823
1651.24	-624.8741	-607.038	0.6983081
1651.25	-624.7385	-607.0345	0.6983874
1651.26	-624.6029	-607.0311	0.6984679
1651.27	-624.4672	-607.0276	0.6985493
1651.28	-624.3316	-607.0242	0.6986318
1651.29	-624.1959	-607.0209	0.6987151
1651.3	-624.0602	-607.0175	0.6987993
1651.31	-623.9245	-607.0142	0.6988844
1651.32	-623.7888	-607.0108	0.6989704
1651.33	-623.653	-607.0075	0.699057
1651.34	-623.5173	-607.0042	0.6991445
1651.35	-623.3815	-607.001	0.6992326
1651.36	-623.2457	-606.9978	0.6993213
1651.37	-623.1099	-606.9946	0.6994107
1651.38	-622.974	-606.9915	0.6995006
1651.39	-622.8381	-606.9883	0.699591
1651.4	-622.7023	-606.9852	0.6996818
1651.41	-622.5664	-606.9821	0.699773
1651.42	-622.4305	-606.979	0.6998645
1651.43	-622.2946	-606.976	0.6999564
1651.44	-622.1586	-606.973	0.7000483
1651.45	-622.0227	-606.97	0.7001404
1651.46	-621.8867	-606.9671	0.7002324
1651.47	-621.7507	-606.9642	0.7003245
1651.48	-621.6147	-606.9613	0.7004163
1651.49	-621.4788	-606.9584	0.7005079
1651.5	-621.3427	-606.9556	0.7005993
1651.51	-621.2067	-606.9528	0.7006903
1651.52	-621.0706	-606.95	0.7007813
1651.53	-620.9346	-606.9472	0.7008716
1651.54	-620.7985	-606.9445	0.7009613
1651.55	-620.6624	-606.9418	0.7010504
1651.56	-620.5262	-606.9391	0.701139
1651.57	-620.3901	-606.9365	0.7012271
1651.58	-620.2539	-606.9339	0.7013146
1651.59	-620.1177	-606.9313	0.7014011
1651.6	-619.9816	-606.9288	0.7014865
1651.61	-619.8453	-606.9262	0.7015709
1651.62	-619.7091	-606.9237	0.7016545
1651.63	-619.5729	-606.9212	0.7017365
1651.64	-619.4366	-606.9188	0.7018172
1651.65	-619.3004	-606.9164	0.7018965
1651.66	-619.1641	-606.9139	0.7019746
1651.67	-619.0278	-606.9116	0.7020515
1651.68	-618.8914	-606.9092	0.7021274
1651.69	-618.7551	-606.9069	0.7022015
1651.7	-618.6188	-606.9046	0.702274
1651.71	-618.4824	-606.9023	0.702345
1651.72	-618.346	-606.9001	0.7024145
1651.73	-618.2097	-606.8978	0.7024822
1651.74	-618.0732	-606.8957	0.7025482
1651.75	-617.9368	-606.8935	0.7026125
1651.76	-617.8004	-606.8914	0.7026752
1651.77	-617.6639	-606.8892	0.7027365
1651.78	-617.5275	-606.8871	0.7027957
1651.79	-617.391	-606.885	0.7028531
1651.8	-617.2545	-606.8829	0.7029086
1651.81	-617.118	-606.8809	0.7029625
1651.82	-616.9814	-606.8789	0.7030147
1651.83	-616.8449	-606.8769	0.7030646
1651.84	-616.7084	-606.8749	0.7031122
1651.85	-616.5718	-606.873	0.7031577
1651.86	-616.4352	-606.871	0.7032012
1651.87	-616.2986	-606.8691	0.7032427
1651.88	-616.1619	-606.8672	0.7032825
1651.89	-616.0253	-606.8654	0.7033195
1651.9	-615.8886	-606.8635	0.7033539
1651.91	-615.752	-606.8616	0.7033859
1651.92	-615.6152	-606.8598	0.7034155
1651.93	-615.4785	-606.858	0.7034423
1651.94	-615.3418	-606.8561	0.7034664
1651.95	-615.2051	-606.8543	0.7034881
1651.96	-615.0683	-606.8525	0.7035072
1651.97	-614.9315	-606.8507	0.7035241
1651.98	-614.7947	-606.8489	0.7035388
1651.99	-614.658	-606.8472	0.7035514
1652	-614.5211	-606.8455	0.7035617
1652.01	-614.3843	-606.8437	0.7035701
1652.02	-614.2474	-606.842	0.7035764
1652.03	-614.1106	-606.8403	0.7035811
1652.04	-613.9738	-606.8386	0.703584
1652.05	-613.8369	-606.8369	0.7035853
1652.06	-613.7	-606.8351	0.7035849
1652.07	-613.563	-606.8334	0.7035831
1652.08	-613.4261	-606.8318	0.7035799
1652.09	-613.2891	-606.8301	0.7035754
1652.1	-613.1522	-606.8285	0.7035697
1652.11	-613.0152	-606.8268	0.7035627
1652.12	-612.8782	-606.8251	0.7035547
1652.13	-612.7411	-606.8235	0.7035456
1652.14	-612.6041	-606.8218	0.7035354
1652.15	-612.4671	-606.8202	0.7035243
1652.16	-612.33	-606.8186	0.7035123
1652.17	-612.1929	-606.817	0.7034994
1652.18	-612.0558	-606.8154	0.7034857
1652.19	-611.9188	-606.8138	0.7034711
1652.2	-611.7816	-606.8123	0.7034559
1652.21	-611.6445	-606.8107	0.7034398
1652.22	-611.5073	-606.8091	0.7034231
1652.23	-611.3701	-606.8075	0.7034059
1652.24	-611.2329	-606.8058	0.7033879
1652.25	-611.0957	-606.8043	0.7033693
1652.26	-610.9585	-606.8027	0.7033503
1652.27	-610.8212	-606.8011	0.7033307
1652.28	-610.684	-606.7995	0.7033105
1652.29	-610.5468	-606.7979	0.7032899
1652.3	-610.4095	-606.7963	0.7032688
1652.31	-610.2722	-606.7947	0.7032473
1652.32	-610.1348	-606.7931	0.7032254
1652.33	-609.9975	-606.7915	0.7032031
1652.34	-609.8602	-606.7899	0.7031804
1652.35	-609.7228	-606.7883	0.7031574
1652.36	-609.5854	-606.7867	0.703134
1652.37	-609.4481	-606.7852	0.7031102
1652.38	-609.3107	-606.7835	0.7030862
1652.39	-609.1733	-606.7819	0.703062
1652.4	-609.0358	-606.7803	0.7030376
1652.41	-608.8984	-606.7787	0.7030129
1652.42	-608.7609	-606.7772	0.702988
1652.43	-608.6235	-606.7756	0.7029634
1652.44	-608.486	-606.7739	0.7029389
1652.45	-608.3484	-606.7723	0.7029146
1652.46	-608.2109	-606.7708	0.7028906
1652.47	-608.0734	-606.7691	0.7028667
1652.48	-607.9358	-606.7675	0.7028429
1652.49	-607.7982	-606.7658	0.7028203
1652.5	-607.6606	-606.7642	0.7027989
1652.51	-607.523	-606.7625	0.7027786
1652.52	-607.3854	-606.7608	0.7027593
1652.53	-607.2477	-606.7592	0.702742
1652.54	-607.1101	-606.7575	0.7027264
1652.55	-606.9724	-606.7559	0.7027127
1652.56	-606.8347	-606.7542	0.7027004
1652.57	-606.697	-606.7526	0.7026898
1652.58	-606.5592	-606.7509	0.7026806
1652.59	-606.4214	-606.7493	0.702674
1652.6	-606.2836	-606.7476	0.7026696
1652.61	-606.1458	-606.746	0.7026674
1652.62	-606.0079	-606.7443	0.7026673
1652.63	-605.8701	-606.7427	0.7026697
1652.64	-605.7322	-606.741	0.7026744
1652.65	-605.5942	-606.7394	0.7026813
1652.66	-605.4563	-606.7379	0.7026904
1652.67	-605.3183	-606.7363	0.7027014
1652.68	-605.1802	-606.7347	0.7027143
1652.69	-605.0422	-606.7331	0.7027292
1652.7	-604.9041	-606.7315	0.7027459
1652.71	-604.766	-606.7299	0.7027642
1652.72	-604.6278	-606.7283	0.7027842
1652.73	-604.4896	-606.7268	0.7028059
1652.74	-604.3514	-606.7252	0.702829
1652.75	-604.2132	-606.7236	0.7028535
1652.76	-604.0749	-606.722	0.7028794
1652.77	-603.9366	-606.7205	0.7029065
1652.78	-603.7982	-606.7189	0.7029349
1652.79	-603.6599	-606.7173	0.7029644
1652.8	-603.5214	-606.7158	0.7029951
1652.81	-603.3829	-606.7142	0.7030268
1652.82	-603.2444	-606.7127	0.7030595
1652.83	-603.106	-606.7112	0.7030931
1652.84	-602.9674	-606.7097	0.7031275
1652.85	-602.8288	-606.7082	0.7031627
1652.86	-602.6901	-606.7067	0.7031986
1652.87	-602.5515	-606.7051	0.7032351
1652.88	-602.4128	-606.7037	0.703272
1652.89	-602.274	-606.7021	0.7033091
1652.9	-602.1353	-606.7006	0.7033464
1652.91	-601.9964	-606.6992	0.7033838
1652.92	-601.8575	-606.6978	0.7034216
1652.93	-601.7187	-606.6963	0.7034587
1652.94	-601.5798	-606.6948	0.7034952
1652.95	-601.4408	-606.6934	0.7035313
1652.96	-601.3018	-606.692	0.7035668
1652.97	-601.1627	-606.6905	0.7036019
1652.98	-601.0236	-606.689	0.7036359
1652.99	-600.8845	-606.6876	0.7036688
1653	-600.7454	-606.6861	0.7037008
1653.01	-600.6061	-606.6847	0.7037318
1653.02	-600.4669	-606.6833	0.703762
1653.03	-600.3276	-606.6819	0.7037914
1653.04	-600.1882	-606.6805	0.7038196
1653.05	-600.0489	-606.6791	0.7038472
1653.06	-599.9095	-606.6777	0.7038738
1653.07	-599.77	-606.6763	0.7038997
1653.08	-599.6306	-606.6749	0.703925
1653.09	-599.491	-606.6735	0.7039496
1653.1	-599.3514	-606.6721	0.7039738
1653.11	-599.2119	-606.6708	0.7039976
1653.12	-599.0722	-606.6695	0.7040208
1653.13	-598.9326	-606.6682	0.7040443
1653.14	-598.7928	-606.6668	0.7040679
1653.15	-598.6531	-606.6655	0.7040917
1653.16	-598.5132	-606.6641	0.7041157
1653.17	-598.3734	-606.6628	0.7041398
1653.18	-598.2335	-606.6616	0.704165
1653.19	-598.0936	-606.6603	0.7041913
1653.2	-597.9537	-606.659	0.7042186
1653.21	-597.8137	-606.6577	0.7042467
1653.22	-597.6736	-606.6564	0.7042757
1653.23	-597.5335	-606.6552	0.7043067
1653.24	-597.3934	-606.6541	0.7043394
1653.25	-597.2532	-606.6528	0.7043738
1653.26	-597.113	-606.6516	0.7044098
1653.27	-596.9727	-606.6505	0.7044473
1653.28	-596.8325	-606.6494	0.7044869
1653.29	-596.6921	-606.6482	0.7045285
1653.3	-596.5518	-606.647	0.7045718
1653.31	-596.4113	-606.646	0.7046168
1653.32	-596.2708	-606.6449	0.7046636
1653.33	-596.1303	-606.6438	0.7047119
1653.34	-595.9897	-606.6427	0.7047618
1653.35	-595.8492	-606.6417	0.7048132
1653.36	-595.7086	-606.6407	0.7048661
1653.37	-595.5679	-606.6397	0.7049202
1653.38	-595.4272	-606.6387	0.7049755
1653.39	-595.2864	-606.6378	0.7050319
1653.4	-595.1456	-606.6368	0.7050894
1653.41	-595.0048	-606.6359	0.7051479
1653.42	-594.8639	-606.6349	0.7052073
1653.43	-594.723	-606.6341	0.7052672
1653.44	-594.582	-606.6332	0.7053275
1653.45	-594.441	-606.6324	0.7053884
1653.46	-594.3	-606.6315	0.7054496
1653.47	-594.1589	-606.6307	0.7055113
1653.48	-594.0178	-606.6299	0.7055727
1653.49	-593.8766	-606.6291	0.7056338
1653.5	-593.7354	-606.6284	0.7056947
1653.51	-593.5941	-606.6276	0.7057552
1653.52	-593.4528	-606.6268	0.7058156
1653.53	-593.3115	-606.6262	0.7058747
1653.54	-593.1702	-606.6254	0.7059328
1653.55	-593.0287	-606.6248	0.7059898
1653.56	-592.8873	-606.6241	0.7060459
1653.57	-592.7457	-606.6234	0.7061011
1653.58	-592.6042	-606.6228	0.7061553
1653.59	-592.4626	-606.6221	0.7062075
1653.6	-592.321	-606.6215	0.7062577
1653.61	-592.1793	-606.621	0.7063061
1653.62	-592.0376	-606.6204	0.7063527
1653.63	-591.8959	-606.6198	0.7063966
1653.64	-591.7541	-606.6192	0.7064381
1653.65	-591.6122	-606.6187	0.7064772
1653.66	-591.4703	-606.6181	0.7065139
1653.67	-591.3284	-606.6176	0.7065486
1653.68	-591.1865	-606.6171	0.7065806
1653.69	-591.0445	-606.6165	0.70661
1653.7	-590.9025	-606.616	0.7066369
1653.71	-590.7604	-606.6155	0.7066615
1653.72	-590.6182	-606.615	0.7066838
1653.73	-590.4761	-606.6145	0.706704
1653.74	-590.3339	-606.614	0.7067222
1653.75	-590.1916	-606.6136	0.7067384
1653.76	-590.0493	-606.6131	0.7067528
1653.77	-589.907	-606.6127	0.7067654
1653.78	-589.7646	-606.6122	0.7067764
1653.79	-589.6223	-606.6118	0.706786
1653.8	-589.4798	-606.6114	0.7067941
1653.81	-589.3373	-606.611	0.7068009
1653.82	-589.1947	-606.6105	0.7068065
1653.83	-589.0521	-606.6102	0.7068109
1653.84	-588.9095	-606.6098	0.7068141
1653.85	-588.7668	-606.6094	0.7068162
1653.86	-588.6241	-606.6091	0.7068173
1653.87	-588.4814	-606.6087	0.7068174
1653.88	-588.3386	-606.6083	0.7068167
1653.89	-588.1958	-606.608	0.7068149
1653.9	-588.0529	-606.6076	0.7068124
1653.91	-587.91	-606.6072	0.7068091
1653.92	-587.7671	-606.6069	0.7068049
1653.93	-587.6241	-606.6066	0.7068001
1653.94	-587.4811	-606.6063	0.7067945
1653.95	-587.3381	-606.606	0.7067884
1653.96	-587.1949	-606.6057	0.7067814
1653.97	-587.0518	-606.6054	0.706774
1653.98	-586.9086	-606.6051	0.706766
1653.99	-586.7653	-606.6048	0.7067574
1654	-586.6221	-606.6045	0.7067483
1654.01	-586.4788	-606.6042	0.7067387
1654.02	-586.3354	-606.6038	0.7067286
1654.03	-586.192	-606.6035	0.7067181
1654.04	-586.0486	-606.6032	0.7067072
1654.05	-585.9051	-606.6029	0.7066958
1654.06	-585.7616	-606.6026	0.7066841
1654.07	-585.618	-606.6023	0.7066719
1654.08	-585.4745	-606.6021	0.7066594
1654.09	-585.3309	-606.6018	0.7066466
1654.1	-585.1872	-606.6016	0.7066334
1654.11	-585.0435	-606.6013	0.70662
1654.12	-584.8997	-606.6011	0.7066063
1654.13	-584.7559	-606.6008	0.7065922
1654.14	-584.612	-606.6005	0.7065779
1654.15	-584.4681	-606.6003	0.7065634
1654.16	-584.3242	-606.6	0.7065485
1654.17	-584.1802	-606.5998	0.7065334
1654.18	-584.0363	-606.5995	0.7065182
1654.19	-583.8922	-606.5992	0.7065027
1654.2	-583.7481	-606.5989	0.7064871
1654.21	-583.604	-606.5986	0.7064712
1654.22	-583.4598	-606.5983	0.7064551
1654.23	-583.3157	-606.598	0.7064389
1654.24	-583.1714	-606.5977	0.7064225
1654.25	-583.0272	-606.5974	0.706406
1654.26	-582.8828	-606.597	0.7063893
1654.27	-582.7384	-606.5967	0.7063726
1654.28	-582.594	-606.5964	0.7063559
1654.29	-582.4495	-606.5961	0.7063393
1654.3	-582.3051	-606.5958	0.7063229
1654.31	-582.1605	-606.5955	0.7063066
1654.32	-582.0159	-606.5952	0.7062904
1654.33	-581.8713	-606.5948	0.706275
1654.34	-581.7267	-606.5945	0.7062603
1654.35	-581.582	-606.5942	0.7062463
1654.36	-581.4372	-606.5939	0.7062328
1654.37	-581.2924	-606.5936	0.7062201
1654.38	-581.1476	-606.5933	0.7062092
1654.39	-581.0027	-606.593	0.7062002
1654.4	-580.8578	-606.5927	0.7061929
1654.41	-580.7129	-606.5924	0.7061873
1654.42	-580.5679	-606.5921	0.7061832
1654.43	-580.4229	-606.5918	0.7061824
1654.44	-580.2778	-606.5915	0.7061846
1654.45	-580.1326	-606.5912	0.7061898
1654.46	-579.9875	-606.5909	0.7061976
1654.47	-579.8423	-606.5906	0.7062082
1654.48	-579.6971	-606.5903	0.7062228
1654.49	-579.5518	-606.5901	0.7062411
1654.5	-579.4065	-606.5898	0.7062631
1654.51	-579.2611	-606.5897	0.7062885
1654.52	-579.1157	-606.5894	0.7063172
1654.53	-578.9702	-606.5892	0.7063499
1654.54	-578.8247	-606.589	0.7063864
1654.55	-578.6792	-606.5888	0.7064267
1654.56	-578.5336	-606.5887	0.7064704
1654.57	-578.388	-606.5885	0.7065173
1654.58	-578.2424	-606.5883	0.7065676
1654.59	-578.0967	-606.5883	0.7066209
1654.6	-577.9509	-606.5881	0.7066772
1654.61	-577.8051	-606.5881	0.7067364
1654.62	-577.6593	-606.588	0.7067983
1654.63	-577.5134	-606.5879	0.7068626
1654.64	-577.3676	-606.5879	0.7069293
1654.65	-577.2216	-606.5878	0.7069982
1654.66	-577.0756	-606.5878	0.7070693
1654.67	-576.9296	-606.5878	0.7071422
1654.68	-576.7834	-606.5879	0.7072172
1654.69	-576.6373	-606.5879	0.7072937
1654.7	-576.4911	-606.588	0.7073716
1654.71	-576.345	-606.588	0.7074508
1654.72	-576.1987	-606.5881	0.7075314
1654.73	-576.0525	-606.5882	0.7076125
1654.74	-575.9062	-606.5884	0.7076942
1654.75	-575.7598	-606.5885	0.7077764
1654.76	-575.6134	-606.5887	0.707859
1654.77	-575.4669	-606.5889	0.7079422
1654.78	-575.3204	-606.5891	0.7080246
1654.79	-575.1739	-606.5894	0.7081063
1654.8	-575.0273	-606.5895	0.708187
1654.81	-574.8807	-606.5898	0.7082673
1654.82	-574.7341	-606.5901	0.7083468
1654.83	-574.5874	-606.5904	0.7084246
1654.84	-574.4407	-606.5907	0.7085004
1654.85	-574.2939	-606.5911	0.7085747
1654.86	-574.147	-606.5914	0.7086473
1654.87	-574.0002	-606.5917	0.7087183
1654.88	-573.8533	-606.5921	0.708787
1654.89	-573.7064	-606.5925	0.7088535
1654.9	-573.5594	-606.5929	0.7089177
1654.91	-573.4124	-606.5933	0.70898
1654.92	-573.2653	-606.5938	0.7090403
1654.93	-573.1182	-606.5942	0.7090984
1654.94	-572.971	-606.5947	0.7091543
1654.95	-572.8239	-606.5952	0.7092082
1654.96	-572.6766	-606.5957	0.7092601
1654.97	-572.5294	-606.5963	0.7093102
1654.98	-572.3821	-606.5968	0.7093585
1654.99	-572.2347	-606.5974	0.709405
1655	-572.0873	-606.598	0.7094499
1655.01	-571.9399	-606.5985	0.7094933
1655.02	-571.7924	-606.5991	0.7095352
1655.03	-571.6449	-606.5997	0.7095758
1655.04	-571.4974	-606.6004	0.709615
1655.05	-571.3498	-606.6011	0.7096528
1655.06	-571.2021	-606.6017	0.7096895
1655.07	-571.0544	-606.6024	0.7097251
1655.08	-570.9067	-606.6032	0.7097595
1655.09	-570.759	-606.6039	0.7097928
1655.1	-570.6112	-606.6047	0.7098251
1655.11	-570.4634	-606.6054	0.7098565
1655.12	-570.3155	-606.6062	0.709887
1655.13	-570.1676	-606.6071	0.7099165
1655.14	-570.0197	-606.6078	0.7099453
1655.15	-569.8716	-606.6087	0.7099732
1655.16	-569.7236	-606.6096	0.7100005
1655.17	-569.5755	-606.6104	0.710027
1655.18	-569.4274	-606.6113	0.7100528
1655.19	-569.2792	-606.6122	0.710078
1655.2	-569.131	-606.6132	0.7101025
1655.21	-568.9828	-606.6141	0.7101265
1655.22	-568.8345	-606.615	0.7101499
1655.23	-568.6862	-606.616	0.7101727
1655.24	-568.5378	-606.617	0.7101951
1655.25	-568.3894	-606.618	0.710217
1655.26	-568.241	-606.619	0.7102383
1655.27	-568.0925	-606.62	0.7102593
1655.28	-567.944	-606.621	0.7102798
1655.29	-567.7954	-606.6221	0.7102999
1655.3	-567.6468	-606.6231	0.7103197
1655.31	-567.4982	-606.6241	0.7103391
1655.32	-567.3495	-606.6253	0.7103581
1655.33	-567.2007	-606.6264	0.7103769
1655.34	-567.052	-606.6275	0.7103953
1655.35	-566.9032	-606.6286	0.7104134
1655.36	-566.7543	-606.6298	0.7104312
1655.37	-566.6054	-606.6309	0.7104487
1655.38	-566.4565	-606.6321	0.710466
1655.39	-566.3075	-606.6332	0.710483
1655.4	-566.1585	-606.6345	0.7104997
1655.41	-566.0095	-606.6357	0.7105163
1655.42	-565.8604	-606.6369	0.7105326
1655.43	-565.7112	-606.6381	0.7105487
1655.44	-565.5621	-606.6393	0.7105646
1655.45	-565.4128	-606.6406	0.7105803
1655.46	-565.2636	-606.6418	0.7105959
1655.47	-565.1143	-606.6431	0.7106113
1655.48	-564.965	-606.6443	0.7106265
1655.49	-564.8157	-606.6457	0.7106416
1655.5	-564.6663	-606.647	0.7106565
1655.51	-564.5168	-606.6483	0.7106713
1655.52	-564.3673	-606.6495	0.7106859
1655.53	-564.2178	-606.6509	0.7107005
1655.54	-564.0682	-606.6522	0.7107148
1655.55	-563.9186	-606.6536	0.7107291
1655.56	-563.769	-606.6549	0.7107433
1655.57	-563.6193	-606.6563	0.7107574
1655.58	-563.4695	-606.6576	0.7107714
1655.59	-563.3198	-606.659	0.7107852
1655.6	-563.17	-606.6605	0.710799
1655.61	-563.0201	-606.6619	0.7108127
1655.62	-562.8702	-606.6633	0.7108263
1655.63	-562.7203	-606.6647	0.7108399
1655.64	-562.5704	-606.6661	0.7108533
1655.65	-562.4203	-606.6675	0.7108667
1655.66	-562.2703	-606.6689	0.71088
1655.67	-562.1202	-606.6704	0.7108933
1655.68	-561.9702	-606.6719	0.7109064
1655.69	-561.82	-606.6733	0.7109196
1655.7	-561.6698	-606.6748	0.7109327
1655.71	-561.5195	-606.6763	0.7109457
1655.72	-561.3693	-606.6778	0.7109587
1655.73	-561.2189	-606.6793	0.7109717
1655.74	-561.0686	-606.6808	0.7109845
1655.75	-560.9182	-606.6824	0.7109973
1655.76	-560.7678	-606.6839	0.7110101
1655.77	-560.6172	-606.6854	0.7110229
1655.78	-560.4667	-606.687	0.7110357
1655.79	-560.3162	-606.6885	0.7110484
1655.8	-560.1656	-606.69	0.7110612
1655.81	-560.015	-606.6916	0.711074
1655.82	-559.8643	-606.6932	0.7110868
1655.83	-559.7135	-606.6948	0.7110996
1655.84	-559.5627	-606.6964	0.7111127
1655.85	-559.4119	-606.698	0.711126
1655.86	-559.2611	-606.6996	0.7111396
1655.87	-559.1102	-606.7012	0.7111534
1655.88	-558.9594	-606.7028	0.7111681
1655.89	-558.8084	-606.7044	0.7111837
1655.9	-558.6574	-606.7061	0.7112002
1655.91	-558.5063	-606.7077	0.7112175
1655.92	-558.3553	-606.7094	0.7112355
1655.93	-558.2042	-606.7111	0.7112554
1655.94	-558.053	-606.7128	0.7112772
1655.95	-557.9019	-606.7145	0.7113006
1655.96	-557.7506	-606.7162	0.7113256
1655.97	-557.5993	-606.7179	0.7113522
1655.98	-557.448	-606.7196	0.7113814
1655.99	-557.2967	-606.7214	0.711413
1656	-557.1453	-606.7232	0.7114468
1656.01	-556.9939	-606.725	0.7114829
1656.02	-556.8424	-606.7267	0.7115212
1656.03	-556.6909	-606.7286	0.7115614
1656.04	-556.5394	-606.7305	0.7116039
1656.05	-556.3878	-606.7323	0.7116485
1656.06	-556.2362	-606.7342	0.7116951
1656.07	-556.0845	-606.7361	0.7117436
1656.08	-555.9329	-606.738	0.7117937
1656.09	-555.7811	-606.7399	0.7118453
1656.1	-555.6293	-606.7419	0.7118983
1656.11	-555.4775	-606.7438	0.7119528
1656.12	-555.3257	-606.7458	0.7120085
1656.13	-555.1738	-606.7478	0.7120647
1656.14	-555.0219	-606.7498	0.7121215
1656.15	-554.8699	-606.7519	0.7121786
1656.16	-554.718	-606.7539	0.7122363
1656.17	-554.5659	-606.756	0.7122944
1656.18	-554.4139	-606.7581	0.7123517
1656.19	-554.2618	-606.7601	0.7124084
1656.2	-554.1096	-606.7623	0.7124645
1656.21	-553.9574	-606.7643	0.71252
1656.22	-553.8052	-606.7665	0.712575
1656.23	-553.6529	-606.7687	0.7126283
1656.24	-553.5006	-606.7708	0.7126802
1656.25	-553.3483	-606.7729	0.7127307
1656.26	-553.1959	-606.7751	0.7127798
1656.27	-553.0434	-606.7773	0.7128275
1656.28	-552.8909	-606.7795	0.7128741
1656.29	-552.7385	-606.7818	0.7129181
1656.3	-552.5859	-606.784	0.7129598
1656.31	-552.4333	-606.7863	0.7129993
1656.32	-552.2807	-606.7885	0.7130366
1656.33	-552.1281	-606.7908	0.7130709
1656.34	-551.9753	-606.7931	0.7131024
1656.35	-551.8226	-606.7953	0.7131312
1656.36	-551.6699	-606.7976	0.7131574
1656.37	-551.517	-606.7999	0.7131811
1656.38	-551.3642	-606.8023	0.7132021
1656.39	-551.2113	-606.8046	0.7132204
1656.4	-551.0583	-606.8069	0.7132363
1656.41	-550.9054	-606.8093	0.7132498
1656.42	-550.7524	-606.8116	0.713261
1656.43	-550.5994	-606.8139	0.7132701
1656.44	-550.4463	-606.8163	0.713277
1656.45	-550.2932	-606.8187	0.713282
1656.46	-550.14	-606.821	0.7132851
1656.47	-549.9868	-606.8234	0.7132864
1656.48	-549.8336	-606.8258	0.713286
1656.49	-549.6804	-606.8282	0.7132839
1656.5	-549.527	-606.8306	0.7132802
1656.51	-549.3737	-606.8329	0.7132751
1656.52	-549.2203	-606.8353	0.7132685
1656.53	-549.0668	-606.8378	0.7132605
1656.54	-548.9134	-606.8402	0.7132511
1656.55	-548.7599	-606.8427	0.7132406
1656.56	-548.6063	-606.8451	0.7132288
1656.57	-548.4528	-606.8475	0.7132159
1656.58	-548.2991	-606.85	0.7132019
1656.59	-548.1455	-606.8524	0.7131869
1656.6	-547.9918	-606.8548	0.7131708
1656.61	-547.8381	-606.8572	0.7131538
1656.62	-547.6843	-606.8597	0.7131358
1656.63	-547.5305	-606.8621	0.7131169
1656.64	-547.3766	-606.8646	0.7130973
1656.65	-547.2228	-606.867	0.7130768
1656.66	-547.0688	-606.8694	0.7130557
1656.67	-546.9149	-606.8718	0.7130337
1656.68	-546.7609	-606.8743	0.713011
1656.69	-546.6068	-606.8767	0.7129877
1656.7	-546.4528	-606.8792	0.7129637
1656.71	-546.2986	-606.8816	0.7129391
1656.72	-546.1445	-606.884	0.712914
1656.73	-545.9903	-606.8865	0.7128882
1656.74	-545.8361	-606.8889	0.712862
1656.75	-545.6818	-606.8913	0.7128351
1656.76	-545.5275	-606.8937	0.7128078
1656.77	-545.3732	-606.8962	0.7127801
1656.78	-545.2188	-606.8986	0.7127519
1656.79	-545.0644	-606.901	0.7127232
1656.8	-544.9099	-606.9034	0.7126941
1656.81	-544.7554	-606.9059	0.7126646
1656.82	-544.6009	-606.9083	0.7126347
1656.83	-544.4464	-606.9108	0.7126046
1656.84	-544.2917	-606.9131	0.7125739
1656.85	-544.1371	-606.9156	0.712543
1656.86	-543.9824	-606.918	0.7125118
1656.87	-543.8277	-606.9205	0.7124802
1656.88	-543.673	-606.9229	0.7124484
1656.89	-543.5182	-606.9252	0.7124163
1656.9	-543.3633	-606.9276	0.7123839
1656.91	-543.2084	-606.9299	0.7123513
1656.92	-543.0535	-606.9323	0.7123184
1656.93	-542.8986	-606.9346	0.7122852
1656.94	-542.7437	-606.937	0.7122518
1656.95	-542.5886	-606.9394	0.7122182
1656.96	-542.4336	-606.9417	0.7121844
1656.97	-542.2785	-606.944	0.7121505
1656.98	-542.1234	-606.9463	0.7121163
1656.99	-541.9683	-606.9486	0.712082
1657	-541.8132	-606.9509	0.7120475
1657.01	-541.658	-606.9532	0.7120129
1657.02	-541.5028	-606.9555	0.7119782
1657.03	-541.3476	-606.9578	0.7119433
1657.04	-541.1924	-606.96	0.7119084
1657.05	-541.0372	-606.9623	0.7118735
1657.06	-540.8819	-606.9645	0.7118384
1657.07	-540.7266	-606.9667	0.7118032
1657.08	-540.5714	-606.969	0.7117679
1657.09	-540.4161	-606.9712	0.7117327
1657.1	-540.2609	-606.9734	0.7116973
1657.11	-540.1056	-606.9755	0.7116619
1657.12	-539.9503	-606.9777	0.7116265
1657.13	-539.795	-606.9799	0.7115909
1657.14	-539.6398	-606.9821	0.7115555
1657.15	-539.4845	-606.9841	0.7115199
1657.16	-539.3292	-606.9863	0.7114843
1657.17	-539.174	-606.9884	0.7114486
1657.18	-539.0187	-606.9905	0.7114129
1657.19	-538.8634	-606.9926	0.7113772
1657.2	-538.7081	-606.9946	0.7113414
1657.21	-538.5529	-606.9967	0.7113057
1657.22	-538.3976	-606.9988	0.71127
1657.23	-538.2424	-607.0008	0.711234
1657.24	-538.0872	-607.0028	0.7111981
1657.25	-537.9319	-607.0048	0.711162
1657.26	-537.7767	-607.0068	0.711126
1657.27	-537.6215	-607.0089	0.7110897
1657.28	-537.4663	-607.0107	0.7110534
1657.29	-537.3112	-607.0127	0.7110167
1657.3	-537.156	-607.0146	0.7109796
1657.31	-537.0009	-607.0166	0.710942
1657.32	-536.8457	-607.0185	0.7109039
1657.33	-536.6906	-607.0204	0.7108654
1657.34	-536.5354	-607.0223	0.7108265
1657.35	-536.3802	-607.0241	0.7107871
1657.36	-536.2251	-607.0259	0.7107471
1657.37	-536.0699	-607.0278	0.7107068
1657.38	-535.9148	-607.0296	0.7106662
1657.39	-535.7596	-607.0314	0.7106251
1657.4	-535.6045	-607.0331	0.7105836
1657.41	-535.4493	-607.0349	0.7105418
1657.42	-535.2942	-607.0367	0.7104997
1657.43	-535.139	-607.0384	0.7104573
1657.44	-534.9839	-607.0401	0.7104145
1657.45	-534.8287	-607.0418	0.7103714
1657.46	-534.6736	-607.0435	0.710328
1657.47	-534.5184	-607.0452	0.7102844
1657.48	-534.3633	-607.0468	0.7102404
1657.49	-534.2081	-607.0485	0.7101963
1657.5	-534.053	-607.05	0.7101519
1657.51	-533.8978	-607.0516	0.7101071
1657.52	-533.7427	-607.0532	0.7100624
1657.53	-533.5875	-607.0547	0.7100173
1657.54	-533.4324	-607.0563	0.709972
1657.55	-533.2772	-607.0579	0.7099265
1657.56	-533.1221	-607.0593	0.7098809
1657.57	-532.9669	-607.0609	0.7098351
1657.58	-532.8117	-607.0623	0.7097891
1657.59	-532.6566	-607.0638	0.7097429
1657.6	-532.5013	-607.0652	0.7096966
1657.61	-532.3461	-607.0667	0.7096501
1657.62	-532.1909	-607.0681	0.7096035
1657.63	-532.0357	-607.0694	0.7095568
1657.64	-531.8805	-607.0708	0.7095099
1657.65	-531.7253	-607.0721	0.7094629
1657.66	-531.5701	-607.0734	0.7094156
1657.67	-531.4149	-607.0748	0.7093684
1657.68	-531.2596	-607.076	0.709321
1657.69	-531.1044	-607.0773	0.7092736
1657.7	-530.9491	-607.0786	0.709226
1657.71	-530.7938	-607.0798	0.7091783
1657.72	-530.6385	-607.081	0.7091303
1657.73	-530.4833	-607.0822	0.7090824
1657.74	-530.328	-607.0834	0.7090344
1657.75	-530.1727	-607.0845	0.7089862
1657.76	-530.0173	-607.0857	0.708938
1657.77	-529.862	-607.0869	0.7088897
1657.78	-529.7066	-607.088	0.7088412
1657.79	-529.5512	-607.089	0.7087927
1657.8	-529.3958	-607.0901	0.7087442
1657.81	-529.2404	-607.0911	0.7086956
1657.82	-529.085	-607.0921	0.7086468
1657.83	-528.9296	-607.0931	0.7085981
1657.84	-528.7741	-607.0941	0.7085494
1657.85	-528.6187	-607.095	0.7085006
1657.86	-528.4631	-607.096	0.7084518
1657.87	-528.3076	-607.0969	0.7084031
1657.88	-528.1521	-607.0978	0.7083543
1657.89	-527.9966	-607.0987	0.7083058
1657.9	-527.8411	-607.0996	0.7082577
1657.91	-527.6855	-607.1004	0.7082099
1657.92	-527.5299	-607.1013	0.7081623
1657.93	-527.3743	-607.1021	0.7081155
1657.94	-527.2188	-607.1028	0.7080693
1657.95	-527.0631	-607.1036	0.7080237
1657.96	-526.9075	-607.1044	0.7079788
1657.97	-526.7518	-607.1052	0.7079344
1657.98	-526.5961	-607.1058	0.7078912
1657.99	-526.4404	-607.1066	0.7078491
1658	-526.2847	-607.1073	0.7078083
1658.01	-526.129	-607.1079	0.7077684
1658.02	-525.9733	-607.1086	0.7077296
1658.03	-525.8175	-607.1093	0.7076918
1658.04	-525.6617	-607.1099	0.707656
1658.05	-525.506	-607.1105	0.7076221
1658.06	-525.3502	-607.1111	0.7075901
1658.07	-525.1943	-607.1117	0.7075599
1658.08	-525.0385	-607.1123	0.7075322
1658.09	-524.8827	-607.1129	0.7075068
1658.1	-524.7268	-607.1135	0.7074837
1658.11	-524.5709	-607.114	0.7074628
1658.12	-524.415	-607.1145	0.707444
1658.13	-524.2592	-607.1151	0.7074279
1658.14	-524.1032	-607.1156	0.7074146
1658.15	-523.9473	-607.1161	0.707404
1658.16	-523.7913	-607.1166	0.7073957
1658.17	-523.6353	-607.1171	0.7073898
1658.18	-523.4793	-607.1176	0.7073864
1658.19	-523.3233	-607.1181	0.7073854
1658.2	-523.1673	-607.1186	0.7073866
1658.21	-523.0112	-607.1191	0.7073898
1658.22	-522.8552	-607.1196	0.7073952
1658.23	-522.6991	-607.1201	0.7074021
1658.24	-522.543	-607.1205	0.7074103
1658.25	-522.3869	-607.1209	0.7074199
1658.26	-522.2308	-607.1213	0.707431
1658.27	-522.0746	-607.1218	0.7074432
1658.28	-521.9185	-607.1222	0.7074567
1658.29	-521.7623	-607.1226	0.7074701
1658.3	-521.6061	-607.1231	0.7074834
1658.31	-521.4499	-607.1235	0.7074966
1658.32	-521.2936	-607.124	0.7075099
1658.33	-521.1374	-607.1243	0.707523
1658.34	-520.9811	-607.1247	0.7075344
1658.35	-520.8249	-607.1251	0.707544
1658.36	-520.6686	-607.1254	0.7075521
1658.37	-520.5123	-607.1258	0.7075588
1658.38	-520.356	-607.1262	0.7075624
1658.39	-520.1996	-607.1265	0.7075632
1658.4	-520.0433	-607.1268	0.7075613
1658.41	-519.8869	-607.1271	0.7075567
1658.42	-519.7305	-607.1274	0.7075498
1658.43	-519.5742	-607.1277	0.7075392
1658.44	-519.4177	-607.1279	0.707525
1658.45	-519.2613	-607.1282	0.7075075
1658.46	-519.1049	-607.1284	0.7074868
1658.47	-518.9484	-607.1286	0.707463
1658.48	-518.7919	-607.1288	0.7074359
1658.49	-518.6354	-607.129	0.7074056
1658.5	-518.4789	-607.1292	0.7073723
1658.51	-518.3224	-607.1293	0.7073359
1658.52	-518.1658	-607.1294	0.7072968
1658.53	-518.0093	-607.1295	0.7072553
1658.54	-517.8527	-607.1296	0.7072115
1658.55	-517.6961	-607.1297	0.7071655
1658.56	-517.5395	-607.1298	0.7071173
1658.57	-517.3829	-607.1298	0.7070672
1658.58	-517.2263	-607.1298	0.7070159
1658.59	-517.0696	-607.1299	0.7069634
1658.6	-516.913	-607.1299	0.70691
1658.61	-516.7563	-607.1299	0.7068554
1658.62	-516.5995	-607.1299	0.7067999
1658.63	-516.4428	-607.1299	0.7067435
1658.64	-516.2861	-607.1298	0.7066876
1658.65	-516.1293	-607.1298	0.7066321
1658.66	-515.9726	-607.1296	0.706577
1658.67	-515.8158	-607.1296	0.7065222
1658.68	-515.659	-607.1295	0.7064691
1658.69	-515.5022	-607.1294	0.7064173
1658.7	-515.3454	-607.1293	0.7063669
1658.71	-515.1885	-607.1292	0.7063178
1658.72	-515.0317	-607.129	0.7062699
1658.73	-514.8748	-607.1289	0.7062243
1658.74	-514.718	-607.1288	0.7061808
1658.75	-514.561	-607.1287	0.7061392
1658.76	-514.4041	-607.1285	0.7060996
1658.77	-514.2471	-607.1283	0.7060618
1658.78	-514.0902	-607.1281	0.7060267
1658.79	-513.9332	-607.1279	0.705994
1658.8	-513.7762	-607.1277	0.7059636
1658.81	-513.6192	-607.1275	0.7059354
1658.82	-513.4622	-607.1273	0.7059094
1658.83	-513.3051	-607.1271	0.7058854
1658.84	-513.1481	-607.1269	0.7058636
1658.85	-512.991	-607.1266	0.7058438
1658.86	-512.8339	-607.1264	0.705826
1658.87	-512.6768	-607.1261	0.7058101
1658.88	-512.5197	-607.1259	0.7057959
1658.89	-512.3625	-607.1256	0.7057835
1658.9	-512.2053	-607.1254	0.7057726
1658.91	-512.0482	-607.1251	0.7057633
1658.92	-511.8909	-607.1248	0.7057554
1658.93	-511.7337	-607.1245	0.7057488
1658.94	-511.5765	-607.1241	0.7057433
1658.95	-511.4192	-607.1238	0.7057389
1658.96	-511.262	-607.1235	0.7057355
1658.97	-511.1047	-607.1232	0.7057332
1658.98	-510.9474	-607.1229	0.7057316
1658.99	-510.7901	-607.1225	0.7057306
1659	-510.6328	-607.1221	0.7057303
1659.01	-510.4754	-607.1218	0.7057306
1659.02	-510.318	-607.1214	0.7057316
1659.03	-510.1606	-607.121	0.7057326
1659.04	-510.0033	-607.1207	0.705734
1659.05	-509.8459	-607.1203	0.7057354
1659.06	-509.6884	-607.1199	0.705737
1659.07	-509.5309	-607.1194	0.7057388
1659.08	-509.3735	-607.119	0.7057403
1659.09	-509.216	-607.1186	0.7057416
1659.1	-509.0585	-607.1182	0.7057428
1659.11	-508.901	-607.1177	0.7057438
1659.12	-508.7434	-607.1173	0.7057447
1659.13	-508.5859	-607.1169	0.7057452
1659.14	-508.4283	-607.1165	0.7057454
1659.15	-508.2708	-607.116	0.7057453
1659.16	-508.1131	-607.1155	0.7057449
1659.17	-507.9555	-607.115	0.7057442
1659.18	-507.7979	-607.1145	0.7057433
1659.19	-507.6402	-607.114	0.7057419
1659.2	-507.4825	-607.1135	0.7057404
1659.21	-507.3249	-607.113	0.7057387
1659.22	-507.1671	-607.1125	0.7057366
1659.23	-507.0094	-607.1121	0.7057344
1659.24	-506.8517	-607.1116	0.7057318
1659.25	-506.6939	-607.1111	0.7057289
1659.26	-506.5362	-607.1105	0.7057259
1659.27	-506.3784	-607.11	0.7057226
1659.28	-506.2206	-607.1094	0.7057186
1659.29	-506.0627	-607.1089	0.705714
1659.3	-505.9049	-607.1083	0.7057088
1659.31	-505.747	-607.1078	0.705703
1659.32	-505.5891	-607.1072	0.7056966
1659.33	-505.4312	-607.1067	0.7056898
1659.34	-505.2733	-607.1061	0.7056817
1659.35	-505.1154	-607.1055	0.7056723
1659.36	-504.9574	-607.105	0.7056618
1659.37	-504.7994	-607.1044	0.7056502
1659.38	-504.6414	-607.1038	0.7056375
1659.39	-504.4835	-607.1031	0.7056234
1659.4	-504.3254	-607.1025	0.705608
1659.41	-504.1674	-607.1019	0.7055915
1659.42	-504.0093	-607.1013	0.7055737
1659.43	-503.8513	-607.1007	0.7055548
1659.44	-503.6932	-607.1001	0.7055348
1659.45	-503.5351	-607.0994	0.7055137
1659.46	-503.377	-607.0987	0.7054916
1659.47	-503.2189	-607.098	0.7054687
1659.48	-503.0608	-607.0974	0.7054448
1659.49	-502.9026	-607.0967	0.70542
1659.5	-502.7445	-607.096	0.7053944
1659.51	-502.5863	-607.0953	0.705368
1659.52	-502.4281	-607.0945	0.7053408
1659.53	-502.27	-607.0938	0.705313
1659.54	-502.1118	-607.0931	0.7052844
1659.55	-501.9536	-607.0923	0.7052552
1659.56	-501.7954	-607.0916	0.7052253
1659.57	-501.6372	-607.0908	0.7051948
1659.58	-501.479	-607.0901	0.7051638
1659.59	-501.3209	-607.0893	0.7051322
1659.6	-501.1627	-607.0885	0.7051002
1659.61	-501.0045	-607.0876	0.7050676
1659.62	-500.8463	-607.0869	0.7050346
1659.63	-500.6882	-607.0861	0.7050012
1659.64	-500.5301	-607.0853	0.7049674
1659.65	-500.3719	-607.0844	0.7049333
1659.66	-500.2138	-607.0835	0.7048988
1659.67	-500.0556	-607.0826	0.704864
1659.68	-499.8975	-607.0818	0.704829
1659.69	-499.7394	-607.0809	0.7047938
1659.7	-499.5813	-607.08	0.7047582
1659.71	-499.4232	-607.0791	0.7047225
1659.72	-499.2651	-607.0782	0.7046866
1659.73	-499.107	-607.0773	0.7046505
1659.74	-498.9489	-607.0763	0.7046143
1659.75	-498.7908	-607.0754	0.7045778
1659.76	-498.6328	-607.0744	0.7045413
1659.77	-498.4747	-607.0734	0.7045045
1659.78	-498.3166	-607.0724	0.7044674
1659.79	-498.1586	-607.0714	0.70443
1659.8	-498.0005	-607.0704	0.7043924
1659.81	-497.8425	-607.0694	0.7043545
1659.82	-497.6844	-607.0684	0.7043163
1659.83	-497.5264	-607.0673	0.7042777
1659.84	-497.3684	-607.0662	0.7042387
1659.85	-497.2104	-607.0652	0.7041994
1659.86	-497.0523	-607.064	0.7041596
1659.87	-496.8943	-607.0629	0.7041194
1659.88	-496.7363	-607.0618	0.7040788
1659.89	-496.5783	-607.0607	0.7040375
1659.9	-496.4203	-607.0595	0.7039958
1659.91	-496.2624	-607.0583	0.7039535
1659.92	-496.1044	-607.0572	0.7039108
1659.93	-495.9464	-607.056	0.7038676
1659.94	-495.7885	-607.0547	0.7038238
1659.95	-495.6305	-607.0535	0.7037797
1659.96	-495.4726	-607.0523	0.703735
1659.97	-495.3147	-607.051	0.7036899
1659.98	-495.1568	-607.0497	0.7036445
1659.99	-494.9989	-607.0485	0.7035987
1660	-494.841	-607.0471	0.7035524
1660.01	-494.6831	-607.0458	0.7035061
1660.02	-494.5252	-607.0444	0.7034593
1660.03	-494.3673	-607.0431	0.7034124
1660.04	-494.2094	-607.0417	0.7033654
1660.05	-494.0516	-607.0403	0.7033184
1660.06	-493.8937	-607.0389	0.7032712
1660.07	-493.7358	-607.0374	0.703224
1660.08	-493.578	-607.036	0.7031772
1660.09	-493.4202	-607.0345	0.7031307
1660.1	-493.2623	-607.033	0.7030843
1660.11	-493.1045	-607.0316	0.7030385
1660.12	-492.9467	-607.03	0.7029927
1660.13	-492.7888	-607.0284	0.7029479
1660.14	-492.631	-607.0269	0.7029039
1660.15	-492.4732	-607.0254	0.7028607
1660.16	-492.3154	-607.0238	0.7028183
1660.17	-492.1576	-607.0222	0.7027766
1660.18	-491.9998	-607.0206	0.7027361
1660.19	-491.8421	-607.019	0.7026966
1660.2	-491.6843	-607.0173	0.7026581
1660.21	-491.5265	-607.0156	0.7026207
1660.22	-491.3687	-607.014	0.7025843
1660.23	-491.211	-607.0123	0.7025489
1660.24	-491.0533	-607.0107	0.7025146
1660.25	-490.8956	-607.0089	0.7024813
1660.26	-490.7379	-607.0072	0.702449
1660.27	-490.5802	-607.0055	0.7024176
1660.28	-490.4225	-607.0038	0.702387
1660.29	-490.2648	-607.002	0.7023573
1660.3	-490.1071	-607.0002	0.7023284
1660.31	-489.9494	-606.9984	0.7023003
1660.32	-489.7917	-606.9966	0.702273
1660.33	-489.6341	-606.9948	0.7022463
1660.34	-489.4764	-606.993	0.7022202
1660.35	-489.3188	-606.9911	0.7021948
1660.36	-489.1611	-606.9893	0.7021698
1660.37	-489.0035	-606.9874	0.7021455
1660.38	-488.8459	-606.9855	0.7021215
1660.39	-488.6882	-606.9836	0.702098
1660.4	-488.5306	-606.9817	0.7020749
1660.41	-488.373	-606.9798	0.7020522
1660.42	-488.2154	-606.9778	0.7020299
1660.43	-488.0577	-606.9758	0.7020079
1660.44	-487.9001	-606.9739	0.7019861
1660.45	-487.7426	-606.9719	0.7019644
1660.46	-487.585	-606.9699	0.7019427
1660.47	-487.4274	-606.9679	0.7019213
1660.48	-487.2698	-606.9659	0.7018996
1660.49	-487.1122	-606.9638	0.7018778
1660.5	-486.9547	-606.9618	0.7018557
1660.51	-486.7971	-606.9597	0.7018335
1660.52	-486.6396	-606.9576	0.7018111
1660.53	-486.482	-606.9556	0.701788
1660.54	-486.3245	-606.9535	0.7017641
1660.55	-486.167	-606.9514	0.7017396
1660.56	-486.0094	-606.9492	0.7017145
1660.57	-485.8519	-606.947	0.7016888
1660.58	-485.6944	-606.9449	0.7016618
1660.59	-485.5369	-606.9427	0.7016336
1660.6	-485.3794	-606.9405	0.7016044
1660.61	-485.2219	-606.9382	0.7015741
1660.62	-485.0643	-606.936	0.7015427
1660.63	-484.9068	-606.9338	0.70151
1660.64	-484.7493	-606.9315	0.7014757
1660.65	-484.5918	-606.9293	0.7014401
1660.66	-484.4343	-606.9269	0.7014032
1660.67	-484.2768	-606.9246	0.7013651
1660.68	-484.1193	-606.9222	0.7013257
1660.69	-483.9619	-606.9199	0.7012849
1660.7	-483.8044	-606.9175	0.7012429
1660.71	-483.6469	-606.9151	0.7011995
1660.72	-483.4894	-606.9127	0.7011549
1660.73	-483.332	-606.9103	0.701109
1660.74	-483.1746	-606.9078	0.7010621
1660.75	-483.0171	-606.9054	0.701014
1660.76	-482.8597	-606.9029	0.7009649
1660.77	-482.7022	-606.9004	0.7009148
1660.78	-482.5448	-606.8979	0.7008637
1660.79	-482.3874	-606.8953	0.7008117
1660.8	-482.23	-606.8928	0.7007589
1660.81	-482.0726	-606.8902	0.7007052
1660.82	-481.9152	-606.8876	0.7006508
1660.83	-481.7578	-606.8849	0.7005954
1660.84	-481.6004	-606.8823	0.7005394
1660.85	-481.443	-606.8796	0.7004827
1660.86	-481.2856	-606.877	0.7004253
1660.87	-481.1283	-606.8743	0.7003673
1660.88	-480.9709	-606.8716	0.7003087
1660.89	-480.8136	-606.8689	0.7002494
1660.9	-480.6562	-606.8661	0.7001897
1660.91	-480.4989	-606.8633	0.7001294
1660.92	-480.3415	-606.8605	0.7000685
1660.93	-480.1842	-606.8577	0.7000072
1660.94	-480.0269	-606.8549	0.6999454
1660.95	-479.8696	-606.8519	0.6998832
1660.96	-479.7122	-606.8491	0.6998205
1660.97	-479.5549	-606.8462	0.6997575
1660.98	-479.3976	-606.8432	0.699694
1660.99	-479.2404	-606.8403	0.6996303
1661	-479.0831	-606.8373	0.6995662
1661.01	-478.9258	-606.8343	0.6995019
1661.02	-478.7685	-606.8312	0.6994373
1661.03	-478.6112	-606.8282	0.6993727
1661.04	-478.454	-606.8252	0.6993082
1661.05	-478.2967	-606.8221	0.6992437
1661.06	-478.1395	-606.819	0.6991792
1661.07	-477.9822	-606.8158	0.6991148
1661.08	-477.825	-606.8127	0.6990511
1661.09	-477.6677	-606.8094	0.698988
1661.1	-477.5105	-606.8063	0.6989254
1661.11	-477.3532	-606.8031	0.6988635
1661.12	-477.196	-606.7998	0.6988022
1661.13	-477.0387	-606.7966	0.6987422
1661.14	-476.8814	-606.7933	0.6986834
1661.15	-476.7242	-606.79	0.6986257
1661.16	-476.5669	-606.7867	0.6985692
1661.17	-476.4096	-606.7833	0.6985137
1661.18	-476.2523	-606.78	0.6984597
1661.19	-476.095	-606.7766	0.6984074
1661.2	-475.9377	-606.7732	0.6983563
1661.21	-475.7804	-606.7698	0.6983066
1661.22	-475.6231	-606.7664	0.6982582
1661.23	-475.4658	-606.7629	0.6982111
1661.24	-475.3085	-606.7594	0.6981654
1661.25	-475.1512	-606.7559	0.6981208
1661.26	-474.9938	-606.7524	0.6980774
1661.27	-474.8365	-606.7488	0.6980352
1661.28	-474.6791	-606.7453	0.6979939
1661.29	-474.5218	-606.7418	0.6979538
1661.3	-474.3644	-606.7381	0.6979145
1661.31	-474.207	-606.7345	0.6978762
1661.32	-474.0497	-606.7309	0.6978387
1661.33	-473.8923	-606.7272	0.6978021
1661.34	-473.7349	-606.7235	0.6977661
1661.35	-473.5775	-606.7198	0.697731
1661.36	-473.4201	-606.7161	0.6976965
1661.37	-473.2627	-606.7124	0.6976627
1661.38	-473.1053	-606.7087	0.6976293
1661.39	-472.9479	-606.7048	0.6975965
1661.4	-472.7904	-606.701	0.6975643
1661.41	-472.633	-606.6973	0.6975325
1661.42	-472.4756	-606.6934	0.6975011
1661.43	-472.3181	-606.6896	0.69747
1661.44	-472.1607	-606.6857	0.6974392
1661.45	-472.0032	-606.6818	0.6974087
1661.46	-471.8457	-606.6779	0.6973783
1661.47	-471.6882	-606.674	0.6973483
1661.48	-471.5308	-606.6701	0.6973185
1661.49	-471.3733	-606.6661	0.6972889
1661.5	-471.2158	-606.6621	0.6972595
1661.51	-471.0583	-606.6581	0.6972303
1661.52	-470.9008	-606.6541	0.6972014
1661.53	-470.7433	-606.6501	0.6971731
1661.54	-470.5858	-606.646	0.6971456
1661.55	-470.4282	-606.642	0.6971187
1661.56	-470.2707	-606.6379	0.6970924
1661.57	-470.1131	-606.6338	0.6970668
1661.58	-469.9556	-606.6297	0.6970417
1661.59	-469.798	-606.6256	0.6970187
1661.6	-469.6404	-606.6215	0.6969975
1661.61	-469.4829	-606.6173	0.696978
1661.62	-469.3253	-606.6132	0.6969603
1661.63	-469.1677	-606.609	0.6969451
1661.64	-469.0101	-606.6049	0.6969326
1661.65	-468.8525	-606.6007	0.6969224
1661.66	-468.6949	-606.5966	0.6969145
1661.67	-468.5373	-606.5924	0.6969089
1661.68	-468.3797	-606.5883	0.6969057
1661.69	-468.222	-606.584	0.696905
1661.7	-468.0644	-606.5798	0.6969066
1661.71	-467.9067	-606.5756	0.6969103
1661.72	-467.7491	-606.5714	0.6969162
1661.73	-467.5914	-606.5672	0.696924
1661.74	-467.4337	-606.563	0.6969337
1661.75	-467.2761	-606.5588	0.6969452
1661.76	-467.1184	-606.5546	0.6969584
1661.77	-466.9607	-606.5504	0.6969733
1661.78	-466.803	-606.5461	0.6969892
1661.79	-466.6453	-606.5419	0.697006
1661.8	-466.4875	-606.5378	0.6970238
1661.81	-466.3298	-606.5336	0.6970425
1661.82	-466.1721	-606.5293	0.697062
1661.83	-466.0143	-606.525	0.6970813
1661.84	-465.8566	-606.5208	0.6971004
1661.85	-465.6988	-606.5165	0.6971194
1661.86	-465.541	-606.5122	0.6971382
1661.87	-465.3832	-606.5079	0.6971569
1661.88	-465.2254	-606.5037	0.6971743
1661.89	-465.0676	-606.4995	0.6971903
1661.9	-464.9098	-606.4952	0.6972052
1661.91	-464.752	-606.4909	0.697219
1661.92	-464.5941	-606.4866	0.6972316
1661.93	-464.4363	-606.4823	0.6972424
1661.94	-464.2785	-606.478	0.6972516
1661.95	-464.1206	-606.4736	0.697259
1661.96	-463.9627	-606.4693	0.6972649
1661.97	-463.8048	-606.465	0.6972693
1661.98	-463.647	-606.4606	0.6972725
1661.99	-463.4891	-606.4563	0.6972746
1662	-463.3312	-606.452	0.6972756
1662.01	-463.1732	-606.4476	0.6972755
1662.02	-463.0153	-606.4433	0.6972744
1662.03	-462.8574	-606.439	0.6972736
1662.04	-462.6995	-606.4346	0.6972728
1662.05	-462.5415	-606.4303	0.6972723
1662.06	-462.3835	-606.426	0.6972719
1662.07	-462.2255	-606.4216	0.6972718
1662.08	-462.0675	-606.4173	0.6972739
1662.09	-461.9095	-606.413	0.6972782
1662.1	-461.7515	-606.4086	0.6972846
1662.11	-461.5935	-606.4043	0.697293
1662.12	-461.4355	-606.4	0.6973033
1662.13	-461.2774	-606.3957	0.6973174
1662.14	-461.1194	-606.3914	0.6973352
1662.15	-460.9613	-606.3871	0.6973565
1662.16	-460.8032	-606.3829	0.697381
1662.17	-460.6451	-606.3786	0.6974087
1662.18	-460.487	-606.3743	0.6974409
1662.19	-460.3289	-606.3701	0.6974772
1662.2	-460.1707	-606.3659	0.6975174
1662.21	-460.0126	-606.3617	0.6975613
1662.22	-459.8544	-606.3575	0.697609
1662.23	-459.6962	-606.3533	0.6976603
1662.24	-459.5381	-606.3492	0.6977153
1662.25	-459.3799	-606.345	0.6977737
1662.26	-459.2216	-606.3409	0.6978353
1662.27	-459.0634	-606.3368	0.6979001
1662.28	-458.9052	-606.3328	0.6979677
1662.29	-458.7469	-606.3287	0.698038
1662.3	-458.5887	-606.3246	0.6981109
1662.31	-458.4304	-606.3206	0.6981863
1662.32	-458.2721	-606.3167	0.698264
1662.33	-458.1138	-606.3126	0.6983435
1662.34	-457.9555	-606.3087	0.6984249
1662.35	-457.7971	-606.3047	0.698508
1662.36	-457.6388	-606.3008	0.6985927
1662.37	-457.4804	-606.2969	0.6986789
1662.38	-457.3221	-606.2931	0.6987664
1662.39	-457.1637	-606.2892	0.6988547
1662.4	-457.0053	-606.2854	0.6989442
1662.41	-456.8469	-606.2816	0.6990347
1662.42	-456.6885	-606.2778	0.6991261
1662.43	-456.5301	-606.274	0.6992179
1662.44	-456.3717	-606.2703	0.6993099
1662.45	-456.2132	-606.2665	0.6994024
1662.46	-456.0547	-606.2629	0.6994951
1662.47	-455.8963	-606.2592	0.6995881
1662.48	-455.7378	-606.2556	0.6996806
1662.49	-455.5793	-606.252	0.6997728
1662.5	-455.4208	-606.2483	0.6998647
1662.51	-455.2623	-606.2448	0.6999563
1662.52	-455.1038	-606.2411	0.7000474
1662.53	-454.9453	-606.2377	0.7001375
1662.54	-454.7868	-606.2342	0.7002265
1662.55	-454.6283	-606.2307	0.7003146
1662.56	-454.4698	-606.2272	0.7004017
1662.57	-454.3113	-606.2238	0.7004878
1662.58	-454.1528	-606.2204	0.7005723
1662.59	-453.9944	-606.217	0.7006551
1662.6	-453.8359	-606.2136	0.7007364
1662.61	-453.6774	-606.2103	0.7008162
1662.62	-453.5189	-606.207	0.7008946
1662.63	-453.3605	-606.2037	0.7009709
1662.64	-453.202	-606.2004	0.7010452
1662.65	-453.0436	-606.1972	0.7011174
1662.66	-452.8851	-606.194	0.7011879
1662.67	-452.7267	-606.1908	0.7012566
1662.68	-452.5682	-606.1877	0.7013236
1662.69	-452.4098	-606.1845	0.7013885
1662.7	-452.2514	-606.1815	0.7014514
1662.71	-452.093	-606.1783	0.7015123
1662.72	-451.9346	-606.1752	0.7015714
1662.73	-451.7762	-606.1722	0.7016288
1662.74	-451.6178	-606.1692	0.7016844
1662.75	-451.4594	-606.1663	0.7017384
1662.76	-451.301	-606.1633	0.7017908
1662.77	-451.1426	-606.1603	0.7018418
1662.78	-450.9843	-606.1574	0.7018917
1662.79	-450.826	-606.1545	0.7019407
1662.8	-450.6676	-606.1516	0.7019887
1662.81	-450.5093	-606.1487	0.7020358
1662.82	-450.351	-606.1459	0.7020821
1662.83	-450.1927	-606.1431	0.702129
1662.84	-450.0345	-606.1403	0.7021762
1662.85	-449.8762	-606.1376	0.702224
1662.86	-449.7179	-606.1349	0.7022722
1662.87	-449.5596	-606.1322	0.7023207
1662.88	-449.4014	-606.1296	0.7023713
1662.89	-449.2432	-606.127	0.7024238
1662.9	-449.085	-606.1243	0.7024781
1662.91	-448.9268	-606.1218	0.7025341
1662.92	-448.7686	-606.1193	0.7025918
1662.93	-448.6105	-606.1168	0.7026527
1662.94	-448.4523	-606.1144	0.7027166
1662.95	-448.2942	-606.1119	0.7027835
1662.96	-448.136	-606.1096	0.7028531
1662.97	-447.9779	-606.1072	0.7029253
1662.98	-447.8198	-606.105	0.703
1662.99	-447.6617	-606.1027	0.7030783
1663	-447.5036	-606.1005	0.7031601
1663.01	-447.3456	-606.0983	0.7032452
1663.02	-447.1875	-606.0961	0.7033333
1663.03	-447.0295	-606.0941	0.7034246
1663.04	-446.8715	-606.092	0.7035189
1663.05	-446.7134	-606.09	0.7036161
1663.06	-446.5554	-606.088	0.7037159
1663.07	-446.3974	-606.086	0.7038184
1663.08	-446.2395	-606.0841	0.7039227
1663.09	-446.0815	-606.0823	0.7040287
1663.1	-445.9236	-606.0804	0.7041364
1663.11	-445.7656	-606.0786	0.7042457
1663.12	-445.6077	-606.0769	0.7043565
1663.13	-445.4498	-606.0752	0.7044674
1663.14	-445.2919	-606.0735	0.7045783
1663.15	-445.134	-606.0718	0.7046894
1663.16	-444.9761	-606.0703	0.7048006
1663.17	-444.8183	-606.0687	0.7049118
1663.18	-444.6604	-606.0671	0.7050211
1663.19	-444.5026	-606.0657	0.7051287
1663.2	-444.3448	-606.0642	0.7052345
1663.21	-444.187	-606.0627	0.7053387
1663.22	-444.0291	-606.0613	0.7054415
1663.23	-443.8714	-606.06	0.7055406
1663.24	-443.7136	-606.0586	0.7056364
1663.25	-443.5558	-606.0573	0.7057291
1663.26	-443.398	-606.056	0.7058185
1663.27	-443.2403	-606.0547	0.7059052
1663.28	-443.0826	-606.0535	0.7059872
1663.29	-442.9248	-606.0523	0.7060647
1663.3	-442.7671	-606.0511	0.7061381
1663.31	-442.6094	-606.0499	0.7062073
1663.32	-442.4517	-606.0488	0.7062728
1663.33	-442.294	-606.0477	0.7063347
1663.34	-442.1363	-606.0466	0.7063913
1663.35	-441.9787	-606.0455	0.7064431
1663.36	-441.821	-606.0444	0.7064902
1663.37	-441.6634	-606.0434	0.7065327
1663.38	-441.5057	-606.0424	0.7065703
1663.39	-441.3481	-606.0414	0.706603
1663.4	-441.1905	-606.0404	0.7066309
1663.41	-441.0329	-606.0394	0.7066545
1663.42	-440.8753	-606.0385	0.7066738
1663.43	-440.7177	-606.0375	0.7066891
1663.44	-440.5602	-606.0366	0.7067001
1663.45	-440.4026	-606.0357	0.7067073
1663.46	-440.245	-606.0348	0.7067106
1663.47	-440.0875	-606.0339	0.7067103
1663.48	-439.9299	-606.0331	0.7067065
1663.49	-439.7724	-606.0322	0.7066996
1663.5	-439.6149	-606.0314	0.7066895
1663.51	-439.4573	-606.0306	0.7066764
1663.52	-439.2998	-606.0298	0.7066604
1663.53	-439.1423	-606.029	0.7066422
1663.54	-438.9848	-606.0282	0.7066218
1663.55	-438.8273	-606.0274	0.7065991
1663.56	-438.6698	-606.0266	0.7065744
1663.57	-438.5123	-606.0259	0.7065478
1663.58	-438.3548	-606.0251	0.70652
1663.59	-438.1974	-606.0244	0.7064912
1663.6	-438.0399	-606.0237	0.7064615
1663.61	-437.8824	-606.0229	0.7064307
