884.56	-644.6916	-607.5618	0.7018856
884.57	-644.5639	-607.5599	0.7018529
884.58	-644.4362	-607.5581	0.7018209
884.59	-644.3085	-607.5563	0.7017895
884.6	-644.1807	-607.5544	0.7017586
884.61	-644.053	-607.5524	0.7017303
884.62	-643.9252	-607.5505	0.7017041
884.63	-643.7974	-607.5486	0.7016801
884.64	-643.6695	-607.5468	0.7016582
884.65	-643.5416	-607.5449	0.7016405
884.66	-643.4138	-607.543	0.7016268
884.67	-643.2858	-607.5412	0.7016169
884.68	-643.1579	-607.5394	0.7016107
884.69	-643.0299	-607.5375	0.7016078
884.7	-642.9019	-607.5357	0.70161
884.71	-642.7739	-607.5339	0.701617
884.72	-642.6459	-607.532	0.7016284
884.73	-642.5179	-607.5302	0.7016442
884.74	-642.3898	-607.5284	0.7016639
884.75	-642.2618	-607.5266	0.7016879
884.76	-642.1337	-607.5248	0.7017156
884.77	-642.0056	-607.5231	0.7017471
884.78	-641.8774	-607.5213	0.7017822
884.79	-641.7492	-607.5195	0.7018205
884.8	-641.621	-607.5178	0.7018619
884.81	-641.4928	-607.5161	0.7019063
884.82	-641.3646	-607.5143	0.7019534
884.83	-641.2363	-607.5126	0.7020031
884.84	-641.108	-607.5109	0.7020553
884.85	-640.9797	-607.5092	0.7021096
884.86	-640.8514	-607.5075	0.702166
884.87	-640.723	-607.5059	0.7022242
884.88	-640.5947	-607.5042	0.7022843
884.89	-640.4662	-607.5026	0.702346
884.9	-640.3379	-607.5009	0.7024087
884.91	-640.2095	-607.4993	0.7024723
884.92	-640.0811	-607.4977	0.702537
884.93	-639.9526	-607.496	0.7026024
884.94	-639.8242	-607.4944	0.7026687
884.95	-639.6957	-607.4929	0.702735
884.96	-639.5673	-607.4913	0.7028012
884.97	-639.4388	-607.4897	0.7028674
884.98	-639.3103	-607.4882	0.7029336
884.99	-639.1818	-607.4866	0.7029998
885	-639.0533	-607.4851	0.7030655
885.01	-638.9249	-607.4836	0.7031306
885.02	-638.7964	-607.4821	0.7031953
885.03	-638.6679	-607.4807	0.7032595
885.04	-638.5394	-607.4791	0.7033234
885.05	-638.4109	-607.4777	0.7033867
885.06	-638.2825	-607.4763	0.7034498
885.07	-638.154	-607.4748	0.7035124
885.08	-638.0255	-607.4734	0.7035748
885.09	-637.897	-607.472	0.7036368
885.1	-637.7686	-607.4706	0.7036985
885.11	-637.6402	-607.4692	0.70376
885.12	-637.5118	-607.4678	0.7038211
885.13	-637.3834	-607.4666	0.703882
885.14	-637.2549	-607.4652	0.7039428
885.15	-637.1266	-607.4639	0.7040032
885.16	-636.9982	-607.4626	0.7040635
885.17	-636.8699	-607.4614	0.7041236
885.18	-636.7415	-607.4601	0.7041835
885.19	-636.6132	-607.4589	0.7042432
885.2	-636.4848	-607.4576	0.7043031
885.21	-636.3564	-607.4565	0.7043632
885.22	-636.2281	-607.4553	0.7044234
885.23	-636.0997	-607.4542	0.7044837
885.24	-635.9714	-607.453	0.7045441
885.25	-635.8431	-607.4518	0.7046057
885.26	-635.7148	-607.4508	0.7046683
885.27	-635.5865	-607.4497	0.7047319
885.28	-635.4582	-607.4487	0.7047965
885.29	-635.3299	-607.4476	0.7048619
885.3	-635.2016	-607.4467	0.7049282
885.31	-635.0733	-607.4457	0.7049964
885.32	-634.945	-607.4447	0.7050664
885.33	-634.8167	-607.4438	0.7051381
885.34	-634.6885	-607.4429	0.7052115
885.35	-634.5602	-607.442	0.7052865
885.36	-634.432	-607.4412	0.705363
885.37	-634.3038	-607.4404	0.7054411
885.38	-634.1755	-607.4396	0.7055205
885.39	-634.0473	-607.4388	0.7056012
885.4	-633.9191	-607.4382	0.7056831
885.41	-633.791	-607.4374	0.7057662
885.42	-633.6628	-607.4368	0.7058504
885.43	-633.5346	-607.4361	0.7059355
885.44	-633.4064	-607.4355	0.7060217
885.45	-633.2783	-607.4349	0.7061083
885.46	-633.1501	-607.4343	0.7061956
885.47	-633.0219	-607.4338	0.7062834
885.48	-632.8937	-607.4333	0.7063716
885.49	-632.7656	-607.4328	0.7064603
885.5	-632.6374	-607.4323	0.7065494
885.51	-632.5093	-607.4319	0.7066383
885.52	-632.3812	-607.4315	0.7067269
885.53	-632.2531	-607.4311	0.7068154
885.54	-632.1249	-607.4308	0.7069035
885.55	-631.9968	-607.4304	0.7069915
885.56	-631.8687	-607.4302	0.7070794
885.57	-631.7407	-607.4299	0.7071653
885.58	-631.6126	-607.4296	0.7072496
885.59	-631.4846	-607.4294	0.7073323
885.6	-631.3565	-607.4292	0.7074123
885.61	-631.2285	-607.429	0.7074899
885.62	-631.1004	-607.4288	0.7075651
885.63	-630.9724	-607.4287	0.7076382
885.64	-630.8443	-607.4285	0.7077091
885.65	-630.7162	-607.4284	0.7077782
885.66	-630.5883	-607.4283	0.7078443
885.67	-630.4603	-607.4282	0.7079078
885.68	-630.3323	-607.4282	0.7079689
885.69	-630.2043	-607.4282	0.7080275
885.7	-630.0763	-607.4281	0.7080834
885.71	-629.9483	-607.4282	0.7081367
885.72	-629.8203	-607.4282	0.7081876
885.73	-629.6923	-607.4282	0.708236
885.74	-629.5643	-607.4283	0.7082824
885.75	-629.4364	-607.4283	0.7083262
885.76	-629.3085	-607.4284	0.7083676
885.77	-629.1805	-607.4285	0.7084069
885.78	-629.0526	-607.4286	0.7084439
885.79	-628.9246	-607.4288	0.708479
885.8	-628.7966	-607.4289	0.7085119
885.81	-628.6687	-607.4291	0.7085429
885.82	-628.5408	-607.4293	0.7085719
885.83	-628.4128	-607.4294	0.708599
885.84	-628.2849	-607.4296	0.7086244
885.85	-628.157	-607.4298	0.7086481
885.86	-628.0291	-607.4301	0.7086702
885.87	-627.9011	-607.4304	0.7086907
885.88	-627.7732	-607.4306	0.7087097
885.89	-627.6453	-607.4308	0.7087273
885.9	-627.5173	-607.4312	0.7087436
885.91	-627.3894	-607.4315	0.7087587
885.92	-627.2615	-607.4318	0.7087725
885.93	-627.1335	-607.4321	0.7087852
885.94	-627.0056	-607.4324	0.7087969
885.95	-626.8777	-607.4327	0.7088075
885.96	-626.7498	-607.4331	0.7088172
885.97	-626.6218	-607.4335	0.7088261
885.98	-626.4939	-607.4338	0.708834
885.99	-626.366	-607.4343	0.7088411
886	-626.2381	-607.4346	0.7088475
886.01	-626.1102	-607.4351	0.7088531
886.02	-625.9824	-607.4355	0.708858
886.03	-625.8544	-607.4359	0.7088623
886.04	-625.7265	-607.4363	0.7088659
886.05	-625.5986	-607.4368	0.708869
886.06	-625.4708	-607.4372	0.7088715
886.07	-625.3429	-607.4376	0.7088735
886.08	-625.215	-607.438	0.708875
886.09	-625.0872	-607.4385	0.708876
886.1	-624.9593	-607.439	0.7088766
886.11	-624.8314	-607.4395	0.7088767
886.12	-624.7036	-607.44	0.7088764
886.13	-624.5757	-607.4405	0.7088757
886.14	-624.4478	-607.441	0.7088746
886.15	-624.3199	-607.4415	0.7088733
886.16	-624.1921	-607.442	0.7088714
886.17	-624.0642	-607.4424	0.708869
886.18	-623.9363	-607.4429	0.7088662
886.19	-623.8085	-607.4434	0.708863
886.2	-623.6807	-607.444	0.7088589
886.21	-623.5528	-607.4445	0.708854
886.22	-623.4249	-607.4451	0.7088483
886.23	-623.2971	-607.4456	0.708842
886.24	-623.1692	-607.4461	0.7088349
886.25	-623.0414	-607.4467	0.7088267
886.26	-622.9136	-607.4472	0.7088173
886.27	-622.7858	-607.4478	0.7088069
886.28	-622.6579	-607.4483	0.7087955
886.29	-622.53	-607.4489	0.7087831
886.3	-622.4022	-607.4494	0.7087692
886.31	-622.2744	-607.45	0.7087538
886.32	-622.1466	-607.4504	0.7087371
886.33	-622.0188	-607.4509	0.7087191
886.34	-621.891	-607.4514	0.7086999
886.35	-621.7632	-607.4518	0.7086795
886.36	-621.6354	-607.4523	0.7086577
886.37	-621.5076	-607.4528	0.7086347
886.38	-621.3798	-607.4533	0.7086105
886.39	-621.252	-607.4538	0.7085852
886.4	-621.1241	-607.4543	0.7085587
886.41	-620.9963	-607.4547	0.7085313
886.42	-620.8685	-607.4552	0.7085028
886.43	-620.7407	-607.4557	0.7084734
886.44	-620.6129	-607.4562	0.7084431
886.45	-620.4851	-607.4566	0.708412
886.46	-620.3573	-607.457	0.70838
886.47	-620.2295	-607.4574	0.7083474
886.48	-620.1017	-607.4578	0.7083141
886.49	-619.9739	-607.4583	0.7082801
886.5	-619.8461	-607.4587	0.7082454
886.51	-619.7184	-607.459	0.7082102
886.52	-619.5906	-607.4595	0.7081743
886.53	-619.4628	-607.4599	0.7081379
886.54	-619.335	-607.4603	0.708101
886.55	-619.2073	-607.4606	0.7080636
886.56	-619.0795	-607.4609	0.7080258
886.57	-618.9518	-607.4613	0.7079875
886.58	-618.824	-607.4617	0.7079487
886.59	-618.6963	-607.462	0.7079096
886.6	-618.5685	-607.4623	0.7078701
886.61	-618.4408	-607.4626	0.7078303
886.62	-618.313	-607.463	0.70779
886.63	-618.1853	-607.4632	0.7077495
886.64	-618.0576	-607.4635	0.7077087
886.65	-617.9298	-607.4638	0.7076675
886.66	-617.8021	-607.4641	0.7076261
886.67	-617.6743	-607.4643	0.7075845
886.68	-617.5466	-607.4645	0.7075426
886.69	-617.4188	-607.4648	0.7075005
886.7	-617.2911	-607.465	0.7074581
886.71	-617.1633	-607.4652	0.7074155
886.72	-617.0356	-607.4654	0.7073727
886.73	-616.9078	-607.4655	0.7073298
886.74	-616.7801	-607.4657	0.7072866
886.75	-616.6524	-607.4659	0.7072433
886.76	-616.5247	-607.4661	0.7071998
886.77	-616.397	-607.4661	0.7071561
886.78	-616.2693	-607.4662	0.7071124
886.79	-616.1415	-607.4664	0.7070684
886.8	-616.0139	-607.4664	0.7070244
886.81	-615.8862	-607.4666	0.7069802
886.82	-615.7585	-607.4666	0.7069359
886.83	-615.6308	-607.4667	0.7068915
886.84	-615.5031	-607.4667	0.706847
886.85	-615.3754	-607.4667	0.7068024
886.86	-615.2477	-607.4667	0.7067577
886.87	-615.1201	-607.4667	0.7067128
886.88	-614.9924	-607.4667	0.7066679
886.89	-614.8647	-607.4667	0.706623
886.9	-614.737	-607.4666	0.7065779
886.91	-614.6093	-607.4666	0.7065328
886.92	-614.4816	-607.4665	0.7064876
886.93	-614.3539	-607.4664	0.7064423
886.94	-614.2263	-607.4663	0.7063969
886.95	-614.0986	-607.4662	0.7063515
886.96	-613.9709	-607.4661	0.7063061
886.97	-613.8432	-607.4659	0.7062606
886.98	-613.7155	-607.4658	0.706215
886.99	-613.5878	-607.4656	0.7061694
887	-613.4602	-607.4653	0.7061237
887.01	-613.3326	-607.4651	0.706078
887.02	-613.205	-607.465	0.7060323
887.03	-613.0773	-607.4647	0.7059864
887.04	-612.9496	-607.4644	0.7059406
887.05	-612.822	-607.4642	0.7058948
887.06	-612.6943	-607.4639	0.7058489
887.07	-612.5667	-607.4636	0.7058029
887.08	-612.4391	-607.4633	0.7057569
887.09	-612.3115	-607.463	0.7057109
887.1	-612.1838	-607.4626	0.7056649
887.11	-612.0562	-607.4622	0.7056188
887.12	-611.9286	-607.4619	0.7055727
887.13	-611.801	-607.4615	0.7055266
887.14	-611.6733	-607.4611	0.7054804
887.15	-611.5457	-607.4606	0.7054343
887.16	-611.4181	-607.4602	0.7053884
887.17	-611.2905	-607.4597	0.7053428
887.18	-611.1628	-607.4593	0.7052975
887.19	-611.0352	-607.4588	0.7052525
887.2	-610.9076	-607.4583	0.7052087
887.21	-610.78	-607.4578	0.7051663
887.22	-610.6523	-607.4573	0.7051252
887.23	-610.5247	-607.4568	0.7050851
887.24	-610.3971	-607.4562	0.7050462
887.25	-610.2695	-607.4556	0.7050096
887.26	-610.142	-607.4551	0.7049753
887.27	-610.0144	-607.4545	0.7049429
887.28	-609.8868	-607.4539	0.7049127
887.29	-609.7592	-607.4534	0.7048842
887.3	-609.6316	-607.4528	0.7048588
887.31	-609.504	-607.4522	0.7048361
887.32	-609.3765	-607.4516	0.7048161
887.33	-609.2489	-607.451	0.7047985
887.34	-609.1213	-607.4504	0.7047834
887.35	-608.9938	-607.4498	0.7047704
887.36	-608.8662	-607.4491	0.7047606
887.37	-608.7386	-607.4485	0.7047535
887.38	-608.6111	-607.4479	0.7047489
887.39	-608.4835	-607.4473	0.704747
887.4	-608.356	-607.4467	0.7047475
887.41	-608.2284	-607.446	0.7047503
887.42	-608.1008	-607.4454	0.7047554
887.43	-607.9733	-607.4448	0.7047628
887.44	-607.8457	-607.4443	0.7047721
887.45	-607.7182	-607.4437	0.7047833
887.46	-607.5907	-607.4431	0.7047965
887.47	-607.4632	-607.4424	0.7048113
887.48	-607.3357	-607.4418	0.7048278
887.49	-607.2082	-607.4411	0.7048459
887.5	-607.0807	-607.4404	0.7048655
887.51	-606.9532	-607.4398	0.7048863
887.52	-606.8257	-607.4391	0.7049086
887.53	-606.6982	-607.4385	0.7049322
887.54	-606.5707	-607.4378	0.7049569
887.55	-606.4432	-607.4372	0.7049828
887.56	-606.3158	-607.4366	0.7050096
887.57	-606.1884	-607.436	0.7050377
887.58	-606.0609	-607.4354	0.7050665
887.59	-605.9335	-607.4348	0.7050964
887.6	-605.806	-607.4342	0.7051271
887.61	-605.6786	-607.4336	0.7051587
887.62	-605.5511	-607.433	0.705191
887.63	-605.4237	-607.4324	0.705224
887.64	-605.2963	-607.4318	0.7052578
887.65	-605.1688	-607.4312	0.7052923
887.66	-605.0414	-607.4306	0.7053273
887.67	-604.9141	-607.43	0.705363
887.68	-604.7867	-607.4294	0.7053992
887.69	-604.6593	-607.4288	0.7054361
887.7	-604.5319	-607.4282	0.7054732
887.71	-604.4045	-607.4277	0.7055107
887.72	-604.2772	-607.4272	0.7055486
887.73	-604.1498	-607.4266	0.7055868
887.74	-604.0224	-607.4261	0.7056253
887.75	-603.8951	-607.4255	0.7056636
887.76	-603.7678	-607.425	0.7057019
887.77	-603.6404	-607.4245	0.7057401
887.78	-603.5131	-607.424	0.7057781
887.79	-603.3858	-607.4234	0.7058159
887.8	-603.2585	-607.423	0.7058533
887.81	-603.1312	-607.4225	0.7058902
887.82	-603.0038	-607.422	0.7059266
887.83	-602.8765	-607.4215	0.7059625
887.84	-602.7492	-607.4211	0.7059981
887.85	-602.6219	-607.4206	0.7060329
887.86	-602.4947	-607.4201	0.706067
887.87	-602.3674	-607.4196	0.7061004
887.88	-602.2402	-607.4193	0.7061332
887.89	-602.1129	-607.4188	0.7061654
887.9	-601.9857	-607.4184	0.7061964
887.91	-601.8584	-607.418	0.7062261
887.92	-601.7311	-607.4175	0.7062547
887.93	-601.6039	-607.4172	0.7062821
887.94	-601.4766	-607.4167	0.7063086
887.95	-601.3494	-607.4163	0.7063329
887.96	-601.2222	-607.4159	0.7063549
887.97	-601.095	-607.4155	0.706375
887.98	-600.9678	-607.415	0.7063932
887.99	-600.8406	-607.4146	0.7064096
888	-600.7134	-607.4142	0.7064229
888.01	-600.5862	-607.4138	0.7064332
888.02	-600.459	-607.4134	0.7064409
888.03	-600.3318	-607.413	0.7064459
888.04	-600.2047	-607.4126	0.7064484
888.05	-600.0775	-607.4122	0.706448
888.06	-599.9504	-607.4117	0.7064447
888.07	-599.8232	-607.4113	0.7064388
888.08	-599.6961	-607.4109	0.7064304
888.09	-599.569	-607.4104	0.7064196
888.1	-599.4418	-607.41	0.7064067
888.11	-599.3147	-607.4095	0.7063915
888.12	-599.1876	-607.4091	0.7063742
888.13	-599.0604	-607.4087	0.7063551
888.14	-598.9333	-607.4083	0.7063341
888.15	-598.8062	-607.4078	0.7063113
888.16	-598.6791	-607.4074	0.7062869
888.17	-598.552	-607.4069	0.706261
888.18	-598.4249	-607.4065	0.7062335
888.19	-598.2979	-607.4061	0.7062046
888.2	-598.1708	-607.4056	0.7061745
888.21	-598.0437	-607.4052	0.706143
888.22	-597.9166	-607.4047	0.7061103
888.23	-597.7896	-607.4043	0.7060764
888.24	-597.6625	-607.4039	0.7060416
888.25	-597.5355	-607.4034	0.7060057
888.26	-597.4084	-607.4029	0.7059688
888.27	-597.2814	-607.4024	0.7059309
888.28	-597.1544	-607.4019	0.7058924
888.29	-597.0274	-607.4014	0.7058529
888.3	-596.9004	-607.4009	0.7058125
888.31	-596.7734	-607.4004	0.7057715
888.32	-596.6464	-607.3999	0.7057298
888.33	-596.5193	-607.3994	0.7056873
888.34	-596.3923	-607.3989	0.7056442
888.35	-596.2654	-607.3983	0.7056006
888.36	-596.1384	-607.3978	0.7055563
888.37	-596.0115	-607.3972	0.7055116
888.38	-595.8845	-607.3966	0.7054663
888.39	-595.7576	-607.3961	0.7054206
888.4	-595.6306	-607.3955	0.7053742
888.41	-595.5037	-607.3948	0.7053277
888.42	-595.3768	-607.3942	0.7052811
888.43	-595.2499	-607.3936	0.7052342
888.44	-595.123	-607.3929	0.7051871
888.45	-594.9962	-607.3923	0.7051404
888.46	-594.8693	-607.3917	0.7050938
888.47	-594.7424	-607.391	0.7050475
888.48	-594.6155	-607.3903	0.7050015
888.49	-594.4886	-607.3896	0.7049556
888.5	-594.3617	-607.3889	0.70491
888.51	-594.2349	-607.3882	0.7048653
888.52	-594.108	-607.3876	0.7048215
888.53	-593.9812	-607.3868	0.7047784
888.54	-593.8544	-607.386	0.7047361
888.55	-593.7275	-607.3853	0.7046946
888.56	-593.6007	-607.3846	0.7046541
888.57	-593.4739	-607.3838	0.7046144
888.58	-593.347	-607.3831	0.7045757
888.59	-593.2202	-607.3823	0.7045379
888.6	-593.0934	-607.3815	0.7045007
888.61	-592.9666	-607.3807	0.7044643
888.62	-592.8398	-607.3799	0.7044287
888.63	-592.7131	-607.3791	0.7043939
888.64	-592.5863	-607.3783	0.7043597
888.65	-592.4595	-607.3774	0.704326
888.66	-592.3328	-607.3765	0.7042929
888.67	-592.206	-607.3757	0.7042605
888.68	-592.0792	-607.3748	0.7042285
888.69	-591.9525	-607.374	0.7041971
888.7	-591.8257	-607.3731	0.7041662
888.71	-591.699	-607.3721	0.7041356
888.72	-591.5723	-607.3712	0.7041055
888.73	-591.4456	-607.3703	0.7040759
888.74	-591.3189	-607.3694	0.7040466
888.75	-591.1922	-607.3685	0.7040178
888.76	-591.0655	-607.3675	0.7039895
888.77	-590.9388	-607.3665	0.7039617
888.78	-590.8121	-607.3655	0.7039344
888.79	-590.6854	-607.3646	0.7039075
888.8	-590.5587	-607.3636	0.7038816
888.81	-590.4321	-607.3625	0.7038565
888.82	-590.3054	-607.3616	0.7038322
888.83	-590.1788	-607.3605	0.7038087
888.84	-590.0521	-607.3595	0.703786
888.85	-589.9255	-607.3585	0.7037646
888.86	-589.7988	-607.3574	0.7037444
888.87	-589.6722	-607.3564	0.7037253
888.88	-589.5455	-607.3553	0.7037074
888.89	-589.4189	-607.3542	0.7036905
888.9	-589.2923	-607.3532	0.7036753
888.91	-589.1657	-607.3522	0.7036615
888.92	-589.0391	-607.3511	0.7036492
888.93	-588.9125	-607.35	0.7036381
888.94	-588.7859	-607.3489	0.7036284
888.95	-588.6594	-607.3478	0.7036204
888.96	-588.5328	-607.3467	0.7036139
888.97	-588.4062	-607.3456	0.7036089
888.98	-588.2796	-607.3445	0.7036053
888.99	-588.153	-607.3434	0.703603
889	-588.0265	-607.3423	0.7036025
889.01	-587.9	-607.3412	0.7036034
889.02	-587.7734	-607.3401	0.7036058
889.03	-587.6469	-607.339	0.7036096
889.04	-587.5204	-607.3379	0.7036148
889.05	-587.3939	-607.3368	0.7036215
889.06	-587.2673	-607.3357	0.7036297
889.07	-587.1408	-607.3346	0.7036394
889.08	-587.0143	-607.3335	0.7036504
889.09	-586.8879	-607.3324	0.7036627
889.1	-586.7614	-607.3313	0.7036762
889.11	-586.6349	-607.3302	0.703691
889.12	-586.5085	-607.3292	0.7037069
889.13	-586.382	-607.3281	0.7037238
889.14	-586.2556	-607.327	0.7037418
889.15	-586.1292	-607.3259	0.7037608
889.16	-586.0027	-607.3248	0.7037807
889.17	-585.8763	-607.3237	0.7038015
889.18	-585.7499	-607.3226	0.703823
889.19	-585.6235	-607.3215	0.7038453
889.2	-585.4971	-607.3204	0.7038684
889.21	-585.3707	-607.3193	0.7038923
889.22	-585.2443	-607.3182	0.7039167
889.23	-585.1179	-607.3171	0.7039418
889.24	-584.9915	-607.316	0.7039675
889.25	-584.8652	-607.3149	0.7039938
889.26	-584.7388	-607.3139	0.7040206
889.27	-584.6125	-607.3128	0.7040479
889.28	-584.4861	-607.3118	0.7040757
889.29	-584.3598	-607.3107	0.7041039
889.3	-584.2335	-607.3097	0.7041327
889.31	-584.1071	-607.3087	0.7041618
889.32	-583.9808	-607.3077	0.7041913
889.33	-583.8544	-607.3066	0.7042211
889.34	-583.7281	-607.3056	0.7042512
889.35	-583.6018	-607.3046	0.7042818
889.36	-583.4755	-607.3035	0.7043126
889.37	-583.3492	-607.3026	0.7043438
889.38	-583.223	-607.3016	0.7043753
889.39	-583.0967	-607.3006	0.7044069
889.4	-582.9705	-607.2996	0.7044389
889.41	-582.8442	-607.2987	0.7044711
889.42	-582.718	-607.2977	0.7045035
889.43	-582.5918	-607.2968	0.7045361
889.44	-582.4656	-607.2958	0.704569
889.45	-582.3394	-607.2948	0.7046021
889.46	-582.2131	-607.2939	0.7046353
889.47	-582.0869	-607.293	0.7046687
889.48	-581.9607	-607.2921	0.7047023
889.49	-581.8345	-607.2912	0.704736
889.5	-581.7083	-607.2903	0.7047698
889.51	-581.5822	-607.2894	0.7048038
889.52	-581.456	-607.2885	0.704838
889.53	-581.3298	-607.2877	0.7048722
889.54	-581.2037	-607.2868	0.7049066
889.55	-581.0775	-607.286	0.7049411
889.56	-580.9514	-607.2852	0.7049757
889.57	-580.8252	-607.2843	0.7050104
889.58	-580.699	-607.2834	0.7050451
889.59	-580.5729	-607.2827	0.70508
889.6	-580.4468	-607.2819	0.705115
889.61	-580.3207	-607.2811	0.7051499
889.62	-580.1946	-607.2803	0.7051851
889.63	-580.0685	-607.2795	0.7052203
889.64	-579.9424	-607.2787	0.7052556
889.65	-579.8163	-607.278	0.705291
889.66	-579.6902	-607.2773	0.7053263
889.67	-579.5641	-607.2766	0.7053618
889.68	-579.438	-607.2759	0.7053973
889.69	-579.3119	-607.2751	0.7054329
889.7	-579.1859	-607.2744	0.7054684
889.71	-579.0598	-607.2737	0.7055041
889.72	-578.9338	-607.2731	0.7055398
889.73	-578.8077	-607.2725	0.7055755
889.74	-578.6817	-607.2718	0.7056113
889.75	-578.5557	-607.2711	0.7056471
889.76	-578.4297	-607.2706	0.7056829
889.77	-578.3038	-607.27	0.7057188
889.78	-578.1778	-607.2693	0.7057547
889.79	-578.0518	-607.2687	0.7057906
889.8	-577.9258	-607.2682	0.7058266
889.81	-577.7999	-607.2676	0.7058626
889.82	-577.6739	-607.267	0.7058986
889.83	-577.5479	-607.2665	0.7059345
889.84	-577.4219	-607.2659	0.7059706
889.85	-577.296	-607.2654	0.7060067
889.86	-577.1701	-607.2649	0.7060428
889.87	-577.0442	-607.2644	0.7060789
889.88	-576.9183	-607.2639	0.706115
889.89	-576.7924	-607.2635	0.7061511
889.9	-576.6664	-607.263	0.7061873
889.91	-576.5405	-607.2625	0.7062234
889.92	-576.4146	-607.2621	0.7062596
889.93	-576.2887	-607.2617	0.7062958
889.94	-576.1628	-607.2613	0.706332
889.95	-576.0369	-607.2609	0.7063682
889.96	-575.9111	-607.2604	0.7064044
889.97	-575.7852	-607.2601	0.7064406
889.98	-575.6594	-607.2598	0.7064769
889.99	-575.5335	-607.2594	0.7065132
890	-575.4077	-607.259	0.7065494
890.01	-575.2819	-607.2587	0.7065856
890.02	-575.1561	-607.2584	0.7066219
890.03	-575.0303	-607.2581	0.7066581
890.04	-574.9045	-607.2578	0.7066944
890.05	-574.7787	-607.2575	0.7067307
890.06	-574.653	-607.2573	0.706767
890.07	-574.5272	-607.257	0.7068033
890.08	-574.4014	-607.2568	0.7068396
890.09	-574.2756	-607.2565	0.7068759
890.1	-574.1498	-607.2563	0.7069122
890.11	-574.0241	-607.2561	0.7069484
890.12	-573.8984	-607.2559	0.7069847
890.13	-573.7726	-607.2557	0.707021
890.14	-573.6469	-607.2556	0.7070573
890.15	-573.5211	-607.2554	0.7070935
890.16	-573.3954	-607.2553	0.7071299
890.17	-573.2696	-607.2552	0.7071662
890.18	-573.1438	-607.2551	0.7072025
890.19	-573.018	-607.255	0.7072388
890.2	-572.8922	-607.2549	0.707275
890.21	-572.7664	-607.2548	0.7073113
890.22	-572.6406	-607.2548	0.7073476
890.23	-572.5147	-607.2548	0.7073839
890.24	-572.3888	-607.2547	0.7074201
890.25	-572.2629	-607.2546	0.7074562
890.26	-572.1369	-607.2547	0.7074925
890.27	-572.0109	-607.2547	0.7075287
890.28	-571.8848	-607.2547	0.7075648
890.29	-571.7587	-607.2547	0.7076008
890.3	-571.6325	-607.2548	0.707637
890.31	-571.5063	-607.2548	0.707673
890.32	-571.38	-607.2549	0.707709
890.33	-571.2537	-607.2549	0.707745
890.34	-571.1273	-607.255	0.707781
890.35	-571.0008	-607.2552	0.707817
890.36	-570.8743	-607.2553	0.7078528
890.37	-570.7477	-607.2554	0.7078887
890.38	-570.621	-607.2556	0.7079246
890.39	-570.4942	-607.2557	0.7079604
890.4	-570.3674	-607.2559	0.7079961
890.41	-570.2405	-607.2561	0.708032
890.42	-570.1135	-607.2563	0.7080677
890.43	-569.9865	-607.2565	0.7081035
890.44	-569.8594	-607.2567	0.7081392
890.45	-569.7322	-607.257	0.7081749
890.46	-569.605	-607.2572	0.7082106
890.47	-569.4777	-607.2575	0.7082464
890.48	-569.3503	-607.2578	0.7082821
890.49	-569.2229	-607.2581	0.7083177
890.5	-569.0954	-607.2584	0.7083534
890.51	-568.9678	-607.2587	0.7083891
890.52	-568.8402	-607.259	0.7084247
890.53	-568.7125	-607.2593	0.7084604
890.54	-568.5847	-607.2597	0.708496
890.55	-568.4568	-607.2601	0.7085317
890.56	-568.3289	-607.2605	0.7085673
890.57	-568.2009	-607.2609	0.708603
890.58	-568.0728	-607.2612	0.7086386
890.59	-567.9446	-607.2617	0.7086743
890.6	-567.8163	-607.2621	0.70871
890.61	-567.688	-607.2626	0.7087456
890.62	-567.5597	-607.263	0.7087812
890.63	-567.4313	-607.2635	0.7088169
890.64	-567.3027	-607.264	0.7088526
890.65	-567.1741	-607.2645	0.7088883
890.66	-567.0455	-607.265	0.7089239
890.67	-566.9167	-607.2655	0.7089595
890.68	-566.788	-607.2661	0.7089951
890.69	-566.6591	-607.2667	0.7090306
890.7	-566.5301	-607.2672	0.7090661
890.71	-566.4011	-607.2678	0.7091014
890.72	-566.272	-607.2683	0.7091365
890.73	-566.1428	-607.269	0.7091715
890.74	-566.0135	-607.2696	0.7092062
890.75	-565.8843	-607.2702	0.7092406
890.76	-565.7549	-607.2708	0.7092748
890.77	-565.6254	-607.2715	0.7093086
890.78	-565.4959	-607.2722	0.7093422
890.79	-565.3663	-607.2728	0.7093755
890.8	-565.2366	-607.2735	0.7094085
890.81	-565.1069	-607.2742	0.7094412
890.82	-564.9771	-607.275	0.7094736
890.83	-564.8472	-607.2757	0.7095056
890.84	-564.7172	-607.2764	0.7095374
890.85	-564.5872	-607.2772	0.7095689
890.86	-564.4572	-607.278	0.7096
890.87	-564.327	-607.2787	0.7096308
890.88	-564.1967	-607.2795	0.7096613
890.89	-564.0664	-607.2803	0.7096916
890.9	-563.936	-607.2811	0.7097215
890.91	-563.8056	-607.2819	0.7097511
890.92	-563.675	-607.2827	0.7097803
890.93	-563.5444	-607.2836	0.7098091
890.94	-563.4138	-607.2844	0.7098376
890.95	-563.283	-607.2853	0.7098657
890.96	-563.1522	-607.2862	0.7098933
890.97	-563.0213	-607.287	0.7099205
890.98	-562.8903	-607.288	0.7099473
890.99	-562.7593	-607.2889	0.7099738
891	-562.6282	-607.2898	0.7099997
891.01	-562.4969	-607.2907	0.7100254
891.02	-562.3657	-607.2917	0.7100507
891.03	-562.2343	-607.2926	0.7100757
891.04	-562.1029	-607.2936	0.7101003
891.05	-561.9714	-607.2946	0.7101247
891.06	-561.8398	-607.2955	0.7101488
891.07	-561.7082	-607.2965	0.7101726
891.08	-561.5765	-607.2975	0.7101961
891.09	-561.4446	-607.2985	0.7102194
891.1	-561.3128	-607.2996	0.7102426
891.11	-561.1808	-607.3006	0.7102654
891.12	-561.0488	-607.3016	0.710288
891.13	-560.9167	-607.3027	0.7103106
891.14	-560.7845	-607.3037	0.7103329
891.15	-560.6523	-607.3049	0.710355
891.16	-560.52	-607.306	0.710377
891.17	-560.3876	-607.3071	0.7103988
891.18	-560.2551	-607.3082	0.7104204
891.19	-560.1226	-607.3093	0.710442
891.2	-559.9899	-607.3104	0.7104634
891.21	-559.8572	-607.3115	0.7104847
891.22	-559.7245	-607.3127	0.7105058
891.23	-559.5916	-607.3138	0.7105269
891.24	-559.4587	-607.315	0.7105478
891.25	-559.3257	-607.3162	0.7105687
891.26	-559.1926	-607.3173	0.7105895
891.27	-559.0595	-607.3185	0.7106102
891.28	-558.9263	-607.3197	0.7106308
891.29	-558.793	-607.321	0.7106513
891.3	-558.6596	-607.3222	0.7106718
891.31	-558.5262	-607.3234	0.7106922
891.32	-558.3927	-607.3246	0.7107125
891.33	-558.2591	-607.3259	0.7107328
891.34	-558.1254	-607.3271	0.710753
891.35	-557.9917	-607.3284	0.7107732
891.36	-557.8579	-607.3298	0.7107933
891.37	-557.7241	-607.3311	0.7108134
891.38	-557.5901	-607.3323	0.7108334
891.39	-557.4561	-607.3336	0.7108534
891.4	-557.322	-607.3349	0.7108733
891.41	-557.1878	-607.3362	0.7108933
891.42	-557.0536	-607.3376	0.7109132
891.43	-556.9193	-607.3389	0.710933
891.44	-556.7849	-607.3403	0.7109529
891.45	-556.6504	-607.3417	0.7109727
891.46	-556.5159	-607.343	0.7109924
891.47	-556.3813	-607.3444	0.7110121
891.48	-556.2466	-607.3458	0.7110319
891.49	-556.1118	-607.3472	0.7110516
891.5	-555.977	-607.3486	0.7110713
891.51	-555.8421	-607.35	0.711091
891.52	-555.7072	-607.3514	0.7111107
891.53	-555.5721	-607.3528	0.7111302
891.54	-555.437	-607.3543	0.7111499
891.55	-555.3018	-607.3558	0.7111695
891.56	-555.1665	-607.3572	0.7111892
891.57	-555.0312	-607.3587	0.7112088
891.58	-554.8958	-607.3602	0.7112283
891.59	-554.7603	-607.3617	0.7112479
891.6	-554.6248	-607.3632	0.7112675
891.61	-554.4891	-607.3647	0.711287
891.62	-554.3535	-607.3662	0.7113066
891.63	-554.2177	-607.3677	0.7113261
891.64	-554.0818	-607.3693	0.7113457
891.65	-553.946	-607.3708	0.7113652
891.66	-553.81	-607.3723	0.7113848
891.67	-553.674	-607.3739	0.7114042
891.68	-553.5378	-607.3754	0.7114237
891.69	-553.4017	-607.377	0.7114431
891.7	-553.2654	-607.3786	0.7114624
891.71	-553.129	-607.3802	0.7114818
891.72	-552.9926	-607.3818	0.7115011
891.73	-552.8561	-607.3834	0.7115204
891.74	-552.7196	-607.3849	0.7115396
891.75	-552.583	-607.3866	0.7115584
891.76	-552.4464	-607.3882	0.7115768
891.77	-552.3096	-607.3899	0.7115948
891.78	-552.1727	-607.3915	0.7116125
891.79	-552.0358	-607.3932	0.7116298
891.8	-551.8989	-607.3948	0.7116458
891.81	-551.7618	-607.3965	0.7116607
891.82	-551.6248	-607.3981	0.7116745
891.83	-551.4875	-607.3998	0.7116871
891.84	-551.3503	-607.4015	0.7116988
891.85	-551.213	-607.4031	0.7117082
891.86	-551.0756	-607.4048	0.7117156
891.87	-550.9381	-607.4064	0.7117208
891.88	-550.8005	-607.4081	0.7117242
891.89	-550.6629	-607.4097	0.7117257
891.9	-550.5252	-607.4114	0.7117246
891.91	-550.3875	-607.413	0.7117209
891.92	-550.2496	-607.4147	0.711715
891.93	-550.1118	-607.4163	0.7117067
891.94	-549.9738	-607.418	0.7116963
891.95	-549.8358	-607.4196	0.7116836
891.96	-549.6976	-607.4212	0.711669
891.97	-549.5594	-607.4229	0.7116523
891.98	-549.4212	-607.4245	0.7116339
891.99	-549.2829	-607.4261	0.7116136
892	-549.1445	-607.4278	0.7115916
892.01	-549.0061	-607.4294	0.7115681
892.02	-548.8676	-607.4311	0.711543
892.03	-548.7289	-607.4327	0.7115164
892.04	-548.5903	-607.4343	0.7114884
892.05	-548.4515	-607.436	0.7114592
892.06	-548.3127	-607.4376	0.7114286
892.07	-548.1739	-607.4393	0.7113969
892.08	-548.0349	-607.4409	0.711364
892.09	-547.8959	-607.4425	0.71133
892.1	-547.7568	-607.4442	0.7112949
892.11	-547.6176	-607.4457	0.711259
892.12	-547.4784	-607.4473	0.711222
892.13	-547.3391	-607.4489	0.7111841
892.14	-547.1997	-607.4504	0.7111454
892.15	-547.0602	-607.452	0.7111059
892.16	-546.9207	-607.4536	0.7110655
892.17	-546.7811	-607.4551	0.7110245
892.18	-546.6415	-607.4567	0.7109827
892.19	-546.5018	-607.4583	0.7109404
892.2	-546.362	-607.4598	0.7108972
892.21	-546.2222	-607.4613	0.7108535
892.22	-546.0822	-607.4628	0.7108092
892.23	-545.9422	-607.4643	0.7107643
892.24	-545.8021	-607.4658	0.7107189
892.25	-545.662	-607.4673	0.7106731
892.26	-545.5218	-607.4688	0.7106267
892.27	-545.3815	-607.4703	0.7105799
892.28	-545.2412	-607.4717	0.7105326
892.29	-545.1008	-607.4731	0.7104849
892.3	-544.9603	-607.4746	0.7104368
892.31	-544.8198	-607.4761	0.7103883
892.32	-544.6791	-607.4774	0.7103395
892.33	-544.5385	-607.4788	0.7102903
892.34	-544.3977	-607.4802	0.7102407
892.35	-544.2569	-607.4816	0.7101908
892.36	-544.116	-607.483	0.7101407
892.37	-543.975	-607.4843	0.7100903
892.38	-543.834	-607.4857	0.7100395
892.39	-543.6929	-607.4869	0.7099885
892.4	-543.5517	-607.4883	0.7099373
892.41	-543.4105	-607.4895	0.7098858
892.42	-543.2692	-607.4908	0.7098341
892.43	-543.1278	-607.4921	0.7097822
892.44	-542.9863	-607.4933	0.70973
892.45	-542.8448	-607.4945	0.7096777
892.46	-542.7032	-607.4957	0.7096253
892.47	-542.5616	-607.4969	0.7095727
892.48	-542.4199	-607.4981	0.70952
892.49	-542.2781	-607.4993	0.7094672
892.5	-542.1362	-607.5004	0.7094142
892.51	-541.9943	-607.5015	0.7093616
892.52	-541.8524	-607.5027	0.7093095
892.53	-541.7103	-607.5037	0.7092576
892.54	-541.5681	-607.5048	0.7092061
892.55	-541.4259	-607.5059	0.7091556
892.56	-541.2836	-607.507	0.7091057
892.57	-541.1413	-607.508	0.7090569
892.58	-540.9989	-607.509	0.7090088
892.59	-540.8564	-607.51	0.7089614
892.6	-540.7139	-607.511	0.7089147
892.61	-540.5713	-607.512	0.7088693
892.62	-540.4286	-607.5129	0.7088251
892.63	-540.2858	-607.5139	0.7087819
892.64	-540.143	-607.5149	0.7087399
892.65	-540.0001	-607.5159	0.708699
892.66	-539.8572	-607.5167	0.7086592
892.67	-539.7142	-607.5176	0.7086204
892.68	-539.5711	-607.5186	0.7085825
892.69	-539.428	-607.5195	0.7085454
892.7	-539.2848	-607.5203	0.7085094
892.71	-539.1415	-607.5211	0.708474
892.72	-538.9982	-607.522	0.7084395
892.73	-538.8547	-607.5228	0.7084058
892.74	-538.7112	-607.5236	0.7083726
892.75	-538.5677	-607.5244	0.7083403
892.76	-538.4241	-607.5251	0.7083085
892.77	-538.2804	-607.5259	0.7082773
892.78	-538.1367	-607.5267	0.7082468
892.79	-537.9928	-607.5274	0.7082167
892.8	-537.8489	-607.5281	0.7081872
892.81	-537.705	-607.5289	0.7081583
892.82	-537.561	-607.5296	0.7081297
892.83	-537.4169	-607.5303	0.7081016
892.84	-537.2727	-607.5309	0.708074
892.85	-537.1285	-607.5316	0.7080467
892.86	-536.9842	-607.5322	0.7080199
892.87	-536.8398	-607.5329	0.7079934
892.88	-536.6954	-607.5335	0.7079673
892.89	-536.551	-607.5341	0.7079415
892.9	-536.4064	-607.5347	0.707916
892.91	-536.2618	-607.5353	0.7078909
892.92	-536.1172	-607.5358	0.707866
892.93	-535.9724	-607.5364	0.7078414
892.94	-535.8276	-607.5369	0.7078171
892.95	-535.6827	-607.5375	0.707793
892.96	-535.5377	-607.538	0.707769
892.97	-535.3927	-607.5385	0.7077454
892.98	-535.2476	-607.5389	0.707722
892.99	-535.1025	-607.5394	0.7076987
893	-534.9573	-607.5399	0.7076758
893.01	-534.812	-607.5404	0.7076529
893.02	-534.6667	-607.5408	0.7076302
893.03	-534.5212	-607.5412	0.7076076
893.04	-534.3757	-607.5416	0.7075853
893.05	-534.2302	-607.5421	0.7075631
893.06	-534.0846	-607.5425	0.7075412
893.07	-533.9389	-607.5429	0.7075196
893.08	-533.7932	-607.5433	0.7074982
893.09	-533.6473	-607.5436	0.7074769
893.1	-533.5015	-607.5439	0.7074561
893.11	-533.3555	-607.5443	0.7074357
893.12	-533.2095	-607.5447	0.7074158
893.13	-533.0635	-607.545	0.7073962
893.14	-532.9174	-607.5453	0.707377
893.15	-532.7712	-607.5457	0.7073584
893.16	-532.6249	-607.546	0.7073403
893.17	-532.4786	-607.5462	0.7073227
893.18	-532.3322	-607.5465	0.7073057
893.19	-532.1857	-607.5468	0.7072892
893.2	-532.0392	-607.5471	0.7072731
893.21	-531.8926	-607.5473	0.7072577
893.22	-531.7459	-607.5475	0.7072431
893.23	-531.5992	-607.5478	0.707229
893.24	-531.4524	-607.548	0.7072155
893.25	-531.3055	-607.5483	0.7072026
893.26	-531.1586	-607.5485	0.7071903
893.27	-531.0117	-607.5487	0.7071787
893.28	-530.8646	-607.549	0.7071677
893.29	-530.7175	-607.5491	0.7071573
893.3	-530.5703	-607.5493	0.7071474
893.31	-530.4231	-607.5495	0.7071379
893.32	-530.2758	-607.5497	0.7071291
893.33	-530.1284	-607.5499	0.7071208
893.34	-529.981	-607.55	0.7071128
893.35	-529.8335	-607.5502	0.7071052
893.36	-529.6859	-607.5504	0.7070981
893.37	-529.5383	-607.5506	0.7070913
893.38	-529.3906	-607.5507	0.7070851
893.39	-529.2428	-607.5508	0.7070791
893.4	-529.095	-607.551	0.7070735
893.41	-528.9471	-607.5511	0.7070681
893.42	-528.7991	-607.5512	0.7070631
893.43	-528.6511	-607.5513	0.7070583
893.44	-528.5031	-607.5515	0.7070538
893.45	-528.3549	-607.5516	0.7070498
893.46	-528.2067	-607.5517	0.7070458
893.47	-528.0584	-607.5518	0.7070422
893.48	-527.91	-607.5519	0.7070388
893.49	-527.7616	-607.5521	0.7070356
893.5	-527.6131	-607.5521	0.7070326
893.51	-527.4646	-607.5521	0.7070297
893.52	-527.316	-607.5522	0.7070271
893.53	-527.1673	-607.5522	0.7070245
893.54	-527.0186	-607.5523	0.7070222
893.55	-526.8698	-607.5524	0.7070199
893.56	-526.7209	-607.5524	0.7070176
893.57	-526.572	-607.5525	0.7070154
893.58	-526.423	-607.5526	0.7070131
893.59	-526.2739	-607.5526	0.707011
893.6	-526.1248	-607.5527	0.7070089
893.61	-525.9756	-607.5527	0.7070068
893.62	-525.8264	-607.5528	0.7070047
893.63	-525.6771	-607.5529	0.7070026
893.64	-525.5278	-607.5529	0.7070004
893.65	-525.3783	-607.553	0.7069984
893.66	-525.2288	-607.553	0.7069963
893.67	-525.0793	-607.553	0.7069941
893.68	-524.9297	-607.553	0.706992
893.69	-524.78	-607.553	0.7069897
893.7	-524.6302	-607.553	0.7069875
893.71	-524.4804	-607.553	0.7069852
893.72	-524.3306	-607.553	0.7069827
893.73	-524.1806	-607.553	0.7069803
893.74	-524.0306	-607.553	0.7069778
893.75	-523.8806	-607.553	0.7069747
893.76	-523.7304	-607.553	0.7069712
893.77	-523.5802	-607.553	0.7069672
893.78	-523.4299	-607.553	0.7069628
893.79	-523.2796	-607.553	0.7069579
893.8	-523.1292	-607.553	0.7069513
893.81	-522.9788	-607.553	0.7069429
893.82	-522.8282	-607.553	0.706933
893.83	-522.6777	-607.5529	0.7069216
893.84	-522.527	-607.5529	0.7069088
893.85	-522.3763	-607.5528	0.7068925
893.86	-522.2256	-607.5527	0.7068732
893.87	-522.0748	-607.5526	0.7068509
893.88	-521.9239	-607.5525	0.7068258
893.89	-521.7729	-607.5524	0.7067979
893.9	-521.6219	-607.5522	0.7067664
893.91	-521.4709	-607.5521	0.7067313
893.92	-521.3198	-607.5519	0.7066928
893.93	-521.1686	-607.5518	0.706651
893.94	-521.0173	-607.5516	0.7066063
893.95	-520.866	-607.5513	0.7065585
893.96	-520.7147	-607.5511	0.7065079
893.97	-520.5632	-607.5508	0.7064545
893.98	-520.4117	-607.5505	0.7063984
893.99	-520.2602	-607.5503	0.70634
894	-520.1086	-607.55	0.706279
894.01	-519.9569	-607.5496	0.7062158
894.02	-519.8052	-607.5493	0.7061504
894.03	-519.6534	-607.549	0.7060829
894.04	-519.5015	-607.5486	0.7060135
894.05	-519.3495	-607.5482	0.705942
894.06	-519.1976	-607.5478	0.7058689
894.07	-519.0455	-607.5473	0.7057939
894.08	-518.8934	-607.5469	0.7057173
894.09	-518.7411	-607.5464	0.7056391
894.1	-518.5889	-607.5459	0.7055595
894.11	-518.4366	-607.5453	0.7054785
894.12	-518.2843	-607.5449	0.7053962
894.13	-518.1318	-607.5443	0.7053127
894.14	-517.9793	-607.5437	0.7052281
894.15	-517.8267	-607.543	0.7051424
894.16	-517.6741	-607.5424	0.7050563
894.17	-517.5214	-607.5417	0.7049699
894.18	-517.3687	-607.541	0.7048832
894.19	-517.2158	-607.5403	0.7047962
894.2	-517.0629	-607.5396	0.7047089
894.21	-516.91	-607.5389	0.7046226
894.22	-516.757	-607.5381	0.7045372
894.23	-516.6039	-607.5372	0.7044528
894.24	-516.4508	-607.5364	0.7043692
894.25	-516.2977	-607.5356	0.7042882
894.26	-516.1444	-607.5347	0.7042098
894.27	-515.9911	-607.5338	0.7041336
894.28	-515.8377	-607.533	0.7040598
894.29	-515.6843	-607.532	0.7039881
894.3	-515.5308	-607.5311	0.7039205
894.31	-515.3773	-607.5302	0.7038565
894.32	-515.2236	-607.5292	0.7037962
894.33	-515.0699	-607.5283	0.7037393
894.34	-514.9162	-607.5272	0.7036856
894.35	-514.7625	-607.5262	0.7036368
894.36	-514.6086	-607.5253	0.7035924
894.37	-514.4547	-607.5242	0.7035524
894.38	-514.3007	-607.5232	0.7035164
894.39	-514.1466	-607.5222	0.7034844
894.4	-513.9926	-607.5211	0.7034574
894.41	-513.8384	-607.5201	0.703435
894.42	-513.6841	-607.519	0.7034172
894.43	-513.5298	-607.5179	0.7034038
894.44	-513.3755	-607.5168	0.7033945
894.45	-513.2211	-607.5157	0.7033895
894.46	-513.0667	-607.5146	0.7033886
894.47	-512.9121	-607.5135	0.7033916
894.48	-512.7575	-607.5124	0.7033984
894.49	-512.6028	-607.5114	0.7034088
894.5	-512.4482	-607.5102	0.7034226
894.51	-512.2935	-607.509	0.7034397
894.52	-512.1386	-607.5079	0.7034598
894.53	-511.9837	-607.5067	0.7034829
894.54	-511.8287	-607.5056	0.7035088
894.55	-511.6737	-607.5044	0.7035375
894.56	-511.5186	-607.5033	0.7035688
894.57	-511.3635	-607.5021	0.7036026
894.58	-511.2083	-607.501	0.7036389
894.59	-511.0531	-607.4998	0.7036772
894.6	-510.8977	-607.4987	0.7037178
894.61	-510.7424	-607.4976	0.7037604
894.62	-510.5869	-607.4964	0.703805
894.63	-510.4315	-607.4952	0.7038514
894.64	-510.2759	-607.4941	0.7038996
894.65	-510.1203	-607.493	0.7039494
894.66	-509.9646	-607.4918	0.7040009
894.67	-509.8089	-607.4907	0.7040539
894.68	-509.6531	-607.4896	0.7041084
894.69	-509.4973	-607.4885	0.7041643
894.7	-509.3414	-607.4873	0.7042216
894.71	-509.1854	-607.4861	0.7042801
894.72	-509.0294	-607.485	0.7043399
894.73	-508.8733	-607.4839	0.7044008
894.74	-508.7171	-607.4828	0.7044629
894.75	-508.5609	-607.4818	0.7045259
894.76	-508.4047	-607.4807	0.7045896
894.77	-508.2484	-607.4797	0.7046542
894.78	-508.092	-607.4786	0.7047195
894.79	-507.9355	-607.4775	0.7047856
894.8	-507.779	-607.4765	0.7048523
894.81	-507.6225	-607.4755	0.7049196
894.82	-507.4659	-607.4745	0.7049876
894.83	-507.3092	-607.4734	0.705056
894.84	-507.1524	-607.4725	0.7051252
894.85	-506.9956	-607.4715	0.7051947
894.86	-506.8387	-607.4706	0.7052648
894.87	-506.6818	-607.4696	0.7053354
894.88	-506.5248	-607.4688	0.7054065
894.89	-506.3678	-607.4678	0.705478
894.9	-506.2107	-607.467	0.70555
894.91	-506.0536	-607.4661	0.7056223
894.92	-505.8963	-607.4653	0.705695
894.93	-505.739	-607.4644	0.7057682
894.94	-505.5817	-607.4636	0.7058416
894.95	-505.4243	-607.4628	0.7059155
894.96	-505.2669	-607.4621	0.7059895
894.97	-505.1094	-607.4613	0.7060641
894.98	-504.9518	-607.4606	0.7061388
894.99	-504.7941	-607.4599	0.7062139
895	-504.6364	-607.4592	0.7062892
895.01	-504.4787	-607.4586	0.7063649
895.02	-504.3209	-607.4579	0.7064407
895.03	-504.163	-607.4573	0.7065169
895.04	-504.0051	-607.4568	0.7065932
895.05	-503.8471	-607.4562	0.7066697
895.06	-503.6891	-607.4557	0.7067466
895.07	-503.531	-607.4551	0.7068236
895.08	-503.3728	-607.4547	0.7069008
895.09	-503.2146	-607.4542	0.7069782
895.1	-503.0563	-607.4538	0.7070558
895.11	-502.8979	-607.4534	0.7071335
895.12	-502.7396	-607.453	0.7072114
895.13	-502.5811	-607.4526	0.7072895
895.14	-502.4226	-607.4523	0.7073678
895.15	-502.264	-607.452	0.7074462
895.16	-502.1053	-607.4518	0.7075248
895.17	-501.9467	-607.4515	0.7076035
895.18	-501.7879	-607.4514	0.7076823
895.19	-501.6291	-607.4511	0.7077613
895.2	-501.4702	-607.451	0.7078403
895.21	-501.3113	-607.4508	0.7079194
895.22	-501.1523	-607.4507	0.7079983
895.23	-500.9933	-607.4506	0.7080773
895.24	-500.8342	-607.4506	0.7081562
895.25	-500.675	-607.4506	0.7082342
895.26	-500.5158	-607.4506	0.7083113
895.27	-500.3565	-607.4506	0.7083876
895.28	-500.1972	-607.4507	0.7084631
895.29	-500.0378	-607.4508	0.7085378
895.3	-499.8784	-607.451	0.7086118
895.31	-499.7189	-607.4511	0.7086843
895.32	-499.5593	-607.4513	0.7087554
895.33	-499.3997	-607.4515	0.708825
895.34	-499.24	-607.4517	0.7088934
895.35	-499.0803	-607.452	0.7089603
895.36	-498.9205	-607.4523	0.7090259
895.37	-498.7606	-607.4526	0.7090901
895.38	-498.6007	-607.4529	0.709153
895.39	-498.4407	-607.4533	0.7092147
895.4	-498.2807	-607.4537	0.7092752
895.41	-498.1207	-607.4541	0.7093344
895.42	-497.9605	-607.4545	0.7093925
895.43	-497.8004	-607.455	0.7094496
895.44	-497.6401	-607.4555	0.7095056
895.45	-497.4798	-607.456	0.70956
895.46	-497.3194	-607.4566	0.7096131
895.47	-497.159	-607.4572	0.7096648
895.48	-496.9985	-607.4577	0.7097152
895.49	-496.8379	-607.4584	0.7097645
895.5	-496.6773	-607.459	0.7098114
895.51	-496.5167	-607.4597	0.7098564
895.52	-496.356	-607.4604	0.7098994
895.53	-496.1952	-607.4611	0.7099404
895.54	-496.0344	-607.4618	0.7099797
895.55	-495.8735	-607.4625	0.7100171
895.56	-495.7126	-607.4633	0.7100514
895.57	-495.5516	-607.4641	0.7100825
895.58	-495.3905	-607.4649	0.7101105
895.59	-495.2294	-607.4657	0.7101358
895.6	-495.0682	-607.4665	0.7101569
895.61	-494.907	-607.4673	0.7101738
895.62	-494.7457	-607.4682	0.7101868
895.63	-494.5844	-607.4691	0.7101961
895.64	-494.4229	-607.47	0.7102018
895.65	-494.2615	-607.4708	0.7102026
895.66	-494.1	-607.4717	0.7101987
895.67	-493.9384	-607.4725	0.7101904
895.68	-493.7768	-607.4734	0.7101777
895.69	-493.6151	-607.4743	0.7101609
895.7	-493.4534	-607.4752	0.7101393
895.71	-493.2917	-607.4761	0.7101134
895.72	-493.1298	-607.4771	0.7100832
895.73	-492.9679	-607.478	0.7100489
895.74	-492.8059	-607.4788	0.7100107
895.75	-492.6439	-607.4797	0.7099687
895.76	-492.4818	-607.4807	0.7099231
895.77	-492.3196	-607.4815	0.7098739
895.78	-492.1574	-607.4824	0.7098215
895.79	-491.9952	-607.4833	0.7097659
895.8	-491.8329	-607.4842	0.7097071
895.81	-491.6705	-607.4851	0.7096455
895.82	-491.5081	-607.4859	0.709581
895.83	-491.3456	-607.4868	0.7095138
895.84	-491.1831	-607.4876	0.709444
895.85	-491.0205	-607.4884	0.7093717
895.86	-490.8579	-607.4893	0.709297
895.87	-490.6952	-607.4901	0.70922
895.88	-490.5324	-607.4909	0.7091409
895.89	-490.3696	-607.4916	0.7090596
895.9	-490.2067	-607.4924	0.7089763
895.91	-490.0438	-607.4932	0.7088909
895.92	-489.8808	-607.4939	0.7088038
895.93	-489.7177	-607.4947	0.7087148
895.94	-489.5546	-607.4954	0.7086241
895.95	-489.3915	-607.496	0.7085318
895.96	-489.2283	-607.4968	0.7084379
895.97	-489.065	-607.4974	0.7083424
895.98	-488.9017	-607.498	0.7082455
895.99	-488.7383	-607.4987	0.7081471
896	-488.5749	-607.4992	0.7080474
896.01	-488.4114	-607.4998	0.7079464
896.02	-488.2478	-607.5004	0.7078442
896.03	-488.0842	-607.5009	0.7077407
896.04	-487.9206	-607.5014	0.7076361
896.05	-487.7569	-607.5018	0.7075304
896.06	-487.5931	-607.5023	0.7074237
896.07	-487.4293	-607.5027	0.7073159
896.08	-487.2654	-607.5031	0.7072071
896.09	-487.1015	-607.5035	0.7070974
896.1	-486.9375	-607.5038	0.7069868
896.11	-486.7735	-607.5041	0.7068754
896.12	-486.6094	-607.5044	0.7067631
896.13	-486.4452	-607.5046	0.70665
896.14	-486.2809	-607.5048	0.7065361
896.15	-486.1166	-607.5049	0.7064216
896.16	-485.9523	-607.5051	0.7063063
896.17	-485.7879	-607.5052	0.7061905
896.18	-485.6234	-607.5052	0.7060741
896.19	-485.4589	-607.5052	0.7059571
896.2	-485.2943	-607.5053	0.7058396
896.21	-485.1297	-607.5052	0.7057217
896.22	-484.9651	-607.5051	0.7056037
896.23	-484.8003	-607.505	0.7054853
896.24	-484.6355	-607.5048	0.7053668
896.25	-484.4707	-607.5046	0.7052487
896.26	-484.3058	-607.5044	0.7051309
896.27	-484.1409	-607.5041	0.7050133
896.28	-483.9759	-607.5038	0.7048961
896.29	-483.8108	-607.5035	0.7047791
896.3	-483.6457	-607.5031	0.7046624
896.31	-483.4805	-607.5026	0.7045472
896.32	-483.3153	-607.5021	0.7044332
896.33	-483.15	-607.5016	0.7043205
896.34	-482.9846	-607.5011	0.7042091
896.35	-482.8193	-607.5005	0.7041004
896.36	-482.6538	-607.4999	0.703994
896.37	-482.4883	-607.4993	0.7038902
896.38	-482.3228	-607.4985	0.7037887
896.39	-482.1572	-607.4978	0.7036893
896.4	-481.9915	-607.4971	0.7035938
896.41	-481.8258	-607.4963	0.7035019
896.42	-481.66	-607.4955	0.7034137
896.43	-481.4942	-607.4946	0.7033287
896.44	-481.3283	-607.4937	0.703247
896.45	-481.1624	-607.4927	0.7031699
896.46	-480.9964	-607.4918	0.7030972
896.47	-480.8304	-607.4908	0.703029
896.48	-480.6642	-607.4898	0.7029646
896.49	-480.4981	-607.4887	0.7029043
896.5	-480.3319	-607.4877	0.7028491
896.51	-480.1656	-607.4866	0.702799
896.52	-479.9993	-607.4855	0.7027538
896.53	-479.8329	-607.4844	0.7027132
896.54	-479.6665	-607.4832	0.702677
896.55	-479.5	-607.4821	0.702645
896.56	-479.3334	-607.4808	0.7026185
896.57	-479.1668	-607.4796	0.7025973
896.58	-479.0002	-607.4784	0.702581
896.59	-478.8335	-607.4772	0.7025695
896.6	-478.6667	-607.4759	0.7025626
896.61	-478.4999	-607.4746	0.702561
896.62	-478.3331	-607.4733	0.7025644
896.63	-478.1662	-607.472	0.7025726
896.64	-477.9992	-607.4706	0.7025853
896.65	-477.8322	-607.4693	0.7026027
896.66	-477.6652	-607.468	0.7026245
896.67	-477.4981	-607.4667	0.7026506
896.68	-477.331	-607.4653	0.7026808
896.69	-477.1638	-607.4639	0.7027147
896.7	-476.9966	-607.4625	0.7027525
896.71	-476.8294	-607.4611	0.7027937
896.72	-476.6622	-607.4597	0.7028384
896.73	-476.4949	-607.4583	0.7028863
896.74	-476.3276	-607.4569	0.7029374
896.75	-476.1603	-607.4556	0.7029915
896.76	-475.993	-607.4542	0.7030484
896.77	-475.8256	-607.4528	0.7031081
896.78	-475.6583	-607.4514	0.7031704
896.79	-475.4909	-607.45	0.7032352
896.8	-475.3235	-607.4487	0.7033025
896.81	-475.1561	-607.4473	0.703372
896.82	-474.9887	-607.4459	0.7034438
896.83	-474.8213	-607.4445	0.7035177
896.84	-474.6539	-607.4432	0.7035937
896.85	-474.4865	-607.4418	0.7036716
896.86	-474.3191	-607.4404	0.7037515
896.87	-474.1517	-607.439	0.7038331
896.88	-473.9843	-607.4377	0.7039166
896.89	-473.8168	-607.4363	0.7040017
896.9	-473.6494	-607.435	0.7040883
896.91	-473.482	-607.4337	0.7041767
896.92	-473.3146	-607.4324	0.7042664
896.93	-473.1471	-607.4311	0.7043576
896.94	-472.9797	-607.4298	0.7044502
896.95	-472.8123	-607.4286	0.7045442
896.96	-472.6448	-607.4274	0.7046393
896.97	-472.4774	-607.4261	0.7047357
896.98	-472.3099	-607.4249	0.7048333
896.99	-472.1424	-607.4238	0.7049321
897	-471.975	-607.4225	0.7050319
897.01	-471.8075	-607.4214	0.7051328
897.02	-471.64	-607.4203	0.7052346
897.03	-471.4726	-607.4193	0.7053375
897.04	-471.3051	-607.4182	0.7054413
897.05	-471.1376	-607.4172	0.7055458
897.06	-470.9701	-607.4161	0.7056512
897.07	-470.8026	-607.4152	0.7057574
897.08	-470.6351	-607.4142	0.7058643
897.09	-470.4676	-607.4133	0.7059718
897.1	-470.3001	-607.4124	0.7060793
897.11	-470.1326	-607.4116	0.7061868
897.12	-469.9651	-607.4108	0.7062942
897.13	-469.7976	-607.4099	0.7064015
897.14	-469.6301	-607.4091	0.7065088
897.15	-469.4626	-607.4084	0.706614
897.16	-469.295	-607.4076	0.706717
897.17	-469.1275	-607.4069	0.706818
897.18	-468.96	-607.4063	0.706917
897.19	-468.7924	-607.4056	0.7070143
897.2	-468.6249	-607.405	0.7071072
897.21	-468.4573	-607.4044	0.7071959
897.22	-468.2898	-607.4037	0.7072805
897.23	-468.1222	-607.4032	0.7073614
897.24	-467.9547	-607.4026	0.7074386
897.25	-467.7871	-607.4022	0.7075097
897.26	-467.6195	-607.4016	0.707575
897.27	-467.452	-607.4011	0.7076348
897.28	-467.2844	-607.4006	0.7076892
897.29	-467.1168	-607.4001	0.7077386
897.3	-466.9492	-607.3997	0.7077819
897.31	-466.7816	-607.3992	0.7078192
897.32	-466.614	-607.3988	0.7078509
897.33	-466.4464	-607.3984	0.7078773
897.34	-466.2787	-607.3979	0.7078985
897.35	-466.1111	-607.3975	0.7079146
897.36	-465.9435	-607.3972	0.7079259
897.37	-465.7759	-607.3968	0.7079327
897.38	-465.6082	-607.3964	0.7079349
897.39	-465.4405	-607.3961	0.7079329
897.4	-465.2729	-607.3958	0.7079269
897.41	-465.1052	-607.3954	0.7079169
897.42	-464.9375	-607.3951	0.7079032
897.43	-464.7697	-607.3948	0.7078859
897.44	-464.602	-607.3945	0.7078651
897.45	-464.4343	-607.3943	0.707841
897.46	-464.2665	-607.394	0.7078138
897.47	-464.0988	-607.3937	0.7077835
897.48	-463.931	-607.3935	0.7077503
897.49	-463.7632	-607.3932	0.7077144
897.5	-463.5954	-607.393	0.7076759
897.51	-463.4276	-607.3927	0.707635
897.52	-463.2597	-607.3925	0.7075918
897.53	-463.0919	-607.3922	0.7075465
897.54	-462.924	-607.392	0.707499
897.55	-462.7562	-607.3917	0.7074499
897.56	-462.5883	-607.3915	0.7073992
897.57	-462.4204	-607.3914	0.7073472
897.58	-462.2525	-607.3911	0.7072937
897.59	-462.0846	-607.3909	0.7072389
897.6	-461.9167	-607.3907	0.707184
897.61	-461.7488	-607.3905	0.7071292
897.62	-461.5808	-607.3903	0.7070745
897.63	-461.4129	-607.3901	0.7070196
897.64	-461.2449	-607.3899	0.7069648
897.65	-461.077	-607.3897	0.706911
897.66	-460.9091	-607.3895	0.7068581
897.67	-460.7411	-607.3893	0.7068062
897.68	-460.5731	-607.3891	0.7067552
897.69	-460.4051	-607.3889	0.7067049
897.7	-460.2372	-607.3887	0.7066557
897.71	-460.0692	-607.3885	0.7066074
897.72	-459.9012	-607.3882	0.70656
897.73	-459.7332	-607.3879	0.7065135
897.74	-459.5652	-607.3877	0.7064678
897.75	-459.3972	-607.3874	0.7064232
897.76	-459.2292	-607.3871	0.7063797
897.77	-459.0612	-607.3869	0.7063374
897.78	-458.8932	-607.3867	0.706296
897.79	-458.7252	-607.3864	0.7062555
897.8	-458.5572	-607.3861	0.7062171
897.81	-458.3892	-607.3859	0.7061807
897.82	-458.2212	-607.3856	0.7061461
897.83	-458.0531	-607.3853	0.7061133
897.84	-457.8851	-607.3851	0.7060822
897.85	-457.7171	-607.3848	0.7060535
897.86	-457.5491	-607.3845	0.7060271
897.87	-457.3811	-607.3842	0.7060028
897.88	-457.213	-607.3839	0.7059805
897.89	-457.045	-607.3835	0.7059603
897.9	-456.877	-607.3832	0.7059425
897.91	-456.709	-607.3829	0.7059271
897.92	-456.541	-607.3826	0.7059141
897.93	-456.373	-607.3823	0.7059031
897.94	-456.205	-607.382	0.7058944
897.95	-456.037	-607.3817	0.7058876
897.96	-455.869	-607.3813	0.7058827
897.97	-455.701	-607.381	0.7058798
897.98	-455.533	-607.3807	0.7058786
897.99	-455.365	-607.3804	0.7058792
898	-455.197	-607.3801	0.7058814
898.01	-455.0291	-607.3797	0.7058852
898.02	-454.8611	-607.3793	0.7058905
898.03	-454.6931	-607.379	0.7058972
898.04	-454.5252	-607.3786	0.7059054
898.05	-454.3573	-607.3782	0.705915
898.06	-454.1894	-607.3779	0.7059259
898.07	-454.0215	-607.3775	0.7059382
898.08	-453.8535	-607.3771	0.7059518
898.09	-453.6856	-607.3768	0.7059665
898.1	-453.5177	-607.3765	0.7059824
898.11	-453.3499	-607.3761	0.706
898.12	-453.182	-607.3757	0.706019
898.13	-453.0141	-607.3754	0.7060395
898.14	-452.8462	-607.375	0.7060613
898.15	-452.6784	-607.3746	0.7060845
898.16	-452.5106	-607.3743	0.706109
898.17	-452.3428	-607.374	0.7061349
898.18	-452.175	-607.3736	0.7061617
898.19	-452.0071	-607.3732	0.7061899
898.2	-451.8393	-607.3729	0.706219
898.21	-451.6715	-607.3726	0.7062492
898.22	-451.5038	-607.3723	0.7062805
898.23	-451.336	-607.372	0.7063127
898.24	-451.1683	-607.3717	0.7063458
898.25	-451.0005	-607.3714	0.7063799
898.26	-450.8329	-607.3711	0.7064149
898.27	-450.6652	-607.3708	0.7064508
898.28	-450.4975	-607.3705	0.7064875
898.29	-450.3298	-607.3702	0.7065249
898.3	-450.1621	-607.3699	0.7065632
898.31	-449.9945	-607.3697	0.7066026
898.32	-449.8268	-607.3694	0.7066432
898.33	-449.6592	-607.3692	0.7066848
898.34	-449.4916	-607.369	0.7067275
898.35	-449.3241	-607.3688	0.7067716
898.36	-449.1566	-607.3685	0.7068167
898.37	-448.989	-607.3683	0.7068633
898.38	-448.8215	-607.3682	0.7069109
898.39	-448.654	-607.368	0.7069596
898.4	-448.4865	-607.3679	0.7070101
898.41	-448.3191	-607.3677	0.7070624
898.42	-448.1516	-607.3676	0.7071162
898.43	-447.9842	-607.3675	0.7071716
898.44	-447.8168	-607.3674	0.7072284
898.45	-447.6494	-607.3673	0.7072877
898.46	-447.482	-607.3673	0.7073493
898.47	-447.3147	-607.3672	0.7074131
898.48	-447.1473	-607.3672	0.7074792
898.49	-446.98	-607.3672	0.7075472
898.5	-446.8127	-607.3672	0.7076185
898.51	-446.6454	-607.3674	0.7076926
898.52	-446.4781	-607.3674	0.7077695
898.53	-446.3109	-607.3676	0.7078491
898.54	-446.1436	-607.3677	0.7079314
898.55	-445.9764	-607.3679	0.7080161
898.56	-445.8092	-607.3681	0.7081038
898.57	-445.642	-607.3683	0.7081942
898.58	-445.4749	-607.3686	0.7082872
898.59	-445.3077	-607.3688	0.7083827
898.6	-445.1405	-607.3692	0.7084808
898.61	-444.9734	-607.3696	0.7085811
898.62	-444.8063	-607.3699	0.7086837
898.63	-444.6393	-607.3704	0.7087884
898.64	-444.4722	-607.3708	0.7088953
898.65	-444.3051	-607.3713	0.7090042
898.66	-444.1381	-607.3718	0.7091148
898.67	-443.9711	-607.3724	0.7092273
898.68	-443.8041	-607.373	0.7093416
898.69	-443.6371	-607.3737	0.7094575
898.7	-443.4702	-607.3743	0.7095751
898.71	-443.3032	-607.375	0.7096938
898.72	-443.1363	-607.3757	0.7098139
898.73	-442.9694	-607.3765	0.7099351
898.74	-442.8025	-607.3774	0.7100576
898.75	-442.6357	-607.3782	0.7101806
898.76	-442.4688	-607.3791	0.7103044
898.77	-442.302	-607.3801	0.710429
898.78	-442.1352	-607.381	0.7105542
898.79	-441.9684	-607.3821	0.7106801
898.8	-441.8016	-607.3832	0.7108064
898.81	-441.6349	-607.3842	0.7109334
898.82	-441.4681	-607.3854	0.711061
898.83	-441.3014	-607.3866	0.7111891
898.84	-441.1347	-607.3878	0.7113177
898.85	-440.968	-607.3891	0.7114468
898.86	-440.8014	-607.3904	0.7115764
898.87	-440.6347	-607.3918	0.7117063
898.88	-440.4681	-607.3932	0.7118368
898.89	-440.3015	-607.3947	0.7119676
898.9	-440.1349	-607.3962	0.7120986
898.91	-439.9684	-607.3978	0.7122298
898.92	-439.8018	-607.3994	0.7123613
898.93	-439.6353	-607.4011	0.712493
898.94	-439.4687	-607.4028	0.7126249
898.95	-439.3022	-607.4045	0.7127564
898.96	-439.1357	-607.4063	0.7128874
898.97	-438.9693	-607.4082	0.713018
898.98	-438.8028	-607.4101	0.7131482
898.99	-438.6364	-607.412	0.7132781
899	-438.47	-607.4141	0.7134067
899.01	-438.3036	-607.4161	0.7135341
899.02	-438.1372	-607.4183	0.7136602
899.03	-437.9709	-607.4203	0.7137853
