1543.8	-649.741	-606.9207	0.7069649
1543.81	-649.6262	-606.9207	0.7068589
1543.82	-649.5114	-606.9208	0.7067548
1543.83	-649.3965	-606.9208	0.7066523
1543.84	-649.2817	-606.9207	0.7065516
1543.85	-649.167	-606.9207	0.7064533
1543.86	-649.0522	-606.9207	0.7063572
1543.87	-648.9375	-606.9205	0.7062633
1543.88	-648.8228	-606.9205	0.7061716
1543.89	-648.708	-606.9203	0.7060817
1543.9	-648.5933	-606.9202	0.7059948
1543.91	-648.4786	-606.92	0.7059106
1543.92	-648.364	-606.9199	0.7058288
1543.93	-648.2493	-606.9197	0.7057495
1543.94	-648.1346	-606.9195	0.7056724
1543.95	-648.02	-606.9193	0.7055984
1543.96	-647.9053	-606.919	0.7055273
1543.97	-647.7907	-606.9187	0.7054589
1543.98	-647.6761	-606.9185	0.7053932
1543.99	-647.5615	-606.9181	0.7053298
1544	-647.447	-606.9178	0.7052695
1544.01	-647.3324	-606.9174	0.7052118
1544.02	-647.2178	-606.9171	0.7051569
1544.03	-647.1033	-606.9167	0.7051045
1544.04	-646.9888	-606.9163	0.7050543
1544.05	-646.8743	-606.916	0.7050067
1544.06	-646.7599	-606.9156	0.7049612
1544.07	-646.6454	-606.9152	0.7049178
1544.08	-646.531	-606.9147	0.7048765
1544.09	-646.4166	-606.9142	0.7048371
1544.1	-646.3022	-606.9138	0.7047994
1544.11	-646.1878	-606.9132	0.7047634
1544.12	-646.0734	-606.9127	0.704729
1544.13	-645.959	-606.9122	0.7046961
1544.14	-645.8447	-606.9117	0.7046645
1544.15	-645.7303	-606.9112	0.7046342
1544.16	-645.616	-606.9106	0.704605
1544.17	-645.5017	-606.91	0.704577
1544.18	-645.3874	-606.9095	0.70455
1544.19	-645.2731	-606.9089	0.7045241
1544.2	-645.1588	-606.9083	0.7044986
1544.21	-645.0446	-606.9077	0.7044737
1544.22	-644.9303	-606.907	0.7044492
1544.23	-644.816	-606.9063	0.7044252
1544.24	-644.7018	-606.9056	0.7044016
1544.25	-644.5875	-606.905	0.7043785
1544.26	-644.4733	-606.9043	0.7043543
1544.27	-644.3591	-606.9036	0.7043294
1544.28	-644.2449	-606.9028	0.7043036
1544.29	-644.1308	-606.902	0.704277
1544.3	-644.0167	-606.9013	0.7042484
1544.31	-643.9025	-606.9005	0.7042177
1544.32	-643.7884	-606.8997	0.7041852
1544.33	-643.6743	-606.8989	0.704151
1544.34	-643.5602	-606.898	0.7041151
1544.35	-643.4462	-606.8972	0.7040777
1544.36	-643.3321	-606.8963	0.7040366
1544.37	-643.2181	-606.8953	0.7039921
1544.38	-643.1041	-606.8944	0.7039444
1544.39	-642.9901	-606.8935	0.7038935
1544.4	-642.876	-606.8925	0.7038391
1544.41	-642.7621	-606.8915	0.7037812
1544.42	-642.6481	-606.8905	0.7037201
1544.43	-642.5342	-606.8894	0.703656
1544.44	-642.4202	-606.8884	0.7035889
1544.45	-642.3063	-606.8872	0.7035192
1544.46	-642.1924	-606.8861	0.703447
1544.47	-642.0786	-606.8849	0.7033724
1544.48	-641.9647	-606.8838	0.7032955
1544.49	-641.8508	-606.8826	0.7032165
1544.5	-641.7369	-606.8814	0.7031356
1544.51	-641.6231	-606.8801	0.7030526
1544.52	-641.5093	-606.8789	0.7029681
1544.53	-641.3954	-606.8776	0.7028818
1544.54	-641.2816	-606.8762	0.702794
1544.55	-641.1678	-606.8749	0.7027047
1544.56	-641.054	-606.8735	0.7026141
1544.57	-640.9402	-606.8722	0.7025224
1544.58	-640.8265	-606.8707	0.7024296
1544.59	-640.7127	-606.8693	0.7023357
1544.6	-640.599	-606.8679	0.7022415
1544.61	-640.4853	-606.8663	0.7021469
1544.62	-640.3716	-606.8649	0.7020521
1544.63	-640.2579	-606.8633	0.701957
1544.64	-640.1442	-606.8617	0.7018615
1544.65	-640.0305	-606.8602	0.7017668
1544.66	-639.9169	-606.8585	0.7016731
1544.67	-639.8032	-606.8569	0.7015799
1544.68	-639.6896	-606.8553	0.7014875
1544.69	-639.5759	-606.8536	0.7013958
1544.7	-639.4623	-606.8519	0.7013046
1544.71	-639.3487	-606.8502	0.7012154
1544.72	-639.2351	-606.8485	0.7011282
1544.73	-639.1215	-606.8467	0.7010428
1544.74	-639.0079	-606.845	0.700959
1544.75	-638.8944	-606.8432	0.7008784
1544.76	-638.7809	-606.8414	0.7008007
1544.77	-638.6674	-606.8396	0.7007257
1544.78	-638.5538	-606.8377	0.7006534
1544.79	-638.4403	-606.8359	0.7005835
1544.8	-638.3268	-606.834	0.7005158
1544.81	-638.2133	-606.8322	0.7004529
1544.82	-638.0999	-606.8303	0.7003942
1544.83	-637.9864	-606.8283	0.7003396
1544.84	-637.8729	-606.8264	0.7002887
1544.85	-637.7595	-606.8245	0.7002431
1544.86	-637.646	-606.8226	0.7002023
1544.87	-637.5325	-606.8207	0.7001664
1544.88	-637.4191	-606.8188	0.7001347
1544.89	-637.3056	-606.8168	0.7001071
1544.9	-637.1922	-606.8149	0.7000843
1544.91	-637.0788	-606.8129	0.700066
1544.92	-636.9654	-606.8109	0.700052
1544.93	-636.852	-606.809	0.7000418
1544.94	-636.7386	-606.807	0.7000355
1544.95	-636.6252	-606.8051	0.7000327
1544.96	-636.5119	-606.8031	0.7000331
1544.97	-636.3986	-606.8011	0.7000368
1544.98	-636.2852	-606.7992	0.7000433
1544.99	-636.1719	-606.7972	0.7000526
1545	-636.0585	-606.7952	0.7000644
1545.01	-635.9452	-606.7932	0.7000787
1545.02	-635.8318	-606.7912	0.7000952
1545.03	-635.7185	-606.7892	0.7001138
1545.04	-635.6052	-606.7872	0.7001345
1545.05	-635.4918	-606.7852	0.700157
1545.06	-635.3785	-606.7831	0.7001813
1545.07	-635.2653	-606.7811	0.7002072
1545.08	-635.152	-606.7792	0.7002347
1545.09	-635.0387	-606.7772	0.7002636
1545.1	-634.9254	-606.7751	0.7002938
1545.11	-634.8122	-606.7731	0.7003254
1545.12	-634.699	-606.7711	0.7003582
1545.13	-634.5858	-606.7692	0.7003921
1545.14	-634.4725	-606.7672	0.7004272
1545.15	-634.3593	-606.7651	0.7004632
1545.16	-634.2461	-606.7631	0.7005002
1545.17	-634.1329	-606.7612	0.7005381
1545.18	-634.0197	-606.7592	0.7005768
1545.19	-633.9064	-606.7571	0.7006164
1545.2	-633.7933	-606.7552	0.7006566
1545.21	-633.6801	-606.7533	0.7006976
1545.22	-633.567	-606.7513	0.7007392
1545.23	-633.4538	-606.7494	0.7007815
1545.24	-633.3406	-606.7475	0.7008243
1545.25	-633.2275	-606.7455	0.7008677
1545.26	-633.1144	-606.7436	0.7009116
1545.27	-633.0013	-606.7416	0.700956
1545.28	-632.8882	-606.7397	0.7010009
1545.29	-632.7751	-606.7379	0.7010463
1545.3	-632.662	-606.736	0.701092
1545.31	-632.5489	-606.7341	0.7011381
1545.32	-632.4358	-606.7322	0.7011846
1545.33	-632.3227	-606.7303	0.7012315
1545.34	-632.2096	-606.7285	0.7012786
1545.35	-632.0965	-606.7266	0.7013261
1545.36	-631.9835	-606.7248	0.7013739
1545.37	-631.8704	-606.723	0.7014219
1545.38	-631.7574	-606.7212	0.7014702
1545.39	-631.6443	-606.7194	0.7015187
1545.4	-631.5313	-606.7175	0.7015674
1545.41	-631.4183	-606.7158	0.7016163
1545.42	-631.3054	-606.714	0.7016656
1545.43	-631.1924	-606.7122	0.7017148
1545.44	-631.0794	-606.7105	0.7017644
1545.45	-630.9664	-606.7087	0.7018141
1545.46	-630.8535	-606.707	0.7018639
1545.47	-630.7405	-606.7053	0.7019139
1545.48	-630.6275	-606.7036	0.701964
1545.49	-630.5145	-606.7019	0.7020143
1545.5	-630.4016	-606.7003	0.7020646
1545.51	-630.2887	-606.6985	0.7021152
1545.52	-630.1758	-606.6969	0.7021657
1545.53	-630.0629	-606.6953	0.7022164
1545.54	-629.95	-606.6937	0.7022672
1545.55	-629.8371	-606.692	0.7023181
1545.56	-629.7242	-606.6905	0.702369
1545.57	-629.6114	-606.6889	0.7024201
1545.58	-629.4985	-606.6873	0.7024711
1545.59	-629.3857	-606.6858	0.7025222
1545.6	-629.2728	-606.6843	0.7025734
1545.61	-629.16	-606.6827	0.7026231
1545.62	-629.0471	-606.6813	0.7026716
1545.63	-628.9343	-606.6797	0.7027189
1545.64	-628.8214	-606.6782	0.7027649
1545.65	-628.7086	-606.6768	0.7028098
1545.66	-628.5958	-606.6752	0.702851
1545.67	-628.483	-606.6738	0.7028887
1545.68	-628.3702	-606.6723	0.702923
1545.69	-628.2574	-606.6709	0.7029542
1545.7	-628.1447	-606.6694	0.7029797
1545.71	-628.0319	-606.668	0.7030001
1545.72	-627.9192	-606.6665	0.7030154
1545.73	-627.8065	-606.665	0.7030261
1545.74	-627.6937	-606.6636	0.7030323
1545.75	-627.581	-606.6621	0.7030345
1545.76	-627.4683	-606.6606	0.703032
1545.77	-627.3555	-606.6591	0.7030252
1545.78	-627.2428	-606.6575	0.7030141
1545.79	-627.1301	-606.656	0.7029992
1545.8	-627.0174	-606.6545	0.7029808
1545.81	-626.9047	-606.653	0.7029592
1545.82	-626.7921	-606.6514	0.7029346
1545.83	-626.6794	-606.6498	0.7029072
1545.84	-626.5667	-606.6483	0.7028771
1545.85	-626.4541	-606.6468	0.7028445
1545.86	-626.3415	-606.6453	0.7028098
1545.87	-626.2289	-606.6437	0.7027729
1545.88	-626.1163	-606.6422	0.7027341
1545.89	-626.0037	-606.6406	0.7026935
1545.9	-625.8911	-606.6391	0.702651
1545.91	-625.7784	-606.6375	0.7026069
1545.92	-625.6658	-606.636	0.7025613
1545.93	-625.5532	-606.6344	0.7025142
1545.94	-625.4406	-606.6328	0.7024657
1545.95	-625.3281	-606.6312	0.702416
1545.96	-625.2155	-606.6296	0.7023652
1545.97	-625.103	-606.6279	0.7023133
1545.98	-624.9904	-606.6263	0.7022604
1545.99	-624.8779	-606.6248	0.7022066
1546	-624.7654	-606.6231	0.7021522
1546.01	-624.6529	-606.6215	0.7020974
1546.02	-624.5404	-606.6198	0.7020419
1546.03	-624.4279	-606.6181	0.7019861
1546.04	-624.3154	-606.6165	0.7019297
1546.05	-624.2029	-606.6147	0.7018735
1546.06	-624.0905	-606.6131	0.7018176
1546.07	-623.978	-606.6115	0.7017617
1546.08	-623.8655	-606.6097	0.701706
1546.09	-623.7531	-606.608	0.7016504
1546.1	-623.6406	-606.6063	0.701596
1546.11	-623.5282	-606.6045	0.7015427
1546.12	-623.4158	-606.6028	0.7014905
1546.13	-623.3033	-606.6011	0.7014391
1546.14	-623.1909	-606.5993	0.7013888
1546.15	-623.0785	-606.5975	0.7013393
1546.16	-622.9661	-606.5958	0.7012917
1546.17	-622.8538	-606.5939	0.7012461
1546.18	-622.7414	-606.5922	0.7012022
1546.19	-622.629	-606.5904	0.70116
1546.2	-622.5167	-606.5886	0.7011194
1546.21	-622.4043	-606.5868	0.7010807
1546.22	-622.2919	-606.585	0.7010434
1546.23	-622.1796	-606.5832	0.7010075
1546.24	-622.0673	-606.5813	0.7009732
1546.25	-621.955	-606.5795	0.70094
1546.26	-621.8427	-606.5776	0.7009081
1546.27	-621.7304	-606.5758	0.7008774
1546.28	-621.6181	-606.574	0.7008477
1546.29	-621.5058	-606.5721	0.700819
1546.3	-621.3936	-606.5702	0.7007914
1546.31	-621.2813	-606.5683	0.7007647
1546.32	-621.1691	-606.5664	0.7007387
1546.33	-621.0568	-606.5645	0.7007136
1546.34	-620.9446	-606.5626	0.7006892
1546.35	-620.8323	-606.5607	0.7006655
1546.36	-620.7202	-606.5588	0.7006425
1546.37	-620.608	-606.5569	0.7006202
1546.38	-620.4958	-606.5549	0.7005984
1546.39	-620.3836	-606.553	0.7005772
1546.4	-620.2714	-606.551	0.7005565
1546.41	-620.1592	-606.5491	0.7005363
1546.42	-620.0471	-606.5471	0.7005166
1546.43	-619.9349	-606.5451	0.7004973
1546.44	-619.8227	-606.5432	0.7004784
1546.45	-619.7106	-606.5411	0.7004599
1546.46	-619.5984	-606.5391	0.7004418
1546.47	-619.4863	-606.5371	0.700424
1546.48	-619.3742	-606.5351	0.7004065
1546.49	-619.2621	-606.5331	0.7003893
1546.5	-619.15	-606.5311	0.7003725
1546.51	-619.038	-606.529	0.7003559
1546.52	-618.9259	-606.527	0.7003396
1546.53	-618.8138	-606.525	0.7003235
1546.54	-618.7018	-606.5229	0.7003078
1546.55	-618.5897	-606.5208	0.7002928
1546.56	-618.4777	-606.5187	0.7002786
1546.57	-618.3656	-606.5167	0.7002652
1546.58	-618.2535	-606.5146	0.7002524
1546.59	-618.1415	-606.5125	0.7002404
1546.6	-618.0295	-606.5104	0.7002301
1546.61	-617.9175	-606.5084	0.7002216
1546.62	-617.8055	-606.5063	0.7002147
1546.63	-617.6935	-606.5042	0.7002094
1546.64	-617.5815	-606.5021	0.7002054
1546.65	-617.4695	-606.5	0.7002028
1546.66	-617.3575	-606.4979	0.7002033
1546.67	-617.2456	-606.4958	0.7002066
1546.68	-617.1337	-606.4938	0.7002127
1546.69	-617.0217	-606.4918	0.7002214
1546.7	-616.9098	-606.4897	0.7002323
1546.71	-616.7979	-606.4876	0.7002463
1546.72	-616.6859	-606.4855	0.700263
1546.73	-616.574	-606.4835	0.7002822
1546.74	-616.462	-606.4814	0.7003039
1546.75	-616.3502	-606.4794	0.7003278
1546.76	-616.2383	-606.4774	0.7003539
1546.77	-616.1264	-606.4755	0.700382
1546.78	-616.0145	-606.4734	0.700412
1546.79	-615.9026	-606.4714	0.7004439
1546.8	-615.7908	-606.4694	0.7004774
1546.81	-615.679	-606.4674	0.700512
1546.82	-615.5671	-606.4655	0.7005479
1546.83	-615.4553	-606.4634	0.7005848
1546.84	-615.3435	-606.4614	0.7006227
1546.85	-615.2317	-606.4595	0.7006609
1546.86	-615.1199	-606.4576	0.7006994
1546.87	-615.0081	-606.4556	0.7007382
1546.88	-614.8962	-606.4537	0.7007772
1546.89	-614.7844	-606.4517	0.7008164
1546.9	-614.6727	-606.4498	0.700855
1546.91	-614.5609	-606.4479	0.7008932
1546.92	-614.4492	-606.4459	0.7009307
1546.93	-614.3374	-606.444	0.7009677
1546.94	-614.2256	-606.4421	0.7010044
1546.95	-614.1139	-606.4401	0.7010401
1546.96	-614.0021	-606.4382	0.7010751
1546.97	-613.8904	-606.4363	0.7011092
1546.98	-613.7787	-606.4344	0.7011427
1546.99	-613.6671	-606.4326	0.7011755
1547	-613.5554	-606.4307	0.7012075
1547.01	-613.4437	-606.4288	0.7012387
1547.02	-613.332	-606.4269	0.7012693
1547.03	-613.2203	-606.425	0.7012993
1547.04	-613.1086	-606.4232	0.7013286
1547.05	-612.9969	-606.4213	0.7013575
1547.06	-612.8853	-606.4194	0.7013858
1547.07	-612.7737	-606.4175	0.7014136
1547.08	-612.662	-606.4158	0.701441
1547.09	-612.5504	-606.4139	0.7014679
1547.1	-612.4388	-606.4121	0.7014945
1547.11	-612.3271	-606.4103	0.7015206
1547.12	-612.2155	-606.4084	0.7015464
1547.13	-612.1039	-606.4066	0.7015718
1547.14	-611.9923	-606.4048	0.7015969
1547.15	-611.8807	-606.403	0.7016217
1547.16	-611.7692	-606.4012	0.7016463
1547.17	-611.6576	-606.3995	0.7016705
1547.18	-611.546	-606.3977	0.7016945
1547.19	-611.4344	-606.3959	0.7017183
1547.2	-611.3229	-606.3942	0.7017418
1547.21	-611.2114	-606.3925	0.7017652
1547.22	-611.0999	-606.3907	0.7017883
1547.23	-610.9883	-606.3889	0.7018113
1547.24	-610.8768	-606.3872	0.7018341
1547.25	-610.7653	-606.3855	0.7018566
1547.26	-610.6538	-606.3838	0.7018791
1547.27	-610.5423	-606.3821	0.7019016
1547.28	-610.4308	-606.3804	0.701924
1547.29	-610.3193	-606.3787	0.7019463
1547.3	-610.2078	-606.377	0.701969
1547.31	-610.0964	-606.3753	0.7019923
1547.32	-609.9849	-606.3737	0.7020159
1547.33	-609.8735	-606.3721	0.7020399
1547.34	-609.762	-606.3704	0.7020643
1547.35	-609.6506	-606.3688	0.7020907
1547.36	-609.5392	-606.3671	0.7021192
1547.37	-609.4279	-606.3655	0.7021494
1547.38	-609.3165	-606.364	0.7021814
1547.39	-609.2051	-606.3624	0.7022151
1547.4	-609.0937	-606.3608	0.7022526
1547.41	-608.9823	-606.3593	0.7022938
1547.42	-608.8709	-606.3578	0.7023384
1547.43	-608.7595	-606.3563	0.7023863
1547.44	-608.6481	-606.3549	0.7024372
1547.45	-608.5367	-606.3534	0.7024909
1547.46	-608.4254	-606.352	0.7025497
1547.47	-608.3141	-606.3506	0.702613
1547.48	-608.2028	-606.3492	0.7026808
1547.49	-608.0914	-606.3478	0.7027526
1547.5	-607.9802	-606.3466	0.7028291
1547.51	-607.8689	-606.3452	0.7029099
1547.52	-607.7576	-606.344	0.7029949
1547.53	-607.6464	-606.3427	0.7030836
1547.54	-607.5351	-606.3416	0.7031761
1547.55	-607.4238	-606.3404	0.7032719
1547.56	-607.3126	-606.3392	0.7033709
1547.57	-607.2013	-606.3381	0.703473
1547.58	-607.09	-606.337	0.7035778
1547.59	-606.9788	-606.3359	0.7036853
1547.6	-606.8675	-606.3348	0.7037954
1547.61	-606.7563	-606.3339	0.7039078
1547.62	-606.6451	-606.3329	0.7040223
1547.63	-606.5339	-606.3319	0.7041389
1547.64	-606.4227	-606.331	0.7042575
1547.65	-606.3115	-606.3301	0.7043778
1547.66	-606.2003	-606.3293	0.7045
1547.67	-606.0892	-606.3285	0.7046236
1547.68	-605.978	-606.3276	0.7047486
1547.69	-605.8669	-606.3269	0.7048752
1547.7	-605.7557	-606.3262	0.7050031
1547.71	-605.6446	-606.3255	0.7051321
1547.72	-605.5334	-606.3248	0.7052623
1547.73	-605.4223	-606.3242	0.7053937
1547.74	-605.3112	-606.3236	0.7055259
1547.75	-605.2	-606.323	0.7056592
1547.76	-605.0889	-606.3224	0.7057933
1547.77	-604.9778	-606.322	0.7059283
1547.78	-604.8668	-606.3215	0.706064
1547.79	-604.7557	-606.3211	0.7062005
1547.8	-604.6447	-606.3207	0.7063377
1547.81	-604.5336	-606.3204	0.7064754
1547.82	-604.4226	-606.3201	0.7066138
1547.83	-604.3116	-606.3198	0.7067527
1547.84	-604.2006	-606.3196	0.7068922
1547.85	-604.0895	-606.3193	0.7070321
1547.86	-603.9785	-606.3192	0.7071725
1547.87	-603.8675	-606.319	0.7073132
1547.88	-603.7565	-606.319	0.7074544
1547.89	-603.6454	-606.3189	0.707596
1547.9	-603.5345	-606.3189	0.7077377
1547.91	-603.4235	-606.319	0.7078796
1547.92	-603.3126	-606.319	0.7080217
1547.93	-603.2016	-606.3192	0.7081638
1547.94	-603.0906	-606.3193	0.7083061
1547.95	-602.9797	-606.3195	0.7084476
1547.96	-602.8688	-606.3197	0.7085883
1547.97	-602.7579	-606.3199	0.7087284
1547.98	-602.647	-606.3203	0.7088677
1547.99	-602.5361	-606.3206	0.7090064
1548	-602.4252	-606.321	0.709143
1548.01	-602.3143	-606.3214	0.7092776
1548.02	-602.2034	-606.3218	0.7094104
1548.03	-602.0925	-606.3223	0.7095414
1548.04	-601.9816	-606.3228	0.7096709
1548.05	-601.8708	-606.3234	0.7097976
1548.06	-601.7599	-606.324	0.7099215
1548.07	-601.6491	-606.3245	0.710043
1548.08	-601.5383	-606.3252	0.7101623
1548.09	-601.4274	-606.3259	0.7102792
1548.1	-601.3167	-606.3266	0.7103934
1548.11	-601.2059	-606.3273	0.7105047
1548.12	-601.0951	-606.3281	0.7106134
1548.13	-600.9843	-606.3289	0.7107196
1548.14	-600.8735	-606.3297	0.7108236
1548.15	-600.7628	-606.3305	0.7109254
1548.16	-600.652	-606.3314	0.7110241
1548.17	-600.5412	-606.3323	0.7111201
1548.18	-600.4304	-606.3333	0.7112134
1548.19	-600.3196	-606.3342	0.7113042
1548.2	-600.2089	-606.3353	0.7113928
1548.21	-600.0981	-606.3362	0.7114784
1548.22	-599.9874	-606.3373	0.7115615
1548.23	-599.8767	-606.3384	0.7116421
1548.24	-599.766	-606.3395	0.7117205
1548.25	-599.6553	-606.3406	0.7117965
1548.26	-599.5447	-606.3418	0.7118704
1548.27	-599.434	-606.343	0.7119422
1548.28	-599.3234	-606.3442	0.7120122
1548.29	-599.2127	-606.3454	0.7120804
1548.3	-599.1021	-606.3467	0.7121469
1548.31	-598.9914	-606.348	0.7122118
1548.32	-598.8807	-606.3492	0.7122753
1548.33	-598.7701	-606.3506	0.7123373
1548.34	-598.6594	-606.3519	0.7123981
1548.35	-598.5488	-606.3533	0.7124577
1548.36	-598.4382	-606.3547	0.712516
1548.37	-598.3276	-606.3561	0.7125733
1548.38	-598.217	-606.3576	0.7126296
1548.39	-598.1064	-606.3591	0.7126849
1548.4	-597.9958	-606.3606	0.7127393
1548.41	-597.8853	-606.3621	0.7127929
1548.42	-597.7748	-606.3636	0.7128457
1548.43	-597.6642	-606.3652	0.7128978
1548.44	-597.5537	-606.3667	0.7129492
1548.45	-597.4432	-606.3683	0.7129999
1548.46	-597.3326	-606.3699	0.7130499
1548.47	-597.2221	-606.3716	0.7130992
1548.48	-597.1116	-606.3732	0.7131481
1548.49	-597.0011	-606.3749	0.7131964
1548.5	-596.8906	-606.3766	0.7132441
1548.51	-596.7802	-606.3784	0.7132906
1548.52	-596.6697	-606.3801	0.7133359
1548.53	-596.5592	-606.3818	0.71338
1548.54	-596.4487	-606.3836	0.7134231
1548.55	-596.3383	-606.3854	0.7134644
1548.56	-596.2279	-606.3872	0.713504
1548.57	-596.1175	-606.389	0.713542
1548.58	-596.0071	-606.3908	0.7135785
1548.59	-595.8967	-606.3926	0.7136135
1548.6	-595.7863	-606.3945	0.7136455
1548.61	-595.6758	-606.3964	0.7136747
1548.62	-595.5654	-606.3982	0.7137012
1548.63	-595.455	-606.4	0.7137253
1548.64	-595.3447	-606.4019	0.7137471
1548.65	-595.2343	-606.4038	0.7137667
1548.66	-595.124	-606.4057	0.7137822
1548.67	-595.0136	-606.4077	0.7137939
1548.68	-594.9033	-606.4095	0.713802
1548.69	-594.7929	-606.4114	0.7138069
1548.7	-594.6826	-606.4133	0.7138076
1548.71	-594.5723	-606.4152	0.7138047
1548.72	-594.462	-606.4171	0.7137981
1548.73	-594.3517	-606.419	0.7137883
1548.74	-594.2415	-606.4208	0.7137752
1548.75	-594.1312	-606.4227	0.7137591
1548.76	-594.0209	-606.4246	0.7137401
1548.77	-593.9106	-606.4265	0.7137182
1548.78	-593.8003	-606.4284	0.7136937
1548.79	-593.69	-606.4303	0.7136668
1548.8	-593.5798	-606.4322	0.7136376
1548.81	-593.4695	-606.434	0.7136062
1548.82	-593.3593	-606.4359	0.7135728
1548.83	-593.249	-606.4378	0.7135374
1548.84	-593.1387	-606.4396	0.7135003
1548.85	-593.0284	-606.4414	0.7134613
1548.86	-592.9182	-606.4432	0.7134208
1548.87	-592.808	-606.4451	0.7133788
1548.88	-592.6978	-606.4469	0.7133354
1548.89	-592.5875	-606.4487	0.7132905
1548.9	-592.4773	-606.4505	0.713244
1548.91	-592.3671	-606.4523	0.7131961
1548.92	-592.2568	-606.4541	0.7131466
1548.93	-592.1466	-606.4559	0.7130958
1548.94	-592.0364	-606.4577	0.7130438
1548.95	-591.9262	-606.4594	0.7129897
1548.96	-591.816	-606.4612	0.7129337
1548.97	-591.7057	-606.4629	0.712876
1548.98	-591.5955	-606.4647	0.7128165
1548.99	-591.4853	-606.4664	0.7127556
1549	-591.3751	-606.468	0.7126921
1549.01	-591.265	-606.4697	0.7126265
1549.02	-591.1548	-606.4714	0.7125588
1549.03	-591.0446	-606.473	0.7124891
1549.04	-590.9344	-606.4746	0.7124175
1549.05	-590.8243	-606.4763	0.712344
1549.06	-590.7141	-606.4778	0.7122687
1549.07	-590.6039	-606.4794	0.7121916
1549.08	-590.4938	-606.4809	0.712113
1549.09	-590.3836	-606.4825	0.7120329
1549.1	-590.2734	-606.4839	0.7119513
1549.11	-590.1633	-606.4855	0.7118683
1549.12	-590.0531	-606.4869	0.7117841
1549.13	-589.9429	-606.4884	0.7116987
1549.14	-589.8328	-606.4898	0.7116121
1549.15	-589.7226	-606.4912	0.7115246
1549.16	-589.6124	-606.4926	0.711436
1549.17	-589.5023	-606.494	0.7113465
1549.18	-589.3921	-606.4954	0.7112561
1549.19	-589.2819	-606.4966	0.711165
1549.2	-589.1718	-606.4979	0.711073
1549.21	-589.0616	-606.4992	0.7109803
1549.22	-588.9514	-606.5004	0.7108869
1549.23	-588.8412	-606.5017	0.7107929
1549.24	-588.7311	-606.5029	0.7106982
1549.25	-588.6209	-606.504	0.7106031
1549.26	-588.5107	-606.5052	0.7105073
1549.27	-588.4006	-606.5063	0.7104109
1549.28	-588.2904	-606.5074	0.7103142
1549.29	-588.1802	-606.5085	0.710217
1549.3	-588.0701	-606.5095	0.7101193
1549.31	-587.9599	-606.5105	0.7100213
1549.32	-587.8497	-606.5115	0.7099229
1549.33	-587.7396	-606.5125	0.709824
1549.34	-587.6294	-606.5134	0.709725
1549.35	-587.5192	-606.5144	0.7096255
1549.36	-587.4091	-606.5153	0.7095257
1549.37	-587.2989	-606.5161	0.7094257
1549.38	-587.1887	-606.517	0.7093254
1549.39	-587.0785	-606.5178	0.7092248
1549.4	-586.9683	-606.5185	0.709124
1549.41	-586.8581	-606.5193	0.7090231
1549.42	-586.7479	-606.52	0.7089217
1549.43	-586.6377	-606.5207	0.7088203
1549.44	-586.5275	-606.5214	0.7087187
1549.45	-586.4172	-606.522	0.7086169
1549.46	-586.3071	-606.5226	0.7085149
1549.47	-586.1968	-606.5233	0.7084128
1549.48	-586.0866	-606.5238	0.7083104
1549.49	-585.9764	-606.5243	0.7082079
1549.5	-585.8661	-606.5248	0.7081054
1549.51	-585.7559	-606.5253	0.7080026
1549.52	-585.6457	-606.5257	0.7078998
1549.53	-585.5355	-606.5261	0.7077969
1549.54	-585.4252	-606.5265	0.7076938
1549.55	-585.315	-606.5268	0.7075906
1549.56	-585.2048	-606.5272	0.7074873
1549.57	-585.0945	-606.5274	0.7073839
1549.58	-584.9843	-606.5276	0.7072805
1549.59	-584.8741	-606.5278	0.7071769
1549.6	-584.7639	-606.5281	0.7070733
1549.61	-584.6536	-606.5282	0.7069696
1549.62	-584.5434	-606.5283	0.7068658
1549.63	-584.4331	-606.5284	0.706762
1549.64	-584.3228	-606.5285	0.706658
1549.65	-584.2126	-606.5285	0.7065541
1549.66	-584.1024	-606.5286	0.70645
1549.67	-583.9921	-606.5285	0.7063459
1549.68	-583.8818	-606.5284	0.7062417
1549.69	-583.7715	-606.5284	0.7061375
1549.7	-583.6612	-606.5283	0.7060334
1549.71	-583.5509	-606.5281	0.7059291
1549.72	-583.4406	-606.528	0.7058249
1549.73	-583.3303	-606.5277	0.7057207
1549.74	-583.22	-606.5275	0.7056165
1549.75	-583.1097	-606.5272	0.7055128
1549.76	-582.9995	-606.5269	0.7054096
1549.77	-582.8892	-606.5266	0.7053068
1549.78	-582.7789	-606.5262	0.7052045
1549.79	-582.6686	-606.5258	0.7051026
1549.8	-582.5583	-606.5254	0.7050018
1549.81	-582.448	-606.5249	0.7049023
1549.82	-582.3377	-606.5245	0.7048037
1549.83	-582.2274	-606.5239	0.7047062
1549.84	-582.1171	-606.5234	0.7046096
1549.85	-582.0068	-606.5228	0.7045149
1549.86	-581.8965	-606.5222	0.7044221
1549.87	-581.7861	-606.5217	0.704331
1549.88	-581.6758	-606.521	0.7042415
1549.89	-581.5654	-606.5203	0.7041535
1549.9	-581.4551	-606.5197	0.7040684
1549.91	-581.3447	-606.5189	0.703986
1549.92	-581.2344	-606.5182	0.7039061
1549.93	-581.124	-606.5175	0.7038285
1549.94	-581.0137	-606.5167	0.7037531
1549.95	-580.9033	-606.5159	0.7036814
1549.96	-580.793	-606.5151	0.7036132
1549.97	-580.6826	-606.5143	0.7035482
1549.98	-580.5723	-606.5135	0.7034862
1549.99	-580.4619	-606.5126	0.7034271
1550	-580.3516	-606.5117	0.7033716
1550.01	-580.2412	-606.5109	0.7033196
1550.02	-580.1309	-606.51	0.7032708
1550.03	-580.0204	-606.509	0.703225
1550.04	-579.91	-606.5081	0.7031821
1550.05	-579.7997	-606.5072	0.7031421
1550.06	-579.6893	-606.5063	0.703105
1550.07	-579.5789	-606.5052	0.7030705
1550.08	-579.4684	-606.5043	0.7030386
1550.09	-579.358	-606.5033	0.7030089
1550.1	-579.2476	-606.5023	0.7029814
1550.11	-579.1372	-606.5013	0.702956
1550.12	-579.0268	-606.5002	0.7029327
1550.13	-578.9164	-606.4991	0.702911
1550.14	-578.806	-606.4981	0.7028912
1550.15	-578.6956	-606.4971	0.7028729
1550.16	-578.5851	-606.496	0.7028562
1550.17	-578.4747	-606.4949	0.7028409
1550.18	-578.3643	-606.4938	0.702827
1550.19	-578.2538	-606.4927	0.7028143
1550.2	-578.1434	-606.4916	0.7028028
1550.21	-578.033	-606.4904	0.7027925
1550.22	-577.9225	-606.4893	0.7027833
1550.23	-577.8121	-606.4881	0.7027752
1550.24	-577.7016	-606.4869	0.7027681
1550.25	-577.5912	-606.4858	0.702762
1550.26	-577.4807	-606.4846	0.7027571
1550.27	-577.3702	-606.4835	0.702753
1550.28	-577.2598	-606.4823	0.7027498
1550.29	-577.1493	-606.4811	0.7027475
1550.3	-577.0388	-606.4799	0.7027461
1550.31	-576.9283	-606.4786	0.7027455
1550.32	-576.8179	-606.4774	0.7027457
1550.33	-576.7074	-606.4762	0.7027466
1550.34	-576.5969	-606.475	0.7027483
1550.35	-576.4865	-606.4738	0.7027506
1550.36	-576.376	-606.4725	0.7027534
1550.37	-576.2655	-606.4713	0.7027569
1550.38	-576.155	-606.4701	0.7027609
1550.39	-576.0444	-606.4689	0.7027655
1550.4	-575.934	-606.4677	0.7027706
1550.41	-575.8235	-606.4664	0.7027761
1550.42	-575.713	-606.4651	0.702782
1550.43	-575.6024	-606.4639	0.7027883
1550.44	-575.4919	-606.4626	0.702795
1550.45	-575.3813	-606.4614	0.7028021
1550.46	-575.2708	-606.4601	0.7028094
1550.47	-575.1603	-606.4588	0.7028172
1550.48	-575.0497	-606.4575	0.7028251
1550.49	-574.9392	-606.4562	0.7028334
1550.5	-574.8287	-606.455	0.7028419
1550.51	-574.7181	-606.4537	0.7028507
1550.52	-574.6076	-606.4524	0.7028597
1550.53	-574.4971	-606.4511	0.7028688
1550.54	-574.3865	-606.4498	0.7028782
1550.55	-574.2759	-606.4485	0.7028874
1550.56	-574.1654	-606.4473	0.7028967
1550.57	-574.0549	-606.446	0.7029057
1550.58	-573.9443	-606.4447	0.7029148
1550.59	-573.8337	-606.4434	0.7029238
1550.6	-573.7231	-606.4421	0.7029322
1550.61	-573.6125	-606.4409	0.7029401
1550.62	-573.502	-606.4396	0.7029476
1550.63	-573.3914	-606.4384	0.7029546
1550.64	-573.2808	-606.4371	0.7029611
1550.65	-573.1702	-606.4358	0.7029667
1550.66	-573.0596	-606.4345	0.7029714
1550.67	-572.949	-606.4332	0.7029752
1550.68	-572.8384	-606.4319	0.7029781
1550.69	-572.7278	-606.4307	0.7029803
1550.7	-572.6172	-606.4294	0.7029816
1550.71	-572.5066	-606.4281	0.7029819
1550.72	-572.396	-606.4268	0.7029813
1550.73	-572.2854	-606.4255	0.70298
1550.74	-572.1747	-606.4243	0.7029779
1550.75	-572.0641	-606.423	0.702975
1550.76	-571.9535	-606.4217	0.7029716
1550.77	-571.8428	-606.4204	0.7029675
1550.78	-571.7322	-606.4191	0.7029628
1550.79	-571.6215	-606.4178	0.7029575
1550.8	-571.5109	-606.4165	0.7029517
1550.81	-571.4002	-606.4151	0.7029455
1550.82	-571.2896	-606.4138	0.702939
1550.83	-571.1789	-606.4124	0.7029321
1550.84	-571.0682	-606.4111	0.7029248
1550.85	-570.9576	-606.4097	0.7029181
1550.86	-570.8469	-606.4084	0.7029117
1550.87	-570.7363	-606.407	0.7029056
1550.88	-570.6256	-606.4057	0.7029
1550.89	-570.515	-606.4044	0.7028946
1550.9	-570.4043	-606.403	0.7028909
1550.91	-570.2936	-606.4017	0.7028888
1550.92	-570.183	-606.4005	0.7028883
1550.93	-570.0723	-606.3992	0.7028891
1550.94	-569.9615	-606.3979	0.7028913
1550.95	-569.8509	-606.3966	0.7028967
1550.96	-569.7402	-606.3953	0.7029049
1550.97	-569.6295	-606.394	0.702916
1550.98	-569.5187	-606.3928	0.7029299
1550.99	-569.408	-606.3915	0.702946
1551	-569.2973	-606.3903	0.702966
1551.01	-569.1866	-606.3891	0.7029896
1551.02	-569.0759	-606.3879	0.7030165
1551.03	-568.9651	-606.3867	0.7030465
1551.04	-568.8544	-606.3854	0.7030794
1551.05	-568.7437	-606.3843	0.7031159
1551.06	-568.633	-606.3832	0.7031556
1551.07	-568.5223	-606.382	0.7031984
1551.08	-568.4116	-606.3809	0.7032441
1551.09	-568.3008	-606.3798	0.7032925
1551.1	-568.1901	-606.3787	0.7033435
1551.11	-568.0793	-606.3776	0.7033968
1551.12	-567.9686	-606.3765	0.7034525
1551.13	-567.8578	-606.3754	0.7035102
1551.14	-567.747	-606.3744	0.70357
1551.15	-567.6362	-606.3734	0.7036318
1551.16	-567.5255	-606.3723	0.7036951
1551.17	-567.4147	-606.3713	0.7037603
1551.18	-567.3039	-606.3703	0.7038268
1551.19	-567.1931	-606.3694	0.703895
1551.2	-567.0823	-606.3684	0.7039645
1551.21	-566.9716	-606.3675	0.7040352
1551.22	-566.8608	-606.3665	0.7041073
1551.23	-566.75	-606.3657	0.7041804
1551.24	-566.6392	-606.3647	0.7042546
1551.25	-566.5284	-606.3639	0.7043299
1551.26	-566.4176	-606.363	0.7044061
1551.27	-566.3068	-606.3622	0.7044832
1551.28	-566.196	-606.3614	0.7045611
1551.29	-566.0851	-606.3606	0.7046398
1551.3	-565.9744	-606.3598	0.7047191
1551.31	-565.8635	-606.3591	0.7047989
1551.32	-565.7527	-606.3583	0.7048793
1551.33	-565.6418	-606.3576	0.7049602
1551.34	-565.531	-606.3569	0.7050415
1551.35	-565.4202	-606.3562	0.7051234
1551.36	-565.3093	-606.3555	0.705205
1551.37	-565.1985	-606.3549	0.7052867
1551.38	-565.0876	-606.3542	0.7053684
1551.39	-564.9768	-606.3537	0.7054499
1551.4	-564.866	-606.3531	0.7055309
1551.41	-564.7551	-606.3525	0.7056112
1551.42	-564.6443	-606.352	0.705691
1551.43	-564.5334	-606.3514	0.7057703
1551.44	-564.4225	-606.351	0.7058491
1551.45	-564.3116	-606.3504	0.7059273
1551.46	-564.2008	-606.35	0.7060043
1551.47	-564.0899	-606.3495	0.7060801
1551.48	-563.979	-606.3491	0.7061548
1551.49	-563.8681	-606.3486	0.7062284
1551.5	-563.7572	-606.3483	0.7063008
1551.51	-563.6463	-606.3478	0.706372
1551.52	-563.5354	-606.3475	0.7064422
1551.53	-563.4245	-606.3472	0.7065113
1551.54	-563.3136	-606.3468	0.7065794
1551.55	-563.2027	-606.3465	0.7066467
1551.56	-563.0918	-606.3462	0.7067131
1551.57	-562.9809	-606.3459	0.7067788
1551.58	-562.87	-606.3456	0.7068436
1551.59	-562.759	-606.3455	0.7069078
1551.6	-562.6481	-606.3452	0.7069713
1551.61	-562.5372	-606.345	0.7070342
1551.62	-562.4263	-606.3448	0.7070965
1551.63	-562.3153	-606.3447	0.7071581
1551.64	-562.2043	-606.3445	0.7072194
1551.65	-562.0934	-606.3444	0.70728
1551.66	-561.9824	-606.3444	0.7073402
1551.67	-561.8715	-606.3442	0.7074
1551.68	-561.7605	-606.3442	0.7074593
1551.69	-561.6495	-606.3442	0.7075183
1551.7	-561.5386	-606.3441	0.7075769
1551.71	-561.4276	-606.3441	0.7076351
1551.72	-561.3167	-606.3442	0.707693
1551.73	-561.2057	-606.3442	0.7077506
1551.74	-561.0947	-606.3442	0.707808
1551.75	-560.9836	-606.3443	0.707865
1551.76	-560.8727	-606.3444	0.7079214
1551.77	-560.7617	-606.3445	0.7079775
1551.78	-560.6507	-606.3446	0.7080329
1551.79	-560.5397	-606.3448	0.708088
1551.8	-560.4286	-606.3449	0.7081425
1551.81	-560.3176	-606.345	0.7081957
1551.82	-560.2066	-606.3453	0.7082477
1551.83	-560.0956	-606.3455	0.7082984
1551.84	-559.9846	-606.3456	0.708348
1551.85	-559.8735	-606.3459	0.7083955
1551.86	-559.7625	-606.3461	0.7084411
1551.87	-559.6515	-606.3464	0.7084848
1551.88	-559.5405	-606.3466	0.708527
1551.89	-559.4294	-606.3469	0.7085675
1551.9	-559.3184	-606.3472	0.7086053
1551.91	-559.2074	-606.3475	0.7086408
1551.92	-559.0964	-606.3478	0.708674
1551.93	-558.9853	-606.3481	0.7087051
1551.94	-558.8742	-606.3484	0.7087342
1551.95	-558.7632	-606.3488	0.7087606
1551.96	-558.6521	-606.3491	0.7087847
1551.97	-558.541	-606.3494	0.7088066
1551.98	-558.4299	-606.3497	0.7088263
1551.99	-558.3188	-606.3502	0.708844
1552	-558.2078	-606.3505	0.7088599
1552.01	-558.0967	-606.3509	0.7088739
1552.02	-557.9856	-606.3513	0.7088861
1552.03	-557.8745	-606.3516	0.7088969
1552.04	-557.7634	-606.352	0.7089062
1552.05	-557.6523	-606.3524	0.7089139
1552.06	-557.5413	-606.3528	0.7089204
1552.07	-557.4302	-606.3532	0.7089257
1552.08	-557.3191	-606.3536	0.7089298
1552.09	-557.2079	-606.3541	0.7089328
1552.1	-557.0969	-606.3545	0.7089347
1552.11	-556.9858	-606.3549	0.7089357
1552.12	-556.8746	-606.3553	0.7089358
1552.13	-556.7635	-606.3558	0.708935
1552.14	-556.6523	-606.3562	0.7089334
1552.15	-556.5412	-606.3566	0.708931
1552.16	-556.4301	-606.3571	0.7089279
1552.17	-556.3189	-606.3575	0.7089242
1552.18	-556.2078	-606.358	0.7089198
1552.19	-556.0966	-606.3585	0.7089148
1552.2	-555.9855	-606.3589	0.7089092
1552.21	-555.8743	-606.3594	0.7089032
1552.22	-555.7632	-606.3599	0.7088966
1552.23	-555.652	-606.3604	0.7088895
1552.24	-555.5408	-606.3609	0.7088821
1552.25	-555.4297	-606.3614	0.7088742
1552.26	-555.3185	-606.3619	0.7088659
1552.27	-555.2073	-606.3624	0.7088572
1552.28	-555.0961	-606.3629	0.7088482
1552.29	-554.9849	-606.3633	0.7088389
1552.3	-554.8737	-606.3638	0.7088292
1552.31	-554.7625	-606.3643	0.7088193
1552.32	-554.6513	-606.3647	0.7088091
1552.33	-554.5401	-606.3652	0.7087986
1552.34	-554.4289	-606.3657	0.7087879
1552.35	-554.3177	-606.3662	0.708777
1552.36	-554.2065	-606.3667	0.7087659
1552.37	-554.0953	-606.3672	0.7087545
1552.38	-553.9841	-606.3677	0.708743
1552.39	-553.8728	-606.3682	0.7087314
1552.4	-553.7615	-606.3687	0.7087194
1552.41	-553.6503	-606.3691	0.7087075
1552.42	-553.5391	-606.3696	0.7086952
1552.43	-553.4279	-606.3701	0.708683
1552.44	-553.3166	-606.3705	0.7086704
1552.45	-553.2054	-606.371	0.7086579
1552.46	-553.0941	-606.3715	0.7086451
1552.47	-552.9828	-606.372	0.7086323
1552.48	-552.8716	-606.3725	0.7086194
1552.49	-552.7603	-606.373	0.7086064
1552.5	-552.649	-606.3735	0.7085932
1552.51	-552.5378	-606.374	0.7085801
1552.52	-552.4265	-606.3745	0.7085668
1552.53	-552.3152	-606.3749	0.7085534
1552.54	-552.204	-606.3754	0.70854
1552.55	-552.0927	-606.3757	0.7085264
1552.56	-551.9814	-606.3762	0.7085128
1552.57	-551.8701	-606.3766	0.7084993
1552.58	-551.7588	-606.377	0.7084855
1552.59	-551.6475	-606.3774	0.7084718
1552.6	-551.5361	-606.3779	0.708458
1552.61	-551.4248	-606.3783	0.7084441
1552.62	-551.3135	-606.3787	0.7084303
1552.63	-551.2021	-606.3792	0.7084163
1552.64	-551.0908	-606.3796	0.7084023
1552.65	-550.9795	-606.38	0.7083883
1552.66	-550.8682	-606.3804	0.7083743
1552.67	-550.7568	-606.3808	0.7083602
1552.68	-550.6455	-606.3812	0.7083461
1552.69	-550.5342	-606.3817	0.7083319
1552.7	-550.4229	-606.3821	0.7083178
1552.71	-550.3115	-606.3825	0.7083036
1552.72	-550.2002	-606.3829	0.7082893
1552.73	-550.0888	-606.3833	0.7082751
1552.74	-549.9774	-606.3837	0.7082608
1552.75	-549.8661	-606.384	0.7082465
1552.76	-549.7548	-606.3843	0.7082322
1552.77	-549.6434	-606.3847	0.7082178
1552.78	-549.532	-606.3851	0.7082034
1552.79	-549.4206	-606.3854	0.7081891
1552.8	-549.3092	-606.3858	0.7081746
1552.81	-549.1978	-606.3862	0.7081602
1552.82	-549.0864	-606.3865	0.7081458
1552.83	-548.975	-606.3869	0.7081314
1552.84	-548.8636	-606.3873	0.708117
1552.85	-548.7523	-606.3876	0.7081025
1552.86	-548.6409	-606.388	0.708088
1552.87	-548.5295	-606.3883	0.7080736
1552.88	-548.4181	-606.3886	0.708059
1552.89	-548.3066	-606.3889	0.7080445
1552.9	-548.1953	-606.3892	0.70803
1552.91	-548.0839	-606.3895	0.7080155
1552.92	-547.9725	-606.3898	0.708001
1552.93	-547.861	-606.3901	0.7079865
1552.94	-547.7496	-606.3904	0.707972
1552.95	-547.6382	-606.3907	0.7079574
1552.96	-547.5268	-606.3911	0.7079429
1552.97	-547.4154	-606.3913	0.7079284
1552.98	-547.304	-606.3916	0.7079138
1552.99	-547.1926	-606.3919	0.7078993
1553	-547.0812	-606.3922	0.7078847
1553.01	-546.9698	-606.3925	0.7078702
1553.02	-546.8585	-606.3928	0.7078558
1553.03	-546.7471	-606.3931	0.7078413
1553.04	-546.6357	-606.3933	0.7078268
1553.05	-546.5244	-606.3936	0.7078124
1553.06	-546.413	-606.3938	0.7077979
1553.07	-546.3017	-606.394	0.7077835
1553.08	-546.1904	-606.3942	0.707769
1553.09	-546.0791	-606.3945	0.7077547
1553.1	-545.9678	-606.3947	0.7077402
1553.11	-545.8566	-606.395	0.7077259
1553.12	-545.7454	-606.3952	0.7077115
1553.13	-545.6342	-606.3954	0.7076972
1553.14	-545.5229	-606.3957	0.7076828
1553.15	-545.4117	-606.3959	0.7076685
1553.16	-545.3006	-606.3961	0.7076542
1553.17	-545.1895	-606.3963	0.7076399
1553.18	-545.0783	-606.3964	0.7076255
1553.19	-544.9672	-606.3966	0.7076111
1553.2	-544.8561	-606.3968	0.7075969
1553.21	-544.745	-606.397	0.7075826
1553.22	-544.6339	-606.3972	0.7075682
1553.23	-544.5228	-606.3973	0.707554
1553.24	-544.4117	-606.3975	0.7075397
1553.25	-544.3007	-606.3977	0.7075254
1553.26	-544.1896	-606.3979	0.7075111
1553.27	-544.0786	-606.3981	0.7074968
1553.28	-543.9676	-606.3982	0.7074826
1553.29	-543.8566	-606.3984	0.7074683
1553.3	-543.7456	-606.3985	0.7074541
1553.31	-543.6346	-606.3986	0.7074398
1553.32	-543.5237	-606.3987	0.7074256
1553.33	-543.4127	-606.3989	0.7074113
1553.34	-543.3018	-606.399	0.7073971
1553.35	-543.1908	-606.3991	0.7073829
1553.36	-543.0799	-606.3992	0.7073687
1553.37	-542.969	-606.3994	0.7073544
1553.38	-542.8581	-606.3995	0.7073402
1553.39	-542.7472	-606.3995	0.7073259
1553.4	-542.6364	-606.3997	0.7073116
1553.41	-542.5255	-606.3998	0.7072974
1553.42	-542.4147	-606.3999	0.7072832
1553.43	-542.3038	-606.4	0.707269
1553.44	-542.193	-606.4	0.7072548
1553.45	-542.0822	-606.4001	0.7072406
1553.46	-541.9714	-606.4001	0.7072265
1553.47	-541.8607	-606.4002	0.7072123
1553.48	-541.7499	-606.4003	0.7071981
1553.49	-541.6392	-606.4003	0.7071838
1553.5	-541.5285	-606.4003	0.7071697
1553.51	-541.4178	-606.4004	0.7071555
1553.52	-541.3071	-606.4005	0.7071413
1553.53	-541.1965	-606.4005	0.707127
1553.54	-541.0858	-606.4006	0.7071128
1553.55	-540.9752	-606.4006	0.7070987
1553.56	-540.8646	-606.4007	0.7070845
1553.57	-540.754	-606.4007	0.7070704
1553.58	-540.6434	-606.4007	0.7070561
1553.59	-540.5328	-606.4007	0.7070419
1553.6	-540.4222	-606.4006	0.7070277
1553.61	-540.3116	-606.4006	0.7070135
1553.62	-540.2011	-606.4006	0.7069994
1553.63	-540.0906	-606.4006	0.7069852
1553.64	-539.98	-606.4006	0.706971
1553.65	-539.8696	-606.4006	0.7069568
1553.66	-539.7591	-606.4006	0.7069427
1553.67	-539.6486	-606.4006	0.7069285
1553.68	-539.5381	-606.4006	0.7069144
1553.69	-539.4277	-606.4006	0.7069002
1553.7	-539.3173	-606.4006	0.7068861
1553.71	-539.2068	-606.4005	0.7068719
1553.72	-539.0964	-606.4005	0.7068578
1553.73	-538.986	-606.4004	0.7068436
1553.74	-538.8756	-606.4003	0.7068295
1553.75	-538.7653	-606.4003	0.7068154
1553.76	-538.6549	-606.4002	0.7068012
1553.77	-538.5446	-606.4001	0.7067871
1553.78	-538.4342	-606.4001	0.706773
1553.79	-538.3239	-606.4	0.7067589
1553.8	-538.2135	-606.4	0.7067447
1553.81	-538.1032	-606.3999	0.7067305
1553.82	-537.9929	-606.3998	0.7067164
1553.83	-537.8826	-606.3997	0.7067022
1553.84	-537.7723	-606.3997	0.7066881
1553.85	-537.6621	-606.3995	0.706674
1553.86	-537.5519	-606.3994	0.7066599
1553.87	-537.4417	-606.3993	0.7066457
1553.88	-537.3314	-606.3992	0.7066316
1553.89	-537.2213	-606.399	0.7066174
1553.9	-537.1111	-606.3989	0.7066033
1553.91	-537.0009	-606.3988	0.7065892
1553.92	-536.8907	-606.3986	0.706575
1553.93	-536.7806	-606.3985	0.7065609
1553.94	-536.6705	-606.3984	0.7065468
1553.95	-536.5604	-606.3983	0.7065327
1553.96	-536.4503	-606.3981	0.7065185
1553.97	-536.3403	-606.398	0.7065045
1553.98	-536.2302	-606.3978	0.7064904
1553.99	-536.1202	-606.3976	0.7064762
1554	-536.0102	-606.3975	0.7064621
1554.01	-535.9002	-606.3973	0.706448
1554.02	-535.7902	-606.3971	0.7064339
1554.03	-535.6802	-606.3969	0.7064198
1554.04	-535.5703	-606.3967	0.7064056
1554.05	-535.4603	-606.3965	0.7063916
1554.06	-535.3504	-606.3963	0.7063774
1554.07	-535.2405	-606.3961	0.7063633
1554.08	-535.1306	-606.3959	0.7063493
1554.09	-535.0206	-606.3958	0.7063352
1554.1	-534.9108	-606.3956	0.7063211
1554.11	-534.8009	-606.3954	0.706307
1554.12	-534.691	-606.3951	0.7062929
1554.13	-534.5812	-606.3949	0.7062788
1554.14	-534.4713	-606.3946	0.7062647
1554.15	-534.3615	-606.3943	0.7062506
1554.16	-534.2517	-606.3941	0.7062365
1554.17	-534.1419	-606.3939	0.7062225
1554.18	-534.0321	-606.3936	0.7062083
1554.19	-533.9223	-606.3934	0.7061943
1554.2	-533.8126	-606.3931	0.7061803
1554.21	-533.7028	-606.3929	0.7061662
1554.22	-533.5931	-606.3926	0.7061521
1554.23	-533.4833	-606.3924	0.706138
1554.24	-533.3736	-606.3921	0.706124
1554.25	-533.2639	-606.3918	0.7061099
1554.26	-533.1542	-606.3915	0.7060958
1554.27	-533.0446	-606.3912	0.7060818
1554.28	-532.9349	-606.3909	0.7060677
1554.29	-532.8253	-606.3906	0.7060537
1554.3	-532.7156	-606.3903	0.7060396
1554.31	-532.606	-606.39	0.7060256
1554.32	-532.4964	-606.3897	0.7060115
1554.33	-532.3868	-606.3894	0.7059974
1554.34	-532.2773	-606.3891	0.7059833
1554.35	-532.1677	-606.3887	0.7059693
1554.36	-532.0582	-606.3884	0.7059552
1554.37	-531.9487	-606.3881	0.7059411
1554.38	-531.8392	-606.3878	0.7059271
1554.39	-531.7297	-606.3875	0.705913
1554.4	-531.6202	-606.3871	0.705899
1554.41	-531.5107	-606.3868	0.7058851
1554.42	-531.4013	-606.3864	0.7058711
1554.43	-531.2919	-606.386	0.7058572
1554.44	-531.1824	-606.3857	0.7058434
1554.45	-531.073	-606.3853	0.7058296
1554.46	-530.9636	-606.3849	0.7058164
1554.47	-530.8542	-606.3845	0.7058039
1554.48	-530.7449	-606.3842	0.7057921
1554.49	-530.6355	-606.3838	0.7057807
1554.5	-530.5261	-606.3834	0.70577
1554.51	-530.4168	-606.3831	0.705761
1554.52	-530.3075	-606.3827	0.7057535
1554.53	-530.1982	-606.3823	0.7057476
1554.54	-530.0889	-606.382	0.7057432
1554.55	-529.9796	-606.3816	0.7057415
1554.56	-529.8702	-606.3812	0.7057427
1554.57	-529.7609	-606.3809	0.7057464
1554.58	-529.6516	-606.3805	0.7057525
1554.59	-529.5423	-606.3801	0.7057608
1554.6	-529.4329	-606.3798	0.7057713
1554.61	-529.3236	-606.3795	0.705786
1554.62	-529.2143	-606.3792	0.7058045
1554.63	-529.105	-606.3789	0.7058268
1554.64	-528.9956	-606.3786	0.7058524
1554.65	-528.8863	-606.3783	0.7058824
1554.66	-528.7769	-606.378	0.7059166
1554.67	-528.6675	-606.3777	0.7059547
1554.68	-528.5582	-606.3776	0.7059963
1554.69	-528.4488	-606.3773	0.7060415
1554.7	-528.3394	-606.3771	0.7060901
1554.71	-528.23	-606.377	0.7061422
1554.72	-528.1205	-606.3768	0.7061974
1554.73	-528.011	-606.3766	0.7062556
1554.74	-527.9016	-606.3765	0.7063166
1554.75	-527.7921	-606.3763	0.7063801
1554.76	-527.6825	-606.3762	0.7064462
1554.77	-527.5729	-606.3761	0.7065145
1554.78	-527.4633	-606.376	0.706585
1554.79	-527.3537	-606.3759	0.7066576
1554.8	-527.2441	-606.3759	0.7067321
1554.81	-527.1344	-606.3759	0.7068084
1554.82	-527.0247	-606.3759	0.7068864
1554.83	-526.9149	-606.3759	0.706966
1554.84	-526.8051	-606.3759	0.707047
1554.85	-526.6953	-606.3759	0.7071295
1554.86	-526.5855	-606.376	0.7072133
1554.87	-526.4756	-606.376	0.7072983
1554.88	-526.3657	-606.3762	0.7073846
1554.89	-526.2558	-606.3762	0.7074719
1554.9	-526.1459	-606.3764	0.7075601
1554.91	-526.0359	-606.3766	0.7076493
1554.92	-525.9258	-606.3767	0.7077393
1554.93	-525.8158	-606.377	0.7078301
1554.94	-525.7057	-606.3771	0.7079216
1554.95	-525.5956	-606.3774	0.7080135
1554.96	-525.4854	-606.3777	0.7081057
1554.97	-525.3752	-606.3779	0.7081981
1554.98	-525.265	-606.3782	0.7082907
1554.99	-525.1547	-606.3785	0.7083837
1555	-525.0444	-606.3789	0.708476
1555.01	-524.934	-606.3793	0.7085679
1555.02	-524.8236	-606.3796	0.7086593
1555.03	-524.7132	-606.3801	0.7087502
1555.04	-524.6027	-606.3806	0.7088408
1555.05	-524.4922	-606.381	0.7089295
1555.06	-524.3817	-606.3815	0.7090167
1555.07	-524.2711	-606.3819	0.7091025
1555.08	-524.1605	-606.3824	0.7091867
1555.09	-524.0499	-606.3829	0.7092696
1555.1	-523.9391	-606.3835	0.7093513
1555.11	-523.8284	-606.384	0.7094302
1555.12	-523.7177	-606.3846	0.7095063
1555.13	-523.6069	-606.3852	0.70958
1555.14	-523.496	-606.3859	0.7096514
1555.15	-523.3852	-606.3865	0.7097199
1555.16	-523.2743	-606.3871	0.7097858
1555.17	-523.1633	-606.3878	0.7098492
1555.18	-523.0523	-606.3885	0.7099103
1555.19	-522.9413	-606.3892	0.7099691
1555.2	-522.8303	-606.3898	0.7100258
1555.21	-522.7192	-606.3906	0.7100806
1555.22	-522.608	-606.3913	0.7101335
1555.23	-522.4968	-606.392	0.7101847
1555.24	-522.3856	-606.3928	0.7102341
1555.25	-522.2744	-606.3936	0.7102821
1555.26	-522.1631	-606.3944	0.7103286
1555.27	-522.0518	-606.3953	0.7103738
1555.28	-521.9404	-606.3961	0.7104176
1555.29	-521.8289	-606.3969	0.7104603
1555.3	-521.7175	-606.3978	0.7105018
1555.31	-521.606	-606.3987	0.7105423
1555.32	-521.4944	-606.3995	0.7105818
1555.33	-521.3829	-606.4005	0.7106203
1555.34	-521.2712	-606.4014	0.710658
1555.35	-521.1595	-606.4023	0.7106948
1555.36	-521.0479	-606.4033	0.7107309
1555.37	-520.9361	-606.4042	0.7107662
1555.38	-520.8243	-606.4053	0.7108009
1555.39	-520.7125	-606.4063	0.7108349
1555.4	-520.6006	-606.4072	0.7108683
1555.41	-520.4887	-606.4083	0.7109011
1555.42	-520.3768	-606.4093	0.7109333
1555.43	-520.2648	-606.4104	0.710965
1555.44	-520.1527	-606.4114	0.710996
1555.45	-520.0406	-606.4125	0.7110264
1555.46	-519.9285	-606.4136	0.7110561
1555.47	-519.8163	-606.4147	0.711085
1555.48	-519.7041	-606.4159	0.7111135
1555.49	-519.5919	-606.417	0.7111412
1555.5	-519.4796	-606.4182	0.7111675
1555.51	-519.3672	-606.4193	0.7111925
1555.52	-519.2548	-606.4205	0.7112164
1555.53	-519.1424	-606.4216	0.7112391
1555.54	-519.0299	-606.4229	0.7112607
1555.55	-518.9174	-606.424	0.7112799
1555.56	-518.8049	-606.4252	0.7112966
1555.57	-518.6923	-606.4263	0.7113112
1555.58	-518.5796	-606.4275	0.7113236
1555.59	-518.4669	-606.4287	0.7113341
1555.6	-518.3541	-606.4299	0.7113428
1555.61	-518.2413	-606.4312	0.7113479
1555.62	-518.1284	-606.4324	0.7113497
1555.63	-518.0155	-606.4336	0.7113484
1555.64	-517.9025	-606.4348	0.7113442
1555.65	-517.7896	-606.436	0.7113364
1555.66	-517.6765	-606.4373	0.7113253
1555.67	-517.5634	-606.4385	0.711311
1555.68	-517.4503	-606.4396	0.7112938
1555.69	-517.337	-606.4408	0.7112738
1555.7	-517.2238	-606.442	0.7112511
1555.71	-517.1105	-606.4431	0.7112258
1555.72	-516.9972	-606.4442	0.711198
1555.73	-516.8838	-606.4454	0.711168
1555.74	-516.7703	-606.4465	0.7111359
1555.75	-516.6569	-606.4477	0.7111017
1555.76	-516.5433	-606.4488	0.7110656
1555.77	-516.4297	-606.45	0.7110276
1555.78	-516.3161	-606.4511	0.710988
1555.79	-516.2024	-606.4523	0.7109467
1555.8	-516.0887	-606.4534	0.7109039
1555.81	-515.9749	-606.4545	0.7108597
1555.82	-515.8611	-606.4556	0.7108142
1555.83	-515.7472	-606.4567	0.7107673
1555.84	-515.6332	-606.4578	0.7107193
1555.85	-515.5193	-606.4589	0.7106701
1555.86	-515.4053	-606.4599	0.7106198
1555.87	-515.2912	-606.461	0.7105685
1555.88	-515.1771	-606.4621	0.7105163
1555.89	-515.0629	-606.4631	0.7104632
1555.9	-514.9487	-606.4641	0.7104092
1555.91	-514.8344	-606.4651	0.7103545
1555.92	-514.7201	-606.4661	0.710299
1555.93	-514.6057	-606.4672	0.7102427
1555.94	-514.4913	-606.4681	0.7101858
1555.95	-514.3768	-606.4691	0.7101282
1555.96	-514.2623	-606.4701	0.7100701
1555.97	-514.1478	-606.471	0.7100114
1555.98	-514.0331	-606.472	0.7099521
1555.99	-513.9185	-606.473	0.7098924
1556	-513.8038	-606.4738	0.7098321
1556.01	-513.6891	-606.4747	0.7097714
1556.02	-513.5743	-606.4756	0.7097102
1556.03	-513.4594	-606.4765	0.7096487
1556.04	-513.3445	-606.4774	0.7095867
1556.05	-513.2296	-606.4782	0.7095244
1556.06	-513.1146	-606.4791	0.7094618
1556.07	-512.9996	-606.4799	0.7093988
1556.08	-512.8845	-606.4807	0.7093356
1556.09	-512.7694	-606.4814	0.709272
1556.1	-512.6542	-606.4822	0.7092081
1556.11	-512.539	-606.483	0.709144
1556.12	-512.4238	-606.4837	0.7090796
1556.13	-512.3085	-606.4844	0.709015
1556.14	-512.1931	-606.4851	0.7089501
1556.15	-512.0777	-606.4858	0.7088851
1556.16	-511.9622	-606.4865	0.7088198
1556.17	-511.8467	-606.4871	0.7087544
1556.18	-511.7312	-606.4878	0.7086887
1556.19	-511.6156	-606.4883	0.7086229
1556.2	-511.4999	-606.489	0.708557
1556.21	-511.3842	-606.4895	0.7084908
1556.22	-511.2685	-606.4901	0.7084245
1556.23	-511.1527	-606.4906	0.708358
1556.24	-511.0369	-606.4911	0.7082914
1556.25	-510.921	-606.4916	0.7082248
1556.26	-510.8051	-606.4921	0.7081579
1556.27	-510.6891	-606.4926	0.708091
1556.28	-510.5731	-606.493	0.7080238
1556.29	-510.457	-606.4935	0.7079567
1556.3	-510.3409	-606.4938	0.7078894
1556.31	-510.2247	-606.4943	0.707822
1556.32	-510.1085	-606.4946	0.7077545
1556.33	-509.9922	-606.4949	0.707687
1556.34	-509.8759	-606.4952	0.7076192
1556.35	-509.7596	-606.4955	0.7075515
1556.36	-509.6432	-606.4958	0.7074836
1556.37	-509.5267	-606.4961	0.7074156
1556.38	-509.4102	-606.4963	0.7073477
1556.39	-509.2937	-606.4965	0.7072796
1556.4	-509.1771	-606.4968	0.7072114
1556.41	-509.0604	-606.4969	0.7071432
1556.42	-508.9438	-606.4971	0.7070749
1556.43	-508.827	-606.4972	0.7070065
1556.44	-508.7102	-606.4973	0.7069381
1556.45	-508.5934	-606.4974	0.7068696
1556.46	-508.4765	-606.4975	0.706801
1556.47	-508.3596	-606.4976	0.7067325
1556.48	-508.2426	-606.4976	0.7066638
1556.49	-508.1256	-606.4976	0.7065951
1556.5	-508.0086	-606.4976	0.7065263
1556.51	-507.8915	-606.4976	0.7064574
1556.52	-507.7743	-606.4975	0.7063885
1556.53	-507.6571	-606.4974	0.7063196
1556.54	-507.5399	-606.4973	0.7062505
1556.55	-507.4226	-606.4973	0.7061816
1556.56	-507.3052	-606.4971	0.7061124
1556.57	-507.1879	-606.4969	0.7060433
1556.58	-507.0704	-606.4968	0.7059741
1556.59	-506.9529	-606.4965	0.7059048
1556.6	-506.8354	-606.4963	0.7058356
1556.61	-506.7178	-606.496	0.7057663
1556.62	-506.6002	-606.4958	0.7056969
1556.63	-506.4825	-606.4955	0.7056274
1556.64	-506.3648	-606.4952	0.705558
1556.65	-506.247	-606.4948	0.7054884
1556.66	-506.1292	-606.4945	0.705419
1556.67	-506.0114	-606.4941	0.7053493
1556.68	-505.8935	-606.4937	0.7052798
1556.69	-505.7755	-606.4932	0.70521
1556.7	-505.6575	-606.4928	0.7051404
1556.71	-505.5395	-606.4924	0.7050706
1556.72	-505.4214	-606.4918	0.7050007
1556.73	-505.3033	-606.4913	0.704931
1556.74	-505.1851	-606.4908	0.7048611
1556.75	-505.0668	-606.4902	0.7047911
1556.76	-504.9485	-606.4896	0.7047212
1556.77	-504.8302	-606.489	0.7046512
1556.78	-504.7119	-606.4883	0.7045811
1556.79	-504.5934	-606.4877	0.704511
1556.8	-504.4749	-606.487	0.7044409
1556.81	-504.3564	-606.4863	0.7043707
1556.82	-504.2378	-606.4856	0.7043005
1556.83	-504.1192	-606.4849	0.7042302
1556.84	-504.0005	-606.4841	0.7041599
1556.85	-503.8818	-606.4833	0.7040896
1556.86	-503.763	-606.4825	0.7040192
1556.87	-503.6442	-606.4816	0.7039487
1556.88	-503.5253	-606.4808	0.7038782
1556.89	-503.4064	-606.4799	0.7038078
1556.9	-503.2874	-606.4789	0.7037372
1556.91	-503.1684	-606.478	0.7036666
1556.92	-503.0493	-606.4771	0.7035959
1556.93	-502.9302	-606.476	0.7035252
1556.94	-502.811	-606.475	0.7034546
1556.95	-502.6918	-606.474	0.7033837
1556.96	-502.5725	-606.473	0.703313
1556.97	-502.4532	-606.4719	0.7032421
1556.98	-502.3338	-606.4708	0.7031713
1556.99	-502.2144	-606.4697	0.7031004
1557	-502.0949	-606.4685	0.7030295
1557.01	-501.9753	-606.4673	0.7029584
1557.02	-501.8558	-606.4661	0.7028874
1557.03	-501.7361	-606.4649	0.7028163
1557.04	-501.6165	-606.4636	0.7027453
1557.05	-501.4967	-606.4624	0.7026741
1557.06	-501.377	-606.4611	0.7026029
1557.07	-501.2571	-606.4598	0.7025316
1557.08	-501.1372	-606.4584	0.7024603
1557.09	-501.0173	-606.457	0.7023891
1557.1	-500.8973	-606.4556	0.7023177
1557.11	-500.7773	-606.4542	0.7022464
1557.12	-500.6572	-606.4528	0.7021748
1557.13	-500.5371	-606.4513	0.7021034
1557.14	-500.4169	-606.4498	0.7020319
1557.15	-500.2967	-606.4483	0.7019604
1557.16	-500.1764	-606.4468	0.7018888
1557.17	-500.0561	-606.4452	0.7018172
1557.18	-499.9357	-606.4436	0.7017455
1557.19	-499.8152	-606.442	0.7016739
1557.2	-499.6947	-606.4404	0.7016022
1557.21	-499.5742	-606.4387	0.7015305
1557.22	-499.4536	-606.437	0.7014586
1557.23	-499.333	-606.4352	0.7013868
1557.24	-499.2123	-606.4335	0.7013149
1557.25	-499.0916	-606.4318	0.701243
1557.26	-498.9708	-606.43	0.701171
1557.27	-498.8499	-606.4282	0.7010991
1557.28	-498.729	-606.4263	0.701027
1557.29	-498.6081	-606.4244	0.700955
1557.3	-498.4871	-606.4226	0.7008829
1557.31	-498.3661	-606.4207	0.7008107
1557.32	-498.245	-606.4188	0.7007386
1557.33	-498.1238	-606.4167	0.7006664
1557.34	-498.0027	-606.4148	0.7005941
1557.35	-497.8814	-606.4128	0.7005218
1557.36	-497.7602	-606.4108	0.7004496
1557.37	-497.6388	-606.4088	0.7003772
1557.38	-497.5174	-606.4066	0.7003049
1557.39	-497.396	-606.4045	0.7002324
1557.4	-497.2745	-606.4024	0.70016
1557.41	-497.153	-606.4003	0.7000875
1557.42	-497.0314	-606.3981	0.7000149
1557.43	-496.9098	-606.3959	0.6999424
1557.44	-496.7881	-606.3936	0.6998698
1557.45	-496.6663	-606.3914	0.6997971
1557.46	-496.5446	-606.389	0.6997244
1557.47	-496.4227	-606.3868	0.6996517
1557.48	-496.3008	-606.3844	0.699579
1557.49	-496.1789	-606.3821	0.6995062
1557.5	-496.0569	-606.3796	0.6994334
1557.51	-495.9349	-606.3773	0.6993605
1557.52	-495.8129	-606.3748	0.6992877
1557.53	-495.6907	-606.3724	0.6992147
1557.54	-495.5685	-606.3699	0.6991417
1557.55	-495.4464	-606.3674	0.6990687
1557.56	-495.3241	-606.3649	0.6989957
1557.57	-495.2018	-606.3622	0.6989226
1557.58	-495.0794	-606.3597	0.6988495
1557.59	-494.957	-606.3571	0.6987764
1557.6	-494.8345	-606.3544	0.6987032
1557.61	-494.712	-606.3517	0.6986301
1557.62	-494.5895	-606.3491	0.698557
1557.63	-494.4669	-606.3463	0.6984838
1557.64	-494.3442	-606.3436	0.6984106
1557.65	-494.2215	-606.3408	0.6983376
1557.66	-494.0988	-606.3381	0.6982648
1557.67	-493.976	-606.3352	0.6981922
1557.68	-493.8531	-606.3324	0.6981199
1557.69	-493.7302	-606.3295	0.6980476
1557.7	-493.6073	-606.3266	0.697976
1557.71	-493.4843	-606.3237	0.6979048
1557.72	-493.3612	-606.3207	0.697834
1557.73	-493.2381	-606.3177	0.6977637
1557.74	-493.115	-606.3148	0.6976938
1557.75	-492.9918	-606.3118	0.697625
1557.76	-492.8686	-606.3087	0.697557
1557.77	-492.7453	-606.3057	0.69749
1557.78	-492.6219	-606.3026	0.6974237
1557.79	-492.4985	-606.2995	0.6973583
1557.8	-492.3751	-606.2963	0.6972945
1557.81	-492.2516	-606.2932	0.6972321
1557.82	-492.1281	-606.2901	0.6971713
1557.83	-492.0045	-606.2869	0.6971118
1557.84	-491.8808	-606.2837	0.6970536
1557.85	-491.7572	-606.2805	0.6969975
1557.86	-491.6335	-606.2772	0.6969435
1557.87	-491.5097	-606.274	0.6968914
1557.88	-491.3858	-606.2707	0.6968412
1557.89	-491.2619	-606.2674	0.6967926
1557.9	-491.138	-606.2641	0.6967465
1557.91	-491.0141	-606.2607	0.6967024
1557.92	-490.89	-606.2574	0.6966605
1557.93	-490.766	-606.2541	0.6966205
1557.94	-490.6418	-606.2507	0.6965823
1557.95	-490.5177	-606.2473	0.6965462
1557.96	-490.3935	-606.2439	0.6965119
1557.97	-490.2692	-606.2405	0.6964795
1557.98	-490.1449	-606.2371	0.6964488
1557.99	-490.0205	-606.2336	0.6964196
1558	-489.8961	-606.2301	0.6963919
1558.01	-489.7717	-606.2266	0.6963657
1558.02	-489.6472	-606.2231	0.6963407
1558.03	-489.5226	-606.2197	0.6963171
1558.04	-489.398	-606.2162	0.6962948
1558.05	-489.2734	-606.2126	0.6962735
1558.06	-489.1487	-606.2091	0.6962533
1558.07	-489.024	-606.2055	0.6962341
1558.08	-488.8992	-606.202	0.6962159
1558.09	-488.7743	-606.1984	0.6961986
1558.1	-488.6494	-606.1948	0.6961821
1558.11	-488.5245	-606.1912	0.6961665
1558.12	-488.3995	-606.1876	0.6961517
1558.13	-488.2745	-606.184	0.6961375
1558.14	-488.1494	-606.1803	0.696124
1558.15	-488.0243	-606.1766	0.6961113
1558.16	-487.8991	-606.173	0.6960991
1558.17	-487.7739	-606.1693	0.6960875
1558.18	-487.6486	-606.1656	0.6960764
1558.19	-487.5233	-606.1619	0.6960658
1558.2	-487.3979	-606.1582	0.6960558
1558.21	-487.2725	-606.1545	0.6960463
1558.22	-487.1471	-606.1508	0.6960372
1558.23	-487.0215	-606.147	0.6960286
1558.24	-486.896	-606.1433	0.6960204
1558.25	-486.7704	-606.1396	0.6960127
1558.26	-486.6447	-606.1358	0.6960056
1558.27	-486.519	-606.132	0.695999
1558.28	-486.3933	-606.1282	0.6959927
1558.29	-486.2675	-606.1245	0.6959869
1558.3	-486.1417	-606.1207	0.695982
1558.31	-486.0158	-606.1169	0.6959778
1558.32	-485.8898	-606.1131	0.6959743
1558.33	-485.7639	-606.1093	0.6959716
1558.34	-485.6378	-606.1055	0.6959696
1558.35	-485.5117	-606.1017	0.6959693
1558.36	-485.3856	-606.0979	0.6959707
1558.37	-485.2594	-606.0941	0.6959736
1558.38	-485.1332	-606.0902	0.695978
1558.39	-485.0069	-606.0864	0.6959838
1558.4	-484.8806	-606.0825	0.6959927
1558.41	-484.7542	-606.0787	0.6960046
1558.42	-484.6278	-606.0749	0.6960191
1558.43	-484.5014	-606.0711	0.6960363
1558.44	-484.3748	-606.0673	0.6960559
1558.45	-484.2483	-606.0635	0.6960795
1558.46	-484.1217	-606.0598	0.6961066
1558.47	-483.9951	-606.056	0.6961371
1558.48	-483.8683	-606.0522	0.6961709
1558.49	-483.7416	-606.0485	0.6962076
1558.5	-483.6148	-606.0447	0.6962482
1558.51	-483.488	-606.041	0.6962923
1558.52	-483.3611	-606.0373	0.6963396
1558.53	-483.2341	-606.0336	0.6963902
1558.54	-483.1071	-606.0299	0.6964437
1558.55	-482.9801	-606.0262	0.6965001
1558.56	-482.8531	-606.0225	0.6965594
1558.57	-482.7259	-606.0189	0.6966212
1558.58	-482.5988	-606.0152	0.6966856
1558.59	-482.4715	-606.0116	0.6967524
1558.6	-482.3443	-606.0079	0.6968213
1558.61	-482.2169	-606.0044	0.6968924
1558.62	-482.0896	-606.0008	0.6969654
1558.63	-481.9622	-605.9973	0.6970404
1558.64	-481.8347	-605.9937	0.6971172
1558.65	-481.7072	-605.9901	0.6971958
1558.66	-481.5797	-605.9866	0.6972759
1558.67	-481.4521	-605.9831	0.6973575
1558.68	-481.3244	-605.9796	0.6974406
1558.69	-481.1967	-605.9761	0.6975252
1558.7	-481.069	-605.9727	0.697611
1558.71	-480.9412	-605.9692	0.6976981
1558.72	-480.8134	-605.9659	0.6977863
1558.73	-480.6855	-605.9625	0.6978756
1558.74	-480.5575	-605.9591	0.697966
1558.75	-480.4296	-605.9557	0.6980574
1558.76	-480.3015	-605.9525	0.6981498
1558.77	-480.1735	-605.9492	0.6982431
1558.78	-480.0453	-605.9459	0.6983372
1558.79	-479.9171	-605.9426	0.6984321
1558.8	-479.7889	-605.9393	0.6985278
1558.81	-479.6607	-605.9362	0.6986242
1558.82	-479.5324	-605.933	0.6987213
1558.83	-479.4041	-605.9298	0.6988192
1558.84	-479.2756	-605.9267	0.6989176
1558.85	-479.1472	-605.9236	0.6990167
1558.86	-479.0187	-605.9205	0.6991163
1558.87	-478.8902	-605.9174	0.6992165
1558.88	-478.7616	-605.9144	0.6993172
1558.89	-478.633	-605.9114	0.6994182
1558.9	-478.5043	-605.9084	0.6995199
1558.91	-478.3756	-605.9055	0.699622
1558.92	-478.2468	-605.9025	0.6997244
1558.93	-478.118	-605.8997	0.6998273
1558.94	-477.9891	-605.8968	0.6999305
1558.95	-477.8602	-605.8939	0.7000341
1558.96	-477.7313	-605.8911	0.700138
1558.97	-477.6023	-605.8884	0.7002422
1558.98	-477.4732	-605.8856	0.7003467
1558.99	-477.3441	-605.8829	0.7004516
1559	-477.215	-605.8802	0.7005566
1559.01	-477.0858	-605.8775	0.700662
1559.02	-476.9565	-605.8749	0.7007676
1559.03	-476.8272	-605.8723	0.7008734
1559.04	-476.6979	-605.8698	0.7009795
1559.05	-476.5685	-605.8672	0.7010858
1559.06	-476.4391	-605.8647	0.7011923
1559.07	-476.3097	-605.8622	0.7012989
1559.08	-476.1801	-605.8598	0.7014058
1559.09	-476.0506	-605.8574	0.7015128
1559.1	-475.9209	-605.8551	0.70162
1559.11	-475.7913	-605.8527	0.7017274
1559.12	-475.6616	-605.8505	0.701835
1559.13	-475.5318	-605.8482	0.7019426
1559.14	-475.402	-605.846	0.7020505
1559.15	-475.2722	-605.8438	0.7021585
1559.16	-475.1423	-605.8416	0.7022668
1559.17	-475.0124	-605.8395	0.7023751
1559.18	-474.8824	-605.8374	0.7024837
1559.19	-474.7523	-605.8354	0.7025925
1559.2	-474.6223	-605.8334	0.7027018
1559.21	-474.4922	-605.8314	0.7028115
1559.22	-474.362	-605.8295	0.7029217
1559.23	-474.2318	-605.8276	0.7030323
1559.24	-474.1016	-605.8257	0.7031433
1559.25	-473.9713	-605.8239	0.7032546
1559.26	-473.8409	-605.8221	0.7033679
1559.27	-473.7105	-605.8204	0.7034832
1559.28	-473.5801	-605.8187	0.7036
1559.29	-473.4496	-605.817	0.7037185
1559.3	-473.3191	-605.8154	0.70384
1559.31	-473.1885	-605.8138	0.7039644
1559.32	-473.0579	-605.8123	0.7040913
1559.33	-472.9272	-605.8109	0.7042208
1559.34	-472.7965	-605.8094	0.7043527
1559.35	-472.6658	-605.8081	0.7044876
1559.36	-472.535	-605.8068	0.7046254
1559.37	-472.4042	-605.8055	0.7047659
1559.38	-472.2733	-605.8043	0.7049091
1559.39	-472.1423	-605.8031	0.7050547
1559.4	-472.0114	-605.802	0.7052026
1559.41	-471.8803	-605.801	0.7053528
1559.42	-471.7493	-605.7999	0.705505
1559.43	-471.6182	-605.799	0.7056592
1559.44	-471.487	-605.798	0.7058153
1559.45	-471.3558	-605.7972	0.7059731
1559.46	-471.2245	-605.7964	0.7061325
1559.47	-471.0933	-605.7957	0.7062936
1559.48	-470.9619	-605.795	0.7064562
1559.49	-470.8305	-605.7943	0.7066202
1559.5	-470.6991	-605.7937	0.7067855
1559.51	-470.5676	-605.7932	0.706952
1559.52	-470.4361	-605.7927	0.7071196
1559.53	-470.3046	-605.7922	0.7072884
1559.54	-470.1729	-605.7919	0.7074581
1559.55	-470.0413	-605.7916	0.7076289
1559.56	-469.9096	-605.7913	0.7078005
1559.57	-469.7779	-605.7911	0.707973
1559.58	-469.6461	-605.7909	0.7081462
1559.59	-469.5143	-605.7908	0.7083203
1559.6	-469.3824	-605.7907	0.708495
1559.61	-469.2505	-605.7907	0.7086704
1559.62	-469.1186	-605.7908	0.7088465
1559.63	-468.9866	-605.791	0.7090232
1559.64	-468.8546	-605.7911	0.7092004
1559.65	-468.7224	-605.7914	0.7093782
1559.66	-468.5903	-605.7917	0.7095565
1559.67	-468.4582	-605.7921	0.7097354
1559.68	-468.3259	-605.7925	0.7099147
1559.69	-468.1937	-605.793	0.7100943
1559.7	-468.0614	-605.7936	0.7102745
1559.71	-467.929	-605.7942	0.710455
1559.72	-467.7967	-605.7949	0.7106359
1559.73	-467.6642	-605.7957	0.7108172
1559.74	-467.5317	-605.7964	0.7109987
1559.75	-467.3992	-605.7973	0.7111806
1559.76	-467.2667	-605.7982	0.7113628
1559.77	-467.1341	-605.7993	0.7115453
1559.78	-467.0014	-605.8003	0.711728
1559.79	-466.8687	-605.8014	0.711911
1559.8	-466.736	-605.8026	0.7120942
1559.81	-466.6032	-605.8038	0.7122778
1559.82	-466.4704	-605.8051	0.7124614
1559.83	-466.3376	-605.8065	0.7126453
1559.84	-466.2047	-605.8079	0.7128294
1559.85	-466.0717	-605.8093	0.7130137
1559.86	-465.9387	-605.8109	0.7131982
1559.87	-465.8057	-605.8125	0.7133827
1559.88	-465.6726	-605.8142	0.7135675
1559.89	-465.5395	-605.816	0.7137524
1559.9	-465.4063	-605.8178	0.7139374
1559.91	-465.2731	-605.8198	0.7141225
1559.92	-465.1399	-605.8217	0.7143077
1559.93	-465.0066	-605.8237	0.7144931
1559.94	-464.8733	-605.8258	0.7146785
1559.95	-464.7399	-605.828	0.7148634
1559.96	-464.6065	-605.8302	0.7150477
1559.97	-464.4731	-605.8325	0.7152317
1559.98	-464.3395	-605.8348	0.7154151
1559.99	-464.206	-605.8373	0.7155982
1560	-464.0724	-605.8398	0.7157792
1560.01	-463.9388	-605.8423	0.7159585
1560.02	-463.8052	-605.845	0.7161359
1560.03	-463.6715	-605.8477	0.7163118
1560.04	-463.5377	-605.8505	0.7164861
1560.05	-463.4039	-605.8533	0.716657
1560.06	-463.2701	-605.8561	0.7168247
1560.07	-463.1362	-605.8591	0.7169895
1560.08	-463.0023	-605.8621	0.7171513
1560.09	-462.8683	-605.8651	0.7173104
1560.1	-462.7344	-605.8681	0.717465
1560.11	-462.6003	-605.8712	0.7176154
1560.12	-462.4662	-605.8744	0.7177617
1560.13	-462.3321	-605.8776	0.7179042
1560.14	-462.1979	-605.8809	0.718043
1560.15	-462.0637	-605.8843	0.7181785
1560.16	-461.9295	-605.8877	0.7183089
1560.17	-461.7952	-605.8911	0.7184347
1560.18	-461.6609	-605.8946	0.718556
1560.19	-461.5265	-605.8981	0.7186731
1560.2	-461.3921	-605.9017	0.7187859
1560.21	-461.2576	-605.9053	0.7188949
1560.22	-461.1231	-605.909	0.719
1560.23	-460.9886	-605.9127	0.7191014
1560.24	-460.854	-605.9164	0.7191996
