933.88	-646.2834	-606.4003	0.7113658
933.89	-646.1591	-606.4017	0.7114144
933.9	-646.0347	-606.403	0.7114627
933.91	-645.9105	-606.4044	0.7115101
933.92	-645.7862	-606.4058	0.7115566
933.93	-645.6619	-606.4072	0.7116022
933.94	-645.5377	-606.4086	0.711647
933.95	-645.4134	-606.41	0.7116911
933.96	-645.2892	-606.4114	0.7117335
933.97	-645.165	-606.4128	0.7117743
933.98	-645.0408	-606.4143	0.7118135
933.99	-644.9166	-606.4158	0.7118514
934	-644.7925	-606.4173	0.7118879
934.0099	-644.6683	-606.4188	0.7119225
934.02	-644.5443	-606.4202	0.7119552
934.03	-644.4202	-606.4217	0.7119862
934.04	-644.2961	-606.4233	0.7120156
934.05	-644.172	-606.4248	0.7120433
934.06	-644.048	-606.4263	0.7120693
934.07	-643.924	-606.4279	0.7120936
934.08	-643.7999	-606.4294	0.7121163
934.09	-643.6759	-606.4309	0.7121375
934.1	-643.5519	-606.4326	0.7121571
934.11	-643.4279	-606.4341	0.7121755
934.12	-643.304	-606.4357	0.7121926
934.13	-643.18	-606.4373	0.7122085
934.14	-643.056	-606.4389	0.7122232
934.15	-642.9321	-606.4405	0.7122368
934.16	-642.8082	-606.4421	0.7122495
934.17	-642.6843	-606.4437	0.7122611
934.18	-642.5604	-606.4454	0.7122719
934.19	-642.4365	-606.447	0.7122817
934.2	-642.3126	-606.4487	0.7122908
934.21	-642.1888	-606.4504	0.712299
934.22	-642.0649	-606.452	0.7123065
934.23	-641.9411	-606.4537	0.7123134
934.24	-641.8173	-606.4553	0.7123194
934.25	-641.6935	-606.457	0.712325
934.2599	-641.5698	-606.4587	0.7123297
934.27	-641.446	-606.4604	0.7123337
934.28	-641.3223	-606.4621	0.712337
934.29	-641.1986	-606.4638	0.7123396
934.3	-641.0749	-606.4655	0.7123416
934.31	-640.9512	-606.4672	0.7123423
934.32	-640.8276	-606.4689	0.712342
934.33	-640.7039	-606.4706	0.7123405
934.34	-640.5803	-606.4724	0.712338
934.35	-640.4566	-606.4741	0.7123345
934.36	-640.3329	-606.4758	0.7123292
934.37	-640.2094	-606.4775	0.7123224
934.38	-640.0858	-606.4792	0.712314
934.39	-639.9622	-606.4809	0.7123042
934.4	-639.8386	-606.4826	0.7122929
934.41	-639.715	-606.4843	0.7122799
934.42	-639.5914	-606.486	0.712265
934.43	-639.4678	-606.4877	0.7122486
934.44	-639.3442	-606.4894	0.7122307
934.45	-639.2207	-606.4911	0.7122113
934.46	-639.0972	-606.4928	0.7121905
934.47	-638.9736	-606.4945	0.7121685
934.48	-638.8501	-606.4962	0.7121451
934.49	-638.7266	-606.4979	0.7121207
934.5	-638.603	-606.4996	0.712095
934.5099	-638.4796	-606.5012	0.7120683
934.52	-638.3561	-606.5029	0.7120407
934.53	-638.2326	-606.5045	0.7120121
934.54	-638.1091	-606.5061	0.7119825
934.55	-637.9857	-606.5078	0.7119522
934.56	-637.8622	-606.5094	0.711921
934.57	-637.7388	-606.511	0.7118891
934.58	-637.6154	-606.5127	0.7118565
934.59	-637.4919	-606.5143	0.7118232
934.6	-637.3685	-606.5159	0.7117893
934.61	-637.2451	-606.5176	0.7117547
934.62	-637.1217	-606.5192	0.7117196
934.63	-636.9983	-606.5207	0.7116839
934.64	-636.8749	-606.5223	0.7116477
934.65	-636.7515	-606.5239	0.711611
934.66	-636.6281	-606.5255	0.711574
934.67	-636.5048	-606.527	0.7115365
934.68	-636.3814	-606.5286	0.7114987
934.69	-636.2581	-606.5302	0.7114606
934.7	-636.1347	-606.5317	0.7114222
934.71	-636.0114	-606.5331	0.7113835
934.72	-635.888	-606.5347	0.7113446
934.73	-635.7646	-606.5362	0.7113054
934.74	-635.6413	-606.5377	0.711266
934.75	-635.5179	-606.5392	0.7112265
934.7599	-635.3947	-606.5407	0.7111871
934.77	-635.2714	-606.5422	0.711148
934.78	-635.1481	-606.5436	0.7111092
934.79	-635.0248	-606.545	0.7110706
934.8	-634.9015	-606.5465	0.7110322
934.81	-634.7782	-606.548	0.7109954
934.82	-634.6549	-606.5494	0.7109601
934.83	-634.5316	-606.5508	0.7109264
934.84	-634.4083	-606.5523	0.7108939
934.85	-634.285	-606.5537	0.7108626
934.86	-634.1618	-606.5551	0.710834
934.87	-634.0386	-606.5565	0.7108075
934.88	-633.9153	-606.5579	0.7107832
934.89	-633.7921	-606.5593	0.7107608
934.9	-633.6689	-606.5607	0.7107406
934.91	-633.5457	-606.5621	0.710722
934.92	-633.4224	-606.5635	0.7107055
934.93	-633.2992	-606.5649	0.710691
934.94	-633.176	-606.5663	0.7106782
934.95	-633.0527	-606.5677	0.7106671
934.96	-632.9296	-606.5691	0.7106576
934.97	-632.8064	-606.5705	0.7106496
934.98	-632.6832	-606.5719	0.7106431
934.99	-632.5601	-606.5732	0.7106379
935	-632.4369	-606.5746	0.7106341
935.0099	-632.3137	-606.576	0.7106313
935.02	-632.1906	-606.5773	0.7106297
935.03	-632.0674	-606.5787	0.7106292
935.04	-631.9442	-606.58	0.7106296
935.05	-631.821	-606.5814	0.710631
935.06	-631.6979	-606.5827	0.7106332
935.07	-631.5748	-606.584	0.710636
935.08	-631.4517	-606.5854	0.7106396
935.09	-631.3286	-606.5868	0.7106438
935.1	-631.2055	-606.5881	0.7106485
935.11	-631.0824	-606.5895	0.7106539
935.12	-630.9593	-606.5908	0.710659
935.13	-630.8362	-606.5922	0.7106637
935.14	-630.7131	-606.5935	0.7106683
935.15	-630.59	-606.5948	0.7106726
935.16	-630.4669	-606.5962	0.7106758
935.17	-630.3439	-606.5975	0.7106779
935.18	-630.2208	-606.5988	0.7106791
935.19	-630.0978	-606.6	0.7106793
935.2	-629.9747	-606.6013	0.7106787
935.21	-629.8517	-606.6026	0.7106766
935.22	-629.7286	-606.6039	0.7106732
935.23	-629.6056	-606.6052	0.7106685
935.24	-629.4825	-606.6064	0.7106625
935.25	-629.3595	-606.6077	0.7106555
935.2599	-629.2365	-606.609	0.7106473
935.27	-629.1135	-606.6102	0.710638
935.28	-628.9905	-606.6115	0.7106279
935.29	-628.8676	-606.6127	0.7106167
935.3	-628.7446	-606.6139	0.7106047
935.31	-628.6216	-606.6151	0.7105919
935.32	-628.4986	-606.6163	0.7105782
935.33	-628.3756	-606.6176	0.7105638
935.34	-628.2526	-606.6188	0.7105487
935.35	-628.1296	-606.62	0.710533
935.36	-628.0067	-606.6212	0.7105166
935.37	-627.8837	-606.6224	0.7104999
935.38	-627.7607	-606.6236	0.7104828
935.39	-627.6377	-606.6248	0.7104654
935.4	-627.5147	-606.626	0.7104477
935.41	-627.3918	-606.6271	0.7104301
935.42	-627.2689	-606.6283	0.7104128
935.43	-627.1459	-606.6295	0.7103956
935.44	-627.023	-606.6306	0.7103787
935.45	-626.9001	-606.6318	0.7103618
935.46	-626.7772	-606.6329	0.7103455
935.47	-626.6542	-606.634	0.7103298
935.48	-626.5313	-606.6352	0.7103146
935.49	-626.4084	-606.6364	0.7103
935.5	-626.2855	-606.6375	0.7102858
935.5099	-626.1625	-606.6387	0.7102722
935.52	-626.0396	-606.6398	0.7102591
935.53	-625.9167	-606.641	0.7102464
935.54	-625.7938	-606.6422	0.7102342
935.55	-625.6708	-606.6433	0.7102224
935.56	-625.548	-606.6445	0.710211
935.57	-625.4251	-606.6456	0.7102
935.58	-625.3022	-606.6467	0.7101893
935.59	-625.1794	-606.6478	0.710179
935.6	-625.0565	-606.6489	0.710169
935.61	-624.9337	-606.65	0.7101592
935.62	-624.8108	-606.6511	0.7101498
935.63	-624.6879	-606.6522	0.7101407
935.64	-624.5651	-606.6533	0.7101318
935.65	-624.4422	-606.6544	0.7101231
935.66	-624.3193	-606.6555	0.7101147
935.67	-624.1965	-606.6566	0.7101066
935.68	-624.0736	-606.6577	0.7100986
935.69	-623.9507	-606.6588	0.7100908
935.7	-623.8279	-606.6599	0.7100831
935.71	-623.7051	-606.661	0.7100757
935.72	-623.5823	-606.6621	0.7100684
935.73	-623.4595	-606.6632	0.7100613
935.74	-623.3367	-606.6643	0.7100543
935.75	-623.2139	-606.6654	0.7100475
935.7599	-623.0911	-606.6665	0.7100407
935.77	-622.9683	-606.6675	0.7100342
935.78	-622.8455	-606.6686	0.7100278
935.79	-622.7227	-606.6696	0.7100214
935.8	-622.5999	-606.6707	0.7100152
935.81	-622.4771	-606.6717	0.7100092
935.82	-622.3542	-606.6727	0.7100036
935.83	-622.2314	-606.6738	0.7099983
935.84	-622.1086	-606.6748	0.7099932
935.85	-621.9858	-606.6758	0.7099885
935.86	-621.8631	-606.6769	0.7099842
935.87	-621.7404	-606.6779	0.7099807
935.88	-621.6176	-606.679	0.7099777
935.89	-621.4949	-606.68	0.7099753
935.9	-621.3721	-606.681	0.7099733
935.91	-621.2494	-606.6821	0.7099726
935.92	-621.1266	-606.6831	0.7099727
935.93	-621.0039	-606.6841	0.709974
935.94	-620.8812	-606.6852	0.7099761
935.95	-620.7584	-606.6862	0.7099792
935.96	-620.6357	-606.6873	0.7099831
935.97	-620.5129	-606.6883	0.7099883
935.98	-620.3902	-606.6893	0.7099947
935.99	-620.2675	-606.6904	0.7100022
936	-620.1447	-606.6914	0.7100109
936.0099	-620.022	-606.6924	0.7100207
936.02	-619.8994	-606.6935	0.7100315
936.03	-619.7767	-606.6946	0.7100433
936.04	-619.654	-606.6956	0.7100561
936.05	-619.5313	-606.6967	0.7100697
936.06	-619.4086	-606.6978	0.7100841
936.07	-619.2859	-606.6989	0.7100994
936.08	-619.1633	-606.7	0.7101154
936.09	-619.0406	-606.7011	0.7101322
936.1	-618.9179	-606.7022	0.7101496
936.11	-618.7952	-606.7033	0.7101676
936.12	-618.6725	-606.7044	0.7101863
936.13	-618.5499	-606.7056	0.7102056
936.14	-618.4272	-606.7067	0.7102253
936.15	-618.3045	-606.7078	0.7102455
936.16	-618.1819	-606.7089	0.7102664
936.17	-618.0593	-606.71	0.7102875
936.18	-617.9366	-606.7111	0.7103092
936.19	-617.814	-606.7122	0.7103313
936.2	-617.6913	-606.7133	0.7103537
936.21	-617.5687	-606.7144	0.7103765
936.22	-617.446	-606.7156	0.7103996
936.23	-617.3234	-606.7167	0.7104231
936.24	-617.2008	-606.7179	0.7104469
936.25	-617.0782	-606.7191	0.710471
936.2599	-616.9556	-606.7203	0.7104954
936.27	-616.8329	-606.7214	0.71052
936.28	-616.7103	-606.7226	0.7105449
936.29	-616.5877	-606.7238	0.71057
936.3	-616.4651	-606.7249	0.7105953
936.31	-616.3425	-606.7261	0.7106207
936.32	-616.2198	-606.7273	0.7106463
936.33	-616.0972	-606.7285	0.7106719
936.34	-615.9746	-606.7297	0.7106975
936.35	-615.852	-606.731	0.7107233
936.36	-615.7294	-606.7322	0.7107492
936.37	-615.6068	-606.7334	0.7107747
936.38	-615.4841	-606.7347	0.7107998
936.39	-615.3615	-606.7359	0.7108245
936.4	-615.2389	-606.7371	0.7108489
936.41	-615.1163	-606.7383	0.710873
936.42	-614.9938	-606.7396	0.7108967
936.43	-614.8712	-606.7408	0.7109202
936.44	-614.7486	-606.7422	0.7109432
936.45	-614.626	-606.7435	0.7109661
936.46	-614.5034	-606.7448	0.7109886
936.47	-614.3809	-606.746	0.7110109
936.48	-614.2583	-606.7473	0.7110329
936.49	-614.1357	-606.7486	0.7110547
936.5	-614.0132	-606.7499	0.7110763
936.5099	-613.8906	-606.7512	0.7110976
936.52	-613.7681	-606.7525	0.7111188
936.53	-613.6455	-606.7538	0.7111397
936.54	-613.5229	-606.7552	0.7111605
936.55	-613.4004	-606.7565	0.7111811
936.56	-613.2778	-606.7579	0.7112015
936.57	-613.1553	-606.7592	0.7112219
936.58	-613.0327	-606.7606	0.7112421
936.59	-612.9102	-606.762	0.7112622
936.6	-612.7876	-606.7633	0.7112821
936.61	-612.665	-606.7646	0.7113018
936.62	-612.5425	-606.7661	0.7113215
936.63	-612.4199	-606.7675	0.7113411
936.64	-612.2974	-606.7689	0.7113606
936.65	-612.1748	-606.7703	0.7113799
936.66	-612.0523	-606.7717	0.7113993
936.67	-611.9297	-606.7731	0.7114184
936.68	-611.8072	-606.7745	0.7114376
936.69	-611.6846	-606.7759	0.7114567
936.7	-611.5621	-606.7773	0.7114756
936.71	-611.4396	-606.7788	0.7114946
936.72	-611.3171	-606.7803	0.7115135
936.73	-611.1946	-606.7817	0.7115324
936.74	-611.072	-606.7833	0.7115512
936.75	-610.9495	-606.7847	0.71157
936.7599	-610.827	-606.7862	0.7115887
936.77	-610.7045	-606.7877	0.7116075
936.78	-610.582	-606.7891	0.7116262
936.79	-610.4595	-606.7906	0.7116449
936.8	-610.337	-606.7921	0.7116636
936.81	-610.2145	-606.7936	0.7116823
936.82	-610.092	-606.7952	0.7117009
936.83	-609.9695	-606.7968	0.7117195
936.84	-609.847	-606.7983	0.7117382
936.85	-609.7245	-606.7998	0.7117569
936.86	-609.602	-606.8013	0.7117757
936.87	-609.4795	-606.8029	0.7117947
936.88	-609.357	-606.8044	0.7118139
936.89	-609.2345	-606.806	0.7118332
936.9	-609.112	-606.8076	0.7118527
936.91	-608.9895	-606.8092	0.7118725
936.92	-608.867	-606.8108	0.7118925
936.93	-608.7445	-606.8124	0.7119129
936.94	-608.622	-606.814	0.7119337
936.95	-608.4995	-606.8156	0.7119546
936.96	-608.3771	-606.8171	0.7119758
936.97	-608.2546	-606.8188	0.7119973
936.98	-608.1321	-606.8205	0.712019
936.99	-608.0096	-606.8221	0.7120408
937	-607.8871	-606.8238	0.712063
937.0099	-607.7646	-606.8254	0.7120852
937.02	-607.6422	-606.8271	0.7121077
937.03	-607.5197	-606.8287	0.7121304
937.04	-607.3972	-606.8304	0.7121531
937.05	-607.2747	-606.8322	0.712176
937.06	-607.1522	-606.8339	0.712199
937.07	-607.0297	-606.8356	0.7122223
937.08	-606.9072	-606.8373	0.7122456
937.09	-606.7847	-606.839	0.7122691
937.1	-606.6621	-606.8408	0.7122926
937.11	-606.5396	-606.8425	0.7123162
937.12	-606.4171	-606.8442	0.7123399
937.13	-606.2945	-606.8459	0.7123638
937.14	-606.1719	-606.8477	0.7123877
937.15	-606.0494	-606.8495	0.7124118
937.16	-605.9268	-606.8513	0.7124359
937.17	-605.8043	-606.8531	0.7124601
937.18	-605.6817	-606.8549	0.7124843
937.19	-605.5591	-606.8566	0.7125086
937.2	-605.4365	-606.8585	0.7125331
937.21	-605.314	-606.8603	0.7125575
937.22	-605.1914	-606.8621	0.712582
937.23	-605.0688	-606.864	0.7126065
937.24	-604.9462	-606.8658	0.7126311
937.25	-604.8235	-606.8677	0.7126557
937.2599	-604.7009	-606.8695	0.7126804
937.27	-604.5783	-606.8713	0.7127051
937.28	-604.4557	-606.8732	0.7127298
937.29	-604.3331	-606.8752	0.7127547
937.3	-604.2104	-606.8771	0.7127795
937.31	-604.0877	-606.879	0.7128043
937.32	-603.9651	-606.8809	0.7128292
937.33	-603.8424	-606.8828	0.7128542
937.34	-603.7197	-606.8846	0.7128792
937.35	-603.597	-606.8867	0.7129042
937.36	-603.4744	-606.8886	0.7129292
937.37	-603.3517	-606.8906	0.7129542
937.38	-603.229	-606.8925	0.7129793
937.39	-603.1063	-606.8945	0.7130044
937.4	-602.9836	-606.8964	0.7130295
937.41	-602.861	-606.8984	0.7130547
937.42	-602.7383	-606.9005	0.7130798
937.43	-602.6155	-606.9025	0.713105
937.44	-602.4928	-606.9045	0.7131302
937.45	-602.3701	-606.9065	0.7131554
937.46	-602.2473	-606.9085	0.7131806
937.47	-602.1246	-606.9106	0.7132058
937.48	-602.0018	-606.9126	0.713231
937.49	-601.8791	-606.9147	0.7132563
937.5	-601.7563	-606.9167	0.7132816
937.5099	-601.6336	-606.9188	0.7133068
937.52	-601.5109	-606.9209	0.7133322
937.53	-601.3881	-606.923	0.7133574
937.54	-601.2653	-606.9251	0.7133827
937.55	-601.1425	-606.9272	0.7134081
937.56	-601.0197	-606.9293	0.7134334
937.57	-600.8969	-606.9315	0.7134588
937.58	-600.774	-606.9336	0.7134841
937.59	-600.6512	-606.9358	0.7135094
937.6	-600.5284	-606.9379	0.7135348
937.61	-600.4056	-606.9401	0.7135602
937.62	-600.2828	-606.9422	0.7135856
937.63	-600.16	-606.9444	0.7136109
937.64	-600.0372	-606.9467	0.7136363
937.65	-599.9143	-606.9489	0.7136617
937.66	-599.7914	-606.951	0.7136871
937.67	-599.6686	-606.9532	0.7137125
937.68	-599.5457	-606.9554	0.713738
937.69	-599.4229	-606.9576	0.7137634
937.7	-599.3	-606.96	0.7137887
937.71	-599.1771	-606.9622	0.7138141
937.72	-599.0543	-606.9645	0.7138394
937.73	-598.9314	-606.9667	0.7138647
937.74	-598.8085	-606.969	0.71389
937.75	-598.6855	-606.9713	0.7139153
937.7599	-598.5626	-606.9736	0.7139404
937.77	-598.4397	-606.9759	0.7139655
937.78	-598.3168	-606.9782	0.7139904
937.79	-598.1938	-606.9805	0.7140153
937.8	-598.0709	-606.9828	0.7140401
937.81	-597.948	-606.9852	0.7140647
937.82	-597.8251	-606.9875	0.7140889
937.83	-597.7021	-606.9899	0.714113
937.84	-597.5792	-606.9922	0.7141367
937.85	-597.4562	-606.9946	0.7141603
937.86	-597.3333	-606.997	0.7141836
937.87	-597.2103	-606.9994	0.7142066
937.88	-597.0873	-607.0018	0.7142292
937.89	-596.9643	-607.0042	0.7142515
937.9	-596.8413	-607.0066	0.7142737
937.91	-596.7183	-607.009	0.7142954
937.92	-596.5953	-607.0114	0.714317
937.93	-596.4724	-607.0139	0.7143383
937.94	-596.3493	-607.0163	0.7143593
937.95	-596.2263	-607.0187	0.7143803
937.96	-596.1033	-607.0212	0.7144009
937.97	-595.9802	-607.0237	0.7144213
937.98	-595.8572	-607.0261	0.7144417
937.99	-595.7341	-607.0286	0.7144617
938	-595.6111	-607.0311	0.7144817
938.0099	-595.488	-607.0336	0.7145014
938.02	-595.365	-607.0361	0.7145211
938.03	-595.2419	-607.0386	0.7145406
938.04	-595.1188	-607.0411	0.71456
938.05	-594.9957	-607.0436	0.7145792
938.06	-594.8727	-607.0461	0.7145984
938.07	-594.7496	-607.0486	0.7146173
938.08	-594.6265	-607.0512	0.7146361
938.09	-594.5034	-607.0538	0.7146549
938.1	-594.3802	-607.0563	0.7146735
938.11	-594.2571	-607.059	0.7146919
938.12	-594.134	-607.0615	0.7147102
938.13	-594.0109	-607.0641	0.7147283
938.14	-593.8878	-607.0667	0.7147462
938.15	-593.7646	-607.0692	0.7147641
938.16	-593.6415	-607.0718	0.7147818
938.17	-593.5183	-607.0744	0.7147992
938.18	-593.3951	-607.077	0.7148165
938.19	-593.272	-607.0797	0.7148333
938.2	-593.1488	-607.0823	0.7148499
938.21	-593.0256	-607.085	0.7148661
938.22	-592.9025	-607.0876	0.7148818
938.23	-592.7793	-607.0902	0.7148973
938.24	-592.6561	-607.0928	0.7149123
938.25	-592.5329	-607.0955	0.714927
938.2599	-592.4097	-607.0981	0.714941
938.27	-592.2866	-607.1008	0.7149545
938.28	-592.1633	-607.1035	0.7149673
938.29	-592.0401	-607.1062	0.7149795
938.3	-591.9169	-607.1089	0.7149913
938.31	-591.7936	-607.1116	0.7150021
938.32	-591.6704	-607.1143	0.7150121
938.33	-591.5472	-607.1169	0.7150213
938.34	-591.424	-607.1196	0.7150297
938.35	-591.3007	-607.1223	0.7150374
938.36	-591.1774	-607.125	0.7150445
938.37	-591.0541	-607.1277	0.7150509
938.38	-590.9308	-607.1304	0.7150566
938.39	-590.8076	-607.1331	0.7150617
938.4	-590.6843	-607.1357	0.7150662
938.41	-590.561	-607.1384	0.7150701
938.42	-590.4377	-607.1411	0.7150735
938.43	-590.3144	-607.1438	0.7150763
938.44	-590.1911	-607.1465	0.7150787
938.45	-590.0677	-607.1493	0.7150807
938.46	-589.9444	-607.152	0.7150821
938.47	-589.8211	-607.1548	0.7150832
938.48	-589.6978	-607.1575	0.715084
938.49	-589.5744	-607.1603	0.7150843
938.5	-589.451	-607.163	0.7150844
938.5099	-589.3277	-607.1658	0.715084
938.52	-589.2043	-607.1685	0.7150834
938.53	-589.081	-607.1713	0.7150825
938.54	-588.9576	-607.174	0.7150813
938.55	-588.8342	-607.1768	0.7150798
938.56	-588.7109	-607.1795	0.7150782
938.57	-588.5875	-607.1823	0.7150761
938.58	-588.4641	-607.185	0.715074
938.59	-588.3407	-607.1877	0.7150717
938.6	-588.2173	-607.1905	0.7150691
938.61	-588.0939	-607.1932	0.7150663
938.62	-587.9705	-607.196	0.7150633
938.63	-587.847	-607.1987	0.7150603
938.64	-587.7236	-607.2015	0.715057
938.65	-587.6002	-607.2042	0.7150536
938.66	-587.4768	-607.207	0.71505
938.67	-587.3534	-607.2097	0.7150463
938.68	-587.2299	-607.2125	0.7150425
938.69	-587.1064	-607.2152	0.7150386
938.7	-586.983	-607.218	0.7150345
938.71	-586.8595	-607.2207	0.7150304
938.72	-586.736	-607.2234	0.7150261
938.73	-586.6125	-607.2262	0.7150218
938.74	-586.4891	-607.2289	0.7150173
938.75	-586.3656	-607.2317	0.7150127
938.7599	-586.2421	-607.2344	0.7150081
938.77	-586.1187	-607.2372	0.7150034
938.78	-585.9951	-607.2399	0.7149986
938.79	-585.8716	-607.2427	0.7149937
938.8	-585.748	-607.2454	0.7149888
938.81	-585.6245	-607.2482	0.7149838
938.82	-585.501	-607.2509	0.7149788
938.83	-585.3774	-607.2536	0.7149736
938.84	-585.2539	-607.2563	0.7149684
938.85	-585.1304	-607.2591	0.7149633
938.86	-585.0068	-607.2618	0.7149581
938.87	-584.8833	-607.2646	0.7149528
938.88	-584.7598	-607.2673	0.7149474
938.89	-584.6362	-607.2701	0.714942
938.9	-584.5126	-607.2728	0.7149366
938.91	-584.389	-607.2756	0.7149311
938.92	-584.2654	-607.2783	0.7149256
938.93	-584.1418	-607.2811	0.7149201
938.94	-584.0182	-607.2838	0.7149145
938.95	-583.8946	-607.2866	0.7149089
938.96	-583.771	-607.2893	0.7149032
938.97	-583.6474	-607.2921	0.7148976
938.98	-583.5238	-607.2948	0.7148919
938.99	-583.4001	-607.2975	0.7148862
939	-583.2765	-607.3003	0.7148805
939.0099	-583.1528	-607.303	0.7148747
939.02	-583.0292	-607.3058	0.714869
939.03	-582.9055	-607.3085	0.7148632
939.04	-582.7819	-607.3113	0.7148574
939.05	-582.6582	-607.314	0.7148516
939.06	-582.5345	-607.3168	0.7148457
939.07	-582.4109	-607.3195	0.7148399
939.08	-582.2872	-607.3223	0.714834
939.09	-582.1635	-607.325	0.7148281
939.1	-582.0398	-607.3277	0.7148222
939.11	-581.9161	-607.3304	0.7148163
939.12	-581.7924	-607.3332	0.7148104
939.13	-581.6687	-607.3359	0.7148044
939.14	-581.545	-607.3387	0.7147985
939.15	-581.4213	-607.3414	0.7147925
939.16	-581.2975	-607.3442	0.7147866
939.17	-581.1738	-607.3469	0.7147806
939.18	-581.0501	-607.3497	0.7147747
939.19	-580.9263	-607.3524	0.7147686
939.2	-580.8026	-607.3551	0.7147626
939.21	-580.6788	-607.3578	0.7147566
939.22	-580.555	-607.3605	0.7147506
939.23	-580.4312	-607.3632	0.7147446
939.24	-580.3074	-607.3658	0.7147385
939.25	-580.1837	-607.3685	0.7147325
939.2599	-580.0599	-607.3712	0.7147265
939.27	-579.9361	-607.3739	0.7147204
939.28	-579.8123	-607.3766	0.7147144
939.29	-579.6885	-607.3793	0.7147083
939.3	-579.5646	-607.382	0.7147022
939.31	-579.4409	-607.3846	0.7146962
939.32	-579.317	-607.3873	0.71469
939.33	-579.1932	-607.39	0.714684
939.34	-579.0693	-607.3926	0.7146779
939.35	-578.9455	-607.3953	0.7146719
939.36	-578.8217	-607.398	0.7146658
939.37	-578.6978	-607.4007	0.7146597
939.38	-578.574	-607.4034	0.7146536
939.39	-578.4501	-607.4061	0.7146475
939.4	-578.3262	-607.4088	0.7146414
939.41	-578.2024	-607.4114	0.7146353
939.42	-578.0785	-607.4141	0.7146292
939.43	-577.9546	-607.4168	0.714623
939.44	-577.8307	-607.4195	0.7146168
939.45	-577.7068	-607.4222	0.7146108
939.46	-577.5829	-607.4249	0.7146046
939.47	-577.459	-607.4276	0.7145985
939.48	-577.3351	-607.4302	0.7145923
939.49	-577.2112	-607.4329	0.7145862
939.5	-577.0872	-607.4356	0.7145801
939.5099	-576.9633	-607.4383	0.714574
939.52	-576.8394	-607.441	0.7145678
939.53	-576.7154	-607.4436	0.7145616
939.54	-576.5914	-607.4462	0.7145554
939.55	-576.4675	-607.4489	0.7145492
939.56	-576.3435	-607.4515	0.7145427
939.57	-576.2195	-607.4541	0.7145359
939.58	-576.0956	-607.4567	0.7145288
939.59	-575.9716	-607.4593	0.7145215
939.6	-575.8476	-607.4619	0.7145138
939.61	-575.7236	-607.4645	0.7145052
939.62	-575.5997	-607.4672	0.7144958
939.63	-575.4756	-607.4698	0.7144855
939.64	-575.3516	-607.4724	0.7144744
939.65	-575.2276	-607.475	0.7144626
939.66	-575.1036	-607.4777	0.7144494
939.67	-574.9796	-607.4803	0.7144349
939.68	-574.8555	-607.4828	0.7144191
939.69	-574.7315	-607.4854	0.7144021
939.7	-574.6074	-607.488	0.714384
939.71	-574.4834	-607.4905	0.7143648
939.72	-574.3594	-607.493	0.7143445
939.73	-574.2353	-607.4956	0.7143231
939.74	-574.1112	-607.4982	0.7143008
939.75	-573.9871	-607.5007	0.7142776
939.7599	-573.863	-607.5033	0.7142534
939.77	-573.739	-607.5057	0.7142285
939.78	-573.6149	-607.5082	0.7142027
939.79	-573.4908	-607.5107	0.7141762
939.8	-573.3666	-607.5132	0.7141489
939.81	-573.2426	-607.5157	0.714121
939.82	-573.1185	-607.5182	0.7140925
939.83	-572.9943	-607.5207	0.7140633
939.84	-572.8702	-607.5232	0.7140337
939.85	-572.746	-607.5257	0.7140034
939.86	-572.6219	-607.5281	0.7139727
939.87	-572.4977	-607.5306	0.7139415
939.88	-572.3736	-607.533	0.7139097
939.89	-572.2495	-607.5354	0.7138776
939.9	-572.1253	-607.5378	0.713845
939.91	-572.0012	-607.5403	0.7138121
939.92	-571.877	-607.5427	0.7137789
939.93	-571.7528	-607.545	0.7137451
939.94	-571.6286	-607.5474	0.7137111
939.95	-571.5044	-607.5498	0.7136769
939.96	-571.3802	-607.5522	0.7136424
939.97	-571.256	-607.5545	0.7136075
939.98	-571.1318	-607.5569	0.7135723
939.99	-571.0076	-607.5593	0.7135369
940	-570.8834	-607.5616	0.7135013
940.0099	-570.7592	-607.5638	0.7134654
940.02	-570.6349	-607.5662	0.7134293
940.03	-570.5107	-607.5685	0.713393
940.04	-570.3864	-607.5708	0.7133566
940.05	-570.2621	-607.5731	0.71332
940.06	-570.1379	-607.5753	0.7132831
940.07	-570.0136	-607.5776	0.7132461
940.08	-569.8893	-607.5798	0.713209
940.09	-569.7651	-607.582	0.7131717
940.1	-569.6408	-607.5843	0.7131342
940.11	-569.5165	-607.5865	0.7130966
940.12	-569.3923	-607.5887	0.713059
940.13	-569.2679	-607.5908	0.7130212
940.14	-569.1436	-607.593	0.7129833
940.15	-569.0193	-607.5952	0.7129452
940.16	-568.895	-607.5974	0.7129071
940.17	-568.7706	-607.5995	0.7128689
940.18	-568.6463	-607.6016	0.7128305
940.19	-568.522	-607.6038	0.7127921
940.2	-568.3976	-607.6059	0.7127537
940.21	-568.2733	-607.608	0.712715
940.22	-568.1489	-607.61	0.7126764
940.23	-568.0246	-607.6121	0.7126377
940.24	-567.9002	-607.6142	0.7125989
940.25	-567.7758	-607.6162	0.7125601
940.2599	-567.6514	-607.6183	0.7125211
940.27	-567.527	-607.6203	0.7124822
940.28	-567.4026	-607.6223	0.7124432
940.29	-567.2783	-607.6243	0.712404
940.3	-567.1539	-607.6263	0.7123649
940.31	-567.0295	-607.6283	0.7123258
940.32	-566.9051	-607.6302	0.7122865
940.33	-566.7807	-607.6321	0.7122473
940.34	-566.6563	-607.6341	0.712208
940.35	-566.5318	-607.636	0.7121686
940.36	-566.4074	-607.6379	0.7121292
940.37	-566.283	-607.6398	0.7120898
940.38	-566.1585	-607.6417	0.7120504
940.39	-566.0341	-607.6436	0.7120109
940.4	-565.9096	-607.6454	0.7119713
940.41	-565.7852	-607.6473	0.7119318
940.42	-565.6607	-607.6491	0.7118922
940.43	-565.5363	-607.6509	0.7118527
940.44	-565.4117	-607.6527	0.711813
940.45	-565.2872	-607.6545	0.7117733
940.46	-565.1628	-607.6563	0.7117339
940.47	-565.0383	-607.6581	0.7116944
940.48	-564.9138	-607.6598	0.711655
940.49	-564.7892	-607.6616	0.7116157
940.5	-564.6647	-607.6633	0.7115765
940.5099	-564.5402	-607.665	0.7115375
940.52	-564.4157	-607.6667	0.7114987
940.53	-564.2912	-607.6684	0.7114602
940.54	-564.1666	-607.6701	0.7114218
940.55	-564.0421	-607.6717	0.7113838
940.56	-563.9175	-607.6733	0.7113459
940.57	-563.7929	-607.675	0.7113082
940.58	-563.6683	-607.6766	0.7112712
940.59	-563.5438	-607.6782	0.7112344
940.6	-563.4192	-607.6798	0.711198
940.61	-563.2946	-607.6814	0.7111623
940.62	-563.17	-607.683	0.7111272
940.63	-563.0455	-607.6846	0.7110928
940.64	-562.9208	-607.6861	0.7110589
940.65	-562.7962	-607.6877	0.7110255
940.66	-562.6716	-607.6892	0.7109931
940.67	-562.547	-607.6907	0.7109614
940.68	-562.4224	-607.6922	0.7109305
940.69	-562.2977	-607.6937	0.7109004
940.7	-562.1731	-607.6953	0.7108709
940.71	-562.0485	-607.6968	0.7108422
940.72	-561.9238	-607.6982	0.7108142
940.73	-561.7992	-607.6996	0.7107868
940.74	-561.6745	-607.7011	0.7107599
940.75	-561.5498	-607.7026	0.7107338
940.7599	-561.4252	-607.704	0.7107081
940.77	-561.3005	-607.7055	0.710683
940.78	-561.1758	-607.7069	0.7106583
940.79	-561.0511	-607.7083	0.7106341
940.8	-560.9263	-607.7097	0.7106103
940.81	-560.8016	-607.7111	0.710587
940.82	-560.6769	-607.7125	0.710564
940.83	-560.5521	-607.7139	0.7105414
940.84	-560.4274	-607.7152	0.7105191
940.85	-560.3026	-607.7166	0.7104972
940.86	-560.1777	-607.7178	0.7104756
940.87	-560.0529	-607.7192	0.7104542
940.88	-559.9281	-607.7205	0.7104332
940.89	-559.8032	-607.7219	0.7104124
940.9	-559.6783	-607.7231	0.7103918
940.91	-559.5535	-607.7244	0.7103716
940.92	-559.4286	-607.7257	0.7103514
940.93	-559.3036	-607.7269	0.7103316
940.94	-559.1787	-607.7282	0.7103118
940.95	-559.0537	-607.7295	0.7102922
940.96	-558.9288	-607.7308	0.7102728
940.97	-558.8038	-607.732	0.7102537
940.98	-558.6788	-607.7332	0.7102346
940.99	-558.5537	-607.7344	0.7102157
941	-558.4286	-607.7357	0.710197
941.0099	-558.3035	-607.7368	0.7101783
941.02	-558.1784	-607.738	0.7101597
941.03	-558.0533	-607.7393	0.7101413
941.04	-557.9281	-607.7405	0.7101229
941.05	-557.8029	-607.7416	0.7101047
941.06	-557.6777	-607.7428	0.7100866
941.07	-557.5525	-607.744	0.7100685
941.08	-557.4272	-607.7451	0.7100506
941.09	-557.3019	-607.7462	0.7100326
941.1	-557.1766	-607.7474	0.7100148
941.11	-557.0512	-607.7485	0.7099971
941.12	-556.9258	-607.7497	0.7099794
941.13	-556.8004	-607.7508	0.7099617
941.14	-556.675	-607.7519	0.7099441
941.15	-556.5495	-607.753	0.7099266
941.16	-556.424	-607.7541	0.7099091
941.17	-556.2985	-607.7552	0.7098917
941.18	-556.173	-607.7562	0.7098743
941.19	-556.0474	-607.7573	0.7098569
941.2	-555.9218	-607.7584	0.7098396
941.21	-555.7962	-607.7595	0.7098224
941.22	-555.6706	-607.7606	0.7098051
941.23	-555.5449	-607.7616	0.709788
941.24	-555.4193	-607.7626	0.7097709
941.25	-555.2935	-607.7637	0.7097536
941.2599	-555.1677	-607.7646	0.7097365
941.27	-555.0419	-607.7657	0.7097194
941.28	-554.9161	-607.7667	0.7097024
941.29	-554.7903	-607.7678	0.7096853
941.3	-554.6644	-607.7688	0.7096683
941.31	-554.5386	-607.7698	0.7096513
941.32	-554.4127	-607.7708	0.7096344
941.33	-554.2867	-607.7717	0.7096174
941.34	-554.1608	-607.7727	0.7096004
941.35	-554.0348	-607.7736	0.7095836
941.36	-553.9088	-607.7746	0.7095667
941.37	-553.7828	-607.7756	0.7095498
941.38	-553.6568	-607.7766	0.7095329
941.39	-553.5308	-607.7775	0.7095161
941.4	-553.4047	-607.7784	0.7094993
941.41	-553.2786	-607.7794	0.7094825
941.42	-553.1525	-607.7803	0.7094657
941.43	-553.0264	-607.7812	0.709449
941.44	-552.9003	-607.782	0.7094323
941.45	-552.7742	-607.783	0.7094157
941.46	-552.6481	-607.7839	0.7093987
941.47	-552.522	-607.7848	0.7093815
941.48	-552.3959	-607.7857	0.709364
941.49	-552.2698	-607.7866	0.7093464
941.5	-552.1437	-607.7874	0.7093285
941.5099	-552.0176	-607.7883	0.7093099
941.52	-551.8916	-607.7891	0.7092904
941.53	-551.7656	-607.7899	0.7092702
941.54	-551.6395	-607.7908	0.7092493
941.55	-551.5135	-607.7916	0.7092277
941.56	-551.3875	-607.7924	0.709205
941.57	-551.2615	-607.7932	0.7091811
941.58	-551.1356	-607.794	0.7091561
941.59	-551.0096	-607.7947	0.7091301
941.6	-550.8836	-607.7955	0.7091031
941.61	-550.7577	-607.7963	0.7090747
941.62	-550.6318	-607.7971	0.7090449
941.63	-550.5059	-607.7978	0.709014
941.64	-550.3799	-607.7985	0.7089818
941.65	-550.254	-607.7992	0.7089484
941.66	-550.1282	-607.7999	0.7089136
941.67	-550.0023	-607.8006	0.7088773
941.68	-549.8765	-607.8013	0.7088397
941.69	-549.7506	-607.8019	0.7088007
941.7	-549.6248	-607.8026	0.7087606
941.71	-549.499	-607.8032	0.7087193
941.72	-549.3732	-607.8038	0.7086768
941.73	-549.2474	-607.8044	0.708633
941.74	-549.1216	-607.805	0.7085883
941.75	-548.9959	-607.8056	0.7085425
941.7599	-548.8702	-607.8062	0.7084957
941.77	-548.7444	-607.8067	0.7084479
941.78	-548.6188	-607.8073	0.7083994
941.79	-548.4931	-607.8077	0.7083499
941.8	-548.3674	-607.8083	0.7082998
941.81	-548.2418	-607.8088	0.7082488
941.82	-548.1162	-607.8092	0.7081971
941.83	-547.9906	-607.8097	0.7081447
941.84	-547.865	-607.8102	0.7080917
941.85	-547.7394	-607.8105	0.708038
941.86	-547.6138	-607.811	0.7079838
941.87	-547.4883	-607.8113	0.707929
941.88	-547.3627	-607.8118	0.7078737
941.89	-547.2372	-607.8121	0.7078179
941.9	-547.1116	-607.8124	0.7077615
941.91	-546.9861	-607.8128	0.7077048
941.92	-546.8607	-607.8132	0.7076476
941.93	-546.7352	-607.8134	0.7075899
941.94	-546.6097	-607.8137	0.707532
941.95	-546.4842	-607.814	0.7074737
941.96	-546.3588	-607.8142	0.7074149
941.97	-546.2333	-607.8145	0.7073559
941.98	-546.1079	-607.8146	0.7072966
941.99	-545.9825	-607.8149	0.7072369
942	-545.8572	-607.815	0.7071769
942.0099	-545.7318	-607.8152	0.7071167
942.02	-545.6065	-607.8154	0.7070563
942.03	-545.4812	-607.8154	0.7069956
942.04	-545.3559	-607.8156	0.7069348
942.05	-545.2306	-607.8156	0.7068736
942.06	-545.1053	-607.8157	0.7068123
942.07	-544.9801	-607.8157	0.7067508
942.08	-544.8549	-607.8157	0.7066891
942.09	-544.7296	-607.8158	0.7066272
942.1	-544.6044	-607.8157	0.7065652
942.11	-544.4792	-607.8157	0.7065032
942.12	-544.354	-607.8157	0.7064411
942.13	-544.2288	-607.8156	0.7063791
942.14	-544.1036	-607.8156	0.706317
942.15	-543.9785	-607.8154	0.706255
942.16	-543.8533	-607.8153	0.7061933
942.17	-543.7282	-607.8152	0.7061319
942.18	-543.6031	-607.815	0.7060708
942.19	-543.478	-607.8148	0.70601
942.2	-543.3529	-607.8146	0.7059495
942.21	-543.2278	-607.8144	0.7058898
942.22	-543.1028	-607.8142	0.7058308
942.23	-542.9777	-607.8139	0.7057725
942.24	-542.8527	-607.8137	0.7057149
942.25	-542.7277	-607.8134	0.705658
942.2599	-542.6027	-607.813	0.7056023
942.27	-542.4778	-607.8127	0.7055479
942.28	-542.3528	-607.8124	0.7054947
942.29	-542.2279	-607.8121	0.7054427
942.3	-542.103	-607.8117	0.7053916
942.31	-541.9781	-607.8113	0.7053417
942.32	-541.8532	-607.8109	0.7052931
942.33	-541.7283	-607.8105	0.7052453
942.34	-541.6035	-607.8101	0.7051986
942.35	-541.4786	-607.8096	0.7051528
942.36	-541.3538	-607.8092	0.7051079
942.37	-541.2289	-607.8087	0.7050639
942.38	-541.1041	-607.8082	0.7050207
942.39	-540.9793	-607.8077	0.7049783
942.4	-540.8545	-607.8072	0.7049366
942.41	-540.7297	-607.8066	0.7048956
942.42	-540.605	-607.806	0.7048553
942.43	-540.4802	-607.8055	0.7048156
942.44	-540.3555	-607.8049	0.7047764
942.45	-540.2308	-607.8043	0.7047378
942.46	-540.1061	-607.8036	0.7046997
942.47	-539.9814	-607.803	0.7046621
942.48	-539.8568	-607.8024	0.704625
942.49	-539.7321	-607.8017	0.7045883
942.5	-539.6075	-607.801	0.704552
942.5099	-539.4828	-607.8004	0.7045162
942.52	-539.3583	-607.7997	0.7044807
942.53	-539.2337	-607.7989	0.7044455
942.54	-539.1091	-607.7982	0.7044107
942.55	-538.9846	-607.7974	0.7043763
942.56	-538.86	-607.7967	0.7043421
942.57	-538.7355	-607.7958	0.7043082
942.58	-538.611	-607.795	0.7042745
942.59	-538.4865	-607.7943	0.7042413
942.6	-538.362	-607.7935	0.7042081
942.61	-538.2375	-607.7927	0.7041753
942.62	-538.1131	-607.7917	0.7041427
942.63	-537.9886	-607.7909	0.7041103
942.64	-537.8642	-607.79	0.7040782
942.65	-537.7397	-607.7892	0.7040462
942.66	-537.6154	-607.7883	0.7040145
942.67	-537.491	-607.7873	0.7039829
942.68	-537.3666	-607.7864	0.7039515
942.69	-537.2422	-607.7855	0.7039203
942.7	-537.1179	-607.7845	0.7038893
942.71	-536.9935	-607.7836	0.7038584
942.72	-536.8692	-607.7825	0.7038276
942.73	-536.7449	-607.7816	0.703797
942.74	-536.6207	-607.7806	0.7037665
942.75	-536.4964	-607.7796	0.7037361
942.7599	-536.3721	-607.7785	0.7037058
942.77	-536.2482	-607.7775	0.7036759
942.78	-536.1246	-607.7764	0.7036461
942.79	-536.0013	-607.7754	0.7036166
942.8	-535.8784	-607.7744	0.7035872
942.81	-535.7557	-607.7733	0.7035579
942.82	-535.6334	-607.7722	0.7035288
942.83	-535.5114	-607.7711	0.7034998
942.84	-535.3898	-607.77	0.7034709
942.85	-535.2684	-607.7689	0.7034422
942.86	-535.1474	-607.7678	0.7034135
942.87	-535.0267	-607.7666	0.703385
942.88	-534.9063	-607.7655	0.7033566
942.89	-534.7863	-607.7643	0.7033282
942.9	-534.6665	-607.7632	0.7033
942.91	-534.5471	-607.762	0.7032718
942.92	-534.428	-607.7608	0.7032438
942.93	-534.3093	-607.7596	0.7032158
942.94	-534.1908	-607.7585	0.7031879
942.95	-534.0726	-607.7573	0.7031602
942.96	-533.9548	-607.7562	0.7031325
942.97	-533.8373	-607.7549	0.7031049
942.98	-533.7202	-607.7537	0.7030774
942.99	-533.6033	-607.7524	0.70305
943	-533.4867	-607.7512	0.7030227
943.0099	-533.3704	-607.75	0.7029955
943.02	-533.2545	-607.7488	0.7029683
943.03	-533.1389	-607.7475	0.7029412
943.04	-533.0236	-607.7463	0.7029144
943.05	-532.9086	-607.7451	0.7028874
943.06	-532.794	-607.7438	0.7028606
943.07	-532.6797	-607.7425	0.7028339
943.08	-532.5657	-607.7412	0.7028073
943.09	-532.452	-607.7399	0.7027808
943.1	-532.3386	-607.7386	0.7027544
943.11	-532.2255	-607.7373	0.7027279
943.12	-532.1128	-607.736	0.7027014
943.13	-532.0004	-607.7347	0.7026749
943.14	-531.8883	-607.7335	0.7026484
943.15	-531.7766	-607.7321	0.7026219
943.16	-531.6651	-607.7308	0.7025955
943.17	-531.554	-607.7294	0.7025685
943.18	-531.4432	-607.7281	0.7025411
943.19	-531.3327	-607.7267	0.7025132
943.2	-531.2225	-607.7253	0.7024848
943.21	-531.1127	-607.724	0.7024561
943.22	-531.0032	-607.7227	0.7024264
943.23	-530.894	-607.7213	0.7023958
943.24	-530.7851	-607.7199	0.7023643
943.25	-530.6765	-607.7184	0.7023321
943.2599	-530.5683	-607.717	0.7022991
943.27	-530.4604	-607.7156	0.7022653
943.28	-530.3528	-607.7142	0.7022308
943.29	-530.2455	-607.7128	0.7021956
943.3	-530.1385	-607.7114	0.7021599
943.31	-530.0319	-607.71	0.7021235
943.32	-529.9255	-607.7085	0.7020866
943.33	-529.8195	-607.707	0.7020492
943.34	-529.7138	-607.7055	0.7020114
943.35	-529.6084	-607.704	0.7019732
943.36	-529.5034	-607.7026	0.7019346
943.37	-529.3986	-607.7011	0.7018956
943.38	-529.2942	-607.6996	0.7018564
943.39	-529.1901	-607.6981	0.7018167
943.4	-529.0864	-607.6967	0.7017769
943.41	-528.9829	-607.6951	0.7017368
943.42	-528.8798	-607.6935	0.7016965
943.43	-528.777	-607.692	0.701656
943.44	-528.6745	-607.6905	0.7016153
943.45	-528.5723	-607.6889	0.7015745
943.46	-528.4705	-607.6874	0.7015336
943.47	-528.369	-607.6859	0.7014924
943.48	-528.2678	-607.6843	0.7014513
943.49	-528.1669	-607.6827	0.70141
943.5	-528.0663	-607.6812	0.7013687
943.5099	-527.9661	-607.6796	0.7013272
943.52	-527.8661	-607.678	0.7012858
943.53	-527.7665	-607.6763	0.7012443
943.54	-527.6672	-607.6747	0.7012028
943.55	-527.5682	-607.6732	0.7011612
943.56	-527.4695	-607.6715	0.7011197
943.57	-527.3712	-607.6699	0.7010783
943.58	-527.2732	-607.6683	0.7010372
943.59	-527.1755	-607.6667	0.7009962
943.6	-527.0781	-607.665	0.7009555
943.61	-526.981	-607.6634	0.7009152
943.62	-526.8843	-607.6617	0.7008753
943.63	-526.7878	-607.6601	0.7008359
943.64	-526.6917	-607.6584	0.700797
943.65	-526.5959	-607.6567	0.7007584
943.66	-526.5005	-607.6551	0.7007207
943.67	-526.4053	-607.6534	0.7006837
943.68	-526.3105	-607.6517	0.7006475
943.69	-526.216	-607.6501	0.700612
943.7	-526.1218	-607.6484	0.7005772
943.71	-526.028	-607.6468	0.7005435
943.72	-525.9344	-607.6451	0.7005107
943.73	-525.8412	-607.6434	0.7004789
943.74	-525.7483	-607.6418	0.7004479
943.75	-525.6557	-607.6401	0.7004177
943.7599	-525.5635	-607.6385	0.700389
943.77	-525.4716	-607.6368	0.7003617
943.78	-525.3799	-607.6351	0.7003357
943.79	-525.2886	-607.6335	0.7003108
943.8	-525.1976	-607.6318	0.7002872
943.81	-525.107	-607.6302	0.7002653
943.82	-525.0167	-607.6285	0.7002453
943.83	-524.9266	-607.6269	0.7002269
943.84	-524.8369	-607.6252	0.70021
943.85	-524.7475	-607.6235	0.7001947
943.86	-524.6584	-607.6219	0.7001814
943.87	-524.5698	-607.6202	0.7001697
943.88	-524.4816	-607.6186	0.7001612
943.89	-524.3934	-607.6169	0.7001546
943.9	-524.3052	-607.6153	0.7001495
943.91	-524.217	-607.6136	0.7001466
943.92	-524.1289	-607.612	0.7001456
943.93	-524.0408	-607.6104	0.7001464
943.94	-523.9526	-607.6087	0.7001488
943.95	-523.8645	-607.6071	0.7001528
943.96	-523.7764	-607.6054	0.7001591
943.97	-523.6884	-607.6038	0.7001673
943.98	-523.6003	-607.6021	0.7001775
943.99	-523.5122	-607.6005	0.7001895
944	-523.4241	-607.5988	0.700203
944.0099	-523.3361	-607.5972	0.700218
944.02	-523.248	-607.5956	0.700235
944.03	-523.16	-607.5939	0.7002537
944.04	-523.072	-607.5923	0.7002741
944.05	-522.984	-607.5907	0.700296
944.06	-522.896	-607.5891	0.7003193
944.07	-522.808	-607.5875	0.700344
944.08	-522.7201	-607.586	0.7003698
944.09	-522.6321	-607.5844	0.7003968
944.1	-522.5442	-607.5828	0.7004248
944.11	-522.4563	-607.5812	0.7004538
944.12	-522.3684	-607.5797	0.7004837
944.13	-522.2805	-607.5781	0.7005144
944.14	-522.1926	-607.5765	0.700546
944.15	-522.1047	-607.575	0.7005783
944.16	-522.0169	-607.5734	0.7006112
944.17	-521.9291	-607.5718	0.7006447
944.18	-521.8412	-607.5704	0.7006788
944.19	-521.7534	-607.5688	0.7007135
944.2	-521.6656	-607.5673	0.7007486
944.21	-521.5778	-607.5658	0.7007842
944.22	-521.4899	-607.5643	0.7008203
944.23	-521.402	-607.5628	0.7008568
944.24	-521.3141	-607.5613	0.7008936
944.25	-521.2262	-607.5598	0.7009308
944.2599	-521.1382	-607.5583	0.7009683
944.27	-521.0503	-607.5569	0.7010061
944.28	-520.9623	-607.5554	0.7010442
944.29	-520.8742	-607.554	0.7010825
944.3	-520.7861	-607.5525	0.701121
944.31	-520.6979	-607.5511	0.7011598
944.32	-520.6097	-607.5496	0.7011988
944.33	-520.5215	-607.5482	0.701238
944.34	-520.4332	-607.5467	0.7012773
944.35	-520.3448	-607.5453	0.7013168
944.36	-520.2565	-607.5439	0.7013565
944.37	-520.168	-607.5425	0.7013963
944.38	-520.0795	-607.5412	0.7014363
944.39	-519.991	-607.5398	0.7014764
944.4	-519.9025	-607.5384	0.7015166
944.41	-519.8138	-607.537	0.7015569
944.42	-519.7252	-607.5356	0.7015973
944.43	-519.6364	-607.5343	0.7016379
944.44	-519.5476	-607.533	0.7016785
944.45	-519.4587	-607.5316	0.7017191
944.46	-519.3699	-607.5303	0.7017599
944.47	-519.2809	-607.529	0.7018008
944.48	-519.1918	-607.5276	0.7018418
944.49	-519.1027	-607.5263	0.7018827
944.5	-519.0135	-607.5251	0.7019238
944.5099	-518.9243	-607.5238	0.701965
944.52	-518.835	-607.5225	0.7020062
944.53	-518.7457	-607.5213	0.7020474
944.54	-518.6563	-607.52	0.7020888
944.55	-518.5668	-607.5187	0.7021301
944.56	-518.4772	-607.5175	0.7021716
944.57	-518.3876	-607.5163	0.702213
944.58	-518.298	-607.5151	0.7022546
944.59	-518.2082	-607.5139	0.7022962
944.6	-518.1183	-607.5126	0.7023377
944.61	-518.0285	-607.5115	0.7023794
944.62	-517.9385	-607.5103	0.7024212
944.63	-517.8485	-607.509	0.7024629
944.64	-517.7584	-607.5079	0.7025047
944.65	-517.6682	-607.5068	0.7025466
944.66	-517.578	-607.5056	0.7025884
944.67	-517.4877	-607.5045	0.7026303
944.68	-517.3973	-607.5034	0.7026722
944.69	-517.3068	-607.5022	0.7027143
944.7	-517.2162	-607.501	0.7027562
944.71	-517.1256	-607.4999	0.7027983
944.72	-517.0349	-607.4989	0.7028404
944.73	-516.9442	-607.4978	0.7028826
944.74	-516.8533	-607.4967	0.7029247
944.75	-516.7623	-607.4957	0.7029669
944.7599	-516.6713	-607.4946	0.7030091
944.77	-516.5802	-607.4935	0.7030514
944.78	-516.489	-607.4925	0.7030937
944.79	-516.3978	-607.4915	0.703136
944.8	-516.3064	-607.4905	0.7031785
944.81	-516.215	-607.4894	0.7032208
944.82	-516.1235	-607.4885	0.7032633
944.83	-516.0319	-607.4875	0.7033057
944.84	-515.9402	-607.4865	0.7033482
944.85	-515.8484	-607.4855	0.7033908
944.86	-515.7565	-607.4846	0.7034333
944.87	-515.6646	-607.4836	0.703476
944.88	-515.5726	-607.4827	0.7035186
944.89	-515.4805	-607.4818	0.7035614
944.9	-515.3882	-607.4808	0.703604
944.91	-515.296	-607.4799	0.7036468
944.92	-515.2036	-607.479	0.7036896
944.93	-515.1111	-607.4781	0.7037324
944.94	-515.0185	-607.4772	0.7037752
944.95	-514.9258	-607.4763	0.7038181
944.96	-514.8331	-607.4755	0.7038611
944.97	-514.7403	-607.4747	0.703904
944.98	-514.6474	-607.4738	0.703947
944.99	-514.5544	-607.473	0.70399
945	-514.4612	-607.4722	0.7040331
945.0099	-514.368	-607.4713	0.7040762
945.02	-514.2748	-607.4705	0.7041193
945.03	-514.1814	-607.4698	0.7041625
945.04	-514.088	-607.469	0.7042057
945.05	-513.9944	-607.4682	0.7042489
945.06	-513.9007	-607.4674	0.7042922
945.07	-513.8069	-607.4667	0.7043355
945.08	-513.7131	-607.4659	0.7043789
945.09	-513.6192	-607.4652	0.7044222
945.1	-513.5251	-607.4645	0.7044657
945.11	-513.431	-607.4638	0.7045091
945.12	-513.3369	-607.4631	0.7045526
945.13	-513.2426	-607.4624	0.7045962
945.14	-513.1481	-607.4618	0.7046398
945.15	-513.0536	-607.4611	0.7046834
945.16	-512.959	-607.4604	0.704727
945.17	-512.8644	-607.4598	0.7047707
945.18	-512.7696	-607.4592	0.7048144
945.19	-512.6747	-607.4586	0.7048582
945.2	-512.5798	-607.4579	0.7049021
945.21	-512.4847	-607.4574	0.7049459
945.22	-512.3896	-607.4568	0.7049897
945.23	-512.2943	-607.4562	0.7050337
945.24	-512.199	-607.4556	0.7050776
945.25	-512.1035	-607.4551	0.7051216
945.2599	-512.008	-607.4545	0.7051656
945.27	-511.9123	-607.454	0.7052097
945.28	-511.8166	-607.4535	0.7052538
945.29	-511.7208	-607.4529	0.7052979
945.3	-511.6248	-607.4525	0.7053421
945.31	-511.5288	-607.452	0.7053863
945.32	-511.4327	-607.4515	0.7054307
945.33	-511.3365	-607.451	0.7054749
945.34	-511.2402	-607.4506	0.7055193
945.35	-511.1438	-607.4501	0.7055637
945.36	-511.0473	-607.4497	0.7056081
945.37	-510.9507	-607.4493	0.7056525
945.38	-510.854	-607.4489	0.7056971
945.39	-510.7572	-607.4485	0.7057416
945.4	-510.6603	-607.4481	0.7057862
945.41	-510.5633	-607.4478	0.7058308
945.42	-510.4662	-607.4474	0.7058755
945.43	-510.3691	-607.447	0.7059202
945.44	-510.2718	-607.4467	0.7059649
945.45	-510.1744	-607.4464	0.7060097
945.46	-510.077	-607.446	0.7060546
945.47	-509.9794	-607.4457	0.7060994
945.48	-509.8817	-607.4455	0.7061443
945.49	-509.784	-607.4452	0.7061893
945.5	-509.6861	-607.4449	0.7062343
945.5099	-509.5882	-607.4446	0.7062793
945.52	-509.4901	-607.4444	0.7063243
945.53	-509.392	-607.4442	0.7063695
945.54	-509.2937	-607.4439	0.7064146
945.55	-509.1953	-607.4437	0.7064598
945.56	-509.0969	-607.4435	0.7065051
945.57	-508.9984	-607.4433	0.7065502
945.58	-508.8997	-607.4432	0.7065957
945.59	-508.801	-607.443	0.706641
945.6	-508.7021	-607.4428	0.7066864
945.61	-508.6032	-607.4427	0.7067317
945.62	-508.5042	-607.4426	0.7067773
945.63	-508.4051	-607.4424	0.7068228
945.64	-508.3059	-607.4423	0.7068683
945.65	-508.2065	-607.4423	0.7069139
945.66	-508.1071	-607.4421	0.7069595
945.67	-508.0077	-607.4421	0.7070053
945.68	-507.9081	-607.4421	0.707051
945.69	-507.8083	-607.442	0.7070968
945.7	-507.7085	-607.442	0.7071425
945.71	-507.6086	-607.442	0.7071884
945.72	-507.5087	-607.442	0.7072342
945.73	-507.4086	-607.442	0.7072802
945.74	-507.3084	-607.442	0.7073261
945.75	-507.2081	-607.442	0.7073722
945.7599	-507.1077	-607.442	0.7074182
945.77	-507.0073	-607.4421	0.7074643
945.78	-506.9067	-607.4422	0.7075105
945.79	-506.806	-607.4423	0.7075566
945.8	-506.7053	-607.4423	0.7076028
945.81	-506.6044	-607.4425	0.7076491
945.82	-506.5035	-607.4426	0.7076954
945.83	-506.4024	-607.4427	0.7077417
945.84	-506.3013	-607.4429	0.7077881
945.85	-506.2	-607.4431	0.7078345
945.86	-506.0987	-607.4432	0.7078809
945.87	-505.9973	-607.4434	0.7079275
945.88	-505.8957	-607.4437	0.707974
945.89	-505.7941	-607.4438	0.7080206
945.9	-505.6924	-607.444	0.7080672
945.91	-505.5905	-607.4443	0.7081139
945.92	-505.4886	-607.4446	0.7081605
945.93	-505.3866	-607.4448	0.7082072
945.94	-505.2845	-607.4451	0.7082541
945.95	-505.1823	-607.4454	0.7083009
945.96	-505.08	-607.4457	0.7083477
945.97	-504.9776	-607.4461	0.7083946
945.98	-504.8751	-607.4464	0.7084416
945.99	-504.7725	-607.4467	0.7084886
946	-504.6698	-607.4471	0.7085356
946.0099	-504.567	-607.4475	0.7085827
946.02	-504.4641	-607.4479	0.7086298
946.03	-504.3612	-607.4482	0.7086769
946.04	-504.2581	-607.4487	0.7087241
946.05	-504.1549	-607.4492	0.7087713
946.06	-504.0516	-607.4496	0.7088186
946.07	-503.9482	-607.4501	0.7088659
946.08	-503.8448	-607.4505	0.7089132
946.09	-503.7412	-607.451	0.7089605
946.1	-503.6375	-607.4515	0.7090078
946.11	-503.5338	-607.452	0.709055
946.12	-503.43	-607.4525	0.7091023
946.13	-503.326	-607.4531	0.7091495
946.14	-503.222	-607.4537	0.7091967
946.15	-503.1178	-607.4542	0.709244
946.16	-503.0136	-607.4548	0.7092912
946.17	-502.9093	-607.4554	0.7093384
946.18	-502.8049	-607.456	0.7093856
946.19	-502.7004	-607.4566	0.7094328
946.2	-502.5958	-607.4573	0.7094799
946.21	-502.4911	-607.4579	0.709527
946.22	-502.3863	-607.4586	0.7095742
946.23	-502.2814	-607.4593	0.7096214
946.24	-502.1764	-607.46	0.7096684
946.25	-502.0713	-607.4606	0.7097155
946.2599	-501.9662	-607.4614	0.7097627
946.27	-501.8609	-607.4622	0.7098098
946.28	-501.7556	-607.4629	0.7098569
946.29	-501.6501	-607.4637	0.709904
946.3	-501.5445	-607.4645	0.709951
946.31	-501.4389	-607.4653	0.7099981
946.32	-501.3332	-607.4661	0.7100452
946.33	-501.2273	-607.4669	0.7100922
946.34	-501.1214	-607.4677	0.7101392
946.35	-501.0154	-607.4686	0.7101862
946.36	-500.9092	-607.4695	0.7102333
946.37	-500.803	-607.4703	0.7102802
946.38	-500.6967	-607.4712	0.7103273
946.39	-500.5903	-607.4722	0.7103742
946.4	-500.4838	-607.4731	0.7104212
946.41	-500.3773	-607.474	0.7104682
946.42	-500.2706	-607.475	0.7105151
946.43	-500.1638	-607.476	0.7105619
946.44	-500.0569	-607.4769	0.7106088
946.45	-499.95	-607.478	0.7106556
946.46	-499.843	-607.4789	0.7107023
946.47	-499.7358	-607.48	0.7107489
946.48	-499.6286	-607.4811	0.7107955
946.49	-499.5212	-607.4821	0.7108419
946.5	-499.4138	-607.4832	0.7108882
946.5099	-499.3063	-607.4843	0.7109345
946.52	-499.1987	-607.4854	0.7109807
946.53	-499.091	-607.4865	0.7110267
946.54	-498.9832	-607.4876	0.7110727
946.55	-498.8752	-607.4888	0.7111186
946.56	-498.7673	-607.4899	0.7111644
946.57	-498.6592	-607.4911	0.7112101
946.58	-498.551	-607.4923	0.7112558
946.59	-498.4427	-607.4935	0.7113014
946.6	-498.3344	-607.4947	0.711347
946.61	-498.226	-607.496	0.7113925
946.62	-498.1174	-607.4972	0.7114379
946.63	-498.0088	-607.4984	0.7114833
946.64	-497.9001	-607.4997	0.7115287
946.65	-497.7912	-607.501	0.7115741
946.66	-497.6823	-607.5023	0.7116194
946.67	-497.5733	-607.5036	0.7116646
946.68	-497.4643	-607.505	0.7117099
946.69	-497.3551	-607.5063	0.711755
946.7	-497.2458	-607.5077	0.7118001
946.71	-497.1364	-607.5091	0.7118452
946.72	-497.027	-607.5105	0.7118902
946.73	-496.9174	-607.5119	0.7119352
946.74	-496.8078	-607.5133	0.7119802
946.75	-496.698	-607.5148	0.7120252
946.7599	-496.5882	-607.5162	0.71207
946.77	-496.4783	-607.5177	0.712115
946.78	-496.3683	-607.5192	0.7121599
946.79	-496.2582	-607.5207	0.7122046
946.8	-496.148	-607.5222	0.7122495
946.81	-496.0377	-607.5238	0.7122944
946.82	-495.9273	-607.5253	0.7123392
946.83	-495.8169	-607.5269	0.712384
946.84	-495.7063	-607.5284	0.7124289
946.85	-495.5956	-607.5301	0.7124737
946.86	-495.4849	-607.5317	0.7125185
946.87	-495.3741	-607.5333	0.7125634
946.88	-495.2632	-607.535	0.7126082
946.89	-495.1522	-607.5366	0.712653
946.9	-495.041	-607.5383	0.7126979
946.91	-494.9299	-607.54	0.7127428
946.92	-494.8186	-607.5417	0.7127877
946.93	-494.7072	-607.5434	0.7128326
946.94	-494.5958	-607.5451	0.7128775
946.95	-494.4842	-607.5469	0.7129225
946.96	-494.3726	-607.5486	0.7129674
946.97	-494.2608	-607.5504	0.7130124
946.98	-494.149	-607.5522	0.7130574
946.99	-494.0371	-607.554	0.7131023
947	-493.9251	-607.5558	0.7131475
947.0099	-493.813	-607.5577	0.7131925
947.02	-493.7008	-607.5596	0.7132375
947.03	-493.5885	-607.5614	0.7132826
947.04	-493.4762	-607.5633	0.7133278
947.05	-493.3637	-607.5652	0.7133729
947.06	-493.2512	-607.5671	0.7134181
947.07	-493.1385	-607.569	0.7134633
947.08	-493.0258	-607.571	0.7135085
947.09	-492.913	-607.573	0.7135538
947.1	-492.8001	-607.575	0.7135991
947.11	-492.6871	-607.577	0.7136443
947.12	-492.5741	-607.579	0.7136897
947.13	-492.4609	-607.581	0.713735
947.14	-492.3477	-607.583	0.7137805
947.15	-492.2343	-607.5851	0.7138258
947.16	-492.1209	-607.5872	0.7138713
947.17	-492.0074	-607.5892	0.7139168
947.18	-491.8938	-607.5914	0.7139623
947.19	-491.7802	-607.5935	0.7140078
947.2	-491.6664	-607.5956	0.7140533
947.21	-491.5525	-607.5978	0.714099
947.22	-491.4385	-607.6	0.7141445
947.23	-491.3245	-607.6022	0.7141902
947.24	-491.2104	-607.6044	0.714236
947.25	-491.0961	-607.6066	0.7142816
947.2599	-490.9818	-607.6088	0.7143273
947.27	-490.8675	-607.6111	0.7143732
947.28	-490.753	-607.6134	0.7144189
947.29	-490.6384	-607.6157	0.7144648
947.3	-490.5238	-607.6179	0.7145106
947.31	-490.4091	-607.6203	0.7145566
947.32	-490.2943	-607.6226	0.7146024
947.33	-490.1794	-607.6249	0.7146484
947.34	-490.0644	-607.6274	0.7146944
947.35	-489.9493	-607.6298	0.7147404
947.36	-489.8341	-607.6321	0.7147865
947.37	-489.7189	-607.6346	0.7148325
947.38	-489.6036	-607.637	0.7148786
947.39	-489.4882	-607.6395	0.7149248
947.4	-489.3727	-607.6419	0.7149709
947.41	-489.2571	-607.6444	0.7150168
947.42	-489.1414	-607.6469	0.7150623
947.43	-489.0256	-607.6494	0.7151074
947.44	-488.9098	-607.652	0.7151523
947.45	-488.7938	-607.6545	0.7151968
947.46	-488.6778	-607.657	0.7152398
947.47	-488.5616	-607.6597	0.7152813
947.48	-488.4454	-607.6622	0.7153214
947.49	-488.3291	-607.6648	0.71536
947.5	-488.2127	-607.6674	0.7153975
947.5099	-488.0963	-607.67	0.7154337
947.52	-487.9797	-607.6727	0.7154654
947.53	-487.8631	-607.6753	0.715493
947.54	-487.7463	-607.6779	0.7155167
947.55	-487.6295	-607.6805	0.7155367
947.56	-487.5126	-607.6832	0.7155507
947.57	-487.3957	-607.6858	0.7155593
947.58	-487.2786	-607.6884	0.7155628
947.59	-487.1614	-607.691	0.7155613
947.6	-487.0442	-607.6937	0.7155552
947.61	-486.9269	-607.6963	0.7155433
947.62	-486.8095	-607.6989	0.7155259
947.63	-486.692	-607.7015	0.7155033
947.64	-486.5744	-607.704	0.7154758
947.65	-486.4568	-607.7066	0.7154438
947.66	-486.3391	-607.7091	0.7154073
947.67	-486.2213	-607.7117	0.7153665
947.68	-486.1034	-607.7142	0.7153218
947.69	-485.9854	-607.7167	0.7152733
947.7	-485.8673	-607.7193	0.7152212
947.71	-485.7492	-607.7219	0.7151658
947.72	-485.631	-607.7244	0.7151073
947.73	-485.5126	-607.7269	0.7150457
947.74	-485.3942	-607.7294	0.7149813
947.75	-485.2757	-607.7318	0.7149142
947.7599	-485.1572	-607.7343	0.7148446
947.77	-485.0385	-607.7368	0.7147726
947.78	-484.9198	-607.7393	0.7146983
947.79	-484.8009	-607.7416	0.7146219
947.8	-484.682	-607.7441	0.7145435
947.81	-484.563	-607.7465	0.7144632
947.82	-484.4439	-607.7489	0.714381
947.83	-484.3248	-607.7512	0.7142971
947.84	-484.2055	-607.7535	0.7142116
947.85	-484.0862	-607.7559	0.7141246
947.86	-483.9667	-607.7582	0.7140361
947.87	-483.8472	-607.7606	0.7139463
947.88	-483.7276	-607.7628	0.7138551
947.89	-483.608	-607.7651	0.7137627
947.9	-483.4882	-607.7674	0.7136691
947.91	-483.3684	-607.7696	0.7135745
947.92	-483.2485	-607.7718	0.7134788
947.93	-483.1285	-607.774	0.7133821
947.94	-483.0084	-607.7762	0.7132844
947.95	-482.8882	-607.7784	0.7131859
947.96	-482.768	-607.7805	0.7130864
947.97	-482.6477	-607.7825	0.7129862
947.98	-482.5273	-607.7846	0.7128853
947.99	-482.4067	-607.7867	0.7127836
948	-482.2861	-607.7887	0.7126812
948.0099	-482.1655	-607.7907	0.7125781
948.02	-482.0448	-607.7927	0.7124745
948.03	-481.924	-607.7947	0.7123702
948.04	-481.803	-607.7966	0.7122654
948.05	-481.682	-607.7985	0.7121601
948.06	-481.5609	-607.8004	0.7120542
948.07	-481.4398	-607.8022	0.711948
948.08	-481.3185	-607.8041	0.7118414
948.09	-481.1972	-607.8058	0.7117345
948.1	-481.0757	-607.8076	0.7116271
948.11	-480.9542	-607.8093	0.7115195
948.12	-480.8327	-607.8111	0.7114117
948.13	-480.711	-607.8127	0.7113034
948.14	-480.5893	-607.8144	0.7111949
948.15	-480.4675	-607.816	0.7110861
948.16	-480.3456	-607.8176	0.7109771
948.17	-480.2236	-607.8192	0.7108678
948.18	-480.1015	-607.8207	0.7107583
948.19	-479.9794	-607.8222	0.7106485
948.2	-479.8571	-607.8237	0.7105386
948.21	-479.7348	-607.8251	0.7104284
948.22	-479.6125	-607.8265	0.710318
948.23	-479.49	-607.8279	0.7102073
948.24	-479.3674	-607.8292	0.7100966
948.25	-479.2448	-607.8305	0.7099856
948.2599	-479.1221	-607.8317	0.7098744
948.27	-478.9993	-607.833	0.7097631
948.28	-478.8765	-607.8342	0.7096516
948.29	-478.7535	-607.8353	0.7095399
948.3	-478.6305	-607.8364	0.7094281
948.31	-478.5074	-607.8376	0.7093161
948.32	-478.3842	-607.8386	0.709204
948.33	-478.2609	-607.8397	0.7090917
948.34	-478.1375	-607.8406	0.7089792
948.35	-478.0141	-607.8416	0.7088667
948.36	-477.8906	-607.8425	0.7087539
948.37	-477.767	-607.8434	0.7086411
948.38	-477.6433	-607.8442	0.708528
948.39	-477.5196	-607.8451	0.7084149
948.4	-477.3957	-607.8458	0.7083017
948.41	-477.2718	-607.8466	0.7081882
948.42	-477.1478	-607.8472	0.7080747
948.43	-477.0237	-607.848	0.7079611
948.44	-476.8996	-607.8486	0.7078474
948.45	-476.7754	-607.8491	0.7077335
948.46	-476.6511	-607.8497	0.7076195
948.47	-476.5267	-607.8502	0.7075055
948.48	-476.4022	-607.8507	0.7073913
948.49	-476.2776	-607.8511	0.7072769
948.5	-476.153	-607.8515	0.7071625
948.5099	-476.0283	-607.8519	0.707048
948.52	-475.9035	-607.8522	0.7069333
948.53	-475.7787	-607.8525	0.7068185
948.54	-475.6537	-607.8527	0.7067037
948.55	-475.5287	-607.853	0.7065887
948.56	-475.4036	-607.8531	0.7064737
948.57	-475.2784	-607.8533	0.7063586
948.58	-475.1531	-607.8533	0.7062433
948.59	-475.0278	-607.8535	0.7061279
948.6	-474.9024	-607.8535	0.7060125
948.61	-474.7769	-607.8534	0.7058973
948.62	-474.6513	-607.8533	0.7057824
948.63	-474.5257	-607.8532	0.7056678
948.64	-474.3999	-607.8531	0.7055535
948.65	-474.2741	-607.853	0.7054393
948.66	-474.1482	-607.8527	0.7053266
948.67	-474.0223	-607.8525	0.705215
948.68	-473.8962	-607.8522	0.7051046
948.69	-473.7701	-607.8519	0.7049955
948.7	-473.6439	-607.8516	0.7048872
948.71	-473.5176	-607.8512	0.7047817
948.72	-473.3913	-607.8508	0.7046788
948.73	-473.2649	-607.8503	0.7045782
948.74	-473.1383	-607.8499	0.7044798
948.75	-473.0117	-607.8493	0.7043836
948.7599	-472.8851	-607.8488	0.704291
948.77	-472.7584	-607.8482	0.7042021
948.78	-472.6316	-607.8476	0.7041164
948.79	-472.5047	-607.847	0.7040339
948.8	-472.3777	-607.8464	0.7039543
948.81	-472.2507	-607.8458	0.7038789
948.82	-472.1236	-607.845	0.7038073
948.83	-471.9964	-607.8444	0.7037394
948.84	-471.8691	-607.8436	0.703675
948.85	-471.7418	-607.8428	0.7036139
948.86	-471.6144	-607.8421	0.7035559
948.87	-471.487	-607.8412	0.7035013
948.88	-471.3595	-607.8405	0.7034495
948.89	-471.2319	-607.8395	0.7034006
948.9	-471.1042	-607.8387	0.7033543
948.91	-470.9765	-607.8378	0.7033106
948.92	-470.8488	-607.8369	0.7032691
948.93	-470.7209	-607.8359	0.70323
948.94	-470.5931	-607.835	0.7031931
948.95	-470.4651	-607.834	0.703158
948.96	-470.3372	-607.8331	0.7031249
948.97	-470.2092	-607.832	0.7030937
948.98	-470.0812	-607.831	0.7030641
948.99	-469.9532	-607.83	0.7030363
949	-469.8251	-607.8289	0.7030099
949.0099	-469.697	-607.8278	0.702985
949.02	-469.5689	-607.8267	0.7029615
949.03	-469.4407	-607.8256	0.7029393
949.04	-469.3126	-607.8244	0.7029184
949.05	-469.1844	-607.8232	0.7028987
949.06	-469.0562	-607.8221	0.70288
949.07	-468.9279	-607.8209	0.7028624
949.08	-468.7997	-607.8197	0.7028458
949.09	-468.6715	-607.8185	0.7028301
949.1	-468.5433	-607.8173	0.7028154
949.11	-468.4151	-607.816	0.7028015
949.12	-468.2869	-607.8147	0.7027885
949.13	-468.1587	-607.8134	0.7027763
949.14	-468.0305	-607.8121	0.7027647
949.15	-467.9023	-607.8109	0.702754
949.16	-467.7742	-607.8096	0.7027438
949.17	-467.646	-607.8082	0.7027343
949.18	-467.5179	-607.8069	0.7027254
949.19	-467.3898	-607.8055	0.702717
949.2	-467.2617	-607.8042	0.7027093
949.21	-467.1336	-607.8029	0.7027019
949.22	-467.0055	-607.8015	0.7026951
949.23	-466.8775	-607.8001	0.7026888
949.24	-466.7494	-607.7987	0.7026829
949.25	-466.6214	-607.7973	0.7026773
949.2599	-466.4934	-607.7959	0.7026722
949.27	-466.3654	-607.7945	0.7026675
949.28	-466.2374	-607.7931	0.7026631
949.29	-466.1094	-607.7917	0.7026591
949.3	-465.9815	-607.7902	0.7026554
949.31	-465.8535	-607.7888	0.7026519
949.32	-465.7256	-607.7873	0.7026488
949.33	-465.5977	-607.7858	0.7026459
949.34	-465.4698	-607.7843	0.7026433
949.35	-465.3419	-607.7828	0.7026409
949.36	-465.2141	-607.7814	0.7026387
949.37	-465.0862	-607.7799	0.7026368
949.38	-464.9584	-607.7784	0.7026352
949.39	-464.8306	-607.777	0.7026337
949.4	-464.7028	-607.7755	0.7026323
949.41	-464.575	-607.7739	0.7026312
949.42	-464.4472	-607.7724	0.7026302
949.43	-464.3195	-607.7709	0.7026294
949.44	-464.1917	-607.7693	0.7026287
949.45	-464.064	-607.7678	0.7026283
949.46	-463.9363	-607.7663	0.7026278
949.47	-463.8086	-607.7648	0.7026276
949.48	-463.6809	-607.7632	0.7026275
949.49	-463.5532	-607.7617	0.7026275
949.5	-463.4256	-607.7602	0.7026277
949.5099	-463.2979	-607.7587	0.7026278
949.52	-463.1703	-607.7571	0.7026282
949.53	-463.0427	-607.7556	0.7026286
949.54	-462.9151	-607.7541	0.7026291
