301.69	-646.5916	-606.9533	0.7017043
301.7	-646.457	-606.9515	0.7016925
301.71	-646.3225	-606.9496	0.7016817
301.72	-646.188	-606.9478	0.701672
301.73	-646.0536	-606.946	0.7016633
301.74	-645.9191	-606.9441	0.7016557
301.75	-645.7847	-606.9422	0.7016491
301.76	-645.6503	-606.9403	0.7016433
301.77	-645.5159	-606.9384	0.7016389
301.78	-645.3815	-606.9365	0.7016357
301.79	-645.2471	-606.9346	0.7016335
301.8	-645.1128	-606.9327	0.7016325
301.81	-644.9785	-606.9308	0.7016325
301.82	-644.8442	-606.929	0.701634
301.83	-644.7099	-606.9271	0.7016371
301.84	-644.5756	-606.9252	0.7016417
301.85	-644.4413	-606.9233	0.7016476
301.86	-644.3071	-606.9214	0.7016547
301.87	-644.1729	-606.9195	0.7016635
301.88	-644.0386	-606.9176	0.7016738
301.89	-643.9044	-606.9157	0.7016856
301.9	-643.7702	-606.9138	0.7016987
301.91	-643.636	-606.9119	0.7017132
301.92	-643.5018	-606.91	0.7017289
301.93	-643.3677	-606.9082	0.7017459
301.94	-643.2335	-606.9063	0.7017639
301.95	-643.0994	-606.9044	0.7017831
301.96	-642.9653	-606.9025	0.7018033
301.97	-642.8312	-606.9006	0.7018244
301.98	-642.6971	-606.8987	0.7018464
301.99	-642.563	-606.8969	0.7018693
302	-642.429	-606.895	0.701893
302.01	-642.295	-606.8931	0.7019176
302.02	-642.161	-606.8912	0.7019429
302.03	-642.027	-606.8893	0.7019689
302.04	-641.8931	-606.8875	0.7019956
302.05	-641.7591	-606.8856	0.702023
302.06	-641.6251	-606.8837	0.7020509
302.07	-641.4912	-606.8818	0.7020794
302.08	-641.3573	-606.8799	0.7021084
302.09	-641.2234	-606.8781	0.7021379
302.1	-641.0895	-606.8762	0.7021677
302.11	-640.9556	-606.8745	0.7021981
302.12	-640.8217	-606.8726	0.7022287
302.13	-640.6879	-606.8708	0.7022596
302.14	-640.554	-606.869	0.7022907
302.15	-640.4202	-606.8671	0.7023219
302.16	-640.2864	-606.8654	0.7023535
302.17	-640.1526	-606.8635	0.702385
302.18	-640.0188	-606.8617	0.7024165
302.19	-639.8851	-606.8599	0.7024478
302.2	-639.7513	-606.8581	0.7024792
302.21	-639.6176	-606.8564	0.7025105
302.22	-639.4839	-606.8546	0.7025415
302.23	-639.3502	-606.8528	0.7025721
302.24	-639.2166	-606.8511	0.7026024
302.25	-639.0829	-606.8493	0.7026324
302.26	-638.9492	-606.8476	0.7026621
302.27	-638.8156	-606.8458	0.7026911
302.28	-638.682	-606.8441	0.7027194
302.29	-638.5484	-606.8423	0.7027472
302.3	-638.4148	-606.8406	0.7027743
302.31	-638.2812	-606.8389	0.7028009
302.32	-638.1476	-606.8372	0.702827
302.33	-638.014	-606.8355	0.7028518
302.34	-637.8805	-606.8338	0.7028754
302.35	-637.7469	-606.8321	0.7028979
302.36	-637.6135	-606.8304	0.7029192
302.37	-637.48	-606.8287	0.7029389
302.38	-637.3465	-606.827	0.702957
302.39	-637.213	-606.8253	0.7029737
302.4	-637.0796	-606.8236	0.7029889
302.41	-636.9462	-606.8219	0.7030028
302.42	-636.8127	-606.8202	0.7030146
302.43	-636.6794	-606.8185	0.7030245
302.44	-636.546	-606.8169	0.7030326
302.45	-636.4127	-606.8152	0.7030391
302.46	-636.2793	-606.8136	0.7030438
302.47	-636.146	-606.812	0.7030467
302.48	-636.0127	-606.8103	0.7030478
302.49	-635.8794	-606.8087	0.7030472
302.5	-635.7461	-606.807	0.7030449
302.51	-635.6128	-606.8054	0.703041
302.52	-635.4796	-606.8037	0.7030358
302.53	-635.3463	-606.8021	0.7030293
302.54	-635.2131	-606.8004	0.7030215
302.55	-635.0798	-606.7988	0.7030125
302.56	-634.9466	-606.7971	0.7030024
302.57	-634.8134	-606.7955	0.7029914
302.58	-634.6802	-606.7938	0.7029799
302.59	-634.5471	-606.7922	0.7029676
302.6	-634.4139	-606.7905	0.7029546
302.61	-634.2808	-606.7888	0.7029411
302.62	-634.1477	-606.7872	0.7029272
302.63	-634.0146	-606.7855	0.7029132
302.64	-633.8816	-606.7839	0.702899
302.65	-633.7485	-606.7822	0.7028846
302.66	-633.6155	-606.7806	0.7028699
302.67	-633.4825	-606.7789	0.7028555
302.68	-633.3495	-606.7773	0.7028412
302.69	-633.2165	-606.7756	0.7028272
302.7	-633.0835	-606.774	0.7028134
302.71	-632.9505	-606.7723	0.7027998
302.72	-632.8176	-606.7706	0.7027869
302.73	-632.6846	-606.769	0.7027746
302.74	-632.5517	-606.7673	0.702763
302.75	-632.4188	-606.7657	0.7027519
302.76	-632.2858	-606.764	0.7027416
302.77	-632.153	-606.7624	0.7027321
302.78	-632.0201	-606.7607	0.7027234
302.79	-631.8872	-606.7591	0.7027156
302.8	-631.7544	-606.7574	0.7027086
302.81	-631.6216	-606.7558	0.7027024
302.82	-631.4888	-606.7542	0.7026975
302.83	-631.356	-606.7525	0.7026936
302.84	-631.2233	-606.7509	0.702691
302.85	-631.0905	-606.7492	0.7026893
302.86	-630.9578	-606.7476	0.7026887
302.87	-630.8251	-606.7459	0.7026896
302.88	-630.6924	-606.7443	0.7026919
302.89	-630.5597	-606.7427	0.7026956
302.9	-630.427	-606.7411	0.7027006
302.91	-630.2943	-606.7395	0.7027068
302.92	-630.1617	-606.7379	0.7027149
302.93	-630.0291	-606.7363	0.7027247
302.94	-629.8964	-606.7347	0.7027362
302.95	-629.7638	-606.7332	0.7027493
302.96	-629.6312	-606.7316	0.7027638
302.97	-629.4986	-606.73	0.7027798
302.98	-629.366	-606.7284	0.7027976
302.99	-629.2335	-606.7269	0.702817
303	-629.101	-606.7253	0.7028381
303.01	-628.9684	-606.7237	0.7028607
303.02	-628.8359	-606.7222	0.7028845
303.03	-628.7034	-606.7206	0.7029098
303.04	-628.571	-606.7191	0.7029364
303.05	-628.4385	-606.7177	0.7029642
303.06	-628.3061	-606.7161	0.7029932
303.07	-628.1736	-606.7146	0.7030231
303.08	-628.0413	-606.7131	0.7030541
303.09	-627.9089	-606.7115	0.7030859
303.1	-627.7765	-606.7101	0.7031185
303.11	-627.6441	-606.7086	0.7031519
303.12	-627.5118	-606.7072	0.7031859
303.13	-627.3795	-606.7057	0.7032204
303.14	-627.2471	-606.7043	0.7032555
303.15	-627.1148	-606.7028	0.7032911
303.16	-626.9825	-606.7014	0.7033273
303.17	-626.8502	-606.6999	0.7033635
303.18	-626.718	-606.6984	0.7034
303.19	-626.5857	-606.6971	0.7034365
303.2	-626.4534	-606.6957	0.7034732
303.21	-626.3212	-606.6943	0.7035099
303.22	-626.189	-606.6929	0.7035465
303.23	-626.0568	-606.6915	0.7035828
303.24	-625.9247	-606.6901	0.7036188
303.25	-625.7925	-606.6887	0.7036545
303.26	-625.6604	-606.6874	0.70369
303.27	-625.5283	-606.6861	0.7037249
303.28	-625.3962	-606.6848	0.7037591
303.29	-625.2642	-606.6834	0.7037928
303.3	-625.1321	-606.6821	0.7038258
303.31	-625	-606.6807	0.7038584
303.32	-624.868	-606.6794	0.70389
303.33	-624.736	-606.6781	0.7039208
303.34	-624.6039	-606.6768	0.7039509
303.35	-624.4719	-606.6755	0.7039801
303.36	-624.3399	-606.6743	0.7040087
303.37	-624.2079	-606.673	0.7040363
303.38	-624.076	-606.6718	0.7040629
303.39	-623.944	-606.6705	0.7040886
303.4	-623.8121	-606.6692	0.7041134
303.41	-623.6802	-606.6679	0.7041374
303.42	-623.5483	-606.6667	0.7041604
303.43	-623.4164	-606.6655	0.7041824
303.44	-623.2845	-606.6643	0.7042035
303.45	-623.1526	-606.6631	0.7042238
303.46	-623.0208	-606.6619	0.7042431
303.47	-622.889	-606.6606	0.7042615
303.48	-622.7572	-606.6594	0.704279
303.49	-622.6254	-606.6582	0.7042956
303.5	-622.4937	-606.657	0.7043115
303.51	-622.3619	-606.6559	0.7043265
303.52	-622.2302	-606.6547	0.7043405
303.53	-622.0984	-606.6536	0.7043532
303.54	-621.9667	-606.6524	0.704365
303.55	-621.835	-606.6512	0.7043758
303.56	-621.7033	-606.6501	0.7043856
303.57	-621.5717	-606.6489	0.7043944
303.58	-621.44	-606.6478	0.7044022
303.59	-621.3083	-606.6466	0.7044089
303.6	-621.1767	-606.6454	0.7044149
303.61	-621.045	-606.6443	0.7044199
303.62	-620.9135	-606.6431	0.7044241
303.63	-620.7819	-606.642	0.7044276
303.64	-620.6503	-606.6409	0.7044303
303.65	-620.5187	-606.6398	0.7044324
303.66	-620.3871	-606.6387	0.7044337
303.67	-620.2556	-606.6376	0.7044346
303.68	-620.1241	-606.6365	0.7044351
303.69	-619.9926	-606.6354	0.7044353
303.7	-619.861	-606.6343	0.7044351
303.71	-619.7295	-606.6332	0.7044346
303.72	-619.598	-606.6321	0.7044341
303.73	-619.4666	-606.631	0.7044336
303.74	-619.3351	-606.6299	0.7044332
303.75	-619.2036	-606.6288	0.7044328
303.76	-619.0721	-606.6277	0.7044324
303.77	-618.9407	-606.6266	0.7044327
303.78	-618.8093	-606.6256	0.7044335
303.79	-618.6779	-606.6246	0.7044348
303.8	-618.5465	-606.6235	0.7044367
303.81	-618.4151	-606.6225	0.704439
303.82	-618.2837	-606.6215	0.7044418
303.83	-618.1523	-606.6204	0.7044459
303.84	-618.021	-606.6194	0.7044512
303.85	-617.8896	-606.6183	0.7044577
303.86	-617.7583	-606.6174	0.7044652
303.87	-617.627	-606.6163	0.7044744
303.88	-617.4956	-606.6154	0.7044851
303.89	-617.3643	-606.6144	0.7044973
303.9	-617.2329	-606.6134	0.7045108
303.91	-617.1016	-606.6124	0.7045257
303.92	-616.9702	-606.6115	0.7045419
303.93	-616.8389	-606.6105	0.7045597
303.94	-616.7076	-606.6095	0.7045794
303.95	-616.5764	-606.6085	0.7046007
303.96	-616.4451	-606.6077	0.7046235
303.97	-616.3138	-606.6068	0.704648
303.98	-616.1826	-606.6058	0.704674
303.99	-616.0514	-606.6049	0.7047015
304	-615.9202	-606.604	0.7047304
304.01	-615.7889	-606.6031	0.7047607
304.02	-615.6577	-606.6022	0.7047922
304.03	-615.5265	-606.6014	0.704825
304.04	-615.3953	-606.6005	0.7048589
304.05	-615.2641	-606.5997	0.7048939
304.06	-615.1329	-606.5989	0.7049301
304.07	-615.0018	-606.598	0.7049671
304.08	-614.8706	-606.5972	0.7050051
304.09	-614.7394	-606.5964	0.705044
304.1	-614.6083	-606.5956	0.7050838
304.11	-614.4771	-606.5948	0.7051244
304.12	-614.346	-606.5941	0.7051657
304.13	-614.2149	-606.5933	0.7052078
304.14	-614.0838	-606.5925	0.7052506
304.15	-613.9527	-606.5918	0.7052941
304.16	-613.8216	-606.5911	0.7053381
304.17	-613.6906	-606.5904	0.7053826
304.18	-613.5595	-606.5897	0.7054277
304.19	-613.4285	-606.5889	0.7054732
304.2	-613.2974	-606.5883	0.7055194
304.21	-613.1664	-606.5876	0.7055659
304.22	-613.0353	-606.587	0.7056125
304.23	-612.9043	-606.5863	0.7056594
304.24	-612.7733	-606.5857	0.7057065
304.25	-612.6422	-606.5851	0.7057537
304.26	-612.5112	-606.5845	0.7058012
304.27	-612.3802	-606.5839	0.7058484
304.28	-612.2493	-606.5833	0.7058952
304.29	-612.1183	-606.5828	0.705942
304.3	-611.9873	-606.5823	0.7059885
304.31	-611.8564	-606.5817	0.7060347
304.32	-611.7255	-606.5812	0.7060803
304.33	-611.5945	-606.5806	0.7061253
304.34	-611.4637	-606.5802	0.7061698
304.35	-611.3328	-606.5797	0.7062137
304.36	-611.202	-606.5792	0.706257
304.37	-611.0712	-606.5788	0.7062994
304.38	-610.9404	-606.5783	0.7063408
304.39	-610.8096	-606.5778	0.7063812
304.4	-610.6788	-606.5774	0.7064208
304.41	-610.548	-606.577	0.7064595
304.42	-610.4172	-606.5766	0.7064972
304.43	-610.2865	-606.5762	0.7065338
304.44	-610.1558	-606.5757	0.7065696
304.45	-610.025	-606.5754	0.7066045
304.46	-609.8943	-606.5751	0.7066385
304.47	-609.7636	-606.5747	0.7066715
304.48	-609.6329	-606.5743	0.7067037
304.49	-609.5023	-606.574	0.706735
304.5	-609.3716	-606.5737	0.7067655
304.51	-609.241	-606.5734	0.7067953
304.52	-609.1104	-606.5731	0.7068243
304.53	-608.9797	-606.5728	0.7068526
304.54	-608.8491	-606.5725	0.7068802
304.55	-608.7186	-606.5723	0.706907
304.56	-608.588	-606.572	0.7069333
304.57	-608.4575	-606.5718	0.7069586
304.58	-608.327	-606.5715	0.706983
304.59	-608.1965	-606.5713	0.7070067
304.6	-608.066	-606.571	0.7070296
304.61	-607.9355	-606.5709	0.7070519
304.62	-607.8051	-606.5707	0.7070726
304.63	-607.6746	-606.5705	0.707092
304.64	-607.5442	-606.5703	0.7071102
304.65	-607.4138	-606.5701	0.7071272
304.66	-607.2833	-606.5699	0.7071429
304.67	-607.153	-606.5698	0.7071564
304.68	-607.0226	-606.5696	0.7071675
304.69	-606.8922	-606.5694	0.7071765
304.7	-606.7618	-606.5693	0.7071835
304.71	-606.6315	-606.5691	0.7071885
304.72	-606.5012	-606.5689	0.7071908
304.73	-606.3708	-606.5687	0.7071904
304.74	-606.2405	-606.5685	0.7071874
304.75	-606.1103	-606.5683	0.7071821
304.76	-605.98	-606.5681	0.7071745
304.77	-605.8498	-606.5679	0.7071645
304.78	-605.7195	-606.5677	0.7071522
304.79	-605.5894	-606.5676	0.7071378
304.8	-605.4592	-606.5674	0.7071214
304.81	-605.329	-606.5672	0.7071031
304.82	-605.1989	-606.567	0.7070834
304.83	-605.0687	-606.5668	0.7070623
304.84	-604.9386	-606.5667	0.7070399
304.85	-604.8085	-606.5664	0.7070163
304.86	-604.6783	-606.5662	0.7069914
304.87	-604.5483	-606.566	0.706966
304.88	-604.4182	-606.5659	0.7069401
304.89	-604.2881	-606.5657	0.7069135
304.9	-604.1581	-606.5655	0.7068865
304.91	-604.028	-606.5652	0.7068589
304.92	-603.898	-606.5651	0.7068315
304.93	-603.768	-606.5649	0.7068042
304.94	-603.638	-606.5647	0.706777
304.95	-603.508	-606.5645	0.7067498
304.96	-603.3781	-606.5643	0.7067227
304.97	-603.2481	-606.5641	0.7066963
304.98	-603.1182	-606.5639	0.7066705
304.99	-602.9883	-606.5637	0.7066453
305	-602.8584	-606.5635	0.7066207
305.01	-602.7285	-606.5634	0.7065965
305.02	-602.5986	-606.5631	0.7065733
305.03	-602.4688	-606.5629	0.7065511
305.04	-602.339	-606.5627	0.7065297
305.05	-602.2092	-606.5626	0.7065093
305.06	-602.0793	-606.5624	0.7064896
305.07	-601.9495	-606.5622	0.7064706
305.08	-601.8198	-606.562	0.7064529
305.09	-601.69	-606.5618	0.7064363
305.1	-601.5602	-606.5616	0.7064209
305.11	-601.4305	-606.5614	0.7064065
305.12	-601.3008	-606.5612	0.7063936
305.13	-601.1711	-606.561	0.7063821
305.14	-601.0414	-606.5609	0.706372
305.15	-600.9117	-606.5607	0.7063632
305.16	-600.782	-606.5605	0.7063556
305.17	-600.6523	-606.5603	0.7063498
305.18	-600.5227	-606.5601	0.7063459
305.19	-600.3931	-606.5599	0.7063435
305.2	-600.2635	-606.5598	0.7063428
305.21	-600.1339	-606.5596	0.7063436
305.22	-600.0043	-606.5594	0.7063463
305.23	-599.8748	-606.5592	0.706351
305.24	-599.7453	-606.559	0.7063576
305.25	-599.6158	-606.5588	0.7063659
305.26	-599.4863	-606.5587	0.7063758
305.27	-599.3568	-606.5585	0.7063878
305.28	-599.2274	-606.5583	0.7064016
305.29	-599.0979	-606.5581	0.7064173
305.3	-598.9684	-606.558	0.7064347
305.31	-598.839	-606.5578	0.7064538
305.32	-598.7096	-606.5576	0.7064747
305.33	-598.5802	-606.5574	0.7064973
305.34	-598.4508	-606.5573	0.7065217
305.35	-598.3214	-606.5572	0.7065476
305.36	-598.192	-606.5571	0.706575
305.37	-598.0627	-606.557	0.706604
305.38	-597.9333	-606.5569	0.7066345
305.39	-597.804	-606.5568	0.7066665
305.4	-597.6747	-606.5566	0.7066998
305.41	-597.5454	-606.5566	0.7067345
305.42	-597.4161	-606.5565	0.7067705
305.43	-597.2869	-606.5564	0.7068079
305.44	-597.1577	-606.5563	0.7068468
305.45	-597.0284	-606.5563	0.7068871
305.46	-596.8992	-606.5563	0.7069286
305.47	-596.7701	-606.5562	0.7069718
305.48	-596.6409	-606.5562	0.7070166
305.49	-596.5118	-606.5562	0.7070628
305.5	-596.3826	-606.5562	0.7071105
305.51	-596.2535	-606.5562	0.7071594
305.52	-596.1243	-606.5563	0.7072096
305.53	-595.9952	-606.5563	0.7072618
305.54	-595.8661	-606.5563	0.7073157
305.55	-595.7371	-606.5565	0.7073714
305.56	-595.608	-606.5565	0.7074286
305.57	-595.4789	-606.5566	0.7074878
305.58	-595.3499	-606.5568	0.7075488
305.59	-595.2209	-606.5569	0.7076114
305.6	-595.0919	-606.5571	0.7076757
305.61	-594.9628	-606.5572	0.7077414
305.62	-594.8339	-606.5574	0.7078087
305.63	-594.7049	-606.5576	0.7078774
305.64	-594.5759	-606.5579	0.7079476
305.65	-594.447	-606.5581	0.7080189
305.66	-594.3181	-606.5584	0.7080916
305.67	-594.1892	-606.5587	0.7081653
305.68	-594.0604	-606.559	0.7082402
305.69	-593.9315	-606.5593	0.7083161
305.7	-593.8027	-606.5597	0.708393
305.71	-593.6738	-606.5601	0.7084709
305.72	-593.545	-606.5605	0.7085497
305.73	-593.4163	-606.5609	0.7086292
305.74	-593.2875	-606.5613	0.7087096
305.75	-593.1587	-606.5618	0.7087907
305.76	-593.0299	-606.5623	0.7088725
305.77	-592.9012	-606.5627	0.708955
305.78	-592.7725	-606.5633	0.7090383
305.79	-592.6437	-606.5638	0.7091222
305.8	-592.515	-606.5645	0.7092066
305.81	-592.3863	-606.5651	0.7092918
305.82	-592.2576	-606.5657	0.7093775
305.83	-592.129	-606.5663	0.7094641
305.84	-592.0003	-606.567	0.7095513
305.85	-591.8717	-606.5677	0.7096393
305.86	-591.7431	-606.5684	0.7097278
305.87	-591.6145	-606.5692	0.7098174
305.88	-591.4859	-606.57	0.7099082
305.89	-591.3574	-606.5708	0.7099999
305.9	-591.2288	-606.5717	0.7100926
305.91	-591.1003	-606.5725	0.7101862
305.92	-590.9718	-606.5734	0.710281
305.93	-590.8433	-606.5744	0.710377
305.94	-590.7148	-606.5753	0.7104741
305.95	-590.5864	-606.5764	0.7105722
305.96	-590.4579	-606.5774	0.7106714
305.97	-590.3295	-606.5784	0.7107714
305.98	-590.201	-606.5795	0.7108724
305.99	-590.0726	-606.5807	0.7109743
306	-589.9442	-606.5818	0.711077
306.01	-589.8158	-606.583	0.7111806
306.02	-589.6874	-606.5842	0.7112847
306.03	-589.5591	-606.5854	0.7113894
306.04	-589.4307	-606.5867	0.7114948
306.05	-589.3024	-606.5881	0.7116005
306.06	-589.1741	-606.5895	0.7117069
306.07	-589.0458	-606.5908	0.7118136
306.08	-588.9176	-606.5923	0.7119204
306.09	-588.7894	-606.5938	0.7120277
306.1	-588.6611	-606.5952	0.7121351
306.11	-588.5329	-606.5967	0.7122429
306.12	-588.4047	-606.5983	0.7123506
306.13	-588.2766	-606.5999	0.7124585
306.14	-588.1484	-606.6015	0.7125663
306.15	-588.0202	-606.6032	0.7126741
306.16	-587.892	-606.6049	0.712782
306.17	-587.7639	-606.6067	0.7128897
306.18	-587.6358	-606.6084	0.7129969
306.19	-587.5077	-606.6102	0.7131038
306.2	-587.3796	-606.6121	0.7132104
306.21	-587.2515	-606.6139	0.7133168
306.22	-587.1234	-606.6158	0.7134222
306.23	-586.9954	-606.6177	0.713527
306.24	-586.8673	-606.6197	0.7136309
306.25	-586.7393	-606.6217	0.7137341
306.26	-586.6113	-606.6238	0.7138364
306.27	-586.4833	-606.6259	0.7139375
306.28	-586.3554	-606.6279	0.7140371
306.29	-586.2275	-606.6301	0.7141353
306.3	-586.0995	-606.6322	0.7142324
306.31	-585.9716	-606.6344	0.7143283
306.32	-585.8438	-606.6367	0.7144223
306.33	-585.7159	-606.6389	0.7145143
306.34	-585.588	-606.6412	0.7146046
306.35	-585.4601	-606.6435	0.7146931
306.36	-585.3323	-606.6458	0.7147802
306.37	-585.2045	-606.6482	0.714865
306.38	-585.0767	-606.6506	0.7149476
306.39	-584.9489	-606.653	0.7150284
306.4	-584.821	-606.6555	0.7151073
306.41	-584.6933	-606.658	0.7151844
306.42	-584.5656	-606.6605	0.7152596
306.43	-584.4378	-606.663	0.7153328
306.44	-584.3101	-606.6655	0.7154043
306.45	-584.1824	-606.6682	0.7154741
306.46	-584.0547	-606.6707	0.7155423
306.47	-583.9271	-606.6734	0.715609
306.48	-583.7995	-606.676	0.7156742
306.49	-583.6719	-606.6788	0.7157379
306.5	-583.5443	-606.6815	0.7158003
306.51	-583.4166	-606.6842	0.7158614
306.52	-583.289	-606.687	0.7159213
306.53	-583.1614	-606.6898	0.7159801
306.54	-583.0339	-606.6926	0.7160378
306.55	-582.9063	-606.6954	0.7160945
306.56	-582.7787	-606.6983	0.7161502
306.57	-582.6512	-606.7012	0.7162049
306.58	-582.5237	-606.7041	0.7162587
306.59	-582.3962	-606.707	0.7163115
306.6	-582.2687	-606.71	0.7163636
306.61	-582.1413	-606.713	0.7164148
306.62	-582.0139	-606.716	0.7164649
306.63	-581.8864	-606.7191	0.7165142
306.64	-581.759	-606.7221	0.7165626
306.65	-581.6317	-606.7252	0.71661
306.66	-581.5043	-606.7283	0.7166566
306.67	-581.377	-606.7314	0.716702
306.68	-581.2496	-606.7345	0.7167462
306.69	-581.1223	-606.7377	0.7167892
306.7	-580.995	-606.7408	0.7168312
306.71	-580.8677	-606.744	0.7168722
306.72	-580.7404	-606.7472	0.7169122
306.73	-580.6131	-606.7505	0.7169505
306.74	-580.4858	-606.7537	0.7169874
306.75	-580.3586	-606.757	0.7170228
306.76	-580.2313	-606.7603	0.7170569
306.77	-580.1041	-606.7636	0.7170891
306.78	-579.9769	-606.7669	0.7171197
306.79	-579.8497	-606.7702	0.7171487
306.8	-579.7226	-606.7735	0.7171761
306.81	-579.5955	-606.7769	0.7172022
306.82	-579.4684	-606.7803	0.7172263
306.83	-579.3412	-606.7836	0.7172486
306.84	-579.2142	-606.787	0.7172691
306.85	-579.0871	-606.7903	0.717288
306.86	-578.96	-606.7938	0.7173054
306.87	-578.833	-606.7972	0.7173208
306.88	-578.706	-606.8006	0.7173344
306.89	-578.579	-606.804	0.7173463
306.9	-578.452	-606.8074	0.7173566
306.91	-578.325	-606.8109	0.7173654
306.92	-578.198	-606.8144	0.7173725
306.93	-578.071	-606.8179	0.717378
306.94	-577.9441	-606.8214	0.717382
306.95	-577.8171	-606.8248	0.7173846
306.96	-577.6902	-606.8283	0.7173859
306.97	-577.5633	-606.8318	0.7173858
306.98	-577.4364	-606.8353	0.7173846
306.99	-577.3095	-606.8387	0.7173821
307	-577.1826	-606.8422	0.7173786
307.01	-577.0558	-606.8458	0.717374
307.02	-576.929	-606.8493	0.7173684
307.03	-576.8021	-606.8528	0.7173619
307.04	-576.6754	-606.8563	0.7173544
307.05	-576.5486	-606.8599	0.7173461
307.06	-576.4218	-606.8634	0.7173371
307.07	-576.295	-606.8669	0.7173272
307.08	-576.1683	-606.8705	0.7173168
307.09	-576.0416	-606.874	0.7173058
307.1	-575.9149	-606.8776	0.7172945
307.11	-575.7882	-606.8811	0.7172825
307.12	-575.6616	-606.8846	0.7172703
307.13	-575.5349	-606.8882	0.7172578
307.14	-575.4083	-606.8917	0.7172451
307.15	-575.2816	-606.8953	0.7172322
307.16	-575.155	-606.8988	0.7172191
307.17	-575.0283	-606.9023	0.7172062
307.18	-574.9017	-606.9058	0.7171935
307.19	-574.7751	-606.9094	0.7171811
307.2	-574.6486	-606.9129	0.7171689
307.21	-574.522	-606.9164	0.7171568
307.22	-574.3954	-606.92	0.7171453
307.23	-574.2689	-606.9235	0.7171342
307.24	-574.1424	-606.9271	0.7171237
307.25	-574.0159	-606.9307	0.7171136
307.26	-573.8895	-606.9343	0.717104
307.27	-573.763	-606.9379	0.7170947
307.28	-573.6365	-606.9415	0.7170861
307.29	-573.5101	-606.9451	0.7170779
307.3	-573.3837	-606.9487	0.7170702
307.31	-573.2573	-606.9523	0.7170628
307.32	-573.131	-606.9559	0.7170559
307.33	-573.0046	-606.9595	0.7170495
307.34	-572.8783	-606.9631	0.7170435
307.35	-572.752	-606.9667	0.7170379
307.36	-572.6256	-606.9703	0.7170327
307.37	-572.4993	-606.9739	0.717028
307.38	-572.373	-606.9775	0.717024
307.39	-572.2468	-606.9811	0.7170205
307.4	-572.1205	-606.9847	0.7170175
307.41	-571.9942	-606.9883	0.717015
307.42	-571.868	-606.9919	0.7170133
307.43	-571.7418	-606.9955	0.7170124
307.44	-571.6155	-606.9991	0.7170121
307.45	-571.4893	-607.0027	0.7170125
307.46	-571.3632	-607.0063	0.7170135
307.47	-571.237	-607.0099	0.7170151
307.48	-571.1108	-607.0135	0.7170177
307.49	-570.9847	-607.0171	0.7170212
307.5	-570.8586	-607.0207	0.7170255
307.51	-570.7325	-607.0243	0.7170307
307.52	-570.6064	-607.0279	0.7170367
307.53	-570.4803	-607.0315	0.7170435
307.54	-570.3543	-607.0351	0.7170511
307.55	-570.2283	-607.0387	0.7170594
307.56	-570.1022	-607.0424	0.7170685
307.57	-569.9763	-607.046	0.7170782
307.58	-569.8503	-607.0496	0.7170885
307.59	-569.7243	-607.0532	0.7170993
307.6	-569.5983	-607.0568	0.7171107
307.61	-569.4724	-607.0604	0.7171225
307.62	-569.3464	-607.064	0.7171345
307.63	-569.2205	-607.0676	0.7171468
307.64	-569.0946	-607.0712	0.7171592
307.65	-568.9687	-607.0748	0.7171717
307.66	-568.8428	-607.0784	0.7171845
307.67	-568.7169	-607.082	0.7171968
307.68	-568.5911	-607.0856	0.7172089
307.69	-568.4653	-607.0892	0.7172205
307.7	-568.3394	-607.0928	0.7172318
307.71	-568.2136	-607.0964	0.7172427
307.72	-568.0878	-607.1	0.7172528
307.73	-567.962	-607.1036	0.717262
307.74	-567.8363	-607.1072	0.7172704
307.75	-567.7106	-607.1108	0.717278
307.76	-567.5848	-607.1144	0.7172849
307.77	-567.4591	-607.118	0.7172912
307.78	-567.3334	-607.1216	0.7172961
307.79	-567.2078	-607.1252	0.7172998
307.8	-567.0821	-607.1288	0.7173024
307.81	-566.9564	-607.1324	0.7173039
307.82	-566.8308	-607.136	0.7173043
307.83	-566.7052	-607.1396	0.7173038
307.84	-566.5796	-607.1432	0.7173021
307.85	-566.454	-607.1469	0.7172996
307.86	-566.3284	-607.1505	0.7172962
307.87	-566.2028	-607.1541	0.717292
307.88	-566.0773	-607.1577	0.7172869
307.89	-565.9517	-607.1613	0.7172811
307.9	-565.8262	-607.1649	0.7172746
307.91	-565.7006	-607.1685	0.7172675
307.92	-565.5751	-607.1721	0.7172596
307.93	-565.4496	-607.1757	0.7172512
307.94	-565.3242	-607.1793	0.7172422
307.95	-565.1987	-607.1829	0.7172326
307.96	-565.0732	-607.1865	0.7172225
307.97	-564.9478	-607.1901	0.717212
307.98	-564.8223	-607.1936	0.717201
307.99	-564.697	-607.1972	0.7171896
308	-564.5716	-607.2008	0.7171776
308.01	-564.4462	-607.2044	0.7171654
308.02	-564.3209	-607.208	0.7171528
308.03	-564.1956	-607.2115	0.7171398
308.04	-564.0703	-607.2151	0.7171265
308.05	-563.9449	-607.2186	0.7171129
308.06	-563.8196	-607.2222	0.717099
308.07	-563.6944	-607.2257	0.7170847
308.08	-563.5692	-607.2292	0.7170702
308.09	-563.4439	-607.2327	0.7170555
308.1	-563.3187	-607.2363	0.7170405
308.11	-563.1934	-607.2398	0.7170253
308.12	-563.0682	-607.2433	0.7170098
308.13	-562.9431	-607.2469	0.716994
308.14	-562.8179	-607.2504	0.7169781
308.15	-562.6927	-607.254	0.7169619
308.16	-562.5675	-607.2575	0.7169455
308.17	-562.4424	-607.261	0.7169286
308.18	-562.3173	-607.2645	0.7169114
308.19	-562.1921	-607.268	0.7168937
308.2	-562.067	-607.2715	0.7168757
308.21	-561.942	-607.275	0.7168574
308.22	-561.8169	-607.2784	0.7168384
308.23	-561.6918	-607.2819	0.7168189
308.24	-561.5668	-607.2854	0.7167987
308.25	-561.4418	-607.2889	0.7167779
308.26	-561.3168	-607.2923	0.7167566
308.27	-561.1918	-607.2958	0.7167347
308.28	-561.0668	-607.2993	0.7167118
308.29	-560.9419	-607.3027	0.716688
308.3	-560.817	-607.3061	0.7166632
308.31	-560.692	-607.3095	0.7166376
308.32	-560.5671	-607.3129	0.7166108
308.33	-560.4423	-607.3163	0.7165832
308.34	-560.3174	-607.3197	0.7165547
308.35	-560.1925	-607.3231	0.7165254
308.36	-560.0676	-607.3265	0.7164952
308.37	-559.9428	-607.3298	0.7164641
308.38	-559.818	-607.3331	0.7164323
308.39	-559.6932	-607.3365	0.7163998
308.4	-559.5684	-607.3398	0.7163666
308.41	-559.4435	-607.3432	0.7163328
308.42	-559.3188	-607.3464	0.7162983
308.43	-559.194	-607.3497	0.7162633
308.44	-559.0693	-607.353	0.7162277
308.45	-558.9445	-607.3563	0.7161915
308.46	-558.8198	-607.3596	0.7161548
308.47	-558.6951	-607.3629	0.7161177
308.48	-558.5704	-607.3661	0.71608
308.49	-558.4457	-607.3693	0.7160418
308.5	-558.321	-607.3725	0.7160031
308.51	-558.1964	-607.3757	0.7159639
308.52	-558.0718	-607.379	0.7159243
308.53	-557.9471	-607.3821	0.7158842
308.54	-557.8226	-607.3853	0.7158437
308.55	-557.698	-607.3884	0.7158027
308.56	-557.5734	-607.3916	0.7157614
308.57	-557.4489	-607.3947	0.7157196
308.58	-557.3243	-607.3978	0.7156776
308.59	-557.1998	-607.4009	0.7156352
308.6	-557.0753	-607.4041	0.7155926
308.61	-556.9508	-607.4071	0.7155496
308.62	-556.8264	-607.4102	0.7155063
308.63	-556.7019	-607.4133	0.7154628
308.64	-556.5775	-607.4163	0.715419
308.65	-556.453	-607.4193	0.715375
308.66	-556.3286	-607.4224	0.7153308
308.67	-556.2042	-607.4254	0.7152864
308.68	-556.0798	-607.4283	0.7152417
308.69	-555.9554	-607.4313	0.7151969
308.7	-555.831	-607.4343	0.7151518
308.71	-555.7066	-607.4373	0.7151067
308.72	-555.5823	-607.4402	0.7150612
308.73	-555.4579	-607.4431	0.7150157
308.74	-555.3336	-607.446	0.7149699
308.75	-555.2093	-607.4489	0.7149239
308.76	-555.085	-607.4518	0.7148777
308.77	-554.9608	-607.4547	0.7148313
308.78	-554.8365	-607.4575	0.7147845
308.79	-554.7122	-607.4603	0.7147375
308.8	-554.588	-607.4631	0.7146903
308.81	-554.4638	-607.4659	0.7146429
308.82	-554.3396	-607.4687	0.714595
308.83	-554.2154	-607.4715	0.7145467
308.84	-554.0912	-607.4742	0.714498
308.85	-553.9671	-607.4769	0.714449
308.86	-553.843	-607.4797	0.7143996
308.87	-553.7189	-607.4824	0.7143497
308.88	-553.5948	-607.485	0.7142991
308.89	-553.4707	-607.4877	0.7142481
308.9	-553.3466	-607.4904	0.7141966
308.91	-553.2225	-607.493	0.7141446
308.92	-553.0985	-607.4956	0.7140922
308.93	-552.9745	-607.4982	0.7140393
308.94	-552.8505	-607.5008	0.713986
308.95	-552.7264	-607.5034	0.7139323
308.96	-552.6024	-607.5059	0.7138783
308.97	-552.4785	-607.5084	0.7138239
308.98	-552.3545	-607.5109	0.7137691
308.99	-552.2305	-607.5134	0.7137141
309	-552.1066	-607.5159	0.7136588
309.01	-551.9826	-607.5183	0.7136032
309.02	-551.8586	-607.5208	0.7135473
309.03	-551.7347	-607.5232	0.7134912
309.04	-551.6108	-607.5256	0.7134348
309.05	-551.4869	-607.528	0.7133782
309.06	-551.3631	-607.5303	0.7133214
309.07	-551.2393	-607.5327	0.7132645
309.08	-551.1154	-607.535	0.7132075
309.09	-550.9916	-607.5372	0.7131504
309.1	-550.8678	-607.5396	0.7130932
309.11	-550.744	-607.5419	0.7130359
309.12	-550.6202	-607.5441	0.7129788
309.13	-550.4965	-607.5463	0.7129219
309.14	-550.3727	-607.5485	0.7128651
309.15	-550.249	-607.5507	0.7128083
309.16	-550.1253	-607.5529	0.7127517
309.17	-550.0016	-607.5551	0.7126957
309.18	-549.878	-607.5572	0.7126401
309.19	-549.7543	-607.5593	0.7125852
309.2	-549.6307	-607.5614	0.7125306
309.21	-549.507	-607.5635	0.7124765
309.22	-549.3834	-607.5656	0.7124233
309.23	-549.2598	-607.5676	0.7123708
309.24	-549.1362	-607.5697	0.712319
309.25	-549.0126	-607.5717	0.7122679
309.26	-548.889	-607.5737	0.7122175
309.27	-548.7655	-607.5757	0.7121679
309.28	-548.642	-607.5776	0.712119
309.29	-548.5184	-607.5796	0.7120708
309.3	-548.3949	-607.5815	0.7120233
309.31	-548.2714	-607.5834	0.7119764
309.32	-548.1479	-607.5854	0.7119302
309.33	-548.0244	-607.5873	0.7118844
309.34	-547.9009	-607.5892	0.7118393
309.35	-547.7775	-607.591	0.7117946
309.36	-547.654	-607.5928	0.7117504
309.37	-547.5306	-607.5947	0.7117067
309.38	-547.4072	-607.5964	0.7116634
309.39	-547.2838	-607.5983	0.7116205
309.4	-547.1603	-607.6	0.711578
309.41	-547.0369	-607.6017	0.7115359
309.42	-546.9136	-607.6035	0.711494
309.43	-546.7902	-607.6053	0.7114525
309.44	-546.6669	-607.607	0.7114114
309.45	-546.5435	-607.6086	0.7113705
309.46	-546.4202	-607.6104	0.7113299
309.47	-546.2969	-607.6121	0.7112896
309.48	-546.1736	-607.6137	0.7112496
309.49	-546.0503	-607.6153	0.7112098
309.5	-545.927	-607.6169	0.7111701
309.51	-545.8037	-607.6186	0.7111308
309.52	-545.6804	-607.6202	0.7110916
309.53	-545.5571	-607.6217	0.7110526
309.54	-545.4338	-607.6233	0.7110139
309.55	-545.3106	-607.6249	0.7109752
309.56	-545.1874	-607.6263	0.7109368
309.57	-545.0641	-607.6279	0.7108984
309.58	-544.9409	-607.6294	0.7108603
309.59	-544.8177	-607.6309	0.7108222
309.6	-544.6945	-607.6323	0.7107843
309.61	-544.5712	-607.6338	0.7107464
309.62	-544.4481	-607.6353	0.7107087
309.63	-544.3249	-607.6367	0.7106711
309.64	-544.2017	-607.6381	0.7106336
309.65	-544.0786	-607.6395	0.7105961
309.66	-543.9554	-607.6409	0.7105588
309.67	-543.8322	-607.6423	0.7105217
309.68	-543.709	-607.6436	0.7104845
309.69	-543.5859	-607.6449	0.7104475
309.7	-543.4627	-607.6462	0.7104105
309.71	-543.3395	-607.6476	0.7103736
309.72	-543.2164	-607.6488	0.7103369
309.73	-543.0932	-607.6501	0.7103003
309.74	-542.97	-607.6514	0.7102638
309.75	-542.8469	-607.6526	0.7102275
309.76	-542.7237	-607.6539	0.7101913
309.77	-542.6006	-607.6551	0.7101554
309.78	-542.4775	-607.6563	0.7101198
309.79	-542.3544	-607.6575	0.7100846
309.8	-542.2312	-607.6588	0.7100496
309.81	-542.108	-607.6599	0.7100149
309.82	-541.9849	-607.6611	0.7099805
309.83	-541.8618	-607.6622	0.7099466
309.84	-541.7387	-607.6634	0.709913
309.85	-541.6156	-607.6645	0.7098798
309.86	-541.4925	-607.6656	0.7098467
309.87	-541.3694	-607.6667	0.709814
309.88	-541.2463	-607.6678	0.7097817
309.89	-541.1232	-607.6689	0.7097496
309.9	-541.0001	-607.6699	0.7097178
309.91	-540.877	-607.671	0.7096862
309.92	-540.7538	-607.6721	0.7096549
309.93	-540.6307	-607.6731	0.7096238
309.94	-540.5076	-607.6741	0.709593
309.95	-540.3845	-607.6751	0.7095623
309.96	-540.2614	-607.6761	0.7095318
309.97	-540.1384	-607.6771	0.7095017
309.98	-540.0153	-607.6781	0.7094718
309.99	-539.8922	-607.6791	0.7094421
310	-539.7691	-607.68	0.7094126
310.01	-539.646	-607.681	0.7093833
310.02	-539.5229	-607.6819	0.7093543
310.03	-539.3999	-607.6828	0.7093256
310.04	-539.2769	-607.6837	0.7092971
310.05	-539.1538	-607.6846	0.7092687
310.06	-539.0308	-607.6855	0.7092406
310.07	-538.9077	-607.6864	0.7092129
310.08	-538.7847	-607.6873	0.7091855
310.09	-538.6616	-607.6881	0.7091585
310.1	-538.5386	-607.6889	0.7091317
310.11	-538.4155	-607.6898	0.7091053
310.12	-538.2925	-607.6906	0.7090791
310.13	-538.1694	-607.6915	0.7090533
310.14	-538.0464	-607.6923	0.7090276
310.15	-537.9233	-607.6931	0.7090023
310.16	-537.8003	-607.6938	0.7089772
310.17	-537.6773	-607.6946	0.7089523
310.18	-537.5543	-607.6954	0.7089276
310.19	-537.4312	-607.6962	0.7089031
310.2	-537.3082	-607.6969	0.7088789
310.21	-537.1851	-607.6976	0.7088547
310.22	-537.0621	-607.6983	0.7088308
310.23	-536.9391	-607.699	0.7088071
310.24	-536.8162	-607.6998	0.7087834
310.25	-536.6932	-607.7005	0.70876
310.26	-536.5702	-607.7012	0.7087367
310.27	-536.4472	-607.7018	0.7087134
310.28	-536.3242	-607.7025	0.7086903
310.29	-536.2012	-607.7031	0.7086673
310.3	-536.0782	-607.7038	0.7086445
310.31	-535.9553	-607.7045	0.7086217
310.32	-535.8323	-607.7051	0.7085991
310.33	-535.7093	-607.7057	0.7085766
310.34	-535.5863	-607.7064	0.7085541
310.35	-535.4633	-607.7069	0.7085317
310.36	-535.3403	-607.7075	0.7085094
310.37	-535.2173	-607.7081	0.7084872
310.38	-535.0944	-607.7087	0.708465
310.39	-534.9714	-607.7094	0.7084429
310.4	-534.8484	-607.7099	0.7084209
310.41	-534.7254	-607.7104	0.7083989
310.42	-534.6025	-607.7109	0.7083769
310.43	-534.4796	-607.7115	0.7083551
310.44	-534.3566	-607.712	0.7083333
310.45	-534.2336	-607.7126	0.7083114
310.46	-534.1106	-607.7131	0.7082897
310.47	-533.9876	-607.7136	0.708268
310.48	-533.8647	-607.7141	0.7082464
310.49	-533.7418	-607.7145	0.7082248
310.5	-533.6188	-607.715	0.7082032
310.51	-533.4958	-607.7155	0.7081816
310.52	-533.3729	-607.716	0.7081602
310.53	-533.25	-607.7165	0.7081389
310.54	-533.1271	-607.7169	0.7081177
310.55	-533.0042	-607.7173	0.7080966
310.56	-532.8812	-607.7177	0.7080755
310.57	-532.7583	-607.7181	0.7080548
310.58	-532.6354	-607.7186	0.7080343
310.59	-532.5125	-607.719	0.7080143
310.6	-532.3895	-607.7194	0.7079945
310.61	-532.2666	-607.7198	0.7079749
310.62	-532.1437	-607.7203	0.707956
310.63	-532.0208	-607.7206	0.7079377
310.64	-531.8978	-607.7209	0.70792
310.65	-531.7749	-607.7213	0.7079029
310.66	-531.652	-607.7217	0.7078863
310.67	-531.5291	-607.722	0.7078708
310.68	-531.4061	-607.7224	0.7078563
310.69	-531.2832	-607.7228	0.7078428
310.7	-531.1603	-607.7231	0.7078301
310.71	-531.0374	-607.7235	0.7078183
310.72	-530.9144	-607.7239	0.7078078
310.73	-530.7915	-607.7242	0.7077986
310.74	-530.6686	-607.7246	0.7077907
310.75	-530.5457	-607.7249	0.7077839
310.76	-530.4227	-607.7253	0.7077783
310.77	-530.2997	-607.7256	0.7077742
310.78	-530.1768	-607.726	0.7077715
310.79	-530.0539	-607.7264	0.7077702
310.8	-529.9309	-607.7267	0.7077702
310.81	-529.8079	-607.727	0.7077713
310.82	-529.685	-607.7273	0.7077738
310.83	-529.562	-607.7276	0.7077775
310.84	-529.439	-607.7279	0.7077824
310.85	-529.316	-607.7283	0.7077883
310.86	-529.1931	-607.7286	0.7077954
310.87	-529.0701	-607.7289	0.7078034
310.88	-528.9471	-607.7292	0.7078123
310.89	-528.8241	-607.7295	0.7078221
310.9	-528.7011	-607.7298	0.7078328
310.91	-528.5781	-607.7301	0.7078442
310.92	-528.4551	-607.7304	0.7078564
310.93	-528.332	-607.7307	0.7078693
310.94	-528.209	-607.731	0.7078828
310.95	-528.0859	-607.7313	0.707897
310.96	-527.9629	-607.7317	0.7079118
310.97	-527.8398	-607.7321	0.7079272
310.98	-527.7168	-607.7325	0.7079431
310.99	-527.5938	-607.7328	0.7079596
311	-527.4706	-607.7332	0.7079765
311.01	-527.3475	-607.7336	0.7079938
311.02	-527.2244	-607.7339	0.7080116
311.03	-527.1013	-607.7343	0.7080297
311.04	-526.9782	-607.7347	0.7080483
311.05	-526.8551	-607.735	0.7080672
311.06	-526.732	-607.7355	0.7080866
311.07	-526.6089	-607.7358	0.7081062
311.08	-526.4858	-607.7362	0.7081261
311.09	-526.3626	-607.7366	0.7081463
311.1	-526.2394	-607.7369	0.7081668
311.11	-526.1163	-607.7373	0.7081875
311.12	-525.9931	-607.7377	0.7082086
311.13	-525.8699	-607.738	0.7082298
311.14	-525.7468	-607.7385	0.7082514
311.15	-525.6235	-607.7388	0.708273
311.16	-525.5003	-607.7393	0.7082949
311.17	-525.3771	-607.7397	0.7083169
311.18	-525.2538	-607.7401	0.708339
311.19	-525.1306	-607.7405	0.7083614
311.2	-525.0074	-607.741	0.7083839
311.21	-524.8841	-607.7415	0.7084065
311.22	-524.7609	-607.7419	0.7084292
311.23	-524.6376	-607.7423	0.708452
311.24	-524.5143	-607.7427	0.7084749
311.25	-524.391	-607.7432	0.7084979
311.26	-524.2676	-607.7436	0.708521
311.27	-524.1443	-607.7441	0.7085441
311.28	-524.021	-607.7446	0.7085674
311.29	-523.8976	-607.7451	0.7085906
311.3	-523.7743	-607.7455	0.7086139
311.31	-523.6509	-607.746	0.7086372
311.32	-523.5276	-607.7465	0.7086604
311.33	-523.4042	-607.747	0.7086836
311.34	-523.2808	-607.7476	0.7087066
311.35	-523.1574	-607.748	0.7087294
311.36	-523.034	-607.7485	0.7087522
311.37	-522.9106	-607.749	0.7087745
311.38	-522.7871	-607.7496	0.7087964
311.39	-522.6636	-607.7501	0.7088181
311.4	-522.5402	-607.7507	0.7088393
311.41	-522.4166	-607.7513	0.7088602
311.42	-522.2932	-607.7518	0.7088802
311.43	-522.1696	-607.7524	0.7088994
311.44	-522.0461	-607.7529	0.7089179
311.45	-521.9225	-607.7535	0.7089355
311.46	-521.799	-607.754	0.7089526
311.47	-521.6754	-607.7546	0.7089685
311.48	-521.5518	-607.7551	0.7089834
311.49	-521.4282	-607.7557	0.7089974
311.5	-521.3046	-607.7563	0.7090105
311.51	-521.1809	-607.7568	0.7090226
311.52	-521.0573	-607.7574	0.7090336
311.53	-520.9336	-607.7581	0.7090434
311.54	-520.8099	-607.7587	0.709052
311.55	-520.6862	-607.7593	0.7090596
311.56	-520.5625	-607.7599	0.7090662
311.57	-520.4388	-607.7605	0.7090715
311.58	-520.3151	-607.7611	0.7090756
311.59	-520.1913	-607.7617	0.7090785
311.6	-520.0675	-607.7623	0.7090803
311.61	-519.9437	-607.7629	0.709081
311.62	-519.8199	-607.7635	0.7090805
311.63	-519.6962	-607.7642	0.7090788
311.64	-519.5723	-607.7648	0.7090761
311.65	-519.4485	-607.7654	0.7090724
311.66	-519.3246	-607.766	0.7090676
311.67	-519.2008	-607.7666	0.7090617
311.68	-519.077	-607.7672	0.7090548
311.69	-518.9531	-607.7678	0.7090468
311.7	-518.8292	-607.7684	0.709038
311.71	-518.7052	-607.769	0.7090283
311.72	-518.5813	-607.7697	0.7090176
311.73	-518.4573	-607.7703	0.7090062
311.74	-518.3334	-607.7709	0.7089939
311.75	-518.2094	-607.7714	0.7089809
311.76	-518.0854	-607.772	0.7089673
311.77	-517.9614	-607.7726	0.7089528
311.78	-517.8373	-607.7733	0.7089378
311.79	-517.7133	-607.7739	0.7089222
311.8	-517.5892	-607.7745	0.708906
311.81	-517.4651	-607.7751	0.7088892
311.82	-517.3411	-607.7757	0.7088719
311.83	-517.217	-607.7763	0.708854
311.84	-517.0929	-607.7769	0.7088356
311.85	-516.9688	-607.7774	0.7088166
311.86	-516.8446	-607.778	0.7087972
311.87	-516.7205	-607.7785	0.7087772
311.88	-516.5963	-607.7791	0.7087566
311.89	-516.4721	-607.7796	0.7087355
311.9	-516.3479	-607.7802	0.7087138
311.91	-516.2237	-607.7807	0.7086917
311.92	-516.0995	-607.7812	0.7086687
311.93	-515.9753	-607.7817	0.7086451
311.94	-515.851	-607.7823	0.7086208
311.95	-515.7267	-607.7828	0.7085959
311.96	-515.6025	-607.7834	0.7085705
311.97	-515.4782	-607.7839	0.7085441
311.98	-515.3539	-607.7844	0.708517
311.99	-515.2296	-607.7849	0.7084892
312	-515.1052	-607.7853	0.7084607
312.01	-514.9808	-607.7858	0.7084316
312.02	-514.8565	-607.7863	0.7084017
312.03	-514.7321	-607.7867	0.7083712
312.04	-514.6077	-607.7872	0.70834
312.05	-514.4833	-607.7877	0.7083083
312.06	-514.3588	-607.7881	0.708276
312.07	-514.2344	-607.7886	0.7082431
312.08	-514.1099	-607.7889	0.7082098
312.09	-513.9855	-607.7894	0.7081758
312.1	-513.861	-607.7898	0.7081415
312.11	-513.7365	-607.7902	0.7081067
312.12	-513.6119	-607.7906	0.7080715
312.13	-513.4874	-607.791	0.7080359
312.14	-513.3629	-607.7913	0.7079999
312.15	-513.2383	-607.7917	0.7079636
312.16	-513.1137	-607.792	0.7079269
312.17	-512.9891	-607.7924	0.7078899
312.18	-512.8646	-607.7927	0.7078525
312.19	-512.7399	-607.793	0.7078149
312.2	-512.6153	-607.7933	0.7077771
312.21	-512.4907	-607.7936	0.7077389
312.22	-512.366	-607.7939	0.7077006
312.23	-512.2413	-607.7942	0.707662
312.24	-512.1166	-607.7944	0.7076231
312.25	-511.9919	-607.7947	0.7075841
312.26	-511.8672	-607.7949	0.7075448
312.27	-511.7424	-607.7952	0.7075054
312.28	-511.6177	-607.7953	0.7074658
312.29	-511.4929	-607.7956	0.707426
312.3	-511.3681	-607.7958	0.7073861
312.31	-511.2433	-607.796	0.707346
312.32	-511.1185	-607.7961	0.7073057
312.33	-510.9937	-607.7963	0.7072653
312.34	-510.8689	-607.7965	0.7072248
312.35	-510.744	-607.7967	0.7071842
312.36	-510.6191	-607.7968	0.7071434
312.37	-510.4942	-607.7969	0.7071025
312.38	-510.3693	-607.797	0.7070615
312.39	-510.2444	-607.7971	0.7070205
312.4	-510.1195	-607.7972	0.7069793
312.41	-509.9945	-607.7972	0.706938
312.42	-509.8696	-607.7973	0.7068967
312.43	-509.7446	-607.7973	0.7068552
312.44	-509.6196	-607.7974	0.7068137
312.45	-509.4946	-607.7974	0.7067721
312.46	-509.3696	-607.7974	0.7067304
312.47	-509.2445	-607.7973	0.7066887
312.48	-509.1195	-607.7973	0.706647
312.49	-508.9944	-607.7973	0.7066051
312.5	-508.8694	-607.7972	0.7065632
312.51	-508.7443	-607.7971	0.7065213
312.52	-508.6192	-607.7971	0.7064793
312.53	-508.494	-607.797	0.7064371
312.54	-508.3689	-607.7968	0.706395
312.55	-508.2438	-607.7967	0.7063528
312.56	-508.1186	-607.7966	0.7063106
312.57	-507.9934	-607.7964	0.7062684
312.58	-507.8683	-607.7963	0.7062261
312.59	-507.743	-607.7961	0.706184
312.6	-507.6178	-607.7959	0.7061417
312.61	-507.4926	-607.7957	0.7060995
312.62	-507.3673	-607.7955	0.7060574
312.63	-507.2421	-607.7952	0.7060151
312.64	-507.1168	-607.7949	0.7059729
312.65	-506.9915	-607.7947	0.7059307
312.66	-506.8662	-607.7944	0.7058886
312.67	-506.7409	-607.7942	0.7058464
312.68	-506.6155	-607.7938	0.7058043
312.69	-506.4902	-607.7935	0.7057623
312.7	-506.3648	-607.7932	0.7057204
312.71	-506.2394	-607.7929	0.7056784
312.72	-506.114	-607.7925	0.7056366
312.73	-505.9886	-607.7921	0.7055952
312.74	-505.8632	-607.7917	0.7055538
312.75	-505.7377	-607.7913	0.7055127
312.76	-505.6123	-607.7909	0.7054717
312.77	-505.4868	-607.7905	0.7054313
312.78	-505.3613	-607.79	0.7053915
312.79	-505.2358	-607.7896	0.7053522
312.8	-505.1103	-607.7891	0.7053133
312.81	-504.9848	-607.7886	0.705275
312.82	-504.8593	-607.7881	0.7052376
312.83	-504.7337	-607.7876	0.7052009
312.84	-504.6082	-607.7871	0.705165
312.85	-504.4826	-607.7866	0.70513
312.86	-504.357	-607.7861	0.7050955
312.87	-504.2314	-607.7855	0.705062
312.88	-504.1058	-607.7849	0.7050294
312.89	-503.9802	-607.7844	0.7049975
312.9	-503.8545	-607.7838	0.7049665
312.91	-503.7289	-607.7833	0.7049362
312.92	-503.6032	-607.7826	0.7049066
312.93	-503.4776	-607.782	0.7048777
312.94	-503.352	-607.7814	0.7048495
312.95	-503.2263	-607.7808	0.7048221
312.96	-503.1006	-607.7802	0.7047951
312.97	-502.975	-607.7795	0.7047687
312.98	-502.8493	-607.7787	0.7047429
312.99	-502.7236	-607.7781	0.7047175
313	-502.5979	-607.7774	0.7046927
313.01	-502.4722	-607.7767	0.7046683
313.02	-502.3466	-607.7761	0.7046445
313.03	-502.2209	-607.7753	0.704621
313.04	-502.0952	-607.7745	0.7045979
313.05	-501.9695	-607.7738	0.7045753
313.06	-501.8438	-607.7731	0.704553
313.07	-501.7181	-607.7723	0.7045311
313.08	-501.5924	-607.7716	0.7045096
313.09	-501.4667	-607.7708	0.7044885
313.1	-501.3411	-607.77	0.7044677
313.11	-501.2154	-607.7692	0.7044472
313.12	-501.0898	-607.7684	0.7044271
313.13	-500.9641	-607.7676	0.7044073
313.14	-500.8385	-607.7668	0.704388
313.15	-500.7128	-607.766	0.7043689
313.16	-500.5871	-607.7651	0.7043502
313.17	-500.4615	-607.7643	0.7043318
313.18	-500.3358	-607.7634	0.7043137
313.19	-500.2102	-607.7625	0.704296
313.2	-500.0846	-607.7617	0.7042786
313.21	-499.9589	-607.7608	0.7042615
313.22	-499.8333	-607.7599	0.7042449
313.23	-499.7077	-607.759	0.7042286
313.24	-499.5821	-607.7581	0.7042127
313.25	-499.4565	-607.7572	0.7041971
313.26	-499.3309	-607.7563	0.7041819
313.27	-499.2054	-607.7554	0.7041672
313.28	-499.0798	-607.7544	0.7041529
313.29	-498.9543	-607.7535	0.704139
313.3	-498.8287	-607.7526	0.7041255
313.31	-498.7032	-607.7516	0.7041124
313.32	-498.5776	-607.7507	0.7040997
313.33	-498.4521	-607.7497	0.7040876
313.34	-498.3266	-607.7487	0.7040759
313.35	-498.201	-607.7477	0.7040648
313.36	-498.0755	-607.7468	0.7040542
313.37	-497.95	-607.7458	0.7040442
313.38	-497.8246	-607.7448	0.7040347
313.39	-497.6991	-607.7438	0.7040257
313.4	-497.5736	-607.7429	0.7040172
313.41	-497.4481	-607.7418	0.7040092
313.42	-497.3227	-607.7408	0.7040019
313.43	-497.1972	-607.7399	0.7039953
313.44	-497.0718	-607.7389	0.7039892
313.45	-496.9464	-607.7379	0.7039838
313.46	-496.821	-607.7368	0.7039788
313.47	-496.6956	-607.7358	0.7039747
313.48	-496.5702	-607.7347	0.7039711
313.49	-496.4448	-607.7337	0.7039682
313.5	-496.3194	-607.7327	0.703966
313.51	-496.194	-607.7316	0.7039643
313.52	-496.0687	-607.7306	0.7039632
313.53	-495.9434	-607.7296	0.7039627
313.54	-495.818	-607.7285	0.7039629
313.55	-495.6927	-607.7275	0.7039636
313.56	-495.5674	-607.7264	0.7039649
313.57	-495.442	-607.7254	0.7039667
313.58	-495.3167	-607.7244	0.7039689
313.59	-495.1915	-607.7233	0.7039716
313.6	-495.0662	-607.7223	0.7039747
313.61	-494.9409	-607.7213	0.7039782
313.62	-494.8157	-607.7202	0.7039821
313.63	-494.6904	-607.7192	0.7039862
313.64	-494.5652	-607.7181	0.7039908
313.65	-494.4399	-607.7171	0.7039958
313.66	-494.3147	-607.7161	0.7040009
313.67	-494.1895	-607.715	0.7040065
313.68	-494.0643	-607.7141	0.7040123
313.69	-493.9391	-607.713	0.7040182
313.7	-493.8138	-607.712	0.7040246
313.71	-493.6887	-607.7109	0.704031
313.72	-493.5635	-607.7099	0.7040377
313.73	-493.4384	-607.7089	0.7040447
313.74	-493.3132	-607.7078	0.7040519
313.75	-493.188	-607.7068	0.7040591
313.76	-493.0629	-607.7057	0.7040666
313.77	-492.9378	-607.7047	0.7040743
313.78	-492.8127	-607.7037	0.7040821
313.79	-492.6875	-607.7026	0.7040901
313.8	-492.5624	-607.7016	0.7040982
313.81	-492.4373	-607.7006	0.7041065
313.82	-492.3122	-607.6995	0.7041149
313.83	-492.1871	-607.6985	0.7041233
313.84	-492.062	-607.6974	0.704132
313.85	-491.9369	-607.6964	0.7041407
313.86	-491.8118	-607.6954	0.7041495
313.87	-491.6867	-607.6943	0.7041585
313.88	-491.5616	-607.6934	0.7041675
313.89	-491.4366	-607.6923	0.7041766
313.9	-491.3115	-607.6913	0.7041858
313.91	-491.1865	-607.6902	0.7041951
313.92	-491.0614	-607.6892	0.7042044
313.93	-490.9364	-607.6882	0.7042136
313.94	-490.8114	-607.6871	0.7042229
313.95	-490.6863	-607.6861	0.7042321
313.96	-490.5613	-607.6851	0.7042413
313.97	-490.4363	-607.684	0.7042504
313.98	-490.3113	-607.683	0.7042593
313.99	-490.1863	-607.6819	0.704268
314	-490.0613	-607.6809	0.7042767
314.01	-489.9363	-607.6799	0.7042852
314.02	-489.8113	-607.6788	0.7042934
314.03	-489.6864	-607.6778	0.7043011
314.04	-489.5614	-607.6768	0.7043085
314.05	-489.4364	-607.6758	0.7043156
314.06	-489.3115	-607.6747	0.7043224
314.07	-489.1865	-607.6737	0.7043288
314.08	-489.0616	-607.6727	0.7043349
314.09	-488.9366	-607.6718	0.7043403
314.1	-488.8117	-607.6708	0.7043453
314.11	-488.6867	-607.6698	0.7043499
314.12	-488.5618	-607.6688	0.7043538
314.13	-488.4369	-607.6678	0.7043571
314.14	-488.312	-607.6669	0.7043599
314.15	-488.1871	-607.6659	0.7043622
314.16	-488.0622	-607.6649	0.7043639
314.17	-487.9373	-607.6639	0.704365
314.18	-487.8124	-607.663	0.7043656
314.19	-487.6876	-607.662	0.7043655
314.2	-487.5627	-607.661	0.7043648
314.21	-487.4378	-607.66	0.7043636
314.22	-487.3129	-607.6591	0.704362
314.23	-487.1881	-607.6581	0.7043597
314.24	-487.0632	-607.6571	0.7043568
314.25	-486.9384	-607.6561	0.7043532
314.26	-486.8135	-607.6552	0.7043492
314.27	-486.6887	-607.6542	0.7043444
314.28	-486.5639	-607.6532	0.7043389
314.29	-486.4391	-607.6522	0.7043329
314.3	-486.3142	-607.6511	0.7043262
314.31	-486.1894	-607.6501	0.704319
314.32	-486.0646	-607.649	0.7043111
314.33	-485.9398	-607.6479	0.7043024
314.34	-485.8149	-607.6469	0.7042932
314.35	-485.6901	-607.6459	0.7042834
314.36	-485.5653	-607.6448	0.7042729
314.37	-485.4405	-607.6438	0.704262
314.38	-485.3156	-607.6428	0.7042505
314.39	-485.1908	-607.6417	0.7042383
314.4	-485.066	-607.6407	0.7042257
314.41	-484.9412	-607.6396	0.7042124
314.42	-484.8164	-607.6386	0.7041986
314.43	-484.6916	-607.6376	0.7041843
314.44	-484.5668	-607.6365	0.7041695
314.45	-484.442	-607.6354	0.7041542
314.46	-484.3171	-607.6344	0.7041385
314.47	-484.1924	-607.6334	0.7041222
314.48	-484.0675	-607.6323	0.7041055
314.49	-483.9427	-607.6313	0.7040883
314.5	-483.8179	-607.6302	0.7040706
314.51	-483.6931	-607.6292	0.7040526
314.52	-483.5683	-607.6281	0.7040339
314.53	-483.4435	-607.627	0.7040147
314.54	-483.3187	-607.6258	0.7039951
314.55	-483.1938	-607.6247	0.703975
314.56	-483.069	-607.6236	0.7039545
314.57	-482.9442	-607.6225	0.7039335
314.58	-482.8194	-607.6214	0.703912
314.59	-482.6946	-607.6203	0.7038901
314.6	-482.5698	-607.6192	0.7038677
314.61	-482.4449	-607.618	0.7038449
314.62	-482.3201	-607.6169	0.7038218
314.63	-482.1953	-607.6158	0.7037984
314.64	-482.0705	-607.6146	0.7037745
314.65	-481.9456	-607.6135	0.7037504
314.66	-481.8208	-607.6123	0.7037259
314.67	-481.696	-607.6111	0.7037011
314.68	-481.5711	-607.6099	0.7036761
314.69	-481.4463	-607.6088	0.7036508
314.7	-481.3214	-607.6076	0.7036254
314.71	-481.1966	-607.6064	0.7035996
314.72	-481.0718	-607.6053	0.7035736
314.73	-480.9469	-607.604	0.7035474
314.74	-480.8221	-607.6028	0.703521
314.75	-480.6972	-607.6016	0.7034944
314.76	-480.5724	-607.6003	0.7034675
314.77	-480.4475	-607.5991	0.7034405
314.78	-480.3227	-607.5979	0.7034132
314.79	-480.1978	-607.5966	0.7033855
314.8	-480.0729	-607.5954	0.7033576
314.81	-479.9481	-607.5941	0.7033293
314.82	-479.8232	-607.5928	0.7033004
314.83	-479.6984	-607.5916	0.7032707
314.84	-479.5735	-607.5902	0.7032405
314.85	-479.4486	-607.5889	0.7032097
314.86	-479.3237	-607.5876	0.7031784
314.87	-479.1989	-607.5863	0.7031459
314.88	-479.074	-607.585	0.7031124
314.89	-478.9491	-607.5836	0.7030779
314.9	-478.8242	-607.5822	0.7030426
314.91	-478.6992	-607.5809	0.7030063
314.92	-478.5743	-607.5795	0.7029688
314.93	-478.4494	-607.578	0.7029303
314.94	-478.3245	-607.5766	0.7028906
314.95	-478.1996	-607.5752	0.70285
314.96	-478.0746	-607.5738	0.7028084
314.97	-477.9497	-607.5723	0.7027659
314.98	-477.8247	-607.5708	0.7027224
314.99	-477.6998	-607.5693	0.702678
315	-477.5748	-607.5678	0.7026327
315.01	-477.4498	-607.5663	0.7025868
315.02	-477.3249	-607.5648	0.7025399
315.03	-477.1999	-607.5632	0.7024924
315.04	-477.0749	-607.5617	0.7024443
315.05	-476.9499	-607.5602	0.7023954
315.06	-476.8249	-607.5586	0.702346
315.07	-476.6999	-607.5569	0.702296
315.08	-476.5749	-607.5554	0.7022455
315.09	-476.4499	-607.5538	0.7021943
315.1	-476.3248	-607.5521	0.7021428
315.11	-476.1998	-607.5504	0.7020907
315.12	-476.0747	-607.5488	0.7020381
315.13	-475.9497	-607.5471	0.7019852
315.14	-475.8246	-607.5453	0.7019318
315.15	-475.6996	-607.5436	0.701878
315.16	-475.5745	-607.5419	0.7018239
315.17	-475.4494	-607.5402	0.7017695
315.18	-475.3243	-607.5383	0.7017146
315.19	-475.1992	-607.5366	0.7016596
315.2	-475.0741	-607.5348	0.7016042
315.21	-474.949	-607.533	0.7015485
315.22	-474.8239	-607.5311	0.7014925
315.23	-474.6988	-607.5293	0.7014363
315.24	-474.5736	-607.5274	0.70138
315.25	-474.4485	-607.5255	0.7013232
315.26	-474.3233	-607.5236	0.7012663
315.27	-474.1981	-607.5217	0.7012092
315.28	-474.0729	-607.5198	0.7011521
315.29	-473.9477	-607.5178	0.701095
315.3	-473.8225	-607.5158	0.701038
315.31	-473.6972	-607.5139	0.7009809
315.32	-473.572	-607.5118	0.7009242
315.33	-473.4468	-607.5098	0.7008677
315.34	-473.3215	-607.5077	0.7008113
315.35	-473.1963	-607.5057	0.7007554
315.36	-473.071	-607.5036	0.7006994
315.37	-472.9457	-607.5015	0.7006443
315.38	-472.8204	-607.4994	0.7005897
315.39	-472.695	-607.4973	0.7005355
315.4	-472.5697	-607.4951	0.700482
315.41	-472.4443	-607.493	0.700429
315.42	-472.319	-607.4908	0.7003769
315.43	-472.1936	-607.4886	0.7003257
315.44	-472.0682	-607.4864	0.7002753
315.45	-471.9427	-607.4842	0.7002257
315.46	-471.8173	-607.4819	0.700177
315.47	-471.6918	-607.4797	0.7001293
315.48	-471.5664	-607.4774	0.7000827
315.49	-471.4409	-607.4751	0.7000371
315.5	-471.3154	-607.4728	0.6999926
315.51	-471.1898	-607.4705	0.6999488
315.52	-471.0643	-607.4681	0.6999063
315.53	-470.9387	-607.4658	0.6998649
315.54	-470.8131	-607.4635	0.6998246
315.55	-470.6875	-607.4612	0.6997853
315.56	-470.5619	-607.4587	0.6997469
315.57	-470.4363	-607.4564	0.6997097
315.58	-470.3106	-607.454	0.6996734
315.59	-470.185	-607.4516	0.6996382
315.6	-470.0593	-607.4491	0.699604
315.61	-469.9335	-607.4467	0.6995706
315.62	-469.8078	-607.4442	0.6995381
315.63	-469.6821	-607.4418	0.6995065
315.64	-469.5563	-607.4393	0.6994757
315.65	-469.4305	-607.4368	0.6994457
315.66	-469.3047	-607.4343	0.6994164
315.67	-469.1789	-607.4318	0.6993879
315.68	-469.0531	-607.4293	0.6993601
315.69	-468.9272	-607.4267	0.6993329
315.7	-468.8014	-607.4241	0.6993063
315.71	-468.6754	-607.4215	0.6992803
315.72	-468.5495	-607.4189	0.699255
315.73	-468.4236	-607.4164	0.6992304
315.74	-468.2977	-607.4138	0.6992063
315.75	-468.1717	-607.4111	0.6991828
315.76	-468.0457	-607.4085	0.6991598
315.77	-467.9197	-607.4058	0.6991376
315.78	-467.7936	-607.4032	0.6991161
315.79	-467.6676	-607.4006	0.6990954
315.8	-467.5415	-607.3979	0.6990752
315.81	-467.4154	-607.3952	0.6990557
315.82	-467.2893	-607.3925	0.6990373
315.83	-467.1632	-607.3898	0.6990198
315.84	-467.037	-607.3871	0.6990035
315.85	-466.9109	-607.3844	0.6989878
315.86	-466.7847	-607.3817	0.6989731
315.87	-466.6585	-607.379	0.6989598
315.88	-466.5323	-607.3762	0.698948
315.89	-466.406	-607.3735	0.6989374
315.9	-466.2797	-607.3707	0.698928
315.91	-466.1534	-607.368	0.6989198
315.92	-466.0271	-607.3652	0.6989132
315.93	-465.9008	-607.3625	0.6989083
315.94	-465.7745	-607.3597	0.6989047
315.95	-465.6481	-607.357	0.6989026
315.96	-465.5217	-607.3542	0.6989018
315.97	-465.3953	-607.3515	0.6989027
315.98	-465.2689	-607.3488	0.6989052
315.99	-465.1425	-607.346	0.6989093
316	-465.016	-607.3433	0.6989148
316.01	-464.8895	-607.3405	0.6989216
316.02	-464.763	-607.3378	0.6989298
316.03	-464.6365	-607.335	0.6989394
316.04	-464.5099	-607.3322	0.6989503
316.05	-464.3834	-607.3294	0.6989625
316.06	-464.2568	-607.3266	0.6989757
316.07	-464.1302	-607.3238	0.6989901
316.08	-464.0036	-607.321	0.6990055
316.09	-463.8769	-607.3182	0.699022
316.1	-463.7502	-607.3154	0.6990393
316.11	-463.6235	-607.3126	0.6990576
316.12	-463.4968	-607.3098	0.6990767
316.13	-463.3701	-607.3071	0.6990966
316.14	-463.2433	-607.3043	0.6991172
316.15	-463.1166	-607.3016	0.6991385
316.16	-462.9898	-607.2989	0.6991605
316.17	-462.863	-607.2961	0.6991832
316.18	-462.7361	-607.2934	0.6992065
316.19	-462.6093	-607.2906	0.6992304
316.2	-462.4824	-607.2879	0.6992548
316.21	-462.3555	-607.2852	0.6992797
316.22	-462.2286	-607.2825	0.6993051
316.23	-462.1017	-607.2797	0.699331
316.24	-461.9747	-607.277	0.6993573
316.25	-461.8477	-607.2742	0.6993842
316.26	-461.7207	-607.2715	0.6994113
316.27	-461.5937	-607.2687	0.6994389
316.28	-461.4666	-607.2661	0.6994668
316.29	-461.3396	-607.2633	0.699495
316.3	-461.2125	-607.2606	0.6995236
316.31	-461.0853	-607.2578	0.6995526
316.32	-460.9582	-607.2551	0.6995817
316.33	-460.8311	-607.2525	0.6996111
316.34	-460.7039	-607.2498	0.6996409
316.35	-460.5767	-607.2471	0.6996709
316.36	-460.4495	-607.2444	0.6997011
316.37	-460.3223	-607.2418	0.6997314
316.38	-460.195	-607.2391	0.699762
316.39	-460.0678	-607.2365	0.6997927
316.4	-459.9405	-607.2338	0.6998236
316.41	-459.8132	-607.2311	0.6998547
316.42	-459.6859	-607.2285	0.6998858
316.43	-459.5586	-607.226	0.6999171
316.44	-459.4312	-607.2233	0.6999485
316.45	-459.3038	-607.2207	0.6999801
316.46	-459.1765	-607.2181	0.7000118
316.47	-459.0491	-607.2155	0.7000436
316.48	-458.9217	-607.2129	0.7000754
316.49	-458.7942	-607.2103	0.7001075
316.5	-458.6668	-607.2078	0.7001396
316.51	-458.5393	-607.2052	0.7001717
316.52	-458.4118	-607.2026	0.700204
316.53	-458.2843	-607.2001	0.7002363
316.54	-458.1568	-607.1976	0.7002688
316.55	-458.0293	-607.195	0.7003013
316.56	-457.9017	-607.1925	0.7003338
316.57	-457.7742	-607.19	0.7003664
316.58	-457.6466	-607.1876	0.7003991
316.59	-457.519	-607.1851	0.7004319
316.6	-457.3914	-607.1826	0.7004647
316.61	-457.2637	-607.1801	0.7004975
316.62	-457.1361	-607.1776	0.7005304
316.63	-457.0085	-607.1752	0.7005634
316.64	-456.8808	-607.1727	0.7005963
316.65	-456.7531	-607.1703	0.7006293
316.66	-456.6253	-607.1678	0.7006623
316.67	-456.4976	-607.1655	0.7006954
316.68	-456.3698	-607.163	0.7007285
316.69	-456.2421	-607.1606	0.7007616
316.7	-456.1143	-607.1583	0.7007947
316.71	-455.9865	-607.1559	0.7008278
316.72	-455.8586	-607.1536	0.700861
316.73	-455.7308	-607.1512	0.7008941
316.74	-455.6029	-607.1488	0.7009271
316.75	-455.4751	-607.1465	0.7009602
316.76	-455.3472	-607.1442	0.7009933
316.77	-455.2193	-607.1419	0.7010263
316.78	-455.0913	-607.1396	0.7010593
316.79	-454.9634	-607.1373	0.7010921
316.8	-454.8354	-607.1349	0.7011248
316.81	-454.7075	-607.1328	0.7011576
316.82	-454.5794	-607.1305	0.7011902
316.83	-454.4514	-607.1282	0.7012228
316.84	-454.3234	-607.126	0.701255
316.85	-454.1954	-607.1238	0.7012872
316.86	-454.0673	-607.1215	0.7013191
316.87	-453.9392	-607.1193	0.7013507
316.88	-453.8111	-607.1171	0.7013821
316.89	-453.683	-607.1149	0.701413
316.9	-453.5549	-607.1128	0.7014438
316.91	-453.4267	-607.1106	0.7014742
316.92	-453.2986	-607.1084	0.7015039
316.93	-453.1704	-607.1063	0.7015328
316.94	-453.0422	-607.1041	0.701561
316.95	-452.9139	-607.1021	0.7015886
316.96	-452.7857	-607.0999	0.7016155
316.97	-452.6575	-607.0978	0.701641
316.98	-452.5292	-607.0956	0.7016653
316.99	-452.4009	-607.0935	0.7016884
317	-452.2726	-607.0914	0.7017103
317.01	-452.1443	-607.0893	0.7017313
317.02	-452.016	-607.0873	0.7017503
317.03	-451.8876	-607.0852	0.7017675
317.04	-451.7592	-607.0831	0.7017831
317.05	-451.6309	-607.0811	0.701797
317.06	-451.5024	-607.079	0.7018095
317.07	-451.374	-607.0769	0.7018205
317.08	-451.2456	-607.0748	0.7018293
317.09	-451.1171	-607.0728	0.701836
317.1	-450.9886	-607.0707	0.7018407
317.11	-450.8601	-607.0686	0.7018436
317.12	-450.7317	-607.0665	0.7018445
317.13	-450.6031	-607.0645	0.7018436
317.14	-450.4746	-607.0624	0.7018409
317.15	-450.346	-607.0603	0.7018365
317.16	-450.2175	-607.0582	0.7018306
317.17	-450.0889	-607.0562	0.7018232
317.18	-449.9603	-607.0541	0.7018144
317.19	-449.8317	-607.052	0.7018042
317.2	-449.7031	-607.0499	0.7017927
317.21	-449.5744	-607.0479	0.70178
317.22	-449.4457	-607.0458	0.7017664
317.23	-449.3171	-607.0437	0.7017518
317.24	-449.1884	-607.0416	0.7017362
317.25	-449.0597	-607.0395	0.7017198
317.26	-448.9309	-607.0374	0.7017024
317.27	-448.8022	-607.0353	0.7016846
317.28	-448.6735	-607.0333	0.7016662
317.29	-448.5447	-607.0312	0.7016472
317.3	-448.4159	-607.0291	0.7016277
317.31	-448.2871	-607.027	0.7016078
317.32	-448.1583	-607.025	0.7015877
317.33	-448.0294	-607.0228	0.7015675
317.34	-447.9006	-607.0208	0.7015471
317.35	-447.7717	-607.0187	0.7015267
317.36	-447.6429	-607.0166	0.7015062
317.37	-447.514	-607.0145	0.701486
317.38	-447.3851	-607.0125	0.7014661
317.39	-447.2562	-607.0104	0.7014465
317.4	-447.1272	-607.0082	0.7014272
317.41	-446.9983	-607.0062	0.7014082
317.42	-446.8693	-607.0041	0.7013899
317.43	-446.7404	-607.002	0.7013722
317.44	-446.6114	-606.9999	0.7013551
317.45	-446.4823	-606.9979	0.7013386
317.46	-446.3533	-606.9958	0.7013227
317.47	-446.2243	-606.9937	0.7013075
317.48	-446.0952	-606.9916	0.7012931
317.49	-445.9662	-606.9896	0.7012793
317.5	-445.8371	-606.9874	0.7012663
317.51	-445.7079	-606.9854	0.7012539
317.52	-445.5789	-606.9833	0.7012421
317.53	-445.4497	-606.9812	0.701231
317.54	-445.3206	-606.9791	0.7012203
317.55	-445.1914	-606.9771	0.7012103
317.56	-445.0623	-606.975	0.7012006
317.57	-444.9331	-606.9729	0.7011914
317.58	-444.8039	-606.9708	0.7011827
317.59	-444.6747	-606.9688	0.7011744
317.6	-444.5455	-606.9666	0.7011665
317.61	-444.4163	-606.9645	0.7011589
317.62	-444.287	-606.9623	0.7011518
317.63	-444.1578	-606.9602	0.701145
317.64	-444.0285	-606.9581	0.7011385
317.65	-443.8993	-606.9559	0.7011324
317.66	-443.77	-606.9537	0.7011265
317.67	-443.6407	-606.9516	0.7011209
317.68	-443.5114	-606.9495	0.7011155
317.69	-443.382	-606.9473	0.7011104
317.7	-443.2527	-606.9452	0.7011056
317.71	-443.1234	-606.9431	0.701101
317.72	-442.994	-606.9409	0.7010965
317.73	-442.8647	-606.9388	0.7010923
317.74	-442.7353	-606.9366	0.7010882
317.75	-442.6059	-606.9345	0.7010844
317.76	-442.4765	-606.9324	0.7010808
317.77	-442.3471	-606.9302	0.7010773
317.78	-442.2177	-606.9281	0.7010739
317.79	-442.0883	-606.926	0.7010707
317.8	-441.9588	-606.9238	0.7010676
317.81	-441.8293	-606.9217	0.7010647
317.82	-441.6999	-606.9196	0.701062
317.83	-441.5704	-606.9174	0.7010593
317.84	-441.4409	-606.9153	0.7010567
317.85	-441.3115	-606.9131	0.7010543
317.86	-441.1819	-606.9109	0.7010519
317.87	-441.0525	-606.9088	0.7010496
317.88	-440.9229	-606.9066	0.7010475
317.89	-440.7934	-606.9044	0.7010454
317.9	-440.6638	-606.9022	0.7010434
317.91	-440.5343	-606.9	0.7010415
317.92	-440.4047	-606.8978	0.7010396
317.93	-440.2751	-606.8956	0.7010378
317.94	-440.1456	-606.8934	0.701036
317.95	-440.016	-606.8912	0.7010344
317.96	-439.8864	-606.889	0.7010329
317.97	-439.7567	-606.8868	0.7010313
317.98	-439.6271	-606.8846	0.7010299
317.99	-439.4975	-606.8824	0.7010285
318	-439.3679	-606.8802	0.7010271
318.01	-439.2382	-606.878	0.7010258
318.02	-439.1086	-606.8758	0.7010245
318.03	-438.9789	-606.8736	0.7010233
318.04	-438.8492	-606.8714	0.7010221
318.05	-438.7195	-606.8692	0.701021
318.06	-438.5898	-606.867	0.7010198
318.07	-438.4601	-606.8648	0.7010188
318.08	-438.3303	-606.8626	0.7010177
318.09	-438.2006	-606.8604	0.7010167
318.1	-438.0708	-606.8582	0.7010157
