837.75    -647.9756 -614.4747 0.7069973
837.76    -647.8436 -614.4697 0.7069981
837.77    -647.7115 -614.4647 0.707
837.78    -647.5794 -614.4597 0.707003
837.79    -647.4474 -614.4547 0.707008
837.8    -647.3154 -614.4497 0.7070149
837.81    -647.1833 -614.4447 0.7070238
837.82    -647.0513 -614.4397 0.7070343
837.83    -646.9193 -614.4347 0.7070464
837.84    -646.7874 -614.4297 0.707061
837.85    -646.6554 -614.4247 0.7070779
837.86    -646.5234 -614.4198 0.7070968
837.87    -646.3915 -614.4149 0.7071179
837.88    -646.2596 -614.4099 0.7071407
837.89    -646.1277 -614.405 0.707166
837.9    -645.9958 -614.4001 0.7071934
837.91    -645.864 -614.3951 0.7072231
837.92    -645.7321 -614.3902 0.7072546
837.93    -645.6003 -614.3853 0.707288
837.94    -645.4684 -614.3803 0.7073232
837.95    -645.3367 -614.3754 0.7073602
837.96    -645.2049 -614.3704 0.7073987
837.97    -645.0731 -614.3655 0.7074389
837.98    -644.9413 -614.3605 0.7074804
837.99    -644.8096 -614.3556 0.7075233
838    -644.6779 -614.3506 0.7075675
838.01    -644.5462 -614.3457 0.7076129
838.02    -644.4145 -614.3408 0.7076595
838.03    -644.2828 -614.3358 0.707707
838.04    -644.1511 -614.3309 0.7077557
838.05    -644.0194 -614.326 0.7078052
838.06    -643.8878 -614.3211 0.7078556
838.07    -643.7561 -614.3162 0.707907
838.08    -643.6245 -614.3113 0.7079591
838.09    -643.4929 -614.3065 0.7080119
838.1    -643.3613 -614.3016 0.7080655
838.11    -643.2297 -614.2968 0.7081197
838.12    -643.0981 -614.2919 0.7081745
838.13    -642.9666 -614.287 0.7082299
838.14    -642.8351 -614.2821 0.7082859
838.15    -642.7036 -614.2772 0.7083424
838.16    -642.5721 -614.2723 0.7083994
838.17    -642.4407 -614.2675 0.7084568
838.18    -642.3092 -614.2626 0.7085147
838.19    -642.1778 -614.2577 0.7085729
838.2    -642.0464 -614.2528 0.7086314
838.21    -641.915 -614.2479 0.7086901
838.22    -641.7836 -614.243 0.7087491
838.23    -641.6522 -614.2382 0.7088083
838.24    -641.5208 -614.2333 0.7088673
838.25    -641.3895 -614.2285 0.7089261
838.26    -641.2581 -614.2237 0.7089847
838.27    -641.1268 -614.2189 0.7090431
838.28    -640.9954 -614.2141 0.7091014
838.29    -640.8641 -614.2092 0.7091586
838.3    -640.7328 -614.2044 0.7092147
838.31    -640.6016 -614.1996 0.7092701
838.32    -640.4703 -614.1948 0.7093246
838.33    -640.3391 -614.19 0.7093781
838.34    -640.2078 -614.1852 0.709431
838.35    -640.0766 -614.1804 0.7094817
838.36    -639.9454 -614.1755 0.7095304
838.37    -639.8143 -614.1707 0.7095772
838.38    -639.6831 -614.1659 0.7096223
838.39    -639.5519 -614.1611 0.7096655
838.4    -639.4208 -614.1563 0.7097057
838.41    -639.2897 -614.1514 0.7097429
838.42    -639.1586 -614.1466 0.7097774
838.43    -639.0275 -614.1418 0.7098091
838.44    -638.8964 -614.137 0.7098383
838.45    -638.7654 -614.1323 0.7098635
838.46    -638.6343 -614.1275 0.7098846
838.47    -638.5033 -614.1227 0.7099022
838.48    -638.3723 -614.118 0.7099162
838.49    -638.2413 -614.1132 0.7099254
838.5    -638.1103 -614.1085 0.70993
838.51    -637.9793 -614.1037 0.7099302
838.52    -637.8483 -614.0989 0.7099265
838.53    -637.7174 -614.0942 0.709919
838.54    -637.5865 -614.0894 0.7099063
838.55    -637.4556 -614.0847 0.7098888
838.56    -637.3246 -614.08 0.7098667
838.57    -637.1938 -614.0752 0.7098405
838.58    -637.0629 -614.0704 0.7098102
838.59    -636.9321 -614.0657 0.709775
838.6    -636.8013 -614.0609 0.709735
838.61    -636.6705 -614.0562 0.7096908
838.62    -636.5397 -614.0514 0.7096424
838.63    -636.4089 -614.0466 0.7095901
838.64    -636.2781 -614.0419 0.7095338
838.65    -636.1474 -614.0372 0.7094737
838.66    -636.0167 -614.0325 0.7094101
838.67    -635.8859 -614.0278 0.709343
838.68    -635.7552 -614.0231 0.7092727
838.69    -635.6245 -614.0184 0.7091995
838.7    -635.4938 -614.0137 0.7091234
838.71    -635.3631 -614.009 0.7090446
838.72    -635.2324 -614.0043 0.7089633
838.73    -635.1017 -613.9996 0.7088797
838.74    -634.9711 -613.9949 0.7087938
838.75    -634.8405 -613.9902 0.7087058
838.76    -634.7099 -613.9855 0.7086157
838.77    -634.5793 -613.9808 0.7085238
838.78    -634.4488 -613.9762 0.7084301
838.79    -634.3182 -613.9715 0.7083347
838.8    -634.1877 -613.9668 0.7082377
838.81    -634.0572 -613.9621 0.7081392
838.82    -633.9267 -613.9574 0.7080393
838.83    -633.7962 -613.9527 0.7079381
838.84    -633.6657 -613.9481 0.7078357
838.85    -633.5353 -613.9434 0.7077324
838.86    -633.4048 -613.9388 0.7076287
838.87    -633.2744 -613.9341 0.7075244
838.88    -633.144 -613.9295 0.7074195
838.89    -633.0136 -613.9249 0.7073151
838.9    -632.8832 -613.9202 0.7072113
838.91    -632.7529 -613.9156 0.707108
838.92    -632.6225 -613.9109 0.7070051
838.93    -632.4921 -613.9063 0.7069028
838.94    -632.3618 -613.9017 0.7068009
838.95    -632.2314 -613.897 0.7067016
838.96    -632.1011 -613.8924 0.7066049
838.97    -631.9708 -613.8878 0.7065105
838.98    -631.8406 -613.8831 0.7064186
838.99    -631.7103 -613.8785 0.7063307
839    -631.5801 -613.8739 0.7062467
839.01    -631.4498 -613.8693 0.7061664
839.02    -631.3196 -613.8646 0.7060895
839.03    -631.1895 -613.86 0.7060159
839.04    -631.0593 -613.8554 0.7059454
839.05    -630.9291 -613.8508 0.7058805
839.06    -630.799 -613.8463 0.7058206
839.07    -630.6689 -613.8417 0.7057656
839.08    -630.5388 -613.8371 0.7057152
839.09    -630.4086 -613.8325 0.7056691
839.1    -630.2786 -613.8279 0.7056293
839.11    -630.1485 -613.8234 0.7055956
839.12    -630.0184 -613.8188 0.7055673
839.13    -629.8884 -613.8142 0.7055443
839.14    -629.7583 -613.8096 0.7055264
839.15    -629.6283 -613.8051 0.7055142
839.16    -629.4983 -613.8005 0.7055075
839.17    -629.3683 -613.7959 0.705506
839.18    -629.2383 -613.7913 0.7055093
839.19    -629.1083 -613.7867 0.7055172
839.2    -628.9784 -613.7822 0.7055297
839.21    -628.8484 -613.7776 0.7055465
839.22    -628.7186 -613.773 0.7055673
839.23    -628.5887 -613.7685 0.705592
839.24    -628.4588 -613.764 0.7056201
839.25    -628.3289 -613.7595 0.7056518
839.26    -628.1991 -613.7549 0.7056866
839.27    -628.0693 -613.7504 0.7057245
839.28    -627.9395 -613.7459 0.7057651
839.29    -627.8097 -613.7414 0.7058085
839.3    -627.6799 -613.7369 0.7058544
839.31    -627.5502 -613.7324 0.7059026
839.32    -627.4204 -613.7278 0.7059531
839.33    -627.2906 -613.7233 0.7060058
839.34    -627.1609 -613.7188 0.7060604
839.35    -627.0313 -613.7143 0.706117
839.36    -626.9016 -613.7098 0.7061753
839.37    -626.7719 -613.7053 0.7062352
839.38    -626.6422 -613.7007 0.7062969
839.39    -626.5125 -613.6962 0.7063599
839.4    -626.3828 -613.6917 0.7064242
839.41    -626.2532 -613.6872 0.7064898
839.42    -626.1235 -613.6827 0.7065563
839.43    -625.994 -613.6782 0.706624
839.44    -625.8644 -613.6736 0.7066926
839.45    -625.7348 -613.6692 0.7067616
839.46    -625.6052 -613.6648 0.7068309
839.47    -625.4757 -613.6603 0.7069006
839.48    -625.3462 -613.6559 0.7069706
839.49    -625.2167 -613.6514 0.7070398
839.5    -625.0872 -613.647 0.7071082
839.51    -624.9578 -613.6425 0.7071759
839.52    -624.8283 -613.6381 0.7072429
839.53    -624.6989 -613.6336 0.7073092
839.54    -624.5695 -613.6292 0.7073734
839.55    -624.4401 -613.6247 0.7074355
839.56    -624.3107 -613.6202 0.7074958
839.57    -624.1813 -613.6158 0.7075543
839.58    -624.0519 -613.6113 0.7076111
839.59    -623.9225 -613.6069 0.7076651
839.6    -623.7932 -613.6024 0.7077165
839.61    -623.6639 -613.598 0.7077653
839.62    -623.5345 -613.5935 0.7078118
839.63    -623.4052 -613.5891 0.7078561
839.64    -623.2759 -613.5846 0.7078975
839.65    -623.1467 -613.5802 0.7079363
839.66    -623.0174 -613.5758 0.7079725
839.67    -622.8881 -613.5714 0.7080063
839.68    -622.7589 -613.5671 0.7080378
839.69    -622.6297 -613.5627 0.7080671
839.7    -622.5005 -613.5583 0.7080941
839.71    -622.3713 -613.5539 0.7081192
839.72    -622.2422 -613.5495 0.7081422
839.73    -622.113 -613.5451 0.7081634
839.74    -621.9839 -613.5407 0.7081829
839.75    -621.8549 -613.5363 0.7082008
839.76    -621.7258 -613.5319 0.7082171
839.77    -621.5967 -613.5275 0.708232
839.78    -621.4676 -613.5231 0.7082455
839.79    -621.3385 -613.5187 0.7082577
839.8    -621.2095 -613.5143 0.7082687
839.81    -621.0804 -613.5099 0.7082785
839.82    -620.9514 -613.5056 0.7082873
839.83    -620.8224 -613.5012 0.7082949
839.84    -620.6934 -613.4968 0.7083017
839.85    -620.5644 -613.4924 0.7083077
839.86    -620.4354 -613.488 0.7083132
839.87    -620.3065 -613.4836 0.7083181
839.88    -620.1775 -613.4793 0.7083225
839.89    -620.0486 -613.475 0.7083263
839.9    -619.9197 -613.4706 0.7083304
839.91    -619.7908 -613.4663 0.7083347
839.92    -619.6619 -613.462 0.7083394
839.93    -619.5331 -613.4577 0.7083443
839.94    -619.4042 -613.4534 0.7083502
839.95    -619.2755 -613.449 0.7083572
839.96    -619.1467 -613.4447 0.7083651
839.97    -619.0179 -613.4404 0.7083739
839.98    -618.8891 -613.436 0.7083835
839.99    -618.7604 -613.4317 0.7083949
840    -618.6317 -613.4274 0.7084079
840.01    -618.5029 -613.423 0.7084225
840.02    -618.3742 -613.4187 0.7084385
840.03    -618.2455 -613.4143 0.7084559
840.04    -618.1168 -613.41 0.7084746
840.05    -617.9881 -613.4056 0.708495
840.06    -617.8594 -613.4013 0.7085167
840.07    -617.7308 -613.397 0.70854
840.08    -617.6021 -613.3926 0.7085645
840.09    -617.4735 -613.3883 0.7085902
840.1    -617.3449 -613.384 0.7086172
840.11    -617.2163 -613.3796 0.7086452
840.12    -617.0877 -613.3753 0.7086743
840.13    -616.9592 -613.371 0.7087043
840.14    -616.8306 -613.3666 0.7087352
840.15    -616.7021 -613.3623 0.7087668
840.16    -616.5736 -613.358 0.7087992
840.17    -616.4451 -613.3536 0.7088323
840.18    -616.3167 -613.3492 0.7088659
840.19    -616.1882 -613.3448 0.7089003
840.2    -616.0598 -613.3403 0.7089347
840.21    -615.9313 -613.3359 0.7089693
840.22    -615.8029 -613.3315 0.709004
840.23    -615.6745 -613.3271 0.7090388
840.24    -615.5461 -613.3228 0.7090732
840.25    -615.4178 -613.3184 0.709107
840.26    -615.2894 -613.314 0.7091405
840.27    -615.1611 -613.3096 0.7091736
840.28    -615.0327 -613.3052 0.7092062
840.29    -614.9044 -613.3008 0.7092376
840.3    -614.7761 -613.2963 0.7092678
840.31    -614.6478 -613.2919 0.7092968
840.32    -614.5195 -613.2875 0.7093248
840.33    -614.3913 -613.2831 0.7093517
840.34    -614.2631 -613.2787 0.7093764
840.35    -614.1348 -613.2744 0.7093992
840.36    -614.0066 -613.27 0.7094201
840.37    -613.8784 -613.2656 0.7094392
840.38    -613.7502 -613.2612 0.7094566
840.39    -613.6221 -613.2568 0.7094709
840.4    -613.494 -613.2523 0.7094824
840.41    -613.3658 -613.2479 0.7094911
840.42    -613.2377 -613.2434 0.7094974
840.43    -613.1096 -613.239 0.7095012
840.44    -612.9815 -613.2345 0.7095028
840.45    -612.8535 -613.23 0.709501
840.46    -612.7254 -613.2256 0.7094963
840.47    -612.5974 -613.2211 0.7094885
840.48    -612.4693 -613.2167 0.7094781
840.49    -612.3412 -613.2122 0.7094651
840.5    -612.2133 -613.2077 0.7094495
840.51    -612.0853 -613.2032 0.7094315
840.52    -611.9573 -613.1988 0.7094112
840.53    -611.8293 -613.1943 0.7093888
840.54    -611.7014 -613.1899 0.7093644
840.55    -611.5734 -613.1854 0.7093381
840.56    -611.4455 -613.181 0.70931
840.57    -611.3176 -613.1765 0.7092801
840.58    -611.1898 -613.1721 0.7092487
840.59    -611.0619 -613.1676 0.7092157
840.6    -610.934 -613.1631 0.7091813
840.61    -610.8062 -613.1587 0.7091455
840.62    -610.6784 -613.1542 0.7091085
840.63    -610.5506 -613.1498 0.7090702
840.64    -610.4229 -613.1453 0.7090309
840.65    -610.2951 -613.1409 0.7089904
840.66    -610.1674 -613.1364 0.7089489
840.67    -610.0396 -613.132 0.7089064
840.68    -609.9119 -613.1275 0.7088631
840.69    -609.7842 -613.123 0.7088188
840.7    -609.6565 -613.1186 0.7087737
840.71    -609.5288 -613.1141 0.708728
840.72    -609.4011 -613.1097 0.7086814
840.73    -609.2734 -613.1052 0.7086341
840.74    -609.1458 -613.1008 0.7085867
840.75    -609.0182 -613.0963 0.7085388
840.76    -608.8906 -613.0919 0.7084907
840.77    -608.7629 -613.0874 0.7084424
840.78    -608.6354 -613.0829 0.7083939
840.79    -608.5078 -613.0785 0.7083464
840.8    -608.3802 -613.074 0.7082997
840.81    -608.2527 -613.0696 0.708254
840.82    -608.1252 -613.0651 0.7082091
840.83    -607.9977 -613.0607 0.7081649
840.84    -607.8702 -613.0562 0.7081214
840.85    -607.7427 -613.0518 0.7080811
840.86    -607.6153 -613.0473 0.7080437
840.87    -607.4879 -613.0428 0.7080091
840.88    -607.3604 -613.0383 0.7079771
840.89    -607.233 -613.0338 0.7079474
840.9    -607.1056 -613.0292 0.7079228
840.91    -606.9782 -613.0247 0.7079028
840.92    -606.8508 -613.0202 0.7078874
840.93    -606.7234 -613.0157 0.7078759
840.94    -606.5961 -613.0112 0.7078685
840.95    -606.4688 -613.0067 0.7078658
840.96    -606.3414 -613.0023 0.7078677
840.97    -606.2141 -612.9978 0.707874
840.98    -606.0868 -612.9933 0.7078843
840.99    -605.9595 -612.9889 0.7078985
841    -605.8323 -612.9844 0.7079163
841.01    -605.705 -612.98 0.7079377
841.02    -605.5778 -612.9755 0.7079623
841.03    -605.4506 -612.9711 0.70799
841.04    -605.3234 -612.9667 0.7080204
841.05    -605.1962 -612.9622 0.7080536
841.06    -605.069 -612.9578 0.7080892
841.07    -604.9419 -612.9533 0.7081272
841.08    -604.8148 -612.9489 0.7081674
841.09    -604.6876 -612.9444 0.7082096
841.1    -604.5605 -612.9399 0.7082539
841.11    -604.4334 -612.9355 0.7082998
841.12    -604.3063 -612.931 0.7083473
841.13    -604.1793 -612.9266 0.7083963
841.14    -604.0522 -612.9221 0.7084463
841.15    -603.9252 -612.9177 0.7084975
841.16    -603.7982 -612.9132 0.7085498
841.17    -603.6712 -612.9088 0.708603
841.18    -603.5442 -612.9043 0.7086571
841.19    -603.4172 -612.8998 0.7087122
841.2    -603.2902 -612.8954 0.7087679
841.21    -603.1633 -612.8909 0.7088243
841.22    -603.0363 -612.8865 0.7088816
841.23    -602.9094 -612.882 0.7089393
841.24    -602.7825 -612.8775 0.7089978
841.25    -602.6556 -612.8729 0.7090567
841.26    -602.5287 -612.8684 0.7091162
841.27    -602.4019 -612.8639 0.7091762
841.28    -602.275 -612.8594 0.7092367
841.29    -602.1482 -612.8549 0.7092977
841.3    -602.0214 -612.8503 0.709359
841.31    -601.8946 -612.8458 0.7094209
841.32    -601.7678 -612.8413 0.709483
841.33    -601.6411 -612.8368 0.7095456
841.34    -601.5143 -612.8323 0.7096084
841.35    -601.3876 -612.8277 0.7096717
841.36    -601.2609 -612.8232 0.7097355
841.37    -601.1342 -612.8186 0.7097996
841.38    -601.0074 -612.814 0.7098641
841.39    -600.8807 -612.8094 0.7099291
841.4    -600.7541 -612.8049 0.7099945
841.41    -600.6274 -612.8002 0.7100605
841.42    -600.5008 -612.7957 0.710127
841.43    -600.3741 -612.7911 0.710194
841.44    -600.2476 -612.7865 0.7102613
841.45    -600.121 -612.7819 0.7103296
841.46    -599.9944 -612.7773 0.7103984
841.47    -599.8678 -612.7726 0.710468
841.48    -599.7413 -612.768 0.7105381
841.49    -599.6147 -612.7634 0.7106089
841.5    -599.4882 -612.7587 0.7106805
841.51    -599.3618 -612.754 0.7107528
841.52    -599.2353 -612.7494 0.7108258
841.53    -599.1088 -612.7448 0.7108995
841.54    -598.9824 -612.7401 0.7109738
841.55    -598.856 -612.7354 0.7110487
841.56    -598.7296 -612.7307 0.7111242
841.57    -598.6032 -612.726 0.7112002
841.58    -598.4768 -612.7213 0.7112767
841.59    -598.3505 -612.7165 0.7113537
841.6    -598.2241 -612.7118 0.7114311
841.61    -598.0978 -612.7071 0.711509
841.62    -597.9714 -612.7023 0.7115873
841.63    -597.8451 -612.6975 0.7116659
841.64    -597.7188 -612.6927 0.7117449
841.65    -597.5925 -612.688 0.7118242
841.66    -597.4662 -612.6832 0.7119039
841.67    -597.34 -612.6784 0.7119839
841.68    -597.2137 -612.6736 0.7120641
841.69    -597.0875 -612.6688 0.7121447
841.7    -596.9613 -612.6639 0.7122257
841.71    -596.8351 -612.6591 0.712307
841.72    -596.709 -612.6542 0.7123885
841.73    -596.5828 -612.6494 0.7124705
841.74    -596.4567 -612.6445 0.7125529
841.75    -596.3306 -612.6396 0.7126359
841.76    -596.2045 -612.6347 0.7127196
841.77    -596.0784 -612.6298 0.7128037
841.78    -595.9523 -612.6249 0.7128882
841.79    -595.8262 -612.62 0.7129733
841.8    -595.7002 -612.6151 0.7130587
841.81    -595.5742 -612.6101 0.7131447
841.82    -595.4481 -612.6051 0.7132309
841.83    -595.3221 -612.6002 0.7133176
841.84    -595.1961 -612.5952 0.7134044
841.85    -595.0701 -612.5902 0.7134917
841.86    -594.9442 -612.5851 0.713579
841.87    -594.8182 -612.5801 0.7136667
841.88    -594.6923 -612.5751 0.7137546
841.89    -594.5664 -612.5701 0.713842
841.9    -594.4405 -612.565 0.7139292
841.91    -594.3146 -612.5599 0.714016
841.92    -594.1888 -612.5549 0.7141026
841.93    -594.0629 -612.5497 0.7141889
841.94    -593.9371 -612.5446 0.7142749
841.95    -593.8113 -612.5395 0.7143591
841.96    -593.6855 -612.5344 0.7144416
841.97    -593.5597 -612.5292 0.7145225
841.98    -593.4339 -612.524 0.7146019
841.99    -593.3081 -612.5189 0.7146799
842    -593.1824 -612.5136 0.7147549
842.01    -593.0566 -612.5084 0.7148274
842.02    -592.9309 -612.5032 0.7148972
842.03    -592.8052 -612.498 0.7149645
842.04    -592.6794 -612.4927 0.7150295
842.05    -592.5538 -612.4875 0.7150909
842.06    -592.4281 -612.4822 0.7151488
842.07    -592.3024 -612.477 0.7152033
842.08    -592.1768 -612.4717 0.7152548
842.09    -592.0512 -612.4664 0.7153023
842.1    -591.9256 -612.4611 0.715346
842.11    -591.8 -612.4557 0.7153862
842.12    -591.6745 -612.4504 0.715423
842.13    -591.549 -612.4451 0.7154567
842.14    -591.4234 -612.4397 0.7154873
842.15    -591.2979 -612.4343 0.7155142
842.16    -591.1724 -612.4289 0.7155376
842.17    -591.0469 -612.4235 0.7155576
842.18    -590.9214 -612.4181 0.7155744
842.19    -590.796 -612.4127 0.7155883
842.2    -590.6705 -612.4072 0.7155993
842.21    -590.5451 -612.4017 0.7156076
842.22    -590.4197 -612.3963 0.7156131
842.23    -590.2943 -612.3908 0.7156163
842.24    -590.1688 -612.3853 0.7156172
842.25    -590.0435 -612.3798 0.7156158
842.26    -589.9181 -612.3743 0.7156125
842.27    -589.7927 -612.3688 0.7156071
842.28    -589.6674 -612.3632 0.7155998
842.29    -589.5421 -612.3577 0.7155909
842.3    -589.4168 -612.3521 0.7155802
842.31    -589.2916 -612.3466 0.715568
842.32    -589.1663 -612.341 0.7155543
842.33    -589.0411 -612.3354 0.7155392
842.34    -588.9158 -612.3298 0.7155228
842.35    -588.7906 -612.3242 0.7155051
842.36    -588.6655 -612.3186 0.7154862
842.37    -588.5403 -612.313 0.7154662
842.38    -588.4151 -612.3074 0.7154451
842.39    -588.29 -612.3017 0.715423
842.4    -588.1649 -612.2961 0.7154
842.41    -588.0397 -612.2905 0.7153761
842.42    -587.9146 -612.2849 0.7153513
842.43    -587.7895 -612.2792 0.7153257
842.44    -587.6644 -612.2736 0.7152993
842.45    -587.5393 -612.2679 0.7152721
842.46    -587.4142 -612.2622 0.7152444
842.47    -587.2892 -612.2565 0.7152159
842.48    -587.1641 -612.2509 0.7151868
842.49    -587.0391 -612.2452 0.7151572
842.5    -586.9141 -612.2394 0.7151269
842.51    -586.7891 -612.2338 0.7150962
842.52    -586.6642 -612.2281 0.7150649
842.53    -586.5392 -612.2224 0.7150332
842.54    -586.4143 -612.2167 0.715001
842.55    -586.2894 -612.2111 0.7149684
842.56    -586.1646 -612.2053 0.7149353
842.57    -586.0397 -612.1996 0.7149019
842.58    -585.9148 -612.1938 0.7148681
842.59    -585.79 -612.1881 0.7148339
842.6    -585.6652 -612.1824 0.7147993
842.61    -585.5403 -612.1766 0.7147645
842.62    -585.4155 -612.1709 0.7147292
842.63    -585.2907 -612.1652 0.7146938
842.64    -585.166 -612.1594 0.7146578
842.65    -585.0412 -612.1537 0.7146214
842.66    -584.9164 -612.1479 0.7145846
842.67    -584.7917 -612.1422 0.7145475
842.68    -584.6669 -612.1365 0.71451
842.69    -584.5422 -612.1308 0.7144716
842.7    -584.4175 -612.1251 0.7144324
842.71    -584.2928 -612.1193 0.7143926
842.72    -584.1682 -612.1136 0.7143521
842.73    -584.0435 -612.1078 0.7143108
842.74    -583.9189 -612.1021 0.7142687
842.75    -583.7943 -612.0964 0.7142254
842.76    -583.6696 -612.0906 0.7141812
842.77    -583.545 -612.0849 0.7141362
842.78    -583.4205 -612.0792 0.7140905
842.79    -583.2959 -612.0734 0.7140434
842.8    -583.1714 -612.0677 0.7139953
842.81    -583.0469 -612.062 0.7139461
842.82    -582.9224 -612.0562 0.7138959
842.83    -582.7979 -612.0505 0.7138447
842.84    -582.6734 -612.0447 0.7137924
842.85    -582.549 -612.039 0.7137391
842.86    -582.4245 -612.0333 0.7136848
842.87    -582.3 -612.0275 0.7136296
842.88    -582.1756 -612.0218 0.7135735
842.89    -582.0511 -612.0161 0.7135165
842.9    -581.9268 -612.0104 0.7134587
842.91    -581.8024 -612.0046 0.7134002
842.92    -581.678 -611.9989 0.7133411
842.93    -581.5536 -611.9932 0.7132811
842.94    -581.4292 -611.9874 0.7132205
842.95    -581.3049 -611.9817 0.7131593
842.96    -581.1805 -611.976 0.7130976
842.97    -581.0562 -611.9702 0.7130353
842.98    -580.9319 -611.9645 0.7129724
842.99    -580.8077 -611.9587 0.7129091
843    -580.6834 -611.953 0.7128453
843.01    -580.5591 -611.9473 0.712781
843.02    -580.4349 -611.9415 0.7127163
843.03    -580.3107 -611.9358 0.7126511
843.04    -580.1865 -611.9301 0.7125857
843.05    -580.0624 -611.9243 0.7125198
843.06    -579.9382 -611.9186 0.7124536
843.07    -579.8141 -611.913 0.712387
843.08    -579.6899 -611.9073 0.7123201
843.09    -579.5658 -611.9016 0.712253
843.1    -579.4417 -611.8959 0.7121854
843.11    -579.3176 -611.8903 0.7121177
843.12    -579.1935 -611.8846 0.7120497
843.13    -579.0695 -611.8789 0.7119814
843.14    -578.9454 -611.8732 0.7119128
843.15    -578.8214 -611.8676 0.7118441
843.16    -578.6973 -611.8619 0.7117751
843.17    -578.5733 -611.8562 0.7117059
843.18    -578.4493 -611.8505 0.7116364
843.19    -578.3253 -611.8448 0.7115669
843.2    -578.2013 -611.8392 0.7114971
843.21    -578.0773 -611.8335 0.7114271
843.22    -577.9534 -611.8278 0.7113569
843.23    -577.8295 -611.8221 0.7112866
843.24    -577.7056 -611.8165 0.7112162
843.25    -577.5817 -611.8108 0.7111455
843.26    -577.4578 -611.8051 0.7110748
843.27    -577.3339 -611.7994 0.7110038
843.28    -577.2101 -611.7938 0.7109329
843.29    -577.0862 -611.7881 0.7108616
843.3    -576.9625 -611.7824 0.7107906
843.31    -576.8387 -611.7767 0.7107195
843.32    -576.7149 -611.7711 0.7106486
843.33    -576.5911 -611.7654 0.7105777
843.34    -576.4674 -611.7597 0.710507
843.35    -576.3437 -611.754 0.7104366
843.36    -576.22 -611.7484 0.7103664
843.37    -576.0963 -611.7427 0.7102963
843.38    -575.9725 -611.737 0.7102264
843.39    -575.8488 -611.7313 0.7101567
843.4    -575.7252 -611.7256 0.7100871
843.41    -575.6015 -611.72 0.7100177
843.42    -575.4778 -611.7143 0.7099484
843.43    -575.3542 -611.7086 0.7098793
843.44    -575.2305 -611.7029 0.7098104
843.45    -575.1069 -611.6973 0.7097415
843.46    -574.9833 -611.6916 0.7096727
843.47    -574.8597 -611.6859 0.7096041
843.48    -574.7361 -611.6802 0.7095355
843.49    -574.6126 -611.6746 0.7094672
843.5    -574.4891 -611.6689 0.7093987
843.51    -574.3655 -611.6632 0.7093304
843.52    -574.2421 -611.6575 0.7092622
843.53    -574.1186 -611.6518 0.7091939
843.54    -573.9951 -611.6461 0.7091258
843.55    -573.8716 -611.6404 0.7090577
843.56    -573.7482 -611.6348 0.7089897
843.57    -573.6248 -611.6291 0.7089218
843.58    -573.5014 -611.6234 0.7088538
843.59    -573.3781 -611.6177 0.7087858
843.6    -573.2547 -611.6121 0.708718
843.61    -573.1313 -611.6064 0.7086502
843.62    -573.008 -611.6007 0.7085823
843.63    -572.8846 -611.595 0.7085145
843.64    -572.7614 -611.5894 0.7084467
843.65    -572.6381 -611.5837 0.7083789
843.66    -572.5148 -611.578 0.7083111
843.67    -572.3915 -611.5723 0.7082434
843.68    -572.2682 -611.5667 0.7081756
843.69    -572.1449 -611.561 0.7081078
843.7    -572.0217 -611.5553 0.7080401
843.71    -571.8984 -611.5497 0.7079724
843.72    -571.7752 -611.5441 0.7079046
843.73    -571.652 -611.5385 0.7078369
843.74    -571.5288 -611.5328 0.707769
843.75    -571.4056 -611.5272 0.7077013
843.76    -571.2825 -611.5216 0.7076335
843.77    -571.1593 -611.516 0.7075657
843.78    -571.0362 -611.5104 0.7074978
843.79    -570.9131 -611.5048 0.7074299
843.8    -570.79 -611.4992 0.7073621
843.81    -570.6669 -611.4936 0.7072942
843.82    -570.5439 -611.488 0.7072264
843.83    -570.4208 -611.4824 0.7071584
843.84    -570.2978 -611.4768 0.7070905
843.85    -570.1748 -611.4713 0.7070224
843.86    -570.0518 -611.4658 0.7069542
843.87    -569.9288 -611.4602 0.7068861
843.88    -569.8058 -611.4547 0.7068177
843.89    -569.6829 -611.4491 0.7067493
843.9    -569.5599 -611.4435 0.7066808
843.91    -569.437 -611.438 0.706612
843.92    -569.3141 -611.4325 0.7065431
843.93    -569.1912 -611.427 0.706474
843.94    -569.0682 -611.4215 0.7064047
843.95    -568.9454 -611.416 0.7063354
843.96    -568.8225 -611.4105 0.7062658
843.97    -568.6996 -611.4051 0.7061961
843.98    -568.5768 -611.3996 0.7061262
843.99    -568.4539 -611.3941 0.7060562
844    -568.3311 -611.3886 0.7059861
844.01    -568.2083 -611.3832 0.7059157
844.02    -568.0855 -611.3778 0.7058454
844.03    -567.9627 -611.3724 0.7057748
844.04    -567.84 -611.3669 0.7057042
844.05    -567.7172 -611.3615 0.7056333
844.06    -567.5945 -611.3561 0.7055625
844.07    -567.4717 -611.3507 0.7054915
844.08    -567.3491 -611.3453 0.7054204
844.09    -567.2264 -611.34 0.7053492
844.1    -567.1037 -611.3347 0.7052779
844.11    -566.9811 -611.3293 0.7052065
844.12    -566.8585 -611.3239 0.705135
844.13    -566.7358 -611.3185 0.7050635
844.14    -566.6132 -611.3133 0.7049919
844.15    -566.4907 -611.308 0.7049201
844.16    -566.3681 -611.3027 0.7048482
844.17    -566.2455 -611.2974 0.7047764
844.18    -566.123 -611.2921 0.7047044
844.19    -566.0004 -611.2868 0.7046323
844.2    -565.8779 -611.2816 0.7045602
844.21    -565.7554 -611.2763 0.704488
844.22    -565.6329 -611.2711 0.7044157
844.23    -565.5104 -611.2659 0.7043434
844.24    -565.388 -611.2606 0.704271
844.25    -565.2656 -611.2554 0.7041985
844.26    -565.1431 -611.2503 0.7041259
844.27    -565.0207 -611.2451 0.7040533
844.28    -564.8983 -611.2399 0.7039806
844.29    -564.7758 -611.2347 0.7039079
844.3    -564.6534 -611.2297 0.7038351
844.31    -564.5311 -611.2245 0.7037622
844.32    -564.4086 -611.2194 0.7036893
844.33    -564.2863 -611.2143 0.7036163
844.34    -564.1639 -611.2092 0.7035432
844.35    -564.0416 -611.2042 0.7034702
844.36    -563.9193 -611.1991 0.703397
844.37    -563.797 -611.194 0.7033238
844.38    -563.6747 -611.189 0.7032506
844.39    -563.5525 -611.184 0.7031773
844.4    -563.4302 -611.179 0.7031038
844.41    -563.308 -611.174 0.7030305
844.42    -563.1858 -611.169 0.702957
844.43    -563.0636 -611.164 0.7028835
844.44    -562.9414 -611.159 0.7028099
844.45    -562.8192 -611.1541 0.7027363
844.46    -562.6971 -611.1492 0.7026625
844.47    -562.575 -611.1442 0.7025889
844.48    -562.4528 -611.1393 0.7025151
844.49    -562.3307 -611.1345 0.7024413
844.5    -562.2086 -611.1296 0.7023674
844.51    -562.0865 -611.1247 0.7022935
844.52    -561.9645 -611.1198 0.7022195
844.53    -561.8424 -611.115 0.7021456
844.54    -561.7204 -611.1102 0.7020714
844.55    -561.5984 -611.1053 0.7019973
844.56    -561.4764 -611.1005 0.7019231
844.57    -561.3544 -611.0958 0.701849
844.58    -561.2324 -611.091 0.7017748
844.59    -561.1104 -611.0862 0.7017005
844.6    -560.9885 -611.0815 0.7016261
844.61    -560.8665 -611.0768 0.7015518
844.62    -560.7446 -611.072 0.7014773
844.63    -560.6226 -611.0673 0.7014029
844.64    -560.5007 -611.0626 0.7013283
844.65    -560.3788 -611.058 0.7012538
844.66    -560.257 -611.0533 0.7011792
844.67    -560.1351 -611.0486 0.7011045
844.68    -560.0132 -611.0441 0.7010298
844.69    -559.8914 -611.0394 0.7009551
844.7    -559.7695 -611.0348 0.7008803
844.71    -559.6477 -611.0302 0.7008054
844.72    -559.5259 -611.0257 0.7007304
844.73    -559.4041 -611.0211 0.7006553
844.74    -559.2823 -611.0165 0.7005802
844.75    -559.1605 -611.012 0.7005047
844.76    -559.0388 -611.0075 0.7004291
844.77    -558.917 -611.003 0.7003534
844.78    -558.7953 -610.9985 0.7002776
844.79    -558.6736 -610.994 0.7002015
844.8    -558.5519 -610.9896 0.700125
844.81    -558.4302 -610.9851 0.7000483
844.82    -558.3085 -610.9807 0.6999711
844.83    -558.1869 -610.9763 0.6998936
844.84    -558.0652 -610.9719 0.6998156
844.85    -557.9436 -610.9675 0.6997373
844.86    -557.822 -610.9633 0.6996585
844.87    -557.7004 -610.9589 0.6995793
844.88    -557.5789 -610.9546 0.6994998
844.89    -557.4573 -610.9504 0.6994199
844.9    -557.3358 -610.9461 0.6993396
844.91    -557.2142 -610.9419 0.699259
844.92    -557.0927 -610.9377 0.6991782
844.93    -556.9712 -610.9335 0.699097
844.94    -556.8497 -610.9293 0.6990154
844.95    -556.7282 -610.9252 0.6989337
844.96    -556.6068 -610.9211 0.6988516
844.97    -556.4853 -610.9169 0.6987692
844.98    -556.3638 -610.9129 0.6986867
844.99    -556.2424 -610.9088 0.6986039
845    -556.1209 -610.9048 0.6985208
845.01    -555.9995 -610.9008 0.6984375
845.02    -555.8781 -610.8969 0.6983541
845.03    -555.7567 -610.8929 0.6982704
845.04    -555.6354 -610.889 0.6981866
845.05    -555.514 -610.885 0.6981027
845.06    -555.3927 -610.8812 0.6980186
845.07    -555.2714 -610.8773 0.6979344
845.08    -555.15 -610.8734 0.69785
845.09    -555.0287 -610.8696 0.6977656
845.1    -554.9074 -610.8658 0.6976817
845.11    -554.7861 -610.862 0.6975983
845.12    -554.6649 -610.8583 0.6975153
845.13    -554.5436 -610.8545 0.6974328
845.14    -554.4224 -610.8508 0.6973515
845.15    -554.3011 -610.8471 0.697271
845.16    -554.1799 -610.8434 0.6971916
845.17    -554.0587 -610.8398 0.697113
845.18    -553.9374 -610.8362 0.6970355
845.19    -553.8163 -610.8325 0.6969587
845.2    -553.6951 -610.829 0.6968845
845.21    -553.574 -610.8254 0.6968128
845.22    -553.4528 -610.8219 0.6967436
845.23    -553.3317 -610.8184 0.6966766
845.24    -553.2106 -610.8149 0.6966133
845.25    -553.0895 -610.8114 0.6965533
845.26    -552.9684 -610.808 0.6964966
845.27    -552.8474 -610.8045 0.6964431
845.28    -552.7264 -610.8011 0.6963925
845.29    -552.6053 -610.7977 0.6963468
845.3    -552.4843 -610.7944 0.6963057
845.31    -552.3633 -610.791 0.6962688
845.32    -552.2424 -610.7877 0.6962362
845.33    -552.1214 -610.7844 0.6962075
845.34    -552.0005 -610.7811 0.6961847
845.35    -551.8796 -610.7779 0.6961676
845.36    -551.7587 -610.7747 0.6961558
845.37    -551.6378 -610.7715 0.6961492
845.38    -551.5168 -610.7682 0.6961474
845.39    -551.396 -610.7651 0.696152
845.4    -551.2751 -610.762 0.6961629
845.41    -551.1543 -610.7588 0.6961796
845.42    -551.0334 -610.7557 0.6962019
845.43    -550.9126 -610.7526 0.6962295
845.44    -550.7918 -610.7496 0.6962636
845.45    -550.671 -610.7465 0.6963037
845.46    -550.5502 -610.7435 0.6963497
845.47    -550.4294 -610.7405 0.6964013
845.48    -550.3087 -610.7374 0.6964581
845.49    -550.1879 -610.7344 0.6965207
845.5    -550.0672 -610.7314 0.6965891
845.51    -549.9465 -610.7285 0.6966626
845.52    -549.8257 -610.7255 0.6967412
845.53    -549.705 -610.7226 0.6968247
845.54    -549.5844 -610.7197 0.6969129
845.55    -549.4637 -610.7168 0.6970056
845.56    -549.343 -610.7139 0.6971027
845.57    -549.2224 -610.7109 0.697204
845.58    -549.1017 -610.7081 0.6973092
845.59    -548.9811 -610.7052 0.6974181
845.6    -548.8605 -610.7023 0.6975306
845.61    -548.7399 -610.6995 0.6976467
845.62    -548.6194 -610.6967 0.6977658
845.63    -548.4988 -610.6938 0.6978881
845.64    -548.3783 -610.691 0.6980135
845.65    -548.2578 -610.6882 0.6981416
845.66    -548.1373 -610.6854 0.6982723
845.67    -548.0168 -610.6826 0.6984057
845.68    -547.8963 -610.6797 0.6985415
845.69    -547.7758 -610.6769 0.6986796
845.7    -547.6554 -610.6742 0.69882
845.71    -547.535 -610.6714 0.6989625
845.72    -547.4146 -610.6687 0.699107
845.73    -547.2941 -610.666 0.6992533
845.74    -547.1738 -610.6632 0.6994016
845.75    -547.0534 -610.6605 0.6995516
845.76    -546.933 -610.6577 0.6997032
845.77    -546.8127 -610.655 0.6998564
845.78    -546.6923 -610.6522 0.7000112
845.79    -546.572 -610.6495 0.7001674
845.8    -546.4517 -610.6469 0.7003249
845.81    -546.3314 -610.6442 0.7004837
845.82    -546.2111 -610.6415 0.7006438
845.83    -546.0908 -610.6388 0.700805
845.84    -545.9706 -610.6361 0.7009674
845.85    -545.8503 -610.6334 0.7011309
845.86    -545.7301 -610.6308 0.7012954
845.87    -545.6099 -610.6282 0.7014608
845.88    -545.4896 -610.6255 0.7016272
845.89    -545.3694 -610.6229 0.7017944
845.9    -545.2493 -610.6203 0.7019623
845.91    -545.1291 -610.6177 0.702131
845.92    -545.0089 -610.6151 0.7023002
845.93    -544.8888 -610.6124 0.7024701
845.94    -544.7687 -610.6097 0.7026404
845.95    -544.6486 -610.6071 0.7028109
845.96    -544.5284 -610.6045 0.7029817
845.97    -544.4084 -610.6019 0.7031527
845.98    -544.2883 -610.5992 0.703324
845.99    -544.1683 -610.5966 0.7034943
846    -544.0483 -610.594 0.7036637
846.01    -543.9283 -610.5914 0.7038324
846.02    -543.8083 -610.5887 0.7040003
846.03    -543.6883 -610.5861 0.7041675
846.04    -543.5684 -610.5834 0.7043319
846.05    -543.4484 -610.5808 0.7044938
846.06    -543.3285 -610.5782 0.7046532
846.07    -543.2086 -610.5756 0.7048103
846.08    -543.0886 -610.5729 0.704965
846.09    -542.9688 -610.5703 0.705115
846.1    -542.8489 -610.5677 0.7052605
846.11    -542.729 -610.5651 0.7054016
846.12    -542.6091 -610.5624 0.7055386
846.13    -542.4892 -610.5598 0.7056717
846.14    -542.3693 -610.5571 0.7057986
846.15    -542.2495 -610.5544 0.7059195
846.16    -542.1295 -610.5518 0.7060348
846.17    -542.0096 -610.5491 0.7061448
846.18    -541.8896 -610.5464 0.7062497
846.19    -541.7697 -610.5437 0.7063479
846.2    -541.6498 -610.541 0.7064398
846.21    -541.5298 -610.5383 0.7065256
846.22    -541.4098 -610.5356 0.7066057
846.23    -541.2898 -610.5329 0.7066803
846.24    -541.1698 -610.5302 0.706749
846.25    -541.0497 -610.5275 0.706812
846.26    -540.9297 -610.5247 0.7068695
846.27    -540.8096 -610.522 0.706922
846.28    -540.6895 -610.5192 0.7069695
846.29    -540.5693 -610.5164 0.7070125
846.3    -540.4492 -610.5137 0.707051
846.31    -540.329 -610.5109 0.7070853
846.32    -540.2087 -610.5082 0.7071156
846.33    -540.0885 -610.5054 0.707142
846.34    -539.9683 -610.5026 0.7071649
846.35    -539.848 -610.4997 0.7071844
846.36    -539.7277 -610.4969 0.7072006
846.37    -539.6073 -610.4941 0.7072137
846.38    -539.4869 -610.4913 0.707224
846.39    -539.3666 -610.4885 0.7072313
846.4    -539.2462 -610.4857 0.7072361
846.41    -539.1257 -610.4828 0.7072383
846.42    -539.0053 -610.4799 0.7072381
846.43    -538.8848 -610.4771 0.7072356
846.44    -538.7643 -610.4742 0.7072314
846.45    -538.6439 -610.4713 0.7072253
846.46    -538.5233 -610.4684 0.7072176
846.47    -538.4028 -610.4656 0.7072082
846.48    -538.2822 -610.4626 0.7071973
846.49    -538.1616 -610.4598 0.7071862
846.5    -538.041 -610.4568 0.7071749
846.51    -537.9203 -610.4539 0.7071635
846.52    -537.7996 -610.451 0.7071518
846.53    -537.6789 -610.4481 0.7071399
846.54    -537.5582 -610.4451 0.7071296
846.55    -537.4374 -610.4421 0.7071207
846.56    -537.3167 -610.4392 0.7071131
846.57    -537.1959 -610.4363 0.7071068
846.58    -537.075 -610.4333 0.7071018
846.59    -536.9542 -610.4303 0.7070997
846.6    -536.8333 -610.4273 0.7071004
846.61    -536.7124 -610.4243 0.7071038
846.62    -536.5915 -610.4213 0.7071097
846.63    -536.4705 -610.4183 0.7071181
846.64    -536.3495 -610.4153 0.70713
846.65    -536.2286 -610.4123 0.7071454
846.66    -536.1075 -610.4092 0.707164
846.67    -535.9865 -610.4062 0.7071857
846.68    -535.8654 -610.4031 0.7072104
846.69    -535.7443 -610.4 0.7072382
846.7    -535.6232 -610.397 0.707269
846.71    -535.5021 -610.3939 0.7073026
846.72    -535.3809 -610.3909 0.707339
846.73    -535.2597 -610.3878 0.7073781
846.74    -535.1385 -610.3848 0.7074195
846.75    -535.0173 -610.3817 0.7074634
846.76    -534.896 -610.3787 0.7075095
846.77    -534.7747 -610.3755 0.7075577
846.78    -534.6534 -610.3724 0.707608
846.79    -534.532 -610.3693 0.7076603
846.8    -534.4107 -610.3661 0.7077144
846.81    -534.2893 -610.363 0.7077704
846.82    -534.1679 -610.3599 0.7078281
846.83    -534.0464 -610.3568 0.7078874
846.84    -533.925 -610.3537 0.7079485
846.85    -533.8036 -610.3506 0.7080113
846.86    -533.6821 -610.3475 0.7080756
846.87    -533.5606 -610.3444 0.7081415
846.88    -533.4391 -610.3412 0.7082088
846.89    -533.3176 -610.3381 0.7082786
846.9    -533.196 -610.335 0.7083507
846.91    -533.0744 -610.3319 0.7084249
846.92    -532.9528 -610.3288 0.7085012
846.93    -532.8312 -610.3257 0.7085796
846.94    -532.7096 -610.3226 0.7086616
846.95    -532.588 -610.3195 0.708747
846.96    -532.4663 -610.3163 0.7088358
846.97    -532.3447 -610.3132 0.7089277
846.98    -532.223 -610.3101 0.7090226
846.99    -532.1014 -610.307 0.7091203
847    -531.9798 -610.304 0.7092227
847.01    -531.8582 -610.3008 0.7093297
847.02    -531.7366 -610.2977 0.7094409
847.03    -531.6151 -610.2946 0.709556
847.04    -531.4935 -610.2915 0.7096751
847.05    -531.3719 -610.2884 0.7097985
847.06    -531.2504 -610.2853 0.7099258
847.07    -531.1289 -610.2822 0.7100571
847.08    -531.0074 -610.2791 0.7101919
847.09    -530.8859 -610.2759 0.7103304
847.1    -530.7644 -610.2728 0.710472
847.11    -530.6429 -610.2697 0.7106168
847.12    -530.5215 -610.2666 0.7107644
847.13    -530.4 -610.2635 0.7109149
847.14    -530.2786 -610.2604 0.7110681
847.15    -530.1572 -610.2573 0.7112232
847.16    -530.0358 -610.2542 0.7113803
847.17    -529.9144 -610.2511 0.7115392
847.18    -529.793 -610.248 0.7116998
847.19    -529.6717 -610.2449 0.711862
847.2    -529.5504 -610.2418 0.7120249
847.21    -529.429 -610.2386 0.7121883
847.22    -529.3077 -610.2355 0.7123525
847.23    -529.1865 -610.2324 0.7125172
847.24    -529.0652 -610.2293 0.7126824
847.25    -528.9439 -610.2263 0.7128471
847.26    -528.8227 -610.2233 0.713011
847.27    -528.7015 -610.2202 0.7131743
847.28    -528.5803 -610.2172 0.7133371
847.29    -528.459 -610.2141 0.7134992
847.3    -528.3379 -610.2111 0.7136591
847.31    -528.2167 -610.208 0.7138167
847.32    -528.0956 -610.205 0.7139722
847.33    -527.9744 -610.202 0.7141258
847.34    -527.8533 -610.199 0.7142774
847.35    -527.7322 -610.196 0.7144247
847.36    -527.6111 -610.1931 0.714568
847.37    -527.49 -610.1901 0.7147073
847.38    -527.3689 -610.1871 0.714843
847.39    -527.2479 -610.1841 0.7149734
847.4    -527.1268 -610.1812 0.7150989
847.41    -527.0058 -610.1783 0.7152195
847.42    -526.8848 -610.1754 0.7153357
847.43    -526.7637 -610.1725 0.7154476
847.44    -526.6428 -610.1696 0.7155541
847.45    -526.5218 -610.1667 0.7156554
847.46    -526.4008 -610.1638 0.7157519
847.47    -526.2798 -610.1609 0.7158437
847.48    -526.1589 -610.1581 0.7159309
847.49    -526.038 -610.1553 0.716013
847.5    -525.9171 -610.1524 0.7160901
847.51    -525.7962 -610.1496 0.7161623
847.52    -525.6754 -610.1469 0.71623
847.53    -525.5545 -610.144 0.7162933
847.54    -525.4337 -610.1412 0.716352
847.55    -525.3128 -610.1384 0.7164063
847.56    -525.192 -610.1357 0.7164564
847.57    -525.0712 -610.133 0.7165024
847.58    -524.9504 -610.1302 0.7165445
847.59    -524.8297 -610.1276 0.7165828
847.6    -524.709 -610.1248 0.7166175
847.61    -524.5883 -610.1221 0.7166488
847.62    -524.4675 -610.1195 0.7166767
847.63    -524.3468 -610.1168 0.7167015
847.64    -524.2261 -610.1141 0.7167232
847.65    -524.1058 -610.1116 0.7167421
847.66    -523.9857 -610.1089 0.7167583
847.67    -523.866 -610.1063 0.7167718
847.68    -523.7466 -610.1038 0.7167827
847.69    -523.6275 -610.1013 0.7167914
847.7    -523.5087 -610.0987 0.7167976
847.71    -523.3903 -610.0963 0.7168013
847.72    -523.2722 -610.0938 0.716803
847.73    -523.1544 -610.0912 0.7168024
847.74    -523.0369 -610.0889 0.7167997
847.75    -522.9198 -610.0864 0.7167947
847.76    -522.803 -610.084 0.7167875
847.77    -522.6865 -610.0817 0.7167782
847.78    -522.5703 -610.0793 0.7167669
847.79    -522.4543 -610.0769 0.7167536
847.8    -522.3388 -610.0746 0.7167379
847.81    -522.2236 -610.0723 0.7167196
847.82    -522.1086 -610.07 0.7166991
847.83    -521.994 -610.0677 0.7166764
847.84    -521.8797 -610.0655 0.7166516
847.85    -521.7657 -610.0632 0.7166237
847.86    -521.6521 -610.061 0.7165928
847.87    -521.5388 -610.0588 0.7165592
847.88    -521.4257 -610.0566 0.716523
847.89    -521.313 -610.0544 0.7164829
847.9    -521.2007 -610.0522 0.7164391
847.91    -521.0886 -610.0502 0.7163919
847.92    -520.9769 -610.048 0.7163414
847.93    -520.8654 -610.0459 0.7162876
847.94    -520.7543 -610.0438 0.7162297
847.95    -520.6436 -610.0417 0.716168
847.96    -520.5331 -610.0397 0.7161025
847.97    -520.4229 -610.0377 0.7160335
847.98    -520.313 -610.0356 0.715961
847.99    -520.2035 -610.0336 0.7158853
848    -520.0943 -610.0316 0.7158064
848.01    -519.9854 -610.0297 0.7157244
848.02    -519.8768 -610.0277 0.7156396
848.03    -519.7686 -610.0258 0.7155521
848.04    -519.6607 -610.0238 0.7154619
848.05    -519.5531 -610.0219 0.7153693
848.06    -519.4458 -610.02 0.7152748
848.07    -519.3389 -610.0182 0.715178
848.08    -519.2322 -610.0163 0.7150794
848.09    -519.1259 -610.0145 0.7149788
848.1    -519.0199 -610.0126 0.7148764
848.11    -518.9142 -610.0108 0.7147724
848.12    -518.8089 -610.009 0.7146668
848.13    -518.7039 -610.0073 0.7145597
848.14    -518.5991 -610.0055 0.7144511
848.15    -518.4948 -610.0037 0.7143413
848.16    -518.3907 -610.002 0.7142302
848.17    -518.2869 -610.0002 0.7141179
848.18    -518.1835 -609.9985 0.7140045
848.19    -518.0803 -609.9968 0.71389
848.2    -517.9775 -609.9951 0.7137747
848.21    -517.8751 -609.9934 0.7136589
848.22    -517.7731 -609.9918 0.7135423
848.23    -517.6714 -609.9901 0.713425
848.24    -517.5697 -609.9885 0.7133077
848.25    -517.468 -609.9868 0.7131901
848.26    -517.3663 -609.9852 0.7130725
848.27    -517.2646 -609.9835 0.7129546
848.28    -517.163 -609.9819 0.7128367
848.29    -517.0613 -609.9803 0.7127187
848.3    -516.9597 -609.9786 0.7126009
848.31    -516.858 -609.977 0.7124836
848.32    -516.7564 -609.9753 0.7123666
848.33    -516.6548 -609.9737 0.71225
848.34    -516.5532 -609.972 0.7121336
848.35    -516.4516 -609.9704 0.7120181
848.36    -516.35 -609.9688 0.7119033
848.37    -516.2485 -609.9672 0.7117892
848.38    -516.1469 -609.9656 0.7116758
848.39    -516.0453 -609.9641 0.7115629
848.4    -515.9438 -609.9625 0.7114511
848.41    -515.8423 -609.9609 0.7113402
848.42    -515.7408 -609.9593 0.7112303
848.43    -515.6393 -609.9577 0.7111214
848.44    -515.5379 -609.9561 0.7110136
848.45    -515.4365 -609.9545 0.710907
848.46    -515.335 -609.9529 0.7108017
848.47    -515.2336 -609.9514 0.7106972
848.48    -515.1321 -609.9498 0.7105939
848.49    -515.0308 -609.9482 0.7104918
848.5    -514.9294 -609.9466 0.7103909
848.51    -514.828 -609.945 0.710291
848.52    -514.7266 -609.9434 0.7101923
848.53    -514.6252 -609.9418 0.7100946
848.54    -514.5239 -609.9402 0.7099978
848.55    -514.4226 -609.9386 0.709902
848.56    -514.3213 -609.937 0.7098071
848.57    -514.22 -609.9354 0.7097132
848.58    -514.1187 -609.9338 0.70962
848.59    -514.0174 -609.9323 0.7095277
848.6    -513.9161 -609.9307 0.7094364
848.61    -513.8149 -609.9291 0.7093458
848.62    -513.7136 -609.9275 0.7092559
848.63    -513.6124 -609.9259 0.7091669
848.64    -513.5112 -609.9243 0.7090788
848.65    -513.41 -609.9227 0.7089916
848.66    -513.3088 -609.9211 0.7089053
848.67    -513.2076 -609.9196 0.7088199
848.68    -513.1064 -609.918 0.7087352
848.69    -513.0052 -609.9164 0.7086515
848.7    -512.9041 -609.9148 0.708569
848.71    -512.803 -609.9132 0.7084875
848.72    -512.7018 -609.9116 0.708407
848.73    -512.6008 -609.91 0.7083274
848.74    -512.4997 -609.9084 0.7082487
848.75    -512.3986 -609.9069 0.7081712
848.76    -512.2975 -609.9054 0.708095
848.77    -512.1965 -609.9039 0.7080199
848.78    -512.0955 -609.9023 0.7079459
848.79    -511.9945 -609.9008 0.707873
848.8    -511.8935 -609.8993 0.7078012
848.81    -511.7925 -609.8978 0.7077304
848.82    -511.6915 -609.8962 0.7076608
848.83    -511.5905 -609.8947 0.7075921
848.84    -511.4896 -609.8932 0.7075245
848.85    -511.3886 -609.8917 0.7074576
848.86    -511.2877 -609.8901 0.7073917
848.87    -511.1867 -609.8886 0.7073266
848.88    -511.0858 -609.8871 0.7072623
848.89    -510.9848 -609.8856 0.7071988
848.9    -510.8839 -609.8841 0.7071359
848.91    -510.783 -609.8826 0.7070738
848.92    -510.682 -609.881 0.7070124
848.93    -510.5811 -609.8795 0.7069516
848.94    -510.4802 -609.8781 0.7068914
848.95    -510.3792 -609.8766 0.7068317
848.96    -510.2782 -609.8751 0.7067726
848.97    -510.1772 -609.8737 0.706714
848.98    -510.0762 -609.8722 0.7066559
848.99    -509.9752 -609.8708 0.7065984
849    -509.8742 -609.8693 0.7065412
849.01    -509.7732 -609.8679 0.7064846
849.02    -509.6721 -609.8664 0.7064283
849.03    -509.571 -609.8649 0.7063724
849.04    -509.4699 -609.8635 0.7063169
849.05    -509.3687 -609.862 0.7062618
849.06    -509.2676 -609.8606 0.706207
849.07    -509.1664 -609.8592 0.7061526
849.08    -509.0652 -609.8578 0.7060984
849.09    -508.9639 -609.8564 0.7060446
849.1    -508.8626 -609.855 0.7059911
849.11    -508.7614 -609.8536 0.7059377
849.12    -508.66 -609.8522 0.7058848
849.13    -508.5587 -609.8508 0.705832
849.14    -508.4573 -609.8494 0.7057795
849.15    -508.3559 -609.848 0.7057272
849.16    -508.2545 -609.8466 0.7056751
849.17    -508.153 -609.8452 0.7056233
849.18    -508.0515 -609.8439 0.7055717
849.19    -507.95 -609.8426 0.7055201
849.2    -507.8484 -609.8412 0.7054688
849.21    -507.7469 -609.8399 0.7054177
849.22    -507.6453 -609.8386 0.7053667
849.23    -507.5437 -609.8373 0.7053159
849.24    -507.442 -609.8359 0.7052653
849.25    -507.3404 -609.8346 0.7052149
849.26    -507.2386 -609.8333 0.7051644
849.27    -507.1369 -609.8319 0.7051143
849.28    -507.0351 -609.8306 0.7050642
849.29    -506.9333 -609.8294 0.7050142
849.3    -506.8315 -609.8281 0.7049643
849.31    -506.7296 -609.8268 0.7049146
849.32    -506.6277 -609.8256 0.7048649
849.33    -506.5258 -609.8243 0.7048154
849.34    -506.4239 -609.8231 0.7047659
849.35    -506.3219 -609.8218 0.7047165
849.36    -506.2198 -609.8205 0.7046673
849.37    -506.1178 -609.8193 0.7046181
849.38    -506.0157 -609.8181 0.7045689
849.39    -505.9135 -609.8169 0.7045199
849.4    -505.8114 -609.8157 0.7044709
849.41    -505.7092 -609.8145 0.704422
849.42    -505.607 -609.8132 0.7043732
849.43    -505.5047 -609.812 0.7043244
849.44    -505.4024 -609.8108 0.7042757
849.45    -505.3001 -609.8096 0.7042271
849.46    -505.1977 -609.8084 0.7041785
849.47    -505.0953 -609.8073 0.7041299
849.48    -504.9929 -609.8061 0.7040813
849.49    -504.8904 -609.8049 0.7040328
849.5    -504.7879 -609.8038 0.7039843
849.51    -504.6854 -609.8027 0.703936
849.52    -504.5828 -609.8015 0.7038876
849.53    -504.4801 -609.8004 0.7038393
849.54    -504.3775 -609.7992 0.7037911
849.55    -504.2748 -609.798 0.7037428
849.56    -504.1721 -609.7969 0.7036945
849.57    -504.0693 -609.7957 0.7036464
849.58    -503.9665 -609.7946 0.7035981
849.59    -503.8637 -609.7934 0.70355
849.6    -503.7608 -609.7923 0.7035019
849.61    -503.6579 -609.7911 0.7034538
849.62    -503.555 -609.79 0.7034057
849.63    -503.452 -609.7888 0.7033578
849.64    -503.349 -609.7877 0.7033097
849.65    -503.246 -609.7865 0.7032616
849.66    -503.1429 -609.7854 0.7032136
849.67    -503.0398 -609.7843 0.7031657
849.68    -502.9366 -609.7832 0.7031177
849.69    -502.8334 -609.7821 0.7030697
849.7    -502.7302 -609.781 0.7030218
849.71    -502.627 -609.7799 0.7029739
849.72    -502.5237 -609.7788 0.702926
849.73    -502.4203 -609.7777 0.7028781
849.74    -502.317 -609.7766 0.7028302
849.75    -502.2136 -609.7755 0.7027822
849.76    -502.1102 -609.7744 0.7027344
849.77    -502.0067 -609.7733 0.7026865
849.78    -501.9032 -609.7722 0.7026386
849.79    -501.7996 -609.7711 0.7025908
849.8    -501.696 -609.77 0.702543
849.81    -501.5924 -609.7689 0.702495
849.82    -501.4888 -609.7678 0.7024472
849.83    -501.3851 -609.7667 0.7023994
849.84    -501.2814 -609.7656 0.7023515
849.85    -501.1776 -609.7645 0.7023037
849.86    -501.0739 -609.7634 0.7022559
849.87    -500.97 -609.7623 0.702208
849.88    -500.8662 -609.7612 0.7021602
849.89    -500.7623 -609.7601 0.7021125
849.9    -500.6584 -609.759 0.7020649
849.91    -500.5544 -609.7579 0.7020174
849.92    -500.4504 -609.7568 0.70197
849.93    -500.3464 -609.7557 0.7019228
849.94    -500.2424 -609.7546 0.7018759
849.95    -500.1383 -609.7535 0.7018294
849.96    -500.0341 -609.7524 0.7017832
849.97    -499.93 -609.7513 0.7017373
849.98    -499.8257 -609.7502 0.7016919
849.99    -499.7215 -609.7491 0.7016472
850    -499.6172 -609.748 0.7016035
850.01    -499.5129 -609.7469 0.7015607
850.02    -499.4086 -609.7457 0.7015187
850.03    -499.3042 -609.7446 0.7014773
850.04    -499.1998 -609.7434 0.7014379
850.05    -499.0953 -609.7422 0.7014
850.06    -498.9908 -609.7411 0.7013639
850.07    -498.8863 -609.7399 0.7013293
850.08    -498.7817 -609.7388 0.7012961
850.09    -498.6771 -609.7375 0.7012644
850.1    -498.5724 -609.7364 0.7012358
850.11    -498.4677 -609.7352 0.7012101
850.12    -498.363 -609.7341 0.7011873
850.13    -498.2582 -609.7329 0.701167
850.14    -498.1534 -609.7318 0.7011494
850.15    -498.0486 -609.7306 0.7011358
850.16    -497.9437 -609.7294 0.701126
850.17    -497.8388 -609.7283 0.7011198
850.18    -497.7338 -609.7271 0.7011171
850.19    -497.6288 -609.726 0.7011182
850.2    -497.5238 -609.7248 0.7011228
850.21    -497.4187 -609.7236 0.701131
850.22    -497.3136 -609.7224 0.7011424
850.23    -497.2084 -609.7213 0.701157
850.24    -497.1032 -609.72 0.7011746
850.25    -496.998 -609.7188 0.7011949
850.26    -496.8928 -609.7176 0.7012181
850.27    -496.7874 -609.7164 0.7012438
850.28    -496.6821 -609.7151 0.701272
850.29    -496.5767 -609.7139 0.7013026
850.3    -496.4713 -609.7127 0.7013353
850.31    -496.3658 -609.7115 0.7013702
850.32    -496.2603 -609.7102 0.7014071
850.33    -496.1548 -609.709 0.701446
850.34    -496.0492 -609.7078 0.7014868
850.35    -495.9436 -609.7065 0.7015293
850.36    -495.838 -609.7053 0.7015733
850.37    -495.7323 -609.7041 0.701619
850.38    -495.6265 -609.7029 0.7016662
850.39    -495.5208 -609.7016 0.7017147
850.4    -495.4149 -609.7003 0.7017645
850.41    -495.3091 -609.699 0.7018152
850.42    -495.2032 -609.6978 0.7018671
850.43    -495.0973 -609.6964 0.70192
850.44    -494.9913 -609.6951 0.7019735
850.45    -494.8853 -609.6938 0.7020276
850.46    -494.7793 -609.6926 0.7020824
850.47    -494.6732 -609.6913 0.7021378
850.48    -494.5671 -609.69 0.7021937
850.49    -494.461 -609.6887 0.7022501
850.5    -494.3548 -609.6874 0.702307
850.51    -494.2486 -609.6862 0.7023644
850.52    -494.1423 -609.6848 0.7024223
850.53    -494.036 -609.6834 0.7024805
850.54    -493.9297 -609.6821 0.7025392
850.55    -493.8233 -609.6807 0.7025984
850.56    -493.7169 -609.6794 0.7026578
850.57    -493.6105 -609.678 0.7027177
850.58    -493.504 -609.6767 0.7027779
850.59    -493.3975 -609.6754 0.7028385
850.6    -493.2909 -609.674 0.7028994
850.61    -493.1843 -609.6727 0.7029606
850.62    -493.0776 -609.6713 0.7030221
850.63    -492.9709 -609.6699 0.7030839
850.64    -492.8643 -609.6685 0.7031462
850.65    -492.7575 -609.6671 0.703209
850.66    -492.6507 -609.6657 0.7032724
850.67    -492.5439 -609.6643 0.7033362
850.68    -492.437 -609.6629 0.7034004
850.69    -492.3301 -609.6615 0.7034658
850.7    -492.2232 -609.66 0.7035321
850.71    -492.1162 -609.6586 0.7035995
850.72    -492.0092 -609.6572 0.7036677
850.73    -491.9022 -609.6558 0.703737
850.74    -491.7951 -609.6544 0.7038074
850.75    -491.688 -609.653 0.7038791
850.76    -491.5808 -609.6515 0.7039518
850.77    -491.4736 -609.65 0.7040257
850.78    -491.3663 -609.6485 0.7041007
850.79    -491.2591 -609.647 0.7041766
850.8    -491.1518 -609.6456 0.7042536
850.81    -491.0444 -609.6441 0.7043314
850.82    -490.937 -609.6426 0.7044101
850.83    -490.8296 -609.6412 0.7044897
850.84    -490.7221 -609.6397 0.7045701
850.85    -490.6146 -609.6382 0.7046513
850.86    -490.507 -609.6366 0.7047332
850.87    -490.3995 -609.6351 0.7048158
850.88    -490.2918 -609.6335 0.7048991
850.89    -490.1842 -609.632 0.7049831
850.9    -490.0765 -609.6305 0.7050676
850.91    -489.9688 -609.629 0.7051528
850.92    -489.861 -609.6274 0.7052383
850.93    -489.7532 -609.6259 0.7053244
850.94    -489.6454 -609.6243 0.705411
850.95    -489.5375 -609.6228 0.7054972
850.96    -489.4296 -609.6212 0.7055833
850.97    -489.3216 -609.6196 0.705669
850.98    -489.2136 -609.618 0.7057546
850.99    -489.1056 -609.6165 0.7058388
851    -488.9976 -609.6149 0.7059219
851.01    -488.8895 -609.6132 0.706004
851.02    -488.7813 -609.6116 0.7060849
851.03    -488.6732 -609.61 0.7061648
851.04    -488.565 -609.6085 0.706243
851.05    -488.4567 -609.6068 0.7063197
851.06    -488.3484 -609.6052 0.7063947
851.07    -488.2401 -609.6035 0.7064683
851.08    -488.1318 -609.6019 0.7065404
851.09    -488.0234 -609.6002 0.7066111
851.1    -487.915 -609.5985 0.7066803
851.11    -487.8065 -609.5969 0.7067481
851.12    -487.698 -609.5952 0.7068147
851.13    -487.5894 -609.5936 0.7068801
851.14    -487.4809 -609.5919 0.7069442
851.15    -487.3723 -609.5902 0.7070072
851.16    -487.2636 -609.5885 0.7070691
851.17    -487.1549 -609.5867 0.70713
851.18    -487.0462 -609.585 0.7071898
851.19    -486.9374 -609.5833 0.7072487
851.2    -486.8286 -609.5816 0.7073066
851.21    -486.7198 -609.5799 0.7073637
851.22    -486.6109 -609.5782 0.7074199
851.23    -486.502 -609.5765 0.7074752
851.24    -486.3931 -609.5746 0.7075298
851.25    -486.2841 -609.5729 0.7075829
851.26    -486.1751 -609.5711 0.7076346
851.27    -486.066 -609.5693 0.7076852
851.28    -485.9569 -609.5676 0.7077343
851.29    -485.8478 -609.5658 0.7077814
851.3    -485.7387 -609.564 0.7078264
851.31    -485.6295 -609.5623 0.7078694
851.32    -485.5203 -609.5604 0.7079105
851.33    -485.411 -609.5586 0.7079499
851.34    -485.3017 -609.5568 0.7079861
851.35    -485.1924 -609.5549 0.7080194
851.36    -485.083 -609.5531 0.70805
851.37    -484.9736 -609.5513 0.7080779
851.38    -484.8641 -609.5494 0.7081032
851.39    -484.7546 -609.5476 0.7081253
851.4    -484.6451 -609.5457 0.7081445
851.41    -484.5356 -609.5439 0.7081608
851.42    -484.426 -609.5421 0.7081743
851.43    -484.3163 -609.5402 0.7081853
851.44    -484.2066 -609.5383 0.7081937
851.45    -484.097 -609.5364 0.7081997
851.46    -483.9872 -609.5345 0.7082034
851.47    -483.8774 -609.5325 0.708205
851.48    -483.7676 -609.5306 0.7082043
851.49    -483.6578 -609.5287 0.7082017
851.5    -483.5479 -609.5269 0.7081971
851.51    -483.438 -609.5249 0.7081907
851.52    -483.328 -609.5229 0.7081825
851.53    -483.218 -609.521 0.7081726
851.54    -483.108 -609.519 0.7081611
851.55    -482.998 -609.517 0.708148
851.56    -482.8878 -609.5151 0.7081334
851.57    -482.7777 -609.5131 0.7081174
851.58    -482.6675 -609.5111 0.7081001
851.59    -482.5573 -609.5091 0.7080814
851.6    -482.4471 -609.507 0.7080615
851.61    -482.3369 -609.505 0.7080404
851.62    -482.2265 -609.503 0.7080182
851.63    -482.1162 -609.501 0.7079949
851.64    -482.0058 -609.4989 0.7079706
851.65    -481.8954 -609.4968 0.7079452
851.66    -481.7849 -609.4947 0.7079188
851.67    -481.6744 -609.4926 0.7078916
851.68    -481.5639 -609.4905 0.7078635
851.69    -481.4534 -609.4884 0.7078346
851.7    -481.3428 -609.4863 0.7078048
851.71    -481.2321 -609.4841 0.7077742
851.72    -481.1215 -609.482 0.707743
851.73    -481.0107 -609.4798 0.707711
851.74    -480.9 -609.4777 0.7076784
851.75    -480.7892 -609.4755 0.7076451
851.76    -480.6784 -609.4733 0.7076111
851.77    -480.5676 -609.471 0.7075766
851.78    -480.4567 -609.4688 0.7075415
851.79    -480.3458 -609.4666 0.7075059
851.8    -480.2349 -609.4644 0.7074698
851.81    -480.1239 -609.4621 0.7074332
851.82    -480.0128 -609.4598 0.7073963
851.83    -479.9018 -609.4576 0.7073589
851.84    -479.7906 -609.4553 0.707321
851.85    -479.6795 -609.453 0.7072831
851.86    -479.5684 -609.4507 0.707245
851.87    -479.4572 -609.4484 0.7072067
851.88    -479.3459 -609.446 0.7071683
851.89    -479.2346 -609.4437 0.7071298
851.9    -479.1233 -609.4413 0.7070917
851.91    -479.012 -609.439 0.7070539
851.92    -478.9006 -609.4366 0.7070164
851.93    -478.7892 -609.4341 0.7069792
851.94    -478.6778 -609.4318 0.706943
851.95    -478.5663 -609.4294 0.7069077
851.96    -478.4548 -609.4269 0.7068733
851.97    -478.3432 -609.4244 0.7068398
851.98    -478.2316 -609.422 0.7068071
851.99    -478.12 -609.4196 0.7067759
852    -478.0084 -609.4171 0.7067459
852.01    -477.8967 -609.4146 0.7067173
852.02    -477.785 -609.412 0.7066898
852.03    -477.6732 -609.4095 0.7066635
852.04    -477.5614 -609.407 0.7066389
852.05    -477.4496 -609.4045 0.7066156
852.06    -477.3377 -609.4019 0.7065938
852.07    -477.2258 -609.3993 0.7065734
852.08    -477.1139 -609.3967 0.7065543
852.09    -477.0019 -609.3942 0.7065367
852.1    -476.8899 -609.3915 0.7065206
852.11    -476.7779 -609.3889 0.706506
852.12    -476.6658 -609.3862 0.7064928
852.13    -476.5537 -609.3836 0.7064808
852.14    -476.4415 -609.3809 0.70647
852.15    -476.3294 -609.3782 0.7064608
852.16    -476.2172 -609.3755 0.706453
852.17    -476.1049 -609.3728 0.7064466
852.18    -475.9926 -609.3701 0.7064415
852.19    -475.8803 -609.3674 0.7064376
852.2    -475.7679 -609.3646 0.7064353
852.21    -475.6555 -609.3618 0.7064343
852.22    -475.5431 -609.3591 0.7064347
852.23    -475.4307 -609.3563 0.7064364
852.24    -475.3182 -609.3534 0.7064399
852.25    -475.2057 -609.3506 0.7064449
852.26    -475.0931 -609.3478 0.7064515
852.27    -474.9805 -609.345 0.7064596
852.28    -474.8679 -609.342 0.7064691
852.29    -474.7552 -609.3392 0.7064809
852.3    -474.6426 -609.3363 0.7064946
852.31    -474.5298 -609.3334 0.7065103
852.32    -474.4171 -609.3304 0.7065279
852.33    -474.3043 -609.3275 0.7065473
852.34    -474.1914 -609.3246 0.7065685
852.35    -474.0786 -609.3216 0.7065924
852.36    -473.9657 -609.3186 0.7066188
852.37    -473.8527 -609.3156 0.7066478
852.38    -473.7397 -609.3126 0.706679
852.39    -473.6267 -609.3096 0.7067127
852.4    -473.5137 -609.3065 0.7067488
852.41    -473.4006 -609.3035 0.7067873
852.42    -473.2875 -609.3004 0.7068282
852.43    -473.1744 -609.2973 0.7068714
852.44    -473.0612 -609.2943 0.7069167
852.45    -472.948 -609.2911 0.7069641
852.46    -472.8347 -609.288 0.7070134
852.47    -472.7215 -609.2849 0.7070646
852.48    -472.6082 -609.2817 0.7071176
852.49    -472.4948 -609.2785 0.7071723
852.5    -472.3814 -609.2753 0.7072287
852.51    -472.268 -609.2722 0.7072867
852.52    -472.1546 -609.2689 0.7073461
852.53    -472.0411 -609.2657 0.7074071
852.54    -471.9276 -609.2625 0.7074693
852.55    -471.8141 -609.2592 0.7075329
852.56    -471.7005 -609.2559 0.7075976
852.57    -471.5869 -609.2526 0.7076636
852.58    -471.4732 -609.2493 0.7077306
852.59    -471.3595 -609.246 0.7077984
852.6    -471.2458 -609.2427 0.707867
852.61    -471.1321 -609.2393 0.7079363
852.62    -471.0183 -609.2359 0.7080062
852.63    -470.9044 -609.2325 0.7080768
852.64    -470.7906 -609.2292 0.7081475
852.65    -470.6767 -609.2257 0.7082182
852.66    -470.5628 -609.2223 0.7082889
852.67    -470.4489 -609.2189 0.7083597
852.68    -470.3349 -609.2153 0.7084305
852.69    -470.2208 -609.2119 0.7085013
852.7    -470.1068 -609.2084 0.7085708
852.71    -469.9927 -609.2048 0.708639
852.72    -469.8786 -609.2013 0.708706
852.73    -469.7644 -609.1978 0.7087716
852.74    -469.6502 -609.1942 0.7088363
852.75    -469.536 -609.1906 0.7088987
852.76    -469.4218 -609.187 0.7089589
852.77    -469.3075 -609.1833 0.7090173
852.78    -469.1932 -609.1796 0.7090736
852.79    -469.0788 -609.1759 0.7091282
852.8    -468.9644 -609.1722 0.7091798
852.81    -468.85 -609.1685 0.7092284
852.82    -468.7355 -609.1647 0.7092745
852.83    -468.621 -609.161 0.709318
852.84    -468.5065 -609.1572 0.7093589
852.85    -468.392 -609.1534 0.7093964
852.86    -468.2774 -609.1496 0.7094307
852.87    -468.1628 -609.1458 0.7094619
852.88    -468.0481 -609.1419 0.70949
852.89    -467.9334 -609.138 0.7095152
852.9    -467.8187 -609.1342 0.7095374
852.91    -467.704 -609.1302 0.7095569
852.92    -467.5892 -609.1263 0.7095736
852.93    -467.4744 -609.1224 0.7095879
852.94    -467.3595 -609.1183 0.7095998
852.95    -467.2446 -609.1144 0.7096094
852.96    -467.1297 -609.1104 0.7096168
852.97    -467.0147 -609.1064 0.7096223
852.98    -466.8997 -609.1024 0.7096257
852.99    -466.7848 -609.0983 0.7096279
853    -466.6697 -609.0942 0.709629
853.01    -466.5546 -609.0902 0.7096289
853.02    -466.4395 -609.0861 0.7096277
853.03    -466.3243 -609.082 0.7096254
853.04    -466.2092 -609.0779 0.7096236
853.05    -466.094 -609.0737 0.7096223
853.06    -465.9787 -609.0696 0.7096213
853.07    -465.8634 -609.0654 0.7096208
853.08    -465.7481 -609.0613 0.7096205
853.09    -465.6328 -609.0571 0.7096227
853.1    -465.5174 -609.0529 0.7096273
853.11    -465.402 -609.0487 0.7096339
853.12    -465.2866 -609.0445 0.7096427
853.13    -465.1711 -609.0402 0.7096536
853.14    -465.0556 -609.036 0.7096677
853.15    -464.9401 -609.0317 0.7096851
853.16    -464.8245 -609.0275 0.7097055
853.17    -464.7089 -609.0231 0.709729
853.18    -464.5932 -609.0189 0.7097553
