2327.37    -663.949 -614.8859 0.7084187
2327.38    -663.8293 -614.8817 0.7084329
2327.39    -663.7095 -614.8775 0.7084466
2327.4    -663.5897 -614.8734 0.70846
2327.41    -663.4698 -614.8691 0.708473
2327.42    -663.3499 -614.8649 0.7084855
2327.43    -663.23 -614.8607 0.7084978
2327.44    -663.1102 -614.8565 0.7085097
2327.45    -662.9902 -614.8523 0.7085213
2327.46    -662.8703 -614.8481 0.7085326
2327.47    -662.7504 -614.8439 0.7085436
2327.48    -662.6304 -614.8397 0.7085541
2327.49    -662.5105 -614.8354 0.7085644
2327.5    -662.3905 -614.8312 0.7085742
2327.51    -662.2705 -614.827 0.7085837
2327.52    -662.1505 -614.8228 0.7085928
2327.53    -662.0305 -614.8186 0.7086012
2327.54    -661.9105 -614.8145 0.708609
2327.55    -661.7904 -614.8102 0.7086162
2327.56    -661.6703 -614.806 0.7086226
2327.57    -661.5503 -614.8018 0.7086276
2327.58    -661.4302 -614.7976 0.708631
2327.59    -661.3101 -614.7934 0.708633
2327.6    -661.19 -614.7892 0.7086337
2327.61    -661.0699 -614.7849 0.7086331
2327.62    -660.9498 -614.7807 0.7086313
2327.63    -660.8297 -614.7765 0.7086269
2327.64    -660.7095 -614.7723 0.7086203
2327.65    -660.5894 -614.7681 0.7086115
2327.66    -660.4692 -614.7639 0.7086005
2327.67    -660.349 -614.7596 0.7085876
2327.68    -660.2288 -614.7554 0.7085718
2327.69    -660.1086 -614.7512 0.7085531
2327.7    -659.9884 -614.747 0.7085317
2327.71    -659.8682 -614.7428 0.7085078
2327.72    -659.7479 -614.7386 0.7084817
2327.73    -659.6277 -614.7344 0.7084529
2327.74    -659.5074 -614.7301 0.7084216
2327.75    -659.3871 -614.7259 0.7083882
2327.76    -659.2668 -614.7217 0.7083524
2327.77    -659.1465 -614.7175 0.7083148
2327.78    -659.0262 -614.7133 0.7082756
2327.79    -658.9059 -614.709 0.708235
2327.8    -658.7856 -614.7047 0.7081931
2327.81    -658.6653 -614.7004 0.70815
2327.82    -658.5449 -614.6961 0.7081056
2327.83    -658.4246 -614.6918 0.708061
2327.84    -658.3042 -614.6876 0.7080162
2327.85    -658.1838 -614.6833 0.7079713
2327.86    -658.0634 -614.679 0.707926
2327.87    -657.943 -614.6747 0.7078807
2327.88    -657.8226 -614.6704 0.7078364
2327.89    -657.7021 -614.6661 0.7077931
2327.9    -657.5817 -614.6619 0.7077509
2327.91    -657.4613 -614.6575 0.7077097
2327.92    -657.3408 -614.6532 0.7076693
2327.93    -657.2204 -614.6489 0.7076303
2327.94    -657.0999 -614.6445 0.7075928
2327.95    -656.9794 -614.6401 0.7075564
2327.96    -656.8589 -614.6358 0.7075214
2327.97    -656.7384 -614.6315 0.7074875
2327.98    -656.6179 -614.6271 0.7074548
2327.99    -656.4974 -614.6228 0.7074233
2328    -656.3768 -614.6184 0.7073929
2328.01    -656.2563 -614.614 0.7073635
2328.02    -656.1357 -614.6096 0.7073352
2328.03    -656.0152 -614.6052 0.7073076
2328.04    -655.8947 -614.6008 0.7072806
2328.05    -655.774 -614.5964 0.7072544
2328.06    -655.6534 -614.592 0.7072287
2328.07    -655.5328 -614.5876 0.7072036
2328.08    -655.4122 -614.5832 0.7071788
2328.09    -655.2916 -614.5787 0.7071542
2328.1    -655.171 -614.5742 0.7071299
2328.11    -655.0503 -614.5698 0.7071058
2328.12    -654.9296 -614.5653 0.7070819
2328.13    -654.809 -614.5609 0.7070582
2328.14    -654.6883 -614.5564 0.7070346
2328.15    -654.5676 -614.5519 0.7070112
2328.16    -654.4469 -614.5474 0.7069879
2328.17    -654.3262 -614.5428 0.7069648
2328.18    -654.2054 -614.5383 0.706942
2328.19    -654.0847 -614.5338 0.7069193
2328.2    -653.964 -614.5293 0.7068968
2328.21    -653.8432 -614.5247 0.7068746
2328.22    -653.7224 -614.5202 0.7068525
2328.23    -653.6016 -614.5156 0.706831
2328.24    -653.4808 -614.511 0.7068102
2328.25    -653.36 -614.5065 0.7067897
2328.26    -653.2393 -614.5018 0.7067698
2328.27    -653.1184 -614.4973 0.7067503
2328.28    -652.9976 -614.4927 0.7067314
2328.29    -652.8768 -614.4881 0.7067131
2328.3    -652.7559 -614.4835 0.7066954
2328.31    -652.6351 -614.4788 0.7066783
2328.32    -652.5142 -614.4741 0.7066617
2328.33    -652.3933 -614.4695 0.7066455
2328.34    -652.2724 -614.4648 0.7066299
2328.35    -652.1515 -614.4602 0.7066145
2328.36    -652.0306 -614.4556 0.7065996
2328.37    -651.9097 -614.4508 0.706585
2328.38    -651.7888 -614.4461 0.7065703
2328.39    -651.6678 -614.4414 0.7065553
2328.4    -651.5469 -614.4367 0.7065402
2328.41    -651.4259 -614.432 0.7065248
2328.42    -651.3049 -614.4273 0.7065094
2328.43    -651.184 -614.4225 0.7064927
2328.44    -651.063 -614.4178 0.7064747
2328.45    -650.942 -614.4131 0.7064557
2328.46    -650.8209 -614.4083 0.7064355
2328.47    -650.6998 -614.4036 0.7064143
2328.48    -650.5788 -614.3988 0.7063915
2328.49    -650.4577 -614.394 0.7063671
2328.5    -650.3366 -614.3893 0.706341
2328.51    -650.2155 -614.3845 0.7063136
2328.52    -650.0943 -614.3797 0.7062846
2328.53    -649.9731 -614.3749 0.7062544
2328.54    -649.852 -614.3701 0.7062229
2328.55    -649.7308 -614.3653 0.7061902
2328.56    -649.6096 -614.3605 0.7061563
2328.57    -649.4883 -614.3557 0.7061212
2328.58    -649.3671 -614.3508 0.7060858
2328.59    -649.2458 -614.346 0.7060502
2328.6    -649.1246 -614.3412 0.7060142
2328.61    -649.0033 -614.3364 0.7059779
2328.62    -648.882 -614.3315 0.7059413
2328.63    -648.7606 -614.3267 0.7059057
2328.64    -648.6393 -614.3218 0.7058711
2328.65    -648.5179 -614.317 0.7058372
2328.66    -648.3965 -614.3121 0.7058042
2328.67    -648.2751 -614.3072 0.7057732
2328.68    -648.1537 -614.3023 0.7057442
2328.69    -648.0322 -614.2974 0.7057169
2328.7    -647.9108 -614.2925 0.7056913
2328.71    -647.7893 -614.2877 0.7056674
2328.72    -647.6678 -614.2828 0.705646
2328.73    -647.5463 -614.2779 0.7056272
2328.74    -647.4248 -614.273 0.7056107
2328.75    -647.3032 -614.2681 0.7055964
2328.76    -647.1816 -614.2632 0.7055843
2328.77    -647.0601 -614.2584 0.7055745
2328.78    -646.9384 -614.2535 0.7055672
2328.79    -646.8168 -614.2486 0.705562
2328.8    -646.6951 -614.2437 0.705559
2328.81    -646.5734 -614.2388 0.7055579
2328.82    -646.4516 -614.2338 0.7055587
2328.83    -646.3298 -614.2289 0.7055612
2328.84    -646.2081 -614.2239 0.7055652
2328.85    -646.0862 -614.219 0.7055706
2328.86    -645.9644 -614.2141 0.7055774
2328.87    -645.8426 -614.2091 0.7055848
2328.88    -645.7207 -614.2042 0.7055928
2328.89    -645.5988 -614.1992 0.7056012
2328.9    -645.4769 -614.1943 0.7056102
2328.91    -645.3549 -614.1893 0.7056197
2328.92    -645.2328 -614.1844 0.7056296
2328.93    -645.1108 -614.1794 0.7056383
2328.94    -644.9888 -614.1745 0.7056458
2328.95    -644.8667 -614.1696 0.7056521
2328.96    -644.7446 -614.1646 0.7056575
2328.97    -644.6224 -614.1597 0.7056618
2328.98    -644.5002 -614.1547 0.7056637
2328.99    -644.378 -614.1498 0.7056633
2329    -644.2557 -614.1448 0.7056608
2329.01    -644.1334 -614.1398 0.7056561
2329.02    -644.0111 -614.1348 0.7056496
2329.03    -643.8888 -614.1298 0.7056397
2329.04    -643.7664 -614.1248 0.7056268
2329.05    -643.644 -614.1198 0.705611
2329.06    -643.5215 -614.1148 0.7055925
2329.07    -643.399 -614.1098 0.7055714
2329.08    -643.2766 -614.1048 0.7055475
2329.09    -643.154 -614.0998 0.7055211
2329.1    -643.0314 -614.0948 0.7054923
2329.11    -642.9088 -614.0898 0.7054613
2329.12    -642.7861 -614.0848 0.7054291
2329.13    -642.6635 -614.0798 0.7053958
2329.14    -642.5407 -614.0748 0.7053614
2329.15    -642.4179 -614.0698 0.705326
2329.16    -642.2951 -614.0648 0.7052897
2329.17    -642.1722 -614.0598 0.705254
2329.18    -642.0494 -614.0547 0.7052189
2329.19    -641.9265 -614.0497 0.7051845
2329.2    -641.8035 -614.0447 0.7051508
2329.21    -641.6805 -614.0397 0.7051176
2329.22    -641.5574 -614.0347 0.705085
2329.23    -641.4343 -614.0297 0.7050545
2329.24    -641.3112 -614.0247 0.7050261
2329.25    -641.188 -614.0196 0.7049997
2329.26    -641.0648 -614.0145 0.7049753
2329.27    -640.9415 -614.0095 0.7049525
2329.28    -640.8182 -614.0044 0.7049314
2329.29    -640.6948 -613.9993 0.7049137
2329.3    -640.5714 -613.9943 0.7048991
2329.31    -640.448 -613.9892 0.7048876
2329.32    -640.3245 -613.9841 0.7048789
2329.33    -640.201 -613.9791 0.7048733
2329.34    -640.0775 -613.974 0.7048709
2329.35    -639.9539 -613.9689 0.7048713
2329.36    -639.8303 -613.9637 0.7048745
2329.37    -639.7065 -613.9586 0.7048802
2329.38    -639.5828 -613.9535 0.7048883
2329.39    -639.459 -613.9484 0.7048987
2329.4    -639.3352 -613.9432 0.7049111
2329.41    -639.2114 -613.9381 0.7049256
2329.42    -639.0875 -613.933 0.704942
2329.43    -638.9636 -613.9279 0.7049595
2329.44    -638.8396 -613.9227 0.7049779
2329.45    -638.7156 -613.9175 0.7049974
2329.46    -638.5915 -613.9123 0.7050176
2329.47    -638.4673 -613.9071 0.7050388
2329.48    -638.3432 -613.9019 0.7050599
2329.49    -638.219 -613.8967 0.7050812
2329.5    -638.0947 -613.8915 0.7051024
2329.51    -637.9705 -613.8863 0.7051237
2329.52    -637.8461 -613.8811 0.7051441
2329.53    -637.7218 -613.8759 0.7051637
2329.54    -637.5974 -613.8706 0.7051825
2329.55    -637.473 -613.8654 0.7052007
2329.56    -637.3484 -613.86 0.7052181
2329.57    -637.2239 -613.8548 0.7052345
2329.58    -637.0994 -613.8495 0.70525
2329.59    -636.9747 -613.8443 0.7052646
2329.6    -636.8501 -613.839 0.7052783
2329.61    -636.7254 -613.8337 0.7052913
2329.62    -636.6006 -613.8283 0.7053034
2329.63    -636.4759 -613.823 0.7053149
2329.64    -636.3511 -613.8177 0.7053257
2329.65    -636.2262 -613.8124 0.705336
2329.66    -636.1013 -613.8069 0.7053456
2329.67    -635.9763 -613.8016 0.7053553
2329.68    -635.8513 -613.7962 0.7053651
2329.69    -635.7263 -613.7908 0.7053748
2329.7    -635.6012 -613.7855 0.7053846
2329.71    -635.4761 -613.78 0.7053944
2329.72    -635.3509 -613.7746 0.7054043
2329.73    -635.2257 -613.7692 0.7054151
2329.74    -635.1005 -613.7637 0.7054267
2329.75    -634.9752 -613.7583 0.7054391
2329.76    -634.8498 -613.7528 0.7054523
2329.77    -634.7244 -613.7473 0.7054662
2329.78    -634.599 -613.7418 0.7054816
2329.79    -634.4736 -613.7363 0.7054986
2329.8    -634.3481 -613.7308 0.705517
2329.81    -634.2225 -613.7253 0.7055366
2329.82    -634.097 -613.7198 0.7055584
2329.83    -633.9714 -613.7142 0.7055823
2329.84    -633.8457 -613.7087 0.705608
2329.85    -633.72 -613.7031 0.7056357
2329.86    -633.5942 -613.6975 0.7056652
2329.87    -633.4684 -613.692 0.7056969
2329.88    -633.3427 -613.6863 0.7057309
2329.89    -633.2168 -613.6807 0.7057669
2329.9    -633.0909 -613.675 0.7058049
2329.91    -632.9649 -613.6694 0.7058449
2329.92    -632.8389 -613.6638 0.7058868
2329.93    -632.7129 -613.6581 0.7059305
2329.94    -632.5868 -613.6524 0.7059761
2329.95    -632.4607 -613.6467 0.7060233
2329.96    -632.3345 -613.6411 0.7060722
2329.97    -632.2084 -613.6354 0.7061226
2329.98    -632.0822 -613.6297 0.7061745
2329.99    -631.9559 -613.6239 0.7062277
2330    -631.8295 -613.6182 0.7062823
2330.01    -631.7031 -613.6124 0.7063381
2330.02    -631.5767 -613.6067 0.706395
2330.03    -631.4503 -613.601 0.7064532
2330.04    -631.3238 -613.5952 0.7065125
2330.05    -631.1973 -613.5894 0.7065727
2330.06    -631.0707 -613.5836 0.7066339
2330.07    -630.9441 -613.5778 0.706696
2330.08    -630.8174 -613.572 0.7067591
2330.09    -630.6907 -613.5662 0.7068229
2330.1    -630.564 -613.5604 0.7068876
2330.11    -630.4372 -613.5546 0.706953
2330.12    -630.3104 -613.5488 0.7070192
2330.13    -630.1835 -613.543 0.7070861
2330.14    -630.0566 -613.5372 0.7071536
2330.15    -629.9297 -613.5313 0.7072217
2330.16    -629.8027 -613.5255 0.7072904
2330.17    -629.6756 -613.5196 0.7073597
2330.18    -629.5485 -613.5137 0.7074295
2330.19    -629.4214 -613.5079 0.7074999
2330.2    -629.2943 -613.5021 0.7075707
2330.21    -629.1671 -613.4962 0.707642
2330.22    -629.0398 -613.4904 0.7077138
2330.23    -628.9125 -613.4845 0.7077859
2330.24    -628.7852 -613.4786 0.7078584
2330.25    -628.6578 -613.4728 0.7079314
2330.26    -628.5304 -613.4669 0.7080047
2330.27    -628.403 -613.4611 0.7080783
2330.28    -628.2755 -613.4552 0.7081523
2330.29    -628.1479 -613.4493 0.7082265
2330.3    -628.0204 -613.4435 0.7083011
2330.31    -627.8928 -613.4376 0.7083759
2330.32    -627.7651 -613.4318 0.708451
2330.33    -627.6375 -613.426 0.7085264
2330.34    -627.5097 -613.4201 0.708602
2330.35    -627.3819 -613.4142 0.7086778
2330.36    -627.254 -613.4084 0.7087538
2330.37    -627.1262 -613.4025 0.7088301
2330.38    -626.9982 -613.3967 0.7089065
2330.39    -626.8703 -613.3908 0.7089832
2330.4    -626.7423 -613.3849 0.70906
2330.41    -626.6143 -613.3792 0.709137
2330.42    -626.4862 -613.3733 0.7092141
2330.43    -626.3581 -613.3674 0.7092915
2330.44    -626.2299 -613.3616 0.7093688
2330.45    -626.1017 -613.3557 0.7094464
2330.46    -625.9734 -613.3499 0.7095242
2330.47    -625.8451 -613.3441 0.7096019
2330.48    -625.7167 -613.3382 0.7096795
2330.49    -625.5883 -613.3323 0.7097573
2330.5    -625.4599 -613.3265 0.709835
2330.51    -625.3314 -613.3206 0.7099127
2330.52    -625.2029 -613.3148 0.7099901
2330.53    -625.0743 -613.309 0.7100673
2330.54    -624.9457 -613.3031 0.7101442
2330.55    -624.8171 -613.2972 0.710221
2330.56    -624.6884 -613.2914 0.7102974
2330.57    -624.5596 -613.2855 0.7103738
2330.58    -624.4308 -613.2797 0.7104494
2330.59    -624.3019 -613.2739 0.7105246
2330.6    -624.173 -613.2681 0.7105991
2330.61    -624.0441 -613.2623 0.7106732
2330.62    -623.9151 -613.2565 0.7107463
2330.63    -623.7861 -613.2507 0.7108185
2330.64    -623.657 -613.2449 0.7108899
2330.65    -623.528 -613.2391 0.7109605
2330.66    -623.3988 -613.2333 0.7110302
2330.67    -623.2697 -613.2275 0.711099
2330.68    -623.1404 -613.2217 0.7111668
2330.69    -623.0112 -613.216 0.7112337
2330.7    -622.8818 -613.2102 0.7112997
2330.71    -622.7524 -613.2044 0.7113649
2330.72    -622.623 -613.1987 0.7114289
2330.73    -622.4936 -613.1929 0.7114919
2330.74    -622.3641 -613.1873 0.7115541
2330.75    -622.2345 -613.1815 0.7116151
2330.76    -622.1049 -613.1758 0.7116754
2330.77    -621.9753 -613.17 0.7117347
2330.78    -621.8456 -613.1643 0.7117933
2330.79    -621.7159 -613.1586 0.7118511
2330.8    -621.5861 -613.1529 0.7119082
2330.81    -621.4563 -613.1472 0.7119645
2330.82    -621.3265 -613.1415 0.7120205
2330.83    -621.1966 -613.1359 0.712076
2330.84    -621.0667 -613.1302 0.7121311
2330.85    -620.9366 -613.1246 0.7121857
2330.86    -620.8066 -613.1189 0.71224
2330.87    -620.6765 -613.1132 0.712294
2330.88    -620.5464 -613.1075 0.7123491
2330.89    -620.4162 -613.102 0.7124051
2330.9    -620.286 -613.0964 0.7124623
2330.91    -620.1558 -613.0908 0.7125202
2330.92    -620.0255 -613.0851 0.7125791
2330.93    -619.8951 -613.0795 0.7126403
2330.94    -619.7648 -613.074 0.7127038
2330.95    -619.6343 -613.0684 0.7127693
2330.96    -619.5038 -613.0628 0.7128369
2330.97    -619.3733 -613.0573 0.7129064
2330.98    -619.2427 -613.0517 0.7129776
2330.99    -619.1121 -613.0462 0.7130527
2331    -618.9814 -613.0406 0.7131312
2331.01    -618.8508 -613.0351 0.713213
2331.02    -618.72 -613.0295 0.713298
2331.03    -618.5893 -613.024 0.7133868
2331.04    -618.4585 -613.0186 0.713479
2331.05    -618.3276 -613.0131 0.7135746
2331.06    -618.1967 -613.0076 0.7136734
2331.07    -618.0657 -613.0021 0.7137752
2331.08    -617.9347 -612.9966 0.7138796
2331.09    -617.8036 -612.9912 0.7139863
2331.1    -617.6725 -612.9858 0.7140954
2331.11    -617.5414 -612.9803 0.7142068
2331.12    -617.4102 -612.9749 0.7143201
2331.13    -617.279 -612.9695 0.7144337
2331.14    -617.1478 -612.9641 0.7145475
2331.15    -617.0165 -612.9587 0.7146614
2331.16    -616.8851 -612.9532 0.7147754
2331.17    -616.7538 -612.9479 0.7148871
2331.18    -616.6224 -612.9425 0.7149967
2331.19    -616.4909 -612.9372 0.715104
2331.2    -616.3594 -612.9318 0.7152094
2331.21    -616.2278 -612.9265 0.7153127
2331.22    -616.0962 -612.9211 0.7154118
2331.23    -615.9645 -612.9157 0.7155066
2331.24    -615.8328 -612.9104 0.7155975
2331.25    -615.701 -612.9051 0.7156846
2331.26    -615.5693 -612.8998 0.7157682
2331.27    -615.4374 -612.8945 0.7158465
2331.28    -615.3055 -612.8892 0.71592
2331.29    -615.1736 -612.8839 0.7159889
2331.3    -615.0417 -612.8786 0.7160533
2331.31    -614.9097 -612.8733 0.7161135
2331.32    -614.7776 -612.868 0.7161697
2331.33    -614.6455 -612.8627 0.7162215
2331.34    -614.5134 -612.8575 0.7162692
2331.35    -614.3812 -612.8522 0.7163129
2331.36    -614.2489 -612.847 0.7163528
2331.37    -614.1166 -612.8418 0.7163891
2331.38    -613.9843 -612.8365 0.716422
2331.39    -613.8519 -612.8313 0.7164516
2331.4    -613.7195 -612.826 0.7164782
2331.41    -613.5871 -612.8208 0.7165018
2331.42    -613.4546 -612.8156 0.7165226
2331.43    -613.3221 -612.8104 0.7165406
2331.44    -613.1895 -612.8053 0.7165562
2331.45    -613.0569 -612.8001 0.7165692
2331.46    -612.9242 -612.7949 0.71658
2331.47    -612.7914 -612.7897 0.7165887
2331.48    -612.6587 -612.7845 0.7165945
2331.49    -612.5259 -612.7794 0.7165976
2331.5    -612.393 -612.7742 0.7165983
2331.51    -612.2601 -612.7692 0.7165966
2331.52    -612.1271 -612.764 0.7165927
2331.53    -611.9941 -612.7589 0.7165855
2331.54    -611.8611 -612.7538 0.7165753
2331.55    -611.7281 -612.7487 0.7165623
2331.56    -611.595 -612.7435 0.7165465
2331.57    -611.4618 -612.7384 0.7165281
2331.58    -611.3286 -612.7333 0.7165064
2331.59    -611.1954 -612.7281 0.7164814
2331.6    -611.0621 -612.7231 0.7164534
2331.61    -610.9287 -612.718 0.7164226
2331.62    -610.7953 -612.7128 0.7163889
2331.63    -610.6619 -612.7078 0.7163525
2331.64    -610.5284 -612.7027 0.7163134
2331.65    -610.395 -612.6976 0.7162718
2331.66    -610.2614 -612.6926 0.7162278
2331.67    -610.1278 -612.6875 0.7161817
2331.68    -609.9942 -612.6824 0.7161334
2331.69    -609.8605 -612.6774 0.716083
2331.7    -609.7268 -612.6723 0.7160307
2331.71    -609.593 -612.6672 0.7159765
2331.72    -609.4592 -612.6622 0.7159206
2331.73    -609.3254 -612.6571 0.7158629
2331.74    -609.1915 -612.652 0.7158036
2331.75    -609.0575 -612.647 0.7157428
2331.76    -608.9235 -612.6419 0.7156805
2331.77    -608.7895 -612.6368 0.7156163
2331.78    -608.6555 -612.6318 0.7155504
2331.79    -608.5214 -612.6267 0.7154827
2331.8    -608.3872 -612.6216 0.7154133
2331.81    -608.253 -612.6166 0.7153425
2331.82    -608.1188 -612.6115 0.7152698
2331.83    -607.9845 -612.6064 0.7151952
2331.84    -607.8502 -612.6014 0.7151191
2331.85    -607.7158 -612.5963 0.7150413
2331.86    -607.5814 -612.5912 0.7149619
2331.87    -607.4469 -612.5861 0.7148809
2331.88    -607.3124 -612.5811 0.7147985
2331.89    -607.1779 -612.5759 0.7147143
2331.9    -607.0433 -612.5708 0.7146289
2331.91    -606.9087 -612.5657 0.714542
2331.92    -606.774 -612.5605 0.7144539
2331.93    -606.6393 -612.5554 0.7143645
2331.94    -606.5045 -612.5503 0.7142739
2331.95    -606.3697 -612.5452 0.7141822
2331.96    -606.2349 -612.54 0.7140895
2331.97    -606.1 -612.5349 0.7139956
2331.98    -605.9651 -612.5297 0.7139009
2331.99    -605.8301 -612.5246 0.7138051
2332    -605.6951 -612.5195 0.7137085
2332.01    -605.5601 -612.5143 0.7136109
2332.02    -605.4249 -612.5092 0.7135127
2332.03    -605.2898 -612.5041 0.7134137
2332.04    -605.1546 -612.499 0.7133139
2332.05    -605.0193 -612.4937 0.7132136
2332.06    -604.8841 -612.4885 0.7131125
2332.07    -604.7488 -612.4833 0.7130109
2332.08    -604.6135 -612.4781 0.7129087
2332.09    -604.4781 -612.473 0.7128059
2332.1    -604.3427 -612.4678 0.7127026
2332.11    -604.2072 -612.4626 0.7125989
2332.12    -604.0716 -612.4573 0.7124945
2332.13    -603.936 -612.4521 0.7123898
2332.14    -603.8004 -612.447 0.7122846
2332.15    -603.6647 -612.4418 0.712179
2332.16    -603.5291 -612.4365 0.712073
2332.17    -603.3933 -612.4313 0.7119666
2332.18    -603.2576 -612.426 0.7118598
2332.19    -603.1218 -612.4207 0.7117527
2332.2    -602.9859 -612.4155 0.7116452
2332.21    -602.85 -612.4102 0.7115374
2332.22    -602.7141 -612.405 0.7114294
2332.23    -602.5781 -612.3997 0.7113209
2332.24    -602.442 -612.3944 0.7112122
2332.25    -602.306 -612.3891 0.7111033
2332.26    -602.1699 -612.3837 0.710994
2332.27    -602.0338 -612.3784 0.7108845
2332.28    -601.8976 -612.3731 0.7107748
2332.29    -601.7614 -612.3678 0.710665
2332.3    -601.6251 -612.3625 0.7105548
2332.31    -601.4887 -612.3572 0.7104445
2332.32    -601.3524 -612.3518 0.710334
2332.33    -601.2159 -612.3464 0.7102236
2332.34    -601.0795 -612.341 0.710113
2332.35    -600.9431 -612.3356 0.7100025
2332.36    -600.8065 -612.3303 0.709892
2332.37    -600.67 -612.3249 0.7097818
2332.38    -600.5334 -612.3195 0.7096718
2332.39    -600.3967 -612.314 0.7095622
2332.4    -600.2601 -612.3086 0.7094529
2332.41    -600.1234 -612.3032 0.7093437
2332.42    -599.9866 -612.2977 0.7092348
2332.43    -599.8498 -612.2923 0.7091267
2332.44    -599.713 -612.2869 0.7090192
2332.45    -599.576 -612.2814 0.7089124
2332.46    -599.4391 -612.2758 0.7088063
2332.47    -599.3022 -612.2703 0.7087011
2332.48    -599.1653 -612.2648 0.7085967
2332.49    -599.0283 -612.2593 0.7084932
2332.5    -598.8912 -612.2538 0.7083905
2332.51    -598.754 -612.2484 0.7082886
2332.52    -598.6169 -612.2427 0.7081874
2332.53    -598.4797 -612.2372 0.708087
2332.54    -598.3425 -612.2316 0.7079874
2332.55    -598.2052 -612.2261 0.7078884
2332.56    -598.0679 -612.2205 0.7077901
2332.57    -597.9305 -612.2149 0.7076924
2332.58    -597.7932 -612.2092 0.7075952
2332.59    -597.6557 -612.2036 0.7074987
2332.6    -597.5182 -612.198 0.7074026
2332.61    -597.3807 -612.1924 0.707307
2332.62    -597.2432 -612.1867 0.707212
2332.63    -597.1057 -612.181 0.7071174
2332.64    -596.968 -612.1753 0.7070233
2332.65    -596.8303 -612.1696 0.7069295
2332.66    -596.6926 -612.1639 0.7068361
2332.67    -596.5549 -612.1582 0.7067431
2332.68    -596.4171 -612.1524 0.7066504
2332.69    -596.2793 -612.1467 0.706558
2332.7    -596.1414 -612.1409 0.706466
2332.71    -596.0035 -612.1351 0.7063742
2332.72    -595.8655 -612.1293 0.7062827
2332.73    -595.7276 -612.1235 0.7061915
2332.74    -595.5896 -612.1177 0.7061005
2332.75    -595.4515 -612.1118 0.7060098
2332.76    -595.3134 -612.1059 0.7059193
2332.77    -595.1753 -612.1 0.705829
2332.78    -595.0371 -612.0942 0.7057388
2332.79    -594.8989 -612.0882 0.705649
2332.8    -594.7607 -612.0823 0.7055592
2332.81    -594.6224 -612.0764 0.7054696
2332.82    -594.484 -612.0704 0.7053802
2332.83    -594.3456 -612.0644 0.7052909
2332.84    -594.2072 -612.0584 0.7052017
2332.85    -594.0688 -612.0524 0.7051128
2332.86    -593.9303 -612.0464 0.7050239
2332.87    -593.7918 -612.0403 0.7049351
2332.88    -593.6533 -612.0343 0.7048465
2332.89    -593.5146 -612.0282 0.7047579
2332.9    -593.376 -612.0221 0.7046695
2332.91    -593.2374 -612.016 0.7045811
2332.92    -593.0986 -612.0098 0.7044928
2332.93    -592.9599 -612.0037 0.7044046
2332.94    -592.8211 -611.9976 0.7043165
2332.95    -592.6823 -611.9913 0.7042285
2332.96    -592.5434 -611.9852 0.7041405
2332.97    -592.4045 -611.9789 0.7040526
2332.98    -592.2656 -611.9727 0.7039647
2332.99    -592.1266 -611.9664 0.7038769
2333    -591.9875 -611.9602 0.7037891
2333.01    -591.8484 -611.9539 0.7037013
2333.02    -591.7094 -611.9476 0.7036137
2333.03    -591.5702 -611.9413 0.703526
2333.04    -591.431 -611.9349 0.7034384
2333.05    -591.2918 -611.9285 0.7033508
2333.06    -591.1525 -611.9222 0.7032633
2333.07    -591.0132 -611.9157 0.7031757
2333.08    -590.8739 -611.9093 0.7030882
2333.09    -590.7346 -611.9029 0.7030007
2333.1    -590.5952 -611.8964 0.7029132
2333.11    -590.4557 -611.8899 0.7028258
2333.12    -590.3162 -611.8834 0.7027384
2333.13    -590.1767 -611.8768 0.702651
2333.14    -590.0372 -611.8703 0.7025636
2333.15    -589.8976 -611.8638 0.7024761
2333.16    -589.7579 -611.8571 0.7023888
2333.17    -589.6182 -611.8505 0.7023014
2333.18    -589.4785 -611.8439 0.702214
2333.19    -589.3388 -611.8372 0.7021267
2333.2    -589.199 -611.8306 0.7020393
2333.21    -589.0592 -611.8239 0.7019519
2333.22    -588.9194 -611.8171 0.7018645
2333.23    -588.7795 -611.8104 0.7017772
2333.24    -588.6395 -611.8036 0.7016898
2333.25    -588.4996 -611.7969 0.7016025
2333.26    -588.3596 -611.7901 0.7015151
2333.27    -588.2196 -611.7833 0.7014276
2333.28    -588.0795 -611.7764 0.7013403
2333.29    -587.9394 -611.7696 0.7012528
2333.3    -587.7993 -611.7627 0.7011654
2333.31    -587.6591 -611.7558 0.701078
2333.32    -587.5188 -611.7489 0.7009905
2333.33    -587.3785 -611.7419 0.7009031
2333.34    -587.2382 -611.735 0.7008156
2333.35    -587.0979 -611.728 0.7007281
2333.36    -586.9575 -611.7209 0.7006406
2333.37    -586.8171 -611.7139 0.7005531
2333.38    -586.6766 -611.7068 0.7004656
2333.39    -586.5361 -611.6998 0.700378
2333.4    -586.3956 -611.6927 0.7002905
2333.41    -586.255 -611.6856 0.7002029
2333.42    -586.1144 -611.6785 0.7001153
2333.43    -585.9738 -611.6714 0.7000277
2333.44    -585.8331 -611.6642 0.6999401
2333.45    -585.6923 -611.657 0.6998525
2333.46    -585.5516 -611.6499 0.6997648
2333.47    -585.4108 -611.6427 0.6996772
2333.48    -585.27 -611.6355 0.6995894
2333.49    -585.1292 -611.6282 0.6995018
2333.5    -584.9882 -611.621 0.699414
2333.51    -584.8473 -611.6138 0.6993262
2333.52    -584.7063 -611.6065 0.6992385
2333.53    -584.5653 -611.5992 0.6991507
2333.54    -584.4243 -611.5919 0.6990629
2333.55    -584.2831 -611.5846 0.698975
2333.56    -584.142 -611.5773 0.6988871
2333.57    -584.0009 -611.5699 0.6987993
2333.58    -583.8597 -611.5626 0.6987113
2333.59    -583.7184 -611.5553 0.6986235
2333.6    -583.5771 -611.5479 0.6985355
2333.61    -583.4359 -611.5405 0.6984475
2333.62    -583.2945 -611.5331 0.6983595
2333.63    -583.1531 -611.5258 0.6982715
2333.64    -583.0117 -611.5184 0.6981835
2333.65    -582.8702 -611.5109 0.6980956
2333.66    -582.7287 -611.5034 0.6980075
2333.67    -582.5872 -611.496 0.6979199
2333.68    -582.4456 -611.4885 0.6978325
2333.69    -582.304 -611.4811 0.6977454
2333.7    -582.1624 -611.4736 0.6976586
2333.71    -582.0206 -611.4661 0.6975719
2333.72    -581.8789 -611.4586 0.6974865
2333.73    -581.7371 -611.451 0.6974019
2333.74    -581.5953 -611.4435 0.6973182
2333.75    -581.4535 -611.436 0.6972353
2333.76    -581.3116 -611.4285 0.6971534
2333.77    -581.1697 -611.4209 0.6970733
2333.78    -581.0277 -611.4133 0.6969953
2333.79    -580.8857 -611.4058 0.696919
2333.8    -580.7437 -611.3982 0.6968444
2333.81    -580.6016 -611.3906 0.6967714
2333.82    -580.4595 -611.3831 0.6966999
2333.83    -580.3174 -611.3755 0.6966313
2333.84    -580.1752 -611.3679 0.6965653
2333.85    -580.033 -611.3603 0.696502
2333.86    -579.8907 -611.3527 0.696441
2333.87    -579.7485 -611.345 0.6963824
2333.88    -579.6061 -611.3374 0.6963272
2333.89    -579.4638 -611.3298 0.6962754
2333.9    -579.3214 -611.3222 0.6962265
2333.91    -579.179 -611.3146 0.6961807
2333.92    -579.0364 -611.3069 0.6961377
2333.93    -578.8939 -611.2993 0.6960979
2333.94    -578.7514 -611.2917 0.6960611
2333.95    -578.6088 -611.2842 0.6960272
2333.96    -578.4662 -611.2767 0.6959962
2333.97    -578.3235 -611.2691 0.6959678
2333.98    -578.1808 -611.2615 0.6959421
2333.99    -578.0381 -611.254 0.6959189
2334    -577.8954 -611.2465 0.695898
2334.01    -577.7526 -611.2389 0.6958794
2334.02    -577.6097 -611.2314 0.695863
2334.03    -577.4668 -611.2239 0.6958486
2334.04    -577.3239 -611.2164 0.6958361
2334.05    -577.181 -611.2089 0.6958255
2334.06    -577.038 -611.2015 0.6958168
2334.07    -576.895 -611.194 0.6958096
2334.08    -576.7519 -611.1865 0.6958041
2334.09    -576.6088 -611.1791 0.6958001
2334.1    -576.4657 -611.1717 0.6957976
2334.11    -576.3225 -611.1643 0.6957965
2334.12    -576.1793 -611.1569 0.6957967
2334.13    -576.0361 -611.1495 0.6957982
2334.14    -575.8928 -611.1422 0.6958008
2334.15    -575.7495 -611.1348 0.6958047
2334.16    -575.6061 -611.1274 0.6958096
2334.17    -575.4628 -611.1202 0.6958156
2334.18    -575.3193 -611.1129 0.6958225
2334.19    -575.1759 -611.1056 0.6958305
2334.2    -575.0324 -611.0983 0.6958393
2334.21    -574.8889 -611.0911 0.695849
2334.22    -574.7453 -611.0839 0.6958597
2334.23    -574.6017 -611.0767 0.6958713
2334.24    -574.4581 -611.0695 0.6958839
2334.25    -574.3145 -611.0623 0.6958974
2334.26    -574.1708 -611.0552 0.6959117
2334.27    -574.027 -611.048 0.6959273
2334.28    -573.8833 -611.041 0.695944
2334.29    -573.7395 -611.0339 0.6959619
2334.3    -573.5956 -611.0269 0.6959808
2334.31    -573.4518 -611.0198 0.6960009
2334.32    -573.3079 -611.0128 0.6960223
2334.33    -573.164 -611.0059 0.6960453
2334.34    -573.02 -610.9989 0.6960697
2334.35    -572.876 -610.9919 0.6960953
2334.36    -572.732 -610.985 0.6961222
2334.37    -572.5879 -610.9781 0.6961503
2334.38    -572.4438 -610.9713 0.6961801
2334.39    -572.2996 -610.9645 0.6962116
2334.4    -572.1555 -610.9576 0.6962447
2334.41    -572.0112 -610.9509 0.6962792
2334.42    -571.8669 -610.9441 0.6963151
2334.43    -571.7227 -610.9374 0.6963526
2334.44    -571.5783 -610.9306 0.6963916
2334.45    -571.434 -610.924 0.696432
2334.46    -571.2896 -610.9173 0.6964737
2334.47    -571.1451 -610.9106 0.6965168
2334.48    -571.0007 -610.9041 0.6965611
2334.49    -570.8562 -610.8975 0.6966066
2334.5    -570.7117 -610.8909 0.6966532
2334.51    -570.5671 -610.8843 0.6967009
2334.52    -570.4225 -610.8779 0.6967497
2334.53    -570.2778 -610.8713 0.6967994
2334.54    -570.1332 -610.8649 0.6968501
2334.55    -569.9885 -610.8585 0.6969017
2334.56    -569.8437 -610.8521 0.6969541
2334.57    -569.6989 -610.8458 0.6970074
2334.58    -569.5541 -610.8394 0.6970614
2334.59    -569.4092 -610.8331 0.6971161
2334.6    -569.2643 -610.8268 0.6971717
2334.61    -569.1194 -610.8206 0.6972278
2334.62    -568.9745 -610.8144 0.6972847
2334.63    -568.8295 -610.8082 0.6973422
2334.64    -568.6845 -610.8021 0.6974002
2334.65    -568.5395 -610.796 0.6974589
2334.66    -568.3944 -610.7898 0.6975181
2334.67    -568.2493 -610.7838 0.6975778
2334.68    -568.1042 -610.7776 0.6976379
2334.69    -567.959 -610.7717 0.6976986
2334.7    -567.8138 -610.7656 0.6977597
2334.71    -567.6685 -610.7597 0.6978213
2334.72    -567.5232 -610.7537 0.6978832
2334.73    -567.3779 -610.7479 0.6979455
2334.74    -567.2325 -610.7419 0.6980083
2334.75    -567.0872 -610.7361 0.6980714
2334.76    -566.9417 -610.7303 0.6981347
2334.77    -566.7963 -610.7245 0.6981985
2334.78    -566.6508 -610.7188 0.6982626
2334.79    -566.5053 -610.7131 0.6983269
2334.8    -566.3597 -610.7073 0.6983916
2334.81    -566.2142 -610.7017 0.6984565
2334.82    -566.0685 -610.696 0.6985217
2334.83    -565.9229 -610.6903 0.6985872
2334.84    -565.7772 -610.6848 0.698653
2334.85    -565.6315 -610.6791 0.698719
2334.86    -565.4857 -610.6736 0.6987852
2334.87    -565.3399 -610.668 0.6988517
2334.88    -565.1941 -610.6625 0.6989186
2334.89    -565.0482 -610.657 0.6989859
2334.9    -564.9023 -610.6515 0.6990536
2334.91    -564.7564 -610.646 0.6991217
2334.92    -564.6105 -610.6406 0.6991904
2334.93    -564.4645 -610.6351 0.6992596
2334.94    -564.3185 -610.6297 0.6993296
2334.95    -564.1724 -610.6243 0.6993999
2334.96    -564.0263 -610.619 0.6994708
2334.97    -563.8802 -610.6136 0.6995422
2334.98    -563.7341 -610.6082 0.6996145
2334.99    -563.5879 -610.6028 0.6996877
2335    -563.4417 -610.5975 0.6997616
2335.01    -563.2954 -610.5922 0.6998364
2335.02    -563.1491 -610.5869 0.6999119
2335.03    -563.0028 -610.5816 0.6999884
2335.04    -562.8564 -610.5763 0.7000656
2335.05    -562.7101 -610.571 0.7001437
2335.06    -562.5637 -610.5657 0.7002225
2335.07    -562.4172 -610.5605 0.7003022
2335.08    -562.2707 -610.5552 0.7003826
2335.09    -562.1242 -610.55 0.7004638
2335.1    -561.9777 -610.5447 0.7005456
2335.11    -561.8311 -610.5395 0.7006281
2335.12    -561.6844 -610.5342 0.7007113
2335.13    -561.5378 -610.5289 0.7007952
2335.14    -561.3912 -610.5237 0.7008796
2335.15    -561.2444 -610.5186 0.7009645
2335.16    -561.0977 -610.5134 0.70105
2335.17    -560.9509 -610.5082 0.7011361
2335.18    -560.8041 -610.503 0.7012226
2335.19    -560.6573 -610.4978 0.7013096
2335.2    -560.5104 -610.4926 0.701397
2335.21    -560.3635 -610.4874 0.7014848
2335.22    -560.2166 -610.4822 0.701573
2335.23    -560.0696 -610.477 0.7016617
2335.24    -559.9226 -610.4718 0.7017506
2335.25    -559.7756 -610.4666 0.70184
2335.26    -559.6285 -610.4614 0.7019297
2335.27    -559.4814 -610.4562 0.7020196
2335.28    -559.3343 -610.451 0.7021099
2335.29    -559.1871 -610.4457 0.7022005
2335.3    -559.0399 -610.4406 0.7022913
2335.31    -558.8927 -610.4354 0.7023822
2335.32    -558.7455 -610.4302 0.7024733
2335.33    -558.5982 -610.4249 0.7025647
2335.34    -558.4509 -610.4197 0.7026561
2335.35    -558.3035 -610.4145 0.7027476
2335.36    -558.1561 -610.4092 0.7028393
2335.37    -558.0087 -610.4039 0.7029312
2335.38    -557.8612 -610.3987 0.7030229
2335.39    -557.7137 -610.3934 0.7031145
2335.4    -557.5662 -610.3881 0.703206
2335.41    -557.4186 -610.3829 0.7032975
2335.42    -557.2711 -610.3776 0.7033888
2335.43    -557.1235 -610.3723 0.7034798
2335.44    -556.9758 -610.367 0.7035707
2335.45    -556.8281 -610.3617 0.7036611
2335.46    -556.6804 -610.3563 0.7037516
2335.47    -556.5327 -610.351 0.7038417
2335.48    -556.3849 -610.3457 0.7039314
2335.49    -556.2371 -610.3403 0.7040207
2335.5    -556.0892 -610.335 0.7041096
2335.51    -555.9413 -610.3296 0.7041982
2335.52    -555.7935 -610.3242 0.7042865
2335.53    -555.6455 -610.3188 0.7043743
2335.54    -555.4976 -610.3134 0.7044618
2335.55    -555.3495 -610.308 0.7045488
2335.56    -555.2015 -610.3025 0.7046355
2335.57    -555.0535 -610.2971 0.7047219
2335.58    -554.9054 -610.2916 0.7048079
2335.59    -554.7573 -610.2861 0.7048936
2335.6    -554.6091 -610.2807 0.7049791
2335.61    -554.4609 -610.2752 0.7050642
2335.62    -554.3127 -610.2697 0.7051491
2335.63    -554.1644 -610.2642 0.7052338
2335.64    -554.0162 -610.2587 0.7053182
2335.65    -553.8679 -610.2532 0.7054023
2335.66    -553.7195 -610.2476 0.7054862
2335.67    -553.5711 -610.242 0.70557
2335.68    -553.4227 -610.2365 0.7056535
2335.69    -553.2743 -610.2309 0.7057368
2335.7    -553.1258 -610.2253 0.70582
2335.71    -552.9773 -610.2197 0.705903
2335.72    -552.8288 -610.2141 0.7059858
2335.73    -552.6802 -610.2084 0.7060685
2335.74    -552.5316 -610.2028 0.706151
2335.75    -552.383 -610.1972 0.7062334
2335.76    -552.2343 -610.1916 0.7063156
2335.77    -552.0856 -610.1859 0.7063977
2335.78    -551.937 -610.1802 0.7064797
2335.79    -551.7882 -610.1745 0.7065614
2335.8    -551.6394 -610.1688 0.7066431
2335.81    -551.4906 -610.1631 0.7067246
2335.82    -551.3418 -610.1574 0.7068059
2335.83    -551.1929 -610.1517 0.7068871
2335.84    -551.044 -610.1459 0.7069681
2335.85    -550.8951 -610.1402 0.707049
2335.86    -550.7461 -610.1345 0.7071296
2335.87    -550.5971 -610.1287 0.7072102
2335.88    -550.4481 -610.1229 0.7072904
2335.89    -550.299 -610.1171 0.7073703
2335.9    -550.1499 -610.1113 0.7074498
2335.91    -550.0008 -610.1055 0.7075291
2335.92    -549.8517 -610.0997 0.7076078
2335.93    -549.7025 -610.0939 0.7076861
2335.94    -549.5533 -610.088 0.707764
2335.95    -549.4041 -610.0822 0.7078413
2335.96    -549.2548 -610.0763 0.7079184
2335.97    -549.1054 -610.0704 0.7079951
2335.98    -548.9561 -610.0646 0.7080713
2335.99    -548.8067 -610.0587 0.7081469
2336    -548.6573 -610.0528 0.7082218
2336.01    -548.5078 -610.0469 0.7082961
2336.02    -548.3583 -610.041 0.7083699
2336.03    -548.2089 -610.035 0.7084429
2336.04    -548.0593 -610.0291 0.7085153
2336.05    -547.9098 -610.0232 0.7085872
2336.06    -547.7602 -610.0173 0.7086585
2336.07    -547.6105 -610.0114 0.7087293
2336.08    -547.4609 -610.0054 0.7087994
2336.09    -547.3113 -609.9994 0.708869
2336.1    -547.1616 -609.9934 0.7089382
2336.11    -547.0118 -609.9874 0.7090069
2336.12    -546.862 -609.9814 0.7090751
2336.13    -546.7122 -609.9755 0.7091429
2336.14    -546.5624 -609.9695 0.7092103
2336.15    -546.4125 -609.9635 0.7092773
2336.16    -546.2626 -609.9575 0.7093439
2336.17    -546.1126 -609.9514 0.7094101
2336.18    -545.9626 -609.9454 0.7094761
2336.19    -545.8127 -609.9393 0.7095416
2336.2    -545.6627 -609.9332 0.7096069
2336.21    -545.5126 -609.9272 0.7096719
2336.22    -545.3625 -609.9211 0.7097366
2336.23    -545.2124 -609.9151 0.7098011
2336.24    -545.0623 -609.9091 0.7098653
2336.25    -544.912 -609.903 0.7099293
2336.26    -544.7618 -609.8969 0.7099929
2336.27    -544.6116 -609.8908 0.7100565
2336.28    -544.4614 -609.8847 0.7101197
2336.29    -544.311 -609.8786 0.7101828
2336.3    -544.1607 -609.8725 0.7102457
2336.31    -544.0103 -609.8664 0.7103085
2336.32    -543.8599 -609.8603 0.7103711
2336.33    -543.7095 -609.8542 0.7104334
2336.34    -543.5591 -609.8481 0.7104957
2336.35    -543.4086 -609.842 0.7105577
2336.36    -543.2581 -609.8359 0.7106197
2336.37    -543.1075 -609.8297 0.7106815
2336.38    -542.957 -609.8235 0.7107431
2336.39    -542.8063 -609.8174 0.7108046
2336.4    -542.6557 -609.8112 0.710866
2336.41    -542.505 -609.8051 0.7109273
2336.42    -542.3543 -609.7989 0.7109884
2336.43    -542.2036 -609.7927 0.7110472
2336.44    -542.0529 -609.7866 0.7111039
2336.45    -541.902 -609.7804 0.7111583
2336.46    -541.7512 -609.7742 0.7112109
2336.47    -541.6003 -609.7681 0.7112616
2336.48    -541.4495 -609.7619 0.7113076
2336.49    -541.2985 -609.7557 0.7113495
2336.5    -541.1476 -609.7495 0.7113873
2336.51    -540.9966 -609.7433 0.7114213
2336.52    -540.8456 -609.7371 0.7114512
2336.53    -540.6945 -609.7308 0.7114776
2336.54    -540.5435 -609.7246 0.7115003
2336.55    -540.3923 -609.7184 0.7115196
2336.56    -540.2412 -609.7122 0.7115358
2336.57    -540.09 -609.7059 0.7115487
2336.58    -539.9388 -609.6997 0.7115586
2336.59    -539.7876 -609.6935 0.7115658
2336.6    -539.6364 -609.6872 0.7115703
2336.61    -539.485 -609.681 0.7115722
2336.62    -539.3337 -609.6747 0.7115716
2336.63    -539.1824 -609.6685 0.7115687
2336.64    -539.0311 -609.6623 0.7115636
2336.65    -538.8796 -609.6561 0.7115562
2336.66    -538.7282 -609.6498 0.7115469
2336.67    -538.5768 -609.6435 0.7115355
2336.68    -538.4253 -609.6372 0.7115223
2336.69    -538.2737 -609.6309 0.7115073
2336.7    -538.1222 -609.6246 0.7114906
2336.71    -537.9706 -609.6183 0.7114723
2336.72    -537.819 -609.6121 0.7114524
2336.73    -537.6674 -609.6058 0.711431
2336.74    -537.5157 -609.5995 0.7114083
2336.75    -537.364 -609.5932 0.7113842
2336.76    -537.2122 -609.5869 0.7113588
2336.77    -537.0605 -609.5806 0.7113321
2336.78    -536.9087 -609.5743 0.7113042
2336.79    -536.7569 -609.5681 0.7112753
2336.8    -536.605 -609.5618 0.7112452
2336.81    -536.4531 -609.5555 0.7112141
2336.82    -536.3012 -609.5493 0.7111819
2336.83    -536.1493 -609.543 0.7111489
2336.84    -535.9973 -609.5367 0.7111149
2336.85    -535.8453 -609.5304 0.7110801
2336.86    -535.6932 -609.5241 0.7110444
2336.87    -535.5412 -609.5178 0.7110087
2336.88    -535.3891 -609.5115 0.710973
2336.89    -535.237 -609.5052 0.7109372
2336.9    -535.0848 -609.499 0.7109013
2336.91    -534.9326 -609.4927 0.7108654
2336.92    -534.7804 -609.4864 0.7108296
2336.93    -534.6282 -609.4801 0.7107987
2336.94    -534.4759 -609.4739 0.7107727
2336.95    -534.3236 -609.4676 0.7107513
2336.96    -534.1713 -609.4613 0.7107343
2336.97    -534.0189 -609.455 0.7107214
2336.98    -533.8665 -609.4488 0.7107126
2336.99    -533.714 -609.4426 0.7107115
2337    -533.5615 -609.4363 0.7107178
2337.01    -533.409 -609.4301 0.710731
2337.02    -533.2565 -609.4239 0.7107515
2337.03    -533.1039 -609.4177 0.7107788
2337.04    -532.9514 -609.4115 0.7108127
2337.05    -532.7988 -609.4053 0.7108528
2337.06    -532.6461 -609.399 0.7108989
2337.07    -532.4934 -609.3928 0.7109507
2337.08    -532.3407 -609.3866 0.7110079
2337.09    -532.188 -609.3804 0.7110704
2337.1    -532.0352 -609.3742 0.7111377
2337.11    -531.8824 -609.368 0.71121
2337.12    -531.7296 -609.3618 0.7112866
2337.13    -531.5768 -609.3555 0.7113676
2337.14    -531.4239 -609.3494 0.7114526
2337.15    -531.271 -609.3432 0.7115416
2337.16    -531.118 -609.337 0.7116342
2337.17    -530.9651 -609.3309 0.7117304
2337.18    -530.8121 -609.3248 0.7118301
2337.19    -530.6591 -609.3186 0.7119329
2337.2    -530.506 -609.3124 0.7120388
2337.21    -530.353 -609.3063 0.7121477
2337.22    -530.1998 -609.3001 0.7122594
2337.23    -530.0467 -609.294 0.7123738
2337.24    -529.8936 -609.2878 0.7124907
2337.25    -529.7404 -609.2817 0.7126102
2337.26    -529.5871 -609.2755 0.7127319
2337.27    -529.4338 -609.2694 0.7128559
2337.28    -529.2806 -609.2633 0.7129821
2337.29    -529.1273 -609.2572 0.7131103
2337.3    -528.9739 -609.2511 0.7132405
2337.31    -528.8206 -609.2451 0.7133725
2337.32    -528.6672 -609.239 0.7135064
2337.33    -528.5138 -609.2328 0.7136419
2337.34    -528.3604 -609.2267 0.7137791
2337.35    -528.2068 -609.2206 0.7139178
2337.36    -528.0533 -609.2145 0.714058
2337.37    -527.8998 -609.2084 0.7141997
2337.38    -527.7463 -609.2023 0.7143427
2337.39    -527.5927 -609.1962 0.714487
2337.4    -527.4391 -609.1901 0.7146325
2337.41    -527.2855 -609.184 0.7147791
2337.42    -527.1318 -609.178 0.714927
2337.43    -526.9781 -609.1719 0.7150759
2337.44    -526.8243 -609.1659 0.7152258
2337.45    -526.6706 -609.1599 0.7153767
2337.46    -526.5168 -609.1538 0.7155285
2337.47    -526.363 -609.1478 0.7156813
2337.48    -526.2091 -609.1417 0.7158349
2337.49    -526.0552 -609.1357 0.7159893
2337.5    -525.9014 -609.1296 0.7161444
2337.51    -525.7474 -609.1236 0.7163004
2337.52    -525.5935 -609.1176 0.7164569
2337.53    -525.4396 -609.1115 0.7166143
2337.54    -525.2856 -609.1055 0.7167723
2337.55    -525.1316 -609.0994 0.7169308
2337.56    -524.9775 -609.0934 0.71709
2337.57    -524.8235 -609.0873 0.7172496
2337.58    -524.6694 -609.0813 0.7174098
2337.59    -524.5153 -609.0753 0.7175705
2337.6    -524.3611 -609.0693 0.7177317
2337.61    -524.2069 -609.0633 0.7178934
2337.62    -524.0527 -609.0573 0.7180554
2337.63    -523.8985 -609.0513 0.718218
2337.64    -523.7443 -609.0453 0.7183809
2337.65    -523.59 -609.0394 0.7185442
2337.66    -523.4357 -609.0334 0.7187079
2337.67    -523.2813 -609.0274 0.7188718
2337.68    -523.127 -609.0214 0.7190357
2337.69    -522.9726 -609.0155 0.7191996
2337.7    -522.8182 -609.0095 0.7193634
2337.71    -522.6638 -609.0035 0.7195271
2337.72    -522.5093 -608.9976 0.7196894
2337.73    -522.3549 -608.9916 0.7198504
2337.74    -522.2004 -608.9856 0.7200099
2337.75    -522.046 -608.9796 0.7201682
2337.76    -521.8914 -608.9736 0.7203254
2337.77    -521.7369 -608.9677 0.7204798
2337.78    -521.5823 -608.9617 0.7206318
2337.79    -521.4277 -608.9557 0.7207814
2337.8    -521.2731 -608.9497 0.720929
2337.81    -521.1185 -608.9437 0.7210743
2337.82    -520.9639 -608.9377 0.7212151
2337.83    -520.8092 -608.9318 0.7213516
2337.84    -520.6545 -608.9258 0.7214841
2337.85    -520.4998 -608.9198 0.7216127
2337.86    -520.3451 -608.9138 0.7217376
2337.87    -520.1904 -608.9078 0.7218562
2337.88    -520.0356 -608.9019 0.7219688
2337.89    -519.8808 -608.8959 0.7220757
2337.9    -519.726 -608.8899 0.7221772
2337.91    -519.5712 -608.8839 0.7222735
2337.92    -519.4163 -608.8779 0.7223647
2337.93    -519.2615 -608.8719 0.72245
2337.94    -519.1066 -608.866 0.7225294
2337.95    -518.9517 -608.86 0.7226032
2337.96    -518.7967 -608.854 0.7226717
2337.97    -518.6417 -608.848 0.7227353
2337.98    -518.4868 -608.842 0.7227941
2337.99    -518.3318 -608.8361 0.7228481
2338    -518.1768 -608.8301 0.7228978
2338.01    -518.0217 -608.8241 0.7229433
2338.02    -517.8666 -608.8181 0.7229848
2338.03    -517.7116 -608.8121 0.7230225
2338.04    -517.5565 -608.8062 0.7230565
2338.05    -517.4014 -608.8002 0.7230871
2338.06    -517.2463 -608.7942 0.7231143
2338.07    -517.0911 -608.7882 0.7231383
2338.08    -516.936 -608.7822 0.7231594
2338.09    -516.7808 -608.7762 0.7231776
2338.1    -516.6256 -608.7703 0.723193
2338.11    -516.4704 -608.7643 0.7232058
2338.12    -516.3152 -608.7583 0.723216
2338.13    -516.1599 -608.7523 0.7232239
2338.14    -516.0046 -608.7463 0.7232295
2338.15    -515.8493 -608.7404 0.7232329
2338.16    -515.694 -608.7344 0.7232342
2338.17    -515.5386 -608.7284 0.7232333
2338.18    -515.3833 -608.7224 0.7232302
2338.19    -515.2279 -608.7164 0.723225
2338.2    -515.0725 -608.7104 0.7232179
2338.21    -514.9171 -608.7045 0.723209
2338.22    -514.7617 -608.6985 0.7231966
2338.23    -514.6062 -608.6925 0.7231811
2338.24    -514.4507 -608.6865 0.7231627
2338.25    -514.2952 -608.6805 0.7231412
2338.26    -514.1397 -608.6746 0.723117
2338.27    -513.9842 -608.6685 0.7230867
2338.28    -513.8287 -608.6625 0.7230506
2338.29    -513.6731 -608.6566 0.7230089
2338.3    -513.5175 -608.6506 0.7229618
2338.31    -513.3619 -608.6446 0.7229098
2338.32    -513.2062 -608.6386 0.722848
2338.33    -513.0506 -608.6326 0.722777
2338.34    -512.8949 -608.6266 0.7226972
2338.35    -512.7392 -608.6207 0.722609
2338.36    -512.5835 -608.6147 0.7225127
2338.37    -512.4278 -608.6087 0.7224039
2338.38    -512.272 -608.6027 0.7222831
2338.39    -512.1163 -608.5967 0.7221509
2338.4    -511.9604 -608.5908 0.7220078
2338.41    -511.8046 -608.5848 0.7218541
2338.42    -511.6488 -608.5788 0.7216871
2338.43    -511.493 -608.5728 0.7215073
2338.44    -511.3371 -608.5668 0.7213153
2338.45    -511.1812 -608.5609 0.7211116
2338.46    -511.0253 -608.5549 0.7208968
2338.47    -510.8694 -608.5489 0.7206705
2338.48    -510.7134 -608.5429 0.7204334
2338.49    -510.5575 -608.5369 0.7201859
2338.5    -510.4015 -608.5309 0.7199284
2338.51    -510.2455 -608.525 0.7196613
2338.52    -510.0895 -608.519 0.7193851
2338.53    -509.9334 -608.513 0.7191003
2338.54    -509.7774 -608.507 0.7188072
2338.55    -509.6213 -608.501 0.718506
2338.56    -509.4652 -608.4951 0.7181972
2338.57    -509.3091 -608.4891 0.7178812
2338.58    -509.1529 -608.4831 0.7175586
2338.59    -508.9968 -608.4772 0.7172296
2338.6    -508.8406 -608.4712 0.7168946
2338.61    -508.6844 -608.4652 0.7165537
2338.62    -508.5282 -608.4593 0.7162081
2338.63    -508.3719 -608.4534 0.7158578
2338.64    -508.2157 -608.4474 0.7155029
2338.65    -508.0594 -608.4415 0.7151439
2338.66    -507.9031 -608.4356 0.7147807
2338.67    -507.7468 -608.4297 0.7144146
2338.68    -507.5905 -608.4238 0.7140457
2338.69    -507.4341 -608.4178 0.7136741
2338.7    -507.2778 -608.4119 0.7132999
2338.71    -507.1214 -608.406 0.7129233
2338.72    -506.965 -608.4001 0.7125455
2338.73    -506.8085 -608.3942 0.7121665
2338.74    -506.6521 -608.3883 0.7117862
2338.75    -506.4956 -608.3824 0.7114049
2338.76    -506.3391 -608.3765 0.7110225
2338.77    -506.1826 -608.3707 0.7106402
2338.78    -506.0261 -608.3648 0.7102578
2338.79    -505.8696 -608.359 0.7098752
2338.8    -505.713 -608.3531 0.7094929
2338.81    -505.5564 -608.3473 0.7091103
2338.82    -505.3998 -608.3414 0.7087278
2338.83    -505.2432 -608.3356 0.7083453
2338.84    -505.0866 -608.3299 0.7079629
2338.85    -504.9299 -608.3241 0.7075805
2338.86    -504.7732 -608.3183 0.707198
2338.87    -504.6165 -608.3125 0.7068155
2338.88    -504.4598 -608.3068 0.706433
2338.89    -504.3031 -608.301 0.7060505
2338.9    -504.1463 -608.2952 0.7056679
2338.91    -503.9895 -608.2896 0.7052852
2338.92    -503.8328 -608.2838 0.7049024
2338.93    -503.676 -608.2781 0.7045196
2338.94    -503.5191 -608.2723 0.7041367
2338.95    -503.3623 -608.2667 0.7037536
2338.96    -503.2054 -608.261 0.7033705
2338.97    -503.0485 -608.2554 0.7029872
2338.98    -502.8916 -608.2498 0.7026039
2338.99    -502.7346 -608.2441 0.7022204
2339    -502.5777 -608.2385 0.7018369
2339.01    -502.4207 -608.2329 0.7014532
2339.02    -502.2637 -608.2273 0.7010694
2339.03    -502.1067 -608.2217 0.7006861
2339.04    -501.9496 -608.2162 0.7003033
2339.05    -501.7926 -608.2106 0.6999207
2339.06    -501.6355 -608.2051 0.6995386
2339.07    -501.4784 -608.1996 0.6991568
2339.08    -501.3213 -608.1941 0.6987764
2339.09    -501.1642 -608.1886 0.6983973
2339.1    -501.007 -608.1832 0.6980193
2339.11    -500.8499 -608.1777 0.6976426
2339.12    -500.6927 -608.1723 0.6972668
2339.13    -500.5355 -608.1669 0.6968935
2339.14    -500.3782 -608.1614 0.6965224
2339.15    -500.221 -608.1561 0.6961534
2339.16    -500.0637 -608.1507 0.6957864
2339.17    -499.9064 -608.1453 0.6954214
2339.18    -499.7491 -608.14 0.6950603
2339.19    -499.5917 -608.1347 0.694703
2339.2    -499.4344 -608.1295 0.6943493
2339.21    -499.277 -608.1241 0.6939991
2339.22    -499.1196 -608.1189 0.6936519
2339.23    -498.9622 -608.1137 0.6933102
2339.24    -498.8048 -608.1085 0.6929736
2339.25    -498.6474 -608.1033 0.6926417
2339.26    -498.4899 -608.0981 0.6923144
2339.27    -498.3324 -608.093 0.6919916
2339.28    -498.1749 -608.0879 0.6916756
2339.29    -498.0174 -608.0828 0.6913663
2339.3    -497.8598 -608.0777 0.6910633
2339.31    -497.7023 -608.0726 0.6907663
2339.32    -497.5447 -608.0676 0.6904749
2339.33    -497.3871 -608.0626 0.6901907
2339.34    -497.2295 -608.0576 0.6899132
2339.35    -497.0718 -608.0527 0.6896423
2339.36    -496.9142 -608.0477 0.6893775
2339.37    -496.7565 -608.0428 0.6891193
2339.38    -496.5988 -608.038 0.6888671
2339.39    -496.4411 -608.0331 0.6886208
2339.4    -496.2834 -608.0283 0.6883801
2339.41    -496.1256 -608.0236 0.6881447
2339.42    -495.9678 -608.0187 0.6879144
2339.43    -495.8101 -608.014 0.6876887
2339.44    -495.6523 -608.0093 0.6874677
2339.45    -495.4944 -608.0046 0.687251
2339.46    -495.3365 -607.9999 0.6870384
2339.47    -495.1786 -607.9954 0.6868297
2339.48    -495.0208 -607.9907 0.6866248
2339.49    -494.8629 -607.9862 0.6864234
2339.5    -494.705 -607.9816 0.6862252
2339.51    -494.547 -607.9772 0.6860303
2339.52    -494.389 -607.9727 0.6858385
2339.53    -494.231 -607.9682 0.6856495
2339.54    -494.073 -607.9637 0.6854632
2339.55    -493.915 -607.9594 0.6852796
2339.56    -493.7569 -607.955 0.6850985
2339.57    -493.5988 -607.9506 0.6849198
2339.58    -493.4408 -607.9464 0.6847433
2339.59    -493.2827 -607.942 0.684569
2339.6    -493.1245 -607.9378 0.6843967
2339.61    -492.9664 -607.9335 0.6842263
2339.62    -492.8082 -607.9294 0.6840586
2339.63    -492.6501 -607.9252 0.6838934
2339.64    -492.4919 -607.9211 0.6837304
2339.65    -492.3336 -607.9169 0.6835697
2339.66    -492.1754 -607.9129 0.6834112
2339.67    -492.0171 -607.9089 0.6832561
2339.68    -491.8589 -607.9049 0.6831044
2339.69    -491.7006 -607.901 0.6829559
2339.7    -491.5422 -607.897 0.6828103
2339.71    -491.3839 -607.8932 0.6826676
2339.72    -491.2256 -607.8893 0.6825303
2339.73    -491.0672 -607.8855 0.6823981
2339.74    -490.9088 -607.8817 0.6822705
2339.75    -490.7504 -607.8779 0.6821476
2339.76    -490.5919 -607.8742 0.6820291
2339.77    -490.4335 -607.8705 0.6819175
2339.78    -490.2751 -607.8668 0.6818126
2339.79    -490.1166 -607.8632 0.6817141
2339.8    -489.9581 -607.8596 0.6816217
2339.81    -489.7995 -607.856 0.6815351
2339.82    -489.641 -607.8524 0.6814573
2339.83    -489.4825 -607.8489 0.6813879
2339.84    -489.3239 -607.8455 0.6813266
2339.85    -489.1653 -607.842 0.6812729
2339.86    -489.0067 -607.8386 0.6812264
2339.87    -488.848 -607.8352 0.6811904
2339.88    -488.6894 -607.8319 0.6811641
2339.89    -488.5307 -607.8286 0.6811471
2339.9    -488.372 -607.8253 0.6811389
2339.91    -488.2133 -607.822 0.6811393
2339.92    -488.0546 -607.8188 0.6811478
2339.93    -487.8959 -607.8156 0.6811666
2339.94    -487.7371 -607.8125 0.6811952
2339.95    -487.5783 -607.8093 0.6812333
2339.96    -487.4196 -607.8063 0.6812803
2339.97    -487.2607 -607.8032 0.6813359
2339.98    -487.1019 -607.8002 0.6814002
2339.99    -486.9431 -607.7971 0.6814728
2340    -486.7843 -607.7942 0.6815534
2340.01    -486.6254 -607.7912 0.6816415
2340.02    -486.4665 -607.7883 0.6817369
2340.03    -486.3076 -607.7854 0.6818392
2340.04    -486.1487 -607.7825 0.681948
2340.05    -485.9898 -607.7797 0.6820631
2340.06    -485.8308 -607.7769 0.6821842
2340.07    -485.6718 -607.7742 0.6823111
2340.08    -485.5129 -607.7714 0.6824434
2340.09    -485.3539 -607.7687 0.682581
2340.1    -485.1949 -607.7661 0.6827236
2340.11    -485.0359 -607.7634 0.682871
2340.12    -484.8768 -607.7608 0.6830232
2340.13    -484.7178 -607.7582 0.6831797
2340.14    -484.5587 -607.7557 0.6833405
2340.15    -484.3997 -607.7531 0.6835054
2340.16    -484.2406 -607.7507 0.6836743
2340.17    -484.0815 -607.7482 0.6838469
2340.18    -483.9224 -607.7457 0.6840232
2340.19    -483.7632 -607.7433 0.6842028
2340.2    -483.6041 -607.741 0.684386
2340.21    -483.4449 -607.7386 0.6845722
2340.22    -483.2857 -607.7363 0.6847615
2340.23    -483.1265 -607.734 0.6849537
2340.24    -482.9673 -607.7318 0.6851488
2340.25    -482.8081 -607.7296 0.6853467
2340.26    -482.6488 -607.7274 0.6855469
2340.27    -482.4896 -607.7252 0.6857498
2340.28    -482.3303 -607.7231 0.685955
2340.29    -482.1711 -607.721 0.6861625
2340.3    -482.0117 -607.7189 0.6863722
2340.31    -481.8524 -607.7169 0.6865839
2340.32    -481.6931 -607.7149 0.6867977
2340.33    -481.5337 -607.7129 0.6870134
2340.34    -481.3744 -607.711 0.6872309
2340.35    -481.215 -607.709 0.6874501
2340.36    -481.0556 -607.7071 0.6876711
2340.37    -480.8962 -607.7053 0.6878936
2340.38    -480.7368 -607.7034 0.6881176
2340.39    -480.5773 -607.7015 0.6883431
2340.4    -480.4179 -607.6998 0.68857
2340.41    -480.2584 -607.698 0.6887982
2340.42    -480.0989 -607.6963 0.6890277
2340.43    -479.9394 -607.6946 0.6892584
2340.44    -479.7799 -607.6929 0.6894903
2340.45    -479.6204 -607.6912 0.6897233
2340.46    -479.4608 -607.6896 0.6899573
2340.47    -479.3013 -607.6879 0.6901923
2340.48    -479.1417 -607.6864 0.6904284
2340.49    -478.9821 -607.6848 0.6906652
2340.5    -478.8225 -607.6832 0.6909031
2340.51    -478.6629 -607.6818 0.6911417
2340.52    -478.5033 -607.6802 0.691381
2340.53    -478.3436 -607.6788 0.6916213
2340.54    -478.184 -607.6773 0.6918622
2340.55    -478.0243 -607.6759 0.6921037
2340.56    -477.8646 -607.6745 0.692346
2340.57    -477.7049 -607.6731 0.6925889
2340.58    -477.5452 -607.6718 0.6928323
2340.59    -477.3855 -607.6704 0.6930764
2340.6    -477.2257 -607.6691 0.6933209
2340.61    -477.0659 -607.6678 0.693566
2340.62    -476.9061 -607.6666 0.6938115
2340.63    -476.7463 -607.6653 0.6940565
2340.64    -476.5865 -607.6641 0.6943011
2340.65    -476.4267 -607.6629 0.6945451
2340.66    -476.2668 -607.6617 0.6947886
2340.67    -476.107 -607.6605 0.6950285
2340.68    -475.9471 -607.6594 0.6952648
2340.69    -475.7873 -607.6583 0.6954978
2340.7    -475.6273 -607.6572 0.6957275
2340.71    -475.4674 -607.6561 0.6959542
2340.72    -475.3075 -607.655 0.696178
2340.73    -475.1476 -607.654 0.6963943
2340.74    -474.9876 -607.653 0.6966034
2340.75    -474.8276 -607.6519 0.6968057
2340.76    -474.6676 -607.6509 0.6970015
2340.77    -474.5076 -607.65 0.6971911
2340.78    -474.3476 -607.649 0.6973702
2340.79    -474.1876 -607.6481 0.6975395
2340.8    -474.0275 -607.6472 0.6976992
2340.81    -473.8675 -607.6463 0.69785
2340.82    -473.7074 -607.6455 0.6979885
2340.83    -473.5473 -607.6447 0.6981153
2340.84    -473.3872 -607.6438 0.6982312
2340.85    -473.2271 -607.643 0.6983362
2340.86    -473.0669 -607.6422 0.6984311
2340.87    -472.9068 -607.6415 0.6985148
2340.88    -472.7466 -607.6407 0.6985877
2340.89    -472.5865 -607.64 0.6986502
2340.9    -472.4263 -607.6393 0.6987029
2340.91    -472.2661 -607.6385 0.6987462
2340.92    -472.1058 -607.6379 0.6987805
2340.93    -471.9456 -607.6373 0.6988065
2340.94    -471.7854 -607.6366 0.6988243
2340.95    -471.6251 -607.636 0.6988344
2340.96    -471.4648 -607.6354 0.698837
2340.97    -471.3045 -607.6348 0.6988327
2340.98    -471.1442 -607.6342 0.698822
2340.99    -470.9839 -607.6337 0.6988052
2341    -470.8235 -607.6331 0.6987824
2341.01    -470.6632 -607.6326 0.6987543
2341.02    -470.5028 -607.6321 0.6987207
2341.03    -470.3424 -607.6317 0.698683
2341.04    -470.182 -607.6312 0.698641
2341.05    -470.0216 -607.6307 0.6985952
2341.06    -469.8611 -607.6303 0.6985457
2341.07    -469.7007 -607.6299 0.6984934
2341.08    -469.5403 -607.6295 0.6984385
2341.09    -469.3798 -607.629 0.6983812
2341.1    -469.2193 -607.6287 0.6983214
2341.11    -469.0588 -607.6284 0.6982594
2341.12    -468.8983 -607.628 0.6981952
2341.13    -468.7377 -607.6276 0.6981301
2341.14    -468.5772 -607.6273 0.698064
2341.15    -468.4166 -607.627 0.6979972
2341.16    -468.256 -607.6268 0.6979294
2341.17    -468.0954 -607.6265 0.6978609
2341.18    -467.9348 -607.6262 0.6977929
2341.19    -467.7742 -607.626 0.6977254
2341.2    -467.6136 -607.6257 0.6976585
2341.21    -467.4529 -607.6255 0.697592
2341.22    -467.2923 -607.6254 0.6975276
2341.23    -467.1316 -607.6252 0.6974651
2341.24    -466.9709 -607.625 0.6974043
2341.25    -466.8102 -607.6248 0.6973453
2341.26    -466.6495 -607.6247 0.6972879
2341.27    -466.4888 -607.6246 0.6972332
2341.28    -466.3281 -607.6245 0.6971809
2341.29    -466.1673 -607.6244 0.697131
2341.3    -466.0065 -607.6243 0.6970834
2341.31    -465.8457 -607.6243 0.697038
2341.32    -465.6849 -607.6243 0.6969951
2341.33    -465.5241 -607.6242 0.6969548
2341.34    -465.3633 -607.6242 0.6969168
2341.35    -465.2025 -607.6242 0.6968812
2341.36    -465.0416 -607.6242 0.6968477
2341.37    -464.8807 -607.6243 0.6968163
2341.38    -464.7198 -607.6243 0.6967873
2341.39    -464.5589 -607.6243 0.6967604
2341.4    -464.398 -607.6244 0.6967357
2341.41    -464.237 -607.6245 0.6967129
2341.42    -464.076 -607.6245 0.696692
2341.43    -463.9151 -607.6247 0.6966736
2341.44    -463.7541 -607.6248 0.6966577
2341.45    -463.5931 -607.6249 0.696644
