2062.31    -647.2216 -614.2935 0.7091932
2062.32    -647.0837 -614.2873 0.7092071
2062.33    -646.9459 -614.2811 0.7092209
2062.34    -646.808 -614.2748 0.7092347
2062.35    -646.6702 -614.2686 0.7092466
2062.36    -646.5323 -614.2624 0.709257
2062.37    -646.3944 -614.2562 0.7092658
2062.38    -646.2565 -614.2499 0.7092732
2062.39    -646.1187 -614.2437 0.7092776
2062.4    -645.9809 -614.2375 0.7092792
2062.41    -645.8431 -614.2313 0.7092782
2062.42    -645.7053 -614.225 0.7092747
2062.43    -645.5674 -614.2188 0.7092688
2062.44    -645.4296 -614.2125 0.7092593
2062.45    -645.2917 -614.2062 0.7092463
2062.46    -645.1539 -614.1999 0.7092301
2062.47    -645.0161 -614.1936 0.7092108
2062.48    -644.8782 -614.1873 0.7091885
2062.49    -644.7404 -614.181 0.709163
2062.5    -644.6025 -614.1747 0.7091345
2062.51    -644.4646 -614.1685 0.709103
2062.52    -644.3267 -614.1622 0.7090688
2062.53    -644.1888 -614.1559 0.7090321
2062.54    -644.051 -614.1496 0.7089931
2062.55    -643.9131 -614.1433 0.7089522
2062.56    -643.7752 -614.137 0.7089093
2062.57    -643.6373 -614.1307 0.7088646
2062.58    -643.4993 -614.1245 0.7088182
2062.59    -643.3615 -614.1181 0.7087712
2062.6    -643.2235 -614.1118 0.7087237
2062.61    -643.0856 -614.1054 0.7086756
2062.62    -642.9476 -614.0991 0.7086269
2062.63    -642.8097 -614.0927 0.7085779
2062.64    -642.6718 -614.0863 0.7085296
2062.65    -642.5338 -614.08 0.708482
2062.66    -642.3958 -614.0736 0.7084351
2062.67    -642.2578 -614.0673 0.7083889
2062.68    -642.1198 -614.0609 0.7083433
2062.69    -641.9818 -614.0546 0.7082987
2062.7    -641.8438 -614.0482 0.7082551
2062.71    -641.7058 -614.0419 0.7082124
2062.72    -641.5677 -614.0355 0.7081705
2062.73    -641.4297 -614.0292 0.7081295
2062.74    -641.2916 -614.0228 0.7080885
2062.75    -641.1536 -614.0164 0.7080472
2062.76    -641.0155 -614.0099 0.708006
2062.77    -640.8774 -614.0035 0.7079646
2062.78    -640.7393 -613.9971 0.7079232
2062.79    -640.6012 -613.9907 0.7078817
2062.8    -640.4631 -613.9843 0.7078376
2062.81    -640.325 -613.9778 0.7077911
2062.82    -640.1869 -613.9714 0.7077422
2062.83    -640.0488 -613.965 0.7076911
2062.84    -639.9106 -613.9586 0.707636
2062.85    -639.7725 -613.9522 0.7075771
2062.86    -639.6344 -613.9458 0.7075146
2062.87    -639.4962 -613.9394 0.7074487
2062.88    -639.358 -613.933 0.7073795
2062.89    -639.2198 -613.9265 0.7073059
2062.9    -639.0817 -613.92 0.707228
2062.91    -638.9435 -613.9136 0.707146
2062.92    -638.8053 -613.9071 0.7070603
2062.93    -638.6671 -613.9006 0.7069709
2062.94    -638.5289 -613.8941 0.7068782
2062.95    -638.3906 -613.8876 0.7067823
2062.96    -638.2524 -613.8812 0.7066833
2062.97    -638.1141 -613.8747 0.7065816
2062.98    -637.9759 -613.8682 0.7064771
2062.99    -637.8376 -613.8618 0.7063713
2063    -637.6994 -613.8553 0.7062644
2063.01    -637.5611 -613.8488 0.7061563
2063.02    -637.4228 -613.8423 0.7060471
2063.03    -637.2845 -613.8358 0.7059368
2063.04    -637.1462 -613.8293 0.7058275
2063.05    -637.0079 -613.8228 0.705719
2063.06    -636.8696 -613.8162 0.7056112
2063.07    -636.7313 -613.8097 0.7055042
2063.08    -636.5929 -613.8032 0.705398
2063.09    -636.4546 -613.7966 0.7052943
2063.1    -636.3162 -613.79 0.7051931
2063.11    -636.1779 -613.7835 0.7050944
2063.12    -636.0395 -613.777 0.7049979
2063.13    -635.9011 -613.7704 0.7049035
2063.14    -635.7628 -613.7639 0.704813
2063.15    -635.6244 -613.7574 0.704726
2063.16    -635.486 -613.7509 0.7046427
2063.17    -635.3475 -613.7443 0.7045624
2063.18    -635.2091 -613.7377 0.7044852
2063.19    -635.0707 -613.7311 0.7044119
2063.2    -634.9323 -613.7245 0.7043422
2063.21    -634.7938 -613.718 0.7042758
2063.22    -634.6553 -613.7114 0.7042128
2063.23    -634.5168 -613.7047 0.7041528
2063.24    -634.3784 -613.6981 0.7040958
2063.25    -634.2399 -613.6915 0.7040415
2063.26    -634.1014 -613.6849 0.70399
2063.27    -633.9629 -613.6783 0.703941
2063.28    -633.8243 -613.6718 0.7038943
2063.29    -633.6858 -613.6652 0.70385
2063.3    -633.5473 -613.6586 0.7038076
2063.31    -633.4088 -613.652 0.7037671
2063.32    -633.2702 -613.6453 0.7037284
2063.33    -633.1317 -613.6387 0.7036914
2063.34    -632.9931 -613.632 0.7036558
2063.35    -632.8546 -613.6254 0.7036216
2063.36    -632.716 -613.6187 0.7035886
2063.37    -632.5774 -613.6121 0.7035568
2063.38    -632.4388 -613.6053 0.7035261
2063.39    -632.3002 -613.5987 0.7034966
2063.4    -632.1616 -613.592 0.7034679
2063.41    -632.0229 -613.5854 0.7034401
2063.42    -631.8843 -613.5787 0.7034132
2063.43    -631.7457 -613.5721 0.7033872
2063.44    -631.6071 -613.5654 0.703362
2063.45    -631.4685 -613.5588 0.7033376
2063.46    -631.3299 -613.5521 0.7033139
2063.47    -631.1913 -613.5453 0.7032909
2063.48    -631.0527 -613.5386 0.7032685
2063.49    -630.9141 -613.5319 0.7032472
2063.5    -630.7755 -613.5252 0.7032267
2063.51    -630.6368 -613.5185 0.7032072
2063.52    -630.4982 -613.5117 0.7031885
2063.53    -630.3596 -613.505 0.7031705
2063.54    -630.221 -613.4983 0.7031539
2063.55    -630.0824 -613.4916 0.7031388
2063.56    -629.9438 -613.4849 0.703125
2063.57    -629.8052 -613.4781 0.7031124
2063.58    -629.6666 -613.4714 0.7031011
2063.59    -629.528 -613.4647 0.703092
2063.6    -629.3893 -613.458 0.7030852
2063.61    -629.2507 -613.4512 0.7030804
2063.62    -629.1121 -613.4445 0.7030777
2063.63    -628.9735 -613.4377 0.7030768
2063.64    -628.8349 -613.4309 0.703079
2063.65    -628.6963 -613.4241 0.7030842
2063.66    -628.5577 -613.4174 0.7030922
2063.67    -628.4191 -613.4105 0.7031027
2063.68    -628.2805 -613.4037 0.7031171
2063.69    -628.1418 -613.397 0.703135
2063.7    -628.0032 -613.3902 0.7031562
2063.71    -627.8646 -613.3834 0.7031807
2063.72    -627.726 -613.3766 0.7032081
2063.73    -627.5874 -613.3699 0.7032387
2063.74    -627.4488 -613.3631 0.7032726
2063.75    -627.3102 -613.3563 0.7033098
2063.76    -627.1716 -613.3495 0.7033501
2063.77    -627.033 -613.3427 0.7033933
2063.78    -626.8943 -613.3358 0.7034395
2063.79    -626.7557 -613.329 0.7034883
2063.8    -626.6171 -613.3221 0.7035397
2063.81    -626.4785 -613.3152 0.7035936
2063.82    -626.3399 -613.3084 0.7036498
2063.83    -626.2013 -613.3016 0.7037082
2063.84    -626.0627 -613.2947 0.7037683
2063.85    -625.9242 -613.2879 0.7038298
2063.86    -625.7856 -613.2811 0.7038929
2063.87    -625.647 -613.2742 0.7039574
2063.88    -625.5084 -613.2674 0.7040234
2063.89    -625.3698 -613.2606 0.7040898
2063.9    -625.2313 -613.2537 0.7041567
2063.91    -625.0927 -613.2468 0.7042243
2063.92    -624.9542 -613.2399 0.7042922
2063.93    -624.8156 -613.233 0.7043607
2063.94    -624.677 -613.2261 0.7044284
2063.95    -624.5385 -613.2192 0.7044954
2063.96    -624.3999 -613.2123 0.7045617
2063.97    -624.2614 -613.2054 0.7046274
2063.98    -624.1228 -613.1985 0.7046925
2063.99    -623.9843 -613.1916 0.7047558
2064    -623.8457 -613.1847 0.7048175
2064.01    -623.7072 -613.1778 0.7048776
2064.02    -623.5686 -613.1709 0.7049361
2064.03    -623.4301 -613.164 0.7049934
2064.04    -623.2916 -613.1571 0.7050482
2064.05    -623.153 -613.1502 0.7051009
2064.06    -623.0145 -613.1433 0.7051515
2064.07    -622.8759 -613.1364 0.7052001
2064.08    -622.7374 -613.1294 0.7052469
2064.09    -622.5988 -613.1224 0.7052911
2064.1    -622.4603 -613.1155 0.7053329
2064.11    -622.3217 -613.1085 0.7053726
2064.12    -622.1832 -613.1015 0.7054101
2064.13    -622.0446 -613.0945 0.7054455
2064.14    -621.9061 -613.0876 0.7054785
2064.15    -621.7676 -613.0806 0.7055092
2064.16    -621.6292 -613.0737 0.7055377
2064.17    -621.4907 -613.0667 0.7055641
2064.18    -621.3522 -613.0598 0.7055885
2064.19    -621.2137 -613.0528 0.7056108
2064.2    -621.0752 -613.0458 0.7056311
2064.21    -620.9367 -613.0389 0.7056496
2064.22    -620.7982 -613.0319 0.7056664
2064.23    -620.6597 -613.025 0.7056814
2064.24    -620.5213 -613.0181 0.7056949
2064.25    -620.3829 -613.0112 0.7057069
2064.26    -620.2444 -613.0043 0.7057173
2064.27    -620.106 -612.9974 0.7057265
2064.28    -619.9676 -612.9905 0.7057343
2064.29    -619.8292 -612.9836 0.7057409
2064.3    -619.6907 -612.9767 0.7057463
2064.31    -619.5524 -612.9698 0.7057506
2064.32    -619.414 -612.9631 0.7057538
2064.33    -619.2756 -612.9562 0.7057559
2064.34    -619.1373 -612.9494 0.7057572
2064.35    -618.999 -612.9426 0.7057575
2064.36    -618.8607 -612.9358 0.7057569
2064.37    -618.7224 -612.929 0.7057555
2064.38    -618.5841 -612.9222 0.7057533
2064.39    -618.4459 -612.9155 0.7057503
2064.4    -618.3076 -612.9088 0.7057465
2064.41    -618.1694 -612.9021 0.7057419
2064.42    -618.0311 -612.8954 0.7057365
2064.43    -617.8929 -612.8887 0.7057306
2064.44    -617.7547 -612.882 0.7057235
2064.45    -617.6165 -612.8754 0.7057154
2064.46    -617.4783 -612.8688 0.7057063
2064.47    -617.3401 -612.8621 0.7056963
2064.48    -617.202 -612.8556 0.7056854
2064.49    -617.0639 -612.849 0.705673
2064.5    -616.9258 -612.8425 0.7056592
2064.51    -616.7877 -612.8359 0.7056441
2064.52    -616.6497 -612.8294 0.7056277
2064.53    -616.5116 -612.8229 0.7056101
2064.54    -616.3735 -612.8165 0.7055905
2064.55    -616.2355 -612.8101 0.7055692
2064.56    -616.0975 -612.8036 0.705546
2064.57    -615.9595 -612.7972 0.7055211
2064.58    -615.8215 -612.7908 0.7054947
2064.59    -615.6836 -612.7845 0.7054663
2064.6    -615.5457 -612.7782 0.7054361
2064.61    -615.4077 -612.7719 0.7054039
2064.62    -615.2698 -612.7656 0.7053701
2064.63    -615.1318 -612.7593 0.7053347
2064.64    -614.994 -612.7531 0.7052976
2064.65    -614.8561 -612.7469 0.7052591
2064.66    -614.7182 -612.7407 0.7052191
2064.67    -614.5803 -612.7346 0.7051778
2064.68    -614.4424 -612.7285 0.7051352
2064.69    -614.3046 -612.7224 0.7050914
2064.7    -614.1668 -612.7164 0.7050462
2064.71    -614.029 -612.7103 0.7050002
2064.72    -613.8912 -612.7043 0.704953
2064.73    -613.7534 -612.6984 0.7049049
2064.74    -613.6156 -612.6924 0.7048557
2064.75    -613.4778 -612.6865 0.7048058
2064.76    -613.3401 -612.6806 0.7047549
2064.77    -613.2024 -612.6747 0.7047032
2064.78    -613.0647 -612.6689 0.7046507
2064.79    -612.927 -612.6631 0.7045974
2064.8    -612.7894 -612.6573 0.7045435
2064.81    -612.6517 -612.6516 0.7044889
2064.82    -612.5141 -612.6458 0.7044336
2064.83    -612.3765 -612.6401 0.7043777
2064.84    -612.2389 -612.6345 0.7043213
2064.85    -612.1013 -612.6288 0.7042644
2064.86    -611.9637 -612.6233 0.7042071
2064.87    -611.8262 -612.6177 0.7041494
2064.88    -611.6886 -612.6122 0.7040913
2064.89    -611.5511 -612.6067 0.704033
2064.9    -611.4136 -612.6012 0.7039748
2064.91    -611.2761 -612.5958 0.7039165
2064.92    -611.1385 -612.5903 0.7038582
2064.93    -611.001 -612.585 0.7037998
2064.94    -610.8636 -612.5797 0.7037417
2064.95    -610.7261 -612.5743 0.703684
2064.96    -610.5887 -612.5691 0.7036267
2064.97    -610.4512 -612.5638 0.7035697
2064.98    -610.3138 -612.5587 0.7035131
2064.99    -610.1764 -612.5535 0.703457
2065    -610.039 -612.5483 0.7034015
2065.01    -609.9016 -612.5433 0.7033466
2065.02    -609.7643 -612.5381 0.7032922
2065.03    -609.627 -612.5331 0.7032382
2065.04    -609.4896 -612.5281 0.703185
2065.05    -609.3523 -612.5231 0.7031323
2065.06    -609.215 -612.5182 0.7030802
2065.07    -609.0778 -612.5132 0.7030287
2065.08    -608.9405 -612.5084 0.7029777
2065.09    -608.8033 -612.5035 0.7029271
2065.1    -608.6661 -612.4988 0.7028772
2065.11    -608.5289 -612.494 0.7028276
2065.12    -608.3917 -612.4893 0.7027785
2065.13    -608.2545 -612.4845 0.7027298
2065.14    -608.1173 -612.4799 0.7026814
2065.15    -607.9802 -612.4752 0.7026335
2065.16    -607.843 -612.4705 0.7025859
2065.17    -607.7059 -612.4659 0.7025387
2065.18    -607.5687 -612.4613 0.7024917
2065.19    -607.4316 -612.4567 0.7024451
2065.2    -607.2946 -612.4522 0.702399
2065.21    -607.1575 -612.4477 0.702353
2065.22    -607.0204 -612.4432 0.7023075
2065.23    -606.8833 -612.4388 0.7022622
2065.24    -606.7462 -612.4344 0.7022173
2065.25    -606.6092 -612.4299 0.7021729
2065.26    -606.4722 -612.4255 0.7021288
2065.27    -606.3351 -612.4212 0.7020852
2065.28    -606.1982 -612.4169 0.7020419
2065.29    -606.0612 -612.4125 0.7019992
2065.3    -605.9243 -612.4083 0.7019569
2065.31    -605.7873 -612.4041 0.7019152
2065.32    -605.6504 -612.3998 0.701874
2065.33    -605.5135 -612.3956 0.7018332
2065.34    -605.3766 -612.3914 0.7017936
2065.35    -605.2397 -612.3873 0.7017549
2065.36    -605.1028 -612.3832 0.7017173
2065.37    -604.9659 -612.379 0.7016807
2065.38    -604.829 -612.3749 0.701645
2065.39    -604.6921 -612.3709 0.7016108
2065.4    -604.5552 -612.3668 0.7015782
2065.41    -604.4183 -612.3628 0.7015471
2065.42    -604.2814 -612.3588 0.7015174
2065.43    -604.1445 -612.3548 0.701489
2065.44    -604.0076 -612.3508 0.7014633
2065.45    -603.8707 -612.3469 0.70144
2065.46    -603.7338 -612.343 0.7014192
2065.47    -603.5968 -612.3391 0.7014007
2065.48    -603.4598 -612.3351 0.7013844
2065.49    -603.3229 -612.3312 0.7013717
2065.5    -603.186 -612.3274 0.7013624
2065.51    -603.049 -612.3236 0.7013565
2065.52    -602.912 -612.3198 0.7013536
2065.53    -602.7751 -612.3159 0.7013538
2065.54    -602.6381 -612.3121 0.7013586
2065.55    -602.5012 -612.3083 0.7013678
2065.56    -602.3642 -612.3046 0.7013812
2065.57    -602.2272 -612.3008 0.7013986
2065.58    -602.0901 -612.2971 0.7014199
2065.59    -601.9531 -612.2934 0.7014463
2065.6    -601.8161 -612.2897 0.7014777
2065.61    -601.6791 -612.2859 0.7015138
2065.62    -601.5421 -612.2822 0.7015544
2065.63    -601.405 -612.2785 0.7015992
2065.64    -601.268 -612.2748 0.7016492
2065.65    -601.131 -612.2712 0.701704
2065.66    -600.9939 -612.2675 0.7017635
2065.67    -600.8568 -612.2639 0.7018273
2065.68    -600.7197 -612.2602 0.7018953
2065.69    -600.5826 -612.2565 0.7019677
2065.7    -600.4456 -612.2529 0.7020441
2065.71    -600.3085 -612.2493 0.7021246
2065.72    -600.1714 -612.2457 0.7022087
2065.73    -600.0342 -612.2421 0.7022964
2065.74    -599.8972 -612.2385 0.7023875
2065.75    -599.76 -612.2349 0.7024818
2065.76    -599.6229 -612.2313 0.7025792
2065.77    -599.4857 -612.2277 0.7026795
2065.78    -599.3486 -612.2241 0.7027826
2065.79    -599.2114 -612.2205 0.7028883
2065.8    -599.0743 -612.2169 0.7029964
2065.81    -598.9371 -612.2133 0.7031069
2065.82    -598.7999 -612.2097 0.7032197
2065.83    -598.6627 -612.2062 0.7033347
2065.84    -598.5255 -612.2026 0.7034516
2065.85    -598.3882 -612.1991 0.7035705
2065.86    -598.251 -612.1956 0.7036912
2065.87    -598.1138 -612.192 0.7038137
2065.88    -597.9765 -612.1884 0.703938
2065.89    -597.8392 -612.1849 0.7040638
2065.9    -597.702 -612.1813 0.7041911
2065.91    -597.5647 -612.1778 0.70432
2065.92    -597.4274 -612.1743 0.7044502
2065.93    -597.2901 -612.1707 0.7045817
2065.94    -597.1528 -612.1672 0.7047145
2065.95    -597.0155 -612.1636 0.7048485
2065.96    -596.8782 -612.16 0.7049837
2065.97    -596.7408 -612.1565 0.70512
2065.98    -596.6035 -612.153 0.7052573
2065.99    -596.4662 -612.1494 0.7053956
2066    -596.3289 -612.1459 0.7055349
2066.01    -596.1915 -612.1423 0.7056751
2066.02    -596.0541 -612.1388 0.7058161
2066.03    -595.9167 -612.1353 0.705958
2066.04    -595.7793 -612.1317 0.7061006
2066.05    -595.6419 -612.1281 0.7062441
2066.06    -595.5045 -612.1245 0.7063881
2066.07    -595.3671 -612.1209 0.7065328
2066.08    -595.2296 -612.1173 0.7066783
2066.09    -595.0922 -612.1137 0.7068241
2066.1    -594.9547 -612.1101 0.7069705
2066.11    -594.8173 -612.1064 0.7071172
2066.12    -594.6797 -612.1028 0.7072644
2066.13    -594.5422 -612.0992 0.7074119
2066.14    -594.4047 -612.0956 0.7075595
2066.15    -594.2672 -612.092 0.7077072
2066.16    -594.1297 -612.0884 0.7078549
2066.17    -593.9922 -612.0848 0.7080026
2066.18    -593.8546 -612.0812 0.7081504
2066.19    -593.7171 -612.0776 0.7082974
2066.2    -593.5795 -612.0739 0.7084437
2066.21    -593.442 -612.0703 0.7085892
2066.22    -593.3044 -612.0666 0.708734
2066.23    -593.1668 -612.0629 0.7088782
2066.24    -593.0292 -612.0592 0.7090205
2066.25    -592.8917 -612.0555 0.7091607
2066.26    -592.754 -612.0519 0.7092993
2066.27    -592.6164 -612.0482 0.7094361
2066.28    -592.4788 -612.0446 0.7095712
2066.29    -592.3411 -612.0408 0.709703
2066.3    -592.2035 -612.0371 0.7098318
2066.31    -592.0659 -612.0333 0.7099574
2066.32    -591.9282 -612.0296 0.7100803
2066.33    -591.7905 -612.0259 0.7102004
2066.34    -591.6528 -612.0222 0.7103161
2066.35    -591.5151 -612.0184 0.7104276
2066.36    -591.3774 -612.0147 0.7105352
2066.37    -591.2396 -612.0109 0.7106389
2066.38    -591.1019 -612.0071 0.710739
2066.39    -590.9641 -612.0034 0.7108342
2066.4    -590.8264 -611.9996 0.7109247
2066.41    -590.6886 -611.9958 0.7110106
2066.42    -590.5508 -611.992 0.7110924
2066.43    -590.413 -611.9882 0.71117
2066.44    -590.2753 -611.9844 0.7112426
2066.45    -590.1375 -611.9805 0.7113103
2066.46    -589.9996 -611.9767 0.7113734
2066.47    -589.8618 -611.9728 0.7114321
2066.48    -589.7239 -611.969 0.7114867
2066.49    -589.5862 -611.9651 0.7115366
2066.5    -589.4483 -611.9612 0.7115819
2066.51    -589.3104 -611.9574 0.7116231
2066.52    -589.1725 -611.9535 0.7116602
2066.53    -589.0347 -611.9496 0.7116932
2066.54    -588.8968 -611.9457 0.7117223
2066.55    -588.7589 -611.9418 0.7117475
2066.56    -588.621 -611.9378 0.7117692
2066.57    -588.483 -611.9339 0.7117876
2066.58    -588.3451 -611.93 0.7118028
2066.59    -588.2072 -611.926 0.7118147
2066.6    -588.0692 -611.9221 0.7118235
2066.61    -587.9312 -611.9181 0.7118295
2066.62    -587.7932 -611.9141 0.7118326
2066.63    -587.6552 -611.9101 0.7118331
2066.64    -587.5172 -611.9061 0.7118309
2066.65    -587.3792 -611.9022 0.711826
2066.66    -587.2411 -611.8981 0.7118186
2066.67    -587.1031 -611.8941 0.7118088
2066.68    -586.965 -611.89 0.7117968
2066.69    -586.827 -611.886 0.7117821
2066.7    -586.6888 -611.882 0.7117649
2066.71    -586.5507 -611.8779 0.7117453
2066.72    -586.4126 -611.8738 0.7117233
2066.73    -586.2744 -611.8698 0.7116992
2066.74    -586.1362 -611.8656 0.7116724
2066.75    -585.998 -611.8615 0.7116427
2066.76    -585.8598 -611.8574 0.7116106
2066.77    -585.7216 -611.8533 0.7115762
2066.78    -585.5833 -611.8492 0.7115393
2066.79    -585.4451 -611.845 0.7114998
2066.8    -585.3068 -611.8408 0.7114577
2066.81    -585.1685 -611.8367 0.7114132
2066.82    -585.0301 -611.8325 0.7113664
2066.83    -584.8917 -611.8284 0.7113173
2066.84    -584.7534 -611.8242 0.7112662
2066.85    -584.6149 -611.82 0.7112128
2066.86    -584.4765 -611.8157 0.7111575
2066.87    -584.3381 -611.8115 0.7111003
2066.88    -584.1996 -611.8073 0.7110413
2066.89    -584.0611 -611.8031 0.7109806
2066.9    -583.9226 -611.7989 0.7109182
2066.91    -583.7841 -611.7946 0.7108542
2066.92    -583.6455 -611.7903 0.7107887
2066.93    -583.5069 -611.786 0.7107217
2066.94    -583.3683 -611.7817 0.7106534
2066.95    -583.2297 -611.7775 0.7105837
2066.96    -583.091 -611.7732 0.7105129
2066.97    -582.9523 -611.7689 0.7104409
2066.98    -582.8136 -611.7645 0.7103679
2066.99    -582.6749 -611.7601 0.7102939
2067    -582.5361 -611.7558 0.7102191
2067.01    -582.3973 -611.7515 0.7101436
2067.02    -582.2585 -611.7471 0.7100673
2067.03    -582.1197 -611.7427 0.7099903
2067.04    -581.9809 -611.7382 0.709913
2067.05    -581.842 -611.7338 0.7098354
2067.06    -581.7032 -611.7294 0.7097576
2067.07    -581.5643 -611.725 0.7096794
2067.08    -581.4254 -611.7206 0.709601
2067.09    -581.2864 -611.7161 0.709523
2067.1    -581.1475 -611.7116 0.7094455
2067.11    -581.0085 -611.7072 0.7093682
2067.12    -580.8694 -611.7027 0.7092913
2067.13    -580.7304 -611.6982 0.7092147
2067.14    -580.5914 -611.6938 0.7091392
2067.15    -580.4523 -611.6893 0.7090649
2067.16    -580.3132 -611.6848 0.7089915
2067.17    -580.174 -611.6802 0.7089192
2067.18    -580.0349 -611.6757 0.7088478
2067.19    -579.8957 -611.6712 0.7087782
2067.2    -579.7565 -611.6667 0.7087103
2067.21    -579.6172 -611.6622 0.708644
2067.22    -579.478 -611.6577 0.7085794
2067.23    -579.3387 -611.6531 0.7085162
2067.24    -579.1994 -611.6486 0.708455
2067.25    -579.0601 -611.644 0.708396
2067.26    -578.9207 -611.6395 0.7083387
2067.27    -578.7813 -611.6349 0.7082834
2067.28    -578.6419 -611.6303 0.7082297
2067.29    -578.5025 -611.6257 0.7081779
2067.3    -578.363 -611.6211 0.7081279
2067.31    -578.2235 -611.6165 0.7080797
2067.32    -578.084 -611.6119 0.7080331
2067.33    -577.9444 -611.6074 0.7079882
2067.34    -577.8048 -611.6027 0.7079448
2067.35    -577.6652 -611.5981 0.707903
2067.36    -577.5256 -611.5934 0.7078626
2067.37    -577.3859 -611.5888 0.7078236
2067.38    -577.2462 -611.5842 0.707786
2067.39    -577.1065 -611.5795 0.7077499
2067.4    -576.9668 -611.5749 0.7077154
2067.41    -576.827 -611.5703 0.7076823
2067.42    -576.6873 -611.5656 0.7076506
2067.43    -576.5474 -611.561 0.7076202
2067.44    -576.4076 -611.5563 0.7075917
2067.45    -576.2678 -611.5516 0.7075648
2067.46    -576.1279 -611.5469 0.7075396
2067.47    -575.988 -611.5422 0.7075159
2067.48    -575.848 -611.5375 0.7074937
2067.49    -575.7081 -611.5328 0.7074736
2067.5    -575.5681 -611.5281 0.7074557
2067.51    -575.4281 -611.5234 0.7074397
2067.52    -575.2881 -611.5187 0.7074256
2067.53    -575.148 -611.514 0.7074133
2067.54    -575.0079 -611.5092 0.7074031
2067.55    -574.8679 -611.5045 0.7073951
2067.56    -574.7277 -611.4997 0.7073891
2067.57    -574.5876 -611.4949 0.7073851
2067.58    -574.4474 -611.4902 0.7073828
2067.59    -574.3072 -611.4854 0.7073828
2067.6    -574.167 -611.4807 0.707385
2067.61    -574.0267 -611.4759 0.7073892
2067.62    -573.8865 -611.4711 0.7073954
2067.63    -573.7462 -611.4664 0.7074034
2067.64    -573.6058 -611.4616 0.7074136
2067.65    -573.4655 -611.4568 0.7074257
2067.66    -573.3251 -611.4521 0.7074395
2067.67    -573.1848 -611.4473 0.7074552
2067.68    -573.0443 -611.4424 0.7074726
2067.69    -572.9039 -611.4376 0.7074915
2067.7    -572.7634 -611.4328 0.707512
2067.71    -572.6229 -611.428 0.707534
2067.72    -572.4824 -611.4232 0.7075574
2067.73    -572.3419 -611.4183 0.7075821
2067.74    -572.2013 -611.4135 0.707608
2067.75    -572.0607 -611.4087 0.7076352
2067.76    -571.9201 -611.4038 0.7076634
2067.77    -571.7795 -611.399 0.7076926
2067.78    -571.6388 -611.3942 0.7077228
2067.79    -571.4981 -611.3893 0.7077535
2067.8    -571.3574 -611.3845 0.7077848
2067.81    -571.2167 -611.3797 0.7078166
2067.82    -571.0759 -611.3748 0.7078488
2067.83    -570.9351 -611.3699 0.7078816
2067.84    -570.7943 -611.3651 0.7079141
2067.85    -570.6535 -611.3602 0.7079465
2067.86    -570.5126 -611.3553 0.7079787
2067.87    -570.3718 -611.3504 0.7080106
2067.88    -570.2308 -611.3455 0.7080426
2067.89    -570.0899 -611.3406 0.7080733
2067.9    -569.949 -611.3358 0.7081029
2067.91    -569.808 -611.3309 0.7081314
2067.92    -569.667 -611.326 0.7081589
2067.93    -569.5259 -611.3211 0.7081853
2067.94    -569.3849 -611.3162 0.7082101
2067.95    -569.2438 -611.3113 0.7082334
2067.96    -569.1027 -611.3065 0.7082552
2067.97    -568.9616 -611.3015 0.7082756
2067.98    -568.8205 -611.2965 0.7082934
2067.99    -568.6793 -611.2916 0.708309
2068    -568.5381 -611.2866 0.7083223
2068.01    -568.3969 -611.2817 0.7083335
2068.02    -568.2557 -611.2767 0.7083426
2068.03    -568.1144 -611.2718 0.7083498
2068.04    -567.9731 -611.2668 0.708354
2068.05    -567.8318 -611.2619 0.7083554
2068.06    -567.6904 -611.257 0.7083541
2068.07    -567.5491 -611.252 0.7083502
2068.08    -567.4077 -611.2471 0.708344
2068.09    -567.2663 -611.2421 0.7083344
2068.1    -567.1249 -611.2372 0.708322
2068.11    -566.9835 -611.2322 0.7083066
2068.12    -566.842 -611.2273 0.7082883
2068.13    -566.7006 -611.2223 0.7082675
2068.14    -566.5591 -611.2173 0.7082435
2068.15    -566.4177 -611.2123 0.7082165
2068.16    -566.2762 -611.2073 0.7081867
2068.17    -566.1348 -611.2022 0.7081542
2068.18    -565.9933 -611.1972 0.7081192
2068.19    -565.8518 -611.1922 0.7080812
2068.2    -565.7103 -611.1872 0.7080408
2068.21    -565.5688 -611.1822 0.7079978
2068.22    -565.4273 -611.1772 0.7079524
2068.23    -565.2858 -611.1722 0.7079047
2068.24    -565.1442 -611.1672 0.7078547
2068.25    -565.0027 -611.1622 0.7078027
2068.26    -564.8611 -611.1572 0.7077484
2068.27    -564.7196 -611.1522 0.7076923
2068.28    -564.578 -611.1472 0.7076343
2068.29    -564.4365 -611.1422 0.7075744
2068.3    -564.2949 -611.1371 0.7075128
2068.31    -564.1533 -611.1321 0.7074495
2068.32    -564.0117 -611.1271 0.7073847
2068.33    -563.87 -611.122 0.7073182
2068.34    -563.7284 -611.1169 0.7072504
2068.35    -563.5867 -611.1119 0.7071811
2068.36    -563.4451 -611.1068 0.7071105
2068.37    -563.3034 -611.1017 0.7070385
2068.38    -563.1617 -611.0966 0.7069653
2068.39    -563.02 -611.0916 0.7068909
2068.4    -562.8783 -611.0865 0.7068154
2068.41    -562.7366 -611.0814 0.7067388
2068.42    -562.5948 -611.0764 0.7066612
2068.43    -562.4531 -611.0713 0.7065825
2068.44    -562.3113 -611.0662 0.7065029
2068.45    -562.1696 -611.0612 0.7064223
2068.46    -562.0278 -611.0561 0.7063409
2068.47    -561.886 -611.051 0.7062585
2068.48    -561.7441 -611.0458 0.7061754
2068.49    -561.6023 -611.0407 0.7060915
2068.5    -561.4604 -611.0356 0.7060069
2068.51    -561.3186 -611.0305 0.7059214
2068.52    -561.1767 -611.0253 0.7058354
2068.53    -561.0348 -611.0201 0.7057486
2068.54    -560.8929 -611.015 0.7056612
2068.55    -560.751 -611.0099 0.7055732
2068.56    -560.6091 -611.0048 0.7054846
2068.57    -560.4671 -610.9996 0.7053955
2068.58    -560.3251 -610.9944 0.7053058
2068.59    -560.1832 -610.9892 0.7052155
2068.6    -560.0412 -610.984 0.7051248
2068.61    -559.8992 -610.9788 0.7050335
2068.62    -559.7572 -610.9736 0.7049419
2068.63    -559.6152 -610.9684 0.7048497
2068.64    -559.4731 -610.9632 0.7047572
2068.65    -559.3311 -610.958 0.7046642
2068.66    -559.189 -610.9528 0.7045708
2068.67    -559.0469 -610.9476 0.7044771
2068.68    -558.9048 -610.9424 0.704383
2068.69    -558.7628 -610.9373 0.7042885
2068.7    -558.6207 -610.9321 0.7041937
2068.71    -558.4785 -610.9269 0.7040985
2068.72    -558.3364 -610.9216 0.7040032
2068.73    -558.1942 -610.9164 0.7039074
2068.74    -558.0521 -610.9113 0.7038115
2068.75    -557.9099 -610.9061 0.7037156
2068.76    -557.7676 -610.9009 0.7036194
2068.77    -557.6254 -610.8958 0.7035232
2068.78    -557.4832 -610.8906 0.7034269
2068.79    -557.3409 -610.8854 0.7033305
2068.8    -557.1986 -610.8803 0.7032343
2068.81    -557.0563 -610.8752 0.7031384
2068.82    -556.914 -610.8701 0.7030428
2068.83    -556.7717 -610.865 0.7029473
2068.84    -556.6293 -610.8599 0.7028524
2068.85    -556.487 -610.8549 0.702758
2068.86    -556.3447 -610.8498 0.702664
2068.87    -556.2023 -610.8447 0.7025704
2068.88    -556.0599 -610.8397 0.7024772
2068.89    -555.9175 -610.8347 0.7023849
2068.9    -555.7751 -610.8297 0.7022934
2068.91    -555.6326 -610.8247 0.7022025
2068.92    -555.4902 -610.8197 0.7021124
2068.93    -555.3477 -610.8148 0.702023
2068.94    -555.2053 -610.8098 0.7019345
2068.95    -555.0628 -610.8049 0.7018468
2068.96    -554.9203 -610.8 0.7017599
2068.97    -554.7778 -610.7951 0.7016738
2068.98    -554.6353 -610.7902 0.7015883
2068.99    -554.4927 -610.7854 0.7015037
2069    -554.3502 -610.7805 0.7014198
2069.01    -554.2076 -610.7758 0.7013366
2069.02    -554.065 -610.771 0.7012541
2069.03    -553.9224 -610.7662 0.7011724
2069.04    -553.7797 -610.7615 0.7010912
2069.05    -553.6371 -610.7567 0.7010107
2069.06    -553.4944 -610.7521 0.7009309
2069.07    -553.3518 -610.7474 0.7008516
2069.08    -553.2091 -610.7427 0.7007731
2069.09    -553.0664 -610.7382 0.7006952
2069.1    -552.9237 -610.7336 0.7006181
2069.11    -552.781 -610.729 0.7005417
2069.12    -552.6382 -610.7245 0.7004659
2069.13    -552.4955 -610.72 0.7003908
2069.14    -552.3527 -610.7156 0.7003169
2069.15    -552.21 -610.7111 0.7002441
2069.16    -552.0671 -610.7067 0.7001725
2069.17    -551.9243 -610.7023 0.7001019
2069.18    -551.7814 -610.698 0.7000322
2069.19    -551.6386 -610.6936 0.6999643
2069.2    -551.4958 -610.6893 0.6998982
2069.21    -551.3529 -610.6851 0.6998336
2069.22    -551.21 -610.6808 0.6997707
2069.23    -551.0671 -610.6766 0.6997092
2069.24    -550.9243 -610.6724 0.6996499
2069.25    -550.7813 -610.6683 0.6995925
2069.26    -550.6384 -610.6641 0.6995372
2069.27    -550.4954 -610.66 0.6994836
2069.28    -550.3524 -610.656 0.6994318
2069.29    -550.2095 -610.652 0.699382
2069.3    -550.0665 -610.6479 0.6993341
2069.31    -549.9235 -610.644 0.6992881
2069.32    -549.7805 -610.6401 0.6992437
2069.33    -549.6374 -610.6362 0.699201
2069.34    -549.4943 -610.6324 0.6991599
2069.35    -549.3513 -610.6286 0.6991204
2069.36    -549.2082 -610.6248 0.6990823
2069.37    -549.0651 -610.6211 0.6990457
2069.38    -548.9219 -610.6174 0.6990104
2069.39    -548.7788 -610.6137 0.6989765
2069.4    -548.6357 -610.6101 0.6989439
2069.41    -548.4925 -610.6064 0.6989125
2069.42    -548.3493 -610.6029 0.6988823
2069.43    -548.2061 -610.5994 0.6988533
2069.44    -548.0629 -610.5958 0.6988259
2069.45    -547.9197 -610.5923 0.6988001
2069.46    -547.7765 -610.5889 0.698776
2069.47    -547.6332 -610.5854 0.6987533
2069.48    -547.49 -610.582 0.698732
2069.49    -547.3467 -610.5787 0.6987137
2069.5    -547.2035 -610.5754 0.6986982
2069.51    -547.0602 -610.5721 0.6986854
2069.52    -546.917 -610.5688 0.6986752
2069.53    -546.7737 -610.5657 0.6986675
2069.54    -546.6305 -610.5624 0.6986645
2069.55    -546.4872 -610.5593 0.6986662
2069.56    -546.344 -610.5562 0.6986722
2069.57    -546.2007 -610.5531 0.6986825
2069.58    -546.0576 -610.55 0.6986967
2069.59    -545.9144 -610.547 0.6987173
2069.6    -545.7712 -610.5439 0.6987439
2069.61    -545.6281 -610.541 0.6987763
2069.62    -545.4849 -610.538 0.6988142
2069.63    -545.3418 -610.535 0.6988574
2069.64    -545.1987 -610.5322 0.6989073
2069.65    -545.0557 -610.5292 0.6989635
2069.66    -544.9126 -610.5264 0.6990257
2069.67    -544.7695 -610.5236 0.6990938
2069.68    -544.6265 -610.5208 0.6991674
2069.69    -544.4835 -610.518 0.6992468
2069.7    -544.3405 -610.5153 0.6993316
2069.71    -544.1974 -610.5126 0.6994217
2069.72    -544.0544 -610.5099 0.6995168
2069.73    -543.9114 -610.5072 0.6996166
2069.74    -543.7685 -610.5046 0.6997209
2069.75    -543.6255 -610.502 0.6998294
2069.76    -543.4826 -610.4995 0.6999418
2069.77    -543.3397 -610.4969 0.700058
2069.78    -543.1968 -610.4943 0.700178
2069.79    -543.0539 -610.4919 0.7003008
2069.8    -542.911 -610.4894 0.7004261
2069.81    -542.7682 -610.4869 0.7005541
2069.82    -542.6254 -610.4845 0.7006846
2069.83    -542.4825 -610.4821 0.7008174
2069.84    -542.3398 -610.4797 0.7009515
2069.85    -542.197 -610.4774 0.7010869
2069.86    -542.0543 -610.475 0.7012236
2069.87    -541.9115 -610.4727 0.7013613
2069.88    -541.7687 -610.4703 0.7015002
2069.89    -541.626 -610.4681 0.7016389
2069.9    -541.4833 -610.4658 0.7017775
2069.91    -541.3406 -610.4636 0.7019159
2069.92    -541.1979 -610.4613 0.7020542
2069.93    -541.0552 -610.4591 0.7021924
2069.94    -540.9126 -610.4569 0.7023297
2069.95    -540.77 -610.4547 0.7024661
2069.96    -540.6273 -610.4525 0.7026017
2069.97    -540.4847 -610.4504 0.7027365
2069.98    -540.3422 -610.4482 0.7028705
2069.99    -540.1996 -610.4462 0.7030028
2070    -540.0571 -610.444 0.7031333
2070.01    -539.9146 -610.4419 0.7032622
2070.02    -539.772 -610.4398 0.7033896
2070.03    -539.6295 -610.4377 0.7035156
2070.04    -539.4871 -610.4357 0.7036396
2070.05    -539.3446 -610.4336 0.7037619
2070.06    -539.2021 -610.4315 0.7038824
2070.07    -539.0597 -610.4295 0.7040012
2070.08    -538.9172 -610.4275 0.7041184
2070.09    -538.7748 -610.4255 0.7042342
2070.1    -538.6324 -610.4235 0.7043483
2070.11    -538.4901 -610.4214 0.704461
2070.12    -538.3477 -610.4194 0.7045723
2070.13    -538.2053 -610.4175 0.7046822
2070.14    -538.063 -610.4155 0.7047907
2070.15    -537.9207 -610.4136 0.7048981
2070.16    -537.7784 -610.4116 0.7050042
2070.17    -537.6361 -610.4097 0.7051092
2070.18    -537.4938 -610.4077 0.7052132
2070.19    -537.3516 -610.4058 0.7053159
2070.2    -537.2094 -610.4038 0.7054178
2070.21    -537.0672 -610.4019 0.7055187
2070.22    -536.925 -610.3999 0.7056187
2070.23    -536.7828 -610.398 0.7057177
2070.24    -536.6406 -610.3961 0.705816
2070.25    -536.4984 -610.3942 0.7059132
2070.26    -536.3563 -610.3923 0.7060097
2070.27    -536.2141 -610.3904 0.7061054
2070.28    -536.072 -610.3885 0.7062001
2070.29    -535.9299 -610.3866 0.7062941
2070.3    -535.7878 -610.3847 0.706387
2070.31    -535.6457 -610.3828 0.7064791
2070.32    -535.5037 -610.3809 0.7065703
2070.33    -535.3616 -610.379 0.7066607
2070.34    -535.2196 -610.3771 0.7067499
2070.35    -535.0776 -610.3752 0.706838
2070.36    -534.9357 -610.3733 0.7069249
2070.37    -534.7937 -610.3714 0.7070107
2070.38    -534.6517 -610.3695 0.7070956
2070.39    -534.5098 -610.3676 0.707179
2070.4    -534.3679 -610.3657 0.7072609
2070.41    -534.226 -610.3638 0.7073416
2070.42    -534.0841 -610.3619 0.7074209
2070.43    -533.9422 -610.3599 0.7074991
2070.44    -533.8004 -610.358 0.7075756
2070.45    -533.6585 -610.356 0.7076504
2070.46    -533.5167 -610.354 0.7077236
2070.47    -533.3748 -610.3521 0.7077953
2070.48    -533.233 -610.3501 0.7078655
2070.49    -533.0912 -610.3481 0.7079342
2070.5    -532.9495 -610.3461 0.7080014
2070.51    -532.8077 -610.3442 0.7080672
2070.52    -532.666 -610.3422 0.7081316
2070.53    -532.5243 -610.3403 0.7081947
2070.54    -532.3826 -610.3383 0.7082567
2070.55    -532.241 -610.3362 0.7083175
2070.56    -532.0993 -610.3342 0.7083772
2070.57    -531.9576 -610.3322 0.708436
2070.58    -531.816 -610.3302 0.7084938
2070.59    -531.6744 -610.3281 0.7085513
2070.6    -531.5328 -610.3261 0.7086084
2070.61    -531.3912 -610.3241 0.7086654
2070.62    -531.2496 -610.3221 0.7087221
2070.63    -531.108 -610.3199 0.7087784
2070.64    -530.9664 -610.3179 0.7088358
2070.65    -530.8249 -610.3158 0.708894
2070.66    -530.6833 -610.3137 0.7089532
2070.67    -530.5419 -610.3116 0.7090132
2070.68    -530.4004 -610.3095 0.709074
2070.69    -530.2589 -610.3074 0.7091369
2070.7    -530.1175 -610.3052 0.7092017
2070.71    -529.9761 -610.3031 0.7092685
2070.72    -529.8347 -610.3009 0.7093371
2070.73    -529.6932 -610.2988 0.7094074
2070.74    -529.5519 -610.2966 0.7094803
2070.75    -529.4105 -610.2944 0.7095556
2070.76    -529.2692 -610.2922 0.7096332
2070.77    -529.1278 -610.29 0.709713
2070.78    -528.9865 -610.2878 0.709795
2070.79    -528.8452 -610.2856 0.7098791
2070.8    -528.7039 -610.2833 0.7099652
2070.81    -528.5626 -610.2811 0.7100533
2070.82    -528.4213 -610.2788 0.7101431
2070.83    -528.2801 -610.2766 0.7102348
2070.84    -528.1389 -610.2742 0.7103277
2070.85    -527.9977 -610.2719 0.7104219
2070.86    -527.8565 -610.2696 0.7105172
2070.87    -527.7153 -610.2673 0.7106136
2070.88    -527.5742 -610.2649 0.7107111
2070.89    -527.433 -610.2626 0.7108084
2070.9    -527.2919 -610.2602 0.7109055
2070.91    -527.1508 -610.2578 0.7110024
2070.92    -527.0097 -610.2554 0.7110992
2070.93    -526.8686 -610.2529 0.7111958
2070.94    -526.7275 -610.2505 0.7112907
2070.95    -526.5864 -610.248 0.7113839
2070.96    -526.4453 -610.2455 0.7114756
2070.97    -526.3041 -610.243 0.7115658
2070.98    -526.163 -610.2405 0.7116545
2070.99    -526.0219 -610.238 0.7117397
2071    -525.8808 -610.2355 0.7118217
2071.01    -525.7397 -610.2328 0.7119005
2071.02    -525.5986 -610.2303 0.7119765
2071.03    -525.4575 -610.2277 0.7120495
2071.04    -525.3163 -610.225 0.7121178
2071.05    -525.1752 -610.2224 0.7121816
2071.06    -525.0341 -610.2197 0.7122412
2071.07    -524.8929 -610.217 0.7122966
2071.08    -524.7517 -610.2144 0.712348
2071.09    -524.6105 -610.2116 0.712394
2071.1    -524.4694 -610.2089 0.7124346
2071.11    -524.3281 -610.2061 0.7124702
2071.12    -524.1869 -610.2033 0.712501
2071.13    -524.0457 -610.2004 0.7125271
2071.14    -523.9044 -610.1976 0.7125478
2071.15    -523.7631 -610.1948 0.7125633
2071.16    -523.6218 -610.1918 0.7125737
2071.17    -523.4805 -610.189 0.7125794
2071.18    -523.3392 -610.186 0.7125805
2071.19    -523.1979 -610.183 0.712577
2071.2    -523.0565 -610.18 0.7125692
2071.21    -522.9152 -610.177 0.7125571
2071.22    -522.7738 -610.1739 0.712541
2071.23    -522.6324 -610.1708 0.712521
2071.24    -522.491 -610.1677 0.7124975
2071.25    -522.3496 -610.1646 0.7124706
2071.26    -522.2082 -610.1614 0.7124405
2071.27    -522.0668 -610.1582 0.7124072
2071.28    -521.9253 -610.155 0.7123708
2071.29    -521.7838 -610.1517 0.7123319
2071.3    -521.6423 -610.1485 0.7122906
2071.31    -521.5009 -610.1451 0.712247
2071.32    -521.3593 -610.1418 0.7122011
2071.33    -521.2178 -610.1384 0.712153
2071.34    -521.0762 -610.135 0.7121031
2071.35    -520.9347 -610.1316 0.7120513
2071.36    -520.7932 -610.1281 0.7119979
2071.37    -520.6516 -610.1246 0.7119429
2071.38    -520.5099 -610.1211 0.7118861
2071.39    -520.3683 -610.1175 0.7118279
2071.4    -520.2267 -610.1139 0.7117681
2071.41    -520.0851 -610.1103 0.7117068
2071.42    -519.9434 -610.1066 0.7116441
2071.43    -519.8018 -610.103 0.7115802
2071.44    -519.6602 -610.0992 0.7115142
2071.45    -519.5184 -610.0955 0.7114465
2071.46    -519.3767 -610.0917 0.711377
2071.47    -519.235 -610.0879 0.7113059
2071.48    -519.0932 -610.084 0.7112331
2071.49    -518.9514 -610.0802 0.7111588
2071.5    -518.8096 -610.0763 0.711082
2071.51    -518.6678 -610.0724 0.7110026
2071.52    -518.526 -610.0684 0.7109209
2071.53    -518.3842 -610.0644 0.7108369
2071.54    -518.2423 -610.0604 0.7107504
2071.55    -518.1004 -610.0563 0.7106616
2071.56    -517.9585 -610.0522 0.7105705
2071.57    -517.8165 -610.0482 0.7104772
2071.58    -517.6746 -610.044 0.7103819
2071.59    -517.5326 -610.0399 0.7102847
2071.6    -517.3906 -610.0356 0.710186
2071.61    -517.2486 -610.0314 0.7100857
2071.62    -517.1066 -610.0272 0.7099839
2071.63    -516.9645 -610.0229 0.7098807
2071.64    -516.8224 -610.0186 0.7097772
2071.65    -516.6803 -610.0142 0.7096734
2071.66    -516.5381 -610.0098 0.7095695
2071.67    -516.396 -610.0054 0.7094654
2071.68    -516.2538 -610.001 0.7093611
2071.69    -516.1116 -609.9965 0.7092584
2071.7    -515.9694 -609.992 0.7091573
2071.71    -515.8271 -609.9875 0.7090576
2071.72    -515.6848 -609.9829 0.7089594
2071.73    -515.5424 -609.9783 0.7088625
2071.74    -515.4 -609.9737 0.7087669
2071.75    -515.2576 -609.9691 0.7086747
2071.76    -515.1152 -609.9644 0.7085859
2071.77    -514.9728 -609.9597 0.7085
2071.78    -514.8303 -609.955 0.7084173
2071.79    -514.6879 -609.9503 0.7083381
2071.8    -514.5453 -609.9455 0.7082626
2071.81    -514.4028 -609.9407 0.7081904
2071.82    -514.2603 -609.936 0.7081215
2071.83    -514.1177 -609.9311 0.7080557
2071.84    -513.9751 -609.9263 0.7079934
2071.85    -513.8325 -609.9214 0.7079343
2071.86    -513.6898 -609.9164 0.7078784
2071.87    -513.5471 -609.9116 0.7078254
2071.88    -513.4044 -609.9066 0.7077754
2071.89    -513.2616 -609.9017 0.7077281
2071.9    -513.1188 -609.8967 0.7076836
2071.91    -512.976 -609.8917 0.7076415
2071.92    -512.8332 -609.8867 0.707602
2071.93    -512.6903 -609.8817 0.7075648
2071.94    -512.5474 -609.8766 0.7075299
2071.95    -512.4045 -609.8715 0.7074973
2071.96    -512.2616 -609.8664 0.7074669
2071.97    -512.1186 -609.8613 0.7074386
2071.98    -511.9756 -609.8562 0.7074125
2071.99    -511.8326 -609.8511 0.7073887
2072    -511.6896 -609.8459 0.7073672
2072.01    -511.5465 -609.8408 0.7073479
2072.02    -511.4034 -609.8356 0.7073307
2072.03    -511.2602 -609.8304 0.7073156
2072.04    -511.117 -609.8253 0.7073028
2072.05    -510.9738 -609.8201 0.7072923
2072.06    -510.8306 -609.8148 0.707284
2072.07    -510.6873 -609.8096 0.7072778
2072.08    -510.544 -609.8043 0.7072736
2072.09    -510.4007 -609.7991 0.7072716
2072.1    -510.2574 -609.7938 0.7072719
2072.11    -510.114 -609.7885 0.7072744
2072.12    -509.9706 -609.7832 0.7072788
2072.13    -509.8271 -609.7779 0.7072852
2072.14    -509.6837 -609.7726 0.7072939
2072.15    -509.5402 -609.7673 0.7073047
2072.16    -509.3966 -609.762 0.7073175
2072.17    -509.2531 -609.7567 0.7073324
2072.18    -509.1094 -609.7513 0.7073491
2072.19    -508.9658 -609.7459 0.7073678
2072.2    -508.8222 -609.7405 0.7073886
2072.21    -508.6785 -609.7352 0.7074114
2072.22    -508.5347 -609.7298 0.707436
2072.23    -508.391 -609.7244 0.7074624
2072.24    -508.2472 -609.7191 0.7074909
2072.25    -508.1034 -609.7137 0.7075212
2072.26    -507.9595 -609.7083 0.7075533
2072.27    -507.8156 -609.7029 0.7075872
2072.28    -507.6717 -609.6976 0.7076229
2072.29    -507.5277 -609.6923 0.7076603
2072.3    -507.3838 -609.6869 0.7076992
2072.31    -507.2397 -609.6815 0.7077397
2072.32    -507.0957 -609.6761 0.7077817
2072.33    -506.9516 -609.6708 0.7078252
2072.34    -506.8075 -609.6655 0.7078701
2072.35    -506.6633 -609.6601 0.7079162
2072.36    -506.5191 -609.6547 0.7079637
2072.37    -506.3749 -609.6494 0.7080124
2072.38    -506.2307 -609.644 0.7080623
2072.39    -506.0864 -609.6387 0.7081134
2072.4    -505.942 -609.6333 0.7081654
2072.41    -505.7977 -609.6279 0.7082186
2072.42    -505.6533 -609.6226 0.7082728
2072.43    -505.5089 -609.6172 0.7083279
2072.44    -505.3644 -609.6119 0.7083839
2072.45    -505.2199 -609.6065 0.7084407
2072.46    -505.0754 -609.6011 0.7084984
2072.47    -504.9308 -609.5958 0.7085567
2072.48    -504.7863 -609.5905 0.7086158
2072.49    -504.6416 -609.5852 0.7086753
2072.5    -504.497 -609.5799 0.7087354
2072.51    -504.3523 -609.5746 0.7087958
2072.52    -504.2076 -609.5693 0.7088568
2072.53    -504.0628 -609.564 0.708918
2072.54    -503.918 -609.5587 0.7089792
2072.55    -503.7732 -609.5535 0.7090403
2072.56    -503.6283 -609.5482 0.7091014
2072.57    -503.4834 -609.543 0.7091623
2072.58    -503.3384 -609.5378 0.7092231
2072.59    -503.1935 -609.5325 0.7092831
2072.6    -503.0484 -609.5273 0.7093421
2072.61    -502.9034 -609.5221 0.7094004
2072.62    -502.7583 -609.5169 0.7094579
2072.63    -502.6132 -609.5117 0.7095146
2072.64    -502.468 -609.5065 0.7095696
2072.65    -502.3228 -609.5014 0.7096229
2072.66    -502.1776 -609.4962 0.7096746
2072.67    -502.0323 -609.491 0.7097248
2072.68    -501.887 -609.486 0.7097734
2072.69    -501.7417 -609.4808 0.7098198
2072.7    -501.5963 -609.4757 0.7098641
2072.71    -501.4509 -609.4706 0.7099062
2072.72    -501.3055 -609.4656 0.7099463
2072.73    -501.16 -609.4605 0.7099845
2072.74    -501.0145 -609.4555 0.7100201
2072.75    -500.869 -609.4504 0.7100533
2072.76    -500.7234 -609.4454 0.710084
2072.77    -500.5778 -609.4404 0.7101124
2072.78    -500.4321 -609.4354 0.7101386
2072.79    -500.2864 -609.4304 0.7101623
2072.8    -500.1407 -609.4255 0.7101836
2072.81    -499.995 -609.4205 0.7102026
2072.82    -499.8492 -609.4156 0.7102194
2072.83    -499.7033 -609.4107 0.7102339
2072.84    -499.5574 -609.4058 0.7102464
2072.85    -499.4116 -609.4008 0.7102569
2072.86    -499.2656 -609.396 0.7102653
2072.87    -499.1197 -609.3911 0.710272
2072.88    -498.9736 -609.3862 0.7102767
2072.89    -498.8276 -609.3813 0.7102796
2072.9    -498.6815 -609.3766 0.710281
2072.91    -498.5354 -609.3718 0.7102806
2072.92    -498.3893 -609.3669 0.7102787
2072.93    -498.2431 -609.3622 0.7102754
2072.94    -498.0969 -609.3574 0.7102705
2072.95    -497.9507 -609.3526 0.7102644
2072.96    -497.8044 -609.3478 0.7102569
2072.97    -497.6581 -609.3431 0.7102481
2072.98    -497.5117 -609.3384 0.7102381
2072.99    -497.3653 -609.3337 0.710227
2073    -497.2189 -609.329 0.7102146
2073.01    -497.0724 -609.3243 0.7102013
2073.02    -496.926 -609.3196 0.7101868
2073.03    -496.7794 -609.315 0.7101715
2073.04    -496.6329 -609.3104 0.7101551
2073.05    -496.4863 -609.3058 0.7101378
2073.06    -496.3397 -609.3011 0.7101196
2073.07    -496.193 -609.2966 0.7101006
2073.08    -496.0463 -609.292 0.7100807
2073.09    -495.8995 -609.2875 0.7100598
2073.1    -495.7528 -609.2829 0.7100378
2073.11    -495.606 -609.2783 0.7100148
2073.12    -495.4591 -609.2738 0.7099908
2073.13    -495.3122 -609.2693 0.7099658
2073.14    -495.1653 -609.2648 0.7099389
2073.15    -495.0184 -609.2603 0.7099101
2073.16    -494.8714 -609.2559 0.7098793
2073.17    -494.7244 -609.2514 0.7098469
2073.18    -494.5773 -609.247 0.7098127
2073.19    -494.4303 -609.2426 0.7097753
2073.2    -494.2831 -609.2382 0.7097347
2073.21    -494.136 -609.2338 0.7096912
2073.22    -493.9888 -609.2294 0.7096449
2073.23    -493.8416 -609.225 0.7095957
2073.24    -493.6943 -609.2206 0.7095426
2073.25    -493.547 -609.2163 0.7094856
2073.26    -493.3997 -609.212 0.7094249
2073.27    -493.2523 -609.2077 0.7093605
2073.28    -493.1049 -609.2034 0.7092929
2073.29    -492.9575 -609.1991 0.7092211
2073.3    -492.81 -609.1948 0.7091455
2073.31    -492.6625 -609.1906 0.709066
2073.32    -492.515 -609.1863 0.708983
2073.33    -492.3674 -609.1821 0.7088965
2073.34    -492.2198 -609.1779 0.7088066
2073.35    -492.0722 -609.1736 0.7087134
2073.36    -491.9245 -609.1694 0.7086168
2073.37    -491.7768 -609.1653 0.7085169
2073.38    -491.629 -609.1611 0.7084141
2073.39    -491.4813 -609.157 0.7083082
2073.4    -491.3335 -609.1528 0.7081994
2073.41    -491.1856 -609.1487 0.708088
2073.42    -491.0378 -609.1446 0.7079738
2073.43    -490.8898 -609.1405 0.7078571
2073.44    -490.7419 -609.1364 0.707738
2073.45    -490.5939 -609.1323 0.7076165
2073.46    -490.4459 -609.1282 0.7074927
2073.47    -490.2979 -609.1242 0.7073669
2073.48    -490.1498 -609.1202 0.7072389
2073.49    -490.0017 -609.1161 0.7071091
2073.5    -489.8535 -609.1121 0.7069775
2073.51    -489.7054 -609.1081 0.7068442
2073.52    -489.5571 -609.1041 0.7067093
2073.53    -489.4089 -609.1002 0.7065729
2073.54    -489.2606 -609.0962 0.7064357
2073.55    -489.1123 -609.0922 0.7062975
2073.56    -488.9639 -609.0883 0.7061585
2073.57    -488.8155 -609.0844 0.7060187
2073.58    -488.6671 -609.0804 0.7058781
2073.59    -488.5186 -609.0765 0.7057378
2073.6    -488.3701 -609.0726 0.7055978
2073.61    -488.2216 -609.0687 0.705458
2073.62    -488.073 -609.0649 0.7053184
2073.63    -487.9244 -609.0611 0.705179
2073.64    -487.7758 -609.0573 0.7050411
2073.65    -487.6271 -609.0534 0.7049044
2073.66    -487.4785 -609.0496 0.7047693
2073.67    -487.3297 -609.0458 0.7046352
2073.68    -487.1809 -609.0421 0.7045023
2073.69    -487.0322 -609.0383 0.7043721
2073.7    -486.8833 -609.0345 0.7042444
2073.71    -486.7345 -609.0307 0.7041189
2073.72    -486.5856 -609.027 0.7039958
2073.73    -486.4366 -609.0233 0.7038748
2073.74    -486.2877 -609.0196 0.7037572
2073.75    -486.1387 -609.0159 0.7036428
2073.76    -485.9896 -609.0121 0.7035315
2073.77    -485.8405 -609.0085 0.7034233
2073.78    -485.6914 -609.0048 0.7033178
2073.79    -485.5423 -609.0012 0.703216
2073.8    -485.3932 -608.9975 0.7031177
2073.81    -485.244 -608.9938 0.7030227
2073.82    -485.0947 -608.9902 0.7029309
2073.83    -484.9454 -608.9866 0.7028422
2073.84    -484.7961 -608.9829 0.7027568
2073.85    -484.6468 -608.9792 0.7026745
2073.86    -484.4975 -608.9756 0.7025953
2073.87    -484.3481 -608.972 0.7025189
2073.88    -484.1986 -608.9684 0.7024454
2073.89    -484.0492 -608.9648 0.7023746
2073.9    -483.8997 -608.9612 0.7023064
2073.91    -483.7501 -608.9576 0.7022408
2073.92    -483.6006 -608.954 0.7021775
2073.93    -483.4509 -608.9504 0.7021167
2073.94    -483.3013 -608.9469 0.7020583
2073.95    -483.1516 -608.9434 0.7020022
2073.96    -483.002 -608.9398 0.7019483
2073.97    -482.8522 -608.9363 0.7018967
2073.98    -482.7024 -608.9327 0.701847
2073.99    -482.5526 -608.9292 0.7017999
2074    -482.4028 -608.9257 0.7017552
2074.01    -482.2529 -608.9222 0.7017128
2074.02    -482.103 -608.9186 0.7016728
2074.03    -481.9531 -608.9151 0.7016348
2074.04    -481.8031 -608.9116 0.7015996
2074.05    -481.6531 -608.908 0.7015672
2074.06    -481.5031 -608.9045 0.7015373
2074.07    -481.353 -608.9009 0.7015099
2074.08    -481.2029 -608.8975 0.7014848
2074.09    -481.0528 -608.894 0.7014624
2074.1    -480.9026 -608.8905 0.7014426
2074.11    -480.7524 -608.887 0.7014252
2074.12    -480.6021 -608.8835 0.7014102
2074.13    -480.4519 -608.8801 0.7013975
2074.14    -480.3016 -608.8766 0.7013869
2074.15    -480.1512 -608.8731 0.7013785
2074.16    -480.0009 -608.8696 0.701372
2074.17    -479.8505 -608.8661 0.7013674
2074.18    -479.7 -608.8627 0.7013648
2074.19    -479.5496 -608.8593 0.7013634
2074.2    -479.3991 -608.8559 0.7013632
2074.21    -479.2485 -608.8525 0.7013642
2074.22    -479.098 -608.8491 0.7013664
2074.23    -478.9474 -608.8456 0.7013696
2074.24    -478.7968 -608.8422 0.7013727
2074.25    -478.6461 -608.8388 0.7013757
2074.26    -478.4954 -608.8354 0.7013785
2074.27    -478.3447 -608.832 0.7013811
2074.28    -478.1939 -608.8286 0.7013836
2074.29    -478.0431 -608.8251 0.7013842
2074.3    -477.8923 -608.8217 0.701383
2074.31    -477.7414 -608.8183 0.70138
2074.32    -477.5905 -608.8148 0.7013753
2074.33    -477.4395 -608.8114 0.7013691
2074.34    -477.2886 -608.808 0.7013593
2074.35    -477.1376 -608.8046 0.701346
2074.36    -476.9866 -608.8011 0.7013295
2074.37    -476.8355 -608.7977 0.70131
2074.38    -476.6844 -608.7943 0.7012874
2074.39    -476.5333 -608.7909 0.70126
2074.4    -476.3821 -608.7875 0.7012281
2074.41    -476.231 -608.7841 0.7011917
2074.42    -476.0797 -608.7806 0.7011512
2074.43    -475.9284 -608.7772 0.7011066
2074.44    -475.7772 -608.7738 0.7010567
2074.45    -475.6259 -608.7704 0.7010016
2074.46    -475.4745 -608.767 0.7009417
2074.47    -475.3231 -608.7635 0.7008771
2074.48    -475.1717 -608.7601 0.7008079
2074.49    -475.0202 -608.7567 0.7007336
2074.5    -474.8687 -608.7533 0.7006543
2074.51    -474.7172 -608.7499 0.7005703
2074.52    -474.5657 -608.7465 0.7004818
2074.53    -474.4141 -608.743 0.7003889
2074.54    -474.2625 -608.7396 0.7002918
2074.55    -474.1109 -608.7362 0.7001907
2074.56    -473.9592 -608.7328 0.7000856
2074.57    -473.8075 -608.7293 0.6999768
2074.58    -473.6557 -608.7259 0.6998654
2074.59    -473.504 -608.7225 0.6997514
2074.6    -473.3522 -608.7191 0.699635
2074.61    -473.2003 -608.7156 0.6995163
2074.62    -473.0484 -608.7122 0.6993953
2074.63    -472.8965 -608.7088 0.699272
2074.64    -472.7446 -608.7054 0.6991488
2074.65    -472.5926 -608.702 0.6990252
2074.66    -472.4406 -608.6985 0.6989016
2074.67    -472.2886 -608.6951 0.6987779
2074.68    -472.1365 -608.6917 0.6986539
2074.69    -471.9844 -608.6883 0.6985326
2074.7    -471.8323 -608.6849 0.6984136
2074.71    -471.6801 -608.6815 0.6982971
2074.72    -471.5279 -608.678 0.6981828
2074.73    -471.3757 -608.6746 0.6980706
2074.74    -471.2234 -608.6712 0.6979634
2074.75    -471.0711 -608.6678 0.697861
2074.76    -470.9188 -608.6643 0.6977631
2074.77    -470.7664 -608.6609 0.6976696
2074.78    -470.614 -608.6574 0.6975802
2074.79    -470.4616 -608.6539 0.6974974
2074.8    -470.3092 -608.6505 0.6974205
2074.81    -470.1567 -608.647 0.6973497
2074.82    -470.0042 -608.6435 0.6972845
2074.83    -469.8516 -608.64 0.6972247
2074.84    -469.6991 -608.6365 0.6971714
2074.85    -469.5464 -608.6331 0.6971241
2074.86    -469.3938 -608.6296 0.6970828
2074.87    -469.2411 -608.6261 0.6970471
2074.88    -469.0884 -608.6226 0.6970167
2074.89    -468.9356 -608.6191 0.6969915
2074.9    -468.7829 -608.6157 0.6969712
2074.91    -468.6301 -608.6122 0.6969556
2074.92    -468.4772 -608.6087 0.6969446
2074.93    -468.3243 -608.6052 0.6969379
2074.94    -468.1714 -608.6017 0.6969349
2074.95    -468.0185 -608.5982 0.6969356
2074.96    -467.8655 -608.5947 0.6969397
2074.97    -467.7125 -608.5912 0.6969471
2074.98    -467.5594 -608.5876 0.6969577
2074.99    -467.4064 -608.5841 0.6969712
2075    -467.2533 -608.5806 0.6969876
2075.01    -467.1002 -608.577 0.6970068
2075.02    -466.947 -608.5735 0.6970286
2075.03    -466.7938 -608.5699 0.6970528
2075.04    -466.6406 -608.5664 0.69708
2075.05    -466.4874 -608.5629 0.6971098
2075.06    -466.3341 -608.5593 0.6971424
2075.07    -466.1808 -608.5558 0.6971776
2075.08    -466.0274 -608.5522 0.6972151
2075.09    -465.874 -608.5487 0.6972558
2075.1    -465.7206 -608.5452 0.6972996
2075.11    -465.5672 -608.5416 0.6973463
2075.12    -465.4137 -608.5381 0.6973958
2075.13    -465.2602 -608.5344 0.697448
2075.14    -465.1066 -608.5308 0.6975042
2075.15    -464.9531 -608.5272 0.6975641
2075.16    -464.7995 -608.5236 0.6976277
2075.17    -464.6458 -608.52 0.6976947
2075.18    -464.4922 -608.5164 0.6977661
2075.19    -464.3385 -608.5128 0.6978416
2075.2    -464.1848 -608.5092 0.6979213
2075.21    -464.031 -608.5056 0.6980047
2075.22    -463.8772 -608.502 0.6980919
2075.23    -463.7234 -608.4984 0.6981829
2075.24    -463.5695 -608.4948 0.6982774
2075.25    -463.4156 -608.4912 0.6983755
2075.26    -463.2617 -608.4876 0.6984769
2075.27    -463.1078 -608.484 0.6985815
2075.28    -462.9538 -608.4803 0.6986893
2075.29    -462.7998 -608.4767 0.6987998
2075.3    -462.6457 -608.473 0.6989129
2075.31    -462.4916 -608.4693 0.6990286
2075.32    -462.3375 -608.4656 0.6991467
2075.33    -462.1834 -608.462 0.6992671
2075.34    -462.0292 -608.4583 0.6993898
2075.35    -461.875 -608.4547 0.6995142
2075.36    -461.7208 -608.451 0.6996406
2075.37    -461.5665 -608.4473 0.6997687
2075.38    -461.4122 -608.4437 0.6998987
2075.39    -461.2578 -608.44 0.7000303
2075.4    -461.1035 -608.4363 0.7001629
2075.41    -460.9491 -608.4327 0.7002965
2075.42    -460.7946 -608.429 0.700431
2075.43    -460.6402 -608.4254 0.7005665
2075.44    -460.4857 -608.4217 0.700702
2075.45    -460.3312 -608.418 0.7008377
2075.46    -460.1766 -608.4143 0.7009734
2075.47    -460.022 -608.4106 0.7011091
2075.48    -459.8674 -608.4069 0.701245
2075.49    -459.7128 -608.4031 0.7013794
2075.5    -459.5581 -608.3994 0.7015124
2075.51    -459.4034 -608.3957 0.701644
2075.52    -459.2487 -608.392 0.7017743
2075.53    -459.0939 -608.3882 0.7019014
2075.54    -458.9391 -608.3845 0.7020255
2075.55    -458.7843 -608.3808 0.7021467
2075.56    -458.6295 -608.3771 0.7022652
2075.57    -458.4746 -608.3734 0.7023809
2075.58    -458.3197 -608.3696 0.7024926
2075.59    -458.1648 -608.3659 0.7026004
2075.6    -458.0098 -608.3622 0.7027045
2075.61    -457.8548 -608.3585 0.702805
