1615.43    -645.2063 -613.7332 0.7117257
1615.44    -645.0868 -613.731 0.711735
1615.45    -644.9677 -613.7288 0.7117444
1615.46    -644.8488 -613.7267 0.7117538
1615.47    -644.7303 -613.7246 0.7117633
1615.48    -644.6121 -613.7226 0.7117729
1615.49    -644.4941 -613.7205 0.7117825
1615.5    -644.3766 -613.7186 0.7117921
1615.51    -644.2593 -613.7166 0.7118017
1615.52    -644.1424 -613.7147 0.7118114
1615.53    -644.0258 -613.7128 0.7118211
1615.54    -643.9095 -613.7109 0.7118309
1615.55    -643.7935 -613.7091 0.7118406
1615.56    -643.6779 -613.7073 0.7118503
1615.57    -643.5625 -613.7056 0.7118601
1615.58    -643.4475 -613.7039 0.7118698
1615.59    -643.3328 -613.7021 0.7118795
1615.6    -643.2184 -613.7005 0.7118892
1615.61    -643.1044 -613.6989 0.7118989
1615.62    -642.9907 -613.6973 0.7119086
1615.63    -642.8773 -613.6957 0.7119183
1615.64    -642.7642 -613.6942 0.7119281
1615.65    -642.6514 -613.6926 0.7119377
1615.66    -642.539 -613.6912 0.7119474
1615.67    -642.4269 -613.6897 0.7119569
1615.68    -642.3151 -613.6883 0.7119665
1615.69    -642.2036 -613.6869 0.7119761
1615.7    -642.0923 -613.6855 0.7119857
1615.71    -641.9815 -613.6842 0.7119952
1615.72    -641.871 -613.6829 0.7120047
1615.73    -641.7607 -613.6816 0.7120141
1615.74    -641.6508 -613.6804 0.7120236
1615.75    -641.5413 -613.6792 0.7120329
1615.76    -641.432 -613.678 0.7120422
1615.77    -641.3231 -613.6769 0.7120515
1615.78    -641.2144 -613.6758 0.7120606
1615.79    -641.1061 -613.6747 0.7120698
1615.8    -640.9981 -613.6736 0.7120789
1615.81    -640.8904 -613.6725 0.7120878
1615.82    -640.7831 -613.6715 0.7120966
1615.83    -640.676 -613.6705 0.7121053
1615.84    -640.5693 -613.6696 0.712114
1615.85    -640.463 -613.6686 0.7121224
1615.86    -640.3569 -613.6677 0.7121308
1615.87    -640.2511 -613.6667 0.712139
1615.88    -640.1457 -613.6659 0.7121471
1615.89    -640.0406 -613.665 0.712155
1615.9    -639.9358 -613.6642 0.7121629
1615.91    -639.8314 -613.6633 0.7121705
1615.92    -639.7272 -613.6625 0.7121779
1615.93    -639.6234 -613.6616 0.7121852
1615.94    -639.5199 -613.6609 0.7121924
1615.95    -639.4167 -613.6601 0.7121995
1615.96    -639.3138 -613.6593 0.7122064
1615.97    -639.2113 -613.6586 0.7122132
1615.98    -639.1091 -613.6578 0.7122198
1615.99    -639.0071 -613.6571 0.7122262
1616    -638.9056 -613.6564 0.7122326
1616.01    -638.8043 -613.6556 0.7122387
1616.02    -638.7034 -613.655 0.7122449
1616.03    -638.6027 -613.6544 0.7122508
1616.04    -638.5023 -613.6537 0.7122566
1616.05    -638.4023 -613.653 0.7122623
1616.06    -638.3027 -613.6523 0.7122679
1616.07    -638.2033 -613.6517 0.7122735
1616.08    -638.1042 -613.6511 0.7122788
1616.09    -638.0055 -613.6505 0.7122842
1616.1    -637.9071 -613.6498 0.7122895
1616.11    -637.809 -613.6493 0.7122946
1616.12    -637.7112 -613.6487 0.7122996
1616.13    -637.6138 -613.6481 0.7123047
1616.14    -637.5166 -613.6475 0.7123095
1616.15    -637.4198 -613.6469 0.7123145
1616.16    -637.3233 -613.6462 0.7123193
1616.17    -637.2271 -613.6456 0.712324
1616.18    -637.1313 -613.645 0.7123288
1616.19    -637.0358 -613.6443 0.7123334
1616.2    -636.9406 -613.6438 0.712338
1616.21    -636.8456 -613.6432 0.7123426
1616.22    -636.7511 -613.6427 0.7123471
1616.23    -636.6569 -613.6422 0.7123516
1616.24    -636.5629 -613.6416 0.7123561
1616.25    -636.4693 -613.6411 0.7123606
1616.26    -636.376 -613.6405 0.712365
1616.27    -636.2831 -613.64 0.7123693
1616.28    -636.1905 -613.6393 0.7123737
1616.29    -636.0981 -613.6388 0.712378
1616.3    -636.0062 -613.6382 0.7123822
1616.31    -635.9145 -613.6377 0.7123865
1616.32    -635.8231 -613.6371 0.7123907
1616.33    -635.7321 -613.6366 0.712395
1616.34    -635.6413 -613.636 0.7123991
1616.35    -635.5508 -613.6354 0.7124034
1616.36    -635.4608 -613.6349 0.7124075
1616.37    -635.371 -613.6343 0.7124116
1616.38    -635.2815 -613.6338 0.7124157
1616.39    -635.1923 -613.6332 0.7124199
1616.4    -635.1035 -613.6327 0.7124239
1616.41    -635.015 -613.6321 0.712428
1616.42    -634.9268 -613.6315 0.712432
1616.43    -634.8389 -613.631 0.7124361
1616.44    -634.7513 -613.6304 0.7124402
1616.45    -634.6641 -613.6299 0.7124442
1616.46    -634.5772 -613.6293 0.7124482
1616.47    -634.4906 -613.6287 0.7124522
1616.48    -634.4043 -613.6282 0.7124562
1616.49    -634.3184 -613.6276 0.7124602
1616.5    -634.2327 -613.6271 0.7124641
1616.51    -634.1474 -613.6265 0.712468
1616.52    -634.0624 -613.626 0.712472
1616.53    -633.9777 -613.6253 0.7124759
1616.54    -633.8934 -613.6247 0.7124798
1616.55    -633.8093 -613.6241 0.7124837
1616.56    -633.7256 -613.6235 0.7124875
1616.57    -633.6422 -613.6229 0.7124914
1616.58    -633.5591 -613.6223 0.7124953
1616.59    -633.4764 -613.6216 0.7124991
1616.6    -633.3939 -613.621 0.712503
1616.61    -633.3118 -613.6204 0.7125069
1616.62    -633.23 -613.6198 0.7125108
1616.63    -633.1486 -613.6191 0.7125146
1616.64    -633.0674 -613.6185 0.7125185
1616.65    -632.9866 -613.6179 0.7125223
1616.66    -632.9061 -613.6172 0.7125261
1616.67    -632.8259 -613.6166 0.7125299
1616.68    -632.746 -613.616 0.7125338
1616.69    -632.6664 -613.6154 0.7125376
1616.7    -632.5871 -613.6147 0.7125414
1616.71    -632.5082 -613.6141 0.7125453
1616.72    -632.4296 -613.6135 0.7125491
1616.73    -632.3513 -613.6129 0.7125529
1616.74    -632.2733 -613.6122 0.7125567
1616.75    -632.1956 -613.6115 0.7125605
1616.76    -632.1183 -613.6108 0.7125643
1616.77    -632.0413 -613.6101 0.7125682
1616.78    -631.9645 -613.6094 0.712572
1616.79    -631.8881 -613.6088 0.7125757
1616.8    -631.8121 -613.6081 0.7125795
1616.81    -631.7363 -613.6074 0.7125832
1616.82    -631.6609 -613.6067 0.712587
1616.83    -631.5858 -613.606 0.7125908
1616.84    -631.5109 -613.6053 0.7125946
1616.85    -631.4364 -613.6047 0.7125983
1616.86    -631.3622 -613.604 0.7126021
1616.87    -631.2884 -613.6033 0.7126059
1616.88    -631.2148 -613.6026 0.7126096
1616.89    -631.1416 -613.6019 0.7126134
1616.9    -631.0687 -613.6013 0.7126172
1616.91    -630.9962 -613.6006 0.7126209
1616.92    -630.9239 -613.5999 0.7126246
1616.93    -630.8519 -613.5992 0.7126284
1616.94    -630.7803 -613.5986 0.7126321
1616.95    -630.709 -613.5978 0.7126359
1616.96    -630.6381 -613.5972 0.7126396
1616.97    -630.5674 -613.5965 0.7126434
1616.98    -630.4971 -613.5958 0.7126471
1616.99    -630.4271 -613.5952 0.7126509
1617    -630.3574 -613.5945 0.7126547
1617.01    -630.2882 -613.5938 0.7126584
1617.02    -630.2191 -613.5931 0.7126622
1617.03    -630.15 -613.5924 0.7126659
1617.04    -630.0809 -613.5917 0.7126697
1617.05    -630.0119 -613.5911 0.7126734
1617.06    -629.9429 -613.5904 0.7126772
1617.07    -629.8738 -613.5897 0.7126809
1617.08    -629.8048 -613.5889 0.7126847
1617.09    -629.7358 -613.5882 0.7126884
1617.1    -629.6668 -613.5875 0.7126922
1617.11    -629.5978 -613.5867 0.712696
1617.12    -629.5289 -613.586 0.7126998
1617.13    -629.4599 -613.5853 0.7127035
1617.14    -629.3909 -613.5845 0.7127073
1617.15    -629.322 -613.5837 0.712711
1617.16    -629.2531 -613.583 0.7127148
1617.17    -629.1841 -613.5823 0.7127185
1617.18    -629.1152 -613.5815 0.7127222
1617.19    -629.0463 -613.5808 0.712726
1617.2    -628.9775 -613.5801 0.7127297
1617.21    -628.9086 -613.5793 0.7127334
1617.22    -628.8398 -613.5786 0.7127371
1617.23    -628.7709 -613.5779 0.7127408
1617.24    -628.7021 -613.5771 0.7127445
1617.25    -628.6333 -613.5764 0.7127482
1617.26    -628.5645 -613.5757 0.7127519
1617.27    -628.4957 -613.575 0.7127556
1617.28    -628.4269 -613.5742 0.7127593
1617.29    -628.3582 -613.5735 0.712763
1617.3    -628.2894 -613.5728 0.7127666
1617.31    -628.2206 -613.572 0.7127704
1617.32    -628.1519 -613.5713 0.712774
1617.33    -628.0832 -613.5706 0.7127778
1617.34    -628.0145 -613.5698 0.7127814
1617.35    -627.9457 -613.5691 0.7127851
1617.36    -627.877 -613.5684 0.7127888
1617.37    -627.8083 -613.5676 0.7127925
1617.38    -627.7397 -613.5669 0.7127962
1617.39    -627.671 -613.5662 0.7127999
1617.4    -627.6024 -613.5654 0.7128036
1617.41    -627.5337 -613.5647 0.7128073
1617.42    -627.465 -613.564 0.712811
1617.43    -627.3964 -613.5632 0.7128147
1617.44    -627.3278 -613.5625 0.7128184
1617.45    -627.2592 -613.5617 0.7128221
1617.46    -627.1906 -613.561 0.7128258
1617.47    -627.1219 -613.5602 0.7128295
1617.48    -627.0533 -613.5595 0.7128332
1617.49    -626.9847 -613.5588 0.7128369
1617.5    -626.9162 -613.558 0.7128406
1617.51    -626.8477 -613.5573 0.7128443
1617.52    -626.7791 -613.5566 0.7128479
1617.53    -626.7106 -613.5558 0.7128515
1617.54    -626.642 -613.5551 0.7128552
1617.55    -626.5735 -613.5544 0.7128588
1617.56    -626.5051 -613.5536 0.7128624
1617.57    -626.4366 -613.5529 0.7128659
1617.58    -626.3681 -613.5522 0.7128695
1617.59    -626.2996 -613.5515 0.7128731
1617.6    -626.2312 -613.5507 0.7128766
1617.61    -626.1628 -613.55 0.7128801
1617.62    -626.0944 -613.5493 0.7128837
1617.63    -626.0259 -613.5485 0.7128872
1617.64    -625.9575 -613.5478 0.7128906
1617.65    -625.8891 -613.5471 0.712894
1617.66    -625.8207 -613.5463 0.7128975
1617.67    -625.7524 -613.5456 0.7129009
1617.68    -625.684 -613.5449 0.7129042
1617.69    -625.6157 -613.5441 0.7129077
1617.7    -625.5474 -613.5434 0.712911
1617.71    -625.4791 -613.5427 0.7129143
1617.72    -625.4108 -613.5419 0.7129177
1617.73    -625.3425 -613.5412 0.712921
1617.74    -625.2742 -613.5405 0.7129244
1617.75    -625.2059 -613.5397 0.7129277
1617.76    -625.1377 -613.539 0.712931
1617.77    -625.0695 -613.5383 0.7129342
1617.78    -625.0012 -613.5375 0.7129375
1617.79    -624.933 -613.5368 0.7129408
1617.8    -624.8647 -613.5361 0.7129441
1617.81    -624.7966 -613.5353 0.7129474
1617.82    -624.7284 -613.5346 0.7129506
1617.83    -624.6602 -613.5339 0.7129538
1617.84    -624.592 -613.5331 0.712957
1617.85    -624.5239 -613.5324 0.7129602
1617.86    -624.4557 -613.5317 0.7129635
1617.87    -624.3876 -613.531 0.7129667
1617.88    -624.3195 -613.5303 0.7129699
1617.89    -624.2513 -613.5295 0.7129731
1617.9    -624.1832 -613.5288 0.7129763
1617.91    -624.1151 -613.5281 0.7129797
1617.92    -624.047 -613.5273 0.7129829
1617.93    -623.9789 -613.5266 0.7129861
1617.94    -623.9108 -613.5259 0.7129893
1617.95    -623.8428 -613.5251 0.7129925
1617.96    -623.7747 -613.5244 0.7129956
1617.97    -623.7067 -613.5237 0.7129988
1617.98    -623.6386 -613.5229 0.713002
1617.99    -623.5706 -613.5222 0.7130051
1618    -623.5026 -613.5215 0.7130083
1618.01    -623.4346 -613.5208 0.7130114
1618.02    -623.3666 -613.52 0.7130146
1618.03    -623.2986 -613.5193 0.7130178
1618.04    -623.2306 -613.5186 0.713021
1618.05    -623.1627 -613.5178 0.7130241
1618.06    -623.0947 -613.5171 0.7130273
1618.07    -623.0268 -613.5164 0.7130305
1618.08    -622.9589 -613.5156 0.7130336
1618.09    -622.8909 -613.5149 0.7130368
1618.1    -622.8231 -613.5142 0.71304
1618.11    -622.7552 -613.5134 0.7130432
1618.12    -622.6873 -613.5127 0.7130463
1618.13    -622.6194 -613.512 0.7130495
1618.14    -622.5516 -613.5112 0.7130526
1618.15    -622.4838 -613.5105 0.7130558
1618.16    -622.416 -613.5098 0.7130589
1618.17    -622.3481 -613.509 0.7130621
1618.18    -622.2803 -613.5083 0.7130652
1618.19    -622.2125 -613.5076 0.7130684
1618.2    -622.1447 -613.5068 0.7130716
1618.21    -622.077 -613.5061 0.7130747
1618.22    -622.0092 -613.5054 0.7130779
1618.23    -621.9415 -613.5046 0.7130811
1618.24    -621.8737 -613.5039 0.7130842
1618.25    -621.806 -613.5032 0.7130873
1618.26    -621.7383 -613.5024 0.7130904
1618.27    -621.6707 -613.5017 0.7130935
1618.28    -621.603 -613.5011 0.7130966
1618.29    -621.5353 -613.5004 0.7130997
1618.3    -621.4676 -613.4998 0.7131026
1618.31    -621.3999 -613.4991 0.7131056
1618.32    -621.3322 -613.4984 0.7131084
1618.33    -621.2645 -613.4977 0.7131113
1618.34    -621.1968 -613.4971 0.713114
1618.35    -621.1292 -613.4964 0.7131163
1618.36    -621.0614 -613.4957 0.7131183
1618.37    -620.9937 -613.4949 0.7131199
1618.38    -620.9258 -613.4942 0.7131211
1618.39    -620.858 -613.4935 0.7131221
1618.4    -620.7901 -613.4927 0.7131219
1618.41    -620.7222 -613.492 0.7131205
1618.42    -620.6541 -613.4913 0.7131181
1618.43    -620.586 -613.4905 0.7131147
1618.44    -620.5178 -613.4898 0.7131104
1618.45    -620.4496 -613.4891 0.7131053
1618.46    -620.3813 -613.4883 0.7130977
1618.47    -620.3129 -613.4876 0.7130879
1618.48    -620.2443 -613.4868 0.7130761
1618.49    -620.1757 -613.4861 0.7130622
1618.5    -620.1069 -613.4854 0.7130457
1618.51    -620.0381 -613.4846 0.7130264
1618.52    -619.9691 -613.4838 0.7130048
1618.53    -619.9 -613.483 0.7129808
1618.54    -619.8308 -613.4822 0.7129547
1618.55    -619.7615 -613.4814 0.7129265
1618.56    -619.692 -613.4805 0.7128955
1618.57    -619.6224 -613.4797 0.7128618
1618.58    -619.5527 -613.4789 0.7128256
1618.59    -619.4829 -613.478 0.712787
1618.6    -619.413 -613.4772 0.7127462
1618.61    -619.343 -613.4763 0.7127031
1618.62    -619.2729 -613.4753 0.7126578
1618.63    -619.2026 -613.4744 0.7126107
1618.64    -619.1323 -613.4734 0.7125615
1618.65    -619.0618 -613.4725 0.7125106
1618.66    -618.9911 -613.4716 0.712458
1618.67    -618.9204 -613.4705 0.7124038
1618.68    -618.8495 -613.4695 0.712348
1618.69    -618.7785 -613.4685 0.7122909
1618.7    -618.7073 -613.4675 0.7122324
1618.71    -618.6361 -613.4664 0.7121726
1618.72    -618.5647 -613.4653 0.7121115
1618.73    -618.4932 -613.4642 0.7120494
1618.74    -618.4215 -613.4631 0.7119862
1618.75    -618.3497 -613.4619 0.7119219
1618.76    -618.2778 -613.4608 0.7118568
1618.77    -618.2057 -613.4595 0.7117906
1618.78    -618.1335 -613.4584 0.7117237
1618.79    -618.0612 -613.4571 0.7116559
1618.8    -617.9888 -613.4559 0.7115873
1618.81    -617.9162 -613.4546 0.711518
1618.82    -617.8434 -613.4532 0.711448
1618.83    -617.7706 -613.452 0.7113773
1618.84    -617.6976 -613.4506 0.711306
1618.85    -617.6245 -613.4492 0.7112342
1618.86    -617.5511 -613.4479 0.7111619
1618.87    -617.4777 -613.4465 0.711089
1618.88    -617.4041 -613.4451 0.7110155
1618.89    -617.3304 -613.4436 0.7109417
1618.9    -617.2565 -613.4421 0.7108673
1618.91    -617.1826 -613.4407 0.7107927
1618.92    -617.1084 -613.4391 0.7107176
1618.93    -617.0341 -613.4376 0.7106421
1618.94    -616.9597 -613.4361 0.7105662
1618.95    -616.8851 -613.4345 0.71049
1618.96    -616.8104 -613.4329 0.7104136
1618.97    -616.7355 -613.4313 0.7103368
1618.98    -616.6605 -613.4297 0.7102597
1618.99    -616.5853 -613.428 0.7101824
1619    -616.51 -613.4264 0.7101049
1619.01    -616.4346 -613.4247 0.7100272
1619.02    -616.359 -613.423 0.7099493
1619.03    -616.2833 -613.4213 0.7098712
1619.04    -616.2074 -613.4195 0.709793
1619.05    -616.1314 -613.4177 0.7097147
1619.06    -616.0552 -613.416 0.7096363
1619.07    -615.9789 -613.4141 0.7095578
1619.08    -615.9025 -613.4124 0.7094792
1619.09    -615.8259 -613.4105 0.7094004
1619.1    -615.7491 -613.4086 0.7093216
1619.11    -615.6723 -613.4067 0.7092428
1619.12    -615.5953 -613.4048 0.709164
1619.13    -615.5181 -613.4029 0.7090852
1619.14    -615.4408 -613.4009 0.7090064
1619.15    -615.3634 -613.3989 0.7089279
1619.16    -615.2858 -613.397 0.7088497
1619.17    -615.2081 -613.395 0.7087716
1619.18    -615.1302 -613.3929 0.708694
1619.19    -615.0522 -613.3909 0.7086165
1619.2    -614.9741 -613.3887 0.7085398
1619.21    -614.8959 -613.3867 0.708464
1619.22    -614.8174 -613.3845 0.7083888
1619.23    -614.7389 -613.3824 0.7083143
1619.24    -614.6602 -613.3802 0.7082404
1619.25    -614.5814 -613.378 0.7081677
1619.26    -614.5024 -613.3758 0.7080963
1619.27    -614.4233 -613.3735 0.7080259
1619.28    -614.344 -613.3713 0.7079566
1619.29    -614.2646 -613.369 0.7078883
1619.3    -614.1851 -613.3668 0.7078215
1619.31    -614.1055 -613.3644 0.7077562
1619.32    -614.0256 -613.362 0.7076924
1619.33    -613.9457 -613.3597 0.7076298
1619.34    -613.8656 -613.3572 0.7075684
1619.35    -613.7854 -613.3549 0.7075088
1619.36    -613.7051 -613.3524 0.7074509
1619.37    -613.6246 -613.3499 0.7073946
1619.38    -613.5439 -613.3474 0.7073398
1619.39    -613.4632 -613.3448 0.7072864
1619.4    -613.3823 -613.3423 0.7072349
1619.41    -613.3013 -613.3398 0.7071852
1619.42    -613.2201 -613.3372 0.7071372
1619.43    -613.1388 -613.3346 0.7070909
1619.44    -613.0573 -613.3319 0.707046
1619.45    -612.9757 -613.3293 0.7070025
1619.46    -612.894 -613.3266 0.7069609
1619.47    -612.8121 -613.3239 0.706921
1619.48    -612.7302 -613.3212 0.7068827
1619.49    -612.648 -613.3185 0.7068458
1619.5    -612.5658 -613.3157 0.7068105
1619.51    -612.4834 -613.3129 0.7067765
1619.52    -612.4009 -613.3101 0.7067438
1619.53    -612.3182 -613.3073 0.7067124
1619.54    -612.2354 -613.3044 0.706682
1619.55    -612.1525 -613.3016 0.7066528
1619.56    -612.0695 -613.2988 0.7066247
1619.57    -611.9863 -613.2959 0.7065974
1619.58    -611.903 -613.293 0.7065712
1619.59    -611.8195 -613.2901 0.7065457
1619.6    -611.736 -613.2871 0.7065211
1619.61    -611.6523 -613.2842 0.7064973
1619.62    -611.5684 -613.2813 0.7064742
1619.63    -611.4844 -613.2783 0.7064518
1619.64    -611.4003 -613.2753 0.70643
1619.65    -611.3161 -613.2722 0.7064088
1619.66    -611.2318 -613.2692 0.7063882
1619.67    -611.1473 -613.2662 0.7063683
1619.68    -611.0627 -613.2631 0.7063487
1619.69    -610.9779 -613.26 0.7063297
1619.7    -610.8931 -613.257 0.7063112
1619.71    -610.808 -613.2538 0.706293
1619.72    -610.7229 -613.2507 0.7062753
1619.73    -610.6376 -613.2475 0.706258
1619.74    -610.5522 -613.2443 0.706241
1619.75    -610.4667 -613.2411 0.7062244
1619.76    -610.3811 -613.2379 0.7062082
1619.77    -610.2953 -613.2347 0.7061922
1619.78    -610.2094 -613.2314 0.7061765
1619.79    -610.1234 -613.2281 0.7061611
1619.8    -610.0372 -613.2249 0.7061459
1619.81    -609.9509 -613.2216 0.706131
1619.82    -609.8644 -613.2183 0.7061163
1619.83    -609.7779 -613.215 0.7061018
1619.84    -609.6912 -613.2116 0.7060875
1619.85    -609.6044 -613.2082 0.7060733
1619.86    -609.5175 -613.2048 0.7060593
1619.87    -609.4305 -613.2015 0.7060455
1619.88    -609.3433 -613.1981 0.7060318
1619.89    -609.256 -613.1946 0.7060182
1619.9    -609.1686 -613.1912 0.7060049
1619.91    -609.0811 -613.1877 0.7059916
1619.92    -608.9934 -613.1841 0.7059784
1619.93    -608.9056 -613.1807 0.7059654
1619.94    -608.8176 -613.1772 0.7059525
1619.95    -608.7296 -613.1736 0.7059395
1619.96    -608.6415 -613.17 0.7059267
1619.97    -608.5532 -613.1665 0.705914
1619.98    -608.4648 -613.1628 0.7059012
1619.99    -608.3762 -613.1592 0.7058886
1620    -608.2876 -613.1556 0.7058758
1620.01    -608.1988 -613.152 0.7058629
1620.02    -608.1099 -613.1483 0.70585
1620.03    -608.0208 -613.1447 0.705837
1620.04    -607.9316 -613.1409 0.7058239
1620.05    -607.8423 -613.1372 0.7058103
1620.06    -607.7529 -613.1335 0.7057964
1620.07    -607.6634 -613.1297 0.705782
1620.08    -607.5737 -613.126 0.7057673
1620.09    -607.4839 -613.1222 0.7057522
1620.1    -607.3941 -613.1184 0.705736
1620.11    -607.3041 -613.1146 0.705719
1620.12    -607.2139 -613.1108 0.7057011
1620.13    -607.1237 -613.1069 0.7056823
1620.14    -607.0333 -613.103 0.7056627
1620.15    -606.9427 -613.0992 0.7056423
1620.16    -606.8521 -613.0953 0.7056205
1620.17    -606.7614 -613.0913 0.7055972
1620.18    -606.6705 -613.0874 0.7055727
1620.19    -606.5795 -613.0835 0.7055469
1620.2    -606.4884 -613.0795 0.7055195
1620.21    -606.3972 -613.0755 0.7054907
1620.22    -606.3059 -613.0715 0.7054605
1620.23    -606.2144 -613.0674 0.7054291
1620.24    -606.1228 -613.0634 0.7053965
1620.25    -606.0311 -613.0594 0.7053626
1620.26    -605.9393 -613.0553 0.7053276
1620.27    -605.8474 -613.0512 0.7052916
1620.28    -605.7553 -613.0471 0.7052545
1620.29    -605.6631 -613.043 0.7052165
1620.3    -605.5709 -613.0388 0.7051775
1620.31    -605.4785 -613.0347 0.7051378
1620.32    -605.3859 -613.0305 0.7050971
1620.33    -605.2933 -613.0262 0.7050558
1620.34    -605.2005 -613.022 0.7050138
1620.35    -605.1076 -613.0178 0.704971
1620.36    -605.0146 -613.0135 0.7049274
1620.37    -604.9214 -613.0093 0.7048832
1620.38    -604.8282 -613.005 0.7048383
1620.39    -604.7348 -613.0007 0.7047927
1620.4    -604.6414 -612.9964 0.7047462
1620.41    -604.5478 -612.9921 0.7046988
1620.42    -604.4541 -612.9877 0.7046505
1620.43    -604.3603 -612.9833 0.7046013
1620.44    -604.2664 -612.979 0.7045515
1620.45    -604.1723 -612.9745 0.7045009
1620.46    -604.0781 -612.9702 0.7044485
1620.47    -603.9838 -612.9658 0.7043945
1620.48    -603.8894 -612.9614 0.704339
1620.49    -603.7949 -612.9568 0.704282
1620.5    -603.7002 -612.9524 0.7042236
1620.51    -603.6055 -612.9479 0.7041629
1620.52    -603.5106 -612.9435 0.7041001
1620.53    -603.4156 -612.9389 0.7040352
1620.54    -603.3206 -612.9344 0.7039682
1620.55    -603.2253 -612.9299 0.7038988
1620.56    -603.13 -612.9254 0.7038269
1620.57    -603.0345 -612.9207 0.7037528
1620.58    -602.939 -612.9161 0.7036763
1620.59    -602.8433 -612.9116 0.703598
1620.6    -602.7475 -612.907 0.7035172
1620.61    -602.6516 -612.9023 0.7034342
1620.62    -602.5556 -612.8976 0.7033492
1620.63    -602.4595 -612.893 0.7032622
1620.64    -602.3632 -612.8884 0.7031733
1620.65    -602.2669 -612.8837 0.7030826
1620.66    -602.1705 -612.8789 0.7029904
1620.67    -602.0739 -612.8742 0.7028966
1620.68    -601.9772 -612.8695 0.7028013
1620.69    -601.8804 -612.8647 0.7027048
1620.7    -601.7835 -612.8599 0.7026074
1620.71    -601.6865 -612.8552 0.7025093
1620.72    -601.5894 -612.8504 0.7024106
1620.73    -601.4921 -612.8456 0.702311
1620.74    -601.3948 -612.8408 0.702211
1620.75    -601.2974 -612.8359 0.7021109
1620.76    -601.1998 -612.8311 0.7020107
1620.77    -601.1021 -612.8262 0.7019105
1620.78    -601.0042 -612.8213 0.7018103
1620.79    -600.9063 -612.8163 0.70171
1620.8    -600.8083 -612.8115 0.7016102
1620.81    -600.7101 -612.8065 0.7015107
1620.82    -600.6119 -612.8016 0.7014114
1620.83    -600.5135 -612.7966 0.7013126
1620.84    -600.415 -612.7916 0.701214
1620.85    -600.3164 -612.7866 0.7011157
1620.86    -600.2177 -612.7816 0.7010178
1620.87    -600.1189 -612.7766 0.7009203
1620.88    -600.02 -612.7715 0.7008231
1620.89    -599.9209 -612.7664 0.7007263
1620.9    -599.8218 -612.7614 0.7006298
1620.91    -599.7225 -612.7563 0.7005336
1620.92    -599.6232 -612.7512 0.7004376
1620.93    -599.5237 -612.746 0.700342
1620.94    -599.4241 -612.7408 0.7002466
1620.95    -599.3244 -612.7357 0.7001514
1620.96    -599.2246 -612.7305 0.7000564
1620.97    -599.1247 -612.7253 0.6999617
1620.98    -599.0247 -612.7201 0.6998671
1620.99    -598.9246 -612.7149 0.6997728
1621    -598.8243 -612.7097 0.6996786
1621.01    -598.724 -612.7043 0.6995845
1621.02    -598.6235 -612.6991 0.6994906
1621.03    -598.523 -612.6938 0.6993969
1621.04    -598.4224 -612.6885 0.6993033
1621.05    -598.3216 -612.6832 0.6992099
1621.06    -598.2207 -612.6779 0.6991165
1621.07    -598.1198 -612.6725 0.6990232
1621.08    -598.0187 -612.6671 0.6989301
1621.09    -597.9175 -612.6617 0.698837
1621.1    -597.8162 -612.6563 0.6987441
1621.11    -597.7148 -612.6509 0.6986513
1621.12    -597.6133 -612.6454 0.6985584
1621.13    -597.5117 -612.64 0.6984657
1621.14    -597.41 -612.6345 0.6983731
1621.15    -597.3082 -612.629 0.6982805
1621.16    -597.2062 -612.6235 0.6981879
1621.17    -597.1042 -612.618 0.6980955
1621.18    -597.002 -612.6124 0.6980031
1621.19    -596.8997 -612.6068 0.6979107
1621.2    -596.7974 -612.6013 0.6978184
1621.21    -596.6949 -612.5957 0.6977261
1621.22    -596.5923 -612.5901 0.6976339
1621.23    -596.4896 -612.5844 0.6975417
1621.24    -596.3868 -612.5788 0.6974496
1621.25    -596.2839 -612.5731 0.6973574
1621.26    -596.181 -612.5674 0.6972653
1621.27    -596.0779 -612.5617 0.6971733
1621.28    -595.9747 -612.556 0.6970812
1621.29    -595.8713 -612.5503 0.6969892
1621.3    -595.7679 -612.5445 0.6968973
1621.31    -595.6644 -612.5388 0.6968053
1621.32    -595.5607 -612.533 0.6967134
1621.33    -595.457 -612.5272 0.6966214
1621.34    -595.3531 -612.5213 0.6965295
1621.35    -595.2492 -612.5155 0.6964377
1621.36    -595.1451 -612.5096 0.6963457
1621.37    -595.041 -612.5037 0.6962539
1621.38    -594.9368 -612.4979 0.6961621
1621.39    -594.8324 -612.4919 0.6960703
1621.4    -594.728 -612.486 0.6959784
1621.41    -594.6234 -612.48 0.6958866
1621.42    -594.5187 -612.4741 0.6957948
1621.43    -594.4139 -612.4681 0.695703
1621.44    -594.3091 -612.4622 0.6956112
1621.45    -594.2041 -612.4561 0.6955195
1621.46    -594.0991 -612.4501 0.6954279
1621.47    -593.994 -612.444 0.6953364
1621.48    -593.8887 -612.4379 0.695245
1621.49    -593.7833 -612.4318 0.6951537
1621.5    -593.6777 -612.4257 0.6950625
1621.51    -593.5721 -612.4196 0.6949717
1621.52    -593.4664 -612.4135 0.6948815
1621.53    -593.3607 -612.4073 0.6947918
1621.54    -593.2548 -612.4011 0.6947024
1621.55    -593.1488 -612.3949 0.6946136
1621.56    -593.0427 -612.3887 0.6945253
1621.57    -592.9365 -612.3825 0.6944374
1621.58    -592.8302 -612.3763 0.6943499
1621.59    -592.7238 -612.37 0.6942629
1621.6    -592.6172 -612.3638 0.6941761
1621.61    -592.5106 -612.3575 0.6940898
1621.62    -592.4039 -612.3512 0.6940038
1621.63    -592.2971 -612.3448 0.6939182
1621.64    -592.1902 -612.3386 0.6938328
1621.65    -592.0832 -612.3322 0.6937476
1621.66    -591.9761 -612.3259 0.6936627
1621.67    -591.8688 -612.3195 0.6935781
1621.68    -591.7615 -612.3132 0.6934936
1621.69    -591.6541 -612.3067 0.6934094
1621.7    -591.5466 -612.3003 0.6933255
1621.71    -591.439 -612.2939 0.6932417
1621.72    -591.3313 -612.2875 0.6931582
1621.73    -591.2234 -612.2811 0.6930749
1621.74    -591.1155 -612.2746 0.6929919
1621.75    -591.0076 -612.2681 0.6929093
1621.76    -590.8995 -612.2616 0.6928273
1621.77    -590.7913 -612.2551 0.6927456
1621.78    -590.6829 -612.2487 0.6926645
1621.79    -590.5745 -612.2421 0.6925838
1621.8    -590.466 -612.2356 0.6925045
1621.81    -590.3574 -612.2291 0.6924264
1621.82    -590.2487 -612.2225 0.6923496
1621.83    -590.1399 -612.216 0.6922739
1621.84    -590.0309 -612.2094 0.6921993
1621.85    -589.9219 -612.2028 0.6921271
1621.86    -589.8129 -612.1962 0.6920571
1621.87    -589.7037 -612.1896 0.6919891
1621.88    -589.5944 -612.183 0.6919231
1621.89    -589.4849 -612.1763 0.6918589
1621.9    -589.3754 -612.1697 0.6917979
1621.91    -589.2658 -612.163 0.6917397
1621.92    -589.1561 -612.1564 0.6916842
1621.93    -589.0463 -612.1497 0.6916314
1621.94    -588.9364 -612.143 0.691581
1621.95    -588.8264 -612.1363 0.691534
1621.96    -588.7163 -612.1296 0.6914903
1621.97    -588.6061 -612.1228 0.6914495
1621.98    -588.4958 -612.1161 0.6914116
1621.99    -588.3854 -612.1093 0.6913764
1622    -588.275 -612.1025 0.691345
1622.01    -588.1644 -612.0958 0.691317
1622.02    -588.0537 -612.089 0.6912922
1622.03    -587.9429 -612.0822 0.6912706
1622.04    -587.832 -612.0754 0.6912519
1622.05    -587.7211 -612.0686 0.691237
1622.06    -587.61 -612.0618 0.6912259
1622.07    -587.4989 -612.0549 0.6912183
1622.08    -587.3876 -612.0481 0.691214
1622.09    -587.2762 -612.0413 0.6912126
1622.1    -587.1648 -612.0344 0.6912154
1622.11    -587.0533 -612.0275 0.691222
1622.12    -586.9417 -612.0206 0.6912323
1622.13    -586.8299 -612.0137 0.691246
1622.14    -586.7181 -612.0068 0.6912629
1622.15    -586.6061 -611.9999 0.6912837
1622.16    -586.4941 -611.993 0.6913081
1622.17    -586.382 -611.986 0.691336
1622.18    -586.2698 -611.9791 0.691367
1622.19    -586.1575 -611.9721 0.6914012
1622.2    -586.0451 -611.9651 0.6914387
1622.21    -585.9326 -611.9582 0.6914794
1622.22    -585.82 -611.9512 0.6915231
1622.23    -585.7073 -611.9443 0.6915697
1622.24    -585.5945 -611.9373 0.6916189
1622.25    -585.4817 -611.9302 0.6916708
1622.26    -585.3687 -611.9232 0.6917254
1622.27    -585.2557 -611.9162 0.6917824
1622.28    -585.1425 -611.9092 0.6918417
1622.29    -585.0293 -611.9022 0.6919032
1622.3    -584.916 -611.8951 0.6919668
1622.31    -584.8026 -611.888 0.6920323
1622.32    -584.6891 -611.8809 0.6920997
1622.33    -584.5755 -611.8738 0.6921687
1622.34    -584.4618 -611.8668 0.6922395
1622.35    -584.348 -611.8597 0.6923116
1622.36    -584.2342 -611.8526 0.6923852
1622.37    -584.1202 -611.8455 0.69246
1622.38    -584.0062 -611.8383 0.6925361
1622.39    -583.8921 -611.8312 0.6926133
1622.4    -583.7779 -611.824 0.6926916
1622.41    -583.6636 -611.8169 0.6927707
1622.42    -583.5492 -611.8098 0.6928509
1622.43    -583.4347 -611.8026 0.6929319
1622.44    -583.3201 -611.7954 0.6930137
1622.45    -583.2055 -611.7882 0.6930962
1622.46    -583.0908 -611.781 0.6931795
1622.47    -582.9759 -611.7738 0.6932635
1622.48    -582.861 -611.7665 0.6933481
1622.49    -582.7459 -611.7593 0.6934332
1622.5    -582.6308 -611.7521 0.6935191
1622.51    -582.5156 -611.7449 0.6936053
1622.52    -582.4003 -611.7377 0.6936921
1622.53    -582.285 -611.7304 0.6937794
1622.54    -582.1695 -611.7231 0.6938671
1622.55    -582.054 -611.7159 0.6939553
1622.56    -581.9383 -611.7086 0.6940439
1622.57    -581.8226 -611.7014 0.6941328
1622.58    -581.7067 -611.6941 0.694222
1622.59    -581.5908 -611.6868 0.6943116
1622.6    -581.4749 -611.6794 0.6944016
1622.61    -581.3588 -611.6721 0.6944917
1622.62    -581.2426 -611.6648 0.6945822
1622.63    -581.1263 -611.6575 0.6946729
1622.64    -581.01 -611.6501 0.694764
1622.65    -580.8936 -611.6428 0.6948552
1622.66    -580.7771 -611.6355 0.6949468
1622.67    -580.6605 -611.6282 0.6950385
1622.68    -580.5438 -611.6208 0.6951305
1622.69    -580.4269 -611.6134 0.6952227
1622.7    -580.3101 -611.606 0.6953154
1622.71    -580.1931 -611.5986 0.6954086
1622.72    -580.076 -611.5912 0.6955022
1622.73    -579.9589 -611.5838 0.6955963
1622.74    -579.8417 -611.5764 0.6956908
1622.75    -579.7244 -611.569 0.6957865
1622.76    -579.607 -611.5616 0.6958835
1622.77    -579.4895 -611.5542 0.6959816
1622.78    -579.3719 -611.5468 0.6960806
1622.79    -579.2543 -611.5393 0.6961808
1622.8    -579.1365 -611.5319 0.6962833
1622.81    -579.0187 -611.5244 0.6963882
1622.82    -578.9008 -611.517 0.6964952
1622.83    -578.7828 -611.5095 0.6966043
1622.84    -578.6647 -611.5021 0.6967151
1622.85    -578.5466 -611.4946 0.6968278
1622.86    -578.4283 -611.4872 0.6969434
1622.87    -578.31 -611.4797 0.6970618
1622.88    -578.1915 -611.4722 0.6971829
1622.89    -578.073 -611.4647 0.6973064
1622.9    -577.9544 -611.4572 0.6974326
1622.91    -577.8357 -611.4496 0.6975613
1622.92    -577.7169 -611.4422 0.6976925
1622.93    -577.598 -611.4347 0.6978259
1622.94    -577.4791 -611.4272 0.6979614
1622.95    -577.36 -611.4197 0.698099
1622.96    -577.2409 -611.4122 0.6982384
1622.97    -577.1217 -611.4047 0.6983796
1622.98    -577.0024 -611.3972 0.6985225
1622.99    -576.883 -611.3896 0.698667
1623    -576.7635 -611.382 0.698813
1623.01    -576.644 -611.3745 0.6989602
1623.02    -576.5244 -611.3669 0.6991088
1623.03    -576.4046 -611.3593 0.6992587
1623.04    -576.2848 -611.3517 0.6994097
1623.05    -576.1649 -611.3442 0.6995618
1623.06    -576.045 -611.3366 0.6997149
1623.07    -575.9249 -611.329 0.6998689
1623.08    -575.8048 -611.3215 0.7000239
1623.09    -575.6846 -611.3139 0.7001796
1623.1    -575.5643 -611.3063 0.7003362
1623.11    -575.4439 -611.2988 0.7004935
1623.12    -575.3234 -611.2912 0.7006514
1623.13    -575.2029 -611.2836 0.7008101
1623.14    -575.0822 -611.276 0.7009693
1623.15    -574.9615 -611.2684 0.7011286
1623.16    -574.8407 -611.2607 0.701288
1623.17    -574.7198 -611.2532 0.7014474
1623.18    -574.5988 -611.2455 0.701607
1623.19    -574.4777 -611.2379 0.7017666
1623.2    -574.3566 -611.2303 0.7019251
1623.21    -574.2354 -611.2227 0.7020827
1623.22    -574.114 -611.215 0.7022394
1623.23    -573.9926 -611.2074 0.7023953
1623.24    -573.8711 -611.1998 0.7025504
1623.25    -573.7495 -611.1921 0.7027047
1623.26    -573.6279 -611.1846 0.7028562
1623.27    -573.5061 -611.1771 0.703005
1623.28    -573.3843 -611.1695 0.7031513
1623.29    -573.2623 -611.1619 0.7032953
1623.3    -573.1404 -611.1544 0.7034356
1623.31    -573.0183 -611.1469 0.7035724
1623.32    -572.8962 -611.1393 0.703706
1623.33    -572.7739 -611.1318 0.7038366
1623.34    -572.6516 -611.1243 0.7039642
1623.35    -572.5292 -611.1168 0.7040892
1623.36    -572.4067 -611.1093 0.7042098
1623.37    -572.2841 -611.1019 0.7043263
1623.38    -572.1614 -611.0944 0.704439
1623.39    -572.0387 -611.087 0.7045482
1623.4    -571.9159 -611.0796 0.7046529
1623.41    -571.793 -611.0722 0.7047534
1623.42    -571.67 -611.0648 0.70485
1623.43    -571.5469 -611.0575 0.7049428
1623.44    -571.4237 -611.0501 0.7050322
1623.45    -571.3005 -611.0428 0.7051172
1623.46    -571.1771 -611.0355 0.7051979
1623.47    -571.0537 -611.0282 0.7052746
1623.48    -570.9302 -611.0209 0.7053477
1623.49    -570.8066 -611.0136 0.7054173
1623.5    -570.683 -611.0064 0.7054836
1623.51    -570.5592 -610.9991 0.7055464
1623.52    -570.4354 -610.9919 0.705606
1623.53    -570.3115 -610.9847 0.7056625
1623.54    -570.1874 -610.9775 0.7057161
1623.55    -570.0634 -610.9703 0.705767
1623.56    -569.9392 -610.9631 0.7058155
1623.57    -569.8149 -610.956 0.7058616
1623.58    -569.6906 -610.9488 0.7059056
1623.59    -569.5662 -610.9417 0.7059473
1623.6    -569.4418 -610.9346 0.7059873
1623.61    -569.3172 -610.9275 0.7060257
1623.62    -569.1926 -610.9203 0.7060623
1623.63    -569.0678 -610.9133 0.7060975
1623.64    -568.943 -610.9062 0.7061312
1623.65    -568.8181 -610.8992 0.7061647
1623.66    -568.6932 -610.8921 0.7061977
1623.67    -568.5681 -610.8851 0.7062306
1623.68    -568.443 -610.8781 0.7062632
1623.69    -568.3177 -610.8711 0.7062955
1623.7    -568.1924 -610.8641 0.7063281
1623.71    -568.0671 -610.8571 0.7063609
1623.72    -567.9416 -610.8502 0.7063938
1623.73    -567.816 -610.8432 0.706427
1623.74    -567.6904 -610.8363 0.7064604
1623.75    -567.5648 -610.8293 0.7064947
1623.76    -567.439 -610.8225 0.7065299
1623.77    -567.3131 -610.8156 0.706566
1623.78    -567.1871 -610.8087 0.7066031
1623.79    -567.0611 -610.8019 0.7066407
1623.8    -566.935 -610.7951 0.7066799
1623.81    -566.8088 -610.7883 0.7067205
1623.82    -566.6826 -610.7815 0.7067623
1623.83    -566.5563 -610.7747 0.7068053
1623.84    -566.4299 -610.768 0.7068495
1623.85    -566.3034 -610.7612 0.7068948
1623.86    -566.1769 -610.7545 0.7069415
1623.87    -566.0502 -610.7478 0.7069898
1623.88    -565.9235 -610.7411 0.7070394
1623.89    -565.7968 -610.7344 0.7070904
1623.9    -565.6699 -610.7278 0.7071428
1623.91    -565.543 -610.7211 0.7071966
1623.92    -565.416 -610.7145 0.7072516
1623.93    -565.2889 -610.7079 0.7073079
1623.94    -565.1617 -610.7013 0.7073652
1623.95    -565.0345 -610.6948 0.7074235
1623.96    -564.9073 -610.6882 0.7074829
1623.97    -564.7799 -610.6816 0.7075432
1623.98    -564.6525 -610.6751 0.7076043
1623.99    -564.525 -610.6686 0.7076664
1624    -564.3974 -610.662 0.7077289
1624.01    -564.2698 -610.6556 0.7077917
1624.02    -564.142 -610.6491 0.707855
1624.03    -564.0142 -610.6426 0.7079187
1624.04    -563.8864 -610.6362 0.7079829
1624.05    -563.7584 -610.6298 0.7080464
1624.06    -563.6304 -610.6234 0.7081096
1624.07    -563.5024 -610.6171 0.7081724
1624.08    -563.3742 -610.6107 0.7082348
1624.09    -563.246 -610.6043 0.7082967
1624.1    -563.1177 -610.598 0.7083573
1624.11    -562.9893 -610.5917 0.7084167
1624.12    -562.8609 -610.5853 0.7084749
1624.13    -562.7324 -610.579 0.7085319
1624.14    -562.6038 -610.5728 0.7085878
1624.15    -562.4751 -610.5665 0.7086419
1624.16    -562.3464 -610.5602 0.7086943
1624.17    -562.2176 -610.554 0.7087449
1624.18    -562.0887 -610.5477 0.7087941
1624.19    -561.9597 -610.5414 0.7088417
1624.2    -561.8307 -610.5351 0.7088874
1624.21    -561.7016 -610.5289 0.7089313
1624.22    -561.5724 -610.5227 0.7089735
1624.23    -561.4432 -610.5165 0.7090141
1624.24    -561.3139 -610.5103 0.7090531
1624.25    -561.1845 -610.504 0.7090907
1624.26    -561.0551 -610.4978 0.7091267
1624.27    -560.9255 -610.4916 0.7091615
1624.28    -560.796 -610.4854 0.7091949
1624.29    -560.6663 -610.4791 0.7092271
1624.3    -560.5366 -610.473 0.7092583
1624.31    -560.4067 -610.4669 0.7092882
1624.32    -560.2769 -610.4607 0.7093173
1624.33    -560.1469 -610.4545 0.7093453
1624.34    -560.0168 -610.4484 0.7093724
1624.35    -559.8867 -610.4422 0.7093987
1624.36    -559.7565 -610.436 0.7094242
1624.37    -559.6262 -610.4299 0.7094491
1624.38    -559.4958 -610.4238 0.7094731
1624.39    -559.3654 -610.4177 0.7094966
1624.4    -559.2349 -610.4116 0.7095194
1624.41    -559.1044 -610.4055 0.7095418
1624.42    -558.9737 -610.3994 0.7095636
1624.43    -558.843 -610.3932 0.7095848
1624.44    -558.7122 -610.3871 0.7096056
1624.45    -558.5813 -610.3811 0.709626
1624.46    -558.4504 -610.375 0.7096458
1624.47    -558.3193 -610.3689 0.7096653
1624.48    -558.1882 -610.3628 0.7096844
1624.49    -558.057 -610.3567 0.7097032
1624.5    -557.9258 -610.3506 0.7097217
1624.51    -557.7944 -610.3445 0.7097397
1624.52    -557.663 -610.3384 0.7097576
1624.53    -557.5316 -610.3323 0.709775
1624.54    -557.4 -610.3262 0.7097923
1624.55    -557.2683 -610.3201 0.7098093
1624.56    -557.1366 -610.314 0.709826
1624.57    -557.0048 -610.3079 0.7098424
1624.58    -556.873 -610.3018 0.7098585
1624.59    -556.741 -610.2957 0.7098745
1624.6    -556.609 -610.2896 0.7098894
1624.61    -556.4769 -610.2834 0.7099035
1624.62    -556.3448 -610.2773 0.7099168
1624.63    -556.2125 -610.2712 0.7099293
1624.64    -556.0802 -610.2651 0.7099411
1624.65    -555.9478 -610.259 0.7099522
1624.66    -555.8154 -610.2529 0.7099609
1624.67    -555.6829 -610.2468 0.7099676
1624.68    -555.5502 -610.2406 0.709972
1624.69    -555.4175 -610.2344 0.7099746
1624.7    -555.2848 -610.2282 0.7099739
1624.71    -555.152 -610.222 0.7099699
1624.72    -555.0191 -610.2159 0.7099631
1624.73    -554.8861 -610.2097 0.7099535
1624.74    -554.7531 -610.2036 0.7099413
1624.75    -554.6199 -610.1974 0.7099249
1624.76    -554.4868 -610.1912 0.7099044
1624.77    -554.3535 -610.1849 0.7098802
1624.78    -554.2202 -610.1787 0.7098525
1624.79    -554.0867 -610.1725 0.7098213
1624.8    -553.9532 -610.1663 0.7097864
1624.81    -553.8197 -610.16 0.7097476
1624.82    -553.6861 -610.1537 0.7097054
1624.83    -553.5524 -610.1475 0.7096598
1624.84    -553.4186 -610.1412 0.7096111
1624.85    -553.2847 -610.1349 0.7095597
1624.86    -553.1508 -610.1286 0.7095057
1624.87    -553.0168 -610.1223 0.7094495
1624.88    -552.8828 -610.116 0.7093909
1624.89    -552.7486 -610.1096 0.7093301
1624.9    -552.6144 -610.1032 0.7092673
1624.91    -552.4801 -610.0969 0.7092036
1624.92    -552.3458 -610.0905 0.709139
1624.93    -552.2113 -610.084 0.7090735
1624.94    -552.0768 -610.0776 0.7090073
1624.95    -551.9422 -610.0711 0.7089403
1624.96    -551.8076 -610.0646 0.7088739
1624.97    -551.6729 -610.0581 0.7088077
1624.98    -551.538 -610.0516 0.708742
1624.99    -551.4031 -610.045 0.7086767
1625    -551.2682 -610.0385 0.708613
1625.01    -551.1332 -610.0319 0.7085508
1625.02    -550.9981 -610.0253 0.70849
1625.03    -550.8629 -610.0187 0.7084307
1625.04    -550.7277 -610.012 0.7083727
1625.05    -550.5923 -610.0053 0.7083175
1625.06    -550.457 -609.9987 0.7082649
1625.07    -550.3215 -609.9919 0.7082149
1625.08    -550.186 -609.9852 0.7081674
1625.09    -550.0504 -609.9785 0.7081221
1625.1    -549.9147 -609.9716 0.7080807
1625.11    -549.7789 -609.9648 0.7080428
1625.12    -549.643 -609.958 0.7080083
1625.13    -549.5071 -609.9512 0.7079769
1625.14    -549.371 -609.9443 0.7079486
1625.15    -549.235 -609.9374 0.7079244
1625.16    -549.0988 -609.9304 0.707904
1625.17    -548.9626 -609.9235 0.7078875
1625.18    -548.8262 -609.9165 0.7078744
1625.19    -548.6898 -609.9095 0.7078646
1625.2    -548.5533 -609.9025 0.7078593
1625.21    -548.4168 -609.8954 0.7078583
1625.22    -548.2802 -609.8884 0.7078611
1625.23    -548.1435 -609.8813 0.7078677
1625.24    -548.0067 -609.8741 0.7078779
1625.25    -547.8699 -609.867 0.7078924
1625.26    -547.733 -609.8598 0.707911
1625.27    -547.5959 -609.8526 0.7079334
1625.28    -547.4589 -609.8453 0.7079595
1625.29    -547.3217 -609.8381 0.707989
1625.3    -547.1845 -609.8307 0.7080224
1625.31    -547.0472 -609.8235 0.7080598
1625.32    -546.9099 -609.8161 0.7081007
1625.33    -546.7724 -609.8088 0.708145
1625.34    -546.6349 -609.8013 0.7081925
1625.35    -546.4973 -609.7939 0.708243
1625.36    -546.3596 -609.7864 0.7082968
1625.37    -546.2219 -609.779 0.7083536
1625.38    -546.084 -609.7714 0.7084135
1625.39    -545.9462 -609.7639 0.708476
1625.4    -545.8082 -609.7563 0.7085413
1625.41    -545.6702 -609.7487 0.7086089
1625.42    -545.532 -609.741 0.7086789
1625.43    -545.3939 -609.7334 0.7087512
1625.44    -545.2556 -609.7256 0.7088255
1625.45    -545.1172 -609.718 0.7089019
1625.46    -544.9788 -609.7101 0.7089801
1625.47    -544.8403 -609.7024 0.70906
1625.48    -544.7018 -609.6945 0.7091417
1625.49    -544.5631 -609.6867 0.7092248
1625.5    -544.4244 -609.6788 0.7093094
1625.51    -544.2856 -609.6709 0.7093953
1625.52    -544.1468 -609.6629 0.7094824
1625.53    -544.0079 -609.655 0.7095706
1625.54    -543.8688 -609.6469 0.70966
1625.55    -543.7297 -609.6389 0.7097504
1625.56    -543.5906 -609.6308 0.7098414
1625.57    -543.4514 -609.6227 0.7099332
1625.58    -543.3121 -609.6146 0.7100255
1625.59    -543.1727 -609.6064 0.7101184
1625.6    -543.0333 -609.5981 0.7102115
1625.61    -542.8937 -609.5899 0.7103047
1625.62    -542.7542 -609.5816 0.7103979
1625.63    -542.6145 -609.5733 0.7104913
1625.64    -542.4747 -609.5649 0.7105848
1625.65    -542.335 -609.5566 0.7106774
1625.66    -542.1951 -609.5482 0.7107694
1625.67    -542.0551 -609.5397 0.7108607
1625.68    -541.9151 -609.5313 0.7109513
1625.69    -541.775 -609.5228 0.7110413
1625.7    -541.6349 -609.5142 0.7111293
1625.71    -541.4946 -609.5057 0.7112153
1625.72    -541.3543 -609.4971 0.7112996
1625.73    -541.2139 -609.4885 0.7113822
1625.74    -541.0735 -609.4797 0.7114631
1625.75    -540.933 -609.4711 0.7115411
1625.76    -540.7925 -609.4623 0.7116161
1625.77    -540.6518 -609.4536 0.7116885
1625.78    -540.511 -609.4447 0.7117584
1625.79    -540.3702 -609.4359 0.7118259
1625.8    -540.2294 -609.4271 0.7118894
1625.81    -540.0884 -609.4182 0.7119492
1625.82    -539.9474 -609.4092 0.7120054
1625.83    -539.8063 -609.4003 0.7120582
1625.84    -539.6651 -609.3913 0.712108
1625.85    -539.5239 -609.3823 0.7121528
1625.86    -539.3826 -609.3732 0.7121928
1625.87    -539.2412 -609.3642 0.7122284
1625.88    -539.0997 -609.355 0.7122599
1625.89    -538.9582 -609.3459 0.7122874
1625.9    -538.8166 -609.3368 0.7123111
1625.91    -538.6749 -609.3276 0.7123293
1625.92    -538.5332 -609.3185 0.7123421
1625.93    -538.3914 -609.3092 0.71235
1625.94    -538.2495 -609.3 0.7123532
1625.95    -538.1075 -609.2908 0.7123504
1625.96    -537.9655 -609.2814 0.7123421
1625.97    -537.8234 -609.2722 0.7123287
1625.98    -537.6812 -609.2628 0.7123102
1625.99    -537.5389 -609.2535 0.712287
1626    -537.3967 -609.2441 0.7122585
1626.01    -537.2543 -609.2347 0.7122247
1626.02    -537.1118 -609.2253 0.712186
1626.03    -536.9693 -609.2158 0.7121428
1626.04    -536.8267 -609.2064 0.7120951
1626.05    -536.684 -609.1968 0.7120428
1626.06    -536.5413 -609.1873 0.7119861
1626.07    -536.3984 -609.1778 0.7119252
1626.08    -536.2556 -609.1683 0.7118604
1626.09    -536.1126 -609.1588 0.7117918
1626.1    -535.9696 -609.1492 0.7117197
1626.11    -535.8265 -609.1396 0.7116442
1626.12    -535.6833 -609.13 0.7115656
1626.13    -535.5401 -609.1204 0.7114839
1626.14    -535.3968 -609.1108 0.7113994
1626.15    -535.2534 -609.1011 0.7113122
1626.16    -535.11 -609.0915 0.7112224
1626.17    -534.9664 -609.0818 0.7111302
1626.18    -534.8228 -609.0722 0.7110357
1626.19    -534.6791 -609.0626 0.710939
1626.2    -534.5354 -609.0529 0.7108403
1626.21    -534.3916 -609.0432 0.7107395
1626.22    -534.2477 -609.0334 0.7106367
1626.23    -534.1038 -609.0237 0.7105321
1626.24    -533.9598 -609.0141 0.7104257
1626.25    -533.8157 -609.0044 0.7103176
1626.26    -533.6716 -608.9947 0.7102079
1626.27    -533.5273 -608.985 0.7100965
1626.28    -533.3831 -608.9753 0.7099835
1626.29    -533.2387 -608.9656 0.7098692
1626.3    -533.0943 -608.9559 0.7097534
1626.31    -532.9498 -608.9463 0.7096363
1626.32    -532.8052 -608.9366 0.709518
1626.33    -532.6606 -608.9269 0.7093985
1626.34    -532.5159 -608.9172 0.7092779
1626.35    -532.3711 -608.9075 0.7091563
1626.36    -532.2263 -608.8979 0.7090338
1626.37    -532.0814 -608.8882 0.7089102
1626.38    -531.9363 -608.8785 0.7087858
1626.39    -531.7913 -608.8688 0.7086605
1626.4    -531.6461 -608.8593 0.7085344
1626.41    -531.5009 -608.8495 0.7084075
1626.42    -531.3557 -608.8399 0.70828
1626.43    -531.2103 -608.8303 0.7081516
1626.44    -531.0649 -608.8207 0.7080226
1626.45    -530.9194 -608.811 0.707893
1626.46    -530.7739 -608.8015 0.7077628
1626.47    -530.6282 -608.7918 0.707632
1626.48    -530.4825 -608.7822 0.7075006
1626.49    -530.3367 -608.7726 0.7073687
1626.5    -530.1909 -608.7631 0.7072364
1626.51    -530.045 -608.7535 0.7071035
1626.52    -529.8991 -608.744 0.7069702
1626.53    -529.7531 -608.7346 0.7068364
1626.54    -529.6069 -608.725 0.7067022
1626.55    -529.4608 -608.7156 0.7065676
1626.56    -529.3145 -608.7061 0.7064326
1626.57    -529.1682 -608.6967 0.7062973
1626.58    -529.0219 -608.6873 0.7061616
1626.59    -528.8754 -608.6779 0.7060255
1626.6    -528.7289 -608.6686 0.7058893
1626.61    -528.5823 -608.6592 0.7057528
1626.62    -528.4356 -608.6499 0.7056163
1626.63    -528.2889 -608.6406 0.7054796
1626.64    -528.1421 -608.6313 0.7053427
1626.65    -527.9952 -608.6221 0.7052056
1626.66    -527.8483 -608.6128 0.7050691
1626.67    -527.7014 -608.6036 0.7049331
1626.68    -527.5543 -608.5944 0.7047976
1626.69    -527.4071 -608.5852 0.7046624
1626.7    -527.2599 -608.5761 0.7045277
1626.71    -527.1126 -608.567 0.7043945
1626.72    -526.9653 -608.5579 0.7042626
1626.73    -526.8179 -608.5488 0.704132
1626.74    -526.6703 -608.5397 0.7040027
1626.75    -526.5228 -608.5307 0.7038755
1626.76    -526.3752 -608.5217 0.7037501
1626.77    -526.2275 -608.5127 0.7036265
1626.78    -526.0797 -608.5037 0.7035046
1626.79    -525.9319 -608.4948 0.7033843
1626.8    -525.784 -608.4858 0.7032666
1626.81    -525.636 -608.4768 0.7031513
1626.82    -525.488 -608.4679 0.7030383
1626.83    -525.3399 -608.459 0.7029274
1626.84    -525.1917 -608.4501 0.7028186
1626.85    -525.0435 -608.4412 0.7027125
1626.86    -524.8952 -608.4324 0.7026088
1626.87    -524.7468 -608.4236 0.7025076
1626.88    -524.5984 -608.4147 0.7024087
1626.89    -524.4499 -608.406 0.7023118
1626.9    -524.3013 -608.3972 0.7022178
1626.91    -524.1527 -608.3884 0.7021264
1626.92    -524.004 -608.3798 0.7020375
1626.93    -523.8552 -608.371 0.701951
1626.94    -523.7064 -608.3623 0.7018667
1626.95    -523.5574 -608.3536 0.7017845
1626.96    -523.4084 -608.345 0.7017053
1626.97    -523.2594 -608.3364 0.7016288
1626.98    -523.1103 -608.3278 0.7015549
1626.99    -522.9611 -608.3192 0.7014835
1627    -522.8119 -608.3106 0.7014151
1627.01    -522.6626 -608.3021 0.7013496
1627.02    -522.5132 -608.2935 0.7012866
1627.03    -522.3637 -608.285 0.7012262
1627.04    -522.2142 -608.2765 0.7011682
1627.05    -522.0646 -608.268 0.7011133
1627.06    -521.9149 -608.2595 0.7010611
1627.07    -521.7652 -608.2511 0.7010116
1627.08    -521.6154 -608.2427 0.7009646
1627.09    -521.4656 -608.2343 0.7009201
1627.1    -521.3157 -608.2258 0.700878
1627.11    -521.1657 -608.2175 0.7008382
1627.12    -521.0156 -608.2091 0.7008007
1627.13    -520.8655 -608.2007 0.7007653
1627.14    -520.7153 -608.1924 0.7007318
1627.15    -520.565 -608.184 0.7007002
1627.16    -520.4147 -608.1758 0.7006704
1627.17    -520.2643 -608.1675 0.7006423
1627.18    -520.1138 -608.1592 0.7006158
1627.19    -519.9633 -608.1509 0.7005908
1627.2    -519.8127 -608.1426 0.7005672
1627.21    -519.662 -608.1345 0.700545
1627.22    -519.5114 -608.1262 0.700524
1627.23    -519.3605 -608.118 0.7005043
1627.24    -519.2097 -608.1098 0.7004858
1627.25    -519.0588 -608.1016 0.7004684
1627.26    -518.9078 -608.0935 0.7004519
1627.27    -518.7567 -608.0853 0.7004364
1627.28    -518.6056 -608.0771 0.7004219
1627.29    -518.4544 -608.069 0.7004082
1627.3    -518.3032 -608.0609 0.7003953
1627.31    -518.1519 -608.0529 0.7003832
1627.32    -518.0005 -608.0447 0.7003719
1627.33    -517.8491 -608.0367 0.7003613
1627.34    -517.6975 -608.0286 0.7003513
1627.35    -517.546 -608.0206 0.7003419
1627.36    -517.3943 -608.0125 0.7003332
1627.37    -517.2426 -608.0045 0.700325
1627.38    -517.0908 -607.9965 0.7003173
1627.39    -516.939 -607.9885 0.7003102
1627.4    -516.787 -607.9805 0.7003034
1627.41    -516.6351 -607.9725 0.7002972
1627.42    -516.483 -607.9645 0.7002915
1627.43    -516.3309 -607.9565 0.7002861
1627.44    -516.1788 -607.9486 0.700281
1627.45    -516.0265 -607.9407 0.7002764
1627.46    -515.8742 -607.9327 0.7002721
1627.47    -515.7218 -607.9248 0.7002681
1627.48    -515.5693 -607.9169 0.7002645
1627.49    -515.4168 -607.909 0.7002612
1627.5    -515.2643 -607.9011 0.7002581
1627.51    -515.1116 -607.8932 0.7002552
1627.52    -514.9589 -607.8854 0.7002527
1627.53    -514.8062 -607.8775 0.7002504
1627.54    -514.6533 -607.8697 0.7002482
1627.55    -514.5004 -607.8619 0.7002463
1627.56    -514.3475 -607.8541 0.7002447
1627.57    -514.1945 -607.8463 0.7002431
1627.58    -514.0414 -607.8384 0.7002418
1627.59    -513.8882 -607.8307 0.7002407
1627.6    -513.735 -607.8229 0.7002397
1627.61    -513.5817 -607.8152 0.7002388
1627.62    -513.4284 -607.8074 0.7002382
1627.63    -513.275 -607.7997 0.7002376
1627.64    -513.1215 -607.7921 0.7002372
1627.65    -512.968 -607.7844 0.7002369
1627.66    -512.8143 -607.7767 0.7002367
1627.67    -512.6606 -607.7691 0.7002367
1627.68    -512.5069 -607.7615 0.7002367
1627.69    -512.3531 -607.7538 0.7002369
1627.7    -512.1992 -607.7463 0.7002371
1627.71    -512.0453 -607.7388 0.7002375
1627.72    -511.8913 -607.7313 0.7002379
1627.73    -511.7372 -607.7238 0.7002383
1627.74    -511.5831 -607.7163 0.7002389
1627.75    -511.4289 -607.7088 0.7002396
1627.76    -511.2747 -607.7014 0.7002404
1627.77    -511.1204 -607.694 0.7002411
1627.78    -510.966 -607.6865 0.700242
1627.79    -510.8115 -607.6792 0.7002429
1627.8    -510.657 -607.6719 0.7002439
1627.81    -510.5025 -607.6646 0.700245
1627.82    -510.3478 -607.6573 0.7002461
1627.83    -510.1931 -607.65 0.7002472
1627.84    -510.0384 -607.6428 0.7002484
1627.85    -509.8835 -607.6355 0.7002496
1627.86    -509.7287 -607.6283 0.7002509
1627.87    -509.5737 -607.6212 0.7002522
1627.88    -509.4187 -607.614 0.7002535
1627.89    -509.2636 -607.6069 0.700255
1627.9    -509.1084 -607.5997 0.7002563
1627.91    -508.9532 -607.5927 0.7002578
1627.92    -508.7979 -607.5857 0.7002593
1627.93    -508.6425 -607.5786 0.7002608
1627.94    -508.4871 -607.5717 0.7002623
1627.95    -508.3317 -607.5646 0.7002639
1627.96    -508.1761 -607.5577 0.7002655
1627.97    -508.0205 -607.5508 0.7002672
1627.98    -507.8649 -607.5439 0.7002687
1627.99    -507.7091 -607.5371 0.7002704
1628    -507.5533 -607.5303 0.7002721
1628.01    -507.3975 -607.5235 0.7002739
1628.02    -507.2416 -607.5168 0.7002756
1628.03    -507.0856 -607.5101 0.7002773
1628.04    -506.9295 -607.5034 0.7002791
1628.05    -506.7734 -607.4968 0.7002809
1628.06    -506.6173 -607.4902 0.7002827
1628.07    -506.461 -607.4836 0.7002845
1628.08    -506.3047 -607.4771 0.7002863
1628.09    -506.1483 -607.4706 0.7002882
1628.1    -505.9919 -607.4642 0.7002901
1628.11    -505.8354 -607.4577 0.7002919
1628.12    -505.6789 -607.4514 0.7002938
1628.13    -505.5222 -607.4451 0.7002957
1628.14    -505.3655 -607.4388 0.7002976
1628.15    -505.2088 -607.4325 0.7002998
1628.16    -505.052 -607.4263 0.7003022
1628.17    -504.8951 -607.4202 0.7003049
1628.18    -504.7382 -607.4141 0.7003078
1628.19    -504.5812 -607.4081 0.7003108
1628.2    -504.4241 -607.4021 0.7003148
1628.21    -504.267 -607.3962 0.7003196
1628.22    -504.1098 -607.3903 0.7003253
1628.23    -503.9525 -607.3844 0.7003316
1628.24    -503.7952 -607.3786 0.7003387
1628.25    -503.6378 -607.3729 0.7003465
1628.26    -503.4803 -607.3672 0.7003562
1628.27    -503.3228 -607.3615 0.700368
1628.28    -503.1653 -607.3559 0.7003817
1628.29    -503.0076 -607.3503 0.700397
1628.3    -502.8499 -607.3448 0.7004151
1628.31    -502.6922 -607.3394 0.7004358
1628.32    -502.5343 -607.334 0.7004589
1628.33    -502.3764 -607.3287 0.7004843
1628.34    -502.2185 -607.3235 0.7005119
1628.35    -502.0605 -607.3182 0.7005429
1628.36    -501.9024 -607.313 0.7005768
1628.37    -501.7443 -607.3079 0.7006137
1628.38    -501.5861 -607.3029 0.7006534
1628.39    -501.4278 -607.2979 0.7006957
1628.4    -501.2695 -607.2929 0.7007414
1628.41    -501.1111 -607.2881 0.7007902
1628.42    -500.9526 -607.2833 0.700842
1628.43    -500.7941 -607.2785 0.7008967
1628.44    -500.6355 -607.2738 0.7009541
1628.45    -500.4769 -607.2692 0.7010144
1628.46    -500.3182 -607.2646 0.7010777
1628.47    -500.1594 -607.2601 0.7011436
1628.48    -500.0006 -607.2556 0.7012122
1628.49    -499.8417 -607.2513 0.7012831
1628.5    -499.6827 -607.2469 0.7013565
1628.51    -499.5237 -607.2427 0.7014321
1628.52    -499.3647 -607.2385 0.7015099
1628.53    -499.2055 -607.2343 0.7015898
1628.54    -499.0463 -607.2302 0.7016716
1628.55    -498.8871 -607.2262 0.7017553
1628.56    -498.7278 -607.2222 0.7018409
1628.57    -498.5684 -607.2183 0.7019281
1628.58    -498.4089 -607.2145 0.702017
1628.59    -498.2494 -607.2107 0.7021075
1628.6    -498.0898 -607.207 0.7021994
1628.61    -497.9302 -607.2034 0.7022927
1628.62    -497.7705 -607.1998 0.7023873
1628.63    -497.6107 -607.1962 0.7024833
1628.64    -497.4509 -607.1927 0.7025805
1628.65    -497.2911 -607.1893 0.7026788
1628.66    -497.1312 -607.1859 0.7027782
1628.67    -496.9711 -607.1826 0.7028787
1628.68    -496.8111 -607.1794 0.7029802
1628.69    -496.6509 -607.1762 0.7030826
1628.7    -496.4908 -607.1731 0.703186
1628.71    -496.3306 -607.17 0.7032902
1628.72    -496.1703 -607.1671 0.7033954
1628.73    -496.0099 -607.1641 0.7035012
1628.74    -495.8495 -607.1613 0.703608
1628.75    -495.689 -607.1584 0.7037154
1628.76    -495.5285 -607.1556 0.7038235
1628.77    -495.3679 -607.153 0.7039323
1628.78    -495.2072 -607.1503 0.7040418
1628.79    -495.0464 -607.1477 0.7041519
1628.8    -494.8857 -607.1451 0.7042626
1628.81    -494.7249 -607.1426 0.7043738
1628.82    -494.5639 -607.1401 0.7044857
1628.83    -494.403 -607.1378 0.7045981
1628.84    -494.2419 -607.1354 0.704711
1628.85    -494.0808 -607.1332 0.7048246
1628.86    -493.9197 -607.1309 0.7049387
1628.87    -493.7585 -607.1288 0.7050534
1628.88    -493.5973 -607.1267 0.7051687
1628.89    -493.4359 -607.1247 0.7052845
1628.9    -493.2745 -607.1227 0.7054011
1628.91    -493.1131 -607.1208 0.7055183
1628.92    -492.9516 -607.119 0.7056362
1628.93    -492.79 -607.1172 0.7057549
1628.94    -492.6284 -607.1155 0.7058741
1628.95    -492.4668 -607.1138 0.7059943
1628.96    -492.3051 -607.1122 0.7061153
1628.97    -492.1433 -607.1107 0.7062371
1628.98    -491.9814 -607.1092 0.7063597
1628.99    -491.8195 -607.1077 0.7064831
1629    -491.6577 -607.1063 0.7066075
1629.01    -491.4957 -607.1049 0.7067327
1629.02    -491.3337 -607.1036 0.7068588
1629.03    -491.1716 -607.1024 0.7069857
1629.04    -491.0095 -607.1012 0.7071134
1629.05    -490.8473 -607.1001 0.7072418
1629.06    -490.6851 -607.099 0.7073711
1629.07    -490.5228 -607.098 0.7075009
1629.08    -490.3604 -607.0971 0.7076315
1629.09    -490.1981 -607.0963 0.7077627
1629.1    -490.0356 -607.0953 0.7078945
1629.11    -489.8732 -607.0945 0.7080268
1629.12    -489.7106 -607.0938 0.7081598
1629.13    -489.548 -607.0931 0.7082932
1629.14    -489.3854 -607.0925 0.7084272
1629.15    -489.2227 -607.0919 0.7085617
1629.16    -489.06 -607.0914 0.7086965
1629.17    -488.8972 -607.0909 0.7088318
1629.18    -488.7344 -607.0905 0.7089676
1629.19    -488.5715 -607.0901 0.7091037
1629.2    -488.4086 -607.0898 0.7092402
1629.21    -488.2456 -607.0895 0.7093769
1629.22    -488.0826 -607.0894 0.709514
1629.23    -487.9196 -607.0892 0.7096514
1629.24    -487.7565 -607.0891 0.709789
1629.25    -487.5933 -607.0891 0.709927
1629.26    -487.4301 -607.0891 0.7100647
1629.27    -487.2669 -607.0891 0.7102021
1629.28    -487.1036 -607.0892 0.7103393
1629.29    -486.9403 -607.0894 0.7104763
1629.3    -486.7769 -607.0895 0.7106122
1629.31    -486.6136 -607.0898 0.7107472
1629.32    -486.4501 -607.0901 0.7108813
1629.33    -486.2866 -607.0905 0.7110145
1629.34    -486.1231 -607.0909 0.711147
1629.35    -485.9595 -607.0914 0.7112772
1629.36    -485.796 -607.0919 0.7114055
1629.37    -485.6324 -607.0925 0.7115318
1629.38    -485.4687 -607.0931 0.7116563
1629.39    -485.3051 -607.0938 0.7117792
1629.4    -485.1414 -607.0944 0.7119004
1629.41    -484.9777 -607.0952 0.7120182
1629.42    -484.8139 -607.0961 0.7121327
1629.43    -484.6502 -607.097 0.7122442
1629.44    -484.4865 -607.0978 0.7123527
1629.45    -484.3228 -607.0988 0.7124572
1629.46    -484.1591 -607.0999 0.7125577
1629.47    -483.9954 -607.1009 0.7126545
1629.48    -483.8317 -607.1021 0.7127479
1629.49    -483.668 -607.1032 0.7128378
1629.5    -483.5044 -607.1044 0.7129235
1629.51    -483.3408 -607.1057 0.7130051
1629.52    -483.1772 -607.107 0.7130828
1629.53    -483.0136 -607.1084 0.7131569
1629.54    -482.85 -607.1097 0.7132274
1629.55    -482.6865 -607.1112 0.713294
1629.56    -482.5229 -607.1127 0.7133569
1629.57    -482.3594 -607.1143 0.7134161
1629.58    -482.1959 -607.1159 0.713472
1629.59    -482.0324 -607.1176 0.7135245
1629.6    -481.8689 -607.1192 0.713574
1629.61    -481.7055 -607.121 0.7136203
1629.62    -481.5421 -607.1228 0.7136633
1629.63    -481.3786 -607.1246 0.7137034
1629.64    -481.2152 -607.1265 0.7137406
1629.65    -481.0518 -607.1285 0.7137752
1629.66    -480.8885 -607.1305 0.713807
1629.67    -480.7252 -607.1325 0.7138365
1629.68    -480.5618 -607.1346 0.7138637
1629.69    -480.3985 -607.1368 0.7138885
1629.7    -480.2352 -607.1389 0.7139112
1629.71    -480.072 -607.1412 0.713932
1629.72    -479.9087 -607.1435 0.7139508
1629.73    -479.7455 -607.1458 0.7139677
1629.74    -479.5822 -607.1482 0.7139829
1629.75    -479.4191 -607.1506 0.7139964
1629.76    -479.2559 -607.1531 0.7140084
1629.77    -479.0927 -607.1556 0.7140189
1629.78    -478.9296 -607.1583 0.7140279
1629.79    -478.7664 -607.1609 0.7140355
1629.8    -478.6034 -607.1635 0.7140419
1629.81    -478.4403 -607.1663 0.714047
1629.82    -478.2772 -607.1691 0.7140509
1629.83    -478.1142 -607.1719 0.7140538
1629.84    -477.9511 -607.1747 0.7140554
1629.85    -477.7881 -607.1777 0.7140561
1629.86    -477.6251 -607.1807 0.7140558
1629.87    -477.4622 -607.1837 0.7140546
1629.88    -477.2992 -607.1868 0.7140525
1629.89    -477.1363 -607.1899 0.7140496
1629.9    -476.9734 -607.193 0.7140459
1629.91    -476.8105 -607.1962 0.7140414
1629.92    -476.6476 -607.1995 0.7140361
1629.93    -476.4847 -607.2028 0.7140301
1629.94    -476.3218 -607.2062 0.7140235
1629.95    -476.159 -607.2096 0.7140162
1629.96    -475.9962 -607.2131 0.7140083
1629.97    -475.8334 -607.2166 0.7139997
1629.98    -475.6707 -607.2202 0.7139907
1629.99    -475.5079 -607.2238 0.713981
1630    -475.3452 -607.2274 0.7139707
1630.01    -475.1825 -607.2311 0.7139598
1630.02    -475.0198 -607.2349 0.7139482
1630.03    -474.8571 -607.2386 0.7139362
1630.04    -474.6944 -607.2425 0.7139234
1630.05    -474.5318 -607.2464 0.71391
1630.06    -474.3692 -607.2504 0.7138959
1630.07    -474.2066 -607.2543 0.713881
1630.08    -474.044 -607.2584 0.7138655
1630.09    -473.8814 -607.2625 0.7138494
1630.1    -473.7189 -607.2665 0.7138325
1630.11    -473.5563 -607.2708 0.713815
1630.12    -473.3938 -607.275 0.7137966
1630.13    -473.2313 -607.2792 0.7137777
1630.14    -473.0689 -607.2836 0.713758
1630.15    -472.9064 -607.288 0.7137377
1630.16    -472.744 -607.2924 0.7137167
1630.17    -472.5816 -607.2969 0.7136952
1630.18    -472.4192 -607.3014 0.7136732
1630.19    -472.2568 -607.306 0.7136505
1630.2    -472.0945 -607.3105 0.7136273
1630.21    -471.9321 -607.3152 0.7136036
1630.22    -471.7698 -607.3199 0.7135794
1630.23    -471.6075 -607.3246 0.7135547
1630.24    -471.4452 -607.3295 0.7135296
1630.25    -471.2829 -607.3344 0.7135042
1630.26    -471.1207 -607.3392 0.7134783
1630.27    -470.9585 -607.3442 0.713452
1630.28    -470.7963 -607.3492 0.7134253
1630.29    -470.6341 -607.3542 0.7133982
1630.3    -470.4719 -607.3593 0.7133709
1630.31    -470.3098 -607.3645 0.7133432
1630.32    -470.1476 -607.3697 0.7133152
1630.33    -469.9855 -607.3749 0.7132869
1630.34    -469.8234 -607.3802 0.7132583
1630.35    -469.6614 -607.3856 0.7132294
1630.36    -469.4993 -607.3909 0.7132003
1630.37    -469.3373 -607.3963 0.7131709
1630.38    -469.1753 -607.4018 0.7131413
1630.39    -469.0132 -607.4073 0.7131115
1630.4    -468.8513 -607.4129 0.7130814
1630.41    -468.6893 -607.4185 0.7130512
1630.42    -468.5274 -607.4242 0.7130207
1630.43    -468.3654 -607.4299 0.71299
1630.44    -468.2035 -607.4357 0.7129591
1630.45    -468.0417 -607.4415 0.7129282
1630.46    -467.8798 -607.4473 0.7128969
1630.47    -467.718 -607.4532 0.7128656
1630.48    -467.5561 -607.4592 0.712834
1630.49    -467.3943 -607.4651 0.7128024
1630.5    -467.2325 -607.4712 0.7127706
1630.51    -467.0707 -607.4773 0.7127386
1630.52    -466.909 -607.4834 0.7127064
1630.53    -466.7473 -607.4896 0.7126743
1630.54    -466.5856 -607.4958 0.7126419
1630.55    -466.4239 -607.5021 0.7126095
1630.56    -466.2622 -607.5084 0.7125769
1630.57    -466.1006 -607.5148 0.7125441
1630.58    -465.9389 -607.5211 0.7125114
1630.59    -465.7773 -607.5276 0.7124785
1630.6    -465.6157 -607.5341 0.7124456
1630.61    -465.4541 -607.5405 0.7124125
1630.62    -465.2926 -607.5471 0.7123793
1630.63    -465.131 -607.5536 0.712346
1630.64    -464.9695 -607.5602 0.7123127
1630.65    -464.808 -607.5668 0.7122793
1630.66    -464.6465 -607.5735 0.7122458
1630.67    -464.485 -607.5802 0.7122122
1630.68    -464.3236 -607.5869 0.7121786
1630.69    -464.1621 -607.5937 0.7121449
1630.7    -464.0007 -607.6004 0.7121111
1630.71    -463.8394 -607.6072 0.7120773
1630.72    -463.678 -607.614 0.7120433
1630.73    -463.5166 -607.6208 0.7120094
1630.74    -463.3553 -607.6277 0.7119754
1630.75    -463.1939 -607.6345 0.7119413
1630.76    -463.0327 -607.6414 0.7119072
1630.77    -462.8714 -607.6483 0.7118733
1630.78    -462.7101 -607.6552 0.7118394
1630.79    -462.5488 -607.6622 0.7118055
1630.8    -462.3876 -607.6691 0.7117717
1630.81    -462.2264 -607.6761 0.7117379
1630.82    -462.0652 -607.6831 0.7117044
1630.83    -461.904 -607.6901 0.7116709
1630.84    -461.7428 -607.6971 0.7116374
1630.85    -461.5817 -607.7042 0.7116043
1630.86    -461.4205 -607.7112 0.7115715
1630.87    -461.2594 -607.7183 0.7115388
1630.88    -461.0983 -607.7253 0.7115064
1630.89    -460.9373 -607.7324 0.7114742
1630.9    -460.7762 -607.7394 0.7114424
1630.91    -460.6152 -607.7465 0.7114113
1630.92    -460.4542 -607.7535 0.7113805
1630.93    -460.2932 -607.7607 0.7113503
1630.94    -460.1321 -607.7678 0.7113203
1630.95    -459.9712 -607.7749 0.7112909
1630.96    -459.8102 -607.782 0.7112623
1630.97    -459.6493 -607.7892 0.7112345
1630.98    -459.4883 -607.7963 0.7112075
1630.99    -459.3274 -607.8034 0.7111812
1631    -459.1666 -607.8105 0.711156
1631.01    -459.0057 -607.8176 0.7111316
1631.02    -458.8448 -607.8247 0.7111082
1631.03    -458.684 -607.8317 0.7110856
1631.04    -458.5232 -607.8388 0.7110638
1631.05    -458.3624 -607.8458 0.7110429
1631.06    -458.2016 -607.8529 0.7110228
1631.07    -458.0409 -607.8599 0.7110035
1631.08    -457.8801 -607.8669 0.710985
1631.09    -457.7194 -607.8738 0.7109672
1631.1    -457.5587 -607.8808 0.7109501
1631.11    -457.3979 -607.8878 0.7109336
1631.12    -457.2372 -607.8947 0.7109178
1631.13    -457.0766 -607.9015 0.7109025
1631.14    -456.9159 -607.9083 0.7108878
1631.15    -456.7553 -607.9152 0.7108737
1631.16    -456.5947 -607.922 0.7108602
1631.17    -456.4341 -607.9288 0.7108471
1631.18    -456.2735 -607.9355 0.7108346
1631.19    -456.1129 -607.9422 0.7108225
1631.2    -455.9523 -607.9489 0.7108108
1631.21    -455.7918 -607.9554 0.7107996
1631.22    -455.6313 -607.962 0.7107888
1631.23    -455.4708 -607.9686 0.7107784
1631.24    -455.3102 -607.9751 0.7107683
1631.25    -455.1498 -607.9816 0.7107586
1631.26    -454.9893 -607.988 0.7107494
1631.27    -454.8288 -607.9943 0.7107406
1631.28    -454.6684 -608.0007 0.7107321
1631.29    -454.508 -608.007 0.710724
1631.3    -454.3476 -608.0132 0.7107164
1631.31    -454.1872 -608.0193 0.7107095
1631.32    -454.0268 -608.0255 0.7107032
1631.33    -453.8665 -608.0316 0.7106974
1631.34    -453.7061 -608.0376 0.710692
1631.35    -453.5458 -608.0436 0.7106875
1631.36    -453.3855 -608.0494 0.7106838
1631.37    -453.2252 -608.0553 0.710681
1631.38    -453.0649 -608.0611 0.7106788
1631.39    -452.9046 -608.0668 0.7106773
1631.4    -452.7444 -608.0724 0.710677
1631.41    -452.5841 -608.0781 0.7106781
1631.42    -452.4239 -608.0836 0.7106802
1631.43    -452.2637 -608.0891 0.7106835
1631.44    -452.1035 -608.0945 0.7106878
1631.45    -451.9434 -608.0998 0.7106939
1631.46    -451.7832 -608.1051 0.7107016
1631.47    -451.6231 -608.1103 0.710711
1631.48    -451.463 -608.1154 0.7107219
1631.49    -451.3028 -608.1204 0.7107343
1631.5    -451.1427 -608.1254 0.7107489
1631.51    -450.9826 -608.1304 0.7107656
1631.52    -450.8226 -608.1352 0.7107843
1631.53    -450.6625 -608.14 0.7108049
1631.54    -450.5025 -608.1446 0.7108274
1631.55    -450.3425 -608.1492 0.710852
1631.56    -450.1825 -608.1537 0.7108787
1631.57    -450.0225 -608.1581 0.7109076
1631.58    -449.8625 -608.1625 0.7109383
1631.59    -449.7025 -608.1668 0.7109709
1631.6    -449.5426 -608.171 0.7110053
1631.61    -449.3827 -608.1751 0.7110415
1631.62    -449.2228 -608.1791 0.7110794
1631.63    -449.0629 -608.183 0.7111189
1631.64    -448.903 -608.187 0.7111599
1631.65    -448.7432 -608.1907 0.7112026
1631.66    -448.5833 -608.1943 0.7112466
1631.67    -448.4235 -608.1979 0.711292
1631.68    -448.2637 -608.2014 0.7113386
1631.69    -448.1039 -608.2048 0.7113866
1631.7    -447.9441 -608.2081 0.7114358
1631.71    -447.7843 -608.2113 0.7114862
1631.72    -447.6246 -608.2145 0.7115376
1631.73    -447.4648 -608.2175 0.7115901
1631.74    -447.3051 -608.2204 0.7116436
1631.75    -447.1454 -608.2233 0.7116981
1631.76    -446.9857 -608.226 0.7117535
1631.77    -446.8264 -608.2287 0.7118099
1631.78    -446.6674 -608.2312 0.7118671
1631.79    -446.5087 -608.2336 0.7119251
1631.8    -446.3503 -608.236 0.711984
1631.81    -446.1923 -608.2382 0.7120435
1631.82    -446.0345 -608.2404 0.7121039
1631.83    -445.8771 -608.2424 0.7121649
1631.84    -445.72 -608.2443 0.7122266
1631.85    -445.5633 -608.2462 0.712289
1631.86    -445.4069 -608.2479 0.712352
1631.87    -445.2507 -608.2496 0.7124156
1631.88    -445.0949 -608.2512 0.7124798
1631.89    -444.9395 -608.2526 0.7125444
1631.9    -444.7843 -608.2539 0.7126096
1631.91    -444.6295 -608.2552 0.7126753
1631.92    -444.475 -608.2563 0.7127414
1631.93    -444.3208 -608.2574 0.7128079
1631.94    -444.1669 -608.2584 0.7128748
1631.95    -444.0134 -608.2593 0.7129421
1631.96    -443.8601 -608.26 0.7130097
1631.97    -443.7072 -608.2607 0.7130775
1631.98    -443.5547 -608.2613 0.7131458
1631.99    -443.4024 -608.2618 0.7132143
1632    -443.2505 -608.2622 0.7132831
1632.01    -443.0988 -608.2626 0.7133521
1632.02    -442.9475 -608.2628 0.7134214
1632.03    -442.7966 -608.2629 0.713491
1632.04    -442.6459 -608.263 0.7135606
1632.05    -442.4956 -608.2629 0.7136306
1632.06    -442.3456 -608.2628 0.7137007
1632.07    -442.1959 -608.2626 0.7137711
1632.08    -442.0465 -608.2623 0.7138416
1632.09    -441.8975 -608.2619 0.7139123
1632.1    -441.7487 -608.2614 0.7139832
1632.11    -441.6003 -608.2608 0.7140543
1632.12    -441.4523 -608.2601 0.7141256
1632.13    -441.3045 -608.2594 0.7141969
1632.14    -441.1571 -608.2585 0.7142684
1632.15    -441.01 -608.2576 0.7143402
1632.16    -440.8632 -608.2565 0.7144119
1632.17    -440.7167 -608.2554 0.7144839
1632.18    -440.5706 -608.2542 0.7145559
1632.19    -440.4247 -608.2529 0.714628
1632.2    -440.2793 -608.2516 0.7147001
1632.21    -440.1341 -608.2501 0.7147722
1632.22    -439.9892 -608.2485 0.714844
1632.23    -439.8447 -608.2469 0.7149159
1632.24    -439.7005 -608.2452 0.7149876
1632.25    -439.5566 -608.2435 0.7150593
1632.26    -439.413 -608.2416 0.71513
1632.27    -439.2698 -608.2396 0.7151996
1632.28    -439.1269 -608.2376 0.7152684
1632.29    -438.9843 -608.2355 0.7153362
1632.3    -438.842 -608.2334 0.7154019
1632.31    -438.7001 -608.2311 0.7154655
1632.32    -438.5585 -608.2288 0.7155271
1632.33    -438.4172 -608.2264 0.7155867
1632.34    -438.2762 -608.2239 0.7156445
1632.35    -438.1356 -608.2214 0.7156985
1632.36    -437.9952 -608.2189 0.715749
1632.37    -437.8552 -608.2162 0.7157959
1632.38    -437.7155 -608.2134 0.7158396
