437.61    -646.2793 -614.3618 0.700617
437.62    -646.1493 -614.357 0.7005684
437.63    -646.0192 -614.3522 0.7005176
437.64    -645.8891 -614.3474 0.7004647
437.65    -645.759 -614.3425 0.70041
437.66    -645.6288 -614.3377 0.7003538
437.67    -645.4987 -614.3329 0.700296
437.68    -645.3684 -614.328 0.7002367
437.69    -645.2382 -614.3232 0.7001761
437.7    -645.1078 -614.3184 0.700115
437.71    -644.9775 -614.3135 0.7000533
437.72    -644.8472 -614.3087 0.6999913
437.73    -644.7167 -614.3039 0.6999289
437.74    -644.5863 -614.299 0.6998661
437.75    -644.4559 -614.2941 0.6998039
437.76    -644.3254 -614.2892 0.6997424
437.77    -644.1948 -614.2844 0.6996813
437.78    -644.0643 -614.2794 0.6996208
437.79    -643.9337 -614.2745 0.6995608
437.8    -643.803 -614.2697 0.6995022
437.81    -643.6724 -614.2648 0.6994451
437.82    -643.5416 -614.2599 0.6993892
437.83    -643.4109 -614.255 0.6993346
437.84    -643.2801 -614.2501 0.6992813
437.85    -643.1493 -614.2452 0.6992299
437.86    -643.0184 -614.2402 0.6991804
437.87    -642.8875 -614.2353 0.6991327
437.88    -642.7566 -614.2303 0.6990867
437.89    -642.6256 -614.2254 0.6990423
437.9    -642.4946 -614.2205 0.6989999
437.91    -642.3636 -614.2155 0.6989596
437.92    -642.2325 -614.2106 0.6989212
437.93    -642.1014 -614.2056 0.6988845
437.94    -641.9703 -614.2006 0.6988496
437.95    -641.8391 -614.1956 0.6988165
437.96    -641.7079 -614.1906 0.6987855
437.97    -641.5767 -614.1856 0.698756
437.98    -641.4454 -614.1806 0.6987284
437.99    -641.314 -614.1755 0.6987023
438    -641.1827 -614.1705 0.6986784
438.01    -641.0513 -614.1655 0.6986566
438.02    -640.9199 -614.1605 0.6986367
438.03    -640.7884 -614.1554 0.6986186
438.04    -640.6569 -614.1503 0.6986023
438.05    -640.5253 -614.1452 0.6985884
438.06    -640.3938 -614.1401 0.6985769
438.07    -640.2622 -614.1351 0.6985676
438.08    -640.1306 -614.1299 0.6985605
438.09    -639.9989 -614.1248 0.6985552
438.1    -639.8672 -614.1196 0.6985528
438.11    -639.7355 -614.1145 0.6985529
438.12    -639.6037 -614.1094 0.6985554
438.13    -639.4719 -614.1042 0.6985602
438.14    -639.34 -614.0989 0.6985673
438.15    -639.2082 -614.0938 0.6985771
438.16    -639.0763 -614.0886 0.6985894
438.17    -638.9443 -614.0834 0.6986043
438.18    -638.8124 -614.0781 0.6986215
438.19    -638.6804 -614.0728 0.6986408
438.2    -638.5483 -614.0676 0.6986625
438.21    -638.4163 -614.0623 0.6986865
438.22    -638.2841 -614.057 0.6987125
438.23    -638.152 -614.0517 0.6987407
438.24    -638.0198 -614.0464 0.6987706
438.25    -637.8876 -614.0411 0.6988024
438.26    -637.7554 -614.0357 0.698836
438.27    -637.6231 -614.0304 0.6988711
438.28    -637.4908 -614.025 0.6989077
438.29    -637.3584 -614.0196 0.6989458
438.3    -637.226 -614.0142 0.6989853
438.31    -637.0936 -614.0089 0.699026
438.32    -636.9611 -614.0035 0.6990681
438.33    -636.8286 -613.998 0.6991114
438.34    -636.6961 -613.9926 0.6991557
438.35    -636.5635 -613.9871 0.6992012
438.36    -636.431 -613.9817 0.6992477
438.37    -636.2983 -613.9763 0.6992951
438.38    -636.1657 -613.9707 0.6993434
438.39    -636.033 -613.9652 0.6993927
438.4    -635.9003 -613.9597 0.699443
438.41    -635.7676 -613.9542 0.6994941
438.42    -635.6348 -613.9486 0.6995462
438.43    -635.502 -613.9431 0.699599
438.44    -635.3692 -613.9375 0.6996527
438.45    -635.2363 -613.9319 0.6997072
438.46    -635.1035 -613.9263 0.6997631
438.47    -634.9705 -613.9207 0.6998202
438.48    -634.8376 -613.9151 0.6998786
438.49    -634.7046 -613.9095 0.6999383
438.5    -634.5716 -613.9039 0.699999
438.51    -634.4386 -613.8982 0.7000616
438.52    -634.3055 -613.8925 0.7001259
438.53    -634.1725 -613.8868 0.7001919
438.54    -634.0394 -613.8812 0.7002594
438.55    -633.9063 -613.8755 0.7003289
438.56    -633.7732 -613.8698 0.7004001
438.57    -633.6401 -613.864 0.7004731
438.58    -633.5069 -613.8583 0.7005477
438.59    -633.3737 -613.8525 0.7006238
438.6    -633.2405 -613.8468 0.7007014
438.61    -633.1072 -613.841 0.7007806
438.62    -632.974 -613.8353 0.7008612
438.63    -632.8407 -613.8295 0.7009432
438.64    -632.7074 -613.8237 0.7010266
438.65    -632.5741 -613.8179 0.7011112
438.66    -632.4408 -613.8121 0.701197
438.67    -632.3074 -613.8063 0.7012839
438.68    -632.1741 -613.8005 0.7013719
438.69    -632.0407 -613.7947 0.701461
438.7    -631.9073 -613.7889 0.7015509
438.71    -631.7739 -613.7831 0.7016419
438.72    -631.6405 -613.7773 0.7017335
438.73    -631.5071 -613.7715 0.7018262
438.74    -631.3736 -613.7657 0.7019194
438.75    -631.2402 -613.7599 0.7020134
438.76    -631.1067 -613.7542 0.7021079
438.77    -630.9732 -613.7484 0.7022029
438.78    -630.8397 -613.7426 0.7022985
438.79    -630.7062 -613.7368 0.7023945
438.8    -630.5728 -613.731 0.7024904
438.81    -630.4393 -613.7251 0.7025864
438.82    -630.3057 -613.7192 0.7026821
438.83    -630.1722 -613.7134 0.7027777
438.84    -630.0386 -613.7075 0.7028733
438.85    -629.9051 -613.7017 0.7029679
438.86    -629.7715 -613.6959 0.7030615
438.87    -629.638 -613.6901 0.7031543
438.88    -629.5045 -613.6843 0.7032461
438.89    -629.3709 -613.6785 0.7033373
438.9    -629.2374 -613.6727 0.7034264
438.91    -629.1038 -613.6669 0.7035137
438.92    -628.9703 -613.6611 0.7035992
438.93    -628.8367 -613.6553 0.703683
438.94    -628.7032 -613.6495 0.7037653
438.95    -628.5696 -613.6437 0.7038448
438.96    -628.4361 -613.6379 0.7039219
438.97    -628.3026 -613.6322 0.7039965
438.98    -628.169 -613.6265 0.7040689
438.99    -628.0355 -613.6207 0.7041391
439    -627.9019 -613.6151 0.7042075
439.01    -627.7684 -613.6093 0.704273
439.02    -627.6349 -613.6036 0.704336
439.03    -627.5015 -613.5978 0.7043967
439.04    -627.368 -613.5922 0.7044552
439.05    -627.2346 -613.5865 0.7045115
439.06    -627.1011 -613.5808 0.7045655
439.07    -626.9677 -613.5752 0.7046176
439.08    -626.8343 -613.5695 0.7046679
439.09    -626.7009 -613.5638 0.7047162
439.1    -626.5674 -613.5583 0.7047629
439.11    -626.434 -613.5527 0.7048081
439.12    -626.3007 -613.5471 0.7048519
439.13    -626.1673 -613.5415 0.7048943
439.14    -626.0339 -613.5359 0.7049354
439.15    -625.9006 -613.5304 0.7049756
439.16    -625.7672 -613.5248 0.7050148
439.17    -625.6339 -613.5193 0.7050532
439.18    -625.5005 -613.5138 0.7050908
439.19    -625.3672 -613.5082 0.7051276
439.2    -625.2339 -613.5027 0.7051639
439.21    -625.1007 -613.4973 0.7051999
439.22    -624.9675 -613.4918 0.7052354
439.23    -624.8342 -613.4863 0.7052706
439.24    -624.701 -613.4809 0.7053055
439.25    -624.5678 -613.4755 0.7053405
439.26    -624.4346 -613.47 0.7053756
439.27    -624.3015 -613.4647 0.7054108
439.28    -624.1683 -613.4592 0.7054461
439.29    -624.0351 -613.4538 0.7054814
439.3    -623.902 -613.4485 0.7055175
439.31    -623.7689 -613.4431 0.7055541
439.32    -623.6357 -613.4377 0.7055913
439.33    -623.5026 -613.4324 0.7056291
439.34    -623.3695 -613.4271 0.7056674
439.35    -623.2365 -613.4218 0.7057064
439.36    -623.1034 -613.4165 0.7057462
439.37    -622.9703 -613.4113 0.7057866
439.38    -622.8373 -613.406 0.7058278
439.39    -622.7043 -613.4008 0.7058696
439.4    -622.5713 -613.3956 0.7059118
439.41    -622.4383 -613.3903 0.7059545
439.42    -622.3054 -613.3851 0.7059976
439.43    -622.1724 -613.3799 0.7060411
439.44    -622.0395 -613.3748 0.706085
439.45    -621.9066 -613.3696 0.7061286
439.46    -621.7737 -613.3645 0.7061719
439.47    -621.6408 -613.3594 0.7062148
439.48    -621.5079 -613.3543 0.7062575
439.49    -621.3751 -613.3492 0.7063
439.5    -621.2422 -613.3441 0.706341
439.51    -621.1094 -613.3391 0.7063807
439.52    -620.9766 -613.334 0.7064191
439.53    -620.8438 -613.329 0.7064564
439.54    -620.711 -613.324 0.7064925
439.55    -620.5782 -613.319 0.7065276
439.56    -620.4454 -613.314 0.7065603
439.57    -620.3127 -613.309 0.7065907
439.58    -620.1799 -613.3041 0.706619
439.59    -620.0472 -613.2991 0.7066453
439.6    -619.9145 -613.2943 0.7066689
439.61    -619.7818 -613.2893 0.7066899
439.62    -619.6491 -613.2844 0.7067084
439.63    -619.5164 -613.2795 0.7067248
439.64    -619.3838 -613.2747 0.7067388
439.65    -619.2512 -613.2698 0.7067509
439.66    -619.1185 -613.265 0.7067604
439.67    -618.986 -613.2602 0.7067676
439.68    -618.8534 -613.2554 0.7067725
439.69    -618.7208 -613.2506 0.7067754
439.7    -618.5883 -613.2458 0.7067762
439.71    -618.4557 -613.2411 0.7067751
439.72    -618.3232 -613.2364 0.7067722
439.73    -618.1907 -613.2316 0.7067676
439.74    -618.0582 -613.2269 0.7067614
439.75    -617.9257 -613.2222 0.7067536
439.76    -617.7933 -613.2175 0.7067446
439.77    -617.6608 -613.2128 0.7067344
439.78    -617.5284 -613.2081 0.7067231
439.79    -617.3959 -613.2035 0.7067108
439.8    -617.2635 -613.1989 0.7066979
439.81    -617.1312 -613.1943 0.7066844
439.82    -616.9988 -613.1896 0.7066703
439.83    -616.8664 -613.1851 0.7066556
439.84    -616.734 -613.1805 0.7066404
439.85    -616.6017 -613.176 0.7066253
439.86    -616.4694 -613.1714 0.7066101
439.87    -616.337 -613.1669 0.7065951
439.88    -616.2047 -613.1624 0.7065799
439.89    -616.0724 -613.1579 0.7065647
439.9    -615.9402 -613.1534 0.7065502
439.91    -615.8079 -613.1489 0.7065365
439.92    -615.6757 -613.1445 0.7065235
439.93    -615.5435 -613.1401 0.7065111
439.94    -615.4113 -613.1356 0.7064992
439.95    -615.2791 -613.1312 0.706488
439.96    -615.147 -613.1268 0.7064781
439.97    -615.0148 -613.1224 0.7064694
439.98    -614.8827 -613.118 0.7064619
439.99    -614.7505 -613.1136 0.7064556
440    -614.6185 -613.1093 0.706451
440.01    -614.4864 -613.105 0.706448
440.02    -614.3543 -613.1007 0.7064465
440.03    -614.2222 -613.0964 0.7064465
440.04    -614.0901 -613.092 0.7064478
440.05    -613.9581 -613.0878 0.7064504
440.06    -613.826 -613.0835 0.7064551
440.07    -613.694 -613.0793 0.7064616
440.08    -613.562 -613.075 0.70647
440.09    -613.43 -613.0707 0.70648
440.1    -613.298 -613.0665 0.7064921
440.11    -613.1661 -613.0623 0.7065062
440.12    -613.0341 -613.0582 0.7065223
440.13    -612.9022 -613.054 0.7065401
440.14    -612.7703 -613.0497 0.7065597
440.15    -612.6384 -613.0455 0.7065812
440.16    -612.5065 -613.0414 0.7066045
440.17    -612.3747 -613.0372 0.7066295
440.18    -612.2429 -613.0331 0.7066562
440.19    -612.111 -613.029 0.7066844
440.2    -611.9792 -613.0248 0.706714
440.21    -611.8475 -613.0208 0.7067448
440.22    -611.7157 -613.0167 0.7067768
440.23    -611.5839 -613.0126 0.7068099
440.24    -611.4521 -613.0085 0.7068442
440.25    -611.3204 -613.0045 0.706879
440.26    -611.1887 -613.0004 0.7069143
440.27    -611.057 -612.9963 0.7069501
440.28    -610.9253 -612.9923 0.7069864
440.29    -610.7936 -612.9883 0.7070233
440.3    -610.6619 -612.9843 0.70706
440.31    -610.5303 -612.9802 0.7070965
440.32    -610.3986 -612.9763 0.7071329
440.33    -610.267 -612.9723 0.7071693
440.34    -610.1353 -612.9683 0.7072055
440.35    -610.0037 -612.9644 0.707241
440.36    -609.8721 -612.9604 0.7072756
440.37    -609.7405 -612.9564 0.7073096
440.38    -609.609 -612.9525 0.7073429
440.39    -609.4774 -612.9486 0.7073755
440.4    -609.3459 -612.9447 0.7074066
440.41    -609.2144 -612.9408 0.7074364
440.42    -609.0829 -612.9369 0.707465
440.43    -608.9515 -612.933 0.7074924
440.44    -608.82 -612.9291 0.7075185
440.45    -608.6885 -612.9252 0.7075435
440.46    -608.5571 -612.9213 0.7075672
440.47    -608.4257 -612.9175 0.7075894
440.48    -608.2943 -612.9137 0.7076104
440.49    -608.1629 -612.9099 0.7076303
440.5    -608.0316 -612.906 0.7076489
440.51    -607.9002 -612.9022 0.7076665
440.52    -607.7689 -612.8983 0.707683
440.53    -607.6375 -612.8945 0.7076986
440.54    -607.5062 -612.8907 0.7077132
440.55    -607.3749 -612.887 0.707727
440.56    -607.2436 -612.8832 0.7077401
440.57    -607.1123 -612.8795 0.7077525
440.58    -606.981 -612.8757 0.7077641
440.59    -606.8498 -612.8719 0.7077752
440.6    -606.7186 -612.8681 0.7077857
440.61    -606.5873 -612.8644 0.7077957
440.62    -606.4562 -612.8607 0.7078052
440.63    -606.325 -612.8569 0.7078142
440.64    -606.1938 -612.8532 0.7078227
440.65    -606.0627 -612.8495 0.7078308
440.66    -605.9316 -612.8458 0.7078387
440.67    -605.8005 -612.8421 0.7078461
440.68    -605.6694 -612.8384 0.7078533
440.69    -605.5383 -612.8347 0.7078603
440.7    -605.4072 -612.8311 0.7078673
440.71    -605.2762 -612.8274 0.7078742
440.72    -605.1451 -612.8237 0.7078812
440.73    -605.0141 -612.8201 0.7078882
440.74    -604.8831 -612.8165 0.7078953
440.75    -604.7521 -612.8128 0.7079028
440.76    -604.6211 -612.8091 0.7079107
440.77    -604.4901 -612.8055 0.7079191
440.78    -604.3591 -612.8018 0.7079279
440.79    -604.2281 -612.7982 0.7079371
440.8    -604.0972 -612.7946 0.7079467
440.81    -603.9663 -612.791 0.7079574
440.82    -603.8354 -612.7874 0.707969
440.83    -603.7045 -612.7838 0.7079815
440.84    -603.5737 -612.7802 0.7079949
440.85    -603.4428 -612.7766 0.7080096
440.86    -603.312 -612.7729 0.7080256
440.87    -603.1812 -612.7693 0.7080429
440.88    -603.0504 -612.7657 0.7080612
440.89    -602.9196 -612.7621 0.7080806
440.9    -602.7888 -612.7585 0.7081015
440.91    -602.6581 -612.7549 0.7081239
440.92    -602.5273 -612.7513 0.7081477
440.93    -602.3966 -612.7477 0.7081727
440.94    -602.2659 -612.7441 0.7081991
440.95    -602.1351 -612.7405 0.7082266
440.96    -602.0045 -612.7369 0.7082552
440.97    -601.8738 -612.7333 0.7082852
440.98    -601.7431 -612.7297 0.7083162
440.99    -601.6124 -612.7261 0.7083483
441    -601.4818 -612.7225 0.7083816
441.01    -601.3512 -612.7189 0.7084157
441.02    -601.2206 -612.7153 0.7084507
441.03    -601.09 -612.7117 0.7084867
441.04    -600.9594 -612.7081 0.7085234
441.05    -600.8289 -612.7045 0.7085609
441.06    -600.6983 -612.7009 0.708599
441.07    -600.5678 -612.6971 0.7086377
441.08    -600.4373 -612.6935 0.708677
441.09    -600.3068 -612.6898 0.7087168
441.1    -600.1763 -612.6862 0.7087568
441.11    -600.0459 -612.6825 0.708797
441.12    -599.9155 -612.6788 0.7088376
441.13    -599.785 -612.6752 0.7088783
441.14    -599.6546 -612.6714 0.7089192
441.15    -599.5242 -612.6678 0.7089596
441.16    -599.3939 -612.6641 0.7089998
441.17    -599.2635 -612.6605 0.7090395
441.18    -599.1331 -612.6568 0.709079
441.19    -599.0027 -612.6531 0.7091181
441.2    -598.8724 -612.6494 0.7091559
441.21    -598.742 -612.6458 0.7091923
441.22    -598.6117 -612.6421 0.7092274
441.23    -598.4814 -612.6384 0.7092614
441.24    -598.3511 -612.6346 0.7092943
441.25    -598.2208 -612.6309 0.709325
441.26    -598.0905 -612.6271 0.7093536
441.27    -597.9602 -612.6234 0.7093803
441.28    -597.8299 -612.6197 0.7094052
441.29    -597.6996 -612.616 0.7094283
441.3    -597.5693 -612.6122 0.7094493
441.31    -597.4391 -612.6085 0.7094682
441.32    -597.3088 -612.6047 0.7094851
441.33    -597.1786 -612.601 0.7095001
441.34    -597.0483 -612.5973 0.7095134
441.35    -596.9182 -612.5935 0.7095252
441.36    -596.788 -612.5897 0.7095354
441.37    -596.6578 -612.5859 0.7095442
441.38    -596.5276 -612.5822 0.7095517
441.39    -596.3974 -612.5783 0.7095579
441.4    -596.2672 -612.5745 0.7095634
441.41    -596.137 -612.5707 0.7095681
441.42    -596.0068 -612.567 0.7095723
441.43    -595.8766 -612.5632 0.7095759
441.44    -595.7465 -612.5594 0.7095788
441.45    -595.6163 -612.5556 0.7095819
441.46    -595.4862 -612.5518 0.709585
441.47    -595.3561 -612.548 0.7095882
441.48    -595.226 -612.5442 0.7095914
441.49    -595.0958 -612.5403 0.7095947
441.5    -594.9658 -612.5365 0.7095988
441.51    -594.8357 -612.5327 0.7096038
441.52    -594.7056 -612.5288 0.7096095
441.53    -594.5756 -612.525 0.7096159
441.54    -594.4455 -612.5211 0.7096231
441.55    -594.3154 -612.5173 0.7096309
441.56    -594.1854 -612.5134 0.70964
441.57    -594.0553 -612.5096 0.7096502
441.58    -593.9252 -612.5057 0.7096616
441.59    -593.7952 -612.5019 0.7096741
441.6    -593.6651 -612.498 0.7096876
441.61    -593.5351 -612.4942 0.7097022
441.62    -593.4051 -612.4904 0.709718
441.63    -593.2751 -612.4865 0.7097349
441.64    -593.1451 -612.4827 0.7097527
441.65    -593.0151 -612.4788 0.7097716
441.66    -592.8851 -612.475 0.7097913
441.67    -592.7551 -612.4711 0.7098119
441.68    -592.6251 -612.4673 0.7098333
441.69    -592.4951 -612.4634 0.7098554
441.7    -592.3651 -612.4596 0.7098783
441.71    -592.2352 -612.4557 0.7099019
441.72    -592.1052 -612.4519 0.7099261
441.73    -591.9753 -612.4481 0.7099509
441.74    -591.8453 -612.4442 0.7099763
441.75    -591.7154 -612.4404 0.7100023
441.76    -591.5855 -612.4365 0.7100288
441.77    -591.4556 -612.4327 0.7100558
441.78    -591.3257 -612.4288 0.7100834
441.79    -591.1959 -612.425 0.7101113
441.8    -591.066 -612.4211 0.7101399
441.81    -590.9361 -612.4173 0.710169
441.82    -590.8062 -612.4135 0.7101988
441.83    -590.6763 -612.4097 0.710229
441.84    -590.5464 -612.4058 0.7102597
441.85    -590.4166 -612.402 0.7102913
441.86    -590.2868 -612.3981 0.7103238
441.87    -590.157 -612.3943 0.7103571
441.88    -590.0272 -612.3904 0.710391
441.89    -589.8973 -612.3866 0.7104258
441.9    -589.7675 -612.3828 0.7104617
441.91    -589.6377 -612.3789 0.7104989
441.92    -589.5079 -612.3751 0.7105371
441.93    -589.3781 -612.3713 0.7105764
441.94    -589.2482 -612.3674 0.7106166
441.95    -589.1185 -612.3636 0.710658
441.96    -588.9887 -612.3597 0.7107004
441.97    -588.8589 -612.3559 0.7107438
441.98    -588.7292 -612.3521 0.7107881
441.99    -588.5994 -612.3482 0.7108334
442    -588.4697 -612.3444 0.7108793
442.01    -588.34 -612.3405 0.710926
442.02    -588.2103 -612.3367 0.7109734
442.03    -588.0806 -612.3328 0.7110214
442.04    -587.9509 -612.329 0.7110701
442.05    -587.8212 -612.3251 0.7111194
442.06    -587.6915 -612.3213 0.711169
442.07    -587.5618 -612.3174 0.7112192
442.08    -587.4321 -612.3135 0.7112698
442.09    -587.3024 -612.3096 0.7113208
442.1    -587.1727 -612.3056 0.7113721
442.11    -587.0431 -612.3017 0.7114239
442.12    -586.9135 -612.2978 0.711476
442.13    -586.7838 -612.2939 0.7115284
442.14    -586.6542 -612.29 0.7115811
442.15    -586.5245 -612.2861 0.711634
442.16    -586.3949 -612.2822 0.7116873
442.17    -586.2653 -612.2783 0.7117408
442.18    -586.1356 -612.2744 0.7117946
442.19    -586.006 -612.2704 0.7118485
442.2    -585.8764 -612.2665 0.7119026
442.21    -585.7468 -612.2626 0.7119568
442.22    -585.6172 -612.2587 0.7120112
442.23    -585.4877 -612.2548 0.7120655
442.24    -585.3581 -612.2509 0.7121201
442.25    -585.2286 -612.2469 0.7121744
442.26    -585.0991 -612.243 0.7122285
442.27    -584.9695 -612.2391 0.7122825
442.28    -584.84 -612.2352 0.7123363
442.29    -584.7105 -612.2313 0.7123901
442.3    -584.581 -612.2274 0.7124432
442.31    -584.4515 -612.2233 0.7124957
442.32    -584.322 -612.2194 0.7125479
442.33    -584.1924 -612.2154 0.7125996
442.34    -584.0629 -612.2114 0.7126507
442.35    -583.9335 -612.2075 0.7127011
442.36    -583.804 -612.2035 0.7127507
442.37    -583.6746 -612.1995 0.7127995
442.38    -583.5451 -612.1955 0.7128477
442.39    -583.4156 -612.1915 0.7128952
442.4    -583.2862 -612.1875 0.7129415
442.41    -583.1567 -612.1835 0.7129869
442.42    -583.0273 -612.1794 0.7130314
442.43    -582.8978 -612.1754 0.7130749
442.44    -582.7684 -612.1713 0.7131176
442.45    -582.639 -612.1673 0.7131591
442.46    -582.5096 -612.1633 0.7131994
442.47    -582.3802 -612.1592 0.7132384
442.48    -582.2508 -612.1552 0.7132766
442.49    -582.1214 -612.1511 0.7133136
442.5    -581.992 -612.147 0.7133497
442.51    -581.8627 -612.1429 0.7133844
442.52    -581.7333 -612.1389 0.7134178
442.53    -581.604 -612.1348 0.71345
442.54    -581.4747 -612.1306 0.7134811
442.55    -581.3453 -612.1265 0.7135107
442.56    -581.216 -612.1224 0.7135391
442.57    -581.0867 -612.1183 0.7135663
442.58    -580.9573 -612.1143 0.7135925
442.59    -580.828 -612.1102 0.7136176
442.6    -580.6987 -612.106 0.7136413
442.61    -580.5695 -612.1018 0.7136637
442.62    -580.4402 -612.0977 0.7136849
442.63    -580.3109 -612.0935 0.713705
442.64    -580.1816 -612.0894 0.7137241
442.65    -580.0524 -612.0852 0.7137416
442.66    -579.9231 -612.0811 0.7137578
442.67    -579.7938 -612.0769 0.7137728
442.68    -579.6646 -612.0727 0.7137866
442.69    -579.5353 -612.0685 0.7137992
442.7    -579.4061 -612.0644 0.7138101
442.71    -579.2769 -612.0602 0.7138195
442.72    -579.1476 -612.0561 0.7138273
442.73    -579.0184 -612.0519 0.7138336
442.74    -578.8892 -612.0477 0.7138386
442.75    -578.76 -612.0435 0.7138424
442.76    -578.6309 -612.0393 0.7138446
442.77    -578.5017 -612.0351 0.7138454
442.78    -578.3726 -612.0309 0.7138449
442.79    -578.2434 -612.0267 0.713843
442.8    -578.1143 -612.0225 0.7138402
442.81    -577.9851 -612.0182 0.7138365
442.82    -577.856 -612.014 0.7138318
442.83    -577.7268 -612.0098 0.7138263
442.84    -577.5977 -612.0056 0.71382
442.85    -577.4686 -612.0014 0.7138134
442.86    -577.3395 -611.9972 0.7138065
442.87    -577.2104 -611.993 0.7137995
442.88    -577.0813 -611.9888 0.7137923
442.89    -576.9522 -611.9846 0.7137848
442.9    -576.8231 -611.9803 0.7137778
442.91    -576.694 -611.9761 0.7137712
442.92    -576.5649 -611.9719 0.713765
442.93    -576.4359 -611.9676 0.7137592
442.94    -576.3068 -611.9633 0.7137537
442.95    -576.1777 -611.959 0.7137494
442.96    -576.0487 -611.9548 0.7137462
442.97    -575.9197 -611.9505 0.713744
442.98    -575.7906 -611.9462 0.7137429
442.99    -575.6616 -611.942 0.7137426
443    -575.5326 -611.9377 0.7137433
443.01    -575.4036 -611.9334 0.7137458
443.02    -575.2745 -611.9291 0.71375
443.03    -575.1455 -611.9249 0.7137558
443.04    -575.0165 -611.9206 0.7137632
443.05    -574.8876 -611.9163 0.7137721
443.06    -574.7586 -611.912 0.7137828
443.07    -574.6296 -611.9078 0.7137954
443.08    -574.5007 -611.9035 0.7138096
443.09    -574.3717 -611.8992 0.7138254
443.1    -574.2428 -611.895 0.7138429
443.11    -574.1139 -611.8907 0.7138618
443.12    -573.985 -611.8864 0.7138822
443.13    -573.8561 -611.8821 0.713904
443.14    -573.7272 -611.8779 0.713927
443.15    -573.5983 -611.8736 0.7139511
443.16    -573.4694 -611.8693 0.7139761
443.17    -573.3405 -611.865 0.7140021
443.18    -573.2115 -611.8607 0.7140288
443.19    -573.0826 -611.8564 0.7140565
443.2    -572.9538 -611.8521 0.7140844
443.21    -572.825 -611.8477 0.7141124
443.22    -572.6961 -611.8434 0.7141406
443.23    -572.5673 -611.8391 0.7141691
443.24    -572.4384 -611.8347 0.7141979
443.25    -572.3096 -611.8304 0.7142258
443.26    -572.1807 -611.826 0.714253
443.27    -572.0519 -611.8217 0.7142796
443.28    -571.923 -611.8174 0.7143056
443.29    -571.7942 -611.813 0.7143311
443.3    -571.6654 -611.8087 0.7143549
443.31    -571.5366 -611.8044 0.7143772
443.32    -571.4078 -611.8 0.714398
443.33    -571.2791 -611.7957 0.7144175
443.34    -571.1503 -611.7914 0.7144356
443.35    -571.0215 -611.787 0.7144516
443.36    -570.8928 -611.7827 0.7144653
443.37    -570.7641 -611.7784 0.7144769
443.38    -570.6354 -611.774 0.7144866
443.39    -570.5067 -611.7697 0.7144945
443.4    -570.3779 -611.7653 0.7145002
443.41    -570.2492 -611.761 0.7145041
443.42    -570.1205 -611.7567 0.714506
443.43    -569.9918 -611.7523 0.7145062
443.44    -569.863 -611.748 0.7145047
443.45    -569.7344 -611.7437 0.7145017
443.46    -569.6057 -611.7393 0.7144973
443.47    -569.4771 -611.735 0.7144915
443.48    -569.3484 -611.7307 0.7144845
443.49    -569.2197 -611.7263 0.7144762
443.5    -569.0911 -611.722 0.7144673
443.51    -568.9624 -611.7177 0.7144578
443.52    -568.8337 -611.7133 0.7144477
443.53    -568.7051 -611.709 0.7144369
443.54    -568.5764 -611.7046 0.7144257
443.55    -568.4478 -611.7002 0.7144139
443.56    -568.3192 -611.6958 0.7144028
443.57    -568.1906 -611.6914 0.714392
443.58    -568.062 -611.687 0.7143818
443.59    -567.9333 -611.6826 0.7143719
443.6    -567.8048 -611.6782 0.7143632
443.61    -567.6763 -611.6738 0.7143555
443.62    -567.5477 -611.6694 0.7143489
443.63    -567.4192 -611.665 0.7143432
443.64    -567.2906 -611.6606 0.7143384
443.65    -567.1621 -611.6563 0.7143351
443.66    -567.0336 -611.6519 0.7143332
443.67    -566.905 -611.6475 0.7143328
443.68    -566.7765 -611.6431 0.7143336
443.69    -566.6479 -611.6387 0.7143356
443.7    -566.5195 -611.6343 0.714339
443.71    -566.391 -611.6299 0.7143435
443.72    -566.2625 -611.6255 0.7143492
443.73    -566.134 -611.6211 0.7143559
443.74    -566.0056 -611.6167 0.7143636
443.75    -565.8771 -611.6123 0.714372
443.76    -565.7486 -611.6079 0.7143809
443.77    -565.6201 -611.6035 0.7143904
443.78    -565.4916 -611.5991 0.7144004
443.79    -565.3632 -611.5947 0.7144109
443.8    -565.2347 -611.5903 0.7144219
443.81    -565.1063 -611.5859 0.7144322
443.82    -564.9778 -611.5815 0.7144418
443.83    -564.8494 -611.5771 0.714451
443.84    -564.721 -611.5728 0.7144594
443.85    -564.5926 -611.5684 0.7144663
443.86    -564.4642 -611.564 0.7144716
443.87    -564.3358 -611.5596 0.7144754
443.88    -564.2073 -611.5552 0.7144779
443.89    -564.0789 -611.5508 0.714479
443.9    -563.9505 -611.5464 0.7144775
443.91    -563.8221 -611.542 0.7144734
443.92    -563.6937 -611.5376 0.714467
443.93    -563.5652 -611.5332 0.7144583
443.94    -563.4368 -611.5288 0.7144474
443.95    -563.3085 -611.5244 0.7144337
443.96    -563.1801 -611.52 0.714417
443.97    -563.0518 -611.5156 0.7143977
443.98    -562.9233 -611.5112 0.7143759
443.99    -562.7949 -611.5068 0.7143516
444    -562.6666 -611.5024 0.7143246
444.01    -562.5382 -611.498 0.714295
444.02    -562.4099 -611.4937 0.7142629
444.03    -562.2815 -611.4893 0.7142285
444.04    -562.1531 -611.4849 0.7141919
444.05    -562.0247 -611.4805 0.7141531
444.06    -561.8963 -611.4761 0.7141123
444.07    -561.7679 -611.4717 0.7140696
444.08    -561.6396 -611.4673 0.714025
444.09    -561.5112 -611.4629 0.7139786
444.1    -561.3829 -611.4585 0.7139306
444.11    -561.2545 -611.4541 0.7138809
444.12    -561.1262 -611.4497 0.7138298
444.13    -560.9978 -611.4453 0.7137772
444.14    -560.8694 -611.4409 0.7137231
444.15    -560.7411 -611.4366 0.7136679
444.16    -560.6127 -611.4323 0.7136112
444.17    -560.4844 -611.4279 0.7135535
444.18    -560.356 -611.4236 0.7134945
444.19    -560.2276 -611.4193 0.7134345
444.2    -560.0992 -611.415 0.7133734
444.21    -559.9709 -611.4106 0.7133114
444.22    -559.8425 -611.4063 0.7132484
444.23    -559.7141 -611.402 0.7131845
444.24    -559.5856 -611.3976 0.7131197
444.25    -559.4572 -611.3933 0.7130542
444.26    -559.3288 -611.389 0.7129877
444.27    -559.2003 -611.3846 0.7129205
444.28    -559.0718 -611.3803 0.7128525
444.29    -558.9434 -611.376 0.7127839
444.3    -558.8149 -611.3716 0.7127146
444.31    -558.6864 -611.3673 0.7126444
444.32    -558.5579 -611.363 0.7125736
444.33    -558.4293 -611.3586 0.7125022
444.34    -558.3007 -611.3543 0.7124302
444.35    -558.1722 -611.35 0.7123576
444.36    -558.0436 -611.3456 0.7122844
444.37    -557.9149 -611.3413 0.7122107
444.38    -557.7863 -611.337 0.7121364
444.39    -557.6575 -611.3326 0.7120616
444.4    -557.5288 -611.3283 0.7119865
444.41    -557.4 -611.324 0.7119107
444.42    -557.2712 -611.3196 0.7118347
444.43    -557.1424 -611.3153 0.7117581
444.44    -557.0135 -611.311 0.7116812
444.45    -556.8846 -611.3066 0.7116041
444.46    -556.7556 -611.3023 0.7115266
444.47    -556.6266 -611.298 0.7114488
444.48    -556.4976 -611.2936 0.7113708
444.49    -556.3685 -611.2893 0.7112926
444.5    -556.2394 -611.285 0.7112144
444.51    -556.1103 -611.2806 0.7111361
444.52    -555.9811 -611.2763 0.7110579
444.53    -555.8519 -611.272 0.7109797
444.54    -555.7226 -611.2676 0.7109014
444.55    -555.5933 -611.2633 0.7108235
444.56    -555.464 -611.259 0.710746
444.57    -555.3346 -611.2546 0.7106689
444.58    -555.2051 -611.2503 0.7105921
444.59    -555.0756 -611.246 0.7105157
444.6    -554.9461 -611.2416 0.7104399
444.61    -554.8165 -611.2373 0.710365
444.62    -554.687 -611.233 0.7102907
444.63    -554.5573 -611.2286 0.7102172
444.64    -554.4276 -611.2243 0.7101443
444.65    -554.2979 -611.22 0.710072
444.66    -554.1681 -611.2156 0.7100006
444.67    -554.0383 -611.2113 0.7099303
444.68    -553.9084 -611.207 0.7098608
444.69    -553.7786 -611.2027 0.7097921
444.7    -553.6486 -611.1984 0.7097243
444.71    -553.5187 -611.194 0.7096575
444.72    -553.3887 -611.1897 0.7095917
444.73    -553.2587 -611.1853 0.7095269
444.74    -553.1286 -611.1809 0.709463
444.75    -552.9985 -611.1765 0.7094002
444.76    -552.8684 -611.1721 0.7093385
444.77    -552.7382 -611.1677 0.7092778
444.78    -552.608 -611.1633 0.7092181
444.79    -552.4778 -611.1589 0.7091594
444.8    -552.3475 -611.1545 0.7091022
444.81    -552.2172 -611.1501 0.7090465
444.82    -552.0869 -611.1457 0.7089922
444.83    -551.9564 -611.1413 0.7089392
444.84    -551.826 -611.1369 0.7088875
444.85    -551.6956 -611.1325 0.7088379
444.86    -551.5651 -611.1281 0.7087902
444.87    -551.4345 -611.1237 0.7087444
444.88    -551.3039 -611.1193 0.7087005
444.89    -551.1733 -611.1149 0.7086583
444.9    -551.0426 -611.1105 0.7086185
444.91    -550.9119 -611.1061 0.708581
444.92    -550.7812 -611.1017 0.7085457
444.93    -550.6504 -611.0974 0.7085126
444.94    -550.5196 -611.093 0.7084814
444.95    -550.3887 -611.0886 0.7084526
444.96    -550.2579 -611.0842 0.7084262
444.97    -550.127 -611.0798 0.7084019
444.98    -549.996 -611.0754 0.7083796
444.99    -549.865 -611.0709 0.7083592
445    -549.7339 -611.0665 0.7083408
445.01    -549.6029 -611.062 0.7083241
445.02    -549.4718 -611.0576 0.7083092
445.03    -549.3406 -611.053 0.7082959
445.04    -549.2094 -611.0486 0.7082843
445.05    -549.0782 -611.0441 0.7082736
445.06    -548.947 -611.0397 0.7082642
445.07    -548.8157 -611.0352 0.7082557
445.08    -548.6843 -611.0308 0.7082483
445.09    -548.5529 -611.0263 0.7082418
445.1    -548.4215 -611.0219 0.7082356
445.11    -548.2901 -611.0174 0.7082295
445.12    -548.1586 -611.0129 0.7082236
445.13    -548.0271 -611.0085 0.7082179
445.14    -547.8955 -611.004 0.7082125
445.15    -547.7639 -610.9996 0.7082072
445.16    -547.6323 -610.9951 0.7082008
445.17    -547.5007 -610.9907 0.7081932
445.18    -547.369 -610.9862 0.7081847
445.19    -547.2372 -610.9818 0.7081752
445.2    -547.1055 -610.9773 0.7081637
445.21    -546.9737 -610.9728 0.7081503
445.22    -546.8419 -610.9684 0.7081352
445.23    -546.71 -610.9639 0.7081183
445.24    -546.5781 -610.9594 0.7080998
445.25    -546.4462 -610.9548 0.7080786
445.26    -546.3142 -610.9503 0.7080548
445.27    -546.1822 -610.9458 0.7080284
445.28    -546.0502 -610.9412 0.7079998
445.29    -545.9181 -610.9367 0.7079689
445.3    -545.786 -610.9322 0.7079352
445.31    -545.6539 -610.9277 0.7078988
445.32    -545.5217 -610.9232 0.7078599
445.33    -545.3895 -610.9186 0.7078186
445.34    -545.2572 -610.9141 0.707775
445.35    -545.1249 -610.9096 0.7077293
445.36    -544.9926 -610.9051 0.7076815
445.37    -544.8603 -610.9006 0.7076318
445.38    -544.7279 -610.8961 0.7075802
445.39    -544.5955 -610.8915 0.707527
445.4    -544.463 -610.887 0.7074727
445.41    -544.3305 -610.8825 0.7074175
445.42    -544.198 -610.878 0.7073614
445.43    -544.0654 -610.8735 0.7073045
445.44    -543.9328 -610.8689 0.7072467
445.45    -543.8002 -610.8643 0.7071894
445.46    -543.6675 -610.8597 0.7071323
445.47    -543.5349 -610.8552 0.7070757
445.48    -543.4021 -610.8506 0.7070194
445.49    -543.2693 -610.846 0.7069634
445.5    -543.1366 -610.8414 0.7069091
445.51    -543.0038 -610.8369 0.7068565
445.52    -542.8709 -610.8323 0.7068054
445.53    -542.738 -610.8277 0.7067559
445.54    -542.6051 -610.8231 0.7067078
445.55    -542.4722 -610.8185 0.7066622
445.56    -542.3392 -610.814 0.7066189
445.57    -542.2062 -610.8094 0.7065779
445.58    -542.0731 -610.8047 0.706539
445.59    -541.9401 -610.8001 0.7065021
445.6    -541.807 -610.7955 0.7064677
445.61    -541.674 -610.7908 0.7064354
445.62    -541.5409 -610.7862 0.7064055
445.63    -541.4078 -610.7816 0.7063776
445.64    -541.2747 -610.7769 0.7063516
445.65    -541.1415 -610.7723 0.7063275
445.66    -541.0084 -610.7676 0.706305
445.67    -540.8753 -610.763 0.7062841
445.68    -540.7422 -610.7584 0.7062647
445.69    -540.6092 -610.7537 0.7062467
445.7    -540.4761 -610.749 0.7062296
445.71    -540.3431 -610.7444 0.7062131
445.72    -540.2101 -610.7397 0.7061972
445.73    -540.0771 -610.7351 0.7061821
445.74    -539.9441 -610.7305 0.7061675
445.75    -539.8112 -610.7258 0.7061523
445.76    -539.6782 -610.7211 0.7061368
445.77    -539.5453 -610.7164 0.7061207
445.78    -539.4124 -610.7117 0.7061043
445.79    -539.2794 -610.707 0.7060874
445.8    -539.1465 -610.7023 0.706069
445.81    -539.0137 -610.6976 0.7060491
445.82    -538.8808 -610.6929 0.706028
445.83    -538.7479 -610.6882 0.7060055
445.84    -538.6151 -610.6835 0.7059817
445.85    -538.4822 -610.6788 0.705956
445.86    -538.3494 -610.6741 0.7059283
445.87    -538.2166 -610.6694 0.7058989
445.88    -538.0839 -610.6647 0.7058678
445.89    -537.9511 -610.66 0.7058349
445.9    -537.8184 -610.6553 0.7058004
445.91    -537.6857 -610.6506 0.705764
445.92    -537.553 -610.6458 0.705726
445.93    -537.4203 -610.6411 0.7056865
445.94    -537.2876 -610.6364 0.7056453
445.95    -537.155 -610.6317 0.7056028
445.96    -537.0223 -610.627 0.7055591
445.97    -536.8897 -610.6223 0.705514
445.98    -536.7571 -610.6176 0.7054678
445.99    -536.6245 -610.6129 0.7054204
446    -536.4919 -610.6082 0.7053722
446.01    -536.3593 -610.6035 0.7053233
446.02    -536.2267 -610.5989 0.7052738
446.03    -536.0942 -610.5942 0.7052234
446.04    -535.9616 -610.5897 0.7051725
446.05    -535.8291 -610.585 0.7051215
446.06    -535.6966 -610.5804 0.7050704
446.07    -535.5641 -610.5757 0.7050194
446.08    -535.4316 -610.5711 0.7049682
446.09    -535.2991 -610.5665 0.704917
446.1    -535.1667 -610.5619 0.7048666
446.11    -535.0342 -610.5573 0.704817
446.12    -534.9018 -610.5527 0.7047681
446.13    -534.7694 -610.5482 0.7047198
446.14    -534.637 -610.5436 0.7046722
446.15    -534.5046 -610.5391 0.7046262
446.16    -534.3723 -610.5345 0.7045816
446.17    -534.24 -610.5299 0.7045386
446.18    -534.1077 -610.5254 0.7044969
446.19    -533.9753 -610.5209 0.7044564
446.2    -533.8431 -610.5164 0.704418
446.21    -533.7108 -610.5119 0.7043813
446.22    -533.5786 -610.5074 0.7043464
446.23    -533.4463 -610.5029 0.704313
446.24    -533.314 -610.4984 0.7042812
446.25    -533.1818 -610.4939 0.7042511
446.26    -533.0496 -610.4894 0.7042225
446.27    -532.9174 -610.485 0.7041955
446.28    -532.7852 -610.4805 0.7041699
446.29    -532.653 -610.4761 0.7041457
446.3    -532.5209 -610.4717 0.7041227
446.31    -532.3887 -610.4672 0.7041007
446.32    -532.2566 -610.4628 0.7040798
446.33    -532.1245 -610.4584 0.7040599
446.34    -531.9924 -610.454 0.7040409
446.35    -531.8604 -610.4496 0.7040223
446.36    -531.7283 -610.4453 0.7040042
446.37    -531.5963 -610.4409 0.7039863
446.38    -531.4642 -610.4366 0.7039689
446.39    -531.3322 -610.4323 0.7039518
446.4    -531.2002 -610.428 0.7039351
446.41    -531.0682 -610.4236 0.7039176
446.42    -530.9363 -610.4194 0.7038993
446.43    -530.8043 -610.415 0.7038804
446.44    -530.6724 -610.4108 0.7038609
446.45    -530.5405 -610.4066 0.7038398
446.46    -530.4086 -610.4023 0.7038172
446.47    -530.2767 -610.398 0.7037932
446.48    -530.1448 -610.3937 0.7037678
446.49    -530.0129 -610.3895 0.7037412
446.5    -529.881 -610.3853 0.7037125
446.51    -529.7492 -610.3811 0.703682
446.52    -529.6174 -610.3769 0.7036496
446.53    -529.4855 -610.3727 0.7036157
446.54    -529.3538 -610.3685 0.7035801
446.55    -529.222 -610.3643 0.7035426
446.56    -529.0902 -610.3602 0.7035037
446.57    -528.9584 -610.3561 0.703463
446.58    -528.8267 -610.3519 0.7034209
446.59    -528.695 -610.3478 0.7033773
446.6    -528.5633 -610.3436 0.7033326
446.61    -528.4316 -610.3395 0.7032867
446.62    -528.3 -610.3353 0.7032398
446.63    -528.1683 -610.3312 0.7031919
446.64    -528.0367 -610.3272 0.7031431
446.65    -527.905 -610.3231 0.7030932
446.66    -527.7734 -610.319 0.7030433
446.67    -527.6418 -610.3149 0.7029932
446.68    -527.5103 -610.3109 0.702943
446.69    -527.3787 -610.3068 0.7028927
446.7    -527.2471 -610.3027 0.702843
446.71    -527.1159 -610.2987 0.702794
446.72    -526.985 -610.2947 0.7027455
446.73    -526.8544 -610.2906 0.7026976
446.74    -526.7242 -610.2867 0.7026502
446.75    -526.5942 -610.2828 0.7026041
446.76    -526.4647 -610.2788 0.7025593
446.77    -526.3354 -610.2749 0.7025155
446.78    -526.2064 -610.271 0.7024729
446.79    -526.0777 -610.2671 0.7024313
446.8    -525.9493 -610.2632 0.7023907
446.81    -525.8214 -610.2593 0.7023515
446.82    -525.6937 -610.2555 0.7023134
446.83    -525.5663 -610.2516 0.7022768
446.84    -525.4392 -610.2478 0.7022411
446.85    -525.3125 -610.244 0.7022066
446.86    -525.1861 -610.2402 0.702173
446.87    -525.06 -610.2365 0.7021406
446.88    -524.9342 -610.2327 0.702109
446.89    -524.8087 -610.229 0.7020785
446.9    -524.6836 -610.2253 0.7020485
446.91    -524.5588 -610.2216 0.7020192
446.92    -524.4343 -610.218 0.7019905
446.93    -524.3101 -610.2143 0.7019625
446.94    -524.1862 -610.2106 0.7019349
446.95    -524.0626 -610.207 0.7019073
446.96    -523.9394 -610.2034 0.7018799
446.97    -523.8165 -610.1998 0.7018524
446.98    -523.6938 -610.1962 0.701825
446.99    -523.5716 -610.1926 0.7017975
447    -523.4496 -610.189 0.7017696
447.01    -523.328 -610.1855 0.701741
447.02    -523.2067 -610.1819 0.7017121
447.03    -523.0857 -610.1784 0.7016827
447.04    -522.965 -610.1749 0.7016528
447.05    -522.8447 -610.1715 0.7016223
447.06    -522.7247 -610.168 0.7015913
447.07    -522.605 -610.1646 0.7015598
447.08    -522.4856 -610.1611 0.7015278
447.09    -522.3665 -610.1577 0.7014954
447.1    -522.2478 -610.1543 0.7014627
447.11    -522.1294 -610.1509 0.70143
447.12    -522.0113 -610.1475 0.701397
447.13    -521.8935 -610.1441 0.7013639
447.14    -521.776 -610.1407 0.7013307
447.15    -521.6588 -610.1374 0.7012973
447.16    -521.542 -610.134 0.7012646
447.17    -521.4255 -610.1307 0.7012326
447.18    -521.3093 -610.1275 0.7012012
447.19    -521.1934 -610.1242 0.7011703
447.2    -521.0778 -610.1209 0.7011408
447.21    -520.9626 -610.1176 0.7011125
447.22    -520.8477 -610.1144 0.7010856
447.23    -520.733 -610.1111 0.7010597
447.24    -520.6187 -610.1079 0.7010349
447.25    -520.5048 -610.1047 0.7010123
447.26    -520.3911 -610.1015 0.7009917
447.27    -520.2778 -610.0983 0.700973
447.28    -520.1648 -610.0952 0.7009562
447.29    -520.0521 -610.092 0.7009412
447.3    -519.9398 -610.0888 0.7009286
447.31    -519.8277 -610.0857 0.7009185
447.32    -519.716 -610.0826 0.7009106
447.33    -519.6046 -610.0795 0.7009049
447.34    -519.4935 -610.0764 0.7009013
447.35    -519.3828 -610.0733 0.7008997
447.36    -519.2723 -610.0703 0.7009001
447.37    -519.1622 -610.0672 0.7009026
447.38    -519.0524 -610.0641 0.7009071
447.39    -518.9429 -610.0611 0.7009134
447.4    -518.8337 -610.058 0.7009214
447.41    -518.7249 -610.0551 0.700931
447.42    -518.6164 -610.0521 0.7009419
447.43    -518.5082 -610.0491 0.700954
447.44    -518.4003 -610.0461 0.7009676
447.45    -518.2927 -610.0431 0.7009818
447.46    -518.1855 -610.0402 0.7009968
447.47    -518.0786 -610.0373 0.7010125
447.48    -517.9719 -610.0344 0.7010289
447.49    -517.8656 -610.0314 0.7010459
447.5    -517.7596 -610.0285 0.7010628
447.51    -517.654 -610.0256 0.7010796
447.52    -517.5486 -610.0228 0.7010963
447.53    -517.4436 -610.0199 0.7011129
447.54    -517.3389 -610.017 0.7011295
447.55    -517.2345 -610.0142 0.7011454
447.56    -517.1304 -610.0114 0.7011607
447.57    -517.0267 -610.0085 0.7011755
447.58    -516.9233 -610.0057 0.7011896
447.59    -516.8202 -610.0029 0.7012033
447.6    -516.7174 -610.0001 0.7012163
447.61    -516.6149 -609.9973 0.7012288
447.62    -516.5128 -609.9946 0.7012407
447.63    -516.411 -609.9918 0.701252
447.64    -516.3095 -609.9891 0.7012628
447.65    -516.2083 -609.9863 0.7012731
447.66    -516.1075 -609.9836 0.7012829
447.67    -516.007 -609.9809 0.7012923
447.68    -515.9067 -609.9782 0.7013013
447.69    -515.8068 -609.9756 0.7013099
447.7    -515.7072 -609.9729 0.7013181
447.71    -515.608 -609.9702 0.7013259
447.72    -515.509 -609.9675 0.7013334
447.73    -515.4104 -609.9649 0.7013406
447.74    -515.3121 -609.9623 0.7013475
447.75    -515.2141 -609.9597 0.7013543
447.76    -515.1165 -609.957 0.7013606
447.77    -515.0191 -609.9544 0.7013667
447.78    -514.9221 -609.9518 0.7013726
447.79    -514.8253 -609.9492 0.7013783
447.8    -514.7289 -609.9467 0.7013837
447.81    -514.633 -609.9441 0.7013889
447.82    -514.5375 -609.9415 0.7013939
447.83    -514.442 -609.939 0.7013987
447.84    -514.3466 -609.9364 0.7014033
447.85    -514.2512 -609.9338 0.7014078
447.86    -514.1558 -609.9313 0.7014121
447.87    -514.0605 -609.9287 0.7014163
447.88    -513.9651 -609.9261 0.7014204
447.89    -513.8698 -609.9236 0.7014242
447.9    -513.7745 -609.9211 0.7014281
447.91    -513.6791 -609.9186 0.701432
447.92    -513.5839 -609.9161 0.7014359
447.93    -513.4886 -609.9136 0.7014397
447.94    -513.3933 -609.9111 0.7014435
447.95    -513.298 -609.9086 0.7014474
447.96    -513.2028 -609.9061 0.7014515
447.97    -513.1075 -609.9036 0.7014557
447.98    -513.0123 -609.9012 0.7014599
447.99    -512.9171 -609.8987 0.7014643
448    -512.8219 -609.8962 0.7014688
448.01    -512.7267 -609.8937 0.7014735
448.02    -512.6316 -609.8912 0.7014784
448.03    -512.5364 -609.8887 0.7014834
448.04    -512.4413 -609.8862 0.7014886
448.05    -512.3461 -609.8837 0.7014939
448.06    -512.251 -609.8812 0.7014994
448.07    -512.1559 -609.8787 0.701505
448.08    -512.0609 -609.8762 0.7015108
448.09    -511.9658 -609.8737 0.7015167
448.1    -511.8708 -609.8712 0.7015227
448.11    -511.7757 -609.8687 0.7015288
448.12    -511.6806 -609.8661 0.701535
448.13    -511.5856 -609.8636 0.7015414
448.14    -511.4906 -609.8611 0.7015478
448.15    -511.3956 -609.8586 0.7015543
448.16    -511.3006 -609.8561 0.701561
448.17    -511.2056 -609.8536 0.7015677
448.18    -511.1106 -609.8511 0.7015745
448.19    -511.0156 -609.8486 0.7015814
448.2    -510.9206 -609.8461 0.7015884
448.21    -510.8256 -609.8436 0.7015955
448.22    -510.7306 -609.8411 0.7016026
448.23    -510.6356 -609.8386 0.7016098
448.24    -510.5406 -609.8361 0.7016171
448.25    -510.4455 -609.8336 0.7016244
448.26    -510.3505 -609.8311 0.7016318
448.27    -510.2553 -609.8286 0.7016392
448.28    -510.1602 -609.826 0.7016467
448.29    -510.065 -609.8234 0.7016543
448.3    -509.9698 -609.8209 0.7016619
448.31    -509.8746 -609.8183 0.7016696
448.32    -509.7793 -609.8157 0.7016773
448.33    -509.684 -609.8132 0.7016851
448.34    -509.5886 -609.8106 0.7016928
448.35    -509.4933 -609.808 0.7017006
448.36    -509.3979 -609.8054 0.7017085
448.37    -509.3024 -609.8029 0.7017164
448.38    -509.2069 -609.8003 0.7017244
448.39    -509.1114 -609.7977 0.7017323
448.4    -509.0158 -609.7952 0.7017403
448.41    -508.9202 -609.7925 0.7017484
448.42    -508.8246 -609.7899 0.7017565
448.43    -508.7289 -609.7873 0.7017646
448.44    -508.6332 -609.7846 0.7017728
448.45    -508.5374 -609.782 0.701781
448.46    -508.4417 -609.7794 0.7017892
448.47    -508.3458 -609.7767 0.7017975
448.48    -508.2499 -609.7741 0.7018058
448.49    -508.154 -609.7715 0.7018141
448.5    -508.0581 -609.7688 0.7018224
448.51    -507.9621 -609.7661 0.7018308
448.52    -507.8661 -609.7634 0.7018392
448.53    -507.77 -609.7607 0.7018476
448.54    -507.6739 -609.7581 0.701856
448.55    -507.5777 -609.7554 0.7018645
448.56    -507.4815 -609.7526 0.7018731
448.57    -507.3853 -609.7499 0.7018818
448.58    -507.2889 -609.7473 0.7018903
448.59    -507.1926 -609.7446 0.701899
448.6    -507.0962 -609.7418 0.7019076
448.61    -506.9998 -609.7391 0.7019164
448.62    -506.9033 -609.7363 0.7019252
448.63    -506.8067 -609.7335 0.701934
448.64    -506.7101 -609.7308 0.7019428
448.65    -506.6134 -609.728 0.7019517
448.66    -506.5167 -609.7253 0.7019608
448.67    -506.4199 -609.7225 0.7019703
448.68    -506.3231 -609.7197 0.7019801
448.69    -506.2262 -609.7169 0.7019901
448.7    -506.1292 -609.7141 0.7020003
448.71    -506.0323 -609.7112 0.7020112
448.72    -505.9352 -609.7084 0.7020228
448.73    -505.8381 -609.7056 0.7020351
448.74    -505.7409 -609.7028 0.7020478
448.75    -505.6437 -609.7 0.7020618
448.76    -505.5465 -609.6971 0.702077
448.77    -505.4492 -609.6942 0.7020932
448.78    -505.3518 -609.6913 0.7021104
448.79    -505.2543 -609.6884 0.7021286
448.8    -505.1568 -609.6855 0.7021477
448.81    -505.0593 -609.6827 0.7021685
448.82    -504.9617 -609.6798 0.7021908
448.83    -504.864 -609.6769 0.7022147
448.84    -504.7664 -609.674 0.70224
448.85    -504.6686 -609.671 0.7022672
448.86    -504.5709 -609.6681 0.702296
448.87    -504.473 -609.6652 0.7023264
448.88    -504.3751 -609.6622 0.7023584
448.89    -504.2772 -609.6593 0.7023919
448.9    -504.1792 -609.6564 0.7024271
448.91    -504.0811 -609.6534 0.702464
448.92    -503.983 -609.6504 0.7025024
448.93    -503.8848 -609.6474 0.7025424
448.94    -503.7866 -609.6444 0.7025838
448.95    -503.6883 -609.6414 0.7026268
448.96    -503.59 -609.6384 0.7026714
448.97    -503.4916 -609.6354 0.7027175
448.98    -503.3932 -609.6324 0.7027649
448.99    -503.2946 -609.6294 0.7028139
449    -503.1961 -609.6263 0.7028645
449.01    -503.0975 -609.6233 0.7029167
449.02    -502.9988 -609.6202 0.7029704
449.03    -502.9001 -609.6172 0.7030256
449.04    -502.8013 -609.6141 0.7030823
449.05    -502.7025 -609.611 0.7031407
449.06    -502.6036 -609.608 0.7032008
449.07    -502.5047 -609.6049 0.7032626
449.08    -502.4058 -609.6018 0.7033259
449.09    -502.3067 -609.5987 0.7033907
449.1    -502.2077 -609.5956 0.7034571
449.11    -502.1086 -609.5925 0.7035252
449.12    -502.0094 -609.5894 0.7035947
449.13    -501.9101 -609.5862 0.7036657
449.14    -501.8108 -609.5831 0.7037382
449.15    -501.7115 -609.58 0.7038119
449.16    -501.6121 -609.5768 0.7038869
449.17    -501.5126 -609.5736 0.7039631
449.18    -501.4131 -609.5704 0.7040406
449.19    -501.3136 -609.5673 0.7041191
449.2    -501.214 -609.564 0.7041984
449.21    -501.1143 -609.5609 0.7042783
449.22    -501.0146 -609.5577 0.704359
449.23    -500.9148 -609.5545 0.7044403
449.24    -500.815 -609.5513 0.7045223
449.25    -500.7151 -609.548 0.7046039
449.26    -500.6152 -609.5448 0.7046855
449.27    -500.5153 -609.5415 0.7047668
449.28    -500.4152 -609.5383 0.7048481
449.29    -500.3151 -609.535 0.7049291
449.3    -500.215 -609.5318 0.7050089
449.31    -500.1148 -609.5285 0.7050877
449.32    -500.0146 -609.5252 0.7051652
449.33    -499.9142 -609.5219 0.7052417
449.34    -499.8139 -609.5186 0.7053173
449.35    -499.7135 -609.5153 0.7053908
449.36    -499.6131 -609.512 0.7054621
449.37    -499.5126 -609.5087 0.7055315
449.38    -499.412 -609.5053 0.7055991
449.39    -499.3114 -609.502 0.7056648
449.4    -499.2107 -609.4985 0.7057289
449.41    -499.11 -609.4952 0.7057899
449.42    -499.0092 -609.4918 0.7058481
449.43    -498.9084 -609.4885 0.7059036
449.44    -498.8075 -609.485 0.7059565
449.45    -498.7066 -609.4816 0.7060057
449.46    -498.6057 -609.4781 0.7060514
449.47    -498.5047 -609.4747 0.7060938
449.48    -498.4036 -609.4713 0.7061331
449.49    -498.3025 -609.4679 0.7061693
449.5    -498.2013 -609.4644 0.7062014
449.51    -498.1001 -609.4609 0.7062295
449.52    -497.9988 -609.4575 0.7062539
449.53    -497.8974 -609.454 0.7062747
449.54    -497.796 -609.4505 0.706292
449.55    -497.6946 -609.447 0.7063051
449.56    -497.5931 -609.4435 0.7063143
449.57    -497.4916 -609.4399 0.7063195
449.58    -497.39 -609.4364 0.706321
449.59    -497.2884 -609.4329 0.706319
449.6    -497.1867 -609.4293 0.7063128
449.61    -497.0849 -609.4257 0.7063028
449.62    -496.9831 -609.4222 0.7062889
449.63    -496.8813 -609.4186 0.7062714
449.64    -496.7794 -609.415 0.7062504
449.65    -496.6775 -609.4113 0.7062256
449.66    -496.5755 -609.4077 0.7061974
449.67    -496.4734 -609.4041 0.7061657
449.68    -496.3713 -609.4005 0.7061307
449.69    -496.2691 -609.3968 0.7060926
449.7    -496.1669 -609.3931 0.7060515
449.71    -496.0647 -609.3895 0.7060075
449.72    -495.9624 -609.3858 0.7059606
449.73    -495.86 -609.3821 0.705911
449.74    -495.7576 -609.3784 0.7058588
449.75    -495.6552 -609.3747 0.705804
449.76    -495.5526 -609.371 0.7057469
449.77    -495.4501 -609.3672 0.7056876
449.78    -495.3475 -609.3635 0.705626
449.79    -495.2448 -609.3597 0.7055624
449.8    -495.1421 -609.356 0.7054968
449.81    -495.0394 -609.3522 0.7054293
449.82    -494.9366 -609.3484 0.7053599
449.83    -494.8337 -609.3445 0.7052889
449.84    -494.7307 -609.3408 0.7052161
449.85    -494.6278 -609.337 0.7051417
449.86    -494.5248 -609.3331 0.7050657
449.87    -494.4218 -609.3293 0.7049883
449.88    -494.3186 -609.3254 0.7049093
449.89    -494.2155 -609.3215 0.7048291
449.9    -494.1122 -609.3177 0.7047475
449.91    -494.009 -609.3138 0.7046647
449.92    -493.9057 -609.3099 0.7045807
449.93    -493.8024 -609.306 0.7044957
449.94    -493.6989 -609.3021 0.7044095
449.95    -493.5955 -609.2982 0.7043225
449.96    -493.492 -609.2943 0.7042347
449.97    -493.3884 -609.2902 0.7041461
449.98    -493.2848 -609.2863 0.7040568
449.99    -493.1812 -609.2823 0.7039667
450    -493.0775 -609.2783 0.7038764
450.01    -492.9737 -609.2744 0.703786
450.02    -492.8699 -609.2703 0.7036952
450.03    -492.766 -609.2664 0.7036043
450.04    -492.6621 -609.2623 0.7035132
450.05    -492.5581 -609.2583 0.7034227
450.06    -492.4541 -609.2543 0.7033329
450.07    -492.3501 -609.2502 0.7032436
450.08    -492.2459 -609.2462 0.7031547
450.09    -492.1418 -609.2421 0.7030665
450.1    -492.0376 -609.2381 0.7029799
450.11    -491.9333 -609.2341 0.7028949
450.12    -491.829 -609.23 0.7028114
450.13    -491.7247 -609.2259 0.7027293
450.14    -491.6202 -609.2218 0.7026486
450.15    -491.5158 -609.2177 0.7025709
450.16    -491.4113 -609.2136 0.7024961
450.17    -491.3068 -609.2095 0.7024241
450.18    -491.2021 -609.2054 0.7023546
450.19    -491.0975 -609.2013 0.7022877
450.2    -490.9928 -609.1972 0.7022246
450.21    -490.8881 -609.1931 0.7021651
450.22    -490.7833 -609.189 0.7021091
450.23    -490.6784 -609.1848 0.7020564
450.24    -490.5735 -609.1807 0.7020069
450.25    -490.4685 -609.1765 0.7019621
450.26    -490.3636 -609.1724 0.7019218
450.27    -490.2585 -609.1682 0.7018857
450.28    -490.1534 -609.1641 0.7018537
450.29    -490.0482 -609.1599 0.7018257
450.3    -489.9431 -609.1558 0.7018027
450.31    -489.8378 -609.1516 0.7017845
450.32    -489.7325 -609.1475 0.7017709
450.33    -489.6272 -609.1433 0.7017617
450.34    -489.5218 -609.1392 0.7017568
450.35    -489.4163 -609.135 0.7017559
450.36    -489.3109 -609.1309 0.7017593
450.37    -489.2053 -609.1267 0.7017669
450.38    -489.0997 -609.1226 0.7017784
450.39    -488.9941 -609.1184 0.7017937
450.4    -488.8884 -609.1143 0.7018126
450.41    -488.7827 -609.1101 0.7018349
450.42    -488.6769 -609.106 0.7018605
450.43    -488.571 -609.1018 0.7018894
450.44    -488.4651 -609.0977 0.7019212
450.45    -488.3592 -609.0936 0.701956
450.46    -488.2533 -609.0894 0.7019936
450.47    -488.1472 -609.0851 0.7020336
450.48    -488.0412 -609.0809 0.7020764
450.49    -487.935 -609.0767 0.7021216
450.5    -487.8288 -609.0725 0.702169
450.51    -487.7226 -609.0683 0.7022188
450.52    -487.6164 -609.0641 0.7022706
450.53    -487.51 -609.0599 0.7023244
450.54    -487.4037 -609.0557 0.7023803
450.55    -487.2972 -609.0515 0.702438
450.56    -487.1908 -609.0473 0.7024974
450.57    -487.0843 -609.0431 0.7025585
450.58    -486.9777 -609.0389 0.7026212
450.59    -486.8711 -609.0347 0.7026855
450.6    -486.7644 -609.0305 0.702751
450.61    -486.6577 -609.0263 0.702818
450.62    -486.551 -609.0222 0.7028862
450.63    -486.4442 -609.018 0.7029556
450.64    -486.3373 -609.0139 0.7030262
450.65    -486.2304 -609.0096 0.7030975
450.66    -486.1235 -609.0055 0.7031694
450.67    -486.0165 -609.0013 0.7032419
450.68    -485.9095 -608.9971 0.7033151
450.69    -485.8023 -608.9929 0.7033889
450.7    -485.6952 -608.9886 0.7034623
450.71    -485.588 -608.9844 0.7035354
450.72    -485.4808 -608.9802 0.7036082
450.73    -485.3735 -608.976 0.7036807
450.74    -485.2661 -608.9718 0.7037529
450.75    -485.1588 -608.9677 0.7038248
450.76    -485.0513 -608.9634 0.7038954
450.77    -484.9438 -608.9592 0.7039647
450.78    -484.8363 -608.955 0.7040328
450.79    -484.7287 -608.9509 0.7040997
450.8    -484.6211 -608.9467 0.7041652
450.81    -484.5134 -608.9426 0.7042292
450.82    -484.4056 -608.9384 0.7042918
450.83    -484.2978 -608.9343 0.7043531
450.84    -484.1899 -608.9302 0.7044132
450.85    -484.082 -608.926 0.7044719
450.86    -483.9741 -608.9219 0.7045293
450.87    -483.8661 -608.9177 0.7045854
450.88    -483.758 -608.9136 0.7046404
450.89    -483.6499 -608.9094 0.7046942
450.9    -483.5417 -608.9053 0.7047469
450.91    -483.4335 -608.9011 0.7047985
450.92    -483.3252 -608.897 0.7048491
450.93    -483.2169 -608.8929 0.7048987
450.94    -483.1085 -608.8887 0.7049475
450.95    -483.0001 -608.8846 0.7049952
450.96    -482.8916 -608.8804 0.7050422
450.97    -482.7831 -608.8763 0.7050883
450.98    -482.6745 -608.8721 0.7051337
450.99    -482.5658 -608.868 0.7051782
451    -482.4572 -608.8638 0.7052221
451.01    -482.3484 -608.8597 0.7052653
451.02    -482.2396 -608.8556 0.7053078
451.03    -482.1308 -608.8514 0.7053497
451.04    -482.0219 -608.8473 0.705391
451.05    -481.9129 -608.8431 0.7054318
451.06    -481.8039 -608.839 0.7054719
451.07    -481.6949 -608.8348 0.7055116
451.08    -481.5858 -608.8307 0.7055507
451.09    -481.4766 -608.8267 0.7055894
451.1    -481.3674 -608.8226 0.7056276
451.11    -481.2581 -608.8185 0.7056653
451.12    -481.1488 -608.8144 0.7057027
451.13    -481.0395 -608.8103 0.7057397
451.14    -480.93 -608.8063 0.7057761
451.15    -480.8206 -608.8022 0.7058123
451.16    -480.711 -608.7981 0.7058481
451.17    -480.6015 -608.794 0.7058836
451.18    -480.4919 -608.7899 0.7059187
451.19    -480.3822 -608.7858 0.7059535
451.2    -480.2725 -608.7817 0.7059882
451.21    -480.1627 -608.7776 0.7060227
451.22    -480.0529 -608.7736 0.706057
451.23    -479.943 -608.7695 0.7060912
451.24    -479.833 -608.7654 0.7061254
451.25    -479.7231 -608.7613 0.7061599
451.26    -479.613 -608.7572 0.7061951
451.27    -479.503 -608.7531 0.7062308
451.28    -479.3928 -608.7491 0.7062669
451.29    -479.2826 -608.7451 0.7063035
451.3    -479.1724 -608.741 0.7063414
451.31    -479.0621 -608.737 0.7063806
451.32    -478.9518 -608.733 0.7064211
451.33    -478.8413 -608.7289 0.7064627
451.34    -478.7309 -608.7249 0.7065054
451.35    -478.6204 -608.7209 0.7065498
451.36    -478.5099 -608.7169 0.7065958
451.37    -478.3993 -608.7128 0.7066434
451.38    -478.2886 -608.7088 0.7066925
451.39    -478.1779 -608.7048 0.7067431
451.4    -478.0672 -608.7007 0.7067952
451.41    -477.9564 -608.6967 0.7068487
451.42    -477.8456 -608.6927 0.7069037
451.43    -477.7346 -608.6887 0.7069601
451.44    -477.6237 -608.6847 0.7070177
451.45    -477.5127 -608.6807 0.7070766
451.46    -477.4016 -608.6766 0.7071366
451.47    -477.2905 -608.6726 0.7071978
451.48    -477.1793 -608.6686 0.70726
451.49    -477.0681 -608.6646 0.7073231
451.5    -476.9568 -608.6605 0.7073873
451.51    -476.8456 -608.6565 0.707452
451.52    -476.7342 -608.6525 0.7075174
451.53    -476.6228 -608.6484 0.7075834
451.54    -476.5113 -608.6444 0.7076499
451.55    -476.3997 -608.6404 0.7077169
451.56    -476.2882 -608.6364 0.7077836
451.57    -476.1766 -608.6323 0.7078499
451.58    -476.0649 -608.6283 0.7079158
451.59    -475.9532 -608.6243 0.7079815
451.6    -475.8415 -608.6203 0.7080458
451.61    -475.7296 -608.6163 0.708109
451.62    -475.6178 -608.6122 0.708171
451.63    -475.5059 -608.6082 0.708232
451.64    -475.3939 -608.6042 0.7082919
451.65    -475.2819 -608.6002 0.7083492
451.66    -475.1699 -608.5961 0.708404
451.67    -475.0577 -608.5921 0.7084565
451.68    -474.9456 -608.5881 0.7085066
451.69    -474.8334 -608.5842 0.7085546
451.7    -474.7211 -608.5802 0.7085987
451.71    -474.6088 -608.5762 0.7086391
451.72    -474.4965 -608.5723 0.7086759
451.73    -474.384 -608.5683 0.7087092
451.74    -474.2716 -608.5643 0.7087393
451.75    -474.1591 -608.5604 0.7087662
451.76    -474.0465 -608.5564 0.7087884
451.77    -473.9339 -608.5525 0.7088059
451.78    -473.8212 -608.5485 0.7088191
451.79    -473.7085 -608.5446 0.7088281
451.8    -473.5958 -608.5406 0.7088323
451.81    -473.483 -608.5366 0.7088322
451.82    -473.3701 -608.5327 0.7088277
451.83    -473.2572 -608.5287 0.7088193
451.84    -473.1442 -608.5247 0.7088068
451.85    -473.0313 -608.5208 0.7087905
451.86    -472.9182 -608.5168 0.7087706
451.87    -472.8051 -608.5128 0.7087472
451.88    -472.692 -608.5089 0.7087204
451.89    -472.5787 -608.505 0.7086905
451.9    -472.4655 -608.5011 0.7086576
451.91    -472.3522 -608.4972 0.7086216
451.92    -472.2389 -608.4933 0.7085831
451.93    -472.1255 -608.4894 0.7085419
451.94    -472.012 -608.4855 0.7084981
451.95    -471.8985 -608.4816 0.7084519
451.96    -471.785 -608.4777 0.7084035
451.97    -471.6714 -608.4738 0.7083528
451.98    -471.5577 -608.4699 0.7083
451.99    -471.444 -608.4661 0.7082453
452    -471.3303 -608.4623 0.7081885
452.01    -471.2165 -608.4584 0.7081299
452.02    -471.1026 -608.4546 0.7080694
452.03    -470.9887 -608.4507 0.7080073
452.04    -470.8748 -608.447 0.7079436
452.05    -470.7608 -608.4431 0.7078782
452.06    -470.6468 -608.4393 0.7078114
452.07    -470.5327 -608.4354 0.707743
452.08    -470.4185 -608.4316 0.7076734
452.09    -470.3044 -608.4279 0.7076023
452.1    -470.1901 -608.4241 0.7075302
452.11    -470.0758 -608.4203 0.7074568
452.12    -469.9615 -608.4166 0.7073825
452.13    -469.8471 -608.4128 0.707307
452.14    -469.7327 -608.4091 0.7072307
452.15    -469.6182 -608.4053 0.7071537
452.16    -469.5037 -608.4016 0.7070764
452.17    -469.3892 -608.3979 0.7069985
452.18    -469.2745 -608.3942 0.7069203
