1761.71    -648.253 -613.9514 0.6887314
1761.72    -648.1428 -613.9484 0.6887751
1761.73    -648.0326 -613.9454 0.6888211
1761.74    -647.9224 -613.9424 0.6888691
1761.75    -647.8123 -613.9395 0.6889189
1761.76    -647.7021 -613.9366 0.6889704
1761.77    -647.592 -613.9337 0.6890237
1761.78    -647.4819 -613.9307 0.6890785
1761.79    -647.3718 -613.9278 0.6891347
1761.8    -647.2617 -613.9249 0.6891922
1761.81    -647.1516 -613.922 0.6892511
1761.82    -647.0416 -613.9191 0.689311
1761.83    -646.9315 -613.9163 0.6893722
1761.84    -646.8215 -613.9134 0.6894343
1761.85    -646.7115 -613.9105 0.6894975
1761.86    -646.6015 -613.9077 0.6895615
1761.87    -646.4915 -613.9048 0.6896264
1761.88    -646.3815 -613.9019 0.6896921
1761.89    -646.2716 -613.899 0.6897585
1761.9    -646.1617 -613.8963 0.6898256
1761.91    -646.0518 -613.8935 0.6898933
1761.92    -645.9418 -613.8907 0.6899617
1761.93    -645.8319 -613.8879 0.6900306
1761.94    -645.722 -613.8851 0.6901001
1761.95    -645.6121 -613.8823 0.69017
1761.96    -645.5023 -613.8795 0.6902404
1761.97    -645.3924 -613.8766 0.6903112
1761.98    -645.2825 -613.8738 0.6903825
1761.99    -645.1727 -613.871 0.690454
1762    -645.0629 -613.8683 0.690526
1762.01    -644.9531 -613.8655 0.6905983
1762.02    -644.8433 -613.8628 0.690671
1762.03    -644.7335 -613.86 0.6907438
1762.04    -644.6238 -613.8574 0.690817
1762.05    -644.514 -613.8546 0.6908904
1762.06    -644.4043 -613.8519 0.690964
1762.07    -644.2946 -613.8491 0.6910379
1762.08    -644.1848 -613.8464 0.6911119
1762.09    -644.0751 -613.8436 0.6911864
1762.1    -643.9655 -613.8409 0.6912611
1762.11    -643.8558 -613.8381 0.6913362
1762.12    -643.7461 -613.8354 0.6914116
1762.13    -643.6364 -613.8328 0.6914872
1762.14    -643.5268 -613.8301 0.6915638
1762.15    -643.4172 -613.8274 0.6916413
1762.16    -643.3076 -613.8247 0.6917197
1762.17    -643.1979 -613.822 0.6917989
1762.18    -643.0884 -613.8193 0.6918789
1762.19    -642.9788 -613.8167 0.6919611
1762.2    -642.8693 -613.814 0.6920453
1762.21    -642.7597 -613.8113 0.6921316
1762.22    -642.6502 -613.8087 0.6922196
1762.23    -642.5407 -613.806 0.6923093
1762.24    -642.4312 -613.8033 0.6924022
1762.25    -642.3217 -613.8006 0.6924978
1762.26    -642.2123 -613.7979 0.6925961
1762.27    -642.1028 -613.7953 0.692697
1762.28    -641.9934 -613.7927 0.6928002
1762.29    -641.884 -613.79 0.6929064
1762.3    -641.7746 -613.7874 0.6930155
1762.31    -641.6652 -613.7848 0.6931272
1762.32    -641.5558 -613.7822 0.6932414
1762.33    -641.4465 -613.7795 0.693358
1762.34    -641.3372 -613.7769 0.6934767
1762.35    -641.2278 -613.7743 0.6935977
1762.36    -641.1185 -613.7717 0.6937205
1762.37    -641.0092 -613.769 0.6938452
1762.38    -640.8999 -613.7663 0.6939715
1762.39    -640.7906 -613.7636 0.6940994
1762.4    -640.6814 -613.7609 0.6942288
1762.41    -640.5721 -613.7582 0.6943597
1762.42    -640.4629 -613.7556 0.6944917
1762.43    -640.3536 -613.7529 0.6946249
1762.44    -640.2444 -613.7502 0.6947593
1762.45    -640.1352 -613.7474 0.6948947
1762.46    -640.026 -613.7447 0.6950311
1762.47    -639.9168 -613.7419 0.6951684
1762.48    -639.8076 -613.7392 0.6953065
1762.49    -639.6984 -613.7364 0.6954454
1762.5    -639.5893 -613.7336 0.6955851
1762.51    -639.4802 -613.7309 0.6957254
1762.52    -639.371 -613.728 0.6958663
1762.53    -639.2619 -613.7252 0.6960079
1762.54    -639.1528 -613.7224 0.69615
1762.55    -639.0438 -613.7195 0.6962926
1762.56    -638.9347 -613.7167 0.6964357
1762.57    -638.8256 -613.7139 0.6965792
1762.58    -638.7166 -613.7109 0.6967231
1762.59    -638.6076 -613.7081 0.6968672
1762.6    -638.4986 -613.7052 0.6970113
1762.61    -638.3896 -613.7023 0.6971555
1762.62    -638.2807 -613.6993 0.6972998
1762.63    -638.1718 -613.6964 0.6974443
1762.64    -638.0628 -613.6934 0.6975885
1762.65    -637.9539 -613.6904 0.6977326
1762.66    -637.845 -613.6874 0.6978765
1762.67    -637.7361 -613.6844 0.6980202
1762.68    -637.6273 -613.6814 0.6981638
1762.69    -637.5184 -613.6784 0.6983067
1762.7    -637.4096 -613.6753 0.6984491
1762.71    -637.3008 -613.6722 0.6985909
1762.72    -637.192 -613.6691 0.6987323
1762.73    -637.0831 -613.6661 0.698873
1762.74    -636.9744 -613.6629 0.6990125
1762.75    -636.8657 -613.6598 0.6991507
1762.76    -636.7569 -613.6566 0.6992877
1762.77    -636.6481 -613.6535 0.6994236
1762.78    -636.5394 -613.6503 0.6995585
1762.79    -636.4306 -613.6471 0.6996924
1762.8    -636.3219 -613.6439 0.6998246
1762.81    -636.2132 -613.6406 0.6999552
1762.82    -636.1045 -613.6373 0.7000842
1762.83    -635.9958 -613.6341 0.7002119
1762.84    -635.8871 -613.6307 0.7003384
1762.85    -635.7785 -613.6274 0.7004634
1762.86    -635.6699 -613.6241 0.7005869
1762.87    -635.5612 -613.6207 0.7007092
1762.88    -635.4526 -613.6173 0.7008302
1762.89    -635.3441 -613.614 0.70095
1762.9    -635.2355 -613.6105 0.7010689
1762.91    -635.1269 -613.6071 0.7011867
1762.92    -635.0184 -613.6036 0.7013035
1762.93    -634.9099 -613.6002 0.7014195
1762.94    -634.8013 -613.5966 0.7015347
1762.95    -634.6929 -613.5931 0.7016492
1762.96    -634.5844 -613.5895 0.7017629
1762.97    -634.476 -613.5859 0.7018759
1762.98    -634.3675 -613.5824 0.7019885
1762.99    -634.259 -613.5787 0.7021003
1763    -634.1506 -613.5751 0.7022116
1763.01    -634.0421 -613.5715 0.7023224
1763.02    -633.9337 -613.5678 0.7024327
1763.03    -633.8252 -613.5641 0.7025424
1763.04    -633.7167 -613.5604 0.7026518
1763.05    -633.6083 -613.5566 0.7027606
1763.06    -633.4999 -613.5529 0.7028689
1763.07    -633.3914 -613.5491 0.7029765
1763.08    -633.283 -613.5453 0.7030837
1763.09    -633.1745 -613.5414 0.7031905
1763.1    -633.066 -613.5376 0.7032961
1763.11    -632.9576 -613.5337 0.7034006
1763.12    -632.8491 -613.5298 0.703504
1763.13    -632.7406 -613.5259 0.7036065
1763.14    -632.6321 -613.522 0.703707
1763.15    -632.5236 -613.518 0.7038054
1763.16    -632.4151 -613.514 0.703902
1763.17    -632.3066 -613.51 0.7039968
1763.18    -632.198 -613.506 0.7040901
1763.19    -632.0895 -613.502 0.7041804
1763.2    -631.9809 -613.4979 0.7042679
1763.21    -631.8723 -613.4938 0.704353
1763.22    -631.7637 -613.4897 0.7044355
1763.23    -631.655 -613.4856 0.7045159
1763.24    -631.5464 -613.4815 0.7045931
1763.25    -631.4377 -613.4774 0.7046675
1763.26    -631.329 -613.4732 0.7047392
1763.27    -631.2202 -613.4691 0.7048082
1763.28    -631.1115 -613.4648 0.704875
1763.29    -631.0027 -613.4607 0.7049394
1763.3    -630.8939 -613.4565 0.7050015
1763.31    -630.785 -613.4523 0.7050617
1763.32    -630.6761 -613.448 0.7051198
1763.33    -630.5672 -613.4438 0.7051762
1763.34    -630.4583 -613.4395 0.7052309
1763.35    -630.3492 -613.4352 0.705284
1763.36    -630.2402 -613.4309 0.7053356
1763.37    -630.1311 -613.4266 0.7053859
1763.38    -630.022 -613.4224 0.7054349
1763.39    -629.9128 -613.418 0.7054827
1763.4    -629.8036 -613.4137 0.7055294
1763.41    -629.6943 -613.4093 0.705575
1763.42    -629.5851 -613.405 0.7056196
1763.43    -629.4758 -613.4006 0.7056634
1763.44    -629.3664 -613.3962 0.7057063
1763.45    -629.257 -613.3918 0.7057483
1763.46    -629.1476 -613.3874 0.7057897
1763.47    -629.0381 -613.383 0.7058303
1763.48    -628.9286 -613.3786 0.7058703
1763.49    -628.8192 -613.3741 0.7059096
1763.5    -628.7096 -613.3696 0.7059484
1763.51    -628.6 -613.3652 0.7059866
1763.52    -628.4903 -613.3607 0.7060243
1763.53    -628.3806 -613.3563 0.7060615
1763.54    -628.2709 -613.3518 0.7060982
1763.55    -628.1611 -613.3473 0.7061344
1763.56    -628.0513 -613.3428 0.70617
1763.57    -627.9415 -613.3383 0.7062051
1763.58    -627.8315 -613.3337 0.7062396
1763.59    -627.7216 -613.3292 0.7062735
1763.6    -627.6116 -613.3247 0.7063066
1763.61    -627.5016 -613.3201 0.7063391
1763.62    -627.3915 -613.3156 0.7063708
1763.63    -627.2813 -613.3109 0.706402
1763.64    -627.1711 -613.3063 0.7064323
1763.65    -627.0609 -613.3018 0.7064617
1763.66    -626.9506 -613.2972 0.7064903
1763.67    -626.8403 -613.2926 0.7065179
1763.68    -626.7299 -613.288 0.7065451
1763.69    -626.6194 -613.2834 0.7065706
1763.7    -626.509 -613.2787 0.7065948
1763.71    -626.3984 -613.2741 0.7066178
1763.72    -626.2878 -613.2695 0.7066395
1763.73    -626.1772 -613.2648 0.7066602
1763.74    -626.0665 -613.2602 0.7066798
1763.75    -625.9557 -613.2556 0.7066981
1763.76    -625.845 -613.2509 0.7067152
1763.77    -625.7341 -613.2463 0.7067313
1763.78    -625.6232 -613.2416 0.7067462
1763.79    -625.5123 -613.2369 0.7067602
1763.8    -625.4012 -613.2322 0.7067734
1763.81    -625.2902 -613.2275 0.7067857
1763.82    -625.179 -613.2228 0.7067972
1763.83    -625.0678 -613.2181 0.7068081
1763.84    -624.9565 -613.2134 0.7068183
1763.85    -624.8453 -613.2087 0.7068293
1763.86    -624.7339 -613.204 0.7068411
1763.87    -624.6226 -613.1993 0.7068536
1763.88    -624.5111 -613.1946 0.7068667
1763.89    -624.3996 -613.1899 0.7068804
1763.9    -624.2881 -613.1852 0.7068974
1763.91    -624.1765 -613.1804 0.7069174
1763.92    -624.0649 -613.1757 0.7069404
1763.93    -623.9532 -613.1709 0.7069657
1763.94    -623.8414 -613.1661 0.7069938
1763.95    -623.7296 -613.1614 0.7070261
1763.96    -623.6177 -613.1566 0.7070628
1763.97    -623.5058 -613.1519 0.7071032
1763.98    -623.3938 -613.1471 0.7071474
1763.99    -623.2817 -613.1423 0.7071947
1764    -623.1697 -613.1376 0.7072473
1764.01    -623.0576 -613.1328 0.7073045
1764.02    -622.9454 -613.128 0.7073661
1764.03    -622.8331 -613.1232 0.7074317
1764.04    -622.7209 -613.1185 0.7075019
1764.05    -622.6086 -613.1136 0.7075762
1764.06    -622.4962 -613.1088 0.7076545
1764.07    -622.3838 -613.104 0.7077363
1764.08    -622.2713 -613.0992 0.7078215
1764.09    -622.1588 -613.0944 0.7079099
1764.1    -622.0461 -613.0895 0.7080013
1764.11    -621.9335 -613.0847 0.7080955
1764.12    -621.8207 -613.0799 0.7081923
1764.13    -621.7079 -613.0751 0.7082916
1764.14    -621.5952 -613.0703 0.7083932
1764.15    -621.4823 -613.0654 0.7084969
1764.16    -621.3694 -613.0606 0.7086025
1764.17    -621.2564 -613.0558 0.7087101
1764.18    -621.1434 -613.051 0.7088193
1764.19    -621.0303 -613.0461 0.7089301
1764.2    -620.9172 -613.0413 0.7090425
1764.21    -620.804 -613.0365 0.7091563
1764.22    -620.6907 -613.0316 0.7092714
1764.23    -620.5773 -613.0267 0.7093876
1764.24    -620.464 -613.0219 0.709505
1764.25    -620.3506 -613.017 0.7096235
1764.26    -620.2371 -613.0121 0.7097429
1764.27    -620.1236 -613.0072 0.7098633
1764.28    -620.01 -613.0023 0.7099845
1764.29    -619.8964 -612.9974 0.7101064
1764.3    -619.7827 -612.9926 0.7102291
1764.31    -619.6689 -612.9877 0.7103524
1764.32    -619.5551 -612.9828 0.7104763
1764.33    -619.4412 -612.9779 0.7106007
1764.34    -619.3273 -612.973 0.7107248
1764.35    -619.2133 -612.9681 0.7108485
1764.36    -619.0993 -612.9633 0.710972
1764.37    -618.9852 -612.9584 0.7110951
1764.38    -618.871 -612.9535 0.7112179
1764.39    -618.7567 -612.9486 0.7113405
1764.4    -618.6425 -612.9437 0.7114617
1764.41    -618.5281 -612.9388 0.7115815
1764.42    -618.4138 -612.9338 0.7117
1764.43    -618.2993 -612.9289 0.7118173
1764.44    -618.1848 -612.924 0.7119335
1764.45    -618.0703 -612.919 0.7120475
1764.46    -617.9556 -612.9141 0.7121595
1764.47    -617.8409 -612.9091 0.7122697
1764.48    -617.7262 -612.9042 0.712378
1764.49    -617.6115 -612.8992 0.7124839
1764.5    -617.4966 -612.8943 0.7125874
1764.51    -617.3818 -612.8893 0.7126886
1764.52    -617.2668 -612.8844 0.7127878
1764.53    -617.1517 -612.8795 0.7128851
1764.54    -617.0367 -612.8745 0.7129794
1764.55    -616.9216 -612.8696 0.7130711
1764.56    -616.8064 -612.8646 0.7131603
1764.57    -616.6912 -612.8597 0.7132471
1764.58    -616.5759 -612.8547 0.7133316
1764.59    -616.4605 -612.8498 0.7134142
1764.6    -616.3451 -612.8448 0.7134939
1764.61    -616.2296 -612.8398 0.7135711
1764.62    -616.1141 -612.8348 0.7136458
1764.63    -615.9985 -612.8298 0.7137182
1764.64    -615.8829 -612.8248 0.7137879
1764.65    -615.7672 -612.8198 0.713855
1764.66    -615.6515 -612.8148 0.7139198
1764.67    -615.5357 -612.8098 0.7139822
1764.68    -615.4199 -612.8047 0.7140427
1764.69    -615.304 -612.7997 0.7141002
1764.7    -615.188 -612.7946 0.7141552
1764.71    -615.072 -612.7896 0.7142078
1764.72    -614.9559 -612.7845 0.7142581
1764.73    -614.8397 -612.7794 0.7143062
1764.74    -614.7235 -612.7744 0.7143525
1764.75    -614.6073 -612.7693 0.7143956
1764.76    -614.491 -612.7641 0.7144359
1764.77    -614.3747 -612.759 0.7144737
1764.78    -614.2583 -612.7538 0.714509
1764.79    -614.1418 -612.7487 0.714541
1764.8    -614.0253 -612.7436 0.7145702
1764.81    -613.9088 -612.7383 0.7145966
1764.82    -613.7921 -612.7332 0.7146205
1764.83    -613.6754 -612.728 0.714642
1764.84    -613.5587 -612.7228 0.7146612
1764.85    -613.4419 -612.7175 0.7146772
1764.86    -613.3251 -612.7123 0.7146903
1764.87    -613.2082 -612.707 0.7147006
1764.88    -613.0912 -612.7017 0.7147083
1764.89    -612.9742 -612.6965 0.7147136
1764.9    -612.8572 -612.6912 0.7147157
1764.91    -612.7402 -612.6859 0.7147148
1764.92    -612.623 -612.6805 0.7147111
1764.93    -612.5059 -612.6752 0.7147049
1764.94    -612.3886 -612.6697 0.7146962
1764.95    -612.2714 -612.6644 0.7146848
1764.96    -612.1541 -612.659 0.7146707
1764.97    -612.0367 -612.6536 0.7146542
1764.98    -611.9193 -612.6482 0.7146355
1764.99    -611.8018 -612.6428 0.7146145
1765    -611.6842 -612.6373 0.7145913
1765.01    -611.5666 -612.6318 0.7145662
1765.02    -611.4489 -612.6264 0.7145393
1765.03    -611.3312 -612.6208 0.7145107
1765.04    -611.2134 -612.6154 0.7144804
1765.05    -611.0956 -612.6099 0.7144486
1765.06    -610.9778 -612.6043 0.7144154
1765.07    -610.8599 -612.5988 0.7143809
1765.08    -610.7419 -612.5933 0.7143452
1765.09    -610.6239 -612.5877 0.7143083
1765.1    -610.5059 -612.5822 0.7142703
1765.11    -610.3878 -612.5766 0.7142313
1765.12    -610.2696 -612.571 0.7141913
1765.13    -610.1514 -612.5654 0.7141504
1765.14    -610.0331 -612.5599 0.7141087
1765.15    -609.9149 -612.5543 0.7140662
1765.16    -609.7965 -612.5488 0.7140229
1765.17    -609.6781 -612.5432 0.7139791
1765.18    -609.5596 -612.5375 0.7139346
1765.19    -609.4412 -612.5319 0.7138895
1765.2    -609.3226 -612.5263 0.7138438
1765.21    -609.204 -612.5207 0.7137976
1765.22    -609.0854 -612.5151 0.7137508
1765.23    -608.9667 -612.5094 0.7137036
1765.24    -608.8479 -612.5038 0.713656
1765.25    -608.7291 -612.4982 0.713608
1765.26    -608.6103 -612.4926 0.7135595
1765.27    -608.4914 -612.4869 0.7135107
1765.28    -608.3724 -612.4813 0.7134615
1765.29    -608.2534 -612.4756 0.713412
1765.3    -608.1343 -612.47 0.7133622
1765.31    -608.0153 -612.4643 0.7133122
1765.32    -607.8961 -612.4586 0.7132618
1765.33    -607.7769 -612.4529 0.7132112
1765.34    -607.6577 -612.4473 0.7131604
1765.35    -607.5383 -612.4416 0.7131093
1765.36    -607.419 -612.4359 0.7130581
1765.37    -607.2996 -612.4302 0.7130066
1765.38    -607.1802 -612.4246 0.7129549
1765.39    -607.0607 -612.4188 0.7129031
1765.4    -606.9411 -612.4131 0.712851
1765.41    -606.8215 -612.4073 0.7127988
1765.42    -606.7019 -612.4016 0.7127466
1765.43    -606.5822 -612.3959 0.7126941
1765.44    -606.4625 -612.3901 0.7126415
1765.45    -606.3427 -612.3844 0.7125888
1765.46    -606.2229 -612.3787 0.712536
1765.47    -606.103 -612.3729 0.7124832
1765.48    -605.9831 -612.3671 0.7124301
1765.49    -605.8631 -612.3613 0.712377
1765.5    -605.7431 -612.3555 0.7123239
1765.51    -605.623 -612.3497 0.7122708
1765.52    -605.5029 -612.3439 0.7122177
1765.53    -605.3828 -612.3381 0.7121647
1765.54    -605.2625 -612.3323 0.7121116
1765.55    -605.1423 -612.3265 0.7120587
1765.56    -605.022 -612.3207 0.7120059
1765.57    -604.9016 -612.3149 0.7119532
1765.58    -604.7812 -612.3091 0.7119005
1765.59    -604.6608 -612.3032 0.7118481
1765.6    -604.5403 -612.2974 0.7117957
1765.61    -604.4197 -612.2915 0.7117435
1765.62    -604.2991 -612.2856 0.7116914
1765.63    -604.1785 -612.2798 0.7116393
1765.64    -604.0578 -612.2739 0.7115874
1765.65    -603.9371 -612.2681 0.7115356
1765.66    -603.8163 -612.2622 0.7114839
1765.67    -603.6954 -612.2563 0.7114323
1765.68    -603.5745 -612.2505 0.7113807
1765.69    -603.4536 -612.2446 0.7113292
1765.7    -603.3326 -612.2388 0.7112777
1765.71    -603.2116 -612.2329 0.7112263
1765.72    -603.0905 -612.227 0.711175
1765.73    -602.9694 -612.2211 0.7111238
1765.74    -602.8483 -612.2151 0.7110725
1765.75    -602.7271 -612.2092 0.7110213
1765.76    -602.6058 -612.2032 0.7109702
1765.77    -602.4845 -612.1973 0.7109191
1765.78    -602.3632 -612.1914 0.7108681
1765.79    -602.2418 -612.1854 0.7108171
1765.8    -602.1204 -612.1794 0.7107661
1765.81    -601.9989 -612.1735 0.7107151
1765.82    -601.8774 -612.1675 0.7106642
1765.83    -601.7558 -612.1614 0.7106133
1765.84    -601.6342 -612.1554 0.7105625
1765.85    -601.5126 -612.1494 0.7105119
1765.86    -601.3909 -612.1433 0.7104612
1765.87    -601.2691 -612.1373 0.7104107
1765.88    -601.1473 -612.1312 0.7103604
1765.89    -601.0255 -612.1251 0.7103107
1765.9    -600.9036 -612.119 0.7102616
1765.91    -600.7816 -612.1128 0.7102132
1765.92    -600.6597 -612.1066 0.7101653
1765.93    -600.5377 -612.1005 0.7101179
1765.94    -600.4156 -612.0942 0.7100725
1765.95    -600.2935 -612.088 0.7100287
1765.96    -600.1714 -612.0817 0.7099866
1765.97    -600.0492 -612.0755 0.7099459
1765.98    -599.9269 -612.0692 0.7099067
1765.99    -599.8047 -612.0629 0.7098704
1766    -599.6824 -612.0566 0.7098369
1766.01    -599.56 -612.0502 0.709806
1766.02    -599.4376 -612.0438 0.7097775
1766.03    -599.3151 -612.0374 0.7097512
1766.04    -599.1926 -612.0309 0.7097293
1766.05    -599.07 -612.0244 0.7097115
1766.06    -598.9474 -612.0179 0.7096974
1766.07    -598.8248 -612.0113 0.7096869
1766.08    -598.7021 -612.0048 0.7096797
1766.09    -598.5795 -611.9981 0.7096776
1766.1    -598.4567 -611.9915 0.7096802
1766.11    -598.3339 -611.9847 0.7096871
1766.12    -598.2111 -611.978 0.7096983
1766.13    -598.0881 -611.9713 0.7097132
1766.14    -597.9652 -611.9644 0.7097324
1766.15    -597.8422 -611.9576 0.7097556
1766.16    -597.7192 -611.9507 0.7097825
1766.17    -597.5961 -611.9437 0.7098129
1766.18    -597.473 -611.9368 0.7098466
1766.19    -597.3499 -611.9297 0.7098833
1766.2    -597.2268 -611.9227 0.7099228
1766.21    -597.1036 -611.9156 0.7099649
1766.22    -596.9803 -611.9084 0.7100096
1766.23    -596.8569 -611.9012 0.7100567
1766.24    -596.7336 -611.894 0.7101058
1766.25    -596.6102 -611.8868 0.710157
1766.26    -596.4868 -611.8795 0.71021
1766.27    -596.3633 -611.8721 0.7102648
1766.28    -596.2397 -611.8647 0.7103212
1766.29    -596.1162 -611.8573 0.7103791
1766.3    -595.9926 -611.8498 0.7104385
1766.31    -595.869 -611.8423 0.7104992
1766.32    -595.7452 -611.8347 0.7105612
1766.33    -595.6215 -611.8271 0.7106243
1766.34    -595.4977 -611.8194 0.7106883
1766.35    -595.3738 -611.8116 0.7107531
1766.36    -595.25 -611.8039 0.7108188
1766.37    -595.1261 -611.7961 0.710885
1766.38    -595.0021 -611.7881 0.710952
1766.39    -594.8781 -611.7802 0.711019
1766.4    -594.7541 -611.7722 0.7110859
1766.41    -594.63 -611.7642 0.7111529
1766.42    -594.5059 -611.756 0.7112198
1766.43    -594.3817 -611.7479 0.7112867
1766.44    -594.2574 -611.7396 0.7113528
1766.45    -594.1332 -611.7313 0.7114179
1766.46    -594.0089 -611.7229 0.711482
1766.47    -593.8845 -611.7145 0.7115455
1766.48    -593.7601 -611.706 0.7116082
1766.49    -593.6357 -611.6974 0.7116696
1766.5    -593.5112 -611.6888 0.7117296
1766.51    -593.3867 -611.68 0.7117884
1766.52    -593.2621 -611.6712 0.7118459
1766.53    -593.1375 -611.6624 0.7119024
1766.54    -593.0129 -611.6533 0.7119579
1766.55    -592.8882 -611.6442 0.7120123
1766.56    -592.7635 -611.6351 0.7120655
1766.57    -592.6388 -611.6259 0.712118
1766.58    -592.514 -611.6165 0.7121696
1766.59    -592.3892 -611.6071 0.7122203
1766.6    -592.2643 -611.5975 0.7122703
1766.61    -592.1393 -611.5879 0.7123197
1766.62    -592.0144 -611.5781 0.7123682
1766.63    -591.8894 -611.5683 0.7124163
1766.64    -591.7645 -611.5583 0.7124637
1766.65    -591.6394 -611.5482 0.7125105
1766.66    -591.5143 -611.538 0.7125569
1766.67    -591.3892 -611.5278 0.7126028
1766.68    -591.264 -611.5174 0.7126482
1766.69    -591.1389 -611.5068 0.7126932
1766.7    -591.0136 -611.4962 0.7127379
1766.71    -590.8883 -611.4855 0.712782
1766.72    -590.763 -611.4747 0.712826
1766.73    -590.6376 -611.4637 0.7128695
1766.74    -590.5123 -611.4526 0.7129128
1766.75    -590.3869 -611.4415 0.7129557
1766.76    -590.2614 -611.4301 0.7129984
1766.77    -590.1359 -611.4186 0.7130408
1766.78    -590.0104 -611.4071 0.713083
1766.79    -589.8848 -611.3954 0.7131249
1766.8    -589.7592 -611.3837 0.7131665
1766.81    -589.6335 -611.3718 0.7132078
1766.82    -589.5079 -611.3597 0.7132487
1766.83    -589.3822 -611.3477 0.7132893
1766.84    -589.2565 -611.3354 0.7133294
1766.85    -589.1307 -611.323 0.713369
1766.86    -589.0049 -611.3105 0.7134081
1766.87    -588.8791 -611.2979 0.7134469
1766.88    -588.7532 -611.2852 0.7134853
1766.89    -588.6273 -611.2723 0.7135233
1766.9    -588.5014 -611.2593 0.7135607
1766.91    -588.3754 -611.2463 0.7135978
1766.92    -588.2495 -611.233 0.7136343
1766.93    -588.1234 -611.2197 0.7136703
1766.94    -587.9973 -611.2062 0.713706
1766.95    -587.8712 -611.1926 0.7137412
1766.96    -587.7451 -611.179 0.7137762
1766.97    -587.619 -611.1651 0.7138108
1766.98    -587.4927 -611.1511 0.7138451
1766.99    -587.3666 -611.137 0.7138791
1767    -587.2403 -611.1227 0.7139128
1767.01    -587.114 -611.1083 0.7139462
1767.02    -586.9877 -611.0939 0.7139795
1767.03    -586.8613 -611.0792 0.7140124
1767.04    -586.7349 -611.0645 0.7140453
1767.05    -586.6085 -611.0496 0.7140779
1767.06    -586.4821 -611.0347 0.7141103
1767.07    -586.3556 -611.0196 0.7141424
1767.08    -586.2291 -611.0043 0.7141746
1767.09    -586.1025 -610.989 0.7142065
1767.1    -585.976 -610.9736 0.7142383
1767.11    -585.8493 -610.9579 0.71427
1767.12    -585.7227 -610.9423 0.7143015
1767.13    -585.5961 -610.9265 0.7143329
1767.14    -585.4694 -610.9105 0.7143643
1767.15    -585.3428 -610.8945 0.7143955
1767.16    -585.2162 -610.8782 0.7144266
1767.17    -585.0895 -610.8619 0.7144576
1767.18    -584.9626 -610.8453 0.7144886
1767.19    -584.8359 -610.8287 0.7145194
1767.2    -584.709 -610.8118 0.7145501
1767.21    -584.5821 -610.7947 0.7145807
1767.22    -584.4551 -610.7775 0.7146112
1767.23    -584.3282 -610.7601 0.7146416
1767.24    -584.2012 -610.743 0.7146716
1767.25    -584.0742 -610.726 0.7147013
1767.26    -583.9473 -610.709 0.7147307
1767.27    -583.8202 -610.692 0.7147597
1767.28    -583.6931 -610.6749 0.7147885
1767.29    -583.5659 -610.6578 0.714816
1767.3    -583.4388 -610.6405 0.7148421
1767.31    -583.3115 -610.6232 0.7148672
1767.32    -583.1842 -610.6058 0.7148911
1767.33    -583.0569 -610.5883 0.7149141
1767.34    -582.9296 -610.5707 0.7149344
1767.35    -582.8022 -610.5529 0.7149523
1767.36    -582.6748 -610.5352 0.7149678
1767.37    -582.5474 -610.5173 0.7149812
1767.38    -582.4199 -610.4994 0.7149926
1767.39    -582.2924 -610.4813 0.7150021
1767.4    -582.1649 -610.4631 0.7150081
1767.41    -582.0374 -610.4448 0.715011
1767.42    -581.9098 -610.4263 0.7150109
1767.43    -581.7822 -610.4077 0.7150081
1767.44    -581.6547 -610.389 0.7150025
1767.45    -581.527 -610.3701 0.7149943
1767.46    -581.3992 -610.3516 0.7149836
1767.47    -581.2714 -610.3333 0.7149708
1767.48    -581.1435 -610.3151 0.7149559
1767.49    -581.0156 -610.2969 0.7149389
1767.5    -580.8876 -610.2787 0.7149201
1767.51    -580.7596 -610.2605 0.7148996
1767.52    -580.6315 -610.2422 0.7148775
1767.53    -580.5034 -610.2239 0.7148539
1767.54    -580.3753 -610.2056 0.7148288
1767.55    -580.2471 -610.1872 0.7148024
1767.56    -580.119 -610.1688 0.7147748
1767.57    -579.9907 -610.1503 0.7147461
1767.58    -579.8625 -610.1318 0.7147163
1767.59    -579.7343 -610.1133 0.7146854
1767.6    -579.606 -610.0947 0.7146537
1767.61    -579.4776 -610.076 0.7146212
1767.62    -579.3492 -610.0574 0.7145878
1767.63    -579.2208 -610.0387 0.7145538
1767.64    -579.0923 -610.02 0.7145193
1767.65    -578.9639 -610.0013 0.7144843
1767.66    -578.8353 -609.9825 0.714449
1767.67    -578.7067 -609.9638 0.7144133
1767.68    -578.5781 -609.9451 0.7143773
1767.69    -578.4495 -609.9264 0.7143409
1767.7    -578.3207 -609.9077 0.714305
1767.71    -578.192 -609.8889 0.7142694
1767.72    -578.0632 -609.8703 0.7142342
1767.73    -577.9344 -609.8516 0.7141992
1767.74    -577.8055 -609.833 0.7141652
1767.75    -577.6766 -609.8144 0.714132
1767.76    -577.5476 -609.7958 0.7140995
1767.77    -577.4186 -609.7773 0.7140677
1767.78    -577.2895 -609.7588 0.7140366
1767.79    -577.1603 -609.7404 0.7140066
1767.8    -577.0312 -609.722 0.7139776
1767.81    -576.902 -609.7037 0.7139496
1767.82    -576.7727 -609.6854 0.7139225
1767.83    -576.6433 -609.6671 0.7138962
1767.84    -576.5139 -609.6489 0.7138706
1767.85    -576.3845 -609.6307 0.7138459
1767.86    -576.2551 -609.6127 0.7138219
1767.87    -576.1255 -609.5947 0.7137985
1767.88    -575.9959 -609.5768 0.7137758
1767.89    -575.8663 -609.559 0.7137536
1767.9    -575.7365 -609.5413 0.7137321
1767.91    -575.6068 -609.5236 0.713711
1767.92    -575.4769 -609.5059 0.7136905
1767.93    -575.347 -609.4885 0.7136703
1767.94    -575.217 -609.471 0.7136506
1767.95    -575.0871 -609.4536 0.7136312
1767.96    -574.9571 -609.4364 0.713612
1767.97    -574.827 -609.4192 0.7135931
1767.98    -574.6968 -609.4021 0.7135743
1767.99    -574.5667 -609.3851 0.7135557
1768    -574.4363 -609.3682 0.7135371
1768.01    -574.306 -609.3514 0.7135186
1768.02    -574.1757 -609.3347 0.7135
1768.03    -574.0452 -609.3181 0.7134815
1768.04    -573.9147 -609.3016 0.7134631
1768.05    -573.7842 -609.2852 0.7134447
1768.06    -573.6537 -609.269 0.7134263
1768.07    -573.523 -609.2527 0.7134079
1768.08    -573.3923 -609.2367 0.7133896
1768.09    -573.2616 -609.2207 0.7133714
1768.1    -573.1307 -609.2049 0.7133532
1768.11    -572.9999 -609.1891 0.7133349
1768.12    -572.869 -609.1736 0.7133167
1768.13    -572.738 -609.1581 0.7132985
1768.14    -572.6069 -609.1426 0.7132804
1768.15    -572.4759 -609.1274 0.7132624
1768.16    -572.3448 -609.1122 0.7132445
1768.17    -572.2136 -609.0972 0.7132266
1768.18    -572.0823 -609.0823 0.7132089
1768.19    -571.951 -609.0674 0.7131917
1768.2    -571.8196 -609.0528 0.7131754
1768.21    -571.6882 -609.0383 0.7131595
1768.22    -571.5567 -609.0238 0.7131442
1768.23    -571.4252 -609.0095 0.7131294
1768.24    -571.2936 -608.9954 0.7131156
1768.25    -571.1619 -608.9814 0.7131025
1768.26    -571.0302 -608.9675 0.7130903
1768.27    -570.8984 -608.9537 0.7130788
1768.28    -570.7665 -608.9401 0.7130679
1768.29    -570.6346 -608.9266 0.7130578
1768.3    -570.5027 -608.9132 0.7130482
1768.31    -570.3708 -608.9 0.7130393
1768.32    -570.2388 -608.887 0.7130309
1768.33    -570.1066 -608.874 0.7130231
1768.34    -569.9745 -608.8611 0.7130158
1768.35    -569.8423 -608.8484 0.7130089
1768.36    -569.71 -608.8359 0.7130026
1768.37    -569.5776 -608.8235 0.7129966
1768.38    -569.4453 -608.8112 0.712991
1768.39    -569.3129 -608.7991 0.7129858
1768.4    -569.1804 -608.787 0.7129809
1768.41    -569.0479 -608.7751 0.7129764
1768.42    -568.9153 -608.7634 0.7129721
1768.43    -568.7827 -608.7518 0.7129682
1768.44    -568.65 -608.7403 0.7129645
1768.45    -568.5173 -608.7289 0.7129611
1768.46    -568.3845 -608.7177 0.7129579
1768.47    -568.2516 -608.7066 0.7129548
1768.48    -568.1188 -608.6957 0.712952
1768.49    -567.9858 -608.6849 0.7129494
1768.5    -567.8528 -608.6741 0.712947
1768.51    -567.7198 -608.6635 0.7129446
1768.52    -567.5867 -608.6531 0.7129425
1768.53    -567.4534 -608.6427 0.7129405
1768.54    -567.3203 -608.6325 0.7129386
1768.55    -567.187 -608.6224 0.7129369
1768.56    -567.0537 -608.6124 0.7129352
1768.57    -566.9203 -608.6025 0.7129337
1768.58    -566.7869 -608.5928 0.7129322
1768.59    -566.6534 -608.5832 0.7129309
1768.6    -566.5199 -608.5737 0.7129296
1768.61    -566.3864 -608.5643 0.7129284
1768.62    -566.2527 -608.5551 0.7129271
1768.63    -566.1191 -608.5459 0.7129259
1768.64    -565.9854 -608.5369 0.7129248
1768.65    -565.8517 -608.528 0.7129237
1768.66    -565.7179 -608.5192 0.7129227
1768.67    -565.584 -608.5105 0.7129216
1768.68    -565.4501 -608.502 0.7129206
1768.69    -565.3161 -608.4935 0.7129197
1768.7    -565.1821 -608.4852 0.7129186
1768.71    -565.0481 -608.4771 0.7129176
1768.72    -564.914 -608.4689 0.7129165
1768.73    -564.7798 -608.4609 0.7129154
1768.74    -564.6457 -608.453 0.7129143
1768.75    -564.5115 -608.4453 0.7129132
1768.76    -564.3772 -608.4376 0.712912
1768.77    -564.2429 -608.4301 0.7129108
1768.78    -564.1085 -608.4225 0.7129095
1768.79    -563.9741 -608.4152 0.7129083
1768.8    -563.8396 -608.408 0.7129069
1768.81    -563.7051 -608.4008 0.7129055
1768.82    -563.5704 -608.3937 0.7129041
1768.83    -563.4358 -608.3867 0.7129026
1768.84    -563.3011 -608.3799 0.712901
1768.85    -563.1664 -608.373 0.7128993
1768.86    -563.0317 -608.3664 0.7128975
1768.87    -562.8969 -608.3597 0.7128956
1768.88    -562.762 -608.3532 0.7128937
1768.89    -562.6271 -608.3468 0.7128914
1768.9    -562.4921 -608.3404 0.7128888
1768.91    -562.3571 -608.3341 0.712886
1768.92    -562.222 -608.3279 0.7128828
1768.93    -562.0869 -608.3217 0.7128795
1768.94    -561.9518 -608.3157 0.7128758
1768.95    -561.8166 -608.3098 0.7128711
1768.96    -561.6813 -608.3038 0.7128655
1768.97    -561.546 -608.298 0.7128589
1768.98    -561.4107 -608.2921 0.7128515
1768.99    -561.2753 -608.2864 0.7128422
1769    -561.1399 -608.2807 0.7128311
1769.01    -561.0045 -608.2751 0.7128186
1769.02    -560.869 -608.2697 0.7128046
1769.03    -560.7334 -608.2642 0.7127891
1769.04    -560.5978 -608.2588 0.7127724
1769.05    -560.4622 -608.2535 0.7127525
1769.06    -560.3265 -608.2481 0.7127295
1769.07    -560.1907 -608.2429 0.7127036
1769.08    -560.0549 -608.2377 0.7126753
1769.09    -559.9191 -608.2325 0.7126428
1769.1    -559.7833 -608.2274 0.7126065
1769.11    -559.6473 -608.2224 0.7125666
1769.12    -559.5113 -608.2173 0.7125235
1769.13    -559.3753 -608.2124 0.7124771
1769.14    -559.2393 -608.2075 0.7124267
1769.15    -559.1031 -608.2026 0.7123722
1769.16    -558.967 -608.1978 0.7123141
1769.17    -558.8309 -608.1931 0.7122525
1769.18    -558.6946 -608.1884 0.7121877
1769.19    -558.5584 -608.1837 0.7121198
1769.2    -558.4221 -608.179 0.7120488
1769.21    -558.2858 -608.1744 0.711975
1769.22    -558.1494 -608.1699 0.7118987
1769.23    -558.0129 -608.1653 0.7118199
1769.24    -557.8764 -608.1608 0.7117388
1769.25    -557.7399 -608.1563 0.7116556
1769.26    -557.6033 -608.1519 0.7115704
1769.27    -557.4666 -608.1475 0.7114832
1769.28    -557.33 -608.1431 0.7113944
1769.29    -557.1932 -608.1388 0.7113038
1769.3    -557.0565 -608.1345 0.7112117
1769.31    -556.9197 -608.1302 0.7111183
1769.32    -556.7829 -608.126 0.7110233
1769.33    -556.646 -608.1218 0.7109271
1769.34    -556.5091 -608.1176 0.7108298
1769.35    -556.3721 -608.1133 0.7107312
1769.36    -556.2351 -608.1092 0.7106317
1769.37    -556.098 -608.105 0.7105311
1769.38    -555.9609 -608.101 0.7104295
1769.39    -555.8237 -608.0969 0.7103272
1769.4    -555.6865 -608.0928 0.7102242
1769.41    -555.5493 -608.0887 0.7101204
1769.42    -555.412 -608.0847 0.7100163
1769.43    -555.2747 -608.0807 0.7099114
1769.44    -555.1373 -608.0768 0.7098067
1769.45    -554.9999 -608.0728 0.7097022
1769.46    -554.8625 -608.0688 0.7095978
1769.47    -554.725 -608.0649 0.7094935
1769.48    -554.5874 -608.061 0.7093892
1769.49    -554.4498 -608.0571 0.7092859
1769.5    -554.3122 -608.0532 0.7091835
1769.51    -554.1745 -608.0493 0.7090819
1769.52    -554.0367 -608.0454 0.7089812
1769.53    -553.899 -608.0416 0.7088811
1769.54    -553.7612 -608.0377 0.7087817
1769.55    -553.6233 -608.0339 0.7086836
1769.56    -553.4854 -608.0301 0.7085866
1769.57    -553.3475 -608.0263 0.7084907
1769.58    -553.2095 -608.0225 0.7083957
1769.59    -553.0715 -608.0187 0.7083018
1769.6    -552.9334 -608.015 0.7082089
1769.61    -552.7953 -608.0114 0.7081169
1769.62    -552.6571 -608.0076 0.7080258
1769.63    -552.5189 -608.0039 0.7079354
1769.64    -552.3806 -608.0002 0.7078458
1769.65    -552.2422 -607.9966 0.7077568
1769.66    -552.1039 -607.9929 0.7076685
1769.67    -551.9655 -607.9893 0.7075808
1769.68    -551.827 -607.9858 0.7074937
1769.69    -551.6885 -607.9822 0.7074071
1769.7    -551.5499 -607.9786 0.707321
1769.71    -551.4113 -607.975 0.7072356
1769.72    -551.2727 -607.9716 0.7071507
1769.73    -551.134 -607.968 0.7070664
1769.74    -550.9954 -607.9645 0.7069829
1769.75    -550.8566 -607.961 0.7069003
1769.76    -550.7178 -607.9576 0.7068186
1769.77    -550.579 -607.9541 0.7067375
1769.78    -550.4401 -607.9507 0.7066572
1769.79    -550.3011 -607.9473 0.7065787
1769.8    -550.1622 -607.9439 0.7065021
1769.81    -550.0231 -607.9405 0.7064271
1769.82    -549.884 -607.9372 0.7063537
1769.83    -549.7449 -607.9338 0.7062817
1769.84    -549.6057 -607.9305 0.7062122
1769.85    -549.4665 -607.9272 0.7061449
1769.86    -549.3272 -607.924 0.7060798
1769.87    -549.1879 -607.9207 0.7060168
1769.88    -549.0486 -607.9174 0.7059555
1769.89    -548.9092 -607.9142 0.7058964
1769.9    -548.7698 -607.911 0.705839
1769.91    -548.6303 -607.9078 0.7057834
1769.92    -548.4908 -607.9047 0.7057294
1769.93    -548.3512 -607.9015 0.7056769
1769.94    -548.2115 -607.8984 0.7056258
1769.95    -548.0719 -607.8953 0.7055761
1769.96    -547.9322 -607.8922 0.7055275
1769.97    -547.7924 -607.8891 0.7054801
1769.98    -547.6526 -607.886 0.7054339
1769.99    -547.5128 -607.8831 0.7053886
1770    -547.3729 -607.88 0.7053443
1770.01    -547.2329 -607.8771 0.7053009
1770.02    -547.093 -607.8741 0.7052583
1770.03    -546.9529 -607.8712 0.7052165
1770.04    -546.8129 -607.8682 0.7051754
1770.05    -546.6728 -607.8654 0.705135
1770.06    -546.5327 -607.8624 0.7050952
1770.07    -546.3925 -607.8596 0.7050561
1770.08    -546.2522 -607.8568 0.7050175
1770.09    -546.1119 -607.854 0.7049794
1770.1    -545.9716 -607.8512 0.7049419
1770.11    -545.8312 -607.8484 0.7049047
1770.12    -545.6908 -607.8457 0.704868
1770.13    -545.5503 -607.843 0.7048317
1770.14    -545.4098 -607.8403 0.7047957
1770.15    -545.2692 -607.8377 0.7047601
1770.16    -545.1287 -607.835 0.7047248
1770.17    -544.988 -607.8325 0.7046899
1770.18    -544.8474 -607.8298 0.7046552
1770.19    -544.7067 -607.8273 0.7046208
1770.2    -544.5659 -607.8248 0.7045866
1770.21    -544.4251 -607.8223 0.7045526
1770.22    -544.2842 -607.8199 0.7045189
1770.23    -544.1433 -607.8174 0.7044853
1770.24    -544.0024 -607.815 0.704452
1770.25    -543.8614 -607.8126 0.7044188
1770.26    -543.7203 -607.8102 0.7043858
1770.27    -543.5792 -607.8079 0.704353
1770.28    -543.4381 -607.8056 0.7043203
1770.29    -543.2969 -607.8033 0.7042876
1770.3    -543.1558 -607.8011 0.704255
1770.31    -543.0145 -607.7988 0.7042226
1770.32    -542.8732 -607.7966 0.7041903
1770.33    -542.7319 -607.7944 0.7041579
1770.34    -542.5905 -607.7923 0.7041255
1770.35    -542.4491 -607.7902 0.704093
1770.36    -542.3076 -607.7881 0.7040603
1770.37    -542.1661 -607.7861 0.7040277
1770.38    -542.0245 -607.784 0.7039948
1770.39    -541.8829 -607.782 0.7039619
1770.4    -541.7412 -607.78 0.7039286
1770.41    -541.5995 -607.7781 0.7038948
1770.42    -541.4578 -607.7762 0.7038605
1770.43    -541.316 -607.7744 0.7038259
1770.44    -541.1743 -607.7725 0.7037909
1770.45    -541.0324 -607.7706 0.7037556
1770.46    -540.8905 -607.7688 0.7037199
1770.47    -540.7485 -607.767 0.7036839
1770.48    -540.6065 -607.7653 0.7036477
1770.49    -540.4644 -607.7635 0.7036111
1770.5    -540.3223 -607.7618 0.7035743
1770.51    -540.1802 -607.7602 0.7035372
1770.52    -540.038 -607.7585 0.7035
1770.53    -539.8958 -607.7569 0.7034625
1770.54    -539.7535 -607.7552 0.7034248
1770.55    -539.6113 -607.7537 0.7033869
1770.56    -539.4689 -607.7521 0.7033488
1770.57    -539.3265 -607.7505 0.7033106
1770.58    -539.1841 -607.7491 0.7032722
1770.59    -539.0416 -607.7476 0.7032337
1770.6    -538.8991 -607.7462 0.703195
1770.61    -538.7565 -607.7447 0.7031561
1770.62    -538.6139 -607.7432 0.7031171
1770.63    -538.4713 -607.7419 0.7030781
1770.64    -538.3286 -607.7405 0.7030389
1770.65    -538.1859 -607.7391 0.7029996
1770.66    -538.0431 -607.7378 0.7029601
1770.67    -537.9003 -607.7365 0.7029207
1770.68    -537.7574 -607.7352 0.702881
1770.69    -537.6145 -607.7339 0.7028415
1770.7    -537.4716 -607.7327 0.7028021
1770.71    -537.3286 -607.7314 0.7027627
1770.72    -537.1855 -607.7302 0.7027235
1770.73    -537.0424 -607.7291 0.7026843
1770.74    -536.8993 -607.7279 0.7026452
1770.75    -536.7562 -607.7267 0.7026062
1770.76    -536.613 -607.7256 0.7025675
1770.77    -536.4697 -607.7245 0.7025288
1770.78    -536.3264 -607.7234 0.7024903
1770.79    -536.1831 -607.7224 0.7024519
1770.8    -536.0397 -607.7213 0.7024137
1770.81    -535.8963 -607.7203 0.7023755
1770.82    -535.7528 -607.7193 0.7023375
1770.83    -535.6093 -607.7183 0.7022996
1770.84    -535.4658 -607.7173 0.7022617
1770.85    -535.3221 -607.7164 0.702224
1770.86    -535.1785 -607.7155 0.7021863
1770.87    -535.0349 -607.7145 0.7021487
1770.88    -534.8911 -607.7136 0.7021112
1770.89    -534.7473 -607.7127 0.7020737
1770.9    -534.6035 -607.7118 0.7020363
1770.91    -534.4597 -607.711 0.7019989
1770.92    -534.3157 -607.7101 0.7019616
1770.93    -534.1718 -607.7093 0.7019243
1770.94    -534.0278 -607.7084 0.7018871
1770.95    -533.8839 -607.7076 0.7018499
1770.96    -533.7398 -607.7068 0.7018127
1770.97    -533.5957 -607.706 0.7017756
1770.98    -533.4515 -607.7052 0.7017385
1770.99    -533.3074 -607.7044 0.7017014
1771    -533.1631 -607.7036 0.7016644
1771.01    -533.0189 -607.7028 0.7016274
1771.02    -532.8745 -607.7021 0.7015904
1771.03    -532.7302 -607.7014 0.7015533
1771.04    -532.5858 -607.7007 0.7015164
1771.05    -532.4413 -607.7 0.7014795
1771.06    -532.2969 -607.6992 0.7014425
1771.07    -532.1523 -607.6985 0.7014055
1771.08    -532.0078 -607.6978 0.7013687
1771.09    -531.8632 -607.697 0.7013317
1771.1    -531.7185 -607.6963 0.7012948
1771.11    -531.5738 -607.6956 0.7012579
1771.12    -531.4291 -607.6949 0.701221
1771.13    -531.2843 -607.6943 0.7011841
1771.14    -531.1395 -607.6936 0.7011472
1771.15    -530.9946 -607.6929 0.7011102
1771.16    -530.8497 -607.6923 0.7010734
1771.17    -530.7048 -607.6916 0.7010365
1771.18    -530.5598 -607.6909 0.7009996
1771.19    -530.4147 -607.6902 0.7009627
1771.2    -530.2697 -607.6896 0.7009258
1771.21    -530.1245 -607.6889 0.7008889
1771.22    -529.9794 -607.6882 0.700852
1771.23    -529.8342 -607.6876 0.7008151
1771.24    -529.689 -607.6868 0.7007782
1771.25    -529.5437 -607.6862 0.7007413
1771.26    -529.3984 -607.6855 0.7007043
1771.27    -529.253 -607.6848 0.7006673
1771.28    -529.1076 -607.6841 0.7006304
1771.29    -528.9622 -607.6835 0.7005934
1771.3    -528.8167 -607.6829 0.7005564
1771.31    -528.6712 -607.6823 0.7005194
1771.32    -528.5256 -607.6816 0.7004825
1771.33    -528.38 -607.6809 0.7004455
1771.34    -528.2344 -607.6802 0.7004085
1771.35    -528.0887 -607.6795 0.7003714
1771.36    -527.943 -607.6788 0.7003344
1771.37    -527.7972 -607.6782 0.7002974
1771.38    -527.6514 -607.6775 0.7002603
1771.39    -527.5056 -607.6768 0.7002232
1771.4    -527.3597 -607.6761 0.7001862
1771.41    -527.2139 -607.6755 0.7001491
1771.42    -527.0679 -607.6747 0.700112
1771.43    -526.9219 -607.6741 0.7000749
1771.44    -526.7759 -607.6734 0.7000378
1771.45    -526.6299 -607.6727 0.7000007
1771.46    -526.4838 -607.6721 0.6999635
1771.47    -526.3376 -607.6714 0.6999263
1771.48    -526.1915 -607.6707 0.6998891
1771.49    -526.0452 -607.67 0.6998519
1771.5    -525.899 -607.6693 0.6998147
1771.51    -525.7527 -607.6686 0.6997775
1771.52    -525.6064 -607.668 0.6997403
1771.53    -525.46 -607.6672 0.699703
1771.54    -525.3136 -607.6665 0.6996658
1771.55    -525.1672 -607.6658 0.6996285
1771.56    -525.0208 -607.665 0.6995912
1771.57    -524.8743 -607.6642 0.699554
1771.58    -524.7277 -607.6635 0.6995166
1771.59    -524.5811 -607.6628 0.6994793
1771.6    -524.4345 -607.662 0.6994419
1771.61    -524.2879 -607.6613 0.6994047
1771.62    -524.1412 -607.6606 0.6993672
1771.63    -523.9945 -607.6597 0.6993299
1771.64    -523.8478 -607.6589 0.6992925
1771.65    -523.701 -607.6581 0.699255
1771.66    -523.5542 -607.6573 0.6992176
1771.67    -523.4073 -607.6566 0.6991802
1771.68    -523.2604 -607.6558 0.6991428
1771.69    -523.1135 -607.6549 0.6991053
1771.7    -522.9666 -607.6541 0.6990678
1771.71    -522.8196 -607.6533 0.6990303
1771.72    -522.6726 -607.6525 0.6989928
1771.73    -522.5256 -607.6516 0.6989552
1771.74    -522.3785 -607.6508 0.6989177
1771.75    -522.2314 -607.6498 0.6988801
1771.76    -522.0842 -607.649 0.6988426
1771.77    -521.9371 -607.6481 0.698805
1771.78    -521.7899 -607.6472 0.6987674
1771.79    -521.6426 -607.6463 0.6987298
1771.8    -521.4954 -607.6454 0.6986921
1771.81    -521.348 -607.6444 0.6986545
1771.82    -521.2007 -607.6435 0.6986169
1771.83    -521.0533 -607.6425 0.6985792
1771.84    -520.9059 -607.6415 0.6985419
1771.85    -520.7584 -607.6405 0.698505
1771.86    -520.611 -607.6395 0.6984684
1771.87    -520.4634 -607.6385 0.6984321
1771.88    -520.3159 -607.6375 0.6983963
1771.89    -520.1683 -607.6364 0.6983626
1771.9    -520.0207 -607.6354 0.6983314
1771.91    -519.873 -607.6343 0.6983021
1771.92    -519.7253 -607.6332 0.698275
1771.93    -519.5776 -607.6321 0.6982497
1771.94    -519.4299 -607.631 0.6982299
1771.95    -519.2822 -607.6299 0.6982152
1771.96    -519.1343 -607.6287 0.6982054
1771.97    -518.9865 -607.6276 0.6982003
1771.98    -518.8386 -607.6264 0.6981994
1771.99    -518.6907 -607.6252 0.6982054
1772    -518.5428 -607.624 0.6982179
1772.01    -518.3948 -607.6228 0.6982366
1772.02    -518.2468 -607.6215 0.698261
1772.03    -518.0988 -607.6203 0.6982908
1772.04    -517.9507 -607.6191 0.6983257
1772.05    -517.8026 -607.6177 0.698367
1772.06    -517.6545 -607.6165 0.6984143
1772.07    -517.5063 -607.6152 0.6984674
1772.08    -517.3581 -607.6138 0.6985259
1772.09    -517.2099 -607.6124 0.6985894
1772.1    -517.0616 -607.6111 0.6986577
1772.11    -516.9133 -607.6097 0.6987305
1772.12    -516.765 -607.6083 0.6988076
1772.13    -516.6166 -607.6069 0.6988887
1772.14    -516.4683 -607.6054 0.6989735
1772.15    -516.3198 -607.6039 0.6990619
1772.16    -516.1714 -607.6025 0.6991535
1772.17    -516.0229 -607.601 0.6992484
1772.18    -515.8743 -607.5994 0.6993462
1772.19    -515.7258 -607.5979 0.6994468
1772.2    -515.5772 -607.5963 0.69955
1772.21    -515.4286 -607.5948 0.6996557
1772.22    -515.2799 -607.5931 0.6997637
1772.23    -515.1312 -607.5916 0.6998739
1772.24    -514.9825 -607.59 0.6999862
1772.25    -514.8338 -607.5883 0.7001004
1772.26    -514.685 -607.5866 0.7002165
1772.27    -514.5362 -607.585 0.7003343
1772.28    -514.3873 -607.5832 0.7004538
1772.29    -514.2385 -607.5815 0.7005746
1772.3    -514.0895 -607.5797 0.7006971
1772.31    -513.9406 -607.5779 0.7008207
1772.32    -513.7916 -607.5762 0.7009458
1772.33    -513.6426 -607.5743 0.701072
1772.34    -513.4935 -607.5725 0.7011994
1772.35    -513.3445 -607.5707 0.7013278
1772.36    -513.1954 -607.5687 0.7014573
1772.37    -513.0462 -607.5668 0.7015876
1772.38    -512.897 -607.5649 0.7017189
1772.39    -512.7479 -607.5629 0.7018511
1772.4    -512.5986 -607.561 0.701984
1772.41    -512.4493 -607.559 0.7021177
1772.42    -512.3 -607.5569 0.702252
1772.43    -512.1507 -607.5549 0.7023871
1772.44    -512.0013 -607.5529 0.7025227
1772.45    -511.852 -607.5508 0.702659
1772.46    -511.7025 -607.5486 0.7027958
1772.47    -511.5531 -607.5466 0.7029331
1772.48    -511.4036 -607.5444 0.703071
1772.49    -511.2541 -607.5422 0.7032093
1772.5    -511.1045 -607.5401 0.703348
1772.51    -510.9549 -607.5379 0.7034872
1772.52    -510.8053 -607.5356 0.7036268
1772.53    -510.6556 -607.5334 0.7037667
1772.54    -510.506 -607.5312 0.7039069
1772.55    -510.3563 -607.5289 0.7040475
1772.56    -510.2065 -607.5266 0.7041885
1772.57    -510.0567 -607.5244 0.7043297
1772.58    -509.9069 -607.522 0.7044711
1772.59    -509.7571 -607.5197 0.7046129
1772.6    -509.6072 -607.5173 0.7047548
1772.61    -509.4573 -607.515 0.704897
1772.62    -509.3074 -607.5126 0.7050394
1772.63    -509.1574 -607.5101 0.7051821
1772.64    -509.0074 -607.5078 0.7053249
1772.65    -508.8574 -607.5053 0.7054678
1772.66    -508.7073 -607.5029 0.7056107
1772.67    -508.5573 -607.5004 0.7057535
1772.68    -508.4071 -607.4979 0.7058964
1772.69    -508.257 -607.4954 0.7060389
1772.7    -508.1068 -607.4929 0.706181
1772.71    -507.9566 -607.4904 0.7063228
1772.72    -507.8063 -607.4878 0.7064644
1772.73    -507.656 -607.4852 0.7066056
1772.74    -507.5057 -607.4826 0.7067466
1772.75    -507.3553 -607.48 0.7068864
1772.76    -507.205 -607.4774 0.7070251
1772.77    -507.0546 -607.4748 0.7071626
1772.78    -506.9041 -607.4722 0.7072993
1772.79    -506.7537 -607.4695 0.7074339
1772.8    -506.6032 -607.4668 0.7075666
1772.81    -506.4526 -607.4641 0.7076976
1772.82    -506.3021 -607.4614 0.7078268
1772.83    -506.1515 -607.4587 0.7079545
1772.84    -506.0009 -607.4561 0.708079
1772.85    -505.8502 -607.4533 0.7082007
1772.86    -505.6995 -607.4506 0.7083196
1772.87    -505.5488 -607.4478 0.7084359
1772.88    -505.398 -607.445 0.7085497
1772.89    -505.2473 -607.4423 0.7086598
1772.9    -505.0965 -607.4395 0.7087663
1772.91    -504.9456 -607.4367 0.7088694
1772.92    -504.7947 -607.4339 0.7089694
1772.93    -504.6438 -607.4311 0.7090663
1772.94    -504.4929 -607.4283 0.7091594
1772.95    -504.3419 -607.4255 0.7092488
1772.96    -504.1909 -607.4227 0.7093348
1772.97    -504.0399 -607.4199 0.7094175
1772.98    -503.8889 -607.417 0.7094972
1772.99    -503.7377 -607.4141 0.709574
1773    -503.5866 -607.4113 0.7096469
1773.01    -503.4355 -607.4084 0.7097161
1773.02    -503.2843 -607.4055 0.7097818
1773.03    -503.133 -607.4026 0.7098442
1773.04    -502.9818 -607.3998 0.7099035
1773.05    -502.8305 -607.3969 0.7099582
1773.06    -502.6792 -607.394 0.7100086
1773.07    -502.5278 -607.3911 0.7100549
1773.08    -502.3764 -607.3882 0.7100974
1773.09    -502.225 -607.3853 0.7101352
1773.1    -502.0736 -607.3823 0.7101684
1773.11    -501.9221 -607.3794 0.7101974
1773.12    -501.7706 -607.3765 0.7102225
1773.13    -501.6191 -607.3736 0.7102437
1773.14    -501.4675 -607.3707 0.7102607
1773.15    -501.3159 -607.3677 0.7102736
1773.16    -501.1643 -607.3648 0.7102829
1773.17    -501.0127 -607.3619 0.7102885
1773.18    -500.861 -607.3589 0.7102907
1773.19    -500.7093 -607.356 0.7102898
1773.2    -500.5575 -607.3531 0.7102858
1773.21    -500.4057 -607.3502 0.710279
1773.22    -500.2539 -607.3472 0.7102695
1773.23    -500.1021 -607.3443 0.7102574
1773.24    -499.9502 -607.3414 0.7102429
1773.25    -499.7983 -607.3384 0.7102262
1773.26    -499.6464 -607.3356 0.7102073
1773.27    -499.4944 -607.3326 0.7101864
1773.28    -499.3424 -607.3297 0.7101637
1773.29    -499.1904 -607.3268 0.710139
1773.3    -499.0383 -607.3239 0.7101128
1773.31    -498.8862 -607.3209 0.7100849
1773.32    -498.7341 -607.318 0.7100555
1773.33    -498.5819 -607.3151 0.7100246
1773.34    -498.4298 -607.3121 0.7099924
1773.35    -498.2776 -607.3091 0.7099589
1773.36    -498.1253 -607.3062 0.7099242
1773.37    -497.973 -607.3032 0.7098884
1773.38    -497.8207 -607.3002 0.7098515
1773.39    -497.6684 -607.2972 0.7098135
1773.4    -497.516 -607.2943 0.7097747
1773.41    -497.3636 -607.2913 0.7097347
1773.42    -497.2112 -607.2883 0.7096941
1773.43    -497.0587 -607.2853 0.7096525
1773.44    -496.9063 -607.2824 0.7096102
1773.45    -496.7537 -607.2795 0.7095671
1773.46    -496.6012 -607.2766 0.7095234
1773.47    -496.4486 -607.2736 0.709479
1773.48    -496.296 -607.2707 0.709434
1773.49    -496.1433 -607.2678 0.7093883
1773.5    -495.9906 -607.2648 0.7093421
1773.51    -495.8379 -607.2619 0.7092955
1773.52    -495.6852 -607.259 0.7092482
1773.53    -495.5324 -607.256 0.7092004
1773.54    -495.3795 -607.2531 0.7091523
1773.55    -495.2267 -607.2502 0.7091038
1773.56    -495.0738 -607.2473 0.7090548
1773.57    -494.9209 -607.2443 0.7090054
1773.58    -494.768 -607.2415 0.7089556
1773.59    -494.6151 -607.2385 0.7089055
1773.6    -494.4621 -607.2356 0.7088551
1773.61    -494.3091 -607.2327 0.7088043
1773.62    -494.156 -607.2297 0.7087533
1773.63    -494.0029 -607.2268 0.708702
1773.64    -493.8498 -607.2239 0.7086504
1773.65    -493.6966 -607.2209 0.7085986
1773.66    -493.5435 -607.218 0.7085465
1773.67    -493.3903 -607.2151 0.7084941
1773.68    -493.237 -607.2122 0.7084416
1773.69    -493.0837 -607.2092 0.7083889
1773.7    -492.9305 -607.2063 0.7083359
1773.71    -492.7771 -607.2034 0.7082829
1773.72    -492.6238 -607.2005 0.7082295
1773.73    -492.4704 -607.1976 0.708176
1773.74    -492.317 -607.1948 0.7081224
1773.75    -492.1635 -607.192 0.7080686
1773.76    -492.01 -607.1891 0.7080147
1773.77    -491.8565 -607.1862 0.7079605
1773.78    -491.703 -607.1833 0.7079063
1773.79    -491.5494 -607.1805 0.7078519
1773.8    -491.3958 -607.1776 0.7077975
1773.81    -491.2422 -607.1748 0.7077429
1773.82    -491.0885 -607.1721 0.7076882
1773.83    -490.9348 -607.1693 0.7076334
1773.84    -490.7811 -607.1664 0.7075784
1773.85    -490.6273 -607.1636 0.7075234
1773.86    -490.4735 -607.1608 0.7074683
1773.87    -490.3197 -607.1581 0.707413
1773.88    -490.1659 -607.1553 0.7073578
1773.89    -490.012 -607.1526 0.7073023
1773.9    -489.8581 -607.1498 0.7072468
1773.91    -489.7042 -607.1472 0.7071913
1773.92    -489.5502 -607.1444 0.7071356
1773.93    -489.3962 -607.1417 0.7070799
1773.94    -489.2422 -607.139 0.7070241
1773.95    -489.0882 -607.1364 0.7069682
1773.96    -488.9341 -607.1337 0.7069124
1773.97    -488.7801 -607.131 0.7068564
1773.98    -488.626 -607.1284 0.7068003
1773.99    -488.4719 -607.1258 0.7067443
1774    -488.3178 -607.1232 0.706688
1774.01    -488.1636 -607.1207 0.7066319
1774.02    -488.0095 -607.1181 0.7065756
1774.03    -487.8553 -607.1155 0.7065192
1774.04    -487.7011 -607.113 0.7064629
1774.05    -487.5469 -607.1105 0.7064064
1774.06    -487.3927 -607.1081 0.7063499
1774.07    -487.2385 -607.1057 0.7062934
1774.08    -487.0842 -607.1033 0.7062368
1774.09    -486.93 -607.1008 0.7061802
1774.1    -486.7757 -607.0985 0.7061235
1774.11    -486.6214 -607.0961 0.7060668
1774.12    -486.4671 -607.0939 0.70601
1774.13    -486.3127 -607.0916 0.7059532
1774.14    -486.1584 -607.0893 0.7058964
1774.15    -486.004 -607.0871 0.7058396
1774.16    -485.8497 -607.0848 0.7057827
1774.17    -485.6953 -607.0827 0.7057258
1774.18    -485.5409 -607.0805 0.7056687
1774.19    -485.3865 -607.0784 0.7056118
1774.2    -485.2321 -607.0764 0.7055547
1774.21    -485.0776 -607.0742 0.7054976
1774.22    -484.9232 -607.0722 0.7054405
1774.23    -484.7687 -607.0702 0.7053833
1774.24    -484.6142 -607.0682 0.7053261
1774.25    -484.4597 -607.0662 0.7052689
1774.26    -484.3052 -607.0643 0.7052116
1774.27    -484.1507 -607.0624 0.7051543
1774.28    -483.9961 -607.0605 0.705097
1774.29    -483.8416 -607.0587 0.7050396
1774.3    -483.687 -607.0569 0.7049822
1774.31    -483.5324 -607.0551 0.7049247
1774.32    -483.3778 -607.0533 0.7048673
1774.33    -483.2232 -607.0516 0.7048098
1774.34    -483.0686 -607.05 0.7047522
1774.35    -482.914 -607.0483 0.7046946
1774.36    -482.7593 -607.0467 0.7046371
1774.37    -482.6046 -607.0451 0.7045794
1774.38    -482.4499 -607.0435 0.7045217
1774.39    -482.2952 -607.042 0.704464
1774.4    -482.1405 -607.0405 0.7044062
1774.41    -481.9858 -607.0391 0.7043484
1774.42    -481.831 -607.0377 0.7042906
1774.43    -481.6762 -607.0363 0.7042329
1774.44    -481.5215 -607.0349 0.7041749
1774.45    -481.3667 -607.0336 0.704117
1774.46    -481.2119 -607.0324 0.7040591
1774.47    -481.0571 -607.0312 0.7040011
1774.48    -480.9022 -607.03 0.7039431
1774.49    -480.7474 -607.0288 0.7038851
1774.5    -480.5925 -607.0277 0.703827
1774.51    -480.4377 -607.0266 0.703769
1774.52    -480.2827 -607.0256 0.7037108
1774.53    -480.1278 -607.0246 0.7036526
1774.54    -479.9729 -607.0236 0.7035944
1774.55    -479.818 -607.0227 0.7035362
1774.56    -479.6631 -607.0219 0.703478
1774.57    -479.5081 -607.0209 0.7034197
1774.58    -479.3531 -607.0201 0.7033614
1774.59    -479.1981 -607.0194 0.7033031
1774.6    -479.0431 -607.0186 0.7032447
1774.61    -478.8881 -607.0179 0.7031863
1774.62    -478.7331 -607.0173 0.7031279
1774.63    -478.578 -607.0167 0.7030694
1774.64    -478.423 -607.0161 0.703011
1774.65    -478.2679 -607.0156 0.7029524
1774.66    -478.1129 -607.0151 0.7028939
1774.67    -477.9578 -607.0146 0.7028353
1774.68    -477.8027 -607.0143 0.7027767
1774.69    -477.6476 -607.0139 0.7027181
1774.7    -477.4925 -607.0135 0.7026594
1774.71    -477.3374 -607.0132 0.7026007
1774.72    -477.1822 -607.0129 0.702542
1774.73    -477.0271 -607.0128 0.7024832
1774.74    -476.8719 -607.0125 0.7024245
1774.75    -476.7167 -607.0124 0.7023656
1774.76    -476.5616 -607.0123 0.7023068
1774.77    -476.4064 -607.0121 0.702248
1774.78    -476.2512 -607.0121 0.702189
1774.79    -476.096 -607.012 0.7021302
1774.8    -475.9408 -607.012 0.7020712
1774.81    -475.7856 -607.012 0.7020122
1774.82    -475.6303 -607.0121 0.7019532
1774.83    -475.4751 -607.0121 0.7018942
1774.84    -475.3199 -607.0122 0.7018352
1774.85    -475.1646 -607.0124 0.701776
1774.86    -475.0094 -607.0125 0.701717
1774.87    -474.8541 -607.0127 0.7016578
1774.88    -474.6989 -607.0129 0.7015986
1774.89    -474.5436 -607.0132 0.7015395
1774.9    -474.3883 -607.0134 0.7014803
1774.91    -474.233 -607.0137 0.701421
1774.92    -474.0777 -607.014 0.7013617
1774.93    -473.9224 -607.0143 0.7013023
1774.94    -473.7671 -607.0147 0.701243
1774.95    -473.6117 -607.0151 0.7011837
1774.96    -473.4564 -607.0154 0.7011243
1774.97    -473.301 -607.0159 0.7010649
1774.98    -473.1457 -607.0164 0.7010054
1774.99    -472.9903 -607.0168 0.700946
1775    -472.8349 -607.0173 0.7008865
1775.01    -472.6795 -607.0178 0.7008269
1775.02    -472.5241 -607.0182 0.7007674
1775.03    -472.3687 -607.0188 0.7007078
1775.04    -472.2133 -607.0193 0.7006482
1775.05    -472.0579 -607.0199 0.7005885
1775.06    -471.9025 -607.0205 0.7005289
1775.07    -471.7471 -607.0211 0.7004692
1775.08    -471.5917 -607.0217 0.7004095
1775.09    -471.4363 -607.0223 0.7003497
1775.1    -471.2809 -607.023 0.70029
1775.11    -471.1256 -607.0237 0.7002302
1775.12    -470.9702 -607.0244 0.7001704
1775.13    -470.8148 -607.025 0.7001106
1775.14    -470.6595 -607.0258 0.7000507
1775.15    -470.5042 -607.0265 0.6999907
1775.16    -470.3489 -607.0272 0.6999308
1775.17    -470.1937 -607.028 0.6998709
1775.18    -470.0384 -607.0287 0.6998109
1775.19    -469.8832 -607.0294 0.6997517
1775.2    -469.728 -607.0302 0.6996931
1775.21    -469.5728 -607.031 0.6996351
1775.22    -469.4176 -607.0318 0.6995779
1775.23    -469.2624 -607.0325 0.6995211
1775.24    -469.1072 -607.0333 0.699466
1775.25    -468.9521 -607.0341 0.6994127
1775.26    -468.797 -607.0349 0.6993609
1775.27    -468.6419 -607.0357 0.6993106
1775.28    -468.4868 -607.0365 0.6992618
1775.29    -468.3317 -607.0373 0.6992151
1775.3    -468.1767 -607.0381 0.6991705
1775.31    -468.0216 -607.0388 0.6991279
1775.32    -467.8666 -607.0396 0.699087
1775.33    -467.7116 -607.0404 0.6990479
1775.34    -467.5566 -607.0412 0.6990113
1775.35    -467.4016 -607.042 0.6989768
1775.36    -467.2467 -607.0427 0.6989445
1775.37    -467.0917 -607.0435 0.6989142
1775.38    -466.9368 -607.0443 0.6988857
1775.39    -466.7819 -607.0451 0.6988598
1775.4    -466.627 -607.0459 0.6988364
1775.41    -466.4721 -607.0466 0.6988152
1775.42    -466.3173 -607.0474 0.6987963
1775.43    -466.1624 -607.0482 0.6987793
1775.44    -466.0076 -607.049 0.6987651
1775.45    -465.8528 -607.0497 0.6987535
1775.46    -465.698 -607.0505 0.6987442
1775.47    -465.5432 -607.0513 0.6987373
1775.48    -465.3884 -607.0521 0.6987326
1775.49    -465.2337 -607.0529 0.6987298
1775.5    -465.0789 -607.0536 0.6987302
1775.51    -464.9243 -607.0543 0.6987336
1775.52    -464.7696 -607.0551 0.6987397
1775.53    -464.6149 -607.0557 0.6987485
1775.54    -464.4602 -607.0565 0.6987606
1775.55    -464.3056 -607.0572 0.6987758
1775.56    -464.151 -607.0579 0.6987941
1775.57    -463.9964 -607.0585 0.6988153
1775.58    -463.8418 -607.0592 0.6988392
1775.59    -463.6872 -607.0599 0.6988656
1775.6    -463.5326 -607.0605 0.6988953
1775.61    -463.3781 -607.0612 0.6989282
1775.62    -463.2235 -607.0618 0.6989639
1775.63    -463.069 -607.0624 0.6990025
1775.64    -462.9146 -607.063 0.699044
1775.65    -462.7601 -607.0636 0.6990882
1775.66    -462.6056 -607.0642 0.6991349
1775.67    -462.4512 -607.0648 0.6991841
1775.68    -462.2967 -607.0653 0.6992357
1775.69    -462.1423 -607.0659 0.6992896
1775.7    -461.9879 -607.0663 0.6993455
1775.71    -461.8335 -607.0669 0.6994035
1775.72    -461.6792 -607.0674 0.6994634
1775.73    -461.5248 -607.0678 0.6995252
1775.74    -461.3705 -607.0683 0.6995887
1775.75    -461.2162 -607.0688 0.6996539
1775.76    -461.0619 -607.0692 0.6997207
1775.77    -460.9076 -607.0696 0.699789
1775.78    -460.7533 -607.07 0.6998588
1775.79    -460.5991 -607.0704 0.6999301
1775.8    -460.4448 -607.0707 0.700003
1775.81    -460.2906 -607.0711 0.7000772
1775.82    -460.1364 -607.0714 0.7001529
1775.83    -459.9822 -607.0718 0.7002298
1775.84    -459.828 -607.0721 0.7003079
1775.85    -459.6739 -607.0723 0.7003882
1775.86    -459.5198 -607.0726 0.7004706
1775.87    -459.3657 -607.0729 0.700555
1775.88    -459.2115 -607.0731 0.7006413
1775.89    -459.0575 -607.0733 0.7007307
1775.9    -458.9034 -607.0735 0.7008232
1775.91    -458.7494 -607.0736 0.7009184
1775.92    -458.5954 -607.0738 0.7010163
1775.93    -458.4413 -607.0739 0.7011167
1775.94    -458.2874 -607.074 0.7012217
1775.95    -458.1334 -607.0741 0.701331
1775.96    -457.9794 -607.0741 0.7014442
1775.97    -457.8255 -607.0742 0.7015613
1775.98    -457.6715 -607.0742 0.701682
1775.99    -457.5176 -607.0742 0.7018083
1776    -457.3637 -607.0742 0.7019397
1776.01    -457.2099 -607.0741 0.702076
1776.02    -457.056 -607.074 0.702217
1776.03    -456.9021 -607.074 0.7023624
1776.04    -456.7483 -607.0739 0.7025119
1776.05    -456.5945 -607.0737 0.7026673
1776.06    -456.4407 -607.0735 0.7028283
1776.07    -456.2869 -607.0734 0.7029946
1776.08    -456.1331 -607.0732 0.7031658
1776.09    -455.9793 -607.073 0.7033417
1776.1    -455.8256 -607.0728 0.7035224
1776.11    -455.6719 -607.0725 0.7037076
1776.12    -455.5182 -607.0723 0.7038972
1776.13    -455.3645 -607.072 0.7040907
1776.14    -455.2108 -607.0716 0.7042881
1776.15    -455.0572 -607.0713 0.704489
1776.16    -454.9036 -607.0709 0.7046933
1776.17    -454.75 -607.0705 0.7049009
1776.18    -454.5964 -607.0701 0.7051115
1776.19    -454.4428 -607.0696 0.7053247
1776.2    -454.2892 -607.0692 0.7055406
1776.21    -454.1357 -607.0686 0.7057588
1776.22    -453.9822 -607.0681 0.7059792
1776.23    -453.8286 -607.0675 0.7062018
1776.24    -453.6752 -607.067 0.7064255
1776.25    -453.5217 -607.0664 0.7066501
1776.26    -453.3682 -607.0657 0.7068757
1776.27    -453.2148 -607.0651 0.7071023
1776.28    -453.0613 -607.0644 0.7073297
1776.29    -452.9079 -607.0637 0.7075567
1776.3    -452.7545 -607.063 0.7077834
1776.31    -452.6012 -607.0623 0.7080099
1776.32    -452.4478 -607.0615 0.708236
1776.33    -452.2944 -607.0607 0.7084618
1776.34    -452.1411 -607.0599 0.7086866
1776.35    -451.9878 -607.059 0.70891
1776.36    -451.8345 -607.0581 0.7091326
1776.37    -451.6812 -607.0572 0.709354
1776.38    -451.5279 -607.0563 0.7095745
1776.39    -451.3747 -607.0554 0.7097929
1776.4    -451.2215 -607.0543 0.7100095
1776.41    -451.0683 -607.0533 0.7102242
1776.42    -450.9151 -607.0522 0.7104372
1776.43    -450.7619 -607.0512 0.7106486
1776.44    -450.6087 -607.0501 0.710857
1776.45    -450.4556 -607.049 0.7110627
1776.46    -450.3025 -607.0479 0.7112657
1776.47    -450.1494 -607.0467 0.7114663
1776.48    -449.9962 -607.0455 0.7116645
1776.49    -449.8432 -607.0443 0.7118589
1776.5    -449.6901 -607.0431 0.7120497
1776.51    -449.5371 -607.0418 0.7122372
1776.52    -449.384 -607.0406 0.7124214
1776.53    -449.231 -607.0393 0.7126026
1776.54    -449.078 -607.038 0.712781
1776.55    -448.925 -607.0367 0.7129555
1776.56    -448.7721 -607.0353 0.7131265
1776.57    -448.6191 -607.0339 0.7132941
1776.58    -448.4662 -607.0326 0.7134585
1776.59    -448.3133 -607.0312 0.7136199
1776.6    -448.1604 -607.0298 0.7137783
1776.61    -448.0075 -607.0283 0.7139341
1776.62    -447.8546 -607.0269 0.7140871
1776.63    -447.7018 -607.0255 0.7142379
1776.64    -447.5489 -607.024 0.7143863
1776.65    -447.3961 -607.0226 0.7145325
1776.66    -447.2433 -607.0211 0.7146766
1776.67    -447.0905 -607.0197 0.7148188
1776.68    -446.9377 -607.0182 0.7149593
1776.69    -446.785 -607.0166 0.7150978
1776.7    -446.6323 -607.0151 0.7152348
1776.71    -446.4796 -607.0135 0.7153702
1776.72    -446.3269 -607.012 0.7155042
1776.73    -446.1742 -607.0105 0.7156368
1776.74    -446.0215 -607.009 0.715768
1776.75    -445.8689 -607.0074 0.7158981
1776.76    -445.7163 -607.0059 0.7160269
1776.77    -445.5637 -607.0043 0.7161547
1776.78    -445.411 -607.0027 0.7162814
1776.79    -445.2585 -607.0011 0.7164071
1776.8    -445.1059 -606.9995 0.7165319
1776.81    -444.9534 -606.9979 0.7166558
1776.82    -444.8008 -606.9963 0.7167788
1776.83    -444.6483 -606.9948 0.7169011
1776.84    -444.4958 -606.9932 0.7170226
1776.85    -444.3433 -606.9916 0.7171434
1776.86    -444.1909 -606.9901 0.7172636
1776.87    -444.0384 -606.9885 0.7173831
1776.88    -443.886 -606.9869 0.717502
1776.89    -443.7336 -606.9854 0.7176203
1776.9    -443.5811 -606.9838 0.7177382
1776.91    -443.4288 -606.9822 0.7178555
1776.92    -443.2764 -606.9807 0.7179723
1776.93    -443.124 -606.9791 0.7180887
1776.94    -442.9717 -606.9776 0.7182047
1776.95    -442.8194 -606.9761 0.7183202
1776.96    -442.6671 -606.9746 0.7184354
1776.97    -442.5148 -606.9731 0.7185503
1776.98    -442.3625 -606.9716 0.7186648
1776.99    -442.2103 -606.9702 0.718779
1777    -442.058 -606.9688 0.7188929
1777.01    -441.9058 -606.9673 0.7190065
1777.02    -441.7536 -606.966 0.7191198
1777.03    -441.6014 -606.9646 0.7192329
1777.04    -441.4492 -606.9633 0.7193457
1777.05    -441.2971 -606.9619 0.7194583
1777.06    -441.1449 -606.9606 0.7195707
1777.07    -440.9928 -606.9593 0.7196829
1777.08    -440.8407 -606.958 0.7197948
1777.09    -440.6886 -606.9568 0.7199066
1777.1    -440.5365 -606.9556 0.7200181
1777.11    -440.3845 -606.9544 0.7201295
1777.12    -440.2324 -606.9532 0.7202408
1777.13    -440.0804 -606.952 0.7203519
1777.14    -439.9284 -606.9509 0.7204627
1777.15    -439.7764 -606.9498 0.7205733
1777.16    -439.6245 -606.9487 0.7206836
1777.17    -439.4725 -606.9477 0.7207937
1777.18    -439.3205 -606.9467 0.7209035
1777.19    -439.1686 -606.9457 0.7210126
1777.2    -439.0167 -606.9448 0.721121
1777.21    -438.8648 -606.9438 0.7212288
1777.22    -438.713 -606.943 0.7213359
1777.23    -438.5611 -606.9421 0.7214426
1777.24    -438.4092 -606.9413 0.7215479
1777.25    -438.2574 -606.9405 0.721652
1777.26    -438.1056 -606.9398 0.721755
1777.27    -437.9538 -606.9391 0.721857
