2495    -645.0959 -614.1307 0.7071887
2495.01    -644.9666 -614.1259 0.707132
2495.02    -644.8373 -614.1212 0.7070727
2495.03    -644.7079 -614.1164 0.707011
2495.04    -644.5785 -614.1116 0.7069469
2495.05    -644.449 -614.1068 0.7068806
2495.06    -644.3196 -614.1019 0.7068121
2495.07    -644.1901 -614.0971 0.7067397
2495.08    -644.0607 -614.0923 0.7066637
2495.09    -643.9312 -614.0875 0.706584
2495.1    -643.8016 -614.0826 0.7065011
2495.11    -643.6721 -614.0778 0.7064149
2495.12    -643.5425 -614.073 0.7063257
2495.13    -643.4129 -614.0682 0.7062324
2495.14    -643.2833 -614.0634 0.7061353
2495.15    -643.1536 -614.0585 0.7060346
2495.16    -643.0239 -614.0537 0.7059304
2495.17    -642.8942 -614.0489 0.7058229
2495.18    -642.7645 -614.0441 0.7057122
2495.19    -642.6348 -614.0392 0.7055985
2495.2    -642.505 -614.0344 0.7054818
2495.21    -642.3752 -614.0296 0.7053624
2495.22    -642.2454 -614.0248 0.7052405
2495.23    -642.1155 -614.02 0.7051161
2495.24    -641.9857 -614.0151 0.7049893
2495.25    -641.8557 -614.0103 0.7048602
2495.26    -641.7258 -614.0055 0.704729
2495.27    -641.5958 -614.0007 0.7045959
2495.28    -641.4658 -613.9958 0.7044612
2495.29    -641.3358 -613.991 0.7043247
2495.3    -641.2057 -613.9862 0.7041866
2495.31    -641.0756 -613.9814 0.704047
2495.32    -640.9454 -613.9766 0.7039059
2495.33    -640.8152 -613.9717 0.7037644
2495.34    -640.685 -613.9669 0.7036225
2495.35    -640.5547 -613.9621 0.7034802
2495.36    -640.4244 -613.9573 0.7033376
2495.37    -640.2941 -613.9525 0.7031953
2495.38    -640.1638 -613.9476 0.7030532
2495.39    -640.0334 -613.9428 0.7029113
2495.4    -639.903 -613.938 0.7027696
2495.41    -639.7725 -613.9332 0.7026283
2495.42    -639.642 -613.9283 0.7024872
2495.43    -639.5115 -613.9235 0.7023463
2495.44    -639.3809 -613.9187 0.7022057
2495.45    -639.2503 -613.9139 0.7020653
2495.46    -639.1197 -613.9091 0.7019251
2495.47    -638.989 -613.9042 0.7017851
2495.48    -638.8583 -613.8994 0.7016454
2495.49    -638.7276 -613.8945 0.7015058
2495.5    -638.5969 -613.8896 0.7013664
2495.51    -638.4661 -613.8848 0.7012271
2495.52    -638.3353 -613.8799 0.701088
2495.53    -638.2044 -613.875 0.700949
2495.54    -638.0735 -613.8701 0.70081
2495.55    -637.9426 -613.8652 0.7006713
2495.56    -637.8116 -613.8604 0.7005327
2495.57    -637.6806 -613.8555 0.7003942
2495.58    -637.5496 -613.8506 0.7002558
2495.59    -637.4185 -613.8457 0.7001174
2495.6    -637.2874 -613.8408 0.6999792
2495.61    -637.1563 -613.8359 0.699841
2495.62    -637.0251 -613.8311 0.6997029
2495.63    -636.8939 -613.8262 0.6995649
2495.64    -636.7626 -613.8213 0.6994269
2495.65    -636.6313 -613.8164 0.699289
2495.66    -636.5 -613.8115 0.6991512
2495.67    -636.3687 -613.8066 0.6990134
2495.68    -636.2372 -613.8018 0.6988756
2495.69    -636.1058 -613.7969 0.6987379
2495.7    -635.9744 -613.792 0.6986002
2495.71    -635.8428 -613.7871 0.6984626
2495.72    -635.7113 -613.7822 0.6983252
2495.73    -635.5797 -613.7773 0.6981879
2495.74    -635.4481 -613.7725 0.698051
2495.75    -635.3165 -613.7676 0.6979142
2495.76    -635.1848 -613.7627 0.6977776
2495.77    -635.053 -613.7579 0.6976418
2495.78    -634.9213 -613.7531 0.6975069
2495.79    -634.7895 -613.7483 0.6973728
2495.8    -634.6577 -613.7435 0.6972395
2495.81    -634.5258 -613.7386 0.6971068
2495.82    -634.3939 -613.7338 0.6969759
2495.83    -634.2619 -613.729 0.6968466
2495.84    -634.1299 -613.7242 0.6967189
2495.85    -633.9979 -613.7194 0.6965927
2495.86    -633.8658 -613.7145 0.696468
2495.87    -633.7338 -613.7098 0.6963463
2495.88    -633.6016 -613.705 0.6962277
2495.89    -633.4695 -613.7001 0.6961119
2495.9    -633.3373 -613.6953 0.6959987
2495.91    -633.205 -613.6905 0.6958881
2495.92    -633.0728 -613.6857 0.6957821
2495.93    -632.9404 -613.6808 0.6956805
2495.94    -632.8081 -613.6761 0.6955829
2495.95    -632.6757 -613.6714 0.6954893
2495.96    -632.5433 -613.6666 0.6953995
2495.97    -632.4108 -613.6619 0.6953152
2495.98    -632.2783 -613.6571 0.6952361
2495.99    -632.1458 -613.6523 0.6951621
2496    -632.0132 -613.6476 0.6950927
2496.01    -631.8806 -613.6429 0.6950279
2496.02    -631.7479 -613.6381 0.6949674
2496.03    -631.6152 -613.6334 0.6949131
2496.04    -631.4824 -613.6286 0.6948648
2496.05    -631.3496 -613.6238 0.6948221
2496.06    -631.2167 -613.6192 0.6947849
2496.07    -631.0839 -613.6145 0.694754
2496.08    -630.9509 -613.6098 0.694729
2496.09    -630.818 -613.6051 0.6947097
2496.1    -630.685 -613.6004 0.6946958
2496.11    -630.5519 -613.5958 0.6946871
2496.12    -630.4188 -613.5911 0.6946833
2496.13    -630.2857 -613.5864 0.694685
2496.14    -630.1525 -613.5817 0.6946921
2496.15    -630.0193 -613.577 0.6947042
2496.16    -629.886 -613.5724 0.6947212
2496.17    -629.7527 -613.5678 0.6947429
2496.18    -629.6193 -613.5632 0.6947693
2496.19    -629.4859 -613.5585 0.6948
2496.2    -629.3524 -613.5539 0.6948349
2496.21    -629.2189 -613.5493 0.6948738
2496.22    -629.0854 -613.5447 0.6949167
2496.23    -628.9518 -613.5401 0.6949633
2496.24    -628.8181 -613.5355 0.6950135
2496.25    -628.6844 -613.5309 0.6950672
2496.26    -628.5507 -613.5264 0.695124
2496.27    -628.4169 -613.5219 0.6951841
2496.28    -628.2831 -613.5173 0.6952472
2496.29    -628.1493 -613.5127 0.6953131
2496.3    -628.0154 -613.5081 0.6953818
2496.31    -627.8814 -613.5037 0.695453
2496.32    -627.7474 -613.4991 0.6955267
2496.33    -627.6133 -613.4946 0.6956028
2496.34    -627.4792 -613.4901 0.6956812
2496.35    -627.3451 -613.4857 0.6957618
2496.36    -627.2109 -613.4811 0.6958444
2496.37    -627.0766 -613.4766 0.695929
2496.38    -626.9423 -613.4722 0.6960155
2496.39    -626.808 -613.4677 0.6961038
2496.4    -626.6736 -613.4633 0.6961939
2496.41    -626.5391 -613.4589 0.6962856
2496.42    -626.4047 -613.4544 0.6963788
2496.43    -626.2701 -613.45 0.6964737
2496.44    -626.1356 -613.4456 0.6965699
2496.45    -626.001 -613.4412 0.6966676
2496.46    -625.8663 -613.4368 0.6967665
2496.47    -625.7316 -613.4324 0.6968668
2496.48    -625.5969 -613.428 0.6969681
2496.49    -625.4621 -613.4237 0.6970707
2496.5    -625.3273 -613.4193 0.6971744
2496.51    -625.1924 -613.415 0.6972791
2496.52    -625.0575 -613.4106 0.6973848
2496.53    -624.9225 -613.4063 0.6974915
2496.54    -624.7875 -613.402 0.6975991
2496.55    -624.6525 -613.3977 0.6977075
2496.56    -624.5173 -613.3934 0.6978168
2496.57    -624.3822 -613.3891 0.6979269
2496.58    -624.247 -613.3849 0.6980377
2496.59    -624.1118 -613.3806 0.6981493
2496.6    -623.9764 -613.3763 0.6982615
2496.61    -623.8411 -613.3721 0.6983745
2496.62    -623.7057 -613.3679 0.698488
2496.63    -623.5703 -613.3637 0.6986021
2496.64    -623.4348 -613.3595 0.6987168
2496.65    -623.2992 -613.3553 0.6988322
2496.66    -623.1636 -613.3511 0.6989479
2496.67    -623.028 -613.3469 0.6990643
2496.68    -622.8923 -613.3428 0.699181
2496.69    -622.7567 -613.3386 0.6992982
2496.7    -622.6209 -613.3345 0.6994158
2496.71    -622.4851 -613.3303 0.6995338
2496.72    -622.3493 -613.3262 0.6996523
2496.73    -622.2134 -613.3221 0.699771
2496.74    -622.0775 -613.318 0.6998902
2496.75    -621.9415 -613.3139 0.7000097
2496.76    -621.8055 -613.3098 0.7001295
2496.77    -621.6694 -613.3058 0.7002496
2496.78    -621.5333 -613.3017 0.70037
2496.79    -621.3971 -613.2977 0.7004907
2496.8    -621.2609 -613.2936 0.7006117
2496.81    -621.1246 -613.2897 0.7007328
2496.82    -620.9883 -613.2856 0.7008543
2496.83    -620.8519 -613.2816 0.700976
2496.84    -620.7155 -613.2776 0.7010978
2496.85    -620.579 -613.2736 0.70122
2496.86    -620.4426 -613.2697 0.7013422
2496.87    -620.306 -613.2657 0.7014647
2496.88    -620.1694 -613.2618 0.7015874
2496.89    -620.0328 -613.2578 0.7017102
2496.9    -619.8961 -613.254 0.7018332
2496.91    -619.7594 -613.2501 0.7019563
2496.92    -619.6226 -613.2462 0.7020796
2496.93    -619.4858 -613.2422 0.702203
2496.94    -619.349 -613.2383 0.7023265
2496.95    -619.2121 -613.2345 0.7024502
2496.96    -619.0751 -613.2307 0.702574
2496.97    -618.9382 -613.2268 0.7026979
2496.98    -618.8011 -613.223 0.7028219
2496.99    -618.6641 -613.2192 0.7029458
2497    -618.5269 -613.2153 0.7030699
2497.01    -618.3897 -613.2115 0.703194
2497.02    -618.2525 -613.2077 0.7033178
2497.03    -618.1152 -613.2039 0.703441
2497.04    -617.9779 -613.2002 0.7035639
2497.05    -617.8405 -613.1964 0.7036864
2497.06    -617.7031 -613.1926 0.7038086
2497.07    -617.5657 -613.1888 0.7039305
2497.08    -617.4282 -613.1851 0.7040498
2497.09    -617.2906 -613.1813 0.7041667
2497.1    -617.1531 -613.1777 0.7042814
2497.11    -617.0154 -613.174 0.7043939
2497.12    -616.8778 -613.1702 0.7045028
2497.13    -616.7401 -613.1665 0.7046081
2497.14    -616.6024 -613.1628 0.7047101
2497.15    -616.4645 -613.1591 0.7048088
2497.16    -616.3267 -613.1553 0.7049046
2497.17    -616.1888 -613.1517 0.7049964
2497.18    -616.0508 -613.1481 0.7050845
2497.19    -615.9128 -613.1444 0.705169
2497.2    -615.7748 -613.1407 0.7052501
2497.21    -615.6367 -613.1371 0.7053279
2497.22    -615.4985 -613.1334 0.7054025
2497.23    -615.3604 -613.1298 0.705474
2497.24    -615.2221 -613.1261 0.7055424
2497.25    -615.0839 -613.1224 0.7056082
2497.26    -614.9456 -613.1188 0.7056712
2497.27    -614.8072 -613.1152 0.7057317
2497.28    -614.6688 -613.1117 0.7057898
2497.29    -614.5304 -613.1081 0.7058456
2497.3    -614.3919 -613.1045 0.7058991
2497.31    -614.2534 -613.1009 0.7059506
2497.32    -614.1147 -613.0973 0.706
2497.33    -613.9761 -613.0937 0.7060476
2497.34    -613.8375 -613.0901 0.7060933
2497.35    -613.6987 -613.0865 0.7061374
2497.36    -613.5599 -613.083 0.7061797
2497.37    -613.4211 -613.0795 0.7062204
2497.38    -613.2823 -613.0759 0.7062597
2497.39    -613.1434 -613.0724 0.7062976
2497.4    -613.0045 -613.0688 0.7063341
2497.41    -612.8655 -613.0653 0.7063693
2497.42    -612.7265 -613.0618 0.7064033
2497.43    -612.5875 -613.0583 0.7064362
2497.44    -612.4484 -613.0547 0.7064678
2497.45    -612.3092 -613.0512 0.7064984
2497.46    -612.17 -613.0477 0.706528
2497.47    -612.0308 -613.0442 0.7065566
2497.48    -611.8915 -613.0407 0.7065843
2497.49    -611.7521 -613.0372 0.7066112
2497.5    -611.6127 -613.0338 0.7066371
2497.51    -611.4733 -613.0303 0.7066622
2497.52    -611.3339 -613.0268 0.7066867
2497.53    -611.1943 -613.0233 0.7067103
2497.54    -611.0548 -613.0198 0.7067333
2497.55    -610.9152 -613.0164 0.7067557
2497.56    -610.7756 -613.0129 0.7067774
2497.57    -610.6359 -613.0094 0.7067984
2497.58    -610.4962 -613.0059 0.7068189
2497.59    -610.3564 -613.0024 0.7068389
2497.6    -610.2166 -612.999 0.7068584
2497.61    -610.0767 -612.9955 0.7068774
2497.62    -609.9368 -612.9921 0.7068959
2497.63    -609.7968 -612.9886 0.7069139
2497.64    -609.6568 -612.9852 0.7069317
2497.65    -609.5168 -612.9818 0.7069489
2497.66    -609.3767 -612.9783 0.7069657
2497.67    -609.2366 -612.9749 0.7069823
2497.68    -609.0964 -612.9715 0.7069985
2497.69    -608.9562 -612.9681 0.7070143
2497.7    -608.816 -612.9647 0.7070299
2497.71    -608.6757 -612.9612 0.7070451
2497.72    -608.5353 -612.9578 0.7070602
2497.73    -608.395 -612.9544 0.7070749
2497.74    -608.2545 -612.951 0.7070894
2497.75    -608.114 -612.9476 0.7071036
2497.76    -607.9734 -612.9442 0.7071176
2497.77    -607.8329 -612.9407 0.7071314
2497.78    -607.6923 -612.9373 0.707145
2497.79    -607.5516 -612.9339 0.7071584
2497.8    -607.4109 -612.9305 0.7071717
2497.81    -607.2702 -612.9271 0.7071848
2497.82    -607.1295 -612.9236 0.7071977
2497.83    -606.9886 -612.9202 0.7072104
2497.84    -606.8478 -612.9167 0.7072229
2497.85    -606.7068 -612.9131 0.7072353
2497.86    -606.5659 -612.9097 0.7072476
2497.87    -606.4249 -612.9062 0.7072598
2497.88    -606.2838 -612.9027 0.7072718
2497.89    -606.1427 -612.8992 0.7072837
2497.9    -606.0016 -612.8958 0.7072954
2497.91    -605.8604 -612.8923 0.7073071
2497.92    -605.7192 -612.8888 0.7073185
2497.93    -605.5779 -612.8853 0.70733
2497.94    -605.4366 -612.8818 0.7073414
2497.95    -605.2953 -612.8783 0.7073526
2497.96    -605.1539 -612.8748 0.7073637
2497.97    -605.0125 -612.8713 0.7073748
2497.98    -604.871 -612.8678 0.7073857
2497.99    -604.7294 -612.8643 0.7073966
2498    -604.5878 -612.8607 0.7074074
2498.01    -604.4462 -612.8571 0.7074181
2498.02    -604.3046 -612.8536 0.7074288
2498.03    -604.1629 -612.85 0.7074394
2498.04    -604.0212 -612.8465 0.7074499
2498.05    -603.8794 -612.843 0.7074604
2498.06    -603.7375 -612.8394 0.7074708
2498.07    -603.5957 -612.8358 0.7074812
2498.08    -603.4538 -612.8322 0.7074915
2498.09    -603.3118 -612.8286 0.7075017
2498.1    -603.1698 -612.825 0.7075119
2498.11    -603.0278 -612.8214 0.707522
2498.12    -602.8857 -612.8177 0.7075322
2498.13    -602.7435 -612.8141 0.7075421
2498.14    -602.6014 -612.8105 0.7075522
2498.15    -602.4592 -612.8069 0.7075621
2498.16    -602.3169 -612.8032 0.707572
2498.17    -602.1746 -612.7995 0.7075819
2498.18    -602.0323 -612.7958 0.7075918
2498.19    -601.8899 -612.7922 0.7076016
2498.2    -601.7474 -612.7885 0.7076114
2498.21    -601.605 -612.7849 0.7076211
2498.22    -601.4625 -612.7811 0.7076308
2498.23    -601.3199 -612.7773 0.7076405
2498.24    -601.1773 -612.7736 0.7076502
2498.25    -601.0347 -612.7699 0.7076598
2498.26    -600.892 -612.7662 0.7076694
2498.27    -600.7493 -612.7624 0.707679
2498.28    -600.6065 -612.7586 0.7076887
2498.29    -600.4637 -612.7548 0.7076983
2498.3    -600.3208 -612.751 0.707708
2498.31    -600.1779 -612.7472 0.7077177
2498.32    -600.0349 -612.7434 0.7077277
2498.33    -599.8919 -612.7396 0.7077381
2498.34    -599.7489 -612.7357 0.7077488
2498.35    -599.6058 -612.7319 0.7077599
2498.36    -599.4627 -612.728 0.7077712
2498.37    -599.3196 -612.7241 0.7077839
2498.38    -599.1764 -612.7202 0.7077977
2498.39    -599.0331 -612.7163 0.7078126
2498.4    -598.8898 -612.7123 0.7078286
2498.41    -598.7465 -612.7084 0.7078457
2498.42    -598.6031 -612.7045 0.7078658
2498.43    -598.4598 -612.7006 0.7078888
2498.44    -598.3163 -612.6966 0.7079145
2498.45    -598.1729 -612.6926 0.707943
2498.46    -598.0293 -612.6886 0.7079738
2498.47    -597.8857 -612.6846 0.7080083
2498.48    -597.7421 -612.6806 0.7080464
2498.49    -597.5984 -612.6765 0.7080879
2498.5    -597.4547 -612.6725 0.7081324
2498.51    -597.311 -612.6685 0.70818
2498.52    -597.1672 -612.6644 0.7082316
2498.53    -597.0234 -612.6603 0.7082869
2498.54    -596.8795 -612.6562 0.7083457
2498.55    -596.7356 -612.6521 0.7084079
2498.56    -596.5916 -612.648 0.7084734
2498.57    -596.4476 -612.6439 0.7085425
2498.58    -596.3036 -612.6397 0.7086148
2498.59    -596.1595 -612.6356 0.7086903
2498.6    -596.0154 -612.6314 0.7087689
2498.61    -595.8712 -612.6273 0.7088505
2498.62    -595.727 -612.623 0.7089348
2498.63    -595.5828 -612.6188 0.7090218
2498.64    -595.4385 -612.6146 0.7091112
2498.65    -595.2941 -612.6104 0.7092031
2498.66    -595.1497 -612.6061 0.7092974
2498.67    -595.0053 -612.6019 0.7093937
2498.68    -594.8609 -612.5975 0.7094921
2498.69    -594.7164 -612.5933 0.7095926
2498.7    -594.5719 -612.589 0.709695
2498.71    -594.4273 -612.5847 0.7097991
2498.72    -594.2827 -612.5804 0.709905
2498.73    -594.1381 -612.576 0.7100125
2498.74    -593.9934 -612.5717 0.7101215
2498.75    -593.8487 -612.5674 0.7102321
2498.76    -593.7039 -612.563 0.7103441
2498.77    -593.5591 -612.5587 0.7104574
2498.78    -593.4143 -612.5544 0.7105721
2498.79    -593.2695 -612.55 0.7106879
2498.8    -593.1246 -612.5455 0.710805
2498.81    -592.9796 -612.5411 0.7109231
2498.82    -592.8347 -612.5367 0.7110423
2498.83    -592.6896 -612.5323 0.7111625
2498.84    -592.5446 -612.528 0.7112837
2498.85    -592.3995 -612.5235 0.7114058
2498.86    -592.2543 -612.519 0.7115287
2498.87    -592.1092 -612.5146 0.7116525
2498.88    -591.964 -612.5101 0.7117769
2498.89    -591.8187 -612.5057 0.7119021
2498.9    -591.6735 -612.5012 0.712028
2498.91    -591.5281 -612.4966 0.7121544
2498.92    -591.3828 -612.4921 0.7122814
2498.93    -591.2374 -612.4876 0.7124088
2498.94    -591.092 -612.4831 0.7125365
2498.95    -590.9465 -612.4786 0.7126646
2498.96    -590.801 -612.4741 0.7127931
2498.97    -590.6555 -612.4695 0.7129214
2498.98    -590.5099 -612.465 0.7130497
2498.99    -590.3643 -612.4604 0.7131777
2499    -590.2187 -612.4559 0.7133058
2499.01    -590.073 -612.4513 0.7134336
2499.02    -589.9273 -612.4467 0.7135608
2499.03    -589.7816 -612.4421 0.7136872
2499.04    -589.6358 -612.4376 0.713813
2499.05    -589.49 -612.433 0.7139381
2499.06    -589.3441 -612.4284 0.7140626
2499.07    -589.1982 -612.4238 0.7141864
2499.08    -589.0524 -612.4191 0.7143089
2499.09    -588.9064 -612.4145 0.7144299
2499.1    -588.7605 -612.4098 0.7145497
2499.11    -588.6145 -612.4052 0.7146682
2499.12    -588.4685 -612.4005 0.7147849
2499.13    -588.3224 -612.3959 0.7148999
2499.14    -588.1764 -612.3912 0.7150133
2499.15    -588.0303 -612.3866 0.7151251
2499.16    -587.8842 -612.382 0.7152355
2499.17    -587.738 -612.3773 0.7153438
2499.18    -587.5919 -612.3726 0.7154504
2499.19    -587.4457 -612.3679 0.7155552
2499.2    -587.2994 -612.3632 0.7156583
2499.21    -587.1531 -612.3585 0.7157599
2499.22    -587.0068 -612.3538 0.7158597
2499.23    -586.8605 -612.3491 0.715958
2499.24    -586.7142 -612.3444 0.7160547
2499.25    -586.5678 -612.3397 0.71615
2499.26    -586.4214 -612.335 0.7162439
2499.27    -586.275 -612.3303 0.7163365
2499.28    -586.1285 -612.3256 0.7164278
2499.29    -585.9821 -612.3209 0.7165179
2499.3    -585.8356 -612.3161 0.7166067
2499.31    -585.689 -612.3113 0.7166945
2499.32    -585.5425 -612.3066 0.7167811
2499.33    -585.3959 -612.3018 0.7168665
2499.34    -585.2494 -612.2971 0.7169509
2499.35    -585.1028 -612.2923 0.7170342
2499.36    -584.9562 -612.2875 0.7171165
2499.37    -584.8096 -612.2828 0.7171969
2499.38    -584.6629 -612.278 0.7172756
2499.39    -584.5162 -612.2733 0.7173526
2499.4    -584.3695 -612.2685 0.7174279
2499.41    -584.2228 -612.2637 0.7175018
2499.42    -584.076 -612.259 0.7175741
2499.43    -583.9293 -612.2542 0.7176431
2499.44    -583.7825 -612.2495 0.7177089
2499.45    -583.6357 -612.2447 0.7177718
2499.46    -583.4889 -612.2399 0.7178318
2499.47    -583.3421 -612.2352 0.7178874
2499.48    -583.1953 -612.2303 0.7179388
2499.49    -583.0484 -612.2255 0.7179862
2499.5    -582.9015 -612.2207 0.7180296
2499.51    -582.7546 -612.2159 0.7180695
2499.52    -582.6077 -612.2111 0.7181042
2499.53    -582.4608 -612.2062 0.718134
2499.54    -582.3138 -612.2014 0.7181591
2499.55    -582.1668 -612.1966 0.7181796
2499.56    -582.0198 -612.1917 0.7181959
2499.57    -581.8728 -612.1869 0.7182081
2499.58    -581.7258 -612.1821 0.7182152
2499.59    -581.5787 -612.1772 0.7182174
2499.6    -581.4317 -612.1724 0.718215
2499.61    -581.2846 -612.1676 0.718208
2499.62    -581.1375 -612.1627 0.7181966
2499.63    -580.9904 -612.1578 0.718181
2499.64    -580.8433 -612.153 0.7181612
2499.65    -580.6962 -612.1481 0.7181375
2499.66    -580.549 -612.1432 0.7181101
2499.67    -580.4018 -612.1383 0.7180792
2499.68    -580.2546 -612.1334 0.7180448
2499.69    -580.1074 -612.1285 0.7180073
2499.7    -579.9602 -612.1236 0.7179667
2499.71    -579.813 -612.1187 0.717923
2499.72    -579.6658 -612.1138 0.7178766
2499.73    -579.5185 -612.1089 0.7178275
2499.74    -579.3712 -612.1039 0.7177758
2499.75    -579.2239 -612.099 0.7177217
2499.76    -579.0766 -612.0941 0.7176652
2499.77    -578.9293 -612.0891 0.7176064
2499.78    -578.7819 -612.0841 0.7175456
2499.79    -578.6346 -612.0792 0.7174826
2499.8    -578.4872 -612.0742 0.7174177
2499.81    -578.3398 -612.0693 0.7173508
2499.82    -578.1924 -612.0643 0.7172822
2499.83    -578.045 -612.0593 0.7172119
2499.84    -577.8976 -612.0543 0.7171399
2499.85    -577.7501 -612.0493 0.7170663
2499.86    -577.6027 -612.0443 0.7169912
2499.87    -577.4552 -612.0392 0.7169147
2499.88    -577.3077 -612.0342 0.7168368
2499.89    -577.1603 -612.0292 0.7167575
2499.9    -577.0128 -612.0242 0.716677
2499.91    -576.8652 -612.0192 0.7165953
2499.92    -576.7177 -612.0141 0.7165124
2499.93    -576.5702 -612.009 0.7164283
2499.94    -576.4227 -612.004 0.7163433
2499.95    -576.2751 -611.9989 0.716257
2499.96    -576.1275 -611.9938 0.71617
2499.97    -575.9799 -611.9888 0.7160819
2499.98    -575.8323 -611.9837 0.7159929
2499.99    -575.6848 -611.9786 0.715903
2500    -575.5371 -611.9734 0.7158123
2500.01    -575.3895 -611.9683 0.7157208
2500.02    -575.2418 -611.9632 0.7156286
2500.03    -575.0942 -611.9581 0.7155356
2500.04    -574.9465 -611.9529 0.7154419
2500.05    -574.7988 -611.9478 0.7153475
2500.06    -574.6511 -611.9426 0.7152525
2500.07    -574.5034 -611.9375 0.7151569
2500.08    -574.3557 -611.9323 0.7150607
2500.09    -574.208 -611.9271 0.7149639
2500.1    -574.0602 -611.9219 0.7148666
2500.11    -573.9125 -611.9167 0.7147687
2500.12    -573.7647 -611.9115 0.7146704
2500.13    -573.6169 -611.9063 0.7145715
2500.14    -573.4692 -611.9011 0.7144722
2500.15    -573.3214 -611.8959 0.7143725
2500.16    -573.1735 -611.8906 0.7142722
2500.17    -573.0257 -611.8854 0.7141716
2500.18    -572.8779 -611.8801 0.7140706
2500.19    -572.73 -611.8748 0.7139692
2500.2    -572.5822 -611.8696 0.7138674
2500.21    -572.4343 -611.8643 0.7137653
2500.22    -572.2864 -611.8591 0.7136629
2500.23    -572.1385 -611.8538 0.71356
2500.24    -571.9906 -611.8484 0.713457
2500.25    -571.8427 -611.8431 0.7133536
2500.26    -571.6947 -611.8378 0.7132499
2500.27    -571.5468 -611.8325 0.713146
2500.28    -571.3988 -611.8271 0.7130418
2500.29    -571.2509 -611.8218 0.7129372
2500.3    -571.1028 -611.8165 0.7128326
2500.31    -570.9548 -611.8112 0.7127277
2500.32    -570.8068 -611.8059 0.7126225
2500.33    -570.6588 -611.8006 0.712517
2500.34    -570.5108 -611.7953 0.7124114
2500.35    -570.3627 -611.79 0.7123057
2500.36    -570.2147 -611.7847 0.7121996
2500.37    -570.0666 -611.7794 0.7120934
2500.38    -569.9185 -611.774 0.711987
2500.39    -569.7704 -611.7687 0.7118804
2500.4    -569.6223 -611.7634 0.7117736
2500.41    -569.4742 -611.7581 0.7116667
2500.42    -569.326 -611.7528 0.7115596
2500.43    -569.1779 -611.7475 0.7114522
2500.44    -569.0298 -611.7422 0.7113448
2500.45    -568.8816 -611.7369 0.7112373
2500.46    -568.7334 -611.7316 0.7111296
2500.47    -568.5852 -611.7263 0.7110217
2500.48    -568.437 -611.721 0.7109137
2500.49    -568.2888 -611.7157 0.7108056
2500.5    -568.1406 -611.7104 0.7106974
2500.51    -567.9924 -611.7051 0.7105889
2500.52    -567.8441 -611.6998 0.7104805
2500.53    -567.6959 -611.6945 0.7103718
2500.54    -567.5476 -611.6892 0.710263
2500.55    -567.3994 -611.684 0.7101542
2500.56    -567.2511 -611.6788 0.7100453
2500.57    -567.1028 -611.6735 0.7099362
2500.58    -566.9546 -611.6683 0.709827
2500.59    -566.8063 -611.6631 0.7097177
2500.6    -566.658 -611.6578 0.7096084
2500.61    -566.5096 -611.6526 0.7094988
2500.62    -566.3613 -611.6474 0.7093893
2500.63    -566.213 -611.6422 0.7092795
2500.64    -566.0647 -611.637 0.7091699
2500.65    -565.9163 -611.6319 0.70906
2500.66    -565.7679 -611.6267 0.70895
2500.67    -565.6196 -611.6215 0.7088399
2500.68    -565.4713 -611.6164 0.7087299
2500.69    -565.3229 -611.6113 0.7086196
2500.7    -565.1745 -611.6061 0.7085093
2500.71    -565.0261 -611.6011 0.7083989
2500.72    -564.8777 -611.5959 0.7082885
2500.73    -564.7293 -611.5908 0.708178
2500.74    -564.5809 -611.5858 0.7080674
2500.75    -564.4324 -611.5807 0.7079567
2500.76    -564.284 -611.5757 0.7078459
2500.77    -564.1356 -611.5707 0.7077351
2500.78    -563.9871 -611.5657 0.7076241
2500.79    -563.8387 -611.5607 0.7075132
2500.8    -563.6902 -611.5557 0.7074021
2500.81    -563.5417 -611.5507 0.7072909
2500.82    -563.3933 -611.5458 0.7071797
2500.83    -563.2449 -611.5409 0.7070684
2500.84    -563.0964 -611.536 0.706957
2500.85    -562.9479 -611.5311 0.7068456
2500.86    -562.7994 -611.5262 0.7067342
2500.87    -562.6509 -611.5214 0.7066227
2500.88    -562.5024 -611.5165 0.706511
2500.89    -562.3539 -611.5117 0.7063993
2500.9    -562.2054 -611.5069 0.7062876
2500.91    -562.0569 -611.5021 0.7061757
2500.92    -561.9084 -611.4973 0.7060638
2500.93    -561.7599 -611.4926 0.7059518
2500.94    -561.6114 -611.4879 0.7058398
2500.95    -561.4628 -611.4831 0.7057278
2500.96    -561.3143 -611.4784 0.7056156
2500.97    -561.1658 -611.4738 0.7055033
2500.98    -561.0173 -611.4691 0.7053911
2500.99    -560.8687 -611.4645 0.7052788
2501    -560.7202 -611.4598 0.7051664
2501.01    -560.5715 -611.4552 0.7050539
2501.02    -560.423 -611.4507 0.7049415
2501.03    -560.2744 -611.4461 0.7048289
2501.04    -560.1259 -611.4417 0.7047162
2501.05    -559.9773 -611.4371 0.7046035
2501.06    -559.8287 -611.4327 0.7044907
2501.07    -559.6802 -611.4282 0.7043779
2501.08    -559.5316 -611.4238 0.7042651
2501.09    -559.3831 -611.4194 0.7041521
2501.1    -559.2345 -611.415 0.7040391
2501.11    -559.0859 -611.4106 0.7039261
2501.12    -558.9373 -611.4063 0.703813
2501.13    -558.7888 -611.402 0.7036998
2501.14    -558.6402 -611.3976 0.7035865
2501.15    -558.4916 -611.3934 0.7034732
2501.16    -558.343 -611.3892 0.7033598
2501.17    -558.1944 -611.3849 0.7032464
2501.18    -558.0458 -611.3807 0.703133
2501.19    -557.8972 -611.3765 0.7030194
2501.2    -557.7486 -611.3723 0.7029058
2501.21    -557.6 -611.3682 0.7027922
2501.22    -557.4514 -611.3641 0.7026785
2501.23    -557.3027 -611.36 0.7025647
2501.24    -557.1541 -611.356 0.7024509
2501.25    -557.0055 -611.3519 0.702337
2501.26    -556.8569 -611.3479 0.702223
2501.27    -556.7083 -611.3439 0.702109
2501.28    -556.5596 -611.34 0.701995
2501.29    -556.411 -611.336 0.7018808
2501.3    -556.2624 -611.3321 0.7017666
2501.31    -556.1138 -611.3282 0.7016524
2501.32    -555.9651 -611.3243 0.7015381
2501.33    -555.8165 -611.3204 0.7014237
2501.34    -555.6679 -611.3166 0.7013093
2501.35    -555.5193 -611.3127 0.7011948
2501.36    -555.3706 -611.309 0.7010803
2501.37    -555.222 -611.3052 0.7009657
2501.38    -555.0734 -611.3015 0.700851
2501.39    -554.9247 -611.2978 0.7007363
2501.4    -554.776 -611.2941 0.7006215
2501.41    -554.6273 -611.2905 0.7005067
2501.42    -554.4787 -611.2868 0.7003918
2501.43    -554.33 -611.2831 0.7002769
2501.44    -554.1813 -611.2796 0.7001619
2501.45    -554.0327 -611.276 0.7000468
2501.46    -553.884 -611.2724 0.6999317
2501.47    -553.7353 -611.2689 0.6998165
2501.48    -553.5866 -611.2654 0.6997013
2501.49    -553.4379 -611.262 0.6995861
2501.5    -553.2892 -611.2585 0.6994707
2501.51    -553.1406 -611.255 0.6993553
2501.52    -552.9919 -611.2516 0.6992399
2501.53    -552.8432 -611.2482 0.6991243
2501.54    -552.6945 -611.2448 0.6990088
2501.55    -552.5458 -611.2415 0.6988932
2501.56    -552.3971 -611.2382 0.6987776
2501.57    -552.2484 -611.2349 0.6986618
2501.58    -552.0997 -611.2316 0.698546
2501.59    -551.951 -611.2283 0.6984301
2501.6    -551.8022 -611.2251 0.6983142
2501.61    -551.6535 -611.2219 0.6981983
2501.62    -551.5048 -611.2187 0.6980822
2501.63    -551.3561 -611.2155 0.6979661
2501.64    -551.2073 -611.2124 0.69785
2501.65    -551.0586 -611.2093 0.6977338
2501.66    -550.9099 -611.2062 0.6976175
2501.67    -550.7611 -611.2031 0.6975012
2501.68    -550.6124 -611.2001 0.6973848
2501.69    -550.4636 -611.197 0.6972684
2501.7    -550.3149 -611.194 0.6971519
2501.71    -550.1661 -611.191 0.6970354
2501.72    -550.0174 -611.188 0.6969188
2501.73    -549.8687 -611.1851 0.6968022
2501.74    -549.7199 -611.1821 0.6966854
2501.75    -549.5712 -611.1792 0.6965687
2501.76    -549.4224 -611.1763 0.6964519
2501.77    -549.2737 -611.1734 0.696335
2501.78    -549.1249 -611.1705 0.6962181
2501.79    -548.9762 -611.1676 0.6961011
2501.8    -548.8274 -611.1647 0.6959841
2501.81    -548.6786 -611.1619 0.6958669
2501.82    -548.5298 -611.1591 0.6957498
2501.83    -548.3811 -611.1563 0.6956326
2501.84    -548.2323 -611.1534 0.6955153
2501.85    -548.0835 -611.1506 0.695398
2501.86    -547.9347 -611.1478 0.6952806
2501.87    -547.7859 -611.1451 0.6951632
2501.88    -547.6371 -611.1423 0.6950458
2501.89    -547.4883 -611.1396 0.6949282
2501.9    -547.3395 -611.1369 0.6948106
2501.91    -547.1907 -611.1342 0.6946929
2501.92    -547.0419 -611.1315 0.6945753
2501.93    -546.8931 -611.1288 0.6944575
2501.94    -546.7443 -611.1261 0.6943396
2501.95    -546.5955 -611.1234 0.6942217
2501.96    -546.4467 -611.1207 0.6941038
2501.97    -546.2979 -611.1181 0.6939858
2501.98    -546.149 -611.1155 0.6938677
2501.99    -546.0002 -611.1129 0.6937497
2502    -545.8514 -611.1102 0.6936315
2502.01    -545.7026 -611.1076 0.6935133
2502.02    -545.5537 -611.105 0.693395
2502.03    -545.4049 -611.1024 0.6932766
2502.04    -545.2561 -611.0999 0.6931583
2502.05    -545.1072 -611.0973 0.6930398
2502.06    -544.9584 -611.0947 0.6929213
2502.07    -544.8096 -611.0922 0.6928028
2502.08    -544.6607 -611.0896 0.6926842
2502.09    -544.5118 -611.0871 0.6925656
2502.1    -544.363 -611.0846 0.6924468
2502.11    -544.2141 -611.0821 0.692328
2502.12    -544.0652 -611.0796 0.6922092
2502.13    -543.9164 -611.0771 0.6920903
2502.14    -543.7675 -611.0746 0.6919714
2502.15    -543.6187 -611.0721 0.6918523
2502.16    -543.4698 -611.0696 0.6917332
2502.17    -543.3209 -611.0671 0.6916142
2502.18    -543.1721 -611.0646 0.691495
2502.19    -543.0232 -611.0621 0.6913757
2502.2    -542.8743 -611.0597 0.6912564
2502.21    -542.7255 -611.0573 0.6911371
2502.22    -542.5766 -611.0548 0.6910177
2502.23    -542.4277 -611.0524 0.6908983
2502.24    -542.2789 -611.0499 0.6907787
2502.25    -542.13 -611.0475 0.6906592
2502.26    -541.9811 -611.045 0.6905397
2502.27    -541.8322 -611.0426 0.69042
2502.28    -541.6833 -611.0402 0.6903002
2502.29    -541.5345 -611.0377 0.6901804
2502.3    -541.3856 -611.0353 0.6900606
2502.31    -541.2366 -611.033 0.6899407
2502.32    -541.0878 -611.0306 0.6898207
2502.33    -540.9389 -611.0282 0.6897007
2502.34    -540.79 -611.0258 0.6895806
2502.35    -540.6411 -611.0234 0.6894605
2502.36    -540.4921 -611.0211 0.6893403
2502.37    -540.3432 -611.0187 0.6892201
2502.38    -540.1943 -611.0163 0.6890998
2502.39    -540.0453 -611.0139 0.6889794
2502.4    -539.8964 -611.0115 0.688859
2502.41    -539.7475 -611.0092 0.6887386
2502.42    -539.5986 -611.0068 0.6886181
2502.43    -539.4496 -611.0044 0.6884978
2502.44    -539.3007 -611.002 0.6883779
2502.45    -539.1517 -610.9996 0.6882581
2502.46    -539.0027 -610.9973 0.6881385
2502.47    -538.8538 -610.9949 0.6880201
2502.48    -538.7048 -610.9925 0.6879026
2502.49    -538.5558 -610.9901 0.687786
2502.5    -538.4069 -610.9877 0.6876705
2502.51    -538.2578 -610.9854 0.6875557
2502.52    -538.1088 -610.9829 0.6874419
2502.53    -537.9598 -610.9805 0.6873314
2502.54    -537.8107 -610.9781 0.6872243
2502.55    -537.6617 -610.9758 0.6871202
2502.56    -537.5126 -610.9734 0.6870192
2502.57    -537.3636 -610.971 0.6869236
2502.58    -537.2145 -610.9686 0.6868331
2502.59    -537.0654 -610.9662 0.6867478
2502.6    -536.9163 -610.9639 0.6866673
2502.61    -536.7672 -610.9614 0.6865913
2502.62    -536.6181 -610.9589 0.6865197
2502.63    -536.469 -610.9565 0.6864571
2502.64    -536.3199 -610.954 0.6864032
2502.65    -536.1707 -610.9516 0.6863575
2502.66    -536.0215 -610.9492 0.6863197
2502.67    -535.8724 -610.9467 0.6862928
2502.68    -535.7232 -610.9442 0.6862761
2502.69    -535.574 -610.9418 0.6862694
2502.7    -535.4248 -610.9393 0.6862721
2502.71    -535.2756 -610.9369 0.6862838
2502.72    -535.1263 -610.9344 0.6863077
2502.73    -534.9771 -610.9318 0.6863432
2502.74    -534.8279 -610.9293 0.6863897
2502.75    -534.6786 -610.9268 0.6864468
2502.76    -534.5293 -610.9243 0.6865141
2502.77    -534.38 -610.9218 0.686591
2502.78    -534.2307 -610.9193 0.6866805
2502.79    -534.0814 -610.9167 0.6867819
2502.8    -533.932 -610.9142 0.6868947
2502.81    -533.7827 -610.9116 0.6870184
2502.82    -533.6333 -610.9091 0.6871538
2502.83    -533.4839 -610.9064 0.6873002
2502.84    -533.3345 -610.9039 0.6874574
2502.85    -533.1851 -610.9013 0.6876248
2502.86    -533.0356 -610.8987 0.6878019
2502.87    -532.8861 -610.8961 0.687989
2502.88    -532.7366 -610.8934 0.6881855
2502.89    -532.5872 -610.8908 0.688391
2502.9    -532.4376 -610.8882 0.6886052
2502.91    -532.2881 -610.8855 0.6888278
2502.92    -532.1385 -610.8828 0.6890583
2502.93    -531.989 -610.8801 0.6892965
2502.94    -531.8394 -610.8774 0.689542
2502.95    -531.6897 -610.8747 0.6897945
2502.96    -531.54 -610.872 0.6900538
2502.97    -531.3904 -610.8693 0.6903195
2502.98    -531.2407 -610.8666 0.6905914
2502.99    -531.091 -610.8638 0.6908692
2503    -530.9413 -610.861 0.6911526
2503.01    -530.7915 -610.8583 0.6914414
2503.02    -530.6417 -610.8554 0.6917354
2503.03    -530.4919 -610.8526 0.6920344
2503.04    -530.3421 -610.8498 0.6923381
2503.05    -530.1923 -610.847 0.6926463
2503.06    -530.0424 -610.8441 0.6929589
2503.07    -529.8925 -610.8412 0.6932756
2503.08    -529.7426 -610.8384 0.6935961
2503.09    -529.5926 -610.8355 0.6939204
2503.1    -529.4426 -610.8326 0.6942484
2503.11    -529.2926 -610.8297 0.6945797
2503.12    -529.1426 -610.8267 0.6949143
2503.13    -528.9926 -610.8237 0.6952512
2503.14    -528.8425 -610.8208 0.6955905
2503.15    -528.6923 -610.8178 0.6959319
2503.16    -528.5422 -610.8148 0.6962754
2503.17    -528.392 -610.8118 0.69662
2503.18    -528.2418 -610.8088 0.6969659
2503.19    -528.0916 -610.8057 0.6973128
2503.2    -527.9413 -610.8027 0.6976606
2503.21    -527.791 -610.7996 0.6980095
2503.22    -527.6407 -610.7965 0.6983593
2503.23    -527.4904 -610.7934 0.6987081
2503.24    -527.34 -610.7902 0.699056
2503.25    -527.1896 -610.7871 0.6994029
2503.26    -527.0391 -610.784 0.6997491
2503.27    -526.8887 -610.7808 0.7000934
2503.28    -526.7382 -610.7776 0.7004358
2503.29    -526.5876 -610.7744 0.7007765
2503.3    -526.4371 -610.7712 0.7011155
2503.31    -526.2864 -610.7679 0.7014529
2503.32    -526.1358 -610.7646 0.7017878
2503.33    -525.9851 -610.7614 0.7021201
2503.34    -525.8344 -610.7581 0.70245
2503.35    -525.6837 -610.7548 0.7027776
2503.36    -525.5328 -610.7515 0.7031031
2503.37    -525.382 -610.7481 0.7034256
2503.38    -525.2312 -610.7447 0.7037453
2503.39    -525.0803 -610.7413 0.7040623
2503.4    -524.9294 -610.738 0.7043768
2503.41    -524.7784 -610.7345 0.7046889
2503.42    -524.6275 -610.7311 0.7049974
2503.43    -524.4765 -610.7277 0.7053027
2503.44    -524.3254 -610.7242 0.7056047
2503.45    -524.1743 -610.7206 0.7059036
2503.46    -524.0232 -610.7172 0.7061997
2503.47    -523.8721 -610.7136 0.7064911
2503.48    -523.7209 -610.71 0.7067778
2503.49    -523.5696 -610.7065 0.7070603
2503.5    -523.4183 -610.7029 0.7073388
2503.51    -523.267 -610.6993 0.7076132
2503.52    -523.1157 -610.6957 0.707882
2503.53    -522.9644 -610.6921 0.7081454
2503.54    -522.8129 -610.6884 0.7084037
2503.55    -522.6614 -610.6847 0.708657
2503.56    -522.5099 -610.681 0.7089056
2503.57    -522.3584 -610.6774 0.7091499
2503.58    -522.2068 -610.6736 0.7093877
2503.59    -522.0552 -610.6699 0.7096194
2503.6    -521.9036 -610.6661 0.7098454
2503.61    -521.7519 -610.6624 0.7100657
2503.62    -521.6002 -610.6585 0.7102799
2503.63    -521.4484 -610.6547 0.7104881
2503.64    -521.2966 -610.6509 0.7106906
2503.65    -521.1448 -610.6472 0.7108878
2503.66    -520.9929 -610.6433 0.7110798
2503.67    -520.841 -610.6394 0.7112669
2503.68    -520.6891 -610.6356 0.711449
2503.69    -520.5371 -610.6317 0.7116262
2503.7    -520.3851 -610.6278 0.7117987
2503.71    -520.233 -610.6238 0.7119669
2503.72    -520.0809 -610.6199 0.712131
2503.73    -519.9288 -610.616 0.7122909
2503.74    -519.7767 -610.6121 0.7124472
2503.75    -519.6245 -610.6081 0.7125998
2503.76    -519.4722 -610.6041 0.7127489
2503.77    -519.3199 -610.6 0.7128947
2503.78    -519.1677 -610.596 0.7130374
2503.79    -519.0153 -610.592 0.713177
2503.8    -518.8629 -610.5879 0.7133135
2503.81    -518.7104 -610.5838 0.7134473
2503.82    -518.558 -610.5797 0.7135783
2503.83    -518.4055 -610.5756 0.7137064
2503.84    -518.2529 -610.5715 0.713832
2503.85    -518.1003 -610.5674 0.713955
2503.86    -517.9477 -610.5633 0.7140756
2503.87    -517.795 -610.5591 0.7141937
2503.88    -517.6423 -610.555 0.7143093
2503.89    -517.4896 -610.5508 0.7144225
2503.9    -517.3369 -610.5466 0.7145334
2503.91    -517.184 -610.5424 0.7146423
2503.92    -517.0312 -610.5381 0.714749
2503.93    -516.8783 -610.5339 0.7148538
2503.94    -516.7254 -610.5297 0.7149566
2503.95    -516.5724 -610.5254 0.7150576
2503.96    -516.4194 -610.5211 0.7151568
2503.97    -516.2664 -610.5168 0.7152541
2503.98    -516.1133 -610.5125 0.7153495
2503.99    -515.9602 -610.5081 0.7154432
2504    -515.8071 -610.5038 0.7155352
2504.01    -515.6539 -610.4995 0.7156255
2504.02    -515.5007 -610.495 0.7157138
2504.03    -515.3474 -610.4906 0.7158001
2504.04    -515.1941 -610.4862 0.7158846
2504.05    -515.0408 -610.4818 0.7159672
2504.06    -514.8874 -610.4774 0.7160481
2504.07    -514.734 -610.4729 0.7161263
2504.08    -514.5806 -610.4684 0.716202
2504.09    -514.4271 -610.4639 0.7162749
2504.1    -514.2736 -610.4594 0.7163457
2504.11    -514.12 -610.4549 0.7164141
2504.12    -513.9664 -610.4504 0.7164791
2504.13    -513.8128 -610.4458 0.7165406
2504.14    -513.6591 -610.4412 0.716599
2504.15    -513.5054 -610.4366 0.7166545
2504.16    -513.3517 -610.4321 0.716707
2504.17    -513.1979 -610.4275 0.7167568
2504.18    -513.0441 -610.4229 0.7168031
2504.19    -512.8902 -610.4182 0.716846
2504.2    -512.7363 -610.4135 0.7168857
2504.21    -512.5824 -610.4089 0.7169226
2504.22    -512.4285 -610.4042 0.7169564
2504.23    -512.2745 -610.3995 0.7169875
2504.24    -512.1204 -610.3948 0.7170159
2504.25    -511.9664 -610.39 0.7170419
2504.26    -511.8123 -610.3853 0.7170653
2504.27    -511.6581 -610.3806 0.7170864
2504.28    -511.5039 -610.3758 0.7171054
2504.29    -511.3497 -610.371 0.7171221
2504.3    -511.1954 -610.3663 0.7171369
2504.31    -511.0411 -610.3614 0.7171497
2504.32    -510.8868 -610.3566 0.7171608
2504.33    -510.7325 -610.3517 0.7171701
2504.34    -510.5781 -610.3469 0.7171777
2504.35    -510.4236 -610.3421 0.7171838
2504.36    -510.2691 -610.3372 0.7171885
2504.37    -510.1147 -610.3323 0.7171922
2504.38    -509.9601 -610.3274 0.7171952
2504.39    -509.8055 -610.3225 0.7171974
2504.4    -509.6509 -610.3176 0.7171989
2504.41    -509.4962 -610.3126 0.7171997
2504.42    -509.3416 -610.3077 0.7172006
2504.43    -509.1869 -610.3027 0.7172018
2504.44    -509.0321 -610.2977 0.717203
2504.45    -508.8773 -610.2927 0.7172044
2504.46    -508.7225 -610.2877 0.7172058
2504.47    -508.5677 -610.2827 0.717208
2504.48    -508.4128 -610.2777 0.7172108
2504.49    -508.2579 -610.2727 0.7172142
2504.5    -508.1029 -610.2676 0.7172182
2504.51    -507.9479 -610.2626 0.7172228
2504.52    -507.7929 -610.2575 0.7172279
2504.53    -507.6379 -610.2524 0.7172335
2504.54    -507.4828 -610.2474 0.7172398
2504.55    -507.3277 -610.2423 0.7172466
2504.56    -507.1725 -610.2372 0.7172539
2504.57    -507.0174 -610.2322 0.7172616
2504.58    -506.8622 -610.2271 0.7172698
2504.59    -506.7069 -610.222 0.7172784
2504.6    -506.5517 -610.217 0.7172874
2504.61    -506.3963 -610.2119 0.7172969
2504.62    -506.241 -610.2067 0.7173067
2504.63    -506.0856 -610.2016 0.717317
2504.64    -505.9302 -610.1965 0.7173275
2504.65    -505.7748 -610.1913 0.7173385
2504.66    -505.6193 -610.1862 0.7173497
2504.67    -505.4638 -610.1811 0.7173613
2504.68    -505.3083 -610.176 0.7173731
2504.69    -505.1527 -610.1708 0.7173853
2504.7    -504.9971 -610.1657 0.7173977
2504.71    -504.8415 -610.1606 0.7174104
2504.72    -504.6858 -610.1555 0.7174234
2504.73    -504.5302 -610.1505 0.7174367
2504.74    -504.3745 -610.1454 0.7174501
2504.75    -504.2187 -610.1403 0.7174638
2504.76    -504.0629 -610.1353 0.7174777
2504.77    -503.9071 -610.1302 0.7174918
2504.78    -503.7513 -610.1252 0.7175061
2504.79    -503.5955 -610.1201 0.7175206
2504.8    -503.4396 -610.1151 0.7175353
2504.81    -503.2837 -610.11 0.7175502
2504.82    -503.1277 -610.105 0.7175652
2504.83    -502.9718 -610.1 0.7175804
2504.84    -502.8159 -610.095 0.7175958
2504.85    -502.6599 -610.09 0.7176113
2504.86    -502.5038 -610.085 0.717627
2504.87    -502.3479 -610.08 0.7176428
2504.88    -502.1919 -610.075 0.7176588
2504.89    -502.0359 -610.0701 0.7176749
2504.9    -501.8799 -610.0651 0.7176911
2504.91    -501.7238 -610.0602 0.7177074
2504.92    -501.5679 -610.0553 0.7177238
2504.93    -501.412 -610.0504 0.7177404
2504.94    -501.256 -610.0455 0.717757
2504.95    -501.1001 -610.0406 0.7177739
2504.96    -500.9442 -610.0358 0.7177907
2504.97    -500.7883 -610.0309 0.7178077
2504.98    -500.6324 -610.0262 0.7178247
2504.99    -500.4765 -610.0214 0.7178419
2505    -500.3207 -610.0166 0.7178591
2505.01    -500.1648 -610.0118 0.7178764
2505.02    -500.009 -610.0071 0.7178938
2505.03    -499.8532 -610.0024 0.7179113
2505.04    -499.6974 -609.9977 0.7179288
2505.05    -499.5417 -609.993 0.7179464
2505.06    -499.3859 -609.9883 0.7179642
2505.07    -499.2302 -609.9837 0.7179819
2505.08    -499.0745 -609.9791 0.7179997
2505.09    -498.9188 -609.9745 0.7180176
2505.1    -498.7631 -609.9699 0.7180354
2505.11    -498.6074 -609.9654 0.7180534
2505.12    -498.4518 -609.9609 0.7180715
2505.13    -498.2961 -609.9564 0.7180896
2505.14    -498.1405 -609.9519 0.7181077
2505.15    -497.9849 -609.9474 0.7181259
2505.16    -497.8293 -609.9431 0.7181442
2505.17    -497.6737 -609.9386 0.7181625
2505.18    -497.5182 -609.9343 0.7181807
2505.19    -497.3626 -609.9299 0.7181991
2505.2    -497.2071 -609.9256 0.7182176
2505.21    -497.0516 -609.9213 0.718236
2505.22    -496.8961 -609.9171 0.7182545
2505.23    -496.7406 -609.9128 0.718273
2505.24    -496.5852 -609.9086 0.7182915
2505.25    -496.4297 -609.9044 0.7183102
2505.26    -496.2743 -609.9002 0.7183287
2505.27    -496.1189 -609.8961 0.7183474
2505.28    -495.9635 -609.892 0.7183661
2505.29    -495.8081 -609.8879 0.7183848
2505.3    -495.6528 -609.8839 0.7184036
2505.31    -495.4974 -609.8799 0.7184224
2505.32    -495.3421 -609.8759 0.7184411
2505.33    -495.1868 -609.8719 0.71846
2505.34    -495.0315 -609.868 0.7184788
2505.35    -494.8762 -609.8641 0.7184977
2505.36    -494.7209 -609.8603 0.7185166
2505.37    -494.5657 -609.8564 0.7185355
2505.38    -494.4104 -609.8527 0.7185544
2505.39    -494.2552 -609.8489 0.7185735
2505.4    -494.1 -609.8452 0.7185924
2505.41    -493.9448 -609.8414 0.7186114
2505.42    -493.7896 -609.8378 0.7186304
2505.43    -493.6345 -609.8341 0.7186494
2505.44    -493.4793 -609.8306 0.7186685
2505.45    -493.3242 -609.827 0.7186876
2505.46    -493.1691 -609.8235 0.7187067
2505.47    -493.014 -609.82 0.7187258
2505.48    -492.8589 -609.8165 0.7187449
2505.49    -492.7039 -609.8131 0.7187639
2505.5    -492.5488 -609.8097 0.7187828
2505.51    -492.3938 -609.8063 0.7188018
2505.52    -492.2388 -609.803 0.7188206
2505.53    -492.0838 -609.7997 0.718839
2505.54    -491.9288 -609.7964 0.7188573
2505.55    -491.7739 -609.7932 0.7188753
2505.56    -491.6189 -609.79 0.7188932
2505.57    -491.464 -609.7867 0.7189101
2505.58    -491.3091 -609.7836 0.7189261
2505.59    -491.1542 -609.7805 0.7189412
2505.6    -490.9993 -609.7774 0.7189555
2505.61    -490.8444 -609.7743 0.7189689
2505.62    -490.6896 -609.7713 0.7189804
2505.63    -490.5348 -609.7682 0.7189899
2505.64    -490.3799 -609.7653 0.7189976
2505.65    -490.2251 -609.7623 0.7190034
2505.66    -490.0703 -609.7594 0.7190077
2505.67    -489.9156 -609.7565 0.7190089
2505.68    -489.7608 -609.7537 0.7190075
2505.69    -489.6061 -609.7509 0.7190034
2505.7    -489.4514 -609.748 0.7189968
2505.71    -489.2967 -609.7452 0.7189878
2505.72    -489.142 -609.7424 0.7189759
2505.73    -488.9873 -609.7397 0.7189613
2505.74    -488.8326 -609.7369 0.7189441
2505.75    -488.678 -609.7343 0.7189243
2505.76    -488.5234 -609.7316 0.7189022
2505.77    -488.3688 -609.7289 0.7188777
2505.78    -488.2142 -609.7264 0.718851
2505.79    -488.0596 -609.7238 0.7188221
2505.8    -487.9051 -609.7212 0.7187911
2505.81    -487.7505 -609.7186 0.7187582
2505.82    -487.596 -609.7161 0.7187233
2505.83    -487.4415 -609.7136 0.7186866
2505.84    -487.287 -609.7111 0.7186481
2505.85    -487.1325 -609.7087 0.7186079
2505.86    -486.9781 -609.7063 0.718566
2505.87    -486.8236 -609.7039 0.7185225
2505.88    -486.6692 -609.7015 0.7184775
2505.89    -486.5148 -609.6991 0.7184311
2505.9    -486.3604 -609.6967 0.7183831
2505.91    -486.206 -609.6945 0.7183338
2505.92    -486.0517 -609.6921 0.7182832
2505.93    -485.8973 -609.6899 0.7182312
2505.94    -485.743 -609.6876 0.7181779
2505.95    -485.5887 -609.6854 0.7181234
2505.96    -485.4343 -609.6831 0.7180677
2505.97    -485.28 -609.681 0.7180106
2505.98    -485.1257 -609.6788 0.717952
2505.99    -484.9714 -609.6766 0.7178919
2506    -484.8171 -609.6744 0.7178307
2506.01    -484.6628 -609.6723 0.717768
2506.02    -484.5086 -609.6702 0.7177032
2506.03    -484.3543 -609.6681 0.7176362
2506.04    -484.2001 -609.666 0.7175673
2506.05    -484.0458 -609.6639 0.7174963
2506.06    -483.8915 -609.6619 0.7174234
2506.07    -483.7373 -609.6598 0.7173478
2506.08    -483.5831 -609.6578 0.7172695
2506.09    -483.4288 -609.6558 0.7171887
2506.1    -483.2746 -609.6537 0.7171055
2506.11    -483.1203 -609.6517 0.7170199
2506.12    -482.9661 -609.6497 0.7169317
2506.13    -482.8118 -609.6478 0.7168412
2506.14    -482.6575 -609.6458 0.7167482
2506.15    -482.5032 -609.6439 0.7166529
2506.16    -482.3489 -609.642 0.7165555
2506.17    -482.1946 -609.64 0.7164559
2506.18    -482.0403 -609.638 0.7163544
2506.19    -481.886 -609.636 0.7162508
2506.2    -481.7316 -609.6341 0.7161455
2506.21    -481.5772 -609.6322 0.7160382
2506.22    -481.4228 -609.6303 0.7159293
2506.23    -481.2684 -609.6284 0.7158187
2506.24    -481.114 -609.6265 0.7157065
2506.25    -480.9595 -609.6246 0.7155928
2506.26    -480.805 -609.6227 0.7154775
2506.27    -480.6505 -609.6208 0.7153608
2506.28    -480.4959 -609.619 0.7152427
2506.29    -480.3413 -609.6171 0.7151234
2506.3    -480.1867 -609.6151 0.7150027
2506.31    -480.032 -609.6132 0.7148808
2506.32    -479.8774 -609.6113 0.7147576
2506.33    -479.7227 -609.6094 0.7146333
2506.34    -479.568 -609.6075 0.714508
2506.35    -479.4132 -609.6057 0.7143816
2506.36    -479.2584 -609.6037 0.7142541
2506.37    -479.1036 -609.6018 0.7141257
2506.38    -478.9488 -609.5999 0.7139963
2506.39    -478.7939 -609.598 0.7138661
2506.4    -478.639 -609.5961 0.7137349
2506.41    -478.4841 -609.5942 0.7136028
2506.42    -478.3292 -609.5923 0.71347
2506.43    -478.1742 -609.5904 0.7133364
2506.44    -478.0192 -609.5885 0.7132021
2506.45    -477.8641 -609.5865 0.7130669
2506.46    -477.709 -609.5845 0.7129311
2506.47    -477.5539 -609.5826 0.7127945
2506.48    -477.3988 -609.5806 0.7126575
2506.49    -477.2436 -609.5786 0.7125196
2506.5    -477.0884 -609.5767 0.7123813
2506.51    -476.9331 -609.5747 0.7122422
2506.52    -476.7778 -609.5728 0.7121027
2506.53    -476.6225 -609.5707 0.7119627
2506.54    -476.4672 -609.5687 0.711822
2506.55    -476.3118 -609.5667 0.7116809
2506.56    -476.1564 -609.5646 0.7115393
2506.57    -476.001 -609.5626 0.7113972
2506.58    -475.8455 -609.5606 0.7112548
2506.59    -475.69 -609.5586 0.7111118
2506.6    -475.5344 -609.5565 0.7109686
2506.61    -475.3788 -609.5544 0.7108249
2506.62    -475.2232 -609.5523 0.7106809
2506.63    -475.0676 -609.5502 0.7105366
2506.64    -474.9119 -609.5481 0.710392
2506.65    -474.7562 -609.546 0.7102471
2506.66    -474.6004 -609.5438 0.710102
2506.67    -474.4446 -609.5416 0.7099566
2506.68    -474.2888 -609.5395 0.709811
2506.69    -474.133 -609.5374 0.7096651
2506.7    -473.9771 -609.5351 0.7095189
2506.71    -473.8211 -609.5329 0.7093726
2506.72    -473.6652 -609.5307 0.7092261
2506.73    -473.5092 -609.5284 0.7090794
2506.74    -473.3532 -609.5262 0.7089326
2506.75    -473.1971 -609.5239 0.7087857
2506.76    -473.041 -609.5216 0.7086387
2506.77    -472.8849 -609.5193 0.7084916
2506.78    -472.7288 -609.517 0.7083445
2506.79    -472.5726 -609.5146 0.7081973
2506.8    -472.4164 -609.5123 0.7080501
2506.81    -472.2601 -609.5099 0.7079028
2506.82    -472.1038 -609.5075 0.7077555
2506.83    -471.9475 -609.5051 0.7076082
2506.84    -471.7912 -609.5027 0.7074609
2506.85    -471.6348 -609.5002 0.7073136
2506.86    -471.4783 -609.4978 0.7071662
2506.87    -471.3219 -609.4954 0.707019
2506.88    -471.1654 -609.4928 0.706872
2506.89    -471.0089 -609.4903 0.7067251
2506.9    -470.8524 -609.4878 0.7065784
2506.91    -470.6958 -609.4852 0.7064317
2506.92    -470.5392 -609.4827 0.7062859
2506.93    -470.3825 -609.4801 0.7061409
2506.94    -470.2258 -609.4775 0.7059967
2506.95    -470.0691 -609.4749 0.7058531
2506.96    -469.9124 -609.4722 0.7057102
2506.97    -469.7556 -609.4695 0.7055689
2506.98    -469.5988 -609.4669 0.7054288
2506.99    -469.4419 -609.4642 0.7052901
2507    -469.285 -609.4614 0.7051527
2507.01    -469.1281 -609.4587 0.7050164
2507.02    -468.9712 -609.4559 0.7048822
2507.03    -468.8142 -609.4531 0.7047498
2507.04    -468.6572 -609.4503 0.7046192
2507.05    -468.5002 -609.4475 0.7044904
2507.06    -468.343 -609.4446 0.7043632
2507.07    -468.1859 -609.4418 0.7042385
2507.08    -468.0288 -609.4389 0.7041163
2507.09    -467.8716 -609.436 0.7039964
2507.1    -467.7144 -609.4331 0.7038788
2507.11    -467.5571 -609.4302 0.7037633
2507.12    -467.3998 -609.4272 0.7036508
2507.13    -467.2425 -609.4243 0.703541
2507.14    -467.0852 -609.4213 0.7034339
2507.15    -466.9278 -609.4183 0.7033294
2507.16    -466.7703 -609.4152 0.7032272
2507.17    -466.6129 -609.4122 0.7031275
2507.18    -466.4554 -609.4091 0.7030302
2507.19    -466.2978 -609.406 0.7029352
2507.2    -466.1403 -609.4029 0.7028425
2507.21    -465.9826 -609.3998 0.702752
2507.22    -465.825 -609.3966 0.7026634
2507.23    -465.6674 -609.3934 0.7025769
2507.24    -465.5096 -609.3903 0.7024922
2507.25    -465.3519 -609.3871 0.7024094
2507.26    -465.1941 -609.3838 0.7023283
2507.27    -465.0363 -609.3806 0.7022489
2507.28    -464.8785 -609.3773 0.702171
2507.29    -464.7206 -609.3741 0.7020948
2507.3    -464.5627 -609.3707 0.7020199
2507.31    -464.4047 -609.3674 0.7019466
2507.32    -464.2468 -609.3641 0.7018746
2507.33    -464.0887 -609.3608 0.7018039
2507.34    -463.9307 -609.3574 0.7017344
2507.35    -463.7726 -609.354 0.7016662
2507.36    -463.6145 -609.3506 0.7015991
2507.37    -463.4563 -609.3472 0.7015331
2507.38    -463.2981 -609.3437 0.7014681
2507.39    -463.1399 -609.3403 0.7014041
2507.4    -462.9816 -609.3368 0.7013412
2507.41    -462.8233 -609.3333 0.7012791
2507.42    -462.665 -609.3298 0.701218
2507.43    -462.5067 -609.3262 0.7011577
2507.44    -462.3483 -609.3227 0.7010982
2507.45    -462.1898 -609.3192 0.7010396
2507.46    -462.0314 -609.3156 0.7009817
2507.47    -461.8729 -609.3119 0.7009245
2507.48    -461.7144 -609.3083 0.700868
2507.49    -461.5558 -609.3047 0.7008122
2507.5    -461.3972 -609.301 0.700757
2507.51    -461.2385 -609.2974 0.7007025
2507.52    -461.0799 -609.2936 0.7006486
2507.53    -460.9212 -609.2899 0.7005952
2507.54    -460.7625 -609.2862 0.7005423
2507.55    -460.6037 -609.2825 0.70049
2507.56    -460.4449 -609.2787 0.7004383
2507.57    -460.286 -609.2749 0.7003869
2507.58    -460.1272 -609.2711 0.700336
2507.59    -459.9683 -609.2673 0.7002857
2507.6    -459.8093 -609.2635 0.7002357
2507.61    -459.6503 -609.2597 0.7001861
2507.62    -459.4913 -609.2558 0.7001368
2507.63    -459.3323 -609.252 0.700088
2507.64    -459.1732 -609.248 0.7000396
2507.65    -459.0141 -609.2441 0.6999915
2507.66    -458.8549 -609.2402 0.6999437
2507.67    -458.6957 -609.2363 0.6998964
2507.68    -458.5365 -609.2323 0.6998495
2507.69    -458.3773 -609.2283 0.699803
2507.7    -458.218 -609.2244 0.6997569
2507.71    -458.0587 -609.2204 0.6997111
2507.72    -457.8993 -609.2163 0.6996657
2507.73    -457.7399 -609.2123 0.6996214
2507.74    -457.5805 -609.2083 0.6995779
2507.75    -457.4211 -609.2042 0.6995354
2507.76    -457.2616 -609.2001 0.6994937
2507.77    -457.1021 -609.196 0.6994537
2507.78    -456.9425 -609.1919 0.6994153
2507.79    -456.7829 -609.1878 0.6993784
2507.8    -456.6233 -609.1837 0.6993428
2507.81    -456.4636 -609.1795 0.6993088
2507.82    -456.304 -609.1753 0.6992772
2507.83    -456.1442 -609.1711 0.6992481
2507.84    -455.9845 -609.1669 0.6992212
2507.85    -455.8247 -609.1627 0.6991966
2507.86    -455.6648 -609.1584 0.6991742
2507.87    -455.505 -609.1541 0.699155
2507.88    -455.3451 -609.1498 0.6991388
2507.89    -455.1852 -609.1456 0.6991257
2507.9    -455.0252 -609.1412 0.6991154
2507.91    -454.8652 -609.1368 0.6991079
2507.92    -454.7052 -609.1325 0.6991039
2507.93    -454.5451 -609.1282 0.6991033
2507.94    -454.385 -609.1238 0.6991059
2507.95    -454.2249 -609.1193 0.6991116
2507.96    -454.0647 -609.1149 0.6991203
2507.97    -453.9045 -609.1105 0.6991323
2507.98    -453.7443 -609.106 0.6991472
2507.99    -453.5841 -609.1015 0.6991648
2508    -453.4238 -609.097 0.6991853
2508.01    -453.2634 -609.0925 0.6992085
2508.02    -453.1031 -609.0879 0.6992342
2508.03    -452.9427 -609.0834 0.6992624
2508.04    -452.7822 -609.0788 0.699293
2508.05    -452.6218 -609.0742 0.6993258
2508.06    -452.4612 -609.0696 0.6993608
2508.07    -452.3007 -609.0649 0.699398
2508.08    -452.1402 -609.0603 0.6994373
2508.09    -451.9796 -609.0556 0.6994784
2508.1    -451.8189 -609.0509 0.6995214
2508.11    -451.6583 -609.0462 0.6995663
2508.12    -451.4976 -609.0414 0.6996129
2508.13    -451.3368 -609.0367 0.6996611
2508.14    -451.1761 -609.0319 0.6997111
2508.15    -451.0153 -609.0271 0.6997625
2508.16    -450.8544 -609.0223 0.6998155
2508.17    -450.6935 -609.0175 0.69987
2508.18    -450.5327 -609.0126 0.6999258
2508.19    -450.3718 -609.0077 0.699983
2508.2    -450.2108 -609.0028 0.7000415
2508.21    -450.0498 -608.9978 0.7001013
