1329.38    -656.5599 -614.9886 0.7091196
1329.39    -656.4498 -614.9844 0.7090369
1329.4    -656.3397 -614.9803 0.7089536
1329.41    -656.2294 -614.9761 0.7088699
1329.42    -656.1192 -614.972 0.7087858
1329.43    -656.0089 -614.9677 0.7087014
1329.44    -655.8986 -614.9635 0.7086166
1329.45    -655.7883 -614.9593 0.7085313
1329.46    -655.6779 -614.9551 0.7084458
1329.47    -655.5674 -614.9509 0.70836
1329.48    -655.457 -614.9467 0.7082739
1329.49    -655.3465 -614.9424 0.7081876
1329.5    -655.236 -614.9382 0.7081014
1329.51    -655.1254 -614.934 0.7080149
1329.52    -655.0148 -614.9296 0.7079284
1329.53    -654.9041 -614.9254 0.7078418
1329.54    -654.7935 -614.9211 0.7077555
1329.55    -654.6827 -614.9168 0.7076696
1329.56    -654.572 -614.9125 0.707584
1329.57    -654.4612 -614.9083 0.7074987
1329.58    -654.3503 -614.904 0.7074137
1329.59    -654.2394 -614.8997 0.707329
1329.6    -654.1285 -614.8954 0.7072451
1329.61    -654.0176 -614.8911 0.7071618
1329.62    -653.9066 -614.8867 0.7070792
1329.63    -653.7956 -614.8823 0.706997
1329.64    -653.6845 -614.878 0.7069156
1329.65    -653.5734 -614.8737 0.7068346
1329.66    -653.4623 -614.8693 0.7067542
1329.67    -653.3511 -614.865 0.7066742
1329.68    -653.2399 -614.8607 0.7065946
1329.69    -653.1287 -614.8563 0.7065153
1329.7    -653.0175 -614.8519 0.7064359
1329.71    -652.9061 -614.8475 0.7063568
1329.72    -652.7948 -614.843 0.7062776
1329.73    -652.6834 -614.8386 0.7061986
1329.74    -652.572 -614.8342 0.7061192
1329.75    -652.4606 -614.8298 0.7060397
1329.76    -652.3491 -614.8254 0.7059597
1329.77    -652.2375 -614.821 0.7058794
1329.78    -652.1259 -614.8166 0.7057989
1329.79    -652.0143 -614.8121 0.7057175
1329.8    -651.9027 -614.8077 0.7056353
1329.81    -651.791 -614.8032 0.7055523
1329.82    -651.6793 -614.7987 0.7054686
1329.83    -651.5675 -614.7943 0.7053843
1329.84    -651.4557 -614.7898 0.7052987
1329.85    -651.3439 -614.7853 0.7052119
1329.86    -651.2321 -614.7809 0.7051242
1329.87    -651.1201 -614.7764 0.7050354
1329.88    -651.0082 -614.7719 0.7049459
1329.89    -650.8962 -614.7674 0.7048552
1329.9    -650.7842 -614.7629 0.7047636
1329.91    -650.6722 -614.7584 0.7046711
1329.92    -650.5601 -614.7538 0.7045777
1329.93    -650.4479 -614.7493 0.7044836
1329.94    -650.3358 -614.7448 0.7043889
1329.95    -650.2236 -614.7402 0.7042937
1329.96    -650.1114 -614.7357 0.7041982
1329.97    -649.9991 -614.7311 0.7041022
1329.98    -649.8868 -614.7266 0.7040058
1329.99    -649.7745 -614.722 0.7039096
1330    -649.6622 -614.7174 0.7038138
1330.01    -649.5497 -614.7128 0.7037181
1330.02    -649.4373 -614.7083 0.7036227
1330.03    -649.3248 -614.7037 0.7035275
1330.04    -649.2123 -614.699 0.7034335
1330.05    -649.0998 -614.6945 0.7033407
1330.06    -648.9872 -614.6899 0.7032489
1330.07    -648.8746 -614.6853 0.7031583
1330.08    -648.7619 -614.6807 0.7030684
1330.09    -648.6492 -614.6761 0.7029796
1330.1    -648.5364 -614.6716 0.7028925
1330.11    -648.4236 -614.6669 0.7028071
1330.12    -648.3109 -614.6623 0.7027234
1330.13    -648.198 -614.6577 0.7026411
1330.14    -648.0851 -614.653 0.7025602
1330.15    -647.9722 -614.6484 0.7024809
1330.16    -647.8592 -614.6437 0.702403
1330.17    -647.7462 -614.6391 0.7023264
1330.18    -647.6332 -614.6345 0.7022512
1330.19    -647.5201 -614.6298 0.7021769
1330.2    -647.407 -614.6252 0.7021038
1330.21    -647.2939 -614.6205 0.7020316
1330.22    -647.1807 -614.6159 0.7019603
1330.23    -647.0675 -614.6113 0.7018898
1330.24    -646.9543 -614.6066 0.70182
1330.25    -646.841 -614.602 0.7017505
1330.26    -646.7277 -614.5974 0.7016814
1330.27    -646.6143 -614.5927 0.7016128
1330.28    -646.5009 -614.588 0.7015445
1330.29    -646.3875 -614.5833 0.7014765
1330.3    -646.274 -614.5786 0.7014087
1330.31    -646.1605 -614.5739 0.701341
1330.32    -646.0469 -614.5692 0.7012733
1330.33    -645.9333 -614.5645 0.7012056
1330.34    -645.8197 -614.5598 0.7011381
1330.35    -645.7061 -614.5551 0.7010705
1330.36    -645.5923 -614.5504 0.7010031
1330.37    -645.4786 -614.5457 0.7009356
1330.38    -645.3649 -614.541 0.7008682
1330.39    -645.251 -614.5363 0.7008007
1330.4    -645.1372 -614.5316 0.7007335
1330.41    -645.0234 -614.5269 0.7006662
1330.42    -644.9095 -614.5222 0.7005991
1330.43    -644.7955 -614.5174 0.7005321
1330.44    -644.6816 -614.5126 0.7004652
1330.45    -644.5676 -614.5079 0.7003983
1330.46    -644.4536 -614.5031 0.7003316
1330.47    -644.3395 -614.4984 0.7002648
1330.48    -644.2253 -614.4936 0.7001982
1330.49    -644.1112 -614.4888 0.7001316
1330.5    -643.997 -614.4841 0.7000651
1330.51    -643.8828 -614.4793 0.6999987
1330.52    -643.7686 -614.4745 0.6999323
1330.53    -643.6542 -614.4698 0.6998659
1330.54    -643.5399 -614.465 0.6997999
1330.55    -643.4256 -614.4603 0.6997342
1330.56    -643.3112 -614.4555 0.6996687
1330.57    -643.1968 -614.4507 0.6996034
1330.58    -643.0823 -614.446 0.6995385
1330.59    -642.9678 -614.4412 0.6994737
1330.6    -642.8533 -614.4363 0.6994093
1330.61    -642.7387 -614.4315 0.6993451
1330.62    -642.6241 -614.4266 0.6992812
1330.63    -642.5095 -614.4218 0.6992173
1330.64    -642.3948 -614.417 0.6991538
1330.65    -642.28 -614.4122 0.6990904
1330.66    -642.1653 -614.4073 0.6990272
1330.67    -642.0505 -614.4025 0.6989642
1330.68    -641.9357 -614.3977 0.6989014
1330.69    -641.8208 -614.3929 0.6988387
1330.7    -641.7059 -614.3881 0.6987761
1330.71    -641.591 -614.3832 0.6987136
1330.72    -641.476 -614.3784 0.6986513
1330.73    -641.361 -614.3735 0.6985891
1330.74    -641.246 -614.3687 0.698527
1330.75    -641.131 -614.3637 0.698465
1330.76    -641.0159 -614.3588 0.6984031
1330.77    -640.9008 -614.3539 0.6983413
1330.78    -640.7856 -614.3491 0.6982796
1330.79    -640.6704 -614.3442 0.6982179
1330.8    -640.5552 -614.3393 0.6981564
1330.81    -640.4399 -614.3344 0.6980948
1330.82    -640.3246 -614.3295 0.6980333
1330.83    -640.2092 -614.3246 0.6979719
1330.84    -640.0939 -614.3196 0.6979105
1330.85    -639.9785 -614.3146 0.6978492
1330.86    -639.863 -614.3097 0.6977879
1330.87    -639.7476 -614.3047 0.6977267
1330.88    -639.632 -614.2998 0.6976655
1330.89    -639.5165 -614.2949 0.6976044
1330.9    -639.4009 -614.2899 0.6975435
1330.91    -639.2853 -614.285 0.6974826
1330.92    -639.1696 -614.28 0.6974218
1330.93    -639.054 -614.2749 0.6973612
1330.94    -638.9382 -614.2699 0.6973008
1330.95    -638.8225 -614.2649 0.6972407
1330.96    -638.7067 -614.2599 0.6971809
1330.97    -638.5909 -614.2549 0.6971214
1330.98    -638.4751 -614.2499 0.6970621
1330.99    -638.3593 -614.2449 0.6970034
1331    -638.2433 -614.2398 0.6969453
1331.01    -638.1274 -614.2347 0.6968876
1331.02    -638.0115 -614.2297 0.6968305
1331.03    -637.8955 -614.2246 0.6967739
1331.04    -637.7795 -614.2195 0.6967183
1331.05    -637.6635 -614.2145 0.6966635
1331.06    -637.5474 -614.2094 0.6966097
1331.07    -637.4313 -614.2043 0.6965567
1331.08    -637.3152 -614.1992 0.6965045
1331.09    -637.199 -614.1942 0.6964536
1331.1    -637.0828 -614.189 0.696404
1331.11    -636.9666 -614.1839 0.6963556
1331.12    -636.8503 -614.1788 0.6963085
1331.13    -636.7341 -614.1736 0.6962624
1331.14    -636.6177 -614.1685 0.6962172
1331.15    -636.5014 -614.1633 0.6961737
1331.16    -636.385 -614.1582 0.6961318
1331.17    -636.2686 -614.153 0.6960912
1331.18    -636.1522 -614.1478 0.696052
1331.19    -636.0357 -614.1426 0.6960142
1331.2    -635.9193 -614.1374 0.6959781
1331.21    -635.8027 -614.1322 0.6959435
1331.22    -635.6862 -614.127 0.6959106
1331.23    -635.5696 -614.1218 0.695879
1331.24    -635.453 -614.1166 0.6958492
1331.25    -635.3364 -614.1114 0.6958209
1331.26    -635.2197 -614.1061 0.6957942
1331.27    -635.103 -614.1008 0.6957688
1331.28    -634.9863 -614.0956 0.6957448
1331.29    -634.8695 -614.0903 0.695722
1331.3    -634.7527 -614.0851 0.6957006
1331.31    -634.6359 -614.0798 0.6956804
1331.32    -634.5191 -614.0745 0.6956612
1331.33    -634.4022 -614.0692 0.6956431
1331.34    -634.2853 -614.0638 0.695626
1331.35    -634.1684 -614.0585 0.6956097
1331.36    -634.0515 -614.0532 0.6955944
1331.37    -633.9344 -614.0479 0.6955798
1331.38    -633.8174 -614.0426 0.6955661
1331.39    -633.7004 -614.0372 0.6955531
1331.4    -633.5833 -614.0318 0.6955407
1331.41    -633.4662 -614.0264 0.6955289
1331.42    -633.3491 -614.0211 0.6955178
1331.43    -633.2319 -614.0157 0.6955072
1331.44    -633.1147 -614.0103 0.6954972
1331.45    -632.9975 -614.0049 0.6954876
1331.46    -632.8802 -613.9996 0.6954786
1331.47    -632.7629 -613.9941 0.6954699
1331.48    -632.6456 -613.9888 0.6954616
1331.49    -632.5283 -613.9834 0.6954538
1331.5    -632.4109 -613.978 0.6954463
1331.51    -632.2936 -613.9725 0.6954391
1331.52    -632.1761 -613.9671 0.6954322
1331.53    -632.0587 -613.9617 0.6954257
1331.54    -631.9412 -613.9562 0.6954194
1331.55    -631.8237 -613.9508 0.6954135
1331.56    -631.7061 -613.9454 0.6954078
1331.57    -631.5886 -613.9399 0.6954023
1331.58    -631.4709 -613.9345 0.695397
1331.59    -631.3533 -613.9291 0.6953919
1331.6    -631.2357 -613.9236 0.695387
1331.61    -631.118 -613.9182 0.6953822
1331.62    -631.0002 -613.9128 0.6953776
1331.63    -630.8825 -613.9073 0.6953732
1331.64    -630.7648 -613.9019 0.6953689
1331.65    -630.647 -613.8965 0.6953648
1331.66    -630.5291 -613.8911 0.6953607
1331.67    -630.4113 -613.8856 0.6953568
1331.68    -630.2933 -613.8802 0.695353
1331.69    -630.1754 -613.8748 0.6953493
1331.7    -630.0575 -613.8694 0.6953457
1331.71    -629.9395 -613.864 0.6953422
1331.72    -629.8215 -613.8585 0.6953388
1331.73    -629.7034 -613.8531 0.6953354
1331.74    -629.5854 -613.8477 0.6953322
1331.75    -629.4673 -613.8422 0.695329
1331.76    -629.3492 -613.8368 0.6953259
1331.77    -629.231 -613.8314 0.6953228
1331.78    -629.1128 -613.826 0.6953197
1331.79    -628.9946 -613.8206 0.6953167
1331.8    -628.8763 -613.8151 0.6953138
1331.81    -628.7581 -613.8097 0.6953109
1331.82    -628.6398 -613.8043 0.695308
1331.83    -628.5214 -613.7988 0.6953052
1331.84    -628.4031 -613.7934 0.6953024
1331.85    -628.2847 -613.788 0.6952996
1331.86    -628.1663 -613.7826 0.6952969
1331.87    -628.0478 -613.7772 0.6952941
1331.88    -627.9293 -613.7717 0.6952914
1331.89    -627.8109 -613.7664 0.6952887
1331.9    -627.6923 -613.761 0.695286
1331.91    -627.5737 -613.7557 0.6952834
1331.92    -627.4551 -613.7503 0.6952807
1331.93    -627.3365 -613.7449 0.6952781
1331.94    -627.2178 -613.7396 0.6952755
1331.95    -627.0992 -613.7342 0.6952729
1331.96    -626.9805 -613.7288 0.6952703
1331.97    -626.8618 -613.7235 0.6952677
1331.98    -626.743 -613.7181 0.6952651
1331.99    -626.6242 -613.7128 0.6952626
1332    -626.5054 -613.7074 0.69526
1332.01    -626.3866 -613.702 0.6952575
1332.02    -626.2678 -613.6967 0.6952549
1332.03    -626.1489 -613.6913 0.6952524
1332.04    -626.03 -613.686 0.6952499
1332.05    -625.9111 -613.6807 0.6952473
1332.06    -625.7921 -613.6754 0.6952448
1332.07    -625.6732 -613.6701 0.6952423
1332.08    -625.5541 -613.6648 0.6952398
1332.09    -625.4351 -613.6595 0.6952374
1332.1    -625.3161 -613.6542 0.695235
1332.11    -625.197 -613.6489 0.6952327
1332.12    -625.0779 -613.6436 0.6952307
1332.13    -624.9588 -613.6383 0.6952286
1332.14    -624.8397 -613.633 0.6952267
1332.15    -624.7205 -613.6277 0.6952251
1332.16    -624.6013 -613.6224 0.6952239
1332.17    -624.4821 -613.6171 0.695223
1332.18    -624.3629 -613.6119 0.6952224
1332.19    -624.2436 -613.6066 0.6952225
1332.2    -624.1243 -613.6014 0.6952232
1332.21    -624.005 -613.5961 0.6952244
1332.22    -623.8857 -613.5909 0.6952262
1332.23    -623.7663 -613.5856 0.6952284
1332.24    -623.6469 -613.5804 0.6952316
1332.25    -623.5275 -613.5752 0.6952356
1332.26    -623.4081 -613.5699 0.6952404
1332.27    -623.2886 -613.5647 0.695246
1332.28    -623.1692 -613.5594 0.6952523
1332.29    -623.0497 -613.5542 0.6952599
1332.3    -622.9302 -613.549 0.6952686
1332.31    -622.8107 -613.5438 0.6952784
1332.32    -622.6912 -613.5386 0.6952893
1332.33    -622.5716 -613.5334 0.6953011
1332.34    -622.452 -613.5283 0.6953145
1332.35    -622.3324 -613.5231 0.6953292
1332.36    -622.2128 -613.5179 0.6953454
1332.37    -622.0931 -613.5127 0.6953628
1332.38    -621.9734 -613.5075 0.6953814
1332.39    -621.8536 -613.5023 0.6954011
1332.4    -621.7339 -613.4971 0.6954226
1332.41    -621.6141 -613.4919 0.6954457
1332.42    -621.4943 -613.4868 0.6954705
1332.43    -621.3745 -613.4816 0.6954967
1332.44    -621.2547 -613.4764 0.695525
1332.45    -621.1349 -613.4713 0.6955553
1332.46    -621.015 -613.4662 0.6955874
1332.47    -620.8951 -613.4611 0.6956213
1332.48    -620.7752 -613.4559 0.6956568
1332.49    -620.6553 -613.4508 0.6956947
1332.5    -620.5353 -613.4457 0.6957348
1332.51    -620.4153 -613.4406 0.6957769
1332.52    -620.2953 -613.4354 0.6958209
1332.53    -620.1753 -613.4303 0.6958666
1332.54    -620.0552 -613.4252 0.6959149
1332.55    -619.9352 -613.42 0.6959654
1332.56    -619.8151 -613.4149 0.6960179
1332.57    -619.6949 -613.4099 0.6960725
1332.58    -619.5748 -613.4047 0.6961289
1332.59    -619.4547 -613.3996 0.6961871
1332.6    -619.3345 -613.3945 0.6962477
1332.61    -619.2143 -613.3895 0.6963105
1332.62    -619.0941 -613.3844 0.6963753
1332.63    -618.9738 -613.3793 0.6964422
1332.64    -618.8535 -613.3743 0.6965109
1332.65    -618.7332 -613.3692 0.696582
1332.66    -618.6129 -613.3641 0.6966553
1332.67    -618.4926 -613.3591 0.6967307
1332.68    -618.3722 -613.354 0.6968082
1332.69    -618.2518 -613.3489 0.696888
1332.7    -618.1315 -613.3439 0.6969701
1332.71    -618.011 -613.3389 0.6970543
1332.72    -617.8906 -613.3338 0.6971404
1332.73    -617.7701 -613.3287 0.6972284
1332.74    -617.6497 -613.3237 0.6973187
1332.75    -617.5292 -613.3186 0.6974114
1332.76    -617.4086 -613.3135 0.6975061
1332.77    -617.2881 -613.3085 0.6976027
1332.78    -617.1675 -613.3035 0.6977012
1332.79    -617.0469 -613.2985 0.6978018
1332.8    -616.9263 -613.2935 0.6979043
1332.81    -616.8056 -613.2885 0.6980087
1332.82    -616.6849 -613.2834 0.6981148
1332.83    -616.5643 -613.2785 0.6982226
1332.84    -616.4436 -613.2735 0.6983321
1332.85    -616.3229 -613.2685 0.6984431
1332.86    -616.2021 -613.2635 0.6985555
1332.87    -616.0814 -613.2585 0.6986694
1332.88    -615.9606 -613.2535 0.6987846
1332.89    -615.8398 -613.2485 0.6989011
1332.9    -615.7189 -613.2435 0.6990185
1332.91    -615.598 -613.2385 0.6991371
1332.92    -615.4771 -613.2335 0.6992566
1332.93    -615.3562 -613.2285 0.6993771
1332.94    -615.2353 -613.2234 0.6994985
1332.95    -615.1144 -613.2184 0.6996207
1332.96    -614.9934 -613.2136 0.6997436
1332.97    -614.8724 -613.2086 0.6998672
1332.98    -614.7514 -613.2037 0.6999916
1332.99    -614.6304 -613.1987 0.7001165
1333    -614.5094 -613.1938 0.7002419
1333.01    -614.3884 -613.1888 0.7003679
1333.02    -614.2673 -613.1839 0.7004945
1333.03    -614.1462 -613.179 0.7006215
1333.04    -614.0251 -613.174 0.7007489
1333.05    -613.9041 -613.1691 0.7008768
1333.06    -613.783 -613.1641 0.701005
1333.07    -613.6618 -613.1592 0.7011336
1333.08    -613.5406 -613.1542 0.7012625
1333.09    -613.4195 -613.1494 0.7013918
1333.1    -613.2983 -613.1444 0.7015213
1333.11    -613.1772 -613.1395 0.7016512
1333.12    -613.056 -613.1345 0.7017812
1333.13    -612.9348 -613.1296 0.7019114
1333.14    -612.8135 -613.1247 0.702042
1333.15    -612.6923 -613.1198 0.7021727
1333.16    -612.571 -613.1149 0.7023036
1333.17    -612.4498 -613.11 0.7024348
1333.18    -612.3285 -613.1052 0.702566
1333.19    -612.2072 -613.1003 0.7026974
1333.2    -612.0859 -613.0954 0.7028289
1333.21    -611.9646 -613.0905 0.7029606
1333.22    -611.8433 -613.0856 0.7030923
1333.23    -611.7219 -613.0808 0.7032242
1333.24    -611.6006 -613.0759 0.7033563
1333.25    -611.4792 -613.071 0.7034883
1333.26    -611.3579 -613.0662 0.7036206
1333.27    -611.2365 -613.0613 0.7037527
1333.28    -611.1151 -613.0564 0.7038849
1333.29    -610.9937 -613.0515 0.7040171
1333.3    -610.8723 -613.0466 0.7041492
1333.31    -610.7509 -613.0417 0.7042814
1333.32    -610.6295 -613.0369 0.7044135
1333.33    -610.508 -613.0321 0.7045455
1333.34    -610.3865 -613.0273 0.7046773
1333.35    -610.2651 -613.0225 0.7048087
1333.36    -610.1436 -613.0177 0.70494
1333.37    -610.0222 -613.0129 0.7050709
1333.38    -609.9006 -613.0081 0.7052016
1333.39    -609.7791 -613.0032 0.7053316
1333.4    -609.6576 -612.9984 0.705461
1333.41    -609.5361 -612.9936 0.7055898
1333.42    -609.4146 -612.9888 0.705718
1333.43    -609.293 -612.9839 0.7058457
1333.44    -609.1714 -612.9791 0.7059722
1333.45    -609.0499 -612.9743 0.7060977
1333.46    -608.9283 -612.9695 0.7062223
1333.47    -608.8067 -612.9647 0.706346
1333.48    -608.6851 -612.9598 0.7064688
1333.49    -608.5635 -612.9551 0.7065902
1333.5    -608.4418 -612.9504 0.7067105
1333.51    -608.3202 -612.9456 0.7068294
1333.52    -608.1985 -612.9409 0.7069474
1333.53    -608.0769 -612.9361 0.7070643
1333.54    -607.9553 -612.9313 0.7071797
1333.55    -607.8336 -612.9266 0.7072936
1333.56    -607.7119 -612.9218 0.7074063
1333.57    -607.5902 -612.9171 0.7075178
1333.58    -607.4685 -612.9123 0.7076281
1333.59    -607.3468 -612.9075 0.7077368
1333.6    -607.2251 -612.9028 0.7078441
1333.61    -607.1033 -612.898 0.70795
1333.62    -606.9816 -612.8933 0.7080546
1333.63    -606.8598 -612.8885 0.708158
1333.64    -606.738 -612.8838 0.7082598
1333.65    -606.6163 -612.879 0.7083601
1333.66    -606.4945 -612.8743 0.708459
1333.67    -606.3727 -612.8696 0.7085566
1333.68    -606.2509 -612.8649 0.7086529
1333.69    -606.129 -612.8602 0.7087476
1333.7    -606.0072 -612.8555 0.708841
1333.71    -605.8854 -612.8508 0.7089329
1333.72    -605.7635 -612.8461 0.7090237
1333.73    -605.6416 -612.8414 0.7091132
1333.74    -605.5197 -612.8368 0.7092013
1333.75    -605.3978 -612.8321 0.7092879
1333.76    -605.2759 -612.8274 0.7093735
1333.77    -605.1541 -612.8227 0.7094577
1333.78    -605.0321 -612.818 0.7095409
1333.79    -604.9102 -612.8134 0.7096227
1333.8    -604.7883 -612.8087 0.7097032
1333.81    -604.6663 -612.8041 0.7097825
1333.82    -604.5444 -612.7994 0.7098606
1333.83    -604.4224 -612.7949 0.7099376
1333.84    -604.3004 -612.7902 0.7100134
1333.85    -604.1784 -612.7856 0.710088
1333.86    -604.0564 -612.7809 0.7101613
1333.87    -603.9344 -612.7763 0.7102335
1333.88    -603.8123 -612.7717 0.7103047
1333.89    -603.6903 -612.7671 0.7103748
1333.9    -603.5682 -612.7626 0.7104435
1333.91    -603.4462 -612.758 0.7105111
1333.92    -603.3241 -612.7534 0.7105778
1333.93    -603.202 -612.7488 0.7106435
1333.94    -603.08 -612.7443 0.710708
1333.95    -602.9579 -612.7397 0.7107714
1333.96    -602.8358 -612.7352 0.7108339
1333.97    -602.7136 -612.7307 0.7108955
1333.98    -602.5915 -612.7261 0.7109562
1333.99    -602.4694 -612.7216 0.711016
1334    -602.3472 -612.7171 0.7110749
1334.01    -602.2251 -612.7126 0.7111332
1334.02    -602.103 -612.7081 0.7111908
1334.03    -601.9808 -612.7036 0.7112476
1334.04    -601.8586 -612.6991 0.7113038
1334.05    -601.7365 -612.6946 0.7113594
1334.06    -601.6143 -612.6902 0.7114145
1334.07    -601.4921 -612.6858 0.711469
1334.08    -601.3699 -612.6813 0.7115231
1334.09    -601.2477 -612.6769 0.7115768
1334.1    -601.1255 -612.6724 0.7116299
1334.11    -601.0034 -612.668 0.7116828
1334.12    -600.8812 -612.6636 0.7117351
1334.13    -600.759 -612.6592 0.7117873
1334.14    -600.6368 -612.6548 0.711839
1334.15    -600.5146 -612.6504 0.7118905
1334.16    -600.3924 -612.646 0.7119416
1334.17    -600.2701 -612.6417 0.7119925
1334.18    -600.1479 -612.6373 0.7120431
1334.19    -600.0257 -612.6329 0.7120933
1334.2    -599.9034 -612.6286 0.7121431
1334.21    -599.7812 -612.6243 0.7121924
1334.22    -599.6589 -612.62 0.7122415
1334.23    -599.5367 -612.6157 0.7122902
1334.24    -599.4144 -612.6113 0.7123377
1334.25    -599.2922 -612.607 0.7123843
1334.26    -599.1699 -612.6028 0.7124297
1334.27    -599.0477 -612.5985 0.7124742
1334.28    -598.9254 -612.5942 0.7125179
1334.29    -598.8031 -612.59 0.7125592
1334.3    -598.6808 -612.5857 0.7125984
1334.31    -598.5585 -612.5814 0.7126355
1334.32    -598.4362 -612.5772 0.7126707
1334.33    -598.3138 -612.573 0.7127042
1334.34    -598.1915 -612.5688 0.7127344
1334.35    -598.0692 -612.5646 0.7127615
1334.36    -597.9469 -612.5604 0.7127855
1334.37    -597.8246 -612.5562 0.7128068
1334.38    -597.7022 -612.552 0.7128256
1334.39    -597.5799 -612.5478 0.7128404
1334.4    -597.4576 -612.5436 0.7128515
1334.41    -597.3352 -612.5394 0.7128592
1334.42    -597.2128 -612.5353 0.7128635
1334.43    -597.0905 -612.5312 0.7128648
1334.44    -596.9681 -612.527 0.7128621
1334.45    -596.8457 -612.5229 0.7128557
1334.46    -596.7233 -612.5187 0.7128458
1334.47    -596.601 -612.5146 0.7128326
1334.48    -596.4786 -612.5104 0.7128164
1334.49    -596.3562 -612.5063 0.7127966
1334.5    -596.2338 -612.5023 0.7127736
1334.51    -596.1115 -612.4982 0.7127476
1334.52    -595.989 -612.4941 0.7127186
1334.53    -595.8666 -612.4901 0.7126869
1334.54    -595.7441 -612.486 0.7126527
1334.55    -595.6217 -612.4819 0.712616
1334.56    -595.4993 -612.4778 0.7125769
1334.57    -595.3768 -612.4738 0.7125356
1334.58    -595.2544 -612.4698 0.7124922
1334.59    -595.132 -612.4658 0.7124468
1334.6    -595.0095 -612.4617 0.7123995
1334.61    -594.8871 -612.4577 0.7123505
1334.62    -594.7646 -612.4537 0.7123
1334.63    -594.6422 -612.4496 0.7122478
1334.64    -594.5197 -612.4456 0.7121942
1334.65    -594.3972 -612.4416 0.7121394
1334.66    -594.2747 -612.4377 0.7120832
1334.67    -594.1522 -612.4337 0.712026
1334.68    -594.0297 -612.4297 0.7119677
1334.69    -593.9072 -612.4258 0.7119083
1334.7    -593.7847 -612.4218 0.7118482
1334.71    -593.6622 -612.4178 0.7117871
1334.72    -593.5397 -612.4139 0.7117252
1334.73    -593.4172 -612.4099 0.7116626
1334.74    -593.2947 -612.4059 0.7115992
1334.75    -593.1722 -612.402 0.7115352
1334.76    -593.0497 -612.398 0.7114705
1334.77    -592.9271 -612.394 0.7114053
1334.78    -592.8046 -612.3901 0.7113395
1334.79    -592.6821 -612.3861 0.7112733
1334.8    -592.5595 -612.3823 0.7112065
1334.81    -592.437 -612.3784 0.7111393
1334.82    -592.3144 -612.3745 0.7110717
1334.83    -592.1918 -612.3705 0.7110035
1334.84    -592.0693 -612.3666 0.7109352
1334.85    -591.9467 -612.3627 0.7108663
1334.86    -591.8242 -612.3588 0.7107972
1334.87    -591.7016 -612.3549 0.7107278
1334.88    -591.579 -612.351 0.710658
1334.89    -591.4565 -612.3471 0.710588
1334.9    -591.3339 -612.3432 0.7105177
1334.91    -591.2114 -612.3393 0.7104472
1334.92    -591.0888 -612.3354 0.7103764
1334.93    -590.9662 -612.3315 0.7103055
1334.94    -590.8437 -612.3276 0.7102344
1334.95    -590.7211 -612.3237 0.7101633
1334.96    -590.5986 -612.3198 0.7100921
1334.97    -590.476 -612.3159 0.7100208
1334.98    -590.3535 -612.312 0.7099496
1334.99    -590.2309 -612.3082 0.7098781
1335    -590.1083 -612.3043 0.7098071
1335.01    -589.9858 -612.3005 0.7097364
1335.02    -589.8632 -612.2966 0.709666
1335.03    -589.7407 -612.2928 0.7095958
1335.04    -589.6182 -612.2889 0.7095265
1335.05    -589.4957 -612.2851 0.7094581
1335.06    -589.3732 -612.2813 0.7093903
1335.07    -589.2507 -612.2774 0.7093234
1335.08    -589.1282 -612.2736 0.7092571
1335.09    -589.0057 -612.2697 0.7091914
1335.1    -588.8832 -612.2659 0.7091277
1335.11    -588.7607 -612.262 0.7090656
1335.12    -588.6382 -612.2582 0.7090051
1335.13    -588.5157 -612.2544 0.708946
1335.14    -588.3932 -612.2507 0.7088885
1335.15    -588.2708 -612.2469 0.7088332
1335.16    -588.1483 -612.2431 0.7087799
1335.17    -588.0259 -612.2393 0.7087287
1335.18    -587.9034 -612.2355 0.7086793
1335.19    -587.781 -612.2318 0.7086317
1335.2    -587.6586 -612.228 0.7085866
1335.21    -587.5361 -612.2242 0.7085439
1335.22    -587.4137 -612.2204 0.7085033
1335.23    -587.2913 -612.2166 0.7084648
1335.24    -587.1688 -612.2128 0.7084283
1335.25    -587.0464 -612.209 0.7083941
1335.26    -586.9241 -612.2053 0.7083619
1335.27    -586.8016 -612.2015 0.7083318
1335.28    -586.6792 -612.1978 0.7083036
1335.29    -586.5568 -612.1941 0.7082772
1335.3    -586.4344 -612.1904 0.7082527
1335.31    -586.312 -612.1866 0.70823
1335.32    -586.1896 -612.1829 0.708209
1335.33    -586.0673 -612.1792 0.7081897
1335.34    -585.9449 -612.1755 0.7081719
1335.35    -585.8225 -612.1718 0.7081558
1335.36    -585.7001 -612.168 0.708141
1335.37    -585.5778 -612.1644 0.7081276
1335.38    -585.4554 -612.1606 0.7081154
1335.39    -585.3331 -612.1569 0.7081045
1335.4    -585.2108 -612.1532 0.7080948
1335.41    -585.0884 -612.1495 0.7080861
1335.42    -584.9661 -612.1458 0.7080784
1335.43    -584.8438 -612.1422 0.7080717
1335.44    -584.7215 -612.1385 0.7080659
1335.45    -584.5992 -612.1348 0.7080609
1335.46    -584.4769 -612.1312 0.7080567
1335.47    -584.3546 -612.1276 0.7080533
1335.48    -584.2322 -612.1239 0.7080505
1335.49    -584.11 -612.1202 0.7080482
1335.5    -583.9877 -612.1166 0.7080461
1335.51    -583.8655 -612.1129 0.7080443
1335.52    -583.7432 -612.1093 0.7080427
1335.53    -583.621 -612.1056 0.7080414
1335.54    -583.4987 -612.102 0.7080399
1335.55    -583.3765 -612.0984 0.7080382
1335.56    -583.2542 -612.0948 0.7080362
1335.57    -583.132 -612.0912 0.708034
1335.58    -583.0097 -612.0876 0.7080316
1335.59    -582.8875 -612.084 0.7080282
1335.6    -582.7653 -612.0804 0.7080238
1335.61    -582.6431 -612.0768 0.7080185
1335.62    -582.5209 -612.0732 0.7080125
1335.63    -582.3987 -612.0696 0.7080056
1335.64    -582.2766 -612.066 0.7079973
1335.65    -582.1545 -612.0624 0.7079875
1335.66    -582.0323 -612.0589 0.7079764
1335.67    -581.9102 -612.0553 0.707964
1335.68    -581.788 -612.0518 0.7079504
1335.69    -581.666 -612.0482 0.7079352
1335.7    -581.5439 -612.0447 0.7079183
1335.71    -581.4218 -612.0411 0.7078999
1335.72    -581.2997 -612.0376 0.7078802
1335.73    -581.1777 -612.0341 0.7078592
1335.74    -581.0557 -612.0305 0.7078366
1335.75    -580.9337 -612.027 0.7078124
1335.76    -580.8118 -612.0234 0.7077869
1335.77    -580.6898 -612.0199 0.70776
1335.78    -580.5679 -612.0164 0.707732
1335.79    -580.4459 -612.0128 0.7077026
1335.8    -580.324 -612.0093 0.7076721
1335.81    -580.2021 -612.0057 0.7076403
1335.82    -580.0803 -612.0022 0.7076076
1335.83    -579.9584 -611.9987 0.7075737
1335.84    -579.8365 -611.9951 0.707539
1335.85    -579.7147 -611.9916 0.7075033
1335.86    -579.5929 -611.988 0.7074668
1335.87    -579.4711 -611.9845 0.7074294
1335.88    -579.3492 -611.981 0.7073914
1335.89    -579.2275 -611.9774 0.7073525
1335.9    -579.1057 -611.9739 0.7073131
1335.91    -578.9839 -611.9705 0.7072729
1335.92    -578.8622 -611.967 0.7072322
1335.93    -578.7404 -611.9635 0.7071909
1335.94    -578.6187 -611.96 0.7071491
1335.95    -578.497 -611.9565 0.7071068
1335.96    -578.3753 -611.9531 0.707064
1335.97    -578.2536 -611.9496 0.7070208
1335.98    -578.1319 -611.9461 0.7069771
1335.99    -578.0103 -611.9426 0.7069331
1336    -577.8886 -611.9391 0.7068887
1336.01    -577.767 -611.9357 0.7068439
1336.02    -577.6454 -611.9322 0.7067988
1336.03    -577.5238 -611.9287 0.7067534
1336.04    -577.4022 -611.9252 0.7067077
1336.05    -577.2806 -611.9218 0.7066616
1336.06    -577.1591 -611.9183 0.7066154
1336.07    -577.0376 -611.9148 0.706569
1336.08    -576.9161 -611.9113 0.7065222
1336.09    -576.7946 -611.9078 0.7064753
1336.1    -576.6731 -611.9044 0.7064281
1336.11    -576.5516 -611.9009 0.7063807
1336.12    -576.4302 -611.8974 0.7063332
1336.13    -576.3087 -611.8939 0.7062855
1336.14    -576.1873 -611.8904 0.7062376
1336.15    -576.0659 -611.887 0.7061896
1336.16    -575.9445 -611.8835 0.7061414
1336.17    -575.8231 -611.88 0.706093
1336.18    -575.7017 -611.8765 0.7060445
1336.19    -575.5803 -611.873 0.7059959
1336.2    -575.459 -611.8696 0.7059472
1336.21    -575.3376 -611.8661 0.7058983
1336.22    -575.2163 -611.8626 0.7058494
1336.23    -575.095 -611.8591 0.7058004
1336.24    -574.9737 -611.8557 0.7057512
1336.25    -574.8524 -611.8522 0.705702
1336.26    -574.7311 -611.8487 0.7056527
1336.27    -574.6099 -611.8452 0.7056033
1336.28    -574.4886 -611.8417 0.7055538
1336.29    -574.3674 -611.8383 0.7055042
1336.3    -574.2462 -611.8348 0.7054546
1336.31    -574.125 -611.8313 0.7054049
1336.32    -574.0038 -611.8278 0.7053552
1336.33    -573.8827 -611.8243 0.7053053
1336.34    -573.7615 -611.8209 0.7052554
1336.35    -573.6404 -611.8174 0.7052054
1336.36    -573.5193 -611.8139 0.7051555
1336.37    -573.3983 -611.8104 0.7051055
1336.38    -573.2772 -611.8069 0.7050554
1336.39    -573.1561 -611.8035 0.7050052
1336.4    -573.0351 -611.8 0.704955
1336.41    -572.9141 -611.7965 0.7049048
1336.42    -572.793 -611.793 0.7048545
1336.43    -572.672 -611.7895 0.7048042
1336.44    -572.5511 -611.786 0.7047539
1336.45    -572.4301 -611.7825 0.7047036
1336.46    -572.3091 -611.7791 0.7046531
1336.47    -572.1882 -611.7756 0.7046027
1336.48    -572.0672 -611.7721 0.7045522
1336.49    -571.9463 -611.7686 0.7045017
1336.5    -571.8254 -611.7651 0.7044511
1336.51    -571.7045 -611.7617 0.7044005
1336.52    -571.5836 -611.7582 0.7043499
1336.53    -571.4626 -611.7547 0.7042992
1336.54    -571.3418 -611.7512 0.7042484
1336.55    -571.2209 -611.7477 0.7041976
1336.56    -571.1001 -611.7443 0.7041468
1336.57    -570.9793 -611.7408 0.704096
1336.58    -570.8585 -611.7373 0.704045
1336.59    -570.7377 -611.7338 0.703994
1336.6    -570.6169 -611.7303 0.703943
1336.61    -570.4962 -611.7269 0.7038919
1336.62    -570.3755 -611.7234 0.7038409
1336.63    -570.2548 -611.7199 0.7037898
1336.64    -570.1341 -611.7164 0.7037385
1336.65    -570.0134 -611.713 0.7036873
1336.66    -569.8928 -611.7095 0.7036361
1336.67    -569.7721 -611.706 0.7035848
1336.68    -569.6514 -611.7025 0.7035335
1336.69    -569.5308 -611.699 0.7034822
1336.7    -569.4102 -611.6956 0.7034308
1336.71    -569.2896 -611.6921 0.7033793
1336.72    -569.169 -611.6886 0.703328
1336.73    -569.0484 -611.6851 0.7032765
1336.74    -568.9278 -611.6816 0.703225
1336.75    -568.8073 -611.6782 0.7031735
1336.76    -568.6867 -611.6747 0.7031218
1336.77    -568.5662 -611.6712 0.7030702
1336.78    -568.4456 -611.6677 0.7030186
1336.79    -568.3251 -611.6642 0.7029669
1336.8    -568.2047 -611.6607 0.7029153
1336.81    -568.0842 -611.6572 0.7028635
1336.82    -567.9637 -611.6536 0.7028117
1336.83    -567.8433 -611.6501 0.7027599
1336.84    -567.7228 -611.6465 0.7027081
1336.85    -567.6024 -611.643 0.7026562
1336.86    -567.482 -611.6395 0.7026044
1336.87    -567.3616 -611.6359 0.7025524
1336.88    -567.2413 -611.6324 0.7025004
1336.89    -567.1209 -611.6288 0.7024484
1336.9    -567.0006 -611.6253 0.7023963
1336.91    -566.8803 -611.6218 0.7023442
1336.92    -566.76 -611.6182 0.7022921
1336.93    -566.6397 -611.6147 0.7022399
1336.94    -566.5195 -611.6111 0.7021877
1336.95    -566.3992 -611.6076 0.7021354
1336.96    -566.279 -611.6041 0.7020832
1336.97    -566.1588 -611.6005 0.7020308
1336.98    -566.0385 -611.597 0.7019784
1336.99    -565.9183 -611.5934 0.7019261
1337    -565.7982 -611.5899 0.7018736
1337.01    -565.678 -611.5864 0.7018211
1337.02    -565.5578 -611.5828 0.7017686
1337.03    -565.4376 -611.5793 0.7017161
1337.04    -565.3175 -611.5757 0.7016635
1337.05    -565.1974 -611.5722 0.7016109
1337.06    -565.0773 -611.5687 0.7015582
1337.07    -564.9572 -611.5651 0.7015055
1337.08    -564.837 -611.5616 0.7014528
1337.09    -564.717 -611.558 0.7014
1337.1    -564.5969 -611.5545 0.7013473
1337.11    -564.4769 -611.551 0.7012945
1337.12    -564.3569 -611.5474 0.7012419
1337.13    -564.2369 -611.5438 0.7011892
1337.14    -564.1169 -611.5403 0.7011365
1337.15    -563.9969 -611.5367 0.7010841
1337.16    -563.877 -611.5332 0.7010316
1337.17    -563.757 -611.5297 0.7009794
1337.18    -563.6371 -611.5261 0.7009274
1337.19    -563.5172 -611.5226 0.7008758
1337.2    -563.3973 -611.519 0.7008246
1337.21    -563.2774 -611.5155 0.7007738
1337.22    -563.1575 -611.512 0.7007235
1337.23    -563.0377 -611.5084 0.7006734
1337.24    -562.9178 -611.5049 0.7006238
1337.25    -562.798 -611.5013 0.7005751
1337.26    -562.6782 -611.4978 0.7005274
1337.27    -562.5583 -611.4943 0.7004806
1337.28    -562.4385 -611.4907 0.7004347
1337.29    -562.3188 -611.4872 0.7003902
1337.3    -562.199 -611.4836 0.7003468
1337.31    -562.0793 -611.4801 0.7003047
1337.32    -561.9595 -611.4766 0.7002637
1337.33    -561.8398 -611.473 0.7002237
1337.34    -561.7201 -611.4695 0.7001854
1337.35    -561.6004 -611.4659 0.7001486
1337.36    -561.4807 -611.4623 0.7001132
1337.37    -561.361 -611.4587 0.7000793
1337.38    -561.2413 -611.4551 0.7000465
1337.39    -561.1217 -611.4515 0.7000155
1337.4    -561.0021 -611.4479 0.699986
1337.41    -560.8824 -611.4443 0.699958
1337.42    -560.7629 -611.4407 0.6999313
1337.43    -560.6433 -611.4371 0.6999061
1337.44    -560.5237 -611.4335 0.6998822
1337.45    -560.4042 -611.4299 0.6998598
1337.46    -560.2847 -611.4263 0.6998386
1337.47    -560.1652 -611.4227 0.6998187
1337.48    -560.0457 -611.4191 0.6997999
1337.49    -559.9261 -611.4155 0.6997824
1337.5    -559.8067 -611.4119 0.6997661
1337.51    -559.6873 -611.4083 0.699751
1337.52    -559.5678 -611.4047 0.699737
1337.53    -559.4484 -611.4011 0.699724
1337.54    -559.3289 -611.3975 0.6997119
1337.55    -559.2095 -611.3939 0.6997008
1337.56    -559.0901 -611.3903 0.6996906
1337.57    -558.9708 -611.3866 0.6996813
1337.58    -558.8514 -611.3829 0.6996727
1337.59    -558.7321 -611.3793 0.699665
1337.6    -558.6127 -611.3756 0.6996579
1337.61    -558.4934 -611.3719 0.6996515
1337.62    -558.3741 -611.3683 0.6996457
1337.63    -558.2548 -611.3646 0.6996406
1337.64    -558.1354 -611.361 0.699636
1337.65    -558.0162 -611.3573 0.699632
1337.66    -557.8969 -611.3536 0.6996285
1337.67    -557.7776 -611.35 0.6996255
1337.68    -557.6584 -611.3463 0.6996229
1337.69    -557.5392 -611.3426 0.6996208
1337.7    -557.42 -611.3389 0.6996191
1337.71    -557.3008 -611.3353 0.6996178
1337.72    -557.1816 -611.3316 0.6996169
1337.73    -557.0624 -611.3279 0.6996164
1337.74    -556.9433 -611.3243 0.6996161
1337.75    -556.8242 -611.3206 0.6996163
1337.76    -556.7051 -611.317 0.6996167
1337.77    -556.586 -611.3133 0.6996173
1337.78    -556.4669 -611.3096 0.6996183
1337.79    -556.3478 -611.306 0.6996195
1337.8    -556.2288 -611.3023 0.699621
1337.81    -556.1098 -611.2986 0.6996226
1337.82    -555.9908 -611.295 0.6996245
1337.83    -555.8718 -611.2914 0.6996267
1337.84    -555.7528 -611.2878 0.6996289
1337.85    -555.6339 -611.2842 0.6996314
1337.86    -555.5149 -611.2806 0.699634
1337.87    -555.3959 -611.277 0.6996368
1337.88    -555.277 -611.2734 0.6996397
1337.89    -555.1581 -611.2698 0.6996429
1337.9    -555.0392 -611.2662 0.6996461
1337.91    -554.9203 -611.2626 0.6996495
1337.92    -554.8014 -611.2591 0.6996529
1337.93    -554.6825 -611.2556 0.6996565
1337.94    -554.5637 -611.252 0.6996601
1337.95    -554.4448 -611.2485 0.6996639
1337.96    -554.326 -611.2449 0.6996678
1337.97    -554.2072 -611.2415 0.6996717
1337.98    -554.0883 -611.2379 0.6996758
1337.99    -553.9695 -611.2344 0.6996799
1338    -553.8508 -611.2308 0.6996841
1338.01    -553.732 -611.2273 0.6996884
1338.02    -553.6132 -611.2238 0.6996927
1338.03    -553.4944 -611.2203 0.6996971
1338.04    -553.3757 -611.2169 0.6997016
1338.05    -553.257 -611.2134 0.6997061
1338.06    -553.1383 -611.21 0.6997107
1338.07    -553.0196 -611.2065 0.6997153
1338.08    -552.9009 -611.203 0.69972
1338.09    -552.7822 -611.1995 0.6997246
1338.1    -552.6636 -611.1961 0.6997294
1338.11    -552.545 -611.1926 0.6997342
1338.12    -552.4264 -611.1892 0.699739
1338.13    -552.3078 -611.1858 0.6997437
1338.14    -552.1892 -611.1824 0.6997486
1338.15    -552.0707 -611.179 0.6997535
1338.16    -551.9521 -611.1756 0.6997584
1338.17    -551.8336 -611.1722 0.6997633
1338.18    -551.7151 -611.1688 0.6997683
1338.19    -551.5966 -611.1653 0.6997733
1338.2    -551.4781 -611.162 0.6997782
1338.21    -551.3596 -611.1587 0.6997833
1338.22    -551.2411 -611.1553 0.6997883
1338.23    -551.1227 -611.152 0.6997933
1338.24    -551.0042 -611.1486 0.6997983
1338.25    -550.8858 -611.1453 0.6998033
1338.26    -550.7674 -611.142 0.6998084
1338.27    -550.649 -611.1387 0.6998134
1338.28    -550.5306 -611.1354 0.6998184
1338.29    -550.4122 -611.1321 0.6998234
1338.3    -550.2938 -611.1288 0.6998284
1338.31    -550.1755 -611.1255 0.6998335
1338.32    -550.0571 -611.1223 0.6998385
1338.33    -549.9388 -611.119 0.6998435
1338.34    -549.8204 -611.1157 0.6998485
1338.35    -549.7021 -611.1125 0.6998535
1338.36    -549.5839 -611.1093 0.6998586
1338.37    -549.4656 -611.1061 0.6998636
1338.38    -549.3473 -611.1028 0.6998686
1338.39    -549.2291 -611.0996 0.6998737
1338.4    -549.1108 -611.0965 0.6998788
1338.41    -548.9926 -611.0933 0.6998839
1338.42    -548.8744 -611.0901 0.6998889
1338.43    -548.7562 -611.087 0.6998941
1338.44    -548.6381 -611.0838 0.6998993
1338.45    -548.5199 -611.0807 0.6999045
1338.46    -548.4017 -611.0776 0.6999098
1338.47    -548.2836 -611.0745 0.6999152
1338.48    -548.1655 -611.0714 0.6999208
1338.49    -548.0474 -611.0684 0.6999265
1338.5    -547.9293 -611.0653 0.6999326
1338.51    -547.8113 -611.0623 0.6999388
1338.52    -547.6932 -611.0592 0.6999453
1338.53    -547.5752 -611.0562 0.6999521
1338.54    -547.4572 -611.0532 0.6999595
1338.55    -547.3392 -611.0502 0.6999676
1338.56    -547.2212 -611.0472 0.6999763
1338.57    -547.1032 -611.0443 0.6999856
1338.58    -546.9852 -611.0413 0.6999953
1338.59    -546.8673 -611.0383 0.7000066
1338.6    -546.7494 -611.0353 0.7000192
1338.61    -546.6315 -611.0325 0.7000331
1338.62    -546.5135 -611.0295 0.7000481
1338.63    -546.3956 -611.0266 0.7000642
1338.64    -546.2777 -611.0237 0.7000815
1338.65    -546.1598 -611.0208 0.7000997
1338.66    -546.0419 -611.0179 0.7001206
1338.67    -545.9241 -611.0151 0.7001439
1338.68    -545.8062 -611.0122 0.7001694
1338.69    -545.6884 -611.0094 0.7001972
1338.7    -545.5706 -611.0065 0.700228
1338.71    -545.4528 -611.0037 0.7002615
1338.72    -545.335 -611.0009 0.7002977
1338.73    -545.2172 -610.9982 0.7003363
1338.74    -545.0994 -610.9954 0.7003781
1338.75    -544.9817 -610.9926 0.7004228
1338.76    -544.864 -610.9897 0.7004703
1338.77    -544.7462 -610.987 0.7005204
1338.78    -544.6285 -610.9843 0.700573
1338.79    -544.5108 -610.9816 0.700628
1338.8    -544.3931 -610.9788 0.7006854
1338.81    -544.2755 -610.9761 0.7007451
1338.82    -544.1578 -610.9734 0.7008071
1338.83    -544.0402 -610.9707 0.7008712
1338.84    -543.9225 -610.968 0.7009372
1338.85    -543.8049 -610.9653 0.7010051
1338.86    -543.6873 -610.9626 0.7010747
1338.87    -543.5698 -610.96 0.701146
1338.88    -543.4522 -610.9573 0.7012188
1338.89    -543.3347 -610.9547 0.701293
1338.9    -543.2171 -610.952 0.7013685
1338.91    -543.0996 -610.9494 0.7014451
1338.92    -542.9821 -610.9468 0.7015229
1338.93    -542.8646 -610.9442 0.7016018
1338.94    -542.7471 -610.9416 0.7016816
1338.95    -542.6297 -610.939 0.7017623
1338.96    -542.5123 -610.9364 0.7018437
1338.97    -542.3948 -610.9338 0.701926
1338.98    -542.2774 -610.9313 0.702009
1338.99    -542.16 -610.9287 0.7020927
1339    -542.0427 -610.9261 0.702177
1339.01    -541.9253 -610.9236 0.702262
1339.02    -541.8079 -610.9211 0.7023475
1339.03    -541.6906 -610.9186 0.7024336
1339.04    -541.5732 -610.9161 0.7025203
1339.05    -541.4559 -610.9136 0.7026074
1339.06    -541.3386 -610.9111 0.702695
1339.07    -541.2213 -610.9086 0.702783
1339.08    -541.104 -610.9061 0.7028714
1339.09    -540.9868 -610.9036 0.7029602
1339.1    -540.8695 -610.9012 0.7030493
1339.11    -540.7523 -610.8987 0.7031388
1339.12    -540.635 -610.8963 0.7032287
1339.13    -540.5178 -610.8939 0.7033188
1339.14    -540.4006 -610.8914 0.7034093
1339.15    -540.2834 -610.889 0.7035
1339.16    -540.1662 -610.8867 0.7035909
1339.17    -540.049 -610.8843 0.7036821
1339.18    -539.9319 -610.8819 0.7037736
1339.19    -539.8148 -610.8795 0.7038653
1339.2    -539.6976 -610.8771 0.7039572
1339.21    -539.5805 -610.8749 0.7040492
1339.22    -539.4634 -610.8726 0.7041415
1339.23    -539.3464 -610.8702 0.704234
1339.24    -539.2293 -610.8679 0.7043266
1339.25    -539.1122 -610.8656 0.7044193
1339.26    -538.9952 -610.8633 0.7045122
1339.27    -538.8782 -610.8611 0.7046053
1339.28    -538.7612 -610.8588 0.7046985
1339.29    -538.6442 -610.8566 0.7047918
1339.3    -538.5273 -610.8544 0.7048852
1339.31    -538.4103 -610.8521 0.7049788
1339.32    -538.2934 -610.8499 0.7050725
1339.33    -538.1765 -610.8477 0.7051662
1339.34    -538.0595 -610.8455 0.7052601
1339.35    -537.9426 -610.8434 0.705354
1339.36    -537.8257 -610.8412 0.705448
1339.37    -537.7089 -610.8391 0.7055422
1339.38    -537.592 -610.837 0.7056364
1339.39    -537.4752 -610.8348 0.7057307
1339.4    -537.3583 -610.8327 0.705825
1339.41    -537.2415 -610.8306 0.7059194
1339.42    -537.1247 -610.8285 0.7060139
1339.43    -537.0079 -610.8264 0.7061085
1339.44    -536.8911 -610.8243 0.706203
1339.45    -536.7744 -610.8223 0.7062977
1339.46    -536.6576 -610.8203 0.7063923
1339.47    -536.5408 -610.8182 0.706487
1339.48    -536.4241 -610.8162 0.7065817
1339.49    -536.3074 -610.8141 0.7066764
1339.5    -536.1907 -610.8122 0.7067711
1339.51    -536.074 -610.8102 0.7068657
1339.52    -535.9573 -610.8082 0.7069603
1339.53    -535.8406 -610.8063 0.7070549
1339.54    -535.724 -610.8043 0.7071493
1339.55    -535.6074 -610.8024 0.7072434
1339.56    -535.4907 -610.8004 0.7073375
1339.57    -535.3741 -610.7985 0.7074313
1339.58    -535.2576 -610.7966 0.707525
1339.59    -535.141 -610.7947 0.7076182
1339.6    -535.0244 -610.7928 0.7077111
1339.61    -534.9079 -610.791 0.7078036
1339.62    -534.7914 -610.7891 0.7078958
1339.63    -534.6749 -610.7872 0.7079876
1339.64    -534.5583 -610.7853 0.7080787
1339.65    -534.4419 -610.7834 0.7081691
1339.66    -534.3254 -610.7817 0.708259
1339.67    -534.209 -610.7798 0.7083482
1339.68    -534.0925 -610.778 0.7084368
1339.69    -533.9761 -610.7762 0.7085251
1339.7    -533.8597 -610.7744 0.7086122
1339.71    -533.7433 -610.7725 0.7086985
1339.72    -533.6269 -610.7707 0.7087839
1339.73    -533.5105 -610.7689 0.7088684
1339.74    -533.3941 -610.7671 0.7089522
1339.75    -533.2778 -610.7653 0.7090349
1339.76    -533.1614 -610.7635 0.7091166
1339.77    -533.0451 -610.7617 0.7091973
1339.78    -532.9288 -610.7599 0.7092771
1339.79    -532.8124 -610.7582 0.7093561
1339.8    -532.6962 -610.7564 0.709434
1339.81    -532.5799 -610.7546 0.709511
1339.82    -532.4636 -610.7529 0.7095872
1339.83    -532.3474 -610.7511 0.7096624
1339.84    -532.2311 -610.7493 0.7097368
1339.85    -532.1149 -610.7476 0.7098104
1339.86    -531.9987 -610.7458 0.7098832
1339.87    -531.8825 -610.744 0.7099552
1339.88    -531.7664 -610.7422 0.7100266
1339.89    -531.6502 -610.7405 0.7100971
1339.9    -531.5341 -610.7387 0.7101669
1339.91    -531.4179 -610.7369 0.710236
1339.92    -531.3018 -610.7352 0.7103044
1339.93    -531.1857 -610.7334 0.7103722
1339.94    -531.0696 -610.7316 0.7104392
1339.95    -530.9536 -610.7298 0.7105055
1339.96    -530.8375 -610.728 0.7105712
1339.97    -530.7215 -610.7263 0.7106363
1339.98    -530.6055 -610.7245 0.7107008
1339.99    -530.4895 -610.7228 0.7107645
1340    -530.3735 -610.7211 0.7108275
1340.01    -530.2576 -610.7194 0.7108898
1340.02    -530.1416 -610.7177 0.7109514
1340.03    -530.0256 -610.7159 0.7110124
1340.04    -529.9097 -610.7142 0.7110726
1340.05    -529.7938 -610.7125 0.7111321
1340.06    -529.6779 -610.7108 0.7111909
1340.07    -529.562 -610.709 0.7112491
1340.08    -529.4461 -610.7072 0.7113066
1340.09    -529.3302 -610.7054 0.7113636
1340.1    -529.2144 -610.7036 0.7114197
1340.11    -529.0985 -610.7018 0.711475
1340.12    -528.9827 -610.7001 0.7115296
1340.13    -528.8668 -610.6983 0.7115834
1340.14    -528.751 -610.6965 0.7116367
1340.15    -528.6352 -610.6948 0.7116891
1340.16    -528.5194 -610.693 0.7117407
1340.17    -528.4036 -610.6912 0.7117916
1340.18    -528.2878 -610.6894 0.7118419
1340.19    -528.1721 -610.6876 0.7118914
1340.2    -528.0564 -610.6859 0.7119401
1340.21    -527.9407 -610.6841 0.7119881
1340.22    -527.825 -610.6823 0.7120352
1340.23    -527.7094 -610.6805 0.7120816
1340.24    -527.5937 -610.6786 0.712127
1340.25    -527.478 -610.6768 0.7121714
1340.26    -527.3624 -610.675 0.7122149
1340.27    -527.2468 -610.6732 0.7122575
1340.28    -527.1312 -610.6713 0.7122993
1340.29    -527.0156 -610.6694 0.7123403
1340.3    -526.9001 -610.6676 0.7123801
1340.31    -526.7845 -610.6657 0.7124187
1340.32    -526.669 -610.6638 0.7124561
1340.33    -526.5535 -610.6619 0.7124924
1340.34    -526.4379 -610.66 0.7125278
1340.35    -526.3224 -610.6581 0.7125618
1340.36    -526.207 -610.6562 0.7125945
1340.37    -526.0915 -610.6542 0.712626
1340.38    -525.976 -610.6523 0.7126563
1340.39    -525.8606 -610.6503 0.7126853
1340.4    -525.7452 -610.6484 0.7127129
1340.41    -525.6298 -610.6464 0.7127393
1340.42    -525.5143 -610.6444 0.7127646
1340.43    -525.3989 -610.6424 0.7127886
1340.44    -525.2836 -610.6404 0.7128117
1340.45    -525.1682 -610.6384 0.7128337
1340.46    -525.0529 -610.6364 0.7128548
1340.47    -524.9375 -610.6344 0.712875
1340.48    -524.8221 -610.6323 0.7128943
1340.49    -524.7068 -610.6303 0.7129128
1340.5    -524.5916 -610.6283 0.7129304
1340.51    -524.4763 -610.6262 0.7129474
1340.52    -524.361 -610.6241 0.7129638
1340.53    -524.2457 -610.6221 0.7129794
1340.54    -524.1305 -610.6199 0.7129945
1340.55    -524.0153 -610.6179 0.713009
1340.56    -523.9001 -610.6157 0.7130229
1340.57    -523.7849 -610.6135 0.7130363
1340.58    -523.6697 -610.6114 0.7130492
1340.59    -523.5546 -610.6093 0.7130616
1340.6    -523.4395 -610.6071 0.7130736
1340.61    -523.3243 -610.6049 0.7130852
1340.62    -523.2092 -610.6027 0.7130963
1340.63    -523.0941 -610.6004 0.7131072
1340.64    -522.9791 -610.5982 0.7131177
1340.65    -522.864 -610.5959 0.7131278
1340.66    -522.749 -610.5936 0.7131377
1340.67    -522.6339 -610.5914 0.7131472
1340.68    -522.5189 -610.5891 0.7131564
1340.69    -522.4038 -610.5868 0.7131653
1340.7    -522.2888 -610.5845 0.7131742
1340.71    -522.1738 -610.5823 0.7131826
1340.72    -522.0588 -610.5799 0.7131909
1340.73    -521.9438 -610.5776 0.7131989
1340.74    -521.8289 -610.5753 0.7132068
1340.75    -521.714 -610.5729 0.7132144
1340.76    -521.5991 -610.5706 0.7132218
1340.77    -521.4841 -610.5682 0.7132291
1340.78    -521.3692 -610.5658 0.7132363
1340.79    -521.2543 -610.5634 0.7132433
1340.8    -521.1395 -610.561 0.7132502
1340.81    -521.0246 -610.5585 0.7132568
1340.82    -520.9098 -610.5561 0.7132635
1340.83    -520.795 -610.5536 0.7132699
1340.84    -520.6802 -610.5511 0.7132762
1340.85    -520.5654 -610.5487 0.7132824
1340.86    -520.4506 -610.5462 0.7132886
1340.87    -520.3359 -610.5436 0.7132946
1340.88    -520.2211 -610.5411 0.7133005
1340.89    -520.1064 -610.5386 0.7133064
1340.9    -519.9917 -610.5361 0.7133121
1340.91    -519.877 -610.5335 0.7133178
1340.92    -519.7623 -610.5309 0.7133234
1340.93    -519.6476 -610.5284 0.713329
1340.94    -519.533 -610.5258 0.7133344
1340.95    -519.4184 -610.5233 0.7133399
1340.96    -519.3038 -610.5206 0.7133452
1340.97    -519.1891 -610.5179 0.7133505
1340.98    -519.0745 -610.5153 0.7133557
1340.99    -518.96 -610.5127 0.7133609
1341    -518.8454 -610.5101 0.713366
1341.01    -518.7308 -610.5073 0.7133711
1341.02    -518.6163 -610.5046 0.7133761
1341.03    -518.5017 -610.502 0.7133811
1341.04    -518.3872 -610.4993 0.7133861
1341.05    -518.2727 -610.4966 0.7133911
1341.06    -518.1582 -610.4939 0.7133961
1341.07    -518.0437 -610.4911 0.7134011
1341.08    -517.9292 -610.4883 0.7134061
1341.09    -517.8148 -610.4856 0.7134112
1341.1    -517.7003 -610.4828 0.7134163
1341.11    -517.5859 -610.4801 0.7134216
1341.12    -517.4715 -610.4772 0.7134268
1341.13    -517.3571 -610.4744 0.7134321
1341.14    -517.2427 -610.4716 0.7134376
1341.15    -517.1284 -610.4688 0.7134433
1341.16    -517.014 -610.466 0.7134494
1341.17    -516.8997 -610.4632 0.7134557
1341.18    -516.7854 -610.4603 0.7134624
1341.19    -516.6711 -610.4575 0.7134693
1341.2    -516.5568 -610.4546 0.713477
1341.21    -516.4426 -610.4517 0.7134855
1341.22    -516.3283 -610.4489 0.7134947
1341.23    -516.2141 -610.446 0.7135046
1341.24    -516.0999 -610.4431 0.7135156
1341.25    -515.9857 -610.4402 0.7135277
1341.26    -515.8715 -610.4373 0.7135409
1341.27    -515.7573 -610.4343 0.713555
1341.28    -515.6431 -610.4314 0.7135701
1341.29    -515.5289 -610.4285 0.713586
1341.3    -515.4147 -610.4255 0.7136036
1341.31    -515.3006 -610.4225 0.7136225
1341.32    -515.1865 -610.4196 0.7136428
1341.33    -515.0723 -610.4166 0.7136644
1341.34    -514.9582 -610.4136 0.7136871
1341.35    -514.8441 -610.4106 0.7137114
1341.36    -514.73 -610.4077 0.7137371
1341.37    -514.616 -610.4047 0.7137643
1341.38    -514.5019 -610.4016 0.7137927
1341.39    -514.3879 -610.3986 0.7138224
1341.4    -514.2739 -610.3956 0.7138533
1341.41    -514.1599 -610.3925 0.7138854
1341.42    -514.0458 -610.3895 0.7139187
1341.43    -513.9319 -610.3864 0.713953
1341.44    -513.8179 -610.3833 0.7139883
1341.45    -513.704 -610.3802 0.7140246
1341.46    -513.5901 -610.3772 0.7140618
1341.47    -513.4762 -610.3741 0.7140998
1341.48    -513.3623 -610.371 0.7141386
1341.49    -513.2484 -610.3679 0.7141782
1341.5    -513.1346 -610.3648 0.7142186
1341.51    -513.0208 -610.3616 0.7142596
1341.52    -512.9069 -610.3585 0.7143013
1341.53    -512.7931 -610.3554 0.7143437
1341.54    -512.6793 -610.3523 0.7143867
1341.55    -512.5656 -610.3492 0.7144302
1341.56    -512.4518 -610.3461 0.7144743
1341.57    -512.338 -610.343 0.7145188
1341.58    -512.2242 -610.3397 0.7145639
1341.59    -512.1105 -610.3365 0.7146095
1341.6    -511.9969 -610.3334 0.7146555
1341.61    -511.8831 -610.3302 0.7147018
1341.62    -511.7694 -610.327 0.7147486
1341.63    -511.6557 -610.3239 0.7147958
1341.64    -511.5421 -610.3207 0.7148434
1341.65    -511.4284 -610.3175 0.7148913
1341.66    -511.3148 -610.3143 0.7149395
1341.67    -511.2012 -610.311 0.714988
1341.68    -511.0876 -610.3078 0.7150368
1341.69    -510.974 -610.3046 0.7150859
1341.7    -510.8604 -610.3013 0.7151353
1341.71    -510.7468 -610.2981 0.7151849
1341.72    -510.6333 -610.2949 0.7152348
1341.73    -510.5197 -610.2916 0.7152849
1341.74    -510.4062 -610.2883 0.7153352
1341.75    -510.2927 -610.2851 0.7153857
1341.76    -510.1792 -610.2819 0.7154365
1341.77    -510.0657 -610.2786 0.7154874
1341.78    -509.9522 -610.2753 0.7155385
1341.79    -509.8388 -610.272 0.7155898
1341.8    -509.7256 -610.2687 0.7156411
1341.81    -509.6129 -610.2654 0.7156926
1341.82    -509.5004 -610.2621 0.7157443
1341.83    -509.3882 -610.2587 0.7157961
1341.84    -509.2764 -610.2555 0.715848
1341.85    -509.1649 -610.2523 0.7158999
1341.86    -509.0537 -610.249 0.7159519
1341.87    -508.9428 -610.2458 0.716004
1341.88    -508.8323 -610.2426 0.7160562
1341.89    -508.722 -610.2393 0.7161083
1341.9    -508.6122 -610.2361 0.7161605
1341.91    -508.5026 -610.2328 0.7162128
1341.92    -508.3933 -610.2296 0.716265
1341.93    -508.2843 -610.2263 0.7163172
1341.94    -508.1757 -610.2231 0.7163692
1341.95    -508.0674 -610.2198 0.7164211
1341.96    -507.9594 -610.2166 0.7164728
1341.97    -507.8517 -610.2134 0.7165243
1341.98    -507.7443 -610.2101 0.7165758
1341.99    -507.6373 -610.2069 0.7166269
1342    -507.5306 -610.2037 0.7166778
1342.01    -507.4242 -610.2005 0.7167286
1342.02    -507.3181 -610.1973 0.7167791
1342.03    -507.2123 -610.1942 0.7168292
1342.04    -507.1068 -610.191 0.7168792
1342.05    -507.0017 -610.1878 0.716929
1342.06    -506.8969 -610.1846 0.7169783
1342.07    -506.7924 -610.1815 0.7170274
1342.08    -506.6882 -610.1783 0.7170764
1342.09    -506.5844 -610.1751 0.717125
1342.1    -506.4809 -610.1719 0.7171735
1342.11    -506.3777 -610.1687 0.7172218
1342.12    -506.2747 -610.1655 0.7172698
1342.13    -506.1721 -610.1624 0.7173178
1342.14    -506.0699 -610.1592 0.7173655
1342.15    -505.968 -610.1561 0.7174131
1342.16    -505.8664 -610.153 0.7174605
1342.17    -505.765 -610.1499 0.7175078
1342.18    -505.6641 -610.1468 0.717555
1342.19    -505.5634 -610.1437 0.717602
1342.2    -505.4631 -610.1406 0.7176491
1342.21    -505.363 -610.1374 0.7176961
1342.22    -505.2633 -610.1343 0.717743
1342.23    -505.1639 -610.1312 0.7177899
1342.24    -505.0648 -610.1281 0.7178367
1342.25    -504.9661 -610.1251 0.7178835
1342.26    -504.8676 -610.122 0.7179303
1342.27    -504.7695 -610.119 0.7179772
1342.28    -504.6717 -610.1159 0.718024
1342.29    -504.5742 -610.1129 0.7180707
1342.3    -504.4771 -610.1098 0.7181175
1342.31    -504.3803 -610.1068 0.7181643
1342.32    -504.2838 -610.1038 0.718211
1342.33    -504.1875 -610.1008 0.7182578
1342.34    -504.0917 -610.0978 0.7183045
1342.35    -503.9961 -610.0948 0.718351
1342.36    -503.9009 -610.0918 0.7183976
1342.37    -503.8059 -610.0888 0.718444
1342.38    -503.7113 -610.0858 0.7184903
1342.39    -503.6171 -610.0828 0.7185363
1342.4    -503.5232 -610.0799 0.7185819
1342.41    -503.4298 -610.0769 0.7186273
1342.42    -503.3365 -610.074 0.7186723
1342.43    -503.2431 -610.071 0.7187171
1342.44    -503.1498 -610.0681 0.7187608
1342.45    -503.0565 -610.0652 0.7188037
1342.46    -502.9633 -610.0623 0.7188457
1342.47    -502.87 -610.0593 0.7188869
1342.48    -502.7767 -610.0564 0.7189271
1342.49    -502.6835 -610.0535 0.7189654
1342.5    -502.5903 -610.0505 0.7190015
1342.51    -502.4971 -610.0476 0.7190358
1342.52    -502.4039 -610.0447 0.7190682
1342.53    -502.3107 -610.0417 0.7190988
1342.54    -502.2175 -610.0388 0.7191255
1342.55    -502.1243 -610.0359 0.7191485
1342.56    -502.0312 -610.033 0.719168
1342.57    -501.938 -610.03 0.7191842
1342.58    -501.8449 -610.0271 0.7191972
1342.59    -501.7518 -610.0242 0.7192048
1342.6    -501.6587 -610.0212 0.7192072
1342.61    -501.5656 -610.0183 0.7192046
1342.62    -501.4725 -610.0154 0.7191974
1342.63    -501.3795 -610.0125 0.7191858
1342.64    -501.2864 -610.0095 0.7191699
1342.65    -501.1934 -610.0065 0.7191479
1342.66    -501.1003 -610.0035 0.7191198
1342.67    -501.0073 -610.0005 0.7190862
1342.68    -500.9143 -609.9975 0.7190471
1342.69    -500.8213 -609.9945 0.7190031
1342.7    -500.7283 -609.9915 0.718953
1342.71    -500.6354 -609.9885 0.718897
1342.72    -500.5424 -609.9855 0.7188355
1342.73    -500.4494 -609.9825 0.7187687
1342.74    -500.3564 -609.9796 0.718697
1342.75    -500.2635 -609.9766 0.7186201
1342.76    -500.1705 -609.9736 0.7185382
1342.77    -500.0775 -609.9706 0.7184517
1342.78    -499.9846 -609.9676 0.7183607
1342.79    -499.8916 -609.9646 0.7182654
1342.8    -499.7987 -609.9616 0.7181662
1342.81    -499.7058 -609.9586 0.7180629
1342.82    -499.6129 -609.9556 0.7179562
1342.83    -499.5199 -609.9526 0.7178459
1342.84    -499.427 -609.9496 0.7177325
1342.85    -499.3341 -609.9467 0.7176164
1342.86    -499.2412 -609.9437 0.7174975
1342.87    -499.1483 -609.9407 0.717376
1342.88    -499.0553 -609.9377 0.717252
1342.89    -498.9624 -609.9347 0.7171261
1342.9    -498.8694 -609.9317 0.7169982
1342.91    -498.7764 -609.9287 0.7168685
1342.92    -498.6834 -609.9257 0.716737
1342.93    -498.5904 -609.9227 0.7166039
1342.94    -498.4973 -609.9197 0.7164696
1342.95    -498.4043 -609.9167 0.7163341
1342.96    -498.3112 -609.9138 0.7161976
1342.97    -498.2181 -609.9108 0.7160599
1342.98    -498.125 -609.9078 0.7159212
1342.99    -498.0318 -609.9048 0.7157821
1343    -497.9387 -609.9018 0.7156427
1343.01    -497.8455 -609.8988 0.7155028
1343.02    -497.7522 -609.8958 0.7153627
1343.03    -497.659 -609.8928 0.7152221
1343.04    -497.5657 -609.8898 0.715082
1343.05    -497.4724 -609.8868 0.7149426
1343.06    -497.379 -609.8839 0.7148035
1343.07    -497.2856 -609.8809 0.7146648
1343.08    -497.1922 -609.8779 0.7145265
1343.09    -497.0988 -609.8749 0.7143885
1343.1    -497.0053 -609.8719 0.7142519
1343.11    -496.9118 -609.8689 0.7141165
1343.12    -496.8183 -609.8659 0.7139822
1343.13    -496.7247 -609.8629 0.713849
1343.14    -496.6311 -609.8599 0.7137168
1343.15    -496.5375 -609.8569 0.713586
1343.16    -496.4438 -609.8539 0.7134566
1343.17    -496.3502 -609.851 0.7133282
1343.18    -496.2564 -609.848 0.713201
1343.19    -496.1627 -609.845 0.713075
1343.2    -496.0689 -609.842 0.71295
1343.21    -495.9751 -609.839 0.712826
1343.22    -495.8812 -609.836 0.7127029
1343.23    -495.7873 -609.833 0.7125807
1343.24    -495.6934 -609.83 0.7124594
1343.25    -495.5995 -609.827 0.7123389
1343.26    -495.5055 -609.824 0.7122191
1343.27    -495.4114 -609.821 0.7121
1343.28    -495.3174 -609.818 0.7119817
1343.29    -495.2232 -609.8149 0.7118639
1343.3    -495.1291 -609.8119 0.7117468
1343.31    -495.0349 -609.8088 0.7116302
1343.32    -494.9407 -609.8058 0.7115142
1343.33    -494.8464 -609.8027 0.7113987
1343.34    -494.7521 -609.7997 0.7112837
1343.35    -494.6578 -609.7966 0.7111694
1343.36    -494.5634 -609.7936 0.7110557
1343.37    -494.469 -609.7905 0.7109427
1343.38    -494.3746 -609.7875 0.7108302
1343.39    -494.2801 -609.7844 0.7107189
1343.4    -494.1856 -609.7814 0.710609
1343.41    -494.091 -609.7783 0.7105003
1343.42    -493.9964 -609.7753 0.7103928
1343.43    -493.9018 -609.7722 0.7102862
1343.44    -493.8071 -609.7692 0.7101824
1343.45    -493.7124 -609.7661 0.7100812
1343.46    -493.6176 -609.7631 0.7099823
1343.47    -493.5228 -609.7599 0.7098857
1343.48    -493.4279 -609.7569 0.7097913
1343.49    -493.333 -609.7538 0.7097009
1343.5    -493.2381 -609.7508 0.7096145
1343.51    -493.1431 -609.7477 0.7095317
1343.52    -493.0481 -609.7447 0.7094525
1343.53    -492.953 -609.7416 0.7093765
1343.54    -492.8579 -609.7386 0.7093054
1343.55    -492.7628 -609.7355 0.7092388
1343.56    -492.6676 -609.7325 0.7091765
1343.57    -492.5724 -609.7294 0.7091182
1343.58    -492.4771 -609.7264 0.7090639
1343.59    -492.3817 -609.7233 0.709014
1343.6    -492.2864 -609.7203 0.7089683
1343.61    -492.191 -609.7172 0.7089266
1343.62    -492.0955 -609.7142 0.7088888
1343.63    -492 -609.7111 0.7088544
1343.64    -491.9044 -609.708 0.7088236
1343.65    -491.8089 -609.7049 0.708796
1343.66    -491.7133 -609.7018 0.7087715
1343.67    -491.6176 -609.6987 0.7087498
1343.68    -491.5219 -609.6956 0.708731
1343.69    -491.4261 -609.6924 0.7087147
1343.7    -491.3303 -609.6893 0.7087003
1343.71    -491.2345 -609.6862 0.7086877
1343.72    -491.1386 -609.6831 0.7086768
1343.73    -491.0426 -609.68 0.7086675
1343.74    -490.9467 -609.6769 0.7086597
1343.75    -490.8506 -609.6738 0.7086519
1343.76    -490.7546 -609.6707 0.7086441
1343.77    -490.6585 -609.6675 0.7086363
1343.78    -490.5623 -609.6644 0.7086285
1343.79    -490.4662 -609.6613 0.7086189
1343.8    -490.37 -609.6582 0.7086077
1343.81    -490.2737 -609.6551 0.7085949
1343.82    -490.1774 -609.652 0.7085807
1343.83    -490.081 -609.6489 0.7085651
1343.84    -489.9846 -609.6458 0.7085462
1343.85    -489.8882 -609.6426 0.7085242
1343.86    -489.7917 -609.6395 0.7084994
1343.87    -489.6952 -609.6364 0.7084718
1343.88    -489.5986 -609.6333 0.7084417
1343.89    -489.502 -609.6302 0.7084079
1343.9    -489.4054 -609.6271 0.7083709
1343.91    -489.3087 -609.624 0.7083305
1343.92    -489.212 -609.6208 0.7082872
1343.93    -489.1152 -609.6177 0.7082409
1343.94    -489.0184 -609.6146 0.7081922
1343.95    -488.9215 -609.6115 0.708141
1343.96    -488.8246 -609.6084 0.7080876
1343.97    -488.7277 -609.6053 0.7080319
1343.98    -488.6306 -609.6022 0.7079743
1343.99    -488.5336 -609.5991 0.7079157
1344    -488.4366 -609.5959 0.7078563
1344.01    -488.3394 -609.5928 0.7077962
1344.02    -488.2423 -609.5898 0.7077352
1344.03    -488.1451 -609.5867 0.7076737
1344.04    -488.0478 -609.5836 0.7076128
1344.05    -487.9505 -609.5804 0.7075527
1344.06    -487.8532 -609.5773 0.7074933
1344.07    -487.7558 -609.5742 0.7074345
1344.08    -487.6584 -609.5711 0.7073765
1344.09    -487.561 -609.568 0.7073201
1344.1    -487.4635 -609.5649 0.7072654
1344.11    -487.3659 -609.5618 0.7072123
1344.12    -487.2683 -609.5587 0.7071607
1344.13    -487.1707 -609.5556 0.7071106
1344.14    -487.073 -609.5525 0.7070618
1344.15    -486.9753 -609.5494 0.707015
1344.16    -486.8776 -609.5463 0.7069705
1344.17    -486.7798 -609.5432 0.7069277
1344.18    -486.6819 -609.54 0.7068867
1344.19    -486.584 -609.5369 0.7068476
1344.2    -486.4861 -609.5338 0.7068103
1344.21    -486.3882 -609.5307 0.7067748
1344.22    -486.2902 -609.5276 0.7067409
1344.23    -486.1921 -609.5245 0.7067087
1344.24    -486.094 -609.5214 0.706678
1344.25    -485.9959 -609.5183 0.7066487
1344.26    -485.8977 -609.5152 0.7066209
1344.27    -485.7995 -609.5121 0.7065944
1344.28    -485.7013 -609.509 0.7065692
1344.29    -485.603 -609.5059 0.7065451
1344.3    -485.5047 -609.5027 0.706522
1344.31    -485.4063 -609.4996 0.7065
1344.32    -485.3079 -609.4965 0.706479
1344.33    -485.2094 -609.4934 0.7064587
1344.34    -485.111 -609.4902 0.7064388
1344.35    -485.0124 -609.4871 0.7064193
1344.36    -484.9138 -609.4839 0.7064
1344.37    -484.8152 -609.4808 0.706381
1344.38    -484.7166 -609.4776 0.7063624
1344.39    -484.6178 -609.4744 0.7063439
1344.4    -484.5191 -609.4713 0.7063248
1344.41    -484.4203 -609.4681 0.7063049
1344.42    -484.3215 -609.4649 0.7062843
1344.43    -484.2226 -609.4617 0.7062632
1344.44    -484.1237 -609.4585 0.7062408
1344.45    -484.0248 -609.4553 0.7062171
1344.46    -483.9258 -609.4521 0.7061921
1344.47    -483.8268 -609.449 0.706166
1344.48    -483.7277 -609.4457 0.7061388
1344.49    -483.6286 -609.4425 0.7061101
1344.5    -483.5295 -609.4392 0.7060799
1344.51    -483.4303 -609.436 0.7060483
1344.52    -483.3311 -609.4327 0.7060154
1344.53    -483.2318 -609.4295 0.7059813
1344.54    -483.1325 -609.4263 0.7059459
1344.55    -483.0331 -609.423 0.7059094
1344.56    -482.9337 -609.4197 0.7058718
1344.57    -482.8343 -609.4165 0.7058331
1344.58    -482.7348 -609.4132 0.7057935
1344.59    -482.6353 -609.4099 0.7057528
1344.6    -482.5357 -609.4066 0.705712
1344.61    -482.4361 -609.4033 0.7056707
1344.62    -482.3365 -609.4 0.705629
1344.63    -482.2368 -609.3967 0.7055871
1344.64    -482.1371 -609.3934 0.7055449
1344.65    -482.0373 -609.3901 0.7055035
1344.66    -481.9375 -609.3868 0.7054628
1344.67    -481.8376 -609.3834 0.7054229
1344.68    -481.7378 -609.38 0.7053837
1344.69    -481.6378 -609.3766 0.7053452
1344.7    -481.5379 -609.3733 0.7053082
1344.71    -481.4379 -609.3699 0.7052727
1344.72    -481.3378 -609.3666 0.7052386
1344.73    -481.2377 -609.3632 0.705206
1344.74    -481.1376 -609.3598 0.7051746
1344.75    -481.0374 -609.3564 0.7051448
1344.76    -480.9373 -609.353 0.7051164
1344.77    -480.837 -609.3495 0.7050894
1344.78    -480.7367 -609.3461 0.7050638
1344.79    -480.6364 -609.3427 0.7050394
1344.8    -480.5361 -609.3392 0.7050163
1344.81    -480.4357 -609.3358 0.7049943
1344.82    -480.3352 -609.3324 0.7049733
1344.83    -480.2347 -609.3289 0.7049534
1344.84    -480.1342 -609.3254 0.7049335
1344.85    -480.0337 -609.3219 0.7049139
1344.86    -479.9331 -609.3184 0.7048944
1344.87    -479.8325 -609.3149 0.7048751
1344.88    -479.7318 -609.3115 0.704856
1344.89    -479.631 -609.308 0.7048356
1344.9    -479.5303 -609.3044 0.7048139
1344.91    -479.4295 -609.3009 0.7047911
1344.92    -479.3286 -609.2974 0.7047672
1344.93    -479.2277 -609.2938 0.7047423
1344.94    -479.1268 -609.2903 0.7047148
1344.95    -479.0259 -609.2867 0.7046849
1344.96    -478.9249 -609.2832 0.7046525
1344.97    -478.8238 -609.2796 0.7046182
1344.98    -478.7227 -609.2761 0.7045816
1344.99    -478.6216 -609.2725 0.7045419
1345    -478.5204 -609.2689 0.7044991
1345.01    -478.4193 -609.2653 0.7044535
1345.02    -478.318 -609.2617 0.7044053
1345.03    -478.2167 -609.2581 0.7043545
1345.04    -478.1154 -609.2545 0.7043008
1345.05    -478.0141 -609.2509 0.7042447
1345.06    -477.9127 -609.2473 0.704186
1345.07    -477.8112 -609.2437 0.704125
1345.08    -477.7097 -609.2401 0.7040619
1345.09    -477.6082 -609.2364 0.7039967
1345.1    -477.5067 -609.2327 0.7039297
1345.11    -477.4051 -609.2291 0.7038609
1345.12    -477.3035 -609.2254 0.7037903
1345.13    -477.2018 -609.2217 0.7037182
1345.14    -477.1001 -609.218 0.7036449
1345.15    -476.9984 -609.2144 0.7035705
1345.16    -476.8966 -609.2107 0.703495
1345.17    -476.7948 -609.207 0.7034184
1345.18    -476.6929 -609.2033 0.7033409
1345.19    -476.591 -609.1996 0.7032624
1345.2    -476.489 -609.1959 0.7031835
1345.21    -476.3871 -609.1921 0.7031043
1345.22    -476.285 -609.1884 0.7030248
1345.23    -476.183 -609.1846 0.7029449
1345.24    -476.0809 -609.1809 0.702865
1345.25    -475.9787 -609.1772 0.7027851
1345.26    -475.8766 -609.1735 0.7027052
1345.27    -475.7743 -609.1697 0.7026252
1345.28    -475.6721 -609.166 0.7025453
1345.29    -475.5697 -609.1623 0.7024653
1345.3    -475.4674 -609.1586 0.7023857
1345.31    -475.365 -609.1548 0.7023064
1345.32    -475.2626 -609.1511 0.7022274
1345.33    -475.1601 -609.1474 0.7021487
1345.34    -475.0576 -609.1437 0.7020702
1345.35    -474.9551 -609.14 0.7019924
1345.36    -474.8525 -609.1362 0.7019151
1345.37    -474.7499 -609.1325 0.7018384
1345.38    -474.6472 -609.1288 0.7017623
1345.39    -474.5446 -609.1251 0.7016868
1345.4    -474.4418 -609.1213 0.7016121
1345.41    -474.3391 -609.1176 0.7015381
1345.42    -474.2363 -609.1139 0.7014647
1345.43    -474.1334 -609.1102 0.7013919
1345.44    -474.0305 -609.1065 0.7013199
1345.45    -473.9276 -609.1028 0.7012485
1345.46    -473.8247 -609.0991 0.7011778
1345.47    -473.7217 -609.0953 0.7011077
1345.48    -473.6186 -609.0916 0.7010382
1345.49    -473.5156 -609.0879 0.7009693
1345.5    -473.4124 -609.0842 0.7009009
1345.51    -473.3093 -609.0805 0.700833
1345.52    -473.2061 -609.0768 0.7007657
1345.53    -473.1028 -609.0731 0.7006987
1345.54    -472.9996 -609.0693 0.7006323
1345.55    -472.8963 -609.0656 0.7005662
1345.56    -472.7929 -609.0619 0.7005005
1345.57    -472.6895 -609.0582 0.7004353
1345.58    -472.5861 -609.0545 0.7003704
1345.59    -472.4826 -609.0508 0.7003058
1345.6    -472.3792 -609.0471 0.7002416
1345.61    -472.2756 -609.0433 0.7001776
1345.62    -472.172 -609.0397 0.7001139
1345.63    -472.0684 -609.036 0.7000505
1345.64    -471.9647 -609.0324 0.6999874
1345.65    -471.861 -609.0287 0.6999245
1345.66    -471.7573 -609.0251 0.699862
1345.67    -471.6535 -609.0214 0.6997997
1345.68    -471.5497 -609.0178 0.6997378
1345.69    -471.4458 -609.0142 0.699676
1345.7    -471.3419 -609.0105 0.6996148
1345.71    -471.238 -609.0068 0.699554
1345.72    -471.134 -609.0032 0.6994937
1345.73    -471.03 -608.9995 0.6994337
1345.74    -470.926 -608.9959 0.6993746
1345.75    -470.8219 -608.9922 0.6993161
1345.76    -470.7178 -608.9886 0.6992583
1345.77    -470.6136 -608.9849 0.6992012
1345.78    -470.5094 -608.9813 0.6991447
1345.79    -470.4052 -608.9777 0.6990888
1345.8    -470.3009 -608.974 0.699034
1345.81    -470.1966 -608.9704 0.6989802
1345.82    -470.0923 -608.9668 0.6989273
1345.83    -469.9879 -608.9632 0.6988753
1345.84    -469.8835 -608.9597 0.6988246
1345.85    -469.779 -608.9561 0.6987751
1345.86    -469.6745 -608.9525 0.6987267
1345.87    -469.57 -608.9489 0.6986794
1345.88    -469.4654 -608.9453 0.6986332
1345.89    -469.3608 -608.9418 0.6985882
1345.9    -469.2561 -608.9382 0.6985445
1345.91    -469.1515 -608.9347 0.6985019
1345.92    -469.0467 -608.9312 0.6984606
1345.93    -468.942 -608.9276 0.6984202
1345.94    -468.8372 -608.9241 0.698381
1345.95    -468.7323 -608.9206 0.698343
1345.96    -468.6274 -608.9171 0.698306
1345.97    -468.5225 -608.9136 0.6982701
1345.98    -468.4175 -608.91 0.6982352
1345.99    -468.3126 -608.9066 0.6982012
1346    -468.2076 -608.903 0.6981682
1346.01    -468.1025 -608.8995 0.6981362
1346.02    -467.9974 -608.8959 0.6981049
1346.03    -467.8922 -608.8925 0.6980745
1346.04    -467.787 -608.889 0.6980449
1346.05    -467.6818 -608.8856 0.698016
1346.06    -467.5765 -608.8821 0.6979879
1346.07    -467.4712 -608.8786 0.6979605
1346.08    -467.3659 -608.8751 0.6979337
1346.09    -467.2605 -608.8716 0.6979076
1346.1    -467.1551 -608.8682 0.697882
1346.11    -467.0497 -608.8648 0.697857
1346.12    -466.9442 -608.8614 0.6978325
1346.13    -466.8387 -608.858 0.6978085
1346.14    -466.7331 -608.8546 0.697785
1346.15    -466.6275 -608.8511 0.697762
1346.16    -466.5219 -608.8477 0.6977394
1346.17    -466.4162 -608.8444 0.6977172
1346.18    -466.3105 -608.8409 0.6976953
1346.19    -466.2047 -608.8375 0.6976739
1346.2    -466.0989 -608.8341 0.6976528
1346.21    -465.9931 -608.8307 0.6976321
1346.22    -465.8872 -608.8273 0.6976116
1346.23    -465.7813 -608.8239 0.6975914
1346.24    -465.6754 -608.8204 0.6975715
1346.25    -465.5694 -608.817 0.6975519
1346.26    -465.4634 -608.8137 0.6975326
1346.27    -465.3573 -608.8103 0.6975135
1346.28    -465.2513 -608.8069 0.6974946
1346.29    -465.1451 -608.8036 0.6974759
1346.3    -465.039 -608.8002 0.6974574
1346.31    -464.9328 -608.7969 0.6974391
1346.32    -464.8266 -608.7935 0.6974208
1346.33    -464.7203 -608.7902 0.6974027
1346.34    -464.614 -608.7868 0.6973847
1346.35    -464.5078 -608.7834 0.6973667
1346.36    -464.4014 -608.7801 0.6973487
1346.37    -464.295 -608.7767 0.6973306
1346.38    -464.1886 -608.7734 0.6973125
1346.39    -464.0822 -608.77 0.6972943
1346.4    -463.9757 -608.7667 0.6972759
1346.41    -463.8692 -608.7633 0.6972575
1346.42    -463.7627 -608.7599 0.6972389
1346.43    -463.6561 -608.7566 0.6972201
1346.44    -463.5495 -608.7532 0.6972013
1346.45    -463.4429 -608.7499 0.6971822
1346.46    -463.3363 -608.7465 0.6971631
1346.47    -463.2296 -608.7432 0.6971439
1346.48    -463.1229 -608.7398 0.6971244
1346.49    -463.0161 -608.7365 0.697105
1346.5    -462.9094 -608.7331 0.6970854
1346.51    -462.8026 -608.7297 0.6970658
1346.52    -462.6958 -608.7264 0.697046
1346.53    -462.5889 -608.723 0.6970263
1346.54    -462.482 -608.7197 0.6970063
1346.55    -462.3751 -608.7163 0.6969863
1346.56    -462.2682 -608.713 0.6969662
1346.57    -462.1612 -608.7096 0.6969461
1346.58    -462.0542 -608.7062 0.6969258
1346.59    -461.9472 -608.7029 0.6969056
1346.6    -461.8402 -608.6995 0.6968852
1346.61    -461.7332 -608.6962 0.6968648
1346.62    -461.6261 -608.6928 0.6968443
1346.63    -461.519 -608.6894 0.6968238
1346.64    -461.4118 -608.686 0.6968033
1346.65    -461.3047 -608.6827 0.6967827
1346.66    -461.1975 -608.6793 0.696762
1346.67    -461.0903 -608.676 0.6967413
1346.68    -460.9831 -608.6726 0.6967206
1346.69    -460.8758 -608.6693 0.6966998
1346.7    -460.7686 -608.6659 0.696679
1346.71    -460.6613 -608.6625 0.6966581
1346.72    -460.554 -608.6592 0.6966373
1346.73    -460.4467 -608.6558 0.6966163
1346.74    -460.3393 -608.6524 0.6965954
1346.75    -460.2319 -608.649 0.6965744
1346.76    -460.1245 -608.6456 0.6965534
1346.77    -460.0172 -608.6422 0.6965323
1346.78    -459.9097 -608.6387 0.6965113
