814.53    -644.222 -614.4933 0.7098402
814.54    -644.0828 -614.4859 0.7097623
814.55    -643.9437 -614.4785 0.7096877
814.56    -643.8045 -614.471 0.7096161
814.57    -643.6654 -614.4636 0.7095487
814.58    -643.5263 -614.4561 0.7094849
814.59    -643.3872 -614.4487 0.7094248
814.6    -643.2481 -614.4412 0.7093681
814.61    -643.109 -614.4338 0.7093148
814.62    -642.9699 -614.4263 0.7092643
814.63    -642.8309 -614.4189 0.7092173
814.64    -642.6918 -614.4114 0.7091734
814.65    -642.5528 -614.404 0.7091324
814.66    -642.4138 -614.3966 0.7090943
814.67    -642.2748 -614.3892 0.7090588
814.68    -642.1358 -614.3817 0.7090259
814.69    -641.9968 -614.3743 0.7089953
814.7    -641.8579 -614.3668 0.708967
814.71    -641.719 -614.3594 0.7089408
814.72    -641.5801 -614.3519 0.7089167
814.73    -641.4412 -614.3445 0.7088945
814.74    -641.3024 -614.337 0.7088742
814.75    -641.1635 -614.3296 0.7088556
814.76    -641.0247 -614.3221 0.7088386
814.77    -640.8859 -614.3148 0.7088232
814.78    -640.7471 -614.3073 0.7088093
814.79    -640.6083 -614.2999 0.7087967
814.8    -640.4695 -614.2924 0.7087855
814.81    -640.3307 -614.285 0.7087755
814.82    -640.192 -614.2776 0.7087659
814.83    -640.0532 -614.2702 0.7087567
814.84    -639.9145 -614.2629 0.7087478
814.85    -639.7758 -614.2555 0.7087393
814.86    -639.6371 -614.2481 0.708731
814.87    -639.4984 -614.2407 0.7087209
814.88    -639.3597 -614.2333 0.7087091
814.89    -639.2211 -614.226 0.7086957
814.9    -639.0825 -614.2187 0.7086807
814.91    -638.9439 -614.2114 0.7086643
814.92    -638.8053 -614.204 0.7086443
814.93    -638.6667 -614.1968 0.7086208
814.94    -638.5282 -614.1895 0.7085943
814.95    -638.3896 -614.1821 0.7085646
814.96    -638.2511 -614.1749 0.708532
814.97    -638.1126 -614.1677 0.7084942
814.98    -637.9741 -614.1604 0.7084516
814.99    -637.8356 -614.1531 0.7084044
815    -637.6971 -614.1459 0.7083529
815.01    -637.5587 -614.1387 0.7082972
815.02    -637.4202 -614.1315 0.7082376
815.03    -637.2817 -614.1244 0.7081722
815.04    -637.1433 -614.1172 0.7081012
815.05    -637.0049 -614.11 0.7080249
815.06    -636.8665 -614.103 0.7079436
815.07    -636.7281 -614.0958 0.7078577
815.08    -636.5897 -614.0887 0.7077657
815.09    -636.4514 -614.0817 0.7076681
815.1    -636.313 -614.0746 0.7075651
815.11    -636.1747 -614.0676 0.7074571
815.12    -636.0364 -614.0605 0.7073437
815.13    -635.8981 -614.0535 0.7072251
815.14    -635.7598 -614.0465 0.7071016
815.15    -635.6216 -614.0395 0.7069735
815.16    -635.4833 -614.0325 0.706841
815.17    -635.3451 -614.0256 0.7067044
815.18    -635.2069 -614.0186 0.7065637
815.19    -635.0687 -614.0117 0.7064193
815.2    -634.9305 -614.0048 0.7062713
815.21    -634.7924 -613.9979 0.7061198
815.22    -634.6542 -613.9911 0.7059652
815.23    -634.5161 -613.9843 0.7058076
815.24    -634.378 -613.9775 0.7056471
815.25    -634.2399 -613.9706 0.7054838
815.26    -634.1017 -613.9639 0.705318
815.27    -633.9636 -613.9571 0.7051497
815.28    -633.8256 -613.9503 0.7049791
815.29    -633.6875 -613.9436 0.7048063
815.3    -633.5494 -613.9369 0.7046315
815.31    -633.4114 -613.9302 0.7044548
815.32    -633.2734 -613.9236 0.7042763
815.33    -633.1354 -613.917 0.7040961
815.34    -632.9974 -613.9103 0.7039145
815.35    -632.8594 -613.9037 0.7037313
815.36    -632.7215 -613.8972 0.7035466
815.37    -632.5836 -613.8906 0.7033616
815.38    -632.4456 -613.8842 0.7031761
815.39    -632.3077 -613.8776 0.7029904
815.4    -632.1699 -613.8712 0.7028041
815.41    -632.032 -613.8647 0.7026176
815.42    -631.8941 -613.8583 0.7024308
815.43    -631.7563 -613.8519 0.7022455
815.44    -631.6185 -613.8455 0.7020617
815.45    -631.4807 -613.8391 0.7018794
815.46    -631.3428 -613.8328 0.7016985
815.47    -631.205 -613.8265 0.7015188
815.48    -631.0673 -613.8202 0.7013424
815.49    -630.9295 -613.814 0.7011693
815.5    -630.7917 -613.8077 0.7009992
815.51    -630.654 -613.8015 0.7008319
815.52    -630.5162 -613.7953 0.7006674
815.53    -630.3785 -613.7891 0.7005073
815.54    -630.2408 -613.783 0.7003514
815.55    -630.1031 -613.7769 0.7001994
815.56    -629.9655 -613.7708 0.7000512
815.57    -629.8278 -613.7647 0.6999077
815.58    -629.6902 -613.7587 0.6997685
815.59    -629.5526 -613.7527 0.6996337
815.6    -629.415 -613.7467 0.6995027
815.61    -629.2773 -613.7407 0.6993755
815.62    -629.1398 -613.7348 0.6992518
815.63    -629.0022 -613.7289 0.6991328
815.64    -628.8647 -613.723 0.6990181
815.65    -628.7272 -613.7172 0.6989076
815.66    -628.5897 -613.7113 0.698801
815.67    -628.4522 -613.7055 0.6986988
815.68    -628.3148 -613.6997 0.6986005
815.69    -628.1773 -613.694 0.6985062
815.7    -628.0399 -613.6882 0.6984155
815.71    -627.9024 -613.6826 0.6983284
815.72    -627.765 -613.6769 0.6982449
815.73    -627.6276 -613.6713 0.6981648
815.74    -627.4902 -613.6656 0.698088
815.75    -627.3528 -613.66 0.6980143
815.76    -627.2155 -613.6544 0.6979436
815.77    -627.0781 -613.6489 0.697876
815.78    -626.9408 -613.6434 0.6978116
815.79    -626.8035 -613.6379 0.6977498
815.8    -626.6661 -613.6324 0.6976908
815.81    -626.5288 -613.627 0.6976343
815.82    -626.3915 -613.6216 0.697581
815.83    -626.2543 -613.6161 0.6975306
815.84    -626.117 -613.6108 0.6974829
815.85    -625.9797 -613.6055 0.6974379
815.86    -625.8425 -613.6002 0.6973954
815.87    -625.7053 -613.5949 0.6973562
815.88    -625.5681 -613.5897 0.6973199
815.89    -625.431 -613.5844 0.6972867
815.9    -625.2938 -613.5792 0.6972561
815.91    -625.1567 -613.574 0.6972283
815.92    -625.0195 -613.5688 0.6972036
815.93    -624.8824 -613.5638 0.6971822
815.94    -624.7454 -613.5587 0.6971638
815.95    -624.6083 -613.5536 0.697148
815.96    -624.4712 -613.5485 0.6971351
815.97    -624.3342 -613.5435 0.6971254
815.98    -624.1971 -613.5385 0.6971186
815.99    -624.0601 -613.5335 0.6971149
816    -623.9231 -613.5286 0.6971138
816.01    -623.7861 -613.5236 0.6971154
816.02    -623.649 -613.5187 0.6971194
816.03    -623.5121 -613.5139 0.6971263
816.04    -623.3751 -613.509 0.6971356
816.05    -623.2382 -613.5042 0.6971476
816.06    -623.1012 -613.4993 0.6971619
816.07    -622.9643 -613.4945 0.6971784
816.08    -622.8274 -613.4897 0.697197
816.09    -622.6905 -613.485 0.6972175
816.1    -622.5536 -613.4803 0.69724
816.11    -622.4167 -613.4756 0.6972643
816.12    -622.2799 -613.4709 0.6972904
816.13    -622.1431 -613.4662 0.6973179
816.14    -622.0063 -613.4616 0.697347
816.15    -621.8695 -613.457 0.6973776
816.16    -621.7327 -613.4525 0.6974096
816.17    -621.5959 -613.4479 0.6974428
816.18    -621.4592 -613.4433 0.6974774
816.19    -621.3225 -613.4388 0.697513
816.2    -621.1858 -613.4343 0.6975498
816.21    -621.0491 -613.4298 0.6975877
816.22    -620.9124 -613.4254 0.6976265
816.23    -620.7757 -613.421 0.6976663
816.24    -620.639 -613.4166 0.6977071
816.25    -620.5024 -613.4122 0.6977487
816.26    -620.3657 -613.4078 0.6977911
816.27    -620.2291 -613.4035 0.6978343
816.28    -620.0925 -613.3992 0.6978782
816.29    -619.9559 -613.3949 0.6979229
816.3    -619.8193 -613.3906 0.6979682
816.31    -619.6826 -613.3864 0.6980142
816.32    -619.5461 -613.3821 0.6980608
816.33    -619.4095 -613.3779 0.6981078
816.34    -619.273 -613.3737 0.6981556
816.35    -619.1365 -613.3696 0.6982038
816.36    -619.0001 -613.3654 0.6982525
816.37    -618.8636 -613.3612 0.6983017
816.38    -618.7271 -613.3571 0.6983514
816.39    -618.5907 -613.353 0.6984016
816.4    -618.4543 -613.3488 0.6984522
816.41    -618.3179 -613.3447 0.6985033
816.42    -618.1815 -613.3406 0.6985551
816.43    -618.0452 -613.3366 0.6986075
816.44    -617.9088 -613.3325 0.6986606
816.45    -617.7725 -613.3285 0.6987141
816.46    -617.6361 -613.3245 0.6987683
816.47    -617.4998 -613.3204 0.6988239
816.48    -617.3635 -613.3165 0.6988806
816.49    -617.2272 -613.3125 0.6989385
816.5    -617.0909 -613.3085 0.6989976
816.51    -616.9547 -613.3046 0.6990576
816.52    -616.8184 -613.3006 0.6991187
816.53    -616.6821 -613.2966 0.699182
816.54    -616.5459 -613.2927 0.6992474
816.55    -616.4097 -613.2888 0.6993148
816.56    -616.2735 -613.285 0.699384
816.57    -616.1373 -613.2811 0.699456
816.58    -616.0012 -613.2772 0.6995304
816.59    -615.8651 -613.2733 0.6996074
816.6    -615.7289 -613.2695 0.6996865
816.61    -615.5928 -613.2656 0.6997678
816.62    -615.4568 -613.2618 0.6998525
816.63    -615.3207 -613.2579 0.6999402
816.64    -615.1847 -613.2541 0.7000309
816.65    -615.0486 -613.2503 0.7001244
816.66    -614.9126 -613.2465 0.7002206
816.67    -614.7766 -613.2427 0.7003193
816.68    -614.6406 -613.239 0.7004207
816.69    -614.5046 -613.2352 0.7005247
816.7    -614.3686 -613.2314 0.7006311
816.71    -614.2326 -613.2276 0.70074
816.72    -614.0967 -613.2238 0.700851
816.73    -613.9608 -613.2201 0.7009641
816.74    -613.8248 -613.2164 0.7010792
816.75    -613.6889 -613.2126 0.7011961
816.76    -613.553 -613.2089 0.7013148
816.77    -613.4172 -613.2052 0.7014351
816.78    -613.2813 -613.2015 0.701557
816.79    -613.1455 -613.1978 0.7016804
816.8    -613.0097 -613.194 0.701805
816.81    -612.8739 -613.1903 0.701931
816.82    -612.7381 -613.1866 0.702058
816.83    -612.6024 -613.1829 0.702186
816.84    -612.4666 -613.1791 0.702315
816.85    -612.3309 -613.1755 0.7024449
816.86    -612.1951 -613.1718 0.7025757
816.87    -612.0594 -613.1682 0.7027067
816.88    -611.9238 -613.1645 0.7028379
816.89    -611.7881 -613.1608 0.7029695
816.9    -611.6524 -613.1572 0.7031012
816.91    -611.5167 -613.1535 0.7032332
816.92    -611.3811 -613.1498 0.7033644
816.93    -611.2455 -613.1462 0.7034949
816.94    -611.1099 -613.1425 0.7036248
816.95    -610.9742 -613.1389 0.7037541
816.96    -610.8387 -613.1352 0.7038827
816.97    -610.7031 -613.1315 0.7040092
816.98    -610.5676 -613.1279 0.7041336
816.99    -610.4321 -613.1242 0.7042562
817    -610.2966 -613.1205 0.7043771
817.01    -610.1611 -613.1168 0.7044963
817.02    -610.0256 -613.1132 0.7046138
817.03    -609.8901 -613.1095 0.7047279
817.04    -609.7547 -613.1058 0.7048391
817.05    -609.6193 -613.1022 0.7049472
817.06    -609.4838 -613.0985 0.7050524
817.07    -609.3484 -613.0948 0.7051542
817.08    -609.2131 -613.0912 0.7052525
817.09    -609.0777 -613.0875 0.7053477
817.1    -608.9423 -613.0839 0.7054399
817.11    -608.8069 -613.0802 0.7055292
817.12    -608.6716 -613.0765 0.7056155
817.13    -608.5363 -613.0728 0.7056991
817.14    -608.401 -613.0692 0.70578
817.15    -608.2657 -613.0655 0.7058585
817.16    -608.1304 -613.0618 0.7059345
817.17    -607.9952 -613.0582 0.7060083
817.18    -607.8599 -613.0545 0.7060801
817.19    -607.7247 -613.0508 0.7061498
817.2    -607.5895 -613.0472 0.7062176
817.21    -607.4543 -613.0435 0.7062836
817.22    -607.3192 -613.0399 0.7063481
817.23    -607.1841 -613.0362 0.7064108
817.24    -607.049 -613.0324 0.706472
817.25    -606.9138 -613.0287 0.7065317
817.26    -606.7787 -613.025 0.7065902
817.27    -606.6436 -613.0212 0.7066473
817.28    -606.5085 -613.0175 0.7067032
817.29    -606.3735 -613.0138 0.706758
817.3    -606.2384 -613.0101 0.7068117
817.31    -606.1033 -613.0063 0.7068643
817.32    -605.9683 -613.0026 0.7069159
817.33    -605.8333 -612.9989 0.7069663
817.34    -605.6983 -612.9952 0.7070158
817.35    -605.5634 -612.9914 0.7070643
817.36    -605.4284 -612.9877 0.707112
817.37    -605.2935 -612.9839 0.7071578
817.38    -605.1585 -612.9802 0.707202
817.39    -605.0236 -612.9765 0.7072445
817.4    -604.8887 -612.9728 0.7072855
817.41    -604.7538 -612.9691 0.707325
817.42    -604.619 -612.9653 0.7073615
817.43    -604.4842 -612.9615 0.7073949
817.44    -604.3494 -612.9577 0.7074255
817.45    -604.2145 -612.9539 0.7074535
817.46    -604.0797 -612.9501 0.7074791
817.47    -603.9449 -612.9463 0.7075003
817.48    -603.8102 -612.9425 0.7075175
817.49    -603.6754 -612.9387 0.7075309
817.5    -603.5406 -612.9349 0.7075405
817.51    -603.4059 -612.9312 0.7075469
817.52    -603.2712 -612.9274 0.7075487
817.53    -603.1365 -612.9236 0.7075464
817.54    -603.0018 -612.9198 0.70754
817.55    -602.8671 -612.916 0.7075301
817.56    -602.7325 -612.9122 0.7075164
817.57    -602.5978 -612.9084 0.7074988
817.58    -602.4633 -612.9046 0.7074772
817.59    -602.3287 -612.9008 0.7074519
817.6    -602.1942 -612.897 0.7074232
817.61    -602.0596 -612.8932 0.7073913
817.62    -601.925 -612.8895 0.707356
817.63    -601.7905 -612.8856 0.7073177
817.64    -601.656 -612.8818 0.7072763
817.65    -601.5215 -612.8779 0.7072322
817.66    -601.387 -612.8741 0.7071854
817.67    -601.2525 -612.8702 0.7071362
817.68    -601.118 -612.8664 0.7070845
817.69    -600.9836 -612.8625 0.7070305
817.7    -600.8491 -612.8587 0.7069744
817.71    -600.7147 -612.8549 0.7069162
817.72    -600.5803 -612.851 0.7068561
817.73    -600.4459 -612.8472 0.706794
817.74    -600.3115 -612.8433 0.7067304
817.75    -600.1771 -612.8395 0.7066649
817.76    -600.0428 -612.8356 0.7065979
817.77    -599.9084 -612.8318 0.7065294
817.78    -599.7742 -612.8279 0.7064595
817.79    -599.6399 -612.8241 0.7063882
817.8    -599.5056 -612.8203 0.7063156
817.81    -599.3713 -612.8164 0.7062417
817.82    -599.2371 -612.8126 0.7061667
817.83    -599.1029 -612.8087 0.7060906
817.84    -598.9687 -612.8049 0.7060134
817.85    -598.8345 -612.801 0.7059352
817.86    -598.7003 -612.7971 0.7058561
817.87    -598.5661 -612.7933 0.7057763
817.88    -598.4319 -612.7894 0.7056959
817.89    -598.2978 -612.7855 0.7056147
817.9    -598.1636 -612.7816 0.705533
817.91    -598.0295 -612.7776 0.7054508
817.92    -597.8954 -612.7737 0.7053689
817.93    -597.7614 -612.7698 0.7052873
817.94    -597.6273 -612.7659 0.705206
817.95    -597.4932 -612.762 0.705125
817.96    -597.3592 -612.7581 0.7050442
817.97    -597.2252 -612.7542 0.7049648
817.98    -597.0912 -612.7503 0.7048866
817.99    -596.9572 -612.7464 0.7048097
818    -596.8232 -612.7425 0.704734
818.01    -596.6893 -612.7386 0.7046593
818.02    -596.5554 -612.7347 0.7045866
818.03    -596.4214 -612.7308 0.7045158
818.04    -596.2875 -612.7269 0.7044466
818.05    -596.1536 -612.723 0.7043792
818.06    -596.0197 -612.7191 0.7043133
818.07    -595.8859 -612.7151 0.7042497
818.08    -595.752 -612.7112 0.7041882
818.09    -595.6182 -612.7073 0.7041286
818.1    -595.4843 -612.7034 0.7040711
818.11    -595.3505 -612.6995 0.7040154
818.12    -595.2167 -612.6956 0.703962
818.13    -595.0829 -612.6917 0.7039109
818.14    -594.9492 -612.6877 0.7038619
818.15    -594.8155 -612.6837 0.7038149
818.16    -594.6818 -612.6797 0.7037699
818.17    -594.548 -612.6757 0.7037267
818.18    -594.4144 -612.6718 0.7036858
818.19    -594.2807 -612.6678 0.7036469
818.2    -594.147 -612.6638 0.7036101
818.21    -594.0134 -612.6599 0.7035751
818.22    -593.8797 -612.6559 0.703542
818.23    -593.7461 -612.6519 0.7035112
818.24    -593.6125 -612.6479 0.7034824
818.25    -593.4789 -612.644 0.7034558
818.26    -593.3453 -612.64 0.7034311
818.27    -593.2117 -612.636 0.7034089
818.28    -593.0782 -612.632 0.7033891
818.29    -592.9446 -612.6281 0.7033715
818.3    -592.8111 -612.6241 0.703356
818.31    -592.6776 -612.6201 0.7033426
818.32    -592.5441 -612.6161 0.7033311
818.33    -592.4106 -612.6121 0.7033226
818.34    -592.2772 -612.608 0.703317
818.35    -592.1438 -612.604 0.7033141
818.36    -592.0104 -612.6 0.7033138
818.37    -591.877 -612.5959 0.7033173
818.38    -591.7437 -612.5919 0.7033243
818.39    -591.6103 -612.5878 0.7033345
818.4    -591.4769 -612.5838 0.7033479
818.41    -591.3436 -612.5798 0.7033641
818.42    -591.2103 -612.5757 0.703384
818.43    -591.077 -612.5717 0.7034072
818.44    -590.9437 -612.5677 0.7034335
818.45    -590.8104 -612.5637 0.7034628
818.46    -590.6771 -612.5596 0.7034949
818.47    -590.5438 -612.5556 0.7035297
818.48    -590.4105 -612.5516 0.7035671
818.49    -590.2773 -612.5475 0.7036071
818.5    -590.144 -612.5435 0.7036494
818.51    -590.0109 -612.5395 0.7036939
818.52    -589.8777 -612.5353 0.7037407
818.53    -589.7445 -612.5313 0.7037894
818.54    -589.6114 -612.5272 0.70384
818.55    -589.4783 -612.5231 0.7038924
818.56    -589.3452 -612.519 0.7039467
818.57    -589.212 -612.5149 0.7040024
818.58    -589.079 -612.5108 0.7040598
818.59    -588.9459 -612.5067 0.7041185
818.6    -588.8129 -612.5026 0.7041789
818.61    -588.6798 -612.4985 0.7042404
818.62    -588.5468 -612.4944 0.7043033
818.63    -588.4138 -612.4904 0.7043673
818.64    -588.2808 -612.4862 0.7044324
818.65    -588.1478 -612.4821 0.7044986
818.66    -588.0148 -612.4779 0.7045659
818.67    -587.8819 -612.4738 0.7046341
818.68    -587.749 -612.4696 0.7047033
818.69    -587.616 -612.4655 0.7047732
818.7    -587.4831 -612.4613 0.7048441
818.71    -587.3502 -612.4572 0.7049157
818.72    -587.2173 -612.453 0.7049881
818.73    -587.0845 -612.4489 0.7050611
818.74    -586.9517 -612.4446 0.7051349
818.75    -586.8188 -612.4405 0.7052091
818.76    -586.686 -612.4363 0.7052841
818.77    -586.5533 -612.4322 0.7053595
818.78    -586.4205 -612.428 0.7054356
818.79    -586.2878 -612.4238 0.7055121
818.8    -586.155 -612.4196 0.7055891
818.81    -586.0223 -612.4153 0.7056666
818.82    -585.8896 -612.4111 0.7057444
818.83    -585.7569 -612.4069 0.7058228
818.84    -585.6242 -612.4026 0.7059014
818.85    -585.4915 -612.3984 0.7059805
818.86    -585.3588 -612.3942 0.7060599
818.87    -585.2262 -612.39 0.7061396
818.88    -585.0936 -612.3858 0.7062196
818.89    -584.9609 -612.3816 0.7063
818.9    -584.8283 -612.3773 0.7063805
818.91    -584.6957 -612.373 0.7064614
818.92    -584.5632 -612.3687 0.7065424
818.93    -584.4306 -612.3644 0.7066238
818.94    -584.2981 -612.3602 0.7067053
818.95    -584.1656 -612.3559 0.706787
818.96    -584.0331 -612.3516 0.7068689
818.97    -583.9006 -612.3474 0.706951
818.98    -583.7682 -612.3431 0.7070333
818.99    -583.6357 -612.3388 0.7071158
819    -583.5033 -612.3345 0.7071984
819.01    -583.3708 -612.3301 0.7072812
819.02    -583.2385 -612.3258 0.7073641
819.03    -583.1061 -612.3215 0.7074471
819.04    -582.9737 -612.3171 0.7075302
819.05    -582.8413 -612.3128 0.7076135
819.06    -582.7089 -612.3085 0.7076968
819.07    -582.5766 -612.3041 0.7077802
819.08    -582.4443 -612.2997 0.7078637
819.09    -582.312 -612.2953 0.7079475
819.1    -582.1797 -612.291 0.7080312
819.11    -582.0474 -612.2866 0.708115
819.12    -581.9152 -612.2822 0.7081988
819.13    -581.783 -612.2778 0.7082828
819.14    -581.6508 -612.2733 0.7083668
819.15    -581.5186 -612.2689 0.7084508
819.16    -581.3864 -612.2644 0.7085349
819.17    -581.2542 -612.2599 0.7086181
819.18    -581.1221 -612.2555 0.7087005
819.19    -580.9899 -612.251 0.7087822
819.2    -580.8578 -612.2465 0.7088631
819.21    -580.7256 -612.242 0.7089432
819.22    -580.5936 -612.2375 0.7090212
819.23    -580.4615 -612.2329 0.709097
819.24    -580.3294 -612.2284 0.7091707
819.25    -580.1973 -612.2239 0.7092425
819.26    -580.0653 -612.2192 0.7093125
819.27    -579.9333 -612.2147 0.7093808
819.28    -579.8013 -612.2101 0.7094464
819.29    -579.6693 -612.2055 0.7095096
819.3    -579.5373 -612.2009 0.7095703
819.31    -579.4053 -612.1962 0.7096288
819.32    -579.2734 -612.1916 0.7096852
819.33    -579.1415 -612.1869 0.709739
819.34    -579.0096 -612.1823 0.7097902
819.35    -578.8777 -612.1776 0.7098392
819.36    -578.7458 -612.1729 0.7098859
819.37    -578.614 -612.1682 0.70993
819.38    -578.4821 -612.1635 0.7099714
819.39    -578.3503 -612.1588 0.7100105
819.4    -578.2184 -612.154 0.7100474
819.41    -578.0866 -612.1492 0.7100821
819.42    -577.9548 -612.1445 0.7101141
819.43    -577.8231 -612.1396 0.7101436
819.44    -577.6913 -612.1349 0.7101707
819.45    -577.5595 -612.1301 0.7101956
819.46    -577.4278 -612.1252 0.7102184
819.47    -577.2961 -612.1204 0.7102386
819.48    -577.1644 -612.1155 0.7102565
819.49    -577.0327 -612.1107 0.7102722
819.5    -576.9011 -612.1058 0.7102858
819.51    -576.7694 -612.1009 0.7102974
819.52    -576.6378 -612.096 0.7103071
819.53    -576.5062 -612.0911 0.7103148
819.54    -576.3746 -612.0861 0.7103208
819.55    -576.243 -612.0812 0.7103252
819.56    -576.1115 -612.0762 0.710328
819.57    -575.9799 -612.0712 0.7103293
819.58    -575.8483 -612.0662 0.7103292
819.59    -575.7167 -612.0612 0.7103277
819.6    -575.5852 -612.0562 0.710325
819.61    -575.4537 -612.0511 0.7103211
819.62    -575.3222 -612.0461 0.710316
819.63    -575.1907 -612.041 0.7103099
819.64    -575.0593 -612.0359 0.7103028
819.65    -574.9279 -612.0309 0.7102946
819.66    -574.7964 -612.0258 0.7102855
819.67    -574.665 -612.0206 0.7102756
819.68    -574.5337 -612.0155 0.7102649
819.69    -574.4023 -612.0104 0.7102534
819.7    -574.271 -612.0052 0.7102411
819.71    -574.1396 -612.0001 0.7102281
819.72    -574.0084 -611.9949 0.7102145
819.73    -573.8771 -611.9897 0.7102001
819.74    -573.7458 -611.9844 0.7101853
819.75    -573.6146 -611.9792 0.7101698
819.76    -573.4833 -611.974 0.7101538
819.77    -573.3521 -611.9688 0.7101366
819.78    -573.2208 -611.9634 0.7101185
819.79    -573.0896 -611.9582 0.7100993
819.8    -572.9584 -611.9529 0.7100793
819.81    -572.8272 -611.9476 0.7100584
819.82    -572.696 -611.9423 0.7100355
819.83    -572.5649 -611.937 0.7100106
819.84    -572.4338 -611.9316 0.709984
819.85    -572.3027 -611.9263 0.7099558
819.86    -572.1716 -611.9208 0.7099259
819.87    -572.0405 -611.9155 0.7098932
819.88    -571.9095 -611.9101 0.7098578
819.89    -571.7784 -611.9047 0.70982
819.9    -571.6474 -611.8992 0.7097799
819.91    -571.5164 -611.8938 0.7097375
819.92    -571.3854 -611.8884 0.7096919
819.93    -571.2544 -611.8829 0.7096437
819.94    -571.1234 -611.8774 0.7095926
819.95    -570.9924 -611.8719 0.7095389
819.96    -570.8615 -611.8664 0.7094829
819.97    -570.7305 -611.8609 0.7094241
819.98    -570.5996 -611.8554 0.7093627
819.99    -570.4687 -611.8498 0.709299
820    -570.3378 -611.8442 0.7092329
820.01    -570.207 -611.8387 0.7091647
820.02    -570.0761 -611.8331 0.7090945
820.03    -569.9453 -611.8276 0.7090222
820.04    -569.8145 -611.8219 0.7089481
820.05    -569.6837 -611.8163 0.7088724
820.06    -569.5529 -611.8107 0.7087948
820.07    -569.4221 -611.8051 0.7087159
820.08    -569.2914 -611.7994 0.7086353
820.09    -569.1606 -611.7937 0.7085534
820.1    -569.0299 -611.788 0.7084701
820.11    -568.8992 -611.7823 0.7083856
820.12    -568.7685 -611.7767 0.7082998
820.13    -568.6378 -611.7709 0.7082129
820.14    -568.5071 -611.7652 0.708125
820.15    -568.3765 -611.7595 0.7080359
820.16    -568.2458 -611.7537 0.707946
820.17    -568.1151 -611.7479 0.7078552
820.18    -567.9845 -611.7422 0.7077634
820.19    -567.8539 -611.7364 0.7076709
820.2    -567.7233 -611.7306 0.7075775
820.21    -567.5927 -611.7248 0.7074834
820.22    -567.462 -611.7189 0.7073886
820.23    -567.3314 -611.7131 0.7072932
820.24    -567.2008 -611.7073 0.707197
820.25    -567.0702 -611.7014 0.7071002
820.26    -566.9396 -611.6956 0.7070028
820.27    -566.809 -611.6896 0.7069049
820.28    -566.6783 -611.6837 0.7068064
820.29    -566.5477 -611.6778 0.7067075
820.3    -566.4171 -611.6719 0.7066081
820.31    -566.2865 -611.6659 0.7065082
820.32    -566.1559 -611.66 0.7064078
820.33    -566.0254 -611.654 0.706307
820.34    -565.8948 -611.648 0.7062058
820.35    -565.7642 -611.642 0.7061042
820.36    -565.6335 -611.636 0.7060022
820.37    -565.5029 -611.63 0.7058999
820.38    -565.3724 -611.624 0.7057973
820.39    -565.2418 -611.6179 0.7056943
820.4    -565.1113 -611.6119 0.705591
820.41    -564.9807 -611.6058 0.7054874
820.42    -564.8501 -611.5997 0.7053835
820.43    -564.7195 -611.5936 0.7052795
820.44    -564.589 -611.5875 0.705175
820.45    -564.4584 -611.5814 0.7050704
820.46    -564.3279 -611.5753 0.7049657
820.47    -564.1973 -611.5692 0.7048606
820.48    -564.0668 -611.563 0.7047553
820.49    -563.9362 -611.5568 0.7046499
820.5    -563.8057 -611.5506 0.7045442
820.51    -563.6751 -611.5444 0.7044384
820.52    -563.5446 -611.5383 0.7043325
820.53    -563.414 -611.532 0.7042264
820.54    -563.2834 -611.5258 0.7041202
820.55    -563.1528 -611.5195 0.704014
820.56    -563.0222 -611.5133 0.7039076
820.57    -562.8916 -611.5071 0.7038014
820.58    -562.761 -611.5008 0.7036952
820.59    -562.6304 -611.4944 0.7035893
820.6    -562.4997 -611.4882 0.7034835
820.61    -562.369 -611.4819 0.7033777
820.62    -562.2383 -611.4756 0.7032721
820.63    -562.1077 -611.4692 0.7031668
820.64    -561.9769 -611.4628 0.7030618
820.65    -561.8462 -611.4565 0.702957
820.66    -561.7155 -611.4501 0.7028526
820.67    -561.5847 -611.4438 0.7027484
820.68    -561.4539 -611.4374 0.7026445
820.69    -561.3231 -611.4309 0.7025408
820.7    -561.1922 -611.4245 0.7024373
820.71    -561.0613 -611.4181 0.702334
820.72    -560.9304 -611.4116 0.702231
820.73    -560.7995 -611.4051 0.7021282
820.74    -560.6685 -611.3986 0.7020255
820.75    -560.5375 -611.3922 0.701923
820.76    -560.4065 -611.3857 0.7018206
820.77    -560.2755 -611.3792 0.7017183
820.78    -560.1443 -611.3726 0.7016163
820.79    -560.0132 -611.366 0.7015144
820.8    -559.8821 -611.3595 0.7014124
820.81    -559.7509 -611.3529 0.7013107
820.82    -559.6197 -611.3463 0.7012091
820.83    -559.4885 -611.3397 0.7011076
820.84    -559.3572 -611.3331 0.7010061
820.85    -559.2259 -611.3264 0.7009048
820.86    -559.0945 -611.3198 0.7008035
820.87    -558.9632 -611.313 0.7007023
820.88    -558.8318 -611.3064 0.7006012
820.89    -558.7004 -611.2997 0.7005001
820.9    -558.5689 -611.293 0.700399
820.91    -558.4374 -611.2863 0.7002981
820.92    -558.3058 -611.2795 0.7001972
820.93    -558.1743 -611.2728 0.7000964
820.94    -558.0427 -611.2661 0.6999956
820.95    -557.9111 -611.2593 0.6998949
820.96    -557.7794 -611.2524 0.6997942
820.97    -557.6478 -611.2457 0.6996937
820.98    -557.5161 -611.2389 0.6995932
820.99    -557.3843 -611.2321 0.6994928
821    -557.2525 -611.2252 0.6993925
821.01    -557.1207 -611.2183 0.6992922
821.02    -556.9888 -611.2115 0.699192
821.03    -556.8569 -611.2046 0.699092
821.04    -556.725 -611.1977 0.698992
821.05    -556.5931 -611.1907 0.698892
821.06    -556.4611 -611.1838 0.6987922
821.07    -556.329 -611.1769 0.6986924
821.08    -556.197 -611.1699 0.6985926
821.09    -556.0649 -611.163 0.6984929
821.1    -555.9328 -611.1559 0.6983933
821.11    -555.8007 -611.149 0.6982936
821.12    -555.6685 -611.142 0.698194
821.13    -555.5363 -611.1349 0.6980945
821.14    -555.404 -611.1279 0.697995
821.15    -555.2717 -611.1208 0.6978955
821.16    -555.1394 -611.1138 0.6977961
821.17    -555.007 -611.1067 0.6976967
821.18    -554.8746 -611.0996 0.6975973
821.19    -554.7422 -611.0925 0.697498
821.2    -554.6098 -611.0853 0.6973986
821.21    -554.4773 -611.0782 0.6972993
821.22    -554.3448 -611.071 0.6972
821.23    -554.2123 -611.0638 0.6971011
821.24    -554.0797 -611.0567 0.6970027
821.25    -553.9471 -611.0495 0.6969047
821.26    -553.8145 -611.0423 0.6968071
821.27    -553.6819 -611.0351 0.6967111
821.28    -553.5492 -611.0278 0.6966165
821.29    -553.4165 -611.0206 0.6965232
821.3    -553.2838 -611.0133 0.6964313
821.31    -553.1509 -611.006 0.6963406
821.32    -553.0181 -610.9987 0.6962511
821.33    -552.8853 -610.9914 0.6961646
821.34    -552.7524 -610.9841 0.6960808
821.35    -552.6195 -610.9767 0.6959997
821.36    -552.4866 -610.9694 0.6959211
821.37    -552.3536 -610.962 0.6958448
821.38    -552.2206 -610.9546 0.6957726
821.39    -552.0875 -610.9472 0.6957043
821.4    -551.9545 -610.9398 0.6956396
821.41    -551.8214 -610.9324 0.6955784
821.42    -551.6882 -610.9249 0.6955218
821.43    -551.5551 -610.9175 0.6954694
821.44    -551.4219 -610.91 0.6954211
821.45    -551.2886 -610.9025 0.6953768
821.46    -551.1553 -610.895 0.695336
821.47    -551.022 -610.8875 0.6953003
821.48    -550.8887 -610.88 0.6952693
821.49    -550.7554 -610.8725 0.695243
821.5    -550.6219 -610.8649 0.6952208
821.51    -550.4885 -610.8573 0.6952028
821.52    -550.3551 -610.8497 0.6951897
821.53    -550.2217 -610.8422 0.6951811
821.54    -550.0881 -610.8345 0.695177
821.55    -549.9546 -610.8268 0.695177
821.56    -549.821 -610.8192 0.695181
821.57    -549.6873 -610.8116 0.6951887
821.58    -549.5536 -610.8038 0.6952002
821.59    -549.4199 -610.7961 0.6952153
821.6    -549.2862 -610.7885 0.6952338
821.61    -549.1524 -610.7808 0.6952554
821.62    -549.0186 -610.773 0.6952801
821.63    -548.8847 -610.7652 0.6953077
821.64    -548.7509 -610.7574 0.6953381
821.65    -548.6169 -610.7497 0.695371
821.66    -548.483 -610.7419 0.6954063
821.67    -548.349 -610.734 0.6954437
821.68    -548.215 -610.7262 0.6954834
821.69    -548.0809 -610.7184 0.6955251
821.7    -547.9468 -610.7105 0.6955684
821.71    -547.8127 -610.7026 0.6956137
821.72    -547.6785 -610.6947 0.6956604
821.73    -547.5443 -610.6868 0.6957083
821.74    -547.4101 -610.679 0.6957573
821.75    -547.2758 -610.6711 0.6958076
821.76    -547.1415 -610.6631 0.695859
821.77    -547.0071 -610.6552 0.6959113
821.78    -546.8728 -610.6472 0.6959644
821.79    -546.7384 -610.6393 0.6960182
821.8    -546.6039 -610.6312 0.6960728
821.81    -546.4694 -610.6232 0.6961282
821.82    -546.3349 -610.6152 0.6961841
821.83    -546.2003 -610.6072 0.6962407
821.84    -546.0657 -610.5992 0.6962979
821.85    -545.9311 -610.5911 0.6963556
821.86    -545.7964 -610.583 0.6964139
821.87    -545.6617 -610.575 0.6964728
821.88    -545.5269 -610.5668 0.696532
821.89    -545.3922 -610.5587 0.6965918
821.9    -545.2573 -610.5505 0.6966519
821.91    -545.1224 -610.5424 0.6967124
821.92    -544.9875 -610.5343 0.6967734
821.93    -544.8526 -610.5261 0.6968348
821.94    -544.7176 -610.5179 0.6968965
821.95    -544.5826 -610.5097 0.6969585
821.96    -544.4475 -610.5015 0.6970208
821.97    -544.3124 -610.4933 0.6970832
821.98    -544.1773 -610.4852 0.6971459
821.99    -544.0421 -610.477 0.6972086
822    -543.9069 -610.4688 0.6972714
822.01    -543.7717 -610.4605 0.6973344
822.02    -543.6364 -610.4523 0.6973971
822.03    -543.5011 -610.444 0.6974595
822.04    -543.3657 -610.4358 0.6975217
822.05    -543.2303 -610.4276 0.6975837
822.06    -543.0948 -610.4193 0.6976455
822.07    -542.9594 -610.4109 0.6977072
822.08    -542.8239 -610.4026 0.697768
822.09    -542.6883 -610.3943 0.6978282
822.1    -542.5527 -610.386 0.6978877
822.11    -542.4171 -610.3777 0.6979466
822.12    -542.2814 -610.3694 0.6980049
822.13    -542.1457 -610.361 0.6980622
822.14    -542.0099 -610.3526 0.6981187
822.15    -541.8741 -610.3442 0.6981744
822.16    -541.7383 -610.3359 0.6982294
822.17    -541.6024 -610.3275 0.698283
822.18    -541.4665 -610.3192 0.6983353
822.19    -541.3306 -610.3107 0.6983867
822.2    -541.1946 -610.3023 0.6984369
822.21    -541.0585 -610.2939 0.6984861
822.22    -540.9225 -610.2855 0.6985334
822.23    -540.7864 -610.277 0.6985785
822.24    -540.6502 -610.2686 0.6986219
822.25    -540.514 -610.2602 0.6986635
822.26    -540.3778 -610.2517 0.6987035
822.27    -540.2415 -610.2432 0.6987419
822.28    -540.1052 -610.2347 0.6987771
822.29    -539.9689 -610.2263 0.6988092
822.3    -539.8325 -610.2178 0.6988385
822.31    -539.696 -610.2093 0.6988649
822.32    -539.5596 -610.2008 0.6988888
822.33    -539.423 -610.1923 0.6989102
822.34    -539.2865 -610.1838 0.6989273
822.35    -539.1499 -610.1754 0.6989403
822.36    -539.0132 -610.1669 0.6989495
822.37    -538.8766 -610.1583 0.6989539
822.38    -538.7399 -610.1498 0.6989538
822.39    -538.6031 -610.1412 0.6989495
822.4    -538.4663 -610.1327 0.6989413
822.41    -538.3295 -610.1241 0.6989293
822.42    -538.1926 -610.1156 0.6989136
822.43    -538.0557 -610.1071 0.6988932
822.44    -537.9187 -610.0985 0.6988682
822.45    -537.7817 -610.09 0.6988391
822.46    -537.6446 -610.0814 0.6988059
822.47    -537.5075 -610.0729 0.6987684
822.48    -537.3704 -610.0643 0.6987269
822.49    -537.2332 -610.0558 0.6986817
822.5    -537.0959 -610.0472 0.6986328
822.51    -536.9586 -610.0386 0.6985805
822.52    -536.8213 -610.03 0.698525
822.53    -536.6839 -610.0214 0.6984664
822.54    -536.5465 -610.0128 0.698405
822.55    -536.4091 -610.0042 0.6983407
822.56    -536.2715 -609.9955 0.6982737
822.57    -536.134 -609.9869 0.6982044
822.58    -535.9964 -609.9783 0.6981326
822.59    -535.8588 -609.9697 0.6980587
822.6    -535.7211 -609.9611 0.6979826
822.61    -535.5833 -609.9526 0.6979045
822.62    -535.4456 -609.944 0.6978244
822.63    -535.3077 -609.9354 0.6977425
822.64    -535.1699 -609.9268 0.6976589
822.65    -535.032 -609.9182 0.6975736
822.66    -534.894 -609.9095 0.6974869
822.67    -534.756 -609.9009 0.6973985
822.68    -534.618 -609.8923 0.6973088
822.69    -534.48 -609.8837 0.6972178
822.7    -534.3419 -609.8751 0.6971254
822.71    -534.2037 -609.8665 0.6970319
822.72    -534.0655 -609.8579 0.6969373
822.73    -533.9272 -609.8493 0.6968415
822.74    -533.7889 -609.8407 0.6967448
822.75    -533.6506 -609.8321 0.696647
822.76    -533.5122 -609.8235 0.6965483
822.77    -533.3738 -609.8149 0.6964489
822.78    -533.2354 -609.8063 0.6963485
822.79    -533.0969 -609.7977 0.6962475
822.8    -532.9583 -609.7891 0.6961457
822.81    -532.8197 -609.7805 0.6960431
822.82    -532.6811 -609.7719 0.69594
822.83    -532.5424 -609.7633 0.6958363
822.84    -532.4037 -609.7547 0.6957321
822.85    -532.2649 -609.7461 0.6956274
822.86    -532.1261 -609.7375 0.6955222
822.87    -531.9872 -609.7289 0.6954169
822.88    -531.8483 -609.7203 0.6953115
822.89    -531.7094 -609.7117 0.6952062
822.9    -531.5704 -609.7031 0.6951008
822.91    -531.4314 -609.6945 0.6949953
822.92    -531.2924 -609.6859 0.6948907
822.93    -531.1533 -609.6773 0.6947868
822.94    -531.0141 -609.6687 0.6946837
822.95    -530.8749 -609.6601 0.6945813
822.96    -530.7357 -609.6515 0.6944795
822.97    -530.5964 -609.6429 0.6943799
822.98    -530.4571 -609.6343 0.6942824
822.99    -530.3177 -609.6257 0.6941867
823    -530.1783 -609.6171 0.694093
823.01    -530.0389 -609.6085 0.694001
823.02    -529.8994 -609.5999 0.6939129
823.03    -529.7599 -609.5912 0.6938283
823.04    -529.6204 -609.5827 0.6937473
823.05    -529.4808 -609.5741 0.6936696
823.06    -529.3411 -609.5655 0.6935948
823.07    -529.2014 -609.5569 0.693523
823.08    -529.0617 -609.5483 0.6934563
823.09    -528.922 -609.5397 0.6933942
823.1    -528.7822 -609.5311 0.6933367
823.11    -528.6424 -609.5225 0.6932834
823.12    -528.5025 -609.5139 0.6932341
823.13    -528.3626 -609.5052 0.6931912
823.14    -528.2227 -609.4967 0.6931543
823.15    -528.0828 -609.4881 0.6931232
823.16    -527.9427 -609.4795 0.6930974
823.17    -527.8027 -609.4709 0.6930767
823.18    -527.6626 -609.4623 0.6930625
823.19    -527.5225 -609.4537 0.6930543
823.2    -527.3824 -609.4452 0.6930518
823.21    -527.2422 -609.4366 0.6930546
823.22    -527.102 -609.4281 0.6930637
823.23    -526.9617 -609.4196 0.6930785
823.24    -526.8215 -609.411 0.6930988
823.25    -526.6812 -609.4025 0.6931244
823.26    -526.5408 -609.394 0.6931548
823.27    -526.4004 -609.3854 0.69319
823.28    -526.2599 -609.3769 0.69323
823.29    -526.1195 -609.3683 0.6932749
823.3    -525.979 -609.3598 0.6933241
823.31    -525.8384 -609.3513 0.6933777
823.32    -525.6979 -609.3427 0.6934354
823.33    -525.5573 -609.3342 0.6934971
823.34    -525.4166 -609.3256 0.6935625
823.35    -525.2759 -609.3171 0.6936315
823.36    -525.1352 -609.3085 0.6937038
823.37    -524.9944 -609.3 0.6937795
823.38    -524.8537 -609.2914 0.6938581
823.39    -524.7129 -609.2829 0.6939397
823.4    -524.572 -609.2744 0.6940241
823.41    -524.4312 -609.2659 0.6941111
823.42    -524.2902 -609.2573 0.6942007
823.43    -524.1493 -609.2488 0.6942926
823.44    -524.0083 -609.2402 0.6943868
823.45    -523.8672 -609.2317 0.6944832
823.46    -523.7262 -609.2231 0.6945816
823.47    -523.5851 -609.2146 0.6946824
823.48    -523.444 -609.2061 0.6947852
823.49    -523.3028 -609.1976 0.69489
823.5    -523.1616 -609.1891 0.6949967
823.51    -523.0203 -609.1807 0.6951052
823.52    -522.8791 -609.1722 0.6952156
823.53    -522.7378 -609.1637 0.6953275
823.54    -522.5964 -609.1552 0.6954411
823.55    -522.455 -609.1467 0.6955562
823.56    -522.3136 -609.1383 0.6956727
823.57    -522.1722 -609.1298 0.6957906
823.58    -522.0307 -609.1213 0.6959097
823.59    -521.8892 -609.1129 0.6960301
823.6    -521.7476 -609.1044 0.6961517
823.61    -521.606 -609.0959 0.6962743
823.62    -521.4644 -609.0874 0.696398
823.63    -521.3228 -609.0789 0.6965227
823.64    -521.181 -609.0704 0.6966482
823.65    -521.0393 -609.062 0.6967748
823.66    -520.8975 -609.0535 0.6969021
823.67    -520.7557 -609.045 0.6970303
823.68    -520.6138 -609.0365 0.6971592
823.69    -520.472 -609.028 0.6972887
823.7    -520.3301 -609.0195 0.697419
823.71    -520.1881 -609.011 0.6975499
823.72    -520.0461 -609.0026 0.6976815
823.73    -519.9041 -608.9941 0.6978136
823.74    -519.7621 -608.9857 0.6979463
823.75    -519.62 -608.9772 0.6980794
823.76    -519.4778 -608.9687 0.698213
823.77    -519.3357 -608.9602 0.6983472
823.78    -519.1935 -608.9517 0.6984817
823.79    -519.0513 -608.9432 0.6986167
823.8    -518.9091 -608.9348 0.6987521
823.81    -518.7667 -608.9263 0.6988879
823.82    -518.6244 -608.9178 0.699024
823.83    -518.4821 -608.9093 0.6991605
823.84    -518.3397 -608.9008 0.6992972
823.85    -518.1972 -608.8923 0.6994343
823.86    -518.0547 -608.8839 0.6995717
823.87    -517.9122 -608.8754 0.6997094
823.88    -517.7697 -608.867 0.6998473
823.89    -517.6271 -608.8585 0.6999855
823.9    -517.4845 -608.85 0.7001239
823.91    -517.3419 -608.8416 0.7002625
823.92    -517.1992 -608.8331 0.7004013
823.93    -517.0565 -608.8247 0.7005404
823.94    -516.9138 -608.8163 0.7006796
823.95    -516.771 -608.8079 0.700819
823.96    -516.6282 -608.7995 0.7009586
823.97    -516.4853 -608.7911 0.7010983
823.98    -516.3424 -608.7827 0.7012382
823.99    -516.1995 -608.7743 0.7013784
824    -516.0565 -608.7659 0.7015186
824.01    -515.9135 -608.7576 0.7016589
824.02    -515.7705 -608.7493 0.7017994
824.03    -515.6274 -608.7409 0.7019399
824.04    -515.4843 -608.7326 0.7020807
824.05    -515.3412 -608.7244 0.7022215
824.06    -515.198 -608.7161 0.7023624
824.07    -515.0548 -608.7078 0.7025034
824.08    -514.9116 -608.6995 0.7026446
824.09    -514.7683 -608.6913 0.7027858
824.1    -514.625 -608.683 0.7029272
824.11    -514.4816 -608.6748 0.7030686
824.12    -514.3383 -608.6666 0.7032101
824.13    -514.1948 -608.6584 0.7033517
824.14    -514.0514 -608.6502 0.7034934
824.15    -513.9079 -608.6421 0.703635
824.16    -513.7643 -608.6339 0.7037769
824.17    -513.6208 -608.6257 0.7039188
824.18    -513.4772 -608.6176 0.7040607
824.19    -513.3336 -608.6095 0.7042028
824.2    -513.1899 -608.6014 0.7043447
824.21    -513.0463 -608.5933 0.7044869
824.22    -512.9025 -608.5852 0.704629
824.23    -512.7588 -608.5772 0.7047712
824.24    -512.615 -608.5692 0.7049135
824.25    -512.4711 -608.5611 0.7050558
824.26    -512.3273 -608.5531 0.7051982
824.27    -512.1834 -608.5451 0.7053406
824.28    -512.0395 -608.5372 0.7054831
824.29    -511.8955 -608.5292 0.7056257
824.3    -511.7515 -608.5212 0.7057682
824.31    -511.6075 -608.5134 0.7059108
824.32    -511.4633 -608.5054 0.7060534
824.33    -511.3192 -608.4976 0.7061961
824.34    -511.1751 -608.4897 0.7063388
824.35    -511.0309 -608.4818 0.7064815
824.36    -510.8867 -608.474 0.7066244
824.37    -510.7425 -608.4662 0.7067672
824.38    -510.5981 -608.4584 0.7069101
824.39    -510.4538 -608.4506 0.7070529
824.4    -510.3094 -608.4428 0.7071959
824.41    -510.165 -608.4351 0.7073389
824.42    -510.0206 -608.4274 0.7074818
824.43    -509.8762 -608.4197 0.7076247
824.44    -509.7317 -608.412 0.7077675
824.45    -509.5871 -608.4044 0.7079103
824.46    -509.4425 -608.3967 0.7080531
824.47    -509.2979 -608.389 0.7081959
824.48    -509.1533 -608.3815 0.7083386
824.49    -509.0086 -608.3738 0.7084813
824.5    -508.8639 -608.3663 0.7086238
824.51    -508.7191 -608.3588 0.7087664
824.52    -508.5744 -608.3513 0.7089089
824.53    -508.4296 -608.3438 0.7090514
824.54    -508.2847 -608.3364 0.7091938
824.55    -508.1398 -608.3289 0.7093362
824.56    -507.9949 -608.3215 0.7094785
824.57    -507.85 -608.3141 0.7096207
824.58    -507.705 -608.3067 0.7097627
824.59    -507.56 -608.2994 0.7099046
824.6    -507.4149 -608.292 0.7100463
824.61    -507.2698 -608.2847 0.7101878
824.62    -507.1247 -608.2774 0.7103287
824.63    -506.9795 -608.2702 0.710469
824.64    -506.8343 -608.2629 0.7106087
824.65    -506.6891 -608.2557 0.7107479
824.66    -506.5438 -608.2485 0.7108865
824.67    -506.3985 -608.2413 0.7110246
824.68    -506.2532 -608.2343 0.7111614
824.69    -506.1078 -608.2271 0.7112968
824.7    -505.9624 -608.22 0.7114309
824.71    -505.817 -608.213 0.7115638
824.72    -505.6715 -608.2059 0.7116948
824.73    -505.526 -608.1989 0.7118239
824.74    -505.3805 -608.192 0.7119513
824.75    -505.2349 -608.185 0.712077
824.76    -505.0893 -608.1781 0.7122011
824.77    -504.9436 -608.1712 0.7123226
824.78    -504.798 -608.1644 0.7124417
824.79    -504.6523 -608.1575 0.7125586
824.8    -504.5065 -608.1507 0.7126731
824.81    -504.3607 -608.1439 0.7127858
824.82    -504.2149 -608.1371 0.7128959
824.83    -504.069 -608.1304 0.7130035
824.84    -503.9232 -608.1237 0.7131088
824.85    -503.7772 -608.1171 0.713212
824.86    -503.6313 -608.1104 0.7133131
824.87    -503.4853 -608.1038 0.7134122
824.88    -503.3393 -608.0972 0.7135091
824.89    -503.1932 -608.0907 0.7136042
824.9    -503.0471 -608.0841 0.7136974
824.91    -502.901 -608.0776 0.7137889
824.92    -502.7548 -608.0711 0.7138788
824.93    -502.6086 -608.0647 0.7139672
824.94    -502.4624 -608.0582 0.7140542
824.95    -502.3161 -608.0519 0.7141397
824.96    -502.1698 -608.0455 0.714224
824.97    -502.0235 -608.0392 0.714307
824.98    -501.8771 -608.0329 0.7143887
824.99    -501.7307 -608.0266 0.7144694
825    -501.5843 -608.0204 0.7145491
825.01    -501.4378 -608.0142 0.7146277
825.02    -501.2913 -608.008 0.714705
825.03    -501.1448 -608.0018 0.7147812
825.04    -500.9982 -607.9957 0.7148563
825.05    -500.8516 -607.9896 0.7149301
825.06    -500.7049 -607.9836 0.7150031
825.07    -500.5582 -607.9776 0.7150741
825.08    -500.4115 -607.9716 0.7151433
825.09    -500.2648 -607.9656 0.7152109
825.1    -500.118 -607.9597 0.7152769
825.11    -499.9712 -607.9538 0.7153413
825.12    -499.8244 -607.9479 0.7154031
825.13    -499.6775 -607.9421 0.7154623
825.14    -499.5306 -607.9363 0.715519
825.15    -499.3836 -607.9305 0.7155735
825.16    -499.2366 -607.9247 0.7156258
825.17    -499.0896 -607.919 0.7156747
825.18    -498.9426 -607.9134 0.7157203
825.19    -498.7955 -607.9077 0.7157629
825.2    -498.6484 -607.9022 0.7158026
825.21    -498.5012 -607.8966 0.7158396
825.22    -498.3541 -607.8911 0.7158728
825.23    -498.2068 -607.8856 0.7159025
825.24    -498.0596 -607.8801 0.7159289
825.25    -497.9123 -607.8746 0.7159522
825.26    -497.765 -607.8692 0.7159724
825.27    -497.6176 -607.8638 0.7159894
825.28    -497.4703 -607.8585 0.7160033
825.29    -497.3228 -607.8531 0.7160142
825.3    -497.1754 -607.8479 0.7160223
825.31    -497.0279 -607.8427 0.7160278
825.32    -496.8803 -607.8375 0.7160307
825.33    -496.7328 -607.8323 0.7160312
825.34    -496.5852 -607.8271 0.7160294
825.35    -496.4376 -607.8221 0.7160254
825.36    -496.2899 -607.817 0.7160193
825.37    -496.1422 -607.812 0.7160113
825.38    -495.9945 -607.8069 0.7160015
825.39    -495.8467 -607.8019 0.7159898
825.4    -495.6989 -607.797 0.7159764
825.41    -495.5511 -607.7921 0.7159615
825.42    -495.4033 -607.7873 0.7159449
825.43    -495.2554 -607.7824 0.715927
825.44    -495.1075 -607.7776 0.7159076
825.45    -494.9595 -607.7728 0.715887
825.46    -494.8115 -607.7681 0.7158651
825.47    -494.6635 -607.7634 0.7158421
825.48    -494.5154 -607.7587 0.7158178
825.49    -494.3673 -607.7542 0.7157925
825.5    -494.2192 -607.7495 0.7157662
825.51    -494.071 -607.745 0.715739
825.52    -493.9228 -607.7404 0.7157108
825.53    -493.7746 -607.736 0.7156817
825.54    -493.6263 -607.7315 0.7156517
825.55    -493.4781 -607.7271 0.715621
825.56    -493.3297 -607.7227 0.7155895
825.57    -493.1814 -607.7183 0.7155573
825.58    -493.033 -607.7141 0.7155244
825.59    -492.8846 -607.7097 0.7154908
825.6    -492.7361 -607.7055 0.7154567
825.61    -492.5876 -607.7013 0.7154219
825.62    -492.4391 -607.6971 0.7153865
825.63    -492.2905 -607.693 0.7153506
825.64    -492.1419 -607.6888 0.7153141
825.65    -491.9933 -607.6848 0.7152772
825.66    -491.8446 -607.6808 0.7152398
825.67    -491.696 -607.6768 0.715202
825.68    -491.5472 -607.6728 0.7151636
825.69    -491.3985 -607.6688 0.7151249
825.7    -491.2497 -607.665 0.7150859
825.71    -491.1009 -607.6611 0.7150463
825.72    -490.9521 -607.6573 0.7150066
825.73    -490.8032 -607.6535 0.7149664
825.74    -490.6543 -607.6497 0.7149259
825.75    -490.5053 -607.6461 0.7148851
825.76    -490.3563 -607.6423 0.714844
825.77    -490.2073 -607.6387 0.7148026
825.78    -490.0583 -607.6351 0.714761
825.79    -489.9092 -607.6315 0.7147191
825.8    -489.7601 -607.6281 0.714677
825.81    -489.611 -607.6245 0.7146345
825.82    -489.4619 -607.6211 0.7145919
825.83    -489.3127 -607.6177 0.7145491
825.84    -489.1634 -607.6143 0.714506
825.85    -489.0142 -607.6109 0.7144628
825.86    -488.8649 -607.6075 0.7144194
825.87    -488.7155 -607.6043 0.7143758
825.88    -488.5662 -607.601 0.714332
825.89    -488.4168 -607.5978 0.7142881
825.9    -488.2674 -607.5947 0.7142439
825.91    -488.1179 -607.5915 0.7141997
825.92    -487.9684 -607.5884 0.7141554
825.93    -487.8189 -607.5853 0.7141109
825.94    -487.6694 -607.5823 0.7140662
825.95    -487.5198 -607.5793 0.7140214
825.96    -487.3702 -607.5764 0.7139765
825.97    -487.2206 -607.5735 0.7139314
825.98    -487.0709 -607.5706 0.7138863
825.99    -486.9212 -607.5677 0.7138411
826    -486.7715 -607.5649 0.7137957
826.01    -486.6217 -607.5621 0.7137503
826.02    -486.4719 -607.5594 0.7137048
826.03    -486.3221 -607.5567 0.7136592
826.04    -486.1722 -607.5541 0.7136135
826.05    -486.0223 -607.5514 0.7135677
826.06    -485.8723 -607.5488 0.7135218
826.07    -485.7224 -607.5463 0.7134759
826.08    -485.5724 -607.5438 0.7134298
826.09    -485.4224 -607.5413 0.7133837
826.1    -485.2724 -607.5388 0.7133375
826.11    -485.1223 -607.5364 0.7132913
826.12    -484.9722 -607.5341 0.713245
826.13    -484.8221 -607.5317 0.7131987
826.14    -484.6719 -607.5295 0.7131522
826.15    -484.5217 -607.5272 0.7131057
826.16    -484.3714 -607.525 0.7130592
826.17    -484.2212 -607.5228 0.7130126
826.18    -484.0709 -607.5206 0.7129659
826.19    -483.9206 -607.5186 0.7129192
826.2    -483.7702 -607.5164 0.7128725
826.21    -483.6198 -607.5144 0.7128257
826.22    -483.4694 -607.5124 0.7127789
826.23    -483.3189 -607.5104 0.712732
826.24    -483.1684 -607.5085 0.712685
826.25    -483.0179 -607.5066 0.7126381
826.26    -482.8674 -607.5048 0.7125912
826.27    -482.7168 -607.5029 0.7125441
826.28    -482.5662 -607.5012 0.7124971
826.29    -482.4156 -607.4995 0.71245
826.3    -482.2649 -607.4977 0.7124028
826.31    -482.1142 -607.496 0.7123557
826.32    -481.9635 -607.4944 0.7123086
826.33    -481.8127 -607.4928 0.7122614
826.34    -481.6619 -607.4912 0.7122142
826.35    -481.5111 -607.4897 0.712167
826.36    -481.3603 -607.4882 0.7121198
826.37    -481.2094 -607.4867 0.7120725
826.38    -481.0585 -607.4853 0.7120253
826.39    -480.9075 -607.4839 0.7119781
826.4    -480.7566 -607.4825 0.7119309
826.41    -480.6056 -607.4812 0.7118838
826.42    -480.4545 -607.4799 0.7118367
826.43    -480.3034 -607.4786 0.7117895
826.44    -480.1523 -607.4774 0.7117424
826.45    -480.0012 -607.4762 0.7116954
826.46    -479.8501 -607.475 0.7116483
826.47    -479.6989 -607.4739 0.7116014
826.48    -479.5477 -607.4728 0.7115545
826.49    -479.3965 -607.4717 0.7115076
826.5    -479.2452 -607.4707 0.7114606
826.51    -479.0939 -607.4697 0.7114139
826.52    -478.9425 -607.4688 0.711367
826.53    -478.7912 -607.4678 0.7113203
826.54    -478.6398 -607.4669 0.7112736
826.55    -478.4883 -607.466 0.7112268
826.56    -478.3369 -607.4651 0.7111801
826.57    -478.1854 -607.4644 0.7111334
826.58    -478.0339 -607.4636 0.7110868
826.59    -477.8824 -607.4628 0.7110401
826.6    -477.7308 -607.4621 0.7109935
826.61    -477.5792 -607.4614 0.7109469
826.62    -477.4276 -607.4608 0.7109002
826.63    -477.2759 -607.4601 0.7108536
826.64    -477.1243 -607.4595 0.7108071
826.65    -476.9725 -607.4589 0.7107605
826.66    -476.8208 -607.4584 0.710714
826.67    -476.669 -607.4579 0.7106675
826.68    -476.5172 -607.4575 0.7106209
826.69    -476.3654 -607.457 0.7105743
826.7    -476.2135 -607.4566 0.7105278
826.71    -476.0616 -607.4562 0.7104813
826.72    -475.9097 -607.4559 0.7104348
826.73    -475.7578 -607.4556 0.7103884
826.74    -475.6058 -607.4553 0.7103419
826.75    -475.4538 -607.4551 0.7102954
826.76    -475.3017 -607.4549 0.7102489
826.77    -475.1497 -607.4547 0.7102025
826.78    -474.9976 -607.4545 0.710156
826.79    -474.8455 -607.4543 0.7101095
826.8    -474.6933 -607.4543 0.7100631
826.81    -474.5411 -607.4542 0.7100166
826.82    -474.3889 -607.4542 0.7099702
826.83    -474.2367 -607.4541 0.7099237
826.84    -474.0844 -607.4541 0.7098773
826.85    -473.9321 -607.4542 0.7098308
826.86    -473.7798 -607.4542 0.7097844
826.87    -473.6274 -607.4543 0.709738
826.88    -473.475 -607.4545 0.7096915
826.89    -473.3226 -607.4547 0.709645
826.9    -473.1702 -607.4548 0.7095986
826.91    -473.0177 -607.455 0.7095521
826.92    -472.8652 -607.4553 0.7095057
826.93    -472.7127 -607.4556 0.7094592
826.94    -472.5602 -607.4559 0.7094128
826.95    -472.4076 -607.4562 0.7093663
826.96    -472.2549 -607.4566 0.7093199
826.97    -472.1023 -607.457 0.7092734
826.98    -471.9497 -607.4575 0.709227
826.99    -471.797 -607.4579 0.7091805
827    -471.6443 -607.4584 0.709134
827.01    -471.4915 -607.4589 0.7090876
827.02    -471.3387 -607.4594 0.7090412
827.03    -471.1859 -607.46 0.7089946
827.04    -471.0331 -607.4606 0.7089481
827.05    -470.8802 -607.4612 0.7089016
827.06    -470.7273 -607.4619 0.7088551
827.07    -470.5744 -607.4625 0.7088085
827.08    -470.4214 -607.4632 0.708762
827.09    -470.2685 -607.464 0.7087154
827.1    -470.1154 -607.4647 0.7086689
827.11    -469.9624 -607.4656 0.7086223
827.12    -469.8094 -607.4664 0.7085757
827.13    -469.6563 -607.4673 0.7085291
827.14    -469.5032 -607.4681 0.7084825
827.15    -469.35 -607.469 0.708436
827.16    -469.1968 -607.47 0.7083893
827.17    -469.0436 -607.4709 0.7083426
827.18    -468.8904 -607.4719 0.708296
827.19    -468.7372 -607.4729 0.7082493
827.2    -468.5839 -607.4739 0.7082026
827.21    -468.4305 -607.475 0.7081559
827.22    -468.2772 -607.4761 0.7081092
827.23    -468.1239 -607.4773 0.7080625
827.24    -467.9705 -607.4785 0.7080157
827.25    -467.817 -607.4797 0.707969
827.26    -467.6636 -607.4808 0.7079221
827.27    -467.5101 -607.4821 0.7078753
827.28    -467.3566 -607.4833 0.7078286
827.29    -467.203 -607.4846 0.7077817
827.3    -467.0495 -607.486 0.7077349
827.31    -466.8959 -607.4873 0.7076881
827.32    -466.7422 -607.4886 0.7076412
827.33    -466.5886 -607.4901 0.7075944
827.34    -466.4349 -607.4915 0.7075475
827.35    -466.2812 -607.493 0.7075006
827.36    -466.1275 -607.4945 0.7074537
827.37    -465.9737 -607.496 0.7074068
827.38    -465.8199 -607.4976 0.7073599
827.39    -465.6661 -607.4991 0.7073129
827.4    -465.5123 -607.5007 0.7072659
827.41    -465.3585 -607.5023 0.707219
827.42    -465.2046 -607.504 0.707172
827.43    -465.0507 -607.5057 0.7071251
827.44    -464.8967 -607.5074 0.7070781
827.45    -464.7427 -607.5092 0.7070311
827.46    -464.5887 -607.5109 0.7069841
827.47    -464.4347 -607.5128 0.7069371
827.48    -464.2806 -607.5145 0.7068901
827.49    -464.1265 -607.5164 0.706843
827.5    -463.9724 -607.5182 0.706796
827.51    -463.8183 -607.5201 0.706749
827.52    -463.6641 -607.5221 0.706702
827.53    -463.5099 -607.524 0.7066551
827.54    -463.3557 -607.526 0.7066083
827.55    -463.2014 -607.528 0.7065615
827.56    -463.0471 -607.53 0.7065148
827.57    -462.8929 -607.5321 0.7064683
827.58    -462.7385 -607.5342 0.7064221
827.59    -462.5842 -607.5363 0.7063761
827.6    -462.4298 -607.5385 0.7063304
827.61    -462.2754 -607.5406 0.7062848
827.62    -462.1209 -607.5428 0.7062396
827.63    -461.9665 -607.545 0.7061949
827.64    -461.812 -607.5472 0.7061505
827.65    -461.6575 -607.5495 0.7061065
827.66    -461.5029 -607.5518 0.706063
827.67    -461.3483 -607.554 0.70602
827.68    -461.1937 -607.5564 0.7059777
827.69    -461.0391 -607.5587 0.705936
827.7    -460.8844 -607.561 0.705895
827.71    -460.7297 -607.5634 0.7058545
827.72    -460.575 -607.5659 0.7058146
827.73    -460.4203 -607.5682 0.7057753
827.74    -460.2656 -607.5707 0.7057366
827.75    -460.1108 -607.5732 0.7056985
827.76    -459.956 -607.5756 0.7056609
827.77    -459.8011 -607.5781 0.7056237
827.78    -459.6463 -607.5806 0.7055871
827.79    -459.4914 -607.5831 0.7055509
827.8    -459.3365 -607.5857 0.7055151
827.81    -459.1815 -607.5883 0.7054797
827.82    -459.0265 -607.5908 0.7054448
827.83    -458.8715 -607.5934 0.7054101
827.84    -458.7165 -607.596 0.7053759
827.85    -458.5614 -607.5986 0.7053419
827.86    -458.4063 -607.6013 0.7053083
827.87    -458.2513 -607.6039 0.705275
827.88    -458.0961 -607.6066 0.705242
827.89    -457.941 -607.6093 0.7052093
827.9    -457.7858 -607.6119 0.7051767
827.91    -457.6306 -607.6146 0.7051445
827.92    -457.4754 -607.6173 0.7051125
827.93    -457.3201 -607.6201 0.7050806
827.94    -457.1649 -607.6228 0.705049
827.95    -457.0096 -607.6255 0.7050177
827.96    -456.8542 -607.6283 0.7049865
827.97    -456.6989 -607.631 0.7049555
827.98    -456.5435 -607.6339 0.7049246
827.99    -456.3881 -607.6367 0.704894
828    -456.2327 -607.6395 0.7048635
828.01    -456.0772 -607.6423 0.7048332
828.02    -455.9218 -607.6451 0.704803
828.03    -455.7663 -607.6479 0.7047729
828.04    -455.6107 -607.6508 0.7047429
828.05    -455.4552 -607.6536 0.7047131
828.06    -455.2997 -607.6565 0.7046834
828.07    -455.1441 -607.6594 0.7046539
828.08    -454.9885 -607.6622 0.7046243
828.09    -454.8329 -607.6651 0.7045949
828.1    -454.6773 -607.668 0.7045656
828.11    -454.5217 -607.6708 0.7045364
828.12    -454.366 -607.6738 0.7045073
828.13    -454.2104 -607.6767 0.7044783
828.14    -454.0547 -607.6796 0.7044493
828.15    -453.899 -607.6826 0.7044204
828.16    -453.7433 -607.6855 0.7043917
828.17    -453.5876 -607.6884 0.7043629
828.18    -453.4318 -607.6913 0.7043342
828.19    -453.2761 -607.6942 0.7043056
828.2    -453.1203 -607.6971 0.704277
828.21    -452.9645 -607.7001 0.7042485
828.22    -452.8087 -607.703 0.70422
828.23    -452.6529 -607.7059 0.7041916
828.24    -452.497 -607.7089 0.7041633
828.25    -452.3412 -607.7118 0.7041349
828.26    -452.1853 -607.7147 0.7041067
828.27    -452.0295 -607.7177 0.7040784
828.28    -451.8736 -607.7206 0.7040502
828.29    -451.7177 -607.7235 0.704022
828.3    -451.5618 -607.7264 0.7039939
828.31    -451.4059 -607.7293 0.7039658
828.32    -451.2499 -607.7322 0.7039377
828.33    -451.094 -607.7352 0.7039097
828.34    -450.938 -607.7381 0.7038816
828.35    -450.782 -607.741 0.7038536
828.36    -450.626 -607.744 0.7038257
828.37    -450.4701 -607.7469 0.7037978
828.38    -450.3141 -607.7498 0.7037699
828.39    -450.158 -607.7527 0.7037419
828.4    -450.002 -607.7557 0.703714
828.41    -449.8459 -607.7585 0.7036861
828.42    -449.6898 -607.7615 0.7036583
828.43    -449.5338 -607.7644 0.7036305
828.44    -449.3777 -607.7673 0.7036027
828.45    -449.2216 -607.7703 0.7035748
828.46    -449.0654 -607.7732 0.7035471
828.47    -448.9093 -607.7761 0.7035192
828.48    -448.7532 -607.7791 0.7034915
828.49    -448.597 -607.7819 0.7034637
828.5    -448.4409 -607.7849 0.703436
828.51    -448.2847 -607.7878 0.7034082
828.52    -448.1285 -607.7907 0.7033805
828.53    -447.9724 -607.7936 0.7033527
828.54    -447.8162 -607.7965 0.7033251
828.55    -447.6599 -607.7994 0.7032973
828.56    -447.5037 -607.8022 0.7032696
828.57    -447.3475 -607.8051 0.7032418
828.58    -447.1913 -607.8079 0.7032142
828.59    -447.0351 -607.8108 0.7031866
828.6    -446.8788 -607.8137 0.7031589
828.61    -446.7226 -607.8165 0.7031311
828.62    -446.5663 -607.8193 0.7031035
828.63    -446.4101 -607.8221 0.7030758
828.64    -446.2538 -607.8249 0.7030481
828.65    -446.0976 -607.8277 0.7030205
828.66    -445.9413 -607.8304 0.7029927
828.67    -445.785 -607.8333 0.7029651
828.68    -445.6288 -607.836 0.7029374
828.69    -445.4725 -607.8387 0.7029096
828.7    -445.3163 -607.8414 0.7028821
828.71    -445.16 -607.8442 0.7028544
828.72    -445.0037 -607.8469 0.7028267
828.73    -444.8475 -607.8496 0.702799
828.74    -444.6912 -607.8522 0.7027714
828.75    -444.535 -607.8549 0.7027438
828.76    -444.3787 -607.8576 0.7027161
828.77    -444.2225 -607.8602 0.7026884
828.78    -444.0663 -607.8628 0.7026607
828.79    -443.91 -607.8654 0.7026331
828.8    -443.7538 -607.868 0.7026054
828.81    -443.5975 -607.8705 0.7025778
828.82    -443.4413 -607.8731 0.7025501
828.83    -443.2851 -607.8756 0.7025224
828.84    -443.1288 -607.8782 0.7024948
828.85    -442.9726 -607.8807 0.702467
828.86    -442.8164 -607.8831 0.7024395
828.87    -442.6602 -607.8856 0.7024118
828.88    -442.504 -607.8881 0.7023841
828.89    -442.3478 -607.8905 0.7023565
828.9    -442.1917 -607.8929 0.7023288
828.91    -442.0355 -607.8953 0.7023012
828.92    -441.8793 -607.8977 0.702274
828.93    -441.7231 -607.9001 0.702247
828.94    -441.567 -607.9024 0.7022205
828.95    -441.4108 -607.9047 0.7021942
828.96    -441.2546 -607.907 0.7021683
828.97    -441.0985 -607.9093 0.7021435
828.98    -440.9424 -607.9116 0.7021199
828.99    -440.7863 -607.9138 0.7020974
829    -440.6302 -607.916 0.7020758
829.01    -440.4742 -607.9182 0.7020552
829.02    -440.3181 -607.9203 0.7020371
829.03    -440.162 -607.9225 0.7020214
829.04    -440.006 -607.9246 0.7020078
829.05    -439.8499 -607.9268 0.7019965
829.06    -439.6938 -607.9288 0.7019872
829.07    -439.5378 -607.9309 0.7019799
829.08    -439.3818 -607.9329 0.7019761
829.09    -439.2258 -607.935 0.7019756
829.1    -439.0698 -607.937 0.7019786
829.11    -438.9138 -607.939 0.7019845
829.12    -438.7578 -607.941 0.7019943
829.13    -438.6018 -607.9429 0.7020075
829.14    -438.4459 -607.9448 0.7020241
829.15    -438.2899 -607.9467 0.7020441
829.16    -438.134 -607.9485 0.7020671
829.17    -437.9781 -607.9504 0.7020934
829.18    -437.8222 -607.9522 0.7021228
829.19    -437.6663 -607.954 0.7021552
829.2    -437.5104 -607.9557 0.7021905
