260.96    -650.6323 -614.5236 0.7053788
260.97    -650.5061 -614.5181 0.7053193
260.98    -650.3799 -614.5126 0.7052568
260.99    -650.2537 -614.5071 0.7051913
261    -650.1275 -614.5015 0.7051232
261.01    -650.0013 -614.496 0.7050527
261.02    -649.8751 -614.4904 0.7049798
261.03    -649.7488 -614.4849 0.7049047
261.04    -649.6226 -614.4793 0.7048277
261.05    -649.4964 -614.4738 0.7047486
261.06    -649.3702 -614.4681 0.7046692
261.07    -649.244 -614.4626 0.7045895
261.08    -649.1177 -614.457 0.7045094
261.09    -648.9915 -614.4514 0.7044289
261.1    -648.8653 -614.4457 0.7043496
261.11    -648.7391 -614.4401 0.7042711
261.12    -648.6129 -614.4345 0.7041937
261.13    -648.4866 -614.4288 0.704117
261.14    -648.3604 -614.4232 0.7040427
261.15    -648.2342 -614.4175 0.7039707
261.16    -648.108 -614.4118 0.7039008
261.17    -647.9818 -614.4061 0.7038329
261.18    -647.8555 -614.4005 0.7037669
261.19    -647.7293 -614.3948 0.7037038
261.2    -647.6031 -614.389 0.7036436
261.21    -647.4769 -614.3833 0.703586
261.22    -647.3506 -614.3776 0.7035308
261.23    -647.2244 -614.3718 0.7034781
261.24    -647.0981 -614.3661 0.7034276
261.25    -646.9719 -614.3604 0.7033798
261.26    -646.8456 -614.3546 0.7033347
261.27    -646.7194 -614.3489 0.7032919
261.28    -646.5931 -614.343 0.7032515
261.29    -646.4668 -614.3372 0.7032132
261.3    -646.3405 -614.3314 0.703177
261.31    -646.2142 -614.3256 0.7031426
261.32    -646.088 -614.3198 0.70311
261.33    -645.9617 -614.314 0.7030792
261.34    -645.8354 -614.3082 0.70305
261.35    -645.7091 -614.3024 0.7030216
261.36    -645.5828 -614.2966 0.7029942
261.37    -645.4565 -614.2906 0.7029676
261.38    -645.3303 -614.2848 0.7029417
261.39    -645.204 -614.2789 0.7029159
261.4    -645.0777 -614.2731 0.70289
261.41    -644.9514 -614.2672 0.702864
261.42    -644.8251 -614.2614 0.7028379
261.43    -644.6989 -614.2555 0.7028119
261.44    -644.5725 -614.2496 0.7027858
261.45    -644.4462 -614.2437 0.7027594
261.46    -644.3199 -614.2377 0.7027327
261.47    -644.1937 -614.2318 0.7027057
261.48    -644.0673 -614.2258 0.7026784
261.49    -643.941 -614.2199 0.7026509
261.5    -643.8147 -614.214 0.7026236
261.51    -643.6884 -614.2081 0.7025966
261.52    -643.5621 -614.2021 0.7025697
261.53    -643.4357 -614.1962 0.7025431
261.54    -643.3094 -614.1902 0.7025166
261.55    -643.183 -614.1842 0.7024915
261.56    -643.0567 -614.1782 0.7024676
261.57    -642.9304 -614.1722 0.7024451
261.58    -642.804 -614.1662 0.7024238
261.59    -642.6777 -614.1602 0.7024035
261.6    -642.5513 -614.1542 0.7023864
261.61    -642.425 -614.1483 0.7023722
261.62    -642.2986 -614.1422 0.7023608
261.63    -642.1723 -614.1362 0.702352
261.64    -642.046 -614.1301 0.7023457
261.65    -641.9196 -614.1241 0.7023433
261.66    -641.7933 -614.118 0.7023444
261.67    -641.6669 -614.1119 0.702349
261.68    -641.5406 -614.1059 0.7023569
261.69    -641.4142 -614.0999 0.7023686
261.7    -641.2879 -614.0938 0.7023838
261.71    -641.1616 -614.0878 0.7024025
261.72    -641.0352 -614.0817 0.7024243
261.73    -640.9088 -614.0756 0.7024493
261.74    -640.7825 -614.0695 0.7024767
261.75    -640.6561 -614.0633 0.7025067
261.76    -640.5298 -614.0572 0.7025391
261.77    -640.4034 -614.0511 0.7025737
261.78    -640.277 -614.045 0.7026103
261.79    -640.1506 -614.0389 0.7026479
261.8    -640.0242 -614.0328 0.7026865
261.81    -639.8978 -614.0267 0.7027261
261.82    -639.7714 -614.0205 0.7027666
261.83    -639.645 -614.0143 0.7028078
261.84    -639.5186 -614.0082 0.7028484
261.85    -639.3922 -614.002 0.7028884
261.86    -639.2658 -613.9958 0.7029278
261.87    -639.1394 -613.9896 0.7029666
261.88    -639.013 -613.9835 0.7030049
261.89    -638.8866 -613.9773 0.703041
261.9    -638.7602 -613.9711 0.7030749
261.91    -638.6338 -613.965 0.7031071
261.92    -638.5074 -613.9588 0.7031373
261.93    -638.381 -613.9526 0.7031658
261.94    -638.2546 -613.9465 0.7031914
261.95    -638.1282 -613.9403 0.7032141
261.96    -638.0018 -613.9341 0.7032343
261.97    -637.8754 -613.928 0.703252
261.98    -637.7489 -613.9218 0.7032673
261.99    -637.6225 -613.9156 0.70328
262    -637.4961 -613.9095 0.7032905
262.01    -637.3696 -613.9033 0.7032986
262.02    -637.2432 -613.8971 0.7033046
262.03    -637.1167 -613.8909 0.7033086
262.04    -636.9902 -613.8846 0.7033107
262.05    -636.8638 -613.8784 0.703312
262.06    -636.7373 -613.8722 0.7033124
262.07    -636.6108 -613.866 0.7033121
262.08    -636.4844 -613.8597 0.7033111
262.09    -636.3579 -613.8535 0.7033095
262.1    -636.2314 -613.8473 0.7033082
262.11    -636.105 -613.8411 0.7033073
262.12    -635.9785 -613.8348 0.7033068
262.13    -635.8521 -613.8286 0.7033066
262.14    -635.7256 -613.8224 0.7033067
262.15    -635.5991 -613.8162 0.7033088
262.16    -635.4727 -613.8099 0.7033128
262.17    -635.3462 -613.8037 0.7033185
262.18    -635.2197 -613.7975 0.7033259
262.19    -635.0933 -613.7913 0.7033357
262.2    -634.9668 -613.785 0.7033478
262.21    -634.8403 -613.7788 0.703362
262.22    -634.7138 -613.7726 0.7033784
262.23    -634.5873 -613.7664 0.7033966
262.24    -634.4608 -613.7601 0.7034166
262.25    -634.3343 -613.754 0.7034391
262.26    -634.2078 -613.7477 0.7034636
262.27    -634.0812 -613.7415 0.70349
262.28    -633.9547 -613.7353 0.7035183
262.29    -633.8282 -613.7291 0.7035483
262.3    -633.7017 -613.7229 0.7035799
262.31    -633.5751 -613.7167 0.703613
262.32    -633.4486 -613.7106 0.7036475
262.33    -633.3221 -613.7044 0.7036833
262.34    -633.1956 -613.6982 0.7037195
262.35    -633.069 -613.6921 0.7037561
262.36    -632.9425 -613.686 0.703793
262.37    -632.816 -613.6798 0.7038303
262.38    -632.6895 -613.6736 0.703868
262.39    -632.5629 -613.6675 0.7039049
262.4    -632.4364 -613.6614 0.7039412
262.41    -632.3099 -613.6553 0.7039767
262.42    -632.1833 -613.6492 0.7040117
262.43    -632.0567 -613.6431 0.7040461
262.44    -631.9302 -613.637 0.7040788
262.45    -631.8036 -613.6309 0.7041097
262.46    -631.6771 -613.6249 0.704139
262.47    -631.5505 -613.6189 0.7041668
262.48    -631.4239 -613.6129 0.7041931
262.49    -631.2973 -613.6069 0.7042171
262.5    -631.1707 -613.6008 0.7042391
262.51    -631.0441 -613.5948 0.704259
262.52    -630.9175 -613.5888 0.7042771
262.53    -630.791 -613.5829 0.7042934
262.54    -630.6644 -613.5769 0.704308
262.55    -630.5378 -613.5709 0.7043208
262.56    -630.4112 -613.565 0.7043319
262.57    -630.2846 -613.5591 0.7043415
262.58    -630.158 -613.5532 0.7043495
262.59    -630.0314 -613.5473 0.7043561
262.6    -629.9048 -613.5414 0.7043617
262.61    -629.7782 -613.5356 0.7043664
262.62    -629.6516 -613.5297 0.7043702
262.63    -629.5249 -613.5239 0.7043732
262.64    -629.3983 -613.5181 0.704376
262.65    -629.2717 -613.5122 0.7043787
262.66    -629.145 -613.5065 0.7043812
262.67    -629.0184 -613.5007 0.7043836
262.68    -628.8917 -613.4949 0.7043859
262.69    -628.7651 -613.4891 0.7043891
262.7    -628.6384 -613.4834 0.7043931
262.71    -628.5118 -613.4777 0.7043979
262.72    -628.3851 -613.472 0.7044035
262.73    -628.2585 -613.4663 0.7044099
262.74    -628.1318 -613.4607 0.7044181
262.75    -628.0052 -613.455 0.7044281
262.76    -627.8785 -613.4494 0.7044397
262.77    -627.7519 -613.4438 0.704453
262.78    -627.6252 -613.4382 0.7044677
262.79    -627.4985 -613.4326 0.7044839
262.8    -627.3718 -613.4271 0.704502
262.81    -627.2452 -613.4216 0.7045221
262.82    -627.1185 -613.416 0.704544
262.83    -626.9918 -613.4105 0.7045675
262.84    -626.8651 -613.4051 0.7045926
262.85    -626.7384 -613.3996 0.7046192
262.86    -626.6117 -613.3942 0.7046471
262.87    -626.485 -613.3887 0.7046763
262.88    -626.3583 -613.3834 0.7047067
262.89    -626.2315 -613.3779 0.7047378
262.9    -626.1048 -613.3726 0.7047696
262.91    -625.9781 -613.3672 0.7048019
262.92    -625.8514 -613.3619 0.7048349
262.93    -625.7247 -613.3566 0.7048683
262.94    -625.598 -613.3513 0.7049019
262.95    -625.4713 -613.3461 0.7049354
262.96    -625.3445 -613.3408 0.704969
262.97    -625.2178 -613.3356 0.7050026
262.98    -625.091 -613.3304 0.7050362
262.99    -624.9643 -613.3252 0.7050693
263    -624.8376 -613.3201 0.7051018
263.01    -624.7108 -613.3149 0.705134
263.02    -624.584 -613.3099 0.7051655
263.03    -624.4573 -613.3047 0.7051967
263.04    -624.3305 -613.2997 0.7052274
263.05    -624.2037 -613.2947 0.7052572
263.06    -624.077 -613.2897 0.7052858
263.07    -623.9502 -613.2847 0.7053134
263.08    -623.8234 -613.2797 0.7053402
263.09    -623.6967 -613.2747 0.7053661
263.1    -623.5699 -613.2698 0.7053906
263.11    -623.4431 -613.2649 0.7054138
263.12    -623.3163 -613.2599 0.7054356
263.13    -623.1895 -613.2551 0.7054563
263.14    -623.0627 -613.2502 0.7054758
263.15    -622.9359 -613.2455 0.7054936
263.16    -622.8091 -613.2407 0.7055094
263.17    -622.6823 -613.2358 0.7055237
263.18    -622.5555 -613.2311 0.7055363
263.19    -622.4287 -613.2264 0.7055467
263.2    -622.3019 -613.2217 0.7055548
263.21    -622.175 -613.217 0.7055609
263.22    -622.0482 -613.2123 0.705565
263.23    -621.9214 -613.2077 0.7055672
263.24    -621.7946 -613.2031 0.7055671
263.25    -621.6677 -613.1985 0.7055647
263.26    -621.5409 -613.1939 0.7055602
263.27    -621.4141 -613.1894 0.7055537
263.28    -621.2872 -613.1848 0.7055453
263.29    -621.1603 -613.1804 0.7055351
263.3    -621.0334 -613.1758 0.7055231
263.31    -620.9066 -613.1713 0.7055094
263.32    -620.7798 -613.1669 0.705494
263.33    -620.6529 -613.1625 0.705477
263.34    -620.5261 -613.1581 0.7054587
263.35    -620.3992 -613.1536 0.7054393
263.36    -620.2723 -613.1492 0.7054187
263.37    -620.1454 -613.1449 0.7053971
263.38    -620.0186 -613.1405 0.7053744
263.39    -619.8917 -613.1362 0.7053515
263.4    -619.7648 -613.1319 0.7053283
263.41    -619.6379 -613.1276 0.7053048
263.42    -619.511 -613.1232 0.7052811
263.43    -619.3842 -613.119 0.7052572
263.44    -619.2573 -613.1147 0.7052339
263.45    -619.1304 -613.1105 0.7052112
263.46    -619.0035 -613.1062 0.705189
263.47    -618.8766 -613.1019 0.7051674
263.48    -618.7497 -613.0977 0.7051463
263.49    -618.6228 -613.0936 0.7051265
263.5    -618.4959 -613.0894 0.7051079
263.51    -618.369 -613.0851 0.7050906
263.52    -618.2421 -613.081 0.7050744
263.53    -618.1152 -613.0768 0.7050593
263.54    -617.9882 -613.0727 0.7050451
263.55    -617.8613 -613.0686 0.7050328
263.56    -617.7344 -613.0645 0.7050221
263.57    -617.6074 -613.0603 0.705013
263.58    -617.4805 -613.0562 0.7050054
263.59    -617.3535 -613.0521 0.7049993
263.6    -617.2266 -613.048 0.7049949
263.61    -617.0997 -613.0439 0.7049921
263.62    -616.9727 -613.0399 0.704991
263.63    -616.8458 -613.0358 0.7049913
263.64    -616.7188 -613.0318 0.704993
263.65    -616.5919 -613.0278 0.7049963
263.66    -616.465 -613.0237 0.7050014
263.67    -616.338 -613.0198 0.7050079
263.68    -616.2111 -613.0157 0.7050159
263.69    -616.0841 -613.0117 0.7050251
263.7    -615.9572 -613.0078 0.7050362
263.71    -615.8303 -613.0038 0.7050488
263.72    -615.7034 -612.9998 0.705063
263.73    -615.5765 -612.9958 0.7050787
263.74    -615.4496 -612.9919 0.7050961
263.75    -615.3227 -612.9879 0.7051154
263.76    -615.1958 -612.9839 0.7051363
263.77    -615.0689 -612.98 0.7051587
263.78    -614.942 -612.976 0.7051826
263.79    -614.8151 -612.972 0.7052081
263.8    -614.6882 -612.9681 0.705235
263.81    -614.5613 -612.9641 0.7052633
263.82    -614.4344 -612.9601 0.7052929
263.83    -614.3076 -612.9562 0.7053238
263.84    -614.1807 -612.9521 0.7053555
263.85    -614.0538 -612.9482 0.7053883
263.86    -613.9269 -612.9443 0.705422
263.87    -613.8 -612.9404 0.7054566
263.88    -613.6731 -612.9365 0.7054919
263.89    -613.5463 -612.9326 0.7055275
263.9    -613.4194 -612.9287 0.7055634
263.91    -613.2926 -612.9248 0.7055995
263.92    -613.1658 -612.9209 0.7056359
263.93    -613.0389 -612.917 0.7056726
263.94    -612.9121 -612.9131 0.7057094
263.95    -612.7853 -612.9092 0.7057465
263.96    -612.6584 -612.9052 0.7057826
263.97    -612.5316 -612.9013 0.7058179
263.98    -612.4048 -612.8974 0.7058524
263.99    -612.278 -612.8935 0.7058862
264    -612.1512 -612.8896 0.7059182
264.01    -612.0244 -612.8857 0.7059487
264.02    -611.8976 -612.8818 0.7059777
264.03    -611.7709 -612.8778 0.7060052
264.04    -611.6441 -612.8738 0.7060314
264.05    -611.5173 -612.8698 0.706055
264.06    -611.3906 -612.8658 0.7060762
264.07    -611.2638 -612.8619 0.7060952
264.08    -611.137 -612.8579 0.706112
264.09    -611.0103 -612.8539 0.7061267
264.1    -610.8835 -612.85 0.7061386
264.11    -610.7568 -612.846 0.7061477
264.12    -610.6301 -612.842 0.7061543
264.13    -610.5034 -612.838 0.7061585
264.14    -610.3767 -612.834 0.7061602
264.15    -610.25 -612.8301 0.7061592
264.16    -610.1233 -612.8261 0.7061555
264.17    -609.9966 -612.8221 0.7061494
264.18    -609.8699 -612.8182 0.7061409
264.19    -609.7432 -612.8142 0.7061301
264.2    -609.6165 -612.8102 0.7061172
264.21    -609.4899 -612.8062 0.706102
264.22    -609.3632 -612.8021 0.7060847
264.23    -609.2365 -612.7981 0.7060654
264.24    -609.1099 -612.7941 0.7060443
264.25    -608.9832 -612.79 0.7060214
264.26    -608.8566 -612.786 0.7059969
264.27    -608.7299 -612.7819 0.7059708
264.28    -608.6033 -612.7779 0.7059432
264.29    -608.4767 -612.7739 0.7059142
264.3    -608.35 -612.7698 0.7058839
264.31    -608.2234 -612.7658 0.7058524
264.32    -608.0967 -612.7618 0.7058197
264.33    -607.9701 -612.7577 0.7057859
264.34    -607.8435 -612.7535 0.7057515
264.35    -607.7169 -612.7495 0.7057167
264.36    -607.5903 -612.7454 0.7056811
264.37    -607.4637 -612.7413 0.7056451
264.38    -607.3372 -612.7372 0.7056086
264.39    -607.2106 -612.7331 0.7055726
264.4    -607.084 -612.729 0.7055369
264.41    -606.9574 -612.7249 0.7055016
264.42    -606.8308 -612.7208 0.7054666
264.43    -606.7042 -612.7167 0.7054321
264.44    -606.5777 -612.7126 0.7053989
264.45    -606.4512 -612.7085 0.7053672
264.46    -606.3246 -612.7044 0.7053369
264.47    -606.1981 -612.7003 0.7053078
264.48    -606.0716 -612.6962 0.70528
264.49    -605.9451 -612.692 0.7052542
264.5    -605.8185 -612.6879 0.7052303
264.51    -605.692 -612.6837 0.7052082
264.52    -605.5655 -612.6796 0.7051879
264.53    -605.439 -612.6754 0.7051692
264.54    -605.3124 -612.6713 0.7051521
264.55    -605.1859 -612.6671 0.7051365
264.56    -605.0594 -612.663 0.7051232
264.57    -604.933 -612.6588 0.7051122
264.58    -604.8065 -612.6546 0.7051034
264.59    -604.6801 -612.6505 0.7050966
264.6    -604.5536 -612.6463 0.7050923
264.61    -604.4271 -612.6422 0.7050901
264.62    -604.3007 -612.638 0.70509
264.63    -604.1742 -612.6339 0.705092
264.64    -604.0477 -612.6296 0.7050959
264.65    -603.9213 -612.6254 0.7051019
264.66    -603.7949 -612.6212 0.70511
264.67    -603.6685 -612.617 0.7051199
264.68    -603.5421 -612.6128 0.7051317
264.69    -603.4157 -612.6086 0.7051452
264.7    -603.2893 -612.6044 0.7051603
264.71    -603.1629 -612.6002 0.7051768
264.72    -603.0365 -612.5959 0.705195
264.73    -602.9101 -612.5917 0.7052144
264.74    -602.7837 -612.5875 0.7052348
264.75    -602.6573 -612.5833 0.7052562
264.76    -602.5309 -612.579 0.7052784
264.77    -602.4045 -612.5748 0.7053013
264.78    -602.2781 -612.5705 0.7053251
264.79    -602.1517 -612.5662 0.7053489
264.8    -602.0253 -612.562 0.7053727
264.81    -601.8989 -612.5577 0.7053965
264.82    -601.7725 -612.5534 0.7054203
264.83    -601.6461 -612.5491 0.705444
264.84    -601.5198 -612.5449 0.7054667
264.85    -601.3934 -612.5406 0.7054884
264.86    -601.267 -612.5363 0.7055092
264.87    -601.1406 -612.532 0.705529
264.88    -601.0142 -612.5277 0.705548
264.89    -600.8878 -612.5234 0.705565
264.9    -600.7614 -612.519 0.7055799
264.91    -600.635 -612.5147 0.7055931
264.92    -600.5086 -612.5104 0.7056044
264.93    -600.3822 -612.506 0.7056141
264.94    -600.2559 -612.5017 0.7056211
264.95    -600.1295 -612.4974 0.7056257
264.96    -600.0031 -612.493 0.7056279
264.97    -599.8766 -612.4886 0.7056278
264.98    -599.7502 -612.4843 0.7056255
264.99    -599.6238 -612.48 0.7056207
265    -599.4974 -612.4756 0.7056134
265.01    -599.371 -612.4712 0.7056037
265.02    -599.2446 -612.4668 0.7055917
265.03    -599.1182 -612.4624 0.7055777
265.04    -598.9918 -612.458 0.7055615
265.05    -598.8654 -612.4536 0.7055434
265.06    -598.739 -612.4492 0.7055234
265.07    -598.6126 -612.4448 0.7055016
265.08    -598.4862 -612.4404 0.7054782
265.09    -598.3598 -612.436 0.7054533
265.1    -598.2334 -612.4316 0.7054271
265.11    -598.107 -612.4271 0.7053996
265.12    -597.9806 -612.4226 0.7053707
265.13    -597.8542 -612.4182 0.7053407
265.14    -597.7278 -612.4137 0.70531
265.15    -597.6014 -612.4092 0.7052786
265.16    -597.475 -612.4048 0.7052466
265.17    -597.3486 -612.4003 0.7052138
265.18    -597.2222 -612.3959 0.7051805
265.19    -597.0958 -612.3914 0.7051476
265.2    -596.9694 -612.3868 0.7051149
265.21    -596.843 -612.3823 0.7050825
265.22    -596.7166 -612.3778 0.7050503
265.23    -596.5901 -612.3733 0.7050183
265.24    -596.4637 -612.3688 0.7049866
265.25    -596.3373 -612.3643 0.704956
265.26    -596.2109 -612.3597 0.7049264
265.27    -596.0845 -612.3551 0.7048979
265.28    -595.9581 -612.3505 0.7048704
265.29    -595.8317 -612.3459 0.7048444
265.3    -595.7053 -612.3414 0.7048197
265.31    -595.5789 -612.3368 0.7047964
265.32    -595.4525 -612.3322 0.7047743
265.33    -595.3261 -612.3276 0.7047533
265.34    -595.1996 -612.3229 0.7047336
265.35    -595.0732 -612.3183 0.7047151
265.36    -594.9468 -612.3137 0.704698
265.37    -594.8204 -612.309 0.7046822
265.38    -594.694 -612.3043 0.7046674
265.39    -594.5676 -612.2997 0.7046539
265.4    -594.4412 -612.295 0.7046412
265.41    -594.3148 -612.2903 0.7046297
265.42    -594.1884 -612.2856 0.7046189
265.43    -594.0619 -612.2809 0.7046092
265.44    -593.9355 -612.2762 0.7046002
265.45    -593.8091 -612.2715 0.7045921
265.46    -593.6827 -612.2668 0.7045847
265.47    -593.5562 -612.262 0.7045782
265.48    -593.4297 -612.2572 0.7045724
265.49    -593.3033 -612.2524 0.7045675
265.5    -593.1769 -612.2477 0.7045636
265.51    -593.0505 -612.2429 0.7045605
265.52    -592.9241 -612.2381 0.7045581
265.53    -592.7976 -612.2333 0.7045567
265.54    -592.6712 -612.2285 0.7045566
265.55    -592.5448 -612.2236 0.704558
265.56    -592.4183 -612.2188 0.7045607
265.57    -592.2919 -612.2139 0.7045646
265.58    -592.1654 -612.2091 0.7045696
265.59    -592.039 -612.2042 0.7045769
265.6    -591.9126 -612.1993 0.7045861
265.61    -591.7861 -612.1944 0.7045975
265.62    -591.6597 -612.1895 0.7046106
265.63    -591.5332 -612.1846 0.7046255
265.64    -591.4068 -612.1797 0.7046431
265.65    -591.2803 -612.1747 0.7046633
265.66    -591.1539 -612.1698 0.704686
265.67    -591.0274 -612.1649 0.704711
265.68    -590.9009 -612.1599 0.7047382
265.69    -590.7745 -612.155 0.7047681
265.7    -590.6481 -612.15 0.7048004
265.71    -590.5216 -612.145 0.704835
265.72    -590.3951 -612.14 0.7048718
265.73    -590.2687 -612.1349 0.7049108
265.74    -590.1422 -612.1299 0.7049516
265.75    -590.0157 -612.1249 0.7049941
265.76    -589.8893 -612.1199 0.7050384
265.77    -589.7628 -612.1148 0.7050844
265.78    -589.6364 -612.1097 0.7051318
265.79    -589.5099 -612.1047 0.7051804
265.8    -589.3835 -612.0996 0.7052303
265.81    -589.257 -612.0945 0.7052813
265.82    -589.1306 -612.0894 0.7053334
265.83    -589.0041 -612.0844 0.7053866
265.84    -588.8776 -612.0792 0.7054407
265.85    -588.7512 -612.0741 0.7054957
265.86    -588.6247 -612.0689 0.7055516
265.87    -588.4982 -612.0638 0.7056082
265.88    -588.3718 -612.0587 0.7056657
265.89    -588.2453 -612.0535 0.7057239
265.9    -588.1188 -612.0484 0.7057828
265.91    -587.9924 -612.0433 0.7058424
265.92    -587.8659 -612.0381 0.7059026
265.93    -587.7394 -612.0329 0.7059634
265.94    -587.613 -612.0276 0.7060247
265.95    -587.4865 -612.0225 0.7060865
265.96    -587.36 -612.0173 0.7061488
265.97    -587.2336 -612.0121 0.7062116
265.98    -587.1071 -612.0069 0.7062749
265.99    -586.9807 -612.0017 0.7063386
266    -586.8542 -611.9965 0.7064026
266.01    -586.7277 -611.9913 0.7064671
266.02    -586.6013 -611.9861 0.7065319
266.03    -586.4748 -611.9808 0.706597
266.04    -586.3483 -611.9756 0.7066624
266.05    -586.2219 -611.9703 0.7067282
266.06    -586.0954 -611.9651 0.7067943
266.07    -585.9689 -611.9598 0.7068607
266.08    -585.8425 -611.9545 0.7069273
266.09    -585.716 -611.9493 0.7069941
266.1    -585.5895 -611.944 0.7070612
266.11    -585.4631 -611.9388 0.7071285
266.12    -585.3366 -611.9335 0.7071961
266.13    -585.2101 -611.9283 0.7072638
266.14    -585.0837 -611.923 0.7073317
266.15    -584.9572 -611.9177 0.7073998
266.16    -584.8307 -611.9124 0.7074681
266.17    -584.7043 -611.907 0.7075365
266.18    -584.5778 -611.9017 0.7076051
266.19    -584.4514 -611.8964 0.7076739
266.2    -584.3249 -611.8911 0.7077428
266.21    -584.1984 -611.8858 0.7078118
266.22    -584.072 -611.8805 0.7078809
266.23    -583.9455 -611.8752 0.7079501
266.24    -583.8191 -611.8699 0.7080194
266.25    -583.6927 -611.8646 0.7080889
266.26    -583.5662 -611.8593 0.7081586
266.27    -583.4398 -611.8539 0.7082282
266.28    -583.3133 -611.8486 0.708298
266.29    -583.1869 -611.8433 0.7083678
266.3    -583.0605 -611.838 0.7084377
266.31    -582.9341 -611.8327 0.7085078
266.32    -582.8076 -611.8274 0.7085779
266.33    -582.6812 -611.8221 0.708648
266.34    -582.5547 -611.8167 0.7087183
266.35    -582.4283 -611.8113 0.7087886
266.36    -582.3019 -611.806 0.708859
266.37    -582.1755 -611.8006 0.7089294
266.38    -582.0491 -611.7952 0.709
266.39    -581.9227 -611.7899 0.7090705
266.4    -581.7963 -611.7845 0.7091412
266.41    -581.6699 -611.7791 0.7092118
266.42    -581.5435 -611.7737 0.7092825
266.43    -581.4171 -611.7684 0.7093532
266.44    -581.2906 -611.763 0.7094237
266.45    -581.1642 -611.7576 0.7094941
266.46    -581.0378 -611.7523 0.7095644
266.47    -580.9114 -611.7469 0.7096345
266.48    -580.785 -611.7415 0.7097046
266.49    -580.6586 -611.7361 0.7097746
266.5    -580.5322 -611.7308 0.7098441
266.51    -580.4058 -611.7254 0.7099133
266.52    -580.2794 -611.72 0.7099819
266.53    -580.153 -611.7147 0.7100504
266.54    -580.0266 -611.7093 0.7101182
266.55    -579.9002 -611.7039 0.7101855
266.56    -579.7738 -611.6985 0.7102522
266.57    -579.6474 -611.6932 0.7103184
266.58    -579.521 -611.6878 0.7103842
266.59    -579.3946 -611.6824 0.7104494
266.6    -579.2682 -611.6771 0.7105142
266.61    -579.1418 -611.6717 0.7105785
266.62    -579.0154 -611.6663 0.7106425
266.63    -578.889 -611.6609 0.710706
266.64    -578.7626 -611.6556 0.7107692
266.65    -578.6362 -611.6502 0.7108321
266.66    -578.5098 -611.6448 0.7108945
266.67    -578.3834 -611.6395 0.7109567
266.68    -578.257 -611.6341 0.7110186
266.69    -578.1306 -611.6287 0.7110802
266.7    -578.0042 -611.6234 0.7111415
266.71    -577.8777 -611.618 0.7112025
266.72    -577.7513 -611.6127 0.7112634
266.73    -577.6249 -611.6073 0.7113239
266.74    -577.4985 -611.6019 0.7113842
266.75    -577.3721 -611.5966 0.7114441
266.76    -577.2457 -611.5912 0.7115039
266.77    -577.1193 -611.5859 0.7115632
266.78    -576.9929 -611.5806 0.7116222
266.79    -576.8666 -611.5753 0.7116807
266.8    -576.7402 -611.5699 0.7117385
266.81    -576.6138 -611.5646 0.7117959
266.82    -576.4874 -611.5593 0.7118526
266.83    -576.361 -611.554 0.7119088
266.84    -576.2346 -611.5487 0.7119638
266.85    -576.1083 -611.5435 0.7120175
266.86    -575.9819 -611.5381 0.71207
266.87    -575.8555 -611.5328 0.7121214
266.88    -575.7291 -611.5275 0.7121718
266.89    -575.6027 -611.5222 0.71222
266.9    -575.4764 -611.5169 0.7122661
266.91    -575.35 -611.5117 0.7123103
266.92    -575.2236 -611.5065 0.7123525
266.93    -575.0972 -611.5012 0.7123931
266.94    -574.9709 -611.496 0.7124308
266.95    -574.8445 -611.4907 0.7124658
266.96    -574.7182 -611.4855 0.7124983
266.97    -574.5919 -611.4802 0.7125283
266.98    -574.4655 -611.475 0.7125561
266.99    -574.3391 -611.4698 0.7125818
267    -574.2127 -611.4645 0.712604
267.01    -574.0864 -611.4593 0.7126232
267.02    -573.96 -611.454 0.7126393
267.03    -573.8336 -611.4488 0.7126527
267.04    -573.7072 -611.4436 0.7126634
267.05    -573.5809 -611.4384 0.7126712
267.06    -573.4545 -611.4332 0.7126763
267.07    -573.3282 -611.4281 0.7126788
267.08    -573.2018 -611.4229 0.7126789
267.09    -573.0755 -611.4177 0.7126766
267.1    -572.9492 -611.4125 0.7126721
267.11    -572.8228 -611.4073 0.7126655
267.12    -572.6965 -611.4022 0.7126568
267.13    -572.5701 -611.397 0.7126462
267.14    -572.4438 -611.3918 0.7126338
267.15    -572.3174 -611.3866 0.7126198
267.16    -572.1911 -611.3815 0.7126042
267.17    -572.0648 -611.3763 0.712587
267.18    -571.9384 -611.3711 0.7125684
267.19    -571.8121 -611.366 0.7125485
267.2    -571.6857 -611.3608 0.7125276
267.21    -571.5594 -611.3557 0.7125058
267.22    -571.433 -611.3506 0.7124832
267.23    -571.3067 -611.3455 0.7124598
267.24    -571.1804 -611.3403 0.7124356
267.25    -571.054 -611.3352 0.7124112
267.26    -570.9277 -611.3301 0.7123866
267.27    -570.8013 -611.325 0.7123618
267.28    -570.675 -611.3199 0.7123368
267.29    -570.5487 -611.3148 0.7123123
267.3    -570.4224 -611.3096 0.7122881
267.31    -570.296 -611.3045 0.7122642
267.32    -570.1697 -611.2994 0.7122407
267.33    -570.0433 -611.2944 0.7122175
267.34    -569.9171 -611.2893 0.7121949
267.35    -569.7908 -611.2842 0.7121729
267.36    -569.6644 -611.2792 0.7121513
267.37    -569.5381 -611.2741 0.7121301
267.38    -569.4117 -611.269 0.7121094
267.39    -569.2855 -611.264 0.7120892
267.4    -569.1592 -611.2589 0.7120692
267.41    -569.0329 -611.2538 0.7120497
267.42    -568.9066 -611.2488 0.7120304
267.43    -568.7802 -611.2438 0.7120114
267.44    -568.6539 -611.2387 0.7119923
267.45    -568.5276 -611.2336 0.7119731
267.46    -568.4014 -611.2286 0.7119538
267.47    -568.2751 -611.2236 0.7119343
267.48    -568.1488 -611.2186 0.7119147
267.49    -568.0225 -611.2136 0.711895
267.5    -567.8962 -611.2086 0.7118745
267.51    -567.7699 -611.2036 0.7118531
267.52    -567.6436 -611.1986 0.711831
267.53    -567.5173 -611.1936 0.7118081
267.54    -567.3911 -611.1886 0.7117845
267.55    -567.2648 -611.1836 0.7117599
267.56    -567.1385 -611.1786 0.7117341
267.57    -567.0122 -611.1736 0.7117073
267.58    -566.8859 -611.1686 0.7116794
267.59    -566.7596 -611.1636 0.7116507
267.6    -566.6334 -611.1586 0.7116207
267.61    -566.5071 -611.1536 0.7115898
267.62    -566.3808 -611.1487 0.7115579
267.63    -566.2545 -611.1437 0.711525
267.64    -566.1283 -611.1388 0.7114913
267.65    -566.0021 -611.1339 0.7114569
267.66    -565.8759 -611.1289 0.7114218
267.67    -565.7496 -611.124 0.7113861
267.68    -565.6234 -611.119 0.7113499
267.69    -565.4971 -611.1141 0.711313
267.7    -565.3708 -611.1091 0.7112765
267.71    -565.2446 -611.1042 0.7112404
267.72    -565.1184 -611.0992 0.7112045
267.73    -564.9922 -611.0943 0.7111689
267.74    -564.866 -611.0894 0.7111337
267.75    -564.7397 -611.0844 0.7110998
267.76    -564.6135 -611.0795 0.7110673
267.77    -564.4873 -611.0745 0.7110363
267.78    -564.3611 -611.0696 0.7110065
267.79    -564.2349 -611.0647 0.7109788
267.8    -564.1086 -611.0598 0.7109532
267.81    -563.9824 -611.0549 0.7109295
267.82    -563.8562 -611.05 0.7109076
267.83    -563.73 -611.0452 0.7108876
267.84    -563.6038 -611.0403 0.7108703
267.85    -563.4777 -611.0354 0.7108556
267.86    -563.3514 -611.0305 0.7108436
267.87    -563.2252 -611.0256 0.7108339
267.88    -563.099 -611.0208 0.7108265
267.89    -562.9728 -611.0159 0.7108212
267.9    -562.8466 -611.011 0.7108186
267.91    -562.7204 -611.0061 0.7108186
267.92    -562.5942 -611.0012 0.7108211
267.93    -562.468 -610.9963 0.7108259
267.94    -562.3418 -610.9915 0.7108333
267.95    -562.2156 -610.9866 0.710843
267.96    -562.0894 -610.9817 0.710855
267.97    -561.9632 -610.9768 0.7108693
267.98    -561.837 -610.9719 0.7108855
267.99    -561.7108 -610.967 0.7109039
268    -561.5846 -610.9622 0.7109242
268.01    -561.4584 -610.9573 0.7109465
268.02    -561.3322 -610.9524 0.7109706
268.03    -561.2059 -610.9475 0.7109963
268.04    -561.0797 -610.9426 0.7110236
268.05    -560.9535 -610.9377 0.7110527
268.06    -560.8273 -610.9329 0.7110834
268.07    -560.701 -610.928 0.7111156
268.08    -560.5748 -610.9231 0.7111492
268.09    -560.4486 -610.9182 0.7111842
268.1    -560.3224 -610.9133 0.7112205
268.11    -560.1962 -610.9084 0.7112581
268.12    -560.0699 -610.9036 0.7112968
268.13    -559.9437 -610.8987 0.7113366
268.14    -559.8174 -610.8938 0.7113776
268.15    -559.6912 -610.8889 0.7114192
268.16    -559.565 -610.884 0.7114616
268.17    -559.4387 -610.8792 0.7115047
268.18    -559.3124 -610.8743 0.7115485
268.19    -559.1862 -610.8694 0.7115922
268.2    -559.0599 -610.8645 0.7116361
268.21    -558.9337 -610.8596 0.7116799
268.22    -558.8074 -610.8547 0.7117239
268.23    -558.6811 -610.8499 0.7117678
268.24    -558.5547 -610.845 0.7118118
268.25    -558.4285 -610.8401 0.7118542
268.26    -558.3022 -610.8352 0.7118952
268.27    -558.1758 -610.8303 0.7119348
268.28    -558.0495 -610.8254 0.7119732
268.29    -557.9232 -610.8206 0.712009
268.3    -557.7969 -610.8156 0.7120424
268.31    -557.6705 -610.8107 0.7120737
268.32    -557.5442 -610.8058 0.7121028
268.33    -557.4178 -610.801 0.71213
268.34    -557.2915 -610.7961 0.7121539
268.35    -557.1652 -610.7912 0.7121747
268.36    -557.0388 -610.7863 0.7121927
268.37    -556.9124 -610.7814 0.7122079
268.38    -556.786 -610.7766 0.7122206
268.39    -556.6597 -610.7717 0.7122299
268.4    -556.5333 -610.7668 0.7122359
268.41    -556.4069 -610.7619 0.7122389
268.42    -556.2805 -610.757 0.712239
268.43    -556.1541 -610.7521 0.7122363
268.44    -556.0276 -610.7473 0.7122304
268.45    -555.9012 -610.7424 0.7122216
268.46    -555.7748 -610.7375 0.7122098
268.47    -555.6484 -610.7326 0.7121953
268.48    -555.5219 -610.7277 0.7121781
268.49    -555.3955 -610.7228 0.7121581
268.5    -555.269 -610.7179 0.7121354
268.51    -555.1426 -610.713 0.71211
268.52    -555.0161 -610.7081 0.7120822
268.53    -554.8896 -610.7031 0.712052
268.54    -554.7632 -610.6982 0.7120193
268.55    -554.6367 -610.6932 0.7119841
268.56    -554.5103 -610.6883 0.7119466
268.57    -554.3837 -610.6833 0.7119068
268.58    -554.2572 -610.6784 0.7118649
268.59    -554.1307 -610.6735 0.711821
268.6    -554.0042 -610.6685 0.7117747
268.61    -553.8776 -610.6636 0.7117264
268.62    -553.7511 -610.6588 0.7116758
268.63    -553.6246 -610.6539 0.7116232
268.64    -553.498 -610.649 0.7115688
268.65    -553.3715 -610.6441 0.711512
268.66    -553.2449 -610.6392 0.7114532
268.67    -553.1183 -610.6343 0.7113924
268.68    -552.9918 -610.6295 0.7113296
268.69    -552.8652 -610.6246 0.7112651
268.7    -552.7386 -610.6198 0.7111983
268.71    -552.612 -610.6149 0.7111294
268.72    -552.4854 -610.61 0.7110584
268.73    -552.3588 -610.6051 0.7109855
268.74    -552.2322 -610.6002 0.7109107
268.75    -552.1056 -610.5953 0.7108336
268.76    -551.979 -610.5905 0.7107542
268.77    -551.8524 -610.5856 0.7106725
268.78    -551.7257 -610.5807 0.7105888
268.79    -551.5991 -610.5758 0.7105031
268.8    -551.4724 -610.5709 0.7104154
268.81    -551.3458 -610.566 0.7103258
268.82    -551.2191 -610.5612 0.7102343
268.83    -551.0925 -610.5563 0.7101411
268.84    -550.9658 -610.5514 0.7100463
268.85    -550.8392 -610.5465 0.70995
268.86    -550.7125 -610.5416 0.7098522
268.87    -550.5858 -610.5367 0.709753
268.88    -550.4591 -610.5319 0.7096525
268.89    -550.3324 -610.527 0.709551
268.9    -550.2057 -610.5221 0.7094483
268.91    -550.079 -610.5172 0.7093445
268.92    -549.9523 -610.5123 0.7092397
268.93    -549.8256 -610.5075 0.709134
268.94    -549.6989 -610.5026 0.7090275
268.95    -549.5721 -610.4977 0.70892
268.96    -549.4454 -610.4929 0.7088118
268.97    -549.3187 -610.488 0.7087029
268.98    -549.1919 -610.4831 0.7085932
268.99    -549.0651 -610.4782 0.7084834
269    -548.9384 -610.4733 0.7083734
269.01    -548.8116 -610.4684 0.7082632
269.02    -548.6848 -610.4636 0.7081527
269.03    -548.558 -610.4587 0.7080421
269.04    -548.4312 -610.4538 0.7079313
269.05    -548.3044 -610.4489 0.7078214
269.06    -548.1777 -610.444 0.7077122
269.07    -548.0508 -610.4391 0.7076039
269.08    -547.924 -610.4343 0.7074964
269.09    -547.7972 -610.4294 0.7073897
269.1    -547.6703 -610.4246 0.707285
269.11    -547.5435 -610.4198 0.7071826
269.12    -547.4167 -610.415 0.7070822
269.13    -547.2899 -610.4102 0.7069837
269.14    -547.163 -610.4054 0.706887
269.15    -547.0361 -610.4006 0.7067933
269.16    -546.9093 -610.3958 0.7067022
269.17    -546.7824 -610.3909 0.7066138
269.18    -546.6555 -610.3861 0.7065278
269.19    -546.5286 -610.3813 0.7064441
269.2    -546.4017 -610.3765 0.7063636
269.21    -546.2748 -610.3716 0.7062862
269.22    -546.1479 -610.3668 0.7062116
269.23    -546.0211 -610.362 0.7061398
269.24    -545.8942 -610.3572 0.706071
269.25    -545.7673 -610.3524 0.7060053
269.26    -545.6404 -610.3475 0.7059423
269.27    -545.5135 -610.3427 0.705882
269.28    -545.3866 -610.3379 0.7058242
269.29    -545.2596 -610.3331 0.7057687
269.3    -545.1328 -610.3283 0.7057158
269.31    -545.0059 -610.3235 0.7056653
269.32    -544.879 -610.3187 0.7056171
269.33    -544.752 -610.3138 0.705571
269.34    -544.6251 -610.309 0.7055272
269.35    -544.4982 -610.3043 0.7054858
269.36    -544.3713 -610.2995 0.7054464
269.37    -544.2444 -610.2947 0.705409
269.38    -544.1174 -610.29 0.7053735
269.39    -543.9905 -610.2852 0.7053398
269.4    -543.8636 -610.2805 0.7053086
269.41    -543.7366 -610.2757 0.7052794
269.42    -543.6097 -610.2709 0.7052522
269.43    -543.4827 -610.2662 0.705227
269.44    -543.3558 -610.2615 0.7052043
269.45    -543.2289 -610.2567 0.7051838
269.46    -543.1021 -610.252 0.7051655
269.47    -542.9751 -610.2472 0.7051492
269.48    -542.8481 -610.2425 0.7051349
269.49    -542.7213 -610.2378 0.7051227
269.5    -542.5944 -610.2331 0.7051126
269.51    -542.4675 -610.2284 0.7051043
269.52    -542.3406 -610.2238 0.7050979
269.53    -542.2136 -610.2191 0.7050931
269.54    -542.0867 -610.2144 0.70509
269.55    -541.9598 -610.2097 0.7050884
269.56    -541.8329 -610.2051 0.7050883
269.57    -541.7061 -610.2005 0.7050895
269.58    -541.5792 -610.1959 0.7050921
269.59    -541.4522 -610.1912 0.7050959
269.6    -541.3253 -610.1866 0.7051009
269.61    -541.1984 -610.1821 0.705107
269.62    -541.0715 -610.1775 0.7051142
269.63    -540.9446 -610.1729 0.7051224
269.64    -540.8177 -610.1683 0.7051316
269.65    -540.6909 -610.1638 0.7051417
269.66    -540.564 -610.1593 0.7051525
269.67    -540.4371 -610.1548 0.7051643
269.68    -540.3102 -610.1503 0.7051767
269.69    -540.1833 -610.1458 0.7051898
269.7    -540.0564 -610.1414 0.7052038
269.71    -539.9295 -610.137 0.7052184
269.72    -539.8026 -610.1325 0.7052336
269.73    -539.6757 -610.1282 0.7052494
269.74    -539.5488 -610.1238 0.7052657
269.75    -539.4219 -610.1194 0.7052826
269.76    -539.295 -610.1151 0.7052999
269.77    -539.1682 -610.1108 0.7053178
269.78    -539.0413 -610.1065 0.7053361
269.79    -538.9144 -610.1022 0.7053549
269.8    -538.7875 -610.098 0.705374
269.81    -538.6606 -610.0938 0.7053936
269.82    -538.5337 -610.0896 0.7054136
269.83    -538.4068 -610.0854 0.7054338
269.84    -538.28 -610.0813 0.7054545
269.85    -538.1531 -610.0772 0.7054754
269.86    -538.0262 -610.0731 0.7054966
269.87    -537.8994 -610.069 0.7055181
269.88    -537.7725 -610.065 0.7055399
269.89    -537.6456 -610.061 0.705562
269.9    -537.5188 -610.057 0.7055842
269.91    -537.392 -610.0531 0.7056068
269.92    -537.2651 -610.0491 0.7056295
269.93    -537.1382 -610.0453 0.7056525
269.94    -537.0114 -610.0414 0.7056757
269.95    -536.8845 -610.0377 0.705699
269.96    -536.7576 -610.0338 0.7057226
269.97    -536.6308 -610.0301 0.7057463
269.98    -536.504 -610.0264 0.7057702
269.99    -536.3771 -610.0227 0.7057942
270    -536.2503 -610.0191 0.7058184
270.01    -536.1235 -610.0154 0.7058428
270.02    -535.9966 -610.0119 0.7058672
270.03    -535.8698 -610.0084 0.7058918
270.04    -535.743 -610.0049 0.7059166
270.05    -535.6161 -610.0015 0.7059414
270.06    -535.4893 -609.9982 0.7059665
270.07    -535.3625 -609.9948 0.7059915
270.08    -535.2357 -609.9915 0.7060167
270.09    -535.1088 -609.9883 0.7060419
270.1    -534.982 -609.985 0.7060673
270.11    -534.8552 -609.9819 0.7060927
270.12    -534.7283 -609.9788 0.7061182
270.13    -534.6015 -609.9757 0.7061438
270.14    -534.4747 -609.9727 0.7061695
270.15    -534.3479 -609.9697 0.7061952
270.16    -534.2211 -609.9667 0.706221
270.17    -534.0942 -609.9639 0.7062469
270.18    -533.9674 -609.961 0.7062728
270.19    -533.8406 -609.9582 0.7062988
270.2    -533.7138 -609.9554 0.7063249
270.21    -533.587 -609.9528 0.706351
270.22    -533.4603 -609.9501 0.7063771
270.23    -533.3335 -609.9476 0.7064034
270.24    -533.2067 -609.945 0.7064297
270.25    -533.0798 -609.9425 0.7064559
270.26    -532.9531 -609.9401 0.7064823
270.27    -532.8263 -609.9377 0.7065086
270.28    -532.6995 -609.9354 0.7065351
270.29    -532.5728 -609.9331 0.7065616
270.3    -532.446 -609.9309 0.706588
270.31    -532.3192 -609.9287 0.7066146
270.32    -532.1924 -609.9266 0.7066411
270.33    -532.0657 -609.9245 0.7066678
270.34    -531.9389 -609.9225 0.7066944
270.35    -531.8121 -609.9205 0.706721
270.36    -531.6854 -609.9187 0.7067477
270.37    -531.5586 -609.9169 0.7067745
270.38    -531.4318 -609.915 0.7068012
270.39    -531.3051 -609.9133 0.706828
270.4    -531.1784 -609.9116 0.7068548
270.41    -531.0517 -609.9099 0.7068816
270.42    -530.9249 -609.9083 0.7069085
270.43    -530.7982 -609.9069 0.7069353
270.44    -530.6714 -609.9054 0.7069622
270.45    -530.5447 -609.904 0.7069892
270.46    -530.418 -609.9026 0.7070161
270.47    -530.2913 -609.9014 0.7070431
270.48    -530.1646 -609.9001 0.7070701
270.49    -530.0379 -609.8989 0.7070971
270.5    -529.9112 -609.8978 0.7071241
270.51    -529.7845 -609.8967 0.7071512
270.52    -529.6578 -609.8956 0.7071782
270.53    -529.5311 -609.8947 0.7072053
270.54    -529.4044 -609.8937 0.7072324
270.55    -529.2776 -609.8929 0.7072595
270.56    -529.1509 -609.8921 0.7072867
270.57    -529.0242 -609.8913 0.7073138
270.58    -528.8975 -609.8906 0.707341
270.59    -528.7708 -609.8899 0.7073681
270.6    -528.6442 -609.8893 0.7073953
270.61    -528.5175 -609.8887 0.7074224
270.62    -528.3909 -609.8882 0.7074496
270.63    -528.2642 -609.8878 0.7074766
270.64    -528.1376 -609.8874 0.7075037
270.65    -528.0109 -609.887 0.7075307
270.66    -527.8843 -609.8867 0.7075577
270.67    -527.7576 -609.8865 0.7075847
270.68    -527.631 -609.8862 0.7076117
270.69    -527.5043 -609.886 0.7076386
270.7    -527.3777 -609.8859 0.7076655
270.71    -527.251 -609.8857 0.7076924
270.72    -527.1244 -609.8857 0.7077193
270.73    -526.9977 -609.8856 0.7077461
270.74    -526.8711 -609.8857 0.7077729
270.75    -526.7445 -609.8857 0.7077997
270.76    -526.6179 -609.8859 0.7078265
270.77    -526.4913 -609.886 0.7078532
270.78    -526.3647 -609.8862 0.7078799
270.79    -526.2382 -609.8864 0.7079066
270.8    -526.1116 -609.8866 0.7079332
270.81    -525.985 -609.8869 0.7079598
270.82    -525.8584 -609.8872 0.7079863
270.83    -525.7318 -609.8876 0.7080128
270.84    -525.6053 -609.8879 0.7080391
270.85    -525.4788 -609.8884 0.7080655
270.86    -525.3522 -609.8888 0.7080916
270.87    -525.2257 -609.8893 0.7081177
270.88    -525.0992 -609.8898 0.7081437
270.89    -524.9727 -609.8903 0.7081697
270.9    -524.8461 -609.8909 0.7081955
270.91    -524.7196 -609.8915 0.7082213
270.92    -524.5931 -609.8922 0.708247
270.93    -524.4666 -609.8929 0.7082727
270.94    -524.34 -609.8936 0.7082982
270.95    -524.2135 -609.8943 0.7083237
270.96    -524.087 -609.895 0.7083492
270.97    -523.9605 -609.8958 0.7083745
270.98    -523.834 -609.8965 0.7083999
270.99    -523.7076 -609.8974 0.7084252
271    -523.5811 -609.8983 0.7084504
271.01    -523.4547 -609.8991 0.7084756
271.02    -523.3283 -609.9 0.7085007
271.03    -523.2019 -609.9009 0.7085258
271.04    -523.0755 -609.9019 0.7085509
271.05    -522.9492 -609.9028 0.7085758
271.06    -522.8228 -609.9038 0.7086008
271.07    -522.6965 -609.9048 0.7086256
271.08    -522.5701 -609.9059 0.7086505
271.09    -522.4438 -609.9069 0.7086754
271.1    -522.3175 -609.908 0.7087002
271.11    -522.1912 -609.9091 0.708725
271.12    -522.0649 -609.9102 0.7087497
271.13    -521.9387 -609.9113 0.7087744
271.14    -521.8124 -609.9125 0.7087991
271.15    -521.6862 -609.9136 0.7088237
271.16    -521.5599 -609.9148 0.7088484
271.17    -521.4337 -609.916 0.7088729
271.18    -521.3076 -609.9172 0.7088975
271.19    -521.1814 -609.9185 0.708922
271.2    -521.0552 -609.9197 0.7089465
271.21    -520.9291 -609.9209 0.708971
271.22    -520.803 -609.9222 0.7089955
271.23    -520.6769 -609.9235 0.7090199
271.24    -520.5508 -609.9247 0.7090442
271.25    -520.4247 -609.926 0.7090686
271.26    -520.2987 -609.9274 0.709093
271.27    -520.1727 -609.9288 0.7091174
271.28    -520.0466 -609.9301 0.7091417
271.29    -519.9207 -609.9315 0.709166
271.3    -519.7947 -609.9328 0.7091903
271.31    -519.6687 -609.9342 0.7092146
271.32    -519.5427 -609.9356 0.7092388
271.33    -519.4167 -609.937 0.7092631
271.34    -519.2908 -609.9384 0.7092873
271.35    -519.1649 -609.9398 0.7093116
271.36    -519.039 -609.9413 0.7093359
271.37    -518.9131 -609.9428 0.7093601
271.38    -518.7872 -609.9443 0.7093843
271.39    -518.6613 -609.9457 0.7094085
271.4    -518.5355 -609.9472 0.7094328
271.41    -518.4096 -609.9487 0.709457
271.42    -518.2838 -609.9501 0.7094812
271.43    -518.158 -609.9516 0.7095054
271.44    -518.0322 -609.9531 0.7095296
271.45    -517.9064 -609.9546 0.7095537
271.46    -517.7806 -609.9561 0.7095779
271.47    -517.6549 -609.9576 0.7096021
271.48    -517.5292 -609.9592 0.7096263
271.49    -517.4034 -609.9607 0.7096503
271.5    -517.2778 -609.9622 0.7096745
271.51    -517.1521 -609.9637 0.7096986
271.52    -517.0264 -609.9653 0.7097226
271.53    -516.9008 -609.9668 0.7097468
271.54    -516.7751 -609.9683 0.7097709
271.55    -516.6495 -609.9698 0.7097949
271.56    -516.5239 -609.9714 0.709819
271.57    -516.3983 -609.9729 0.7098431
271.58    -516.2727 -609.9744 0.7098671
271.59    -516.1472 -609.976 0.7098913
271.6    -516.0216 -609.9775 0.7099153
271.61    -515.8961 -609.9789 0.7099394
271.62    -515.7705 -609.9805 0.7099635
271.63    -515.645 -609.982 0.7099876
271.64    -515.5195 -609.9835 0.7100117
271.65    -515.394 -609.985 0.7100357
271.66    -515.2685 -609.9866 0.7100598
271.67    -515.143 -609.9881 0.7100839
271.68    -515.0176 -609.9896 0.710108
271.69    -514.8922 -609.9911 0.7101321
271.7    -514.7667 -609.9926 0.7101561
271.71    -514.6414 -609.9941 0.7101802
271.72    -514.516 -609.9955 0.7102044
271.73    -514.3906 -609.997 0.7102285
271.74    -514.2653 -609.9984 0.7102525
271.75    -514.14 -609.9999 0.7102767
271.76    -514.0146 -610.0013 0.7103008
271.77    -513.8893 -610.0028 0.7103249
271.78    -513.764 -610.0043 0.7103491
271.79    -513.6387 -610.0057 0.7103732
271.8    -513.5135 -610.0071 0.7103974
271.81    -513.3882 -610.0086 0.7104215
271.82    -513.263 -610.01 0.7104456
271.83    -513.1378 -610.0114 0.7104698
271.84    -513.0126 -610.0128 0.710494
271.85    -512.8874 -610.0142 0.7105182
271.86    -512.7622 -610.0156 0.7105424
271.87    -512.637 -610.0169 0.7105666
271.88    -512.5118 -610.0182 0.7105908
271.89    -512.3867 -610.0196 0.710615
271.9    -512.2619 -610.0209 0.7106391
271.91    -512.1375 -610.0222 0.710663
271.92    -512.0133 -610.0235 0.7106869
271.93    -511.8894 -610.0248 0.7107107
271.94    -511.7659 -610.026 0.7107342
271.95    -511.6428 -610.0272 0.7107574
271.96    -511.5199 -610.0284 0.7107803
271.97    -511.3973 -610.0296 0.710803
271.98    -511.2751 -610.0308 0.7108253
271.99    -511.1532 -610.0319 0.7108473
272    -511.0316 -610.033 0.7108691
272.01    -510.9103 -610.0341 0.7108899
272.02    -510.7894 -610.0352 0.7109095
272.03    -510.6687 -610.0362 0.7109283
272.04    -510.5484 -610.0372 0.7109461
272.05    -510.4284 -610.0382 0.710963
272.06    -510.3087 -610.0392 0.7109783
272.07    -510.1894 -610.0401 0.7109921
272.08    -510.0703 -610.0411 0.7110045
272.09    -509.9516 -610.0419 0.711015
272.1    -509.8332 -610.0428 0.7110238
272.11    -509.7151 -610.0436 0.7110309
272.12    -509.5974 -610.0445 0.7110364
272.13    -509.4799 -610.0452 0.7110403
272.14    -509.3628 -610.046 0.7110428
272.15    -509.246 -610.0467 0.7110432
272.16    -509.1295 -610.0474 0.711042
272.17    -509.0133 -610.048 0.711039
272.18    -508.8975 -610.0486 0.7110344
272.19    -508.782 -610.0492 0.7110282
272.2    -508.6667 -610.0497 0.7110202
272.21    -508.5518 -610.0503 0.7110105
272.22    -508.4373 -610.0508 0.7109993
272.23    -508.323 -610.0512 0.7109866
272.24    -508.2091 -610.0516 0.7109724
272.25    -508.0955 -610.0521 0.7109569
272.26    -507.9822 -610.0524 0.71094
272.27    -507.8692 -610.0527 0.7109219
272.28    -507.7565 -610.0531 0.7109026
272.29    -507.6442 -610.0533 0.7108821
272.3    -507.5322 -610.0536 0.7108606
272.31    -507.4205 -610.0538 0.710838
272.32    -507.3091 -610.054 0.7108145
272.33    -507.1981 -610.0541 0.71079
272.34    -507.0873 -610.0543 0.7107646
272.35    -506.9769 -610.0543 0.7107384
272.36    -506.8668 -610.0544 0.7107114
272.37    -506.757 -610.0544 0.7106835
272.38    -506.6476 -610.0544 0.7106549
272.39    -506.5385 -610.0544 0.7106255
272.4    -506.4297 -610.0543 0.7105955
272.41    -506.3212 -610.0542 0.7105649
272.42    -506.213 -610.054 0.7105336
272.43    -506.1052 -610.0538 0.7105018
272.44    -505.9977 -610.0536 0.7104694
272.45    -505.8904 -610.0533 0.7104364
272.46    -505.7835 -610.0531 0.710403
272.47    -505.677 -610.0528 0.7103692
272.48    -505.5707 -610.0524 0.7103348
272.49    -505.4648 -610.0521 0.7102999
272.5    -505.3592 -610.0516 0.7102646
272.51    -505.2539 -610.0513 0.710229
272.52    -505.1489 -610.0508 0.7101929
272.53    -505.0443 -610.0503 0.7101565
272.54    -504.9399 -610.0497 0.7101197
272.55    -504.8359 -610.0492 0.7100822
272.56    -504.7322 -610.0486 0.7100438
272.57    -504.6288 -610.0479 0.7100049
272.58    -504.5258 -610.0472 0.7099652
272.59    -504.423 -610.0466 0.7099249
272.6    -504.3206 -610.0458 0.7098832
272.61    -504.2185 -610.045 0.70984
272.62    -504.1168 -610.0443 0.7097956
272.63    -504.0153 -610.0435 0.7097499
272.64    -503.9141 -610.0426 0.709703
272.65    -503.8133 -610.0417 0.7096537
272.66    -503.7128 -610.0409 0.709602
272.67    -503.6126 -610.04 0.7095482
272.68    -503.5128 -610.039 0.7094921
272.69    -503.4132 -610.0381 0.7094342
272.7    -503.314 -610.037 0.7093742
272.71    -503.2151 -610.036 0.7093106
272.72    -503.1165 -610.035 0.7092434
272.73    -503.0185 -610.0339 0.7091729
272.74    -502.9206 -610.0328 0.7090992
272.75    -502.8227 -610.0317 0.7090216
272.76    -502.7249 -610.0306 0.70894
272.77    -502.627 -610.0294 0.7088548
272.78    -502.5291 -610.0282 0.708766
272.79    -502.4313 -610.027 0.708674
272.8    -502.3335 -610.0258 0.7085788
272.81    -502.2357 -610.0245 0.7084794
272.82    -502.1379 -610.0232 0.7083761
272.83    -502.0401 -610.0219 0.7082692
272.84    -501.9424 -610.0206 0.7081584
272.85    -501.8446 -610.0192 0.7080441
272.86    -501.7469 -610.0178 0.7079264
272.87    -501.6492 -610.0164 0.7078054
272.88    -501.5515 -610.015 0.7076813
272.89    -501.4538 -610.0135 0.7075539
272.9    -501.3561 -610.0121 0.7074234
272.91    -501.2584 -610.0106 0.70729
272.92    -501.1608 -610.0091 0.7071537
272.93    -501.0631 -610.0075 0.7070147
272.94    -500.9655 -610.006 0.706873
272.95    -500.8679 -610.0045 0.7067288
272.96    -500.7703 -610.0028 0.7065821
272.97    -500.6727 -610.0012 0.706433
272.98    -500.5751 -609.9996 0.7062817
272.99    -500.4776 -609.998 0.7061284
273    -500.38 -609.9963 0.7059732
273.01    -500.2825 -609.9946 0.7058162
273.02    -500.185 -609.993 0.7056575
273.03    -500.0874 -609.9913 0.705497
273.04    -499.9899 -609.9895 0.7053357
273.05    -499.8924 -609.9878 0.7051734
273.06    -499.7949 -609.9861 0.7050102
273.07    -499.6973 -609.9843 0.7048463
273.08    -499.5998 -609.9825 0.7046815
273.09    -499.5022 -609.9807 0.7045168
273.1    -499.4046 -609.9789 0.7043522
273.11    -499.307 -609.9771 0.7041878
273.12    -499.2093 -609.9752 0.7040234
273.13    -499.1116 -609.9733 0.7038592
273.14    -499.0139 -609.9715 0.7036962
273.15    -498.9162 -609.9696 0.7035344
273.16    -498.8184 -609.9677 0.7033738
273.17    -498.7206 -609.9658 0.7032143
273.18    -498.6228 -609.9639 0.7030559
273.19    -498.5249 -609.9619 0.7028995
273.2    -498.427 -609.9599 0.7027448
273.21    -498.329 -609.9579 0.702592
273.22    -498.231 -609.956 0.7024409
273.23    -498.133 -609.954 0.7022914
273.24    -498.0349 -609.952 0.7021441
273.25    -497.9367 -609.9499 0.701999
273.26    -497.8385 -609.9479 0.701856
273.27    -497.7403 -609.9459 0.7017148
273.28    -497.6419 -609.9438 0.7015754
273.29    -497.5436 -609.9417 0.7014384
273.3    -497.4452 -609.9396 0.7013036
273.31    -497.3467 -609.9375 0.7011707
273.32    -497.2481 -609.9354 0.7010399
273.33    -497.1495 -609.9332 0.7009109
273.34    -497.0509 -609.9311 0.7007841
273.35    -496.9522 -609.929 0.7006597
273.36    -496.8535 -609.9268 0.7005373
273.37    -496.7546 -609.9247 0.7004169
273.38    -496.6557 -609.9224 0.7002984
273.39    -496.5568 -609.9202 0.7001823
273.4    -496.4578 -609.918 0.7000685
273.41    -496.3587 -609.9158 0.6999568
273.42    -496.2596 -609.9136 0.6998471
273.43    -496.1604 -609.9113 0.6997394
273.44    -496.0612 -609.909 0.6996343
273.45    -495.9619 -609.9067 0.6995316
273.46    -495.8625 -609.9045 0.6994311
273.47    -495.7631 -609.9021 0.6993329
273.48    -495.6636 -609.8998 0.6992368
273.49    -495.5641 -609.8975 0.6991433
273.5    -495.4645 -609.8951 0.6990526
273.51    -495.3648 -609.8927 0.6989642
273.52    -495.2651 -609.8903 0.6988782
273.53    -495.1653 -609.8879 0.6987945
273.54    -495.0654 -609.8856 0.6987135
273.55    -494.9655 -609.8831 0.6986352
273.56    -494.8655 -609.8806 0.6985593
273.57    -494.7655 -609.8782 0.6984858
273.58    -494.6653 -609.8757 0.6984145
273.59    -494.5652 -609.8732 0.6983457
273.6    -494.4649 -609.8707 0.6982791
273.61    -494.3646 -609.8681 0.6982148
273.62    -494.2642 -609.8656 0.6981527
273.63    -494.1637 -609.863 0.6980925
273.64    -494.0632 -609.8604 0.6980343
273.65    -493.9626 -609.8578 0.6979781
273.66    -493.862 -609.8552 0.6979238
273.67    -493.7613 -609.8525 0.6978713
273.68    -493.6605 -609.8499 0.6978204
273.69    -493.5596 -609.8472 0.6977713
273.7    -493.4587 -609.8445 0.6977237
273.71    -493.3577 -609.8419 0.6976777
273.72    -493.2566 -609.8391 0.6976332
273.73    -493.1555 -609.8364 0.69759
273.74    -493.0543 -609.8336 0.6975483
273.75    -492.953 -609.8308 0.697508
273.76    -492.8517 -609.8279 0.6974691
273.77    -492.7503 -609.8251 0.6974313
273.78    -492.6488 -609.8223 0.6973948
273.79    -492.5472 -609.8194 0.6973594
273.8    -492.4456 -609.8165 0.6973252
273.81    -492.344 -609.8136 0.6972921
273.82    -492.2422 -609.8107 0.69726
273.83    -492.1404 -609.8077 0.697229
273.84    -492.0385 -609.8048 0.697199
273.85    -491.9366 -609.8018 0.6971701
273.86    -491.8345 -609.7988 0.6971421
273.87    -491.7324 -609.7958 0.697115
273.88    -491.6302 -609.7928 0.6970888
273.89    -491.528 -609.7897 0.6970636
273.9    -491.4257 -609.7866 0.6970394
273.91    -491.3233 -609.7836 0.697016
273.92    -491.2209 -609.7804 0.6969935
273.93    -491.1183 -609.7773 0.6969718
273.94    -491.0158 -609.7741 0.6969512
273.95    -490.9131 -609.7709 0.6969315
273.96    -490.8104 -609.7677 0.6969128
273.97    -490.7076 -609.7645 0.6968949
273.98    -490.6047 -609.7613 0.6968778
273.99    -490.5018 -609.758 0.6968618
274    -490.3987 -609.7548 0.6968469
274.01    -490.2957 -609.7514 0.696833
274.02    -490.1925 -609.7481 0.6968201
274.03    -490.0892 -609.7448 0.6968082
274.04    -489.9859 -609.7414 0.6967971
274.05    -489.8825 -609.738 0.6967871
274.06    -489.779 -609.7346 0.6967779
274.07    -489.6755 -609.7312 0.6967697
274.08    -489.5719 -609.7277 0.6967624
274.09    -489.4682 -609.7243 0.6967559
274.1    -489.3644 -609.7208 0.6967501
274.11    -489.2606 -609.7173 0.6967451
274.12    -489.1567 -609.7137 0.6967407
274.13    -489.0527 -609.7102 0.6967371
274.14    -488.9487 -609.7067 0.6967341
274.15    -488.8446 -609.7031 0.6967317
274.16    -488.7404 -609.6995 0.69673
274.17    -488.6361 -609.6959 0.6967288
274.18    -488.5318 -609.6923 0.6967281
274.19    -488.4274 -609.6887 0.6967279
274.2    -488.323 -609.6849 0.6967279
274.21    -488.2184 -609.6813 0.6967284
274.22    -488.1138 -609.6776 0.6967292
274.23    -488.0091 -609.6738 0.6967304
274.24    -487.9043 -609.6701 0.6967318
274.25    -487.7995 -609.6663 0.6967332
274.26    -487.6946 -609.6625 0.6967345
274.27    -487.5896 -609.6587 0.6967358
274.28    -487.4846 -609.6549 0.6967371
274.29    -487.3795 -609.6511 0.6967379
274.3    -487.2743 -609.6472 0.6967384
274.31    -487.1691 -609.6433 0.6967385
274.32    -487.0638 -609.6395 0.6967384
274.33    -486.9584 -609.6355 0.6967379
274.34    -486.8529 -609.6316 0.6967366
274.35    -486.7474 -609.6277 0.6967345
274.36    -486.6418 -609.6237 0.6967315
274.37    -486.5361 -609.6197 0.6967279
274.38    -486.4304 -609.6157 0.6967236
274.39    -486.3246 -609.6117 0.6967183
274.4    -486.2187 -609.6077 0.6967121
274.41    -486.1128 -609.6036 0.696705
274.42    -486.0067 -609.5995 0.6966971
274.43    -485.9006 -609.5955 0.6966884
274.44    -485.7945 -609.5914 0.6966789
274.45    -485.6883 -609.5873 0.6966686
274.46    -485.582 -609.5831 0.6966577
274.47    -485.4756 -609.579 0.696646
274.48    -485.3691 -609.5748 0.6966338
274.49    -485.2626 -609.5706 0.6966208
274.5    -485.1561 -609.5665 0.6966074
274.51    -485.0494 -609.5623 0.6965933
274.52    -484.9427 -609.558 0.6965788
274.53    -484.8359 -609.5538 0.6965636
274.54    -484.729 -609.5495 0.696548
274.55    -484.6221 -609.5452 0.696532
274.56    -484.5151 -609.541 0.6965155
274.57    -484.408 -609.5366 0.6964986
274.58    -484.3009 -609.5323 0.6964813
274.59    -484.1937 -609.528 0.6964635
274.6    -484.0864 -609.5236 0.6964455
274.61    -483.9791 -609.5192 0.6964271
274.62    -483.8716 -609.5148 0.6964083
274.63    -483.7642 -609.5104 0.6963893
274.64    -483.6566 -609.506 0.6963699
274.65    -483.549 -609.5016 0.6963502
274.66    -483.4413 -609.4971 0.6963302
274.67    -483.3336 -609.4927 0.6963101
274.68    -483.2257 -609.4882 0.6962896
274.69    -483.1178 -609.4836 0.6962689
274.7    -483.0098 -609.4791 0.696248
274.71    -482.9018 -609.4746 0.6962268
274.72    -482.7937 -609.47 0.6962054
274.73    -482.6855 -609.4655 0.6961839
274.74    -482.5773 -609.4609 0.6961622
274.75    -482.469 -609.4563 0.6961402
274.76    -482.3606 -609.4517 0.6961182
274.77    -482.2522 -609.4471 0.6960959
274.78    -482.1436 -609.4424 0.6960735
274.79    -482.035 -609.4378 0.6960509
274.8    -481.9264 -609.4331 0.6960282
274.81    -481.8177 -609.4285 0.6960054
274.82    -481.7089 -609.4238 0.6959825
274.83    -481.6 -609.4191 0.6959594
274.84    -481.4911 -609.4143 0.6959362
274.85    -481.3821 -609.4096 0.6959128
274.86    -481.2731 -609.4049 0.6958894
274.87    -481.1639 -609.4001 0.6958659
274.88    -481.0547 -609.3954 0.6958423
274.89    -480.9455 -609.3906 0.6958185
274.9    -480.8362 -609.3858 0.6957947
274.91    -480.7268 -609.381 0.6957707
274.92    -480.6173 -609.3762 0.6957467
274.93    -480.5078 -609.3714 0.6957226
274.94    -480.3982 -609.3665 0.6956984
274.95    -480.2885 -609.3617 0.6956741
274.96    -480.1788 -609.3569 0.6956497
274.97    -480.069 -609.352 0.6956252
274.98    -479.9591 -609.3471 0.6956007
274.99    -479.8492 -609.3422 0.6955762
275    -479.7392 -609.3373 0.6955516
275.01    -479.6292 -609.3324 0.695527
275.02    -479.519 -609.3275 0.6955022
275.03    -479.4088 -609.3225 0.6954774
275.04    -479.2986 -609.3176 0.6954525
275.05    -479.1882 -609.3126 0.6954276
275.06    -479.0778 -609.3077 0.6954026
275.07    -478.9673 -609.3027 0.6953776
275.08    -478.8568 -609.2977 0.6953526
275.09    -478.7462 -609.2927 0.6953275
275.1    -478.6355 -609.2877 0.6953023
275.11    -478.5248 -609.2827 0.695277
275.12    -478.414 -609.2777 0.6952518
275.13    -478.3031 -609.2727 0.6952264
275.14    -478.1921 -609.2677 0.6952009
275.15    -478.0811 -609.2627 0.6951751
275.16    -477.9701 -609.2577 0.6951489
275.17    -477.8589 -609.2526 0.6951224
275.18    -477.7477 -609.2476 0.6950957
275.19    -477.6364 -609.2425 0.6950686
275.2    -477.5251 -609.2374 0.6950407
275.21    -477.4137 -609.2323 0.695012
275.22    -477.3022 -609.2272 0.6949825
275.23    -477.1907 -609.2222 0.6949524
275.24    -477.0791 -609.2171 0.6949216
275.25    -476.9674 -609.212 0.6948894
275.26    -476.8557 -609.2068 0.694856
275.27    -476.7439 -609.2017 0.6948214
275.28    -476.632 -609.1966 0.6947857
275.29    -476.5201 -609.1915 0.6947488
275.3    -476.4081 -609.1863 0.6947097
275.31    -476.296 -609.1812 0.6946685
275.32    -476.1839 -609.1761 0.6946251
275.33    -476.0717 -609.171 0.6945798
275.34    -475.9594 -609.1658 0.6945327
275.35    -475.8471 -609.1606 0.6944827
275.36    -475.7347 -609.1555 0.6944301
275.37    -475.6223 -609.1503 0.6943748
275.38    -475.5097 -609.1451 0.6943171
275.39    -475.3972 -609.1399 0.6942564
275.4    -475.2845 -609.1347 0.6941928
275.41    -475.1718 -609.1295 0.6941265
275.42    -475.059 -609.1243 0.6940575
275.43    -474.9462 -609.1191 0.6939861
275.44    -474.8333 -609.114 0.6939125
275.45    -474.7203 -609.1088 0.6938367
275.46    -474.6073 -609.1036 0.693759
275.47    -474.4942 -609.0983 0.6936793
275.48    -474.381 -609.0931 0.6935978
275.49    -474.2678 -609.0878 0.6935159
275.5    -474.1545 -609.0826 0.6934336
275.51    -474.0411 -609.0773 0.6933508
275.52    -473.9277 -609.0721 0.6932678
275.53    -473.8142 -609.0668 0.6931843
275.54    -473.7006 -609.0616 0.693103
275.55    -473.587 -609.0563 0.6930236
275.56    -473.4733 -609.0511 0.6929462
275.57    -473.3596 -609.0458 0.6928706
275.58    -473.2457 -609.0406 0.6927968
275.59    -473.1319 -609.0353 0.6927277
275.6    -473.0179 -609.0301 0.6926633
275.61    -472.9039 -609.0248 0.6926031
275.62    -472.7898 -609.0195 0.6925472
275.63    -472.6757 -609.0142 0.6924952
275.64    -472.5614 -609.0089 0.6924469
275.65    -472.4472 -609.0036 0.6924068
275.66    -472.3329 -608.9983 0.6923742
275.67    -472.2184 -608.993 0.6923486
275.68    -472.104 -608.9876 0.6923301
275.69    -471.9894 -608.9822 0.6923179
275.7    -471.8749 -608.9769 0.6923156
275.71    -471.7602 -608.9715 0.6923227
275.72    -471.6455 -608.9661 0.6923386
275.73    -471.5307 -608.9608 0.692363
275.74    -471.4159 -608.9554 0.6923953
275.75    -471.301 -608.95 0.6924373
275.76    -471.186 -608.9446 0.6924883
275.77    -471.071 -608.9393 0.692548
275.78    -470.9558 -608.9339 0.6926159
275.79    -470.8407 -608.9285 0.6926917
275.8    -470.7255 -608.9232 0.6927767
275.81    -470.6102 -608.9178 0.6928706
275.82    -470.4948 -608.9124 0.692973
275.83    -470.3794 -608.907 0.6930832
275.84    -470.2639 -608.9017 0.6932018
275.85    -470.1484 -608.8963 0.6933281
275.86    -470.0328 -608.8909 0.6934621
275.87    -469.9171 -608.8856 0.6936031
275.88    -469.8014 -608.8801 0.6937509
275.89    -469.6856 -608.8747 0.6939052
275.9    -469.5697 -608.8693 0.6940659
275.91    -469.4538 -608.8638 0.6942329
275.92    -469.3378 -608.8585 0.6944059
275.93    -469.2218 -608.853 0.6945845
275.94    -469.1057 -608.8476 0.6947687
275.95    -468.9895 -608.8422 0.6949583
275.96    -468.8733 -608.8369 0.6951529
275.97    -468.757 -608.8315 0.6953525
275.98    -468.6406 -608.8261 0.6955566
275.99    -468.5242 -608.8207 0.6957655
276    -468.4077 -608.8154 0.695979
276.01    -468.2911 -608.81 0.6961967
276.02    -468.1745 -608.8046 0.6964187
276.03    -468.0578 -608.7993 0.6966445
276.04    -467.9411 -608.7939 0.6968741
276.05    -467.8243 -608.7886 0.6971081
276.06    -467.7074 -608.7832 0.6973466
276.07    -467.5905 -608.7779 0.697589
276.08    -467.4735 -608.7726 0.6978354
276.09    -467.3564 -608.7673 0.6980863
276.1    -467.2393 -608.762 0.6983414
276.11    -467.1222 -608.7567 0.6986005
276.12    -467.0049 -608.7514 0.6988635
276.13    -466.8876 -608.7461 0.6991302
276.14    -466.7702 -608.7408 0.6994003
276.15    -466.6528 -608.7355 0.6996744
276.16    -466.5353 -608.7302 0.6999523
276.17    -466.4178 -608.725 0.7002338
276.18    -466.3001 -608.7198 0.7005187
276.19    -466.1824 -608.7145 0.7008067
276.2    -466.0647 -608.7093 0.701098
276.21    -465.9469 -608.704 0.7013924
276.22    -465.829 -608.6989 0.7016896
276.23    -465.7111 -608.6936 0.7019895
276.24    -465.5931 -608.6884 0.7022919
276.25    -465.475 -608.6831 0.7025968
276.26    -465.3569 -608.678 0.7029037
276.27    -465.2387 -608.6728 0.7032125
276.28    -465.1205 -608.6676 0.703523
276.29    -465.0021 -608.6624 0.7038351
276.3    -464.8838 -608.6573 0.7041481
276.31    -464.7654 -608.6521 0.7044616
276.32    -464.6469 -608.6469 0.7047759
276.33    -464.5283 -608.6418 0.7050907
276.34    -464.4097 -608.6367 0.7054046
276.35    -464.291 -608.6316 0.7057176
276.36    -464.1723 -608.6265 0.7060298
276.37    -464.0535 -608.6214 0.7063413
276.38    -463.9346 -608.6163 0.7066519
276.39    -463.8157 -608.6111 0.7069595
276.4    -463.6968 -608.6061 0.7072639
276.41    -463.5777 -608.6011 0.7075655
276.42    -463.4586 -608.596 0.7078645
276.43    -463.3394 -608.5909 0.7081608
276.44    -463.2202 -608.5859 0.7084518
276.45    -463.101 -608.5809 0.7087379
276.46    -462.9816 -608.5759 0.7090192
276.47    -462.8622 -608.5709 0.709296
276.48    -462.7427 -608.5659 0.7095686
276.49    -462.6232 -608.5609 0.7098343
276.5    -462.5037 -608.556 0.7100935
276.51    -462.384 -608.551 0.7103466
276.52    -462.2643 -608.5461 0.7105938
276.53    -462.1445 -608.5412 0.7108354
276.54    -462.0247 -608.5363 0.7110693
276.55    -461.9048 -608.5313 0.7112957
276.56    -461.7849 -608.5264 0.7115151
276.57    -461.6648 -608.5215 0.7117277
276.58    -461.5447 -608.5167 0.7119342
276.59    -461.4246 -608.5118 0.7121326
276.6    -461.3044 -608.507 0.7123232
276.61    -461.1842 -608.5021 0.7125066
276.62    -461.0639 -608.4973 0.712683
276.63    -460.9435 -608.4925 0.712853
276.64    -460.823 -608.4877 0.7130168
276.65    -460.7025 -608.4828 0.7131728
276.66    -460.582 -608.4781 0.7133214
276.67    -460.4614 -608.4733 0.713463
276.68    -460.3407 -608.4685 0.713598
276.69    -460.22 -608.4637 0.7137268
276.7    -460.0992 -608.459 0.7138481
276.71    -459.9784 -608.4543 0.7139624
276.72    -459.8575 -608.4495 0.7140701
276.73    -459.7365 -608.4449 0.7141714
