1271.92    -647.94 -614.2589 0.705975
1271.93    -647.8085 -614.2542 0.7059737
1271.94    -647.677 -614.2494 0.7059724
1271.95    -647.5455 -614.2446 0.7059711
1271.96    -647.4141 -614.2399 0.7059698
1271.97    -647.2826 -614.2351 0.7059685
1271.98    -647.1511 -614.2303 0.7059672
1271.99    -647.0197 -614.2255 0.7059659
1272    -646.8882 -614.2208 0.7059647
1272.01    -646.7567 -614.216 0.7059636
1272.02    -646.6252 -614.2112 0.7059623
1272.03    -646.4938 -614.2065 0.7059611
1272.04    -646.3624 -614.2017 0.7059599
1272.05    -646.231 -614.197 0.7059588
1272.06    -646.0995 -614.1922 0.7059577
1272.07    -645.9681 -614.1874 0.7059565
1272.08    -645.8367 -614.1827 0.7059554
1272.09    -645.7053 -614.1779 0.7059544
1272.1    -645.5739 -614.173 0.7059533
1272.11    -645.4425 -614.1682 0.7059522
1272.12    -645.3111 -614.1634 0.7059512
1272.13    -645.1797 -614.1586 0.7059502
1272.14    -645.0483 -614.1537 0.7059492
1272.15    -644.917 -614.1489 0.7059482
1272.16    -644.7856 -614.144 0.7059473
1272.17    -644.6543 -614.1392 0.7059463
1272.18    -644.5229 -614.1344 0.7059454
1272.19    -644.3916 -614.1296 0.7059445
1272.2    -644.2603 -614.1248 0.7059436
1272.21    -644.1289 -614.1199 0.7059427
1272.22    -643.9976 -614.1151 0.7059419
1272.23    -643.8662 -614.1103 0.705941
1272.24    -643.7349 -614.1055 0.7059402
1272.25    -643.6036 -614.1006 0.7059394
1272.26    -643.4724 -614.0958 0.7059386
1272.27    -643.3411 -614.091 0.7059379
1272.28    -643.2098 -614.0862 0.7059371
1272.29    -643.0785 -614.0814 0.7059364
1272.3    -642.9472 -614.0765 0.7059357
1272.31    -642.8159 -614.0717 0.705935
1272.32    -642.6846 -614.0668 0.7059343
1272.33    -642.5533 -614.062 0.7059337
1272.34    -642.4221 -614.057 0.7059331
1272.35    -642.2908 -614.0521 0.7059325
1272.36    -642.1595 -614.0472 0.7059318
1272.37    -642.0282 -614.0424 0.7059312
1272.38    -641.8969 -614.0375 0.7059307
1272.39    -641.7657 -614.0326 0.7059302
1272.4    -641.6345 -614.0277 0.7059296
1272.41    -641.5032 -614.0228 0.7059291
1272.42    -641.372 -614.0179 0.7059286
1272.43    -641.2408 -614.0131 0.7059281
1272.44    -641.1096 -614.0082 0.7059277
1272.45    -640.9783 -614.0033 0.7059273
1272.46    -640.8471 -613.9984 0.7059268
1272.47    -640.7159 -613.9935 0.7059264
1272.48    -640.5847 -613.9886 0.705926
1272.49    -640.4535 -613.9838 0.7059256
1272.5    -640.3223 -613.9789 0.7059252
1272.51    -640.1912 -613.974 0.7059249
1272.52    -640.06 -613.9691 0.7059246
1272.53    -639.9288 -613.9641 0.7059243
1272.54    -639.7977 -613.9592 0.705924
1272.55    -639.6665 -613.9542 0.7059237
1272.56    -639.5353 -613.9493 0.7059235
1272.57    -639.4041 -613.9443 0.7059233
1272.58    -639.2729 -613.9394 0.7059231
1272.59    -639.1417 -613.9344 0.705923
1272.6    -639.0104 -613.9295 0.7059228
1272.61    -638.8792 -613.9246 0.7059227
1272.62    -638.7479 -613.9196 0.7059225
1272.63    -638.6166 -613.9147 0.7059225
1272.64    -638.4854 -613.9097 0.7059224
1272.65    -638.354 -613.9048 0.7059224
1272.66    -638.2227 -613.8998 0.7059222
1272.67    -638.0913 -613.8949 0.7059222
1272.68    -637.9599 -613.89 0.7059222
1272.69    -637.8285 -613.8849 0.7059224
1272.7    -637.6971 -613.8799 0.7059224
1272.71    -637.5656 -613.8749 0.7059225
1272.72    -637.4341 -613.8699 0.7059225
1272.73    -637.3026 -613.8649 0.7059227
1272.74    -637.1711 -613.8599 0.7059228
1272.75    -637.0396 -613.8549 0.705923
1272.76    -636.908 -613.8499 0.7059231
1272.77    -636.7764 -613.8449 0.7059233
1272.78    -636.6448 -613.8399 0.7059234
1272.79    -636.5132 -613.8349 0.7059236
1272.8    -636.3815 -613.8299 0.7059239
1272.81    -636.2499 -613.8249 0.705924
1272.82    -636.1182 -613.8199 0.7059243
1272.83    -635.9865 -613.8149 0.7059246
1272.84    -635.8547 -613.8099 0.7059248
1272.85    -635.723 -613.8048 0.7059251
1272.86    -635.5912 -613.7997 0.7059253
1272.87    -635.4594 -613.7946 0.7059256
1272.88    -635.3275 -613.7896 0.7059259
1272.89    -635.1957 -613.7845 0.7059262
1272.9    -635.0638 -613.7794 0.7059265
1272.91    -634.9318 -613.7744 0.7059269
1272.92    -634.7999 -613.7693 0.7059272
1272.93    -634.6678 -613.7642 0.7059275
1272.94    -634.5358 -613.7592 0.7059278
1272.95    -634.4038 -613.7541 0.7059283
1272.96    -634.2717 -613.749 0.7059286
1272.97    -634.1396 -613.744 0.7059289
1272.98    -634.0075 -613.7389 0.7059293
1272.99    -633.8754 -613.7338 0.7059296
1273    -633.7432 -613.7286 0.70593
1273.01    -633.611 -613.7235 0.7059304
1273.02    -633.4787 -613.7183 0.7059308
1273.03    -633.3464 -613.7132 0.7059312
1273.04    -633.2142 -613.7081 0.7059316
1273.05    -633.0818 -613.7029 0.705932
1273.06    -632.9495 -613.6978 0.7059324
1273.07    -632.8171 -613.6927 0.7059329
1273.08    -632.6846 -613.6876 0.7059333
1273.09    -632.5522 -613.6824 0.7059337
1273.1    -632.4197 -613.6773 0.7059341
1273.11    -632.2872 -613.6722 0.7059345
1273.12    -632.1546 -613.667 0.7059349
1273.13    -632.022 -613.6618 0.7059354
1273.14    -631.8895 -613.6566 0.7059358
1273.15    -631.7568 -613.6514 0.7059362
1273.16    -631.6241 -613.6462 0.7059367
1273.17    -631.4915 -613.6411 0.7059371
1273.18    -631.3587 -613.6359 0.7059375
1273.19    -631.226 -613.6306 0.7059379
1273.2    -631.0931 -613.6254 0.7059383
1273.21    -630.9603 -613.6202 0.7059388
1273.22    -630.8275 -613.6151 0.7059392
1273.23    -630.6945 -613.6099 0.7059397
1273.24    -630.5616 -613.6047 0.7059401
1273.25    -630.4286 -613.5995 0.7059406
1273.26    -630.2956 -613.5942 0.7059411
1273.27    -630.1625 -613.589 0.7059417
1273.28    -630.0294 -613.5837 0.7059423
1273.29    -629.8963 -613.5785 0.705943
1273.3    -629.7632 -613.5732 0.7059436
1273.31    -629.63 -613.568 0.7059443
1273.32    -629.4968 -613.5627 0.705945
1273.33    -629.3635 -613.5575 0.7059458
1273.34    -629.2302 -613.5522 0.7059466
1273.35    -629.0969 -613.547 0.7059473
1273.36    -628.9635 -613.5417 0.7059481
1273.37    -628.8301 -613.5365 0.7059489
1273.38    -628.6966 -613.5313 0.7059498
1273.39    -628.5631 -613.526 0.7059506
1273.4    -628.4296 -613.5208 0.7059515
1273.41    -628.2961 -613.5155 0.7059524
1273.42    -628.1625 -613.5103 0.7059532
1273.43    -628.0288 -613.505 0.7059542
1273.44    -627.8951 -613.4998 0.7059551
1273.45    -627.7614 -613.4944 0.705956
1273.46    -627.6277 -613.4891 0.7059571
1273.47    -627.4939 -613.4838 0.7059579
1273.48    -627.36 -613.4785 0.705959
1273.49    -627.2262 -613.4732 0.70596
1273.5    -627.0923 -613.4679 0.705961
1273.51    -626.9584 -613.4626 0.7059621
1273.52    -626.8244 -613.4573 0.7059631
1273.53    -626.6904 -613.452 0.7059642
1273.54    -626.5563 -613.4467 0.7059652
1273.55    -626.4222 -613.4413 0.7059663
1273.56    -626.2881 -613.436 0.7059673
1273.57    -626.1539 -613.4307 0.7059684
1273.58    -626.0197 -613.4254 0.7059695
1273.59    -625.8854 -613.4201 0.7059706
1273.6    -625.7512 -613.4148 0.7059717
1273.61    -625.6168 -613.4095 0.7059728
1273.62    -625.4824 -613.4042 0.7059739
1273.63    -625.348 -613.3989 0.705975
1273.64    -625.2135 -613.3936 0.7059761
1273.65    -625.079 -613.3882 0.7059772
1273.66    -624.9445 -613.3829 0.7059783
1273.67    -624.8099 -613.3776 0.7059795
1273.68    -624.6752 -613.3723 0.7059806
1273.69    -624.5406 -613.3669 0.7059818
1273.7    -624.4059 -613.3616 0.7059829
1273.71    -624.2711 -613.3562 0.7059841
1273.72    -624.1364 -613.3508 0.7059852
1273.73    -624.0015 -613.3455 0.7059864
1273.74    -623.8667 -613.3401 0.7059875
1273.75    -623.7318 -613.3347 0.7059887
1273.76    -623.5969 -613.3293 0.7059898
1273.77    -623.4619 -613.324 0.7059909
1273.78    -623.3268 -613.3186 0.7059921
1273.79    -623.1918 -613.3132 0.7059933
1273.8    -623.0567 -613.3079 0.7059944
1273.81    -622.9216 -613.3025 0.7059955
1273.82    -622.7864 -613.2971 0.7059966
1273.83    -622.6511 -613.2917 0.7059978
1273.84    -622.5159 -613.2864 0.705999
1273.85    -622.3806 -613.281 0.7060001
1273.86    -622.2452 -613.2756 0.7060012
1273.87    -622.1099 -613.2703 0.7060024
1273.88    -621.9744 -613.2649 0.7060035
1273.89    -621.839 -613.2595 0.7060046
1273.9    -621.7035 -613.2542 0.7060058
1273.91    -621.5679 -613.2488 0.7060069
1273.92    -621.4323 -613.2434 0.706008
1273.93    -621.2967 -613.238 0.7060091
1273.94    -621.1611 -613.2327 0.7060103
1273.95    -621.0254 -613.2273 0.7060114
1273.96    -620.8896 -613.2219 0.7060121
1273.97    -620.7538 -613.2166 0.7060134
1273.98    -620.618 -613.2112 0.7060165
1273.99    -620.4821 -613.2058 0.7060194
1274    -620.3462 -613.2004 0.7060221
1274.01    -620.2103 -613.1951 0.7060248
1274.02    -620.0743 -613.1897 0.7060273
1274.03    -619.9382 -613.1843 0.7060297
1274.04    -619.8022 -613.179 0.7060321
1274.05    -619.6661 -613.1736 0.7060343
1274.06    -619.5299 -613.1682 0.7060364
1274.07    -619.3937 -613.1628 0.7060384
1274.08    -619.2575 -613.1575 0.7060404
1274.09    -619.1213 -613.1521 0.7060422
1274.1    -618.985 -613.1467 0.706044
1274.11    -618.8486 -613.1414 0.7060457
1274.12    -618.7123 -613.136 0.7060473
1274.13    -618.5759 -613.1306 0.7060488
1274.14    -618.4395 -613.1252 0.7060504
1274.15    -618.303 -613.1199 0.7060518
1274.16    -618.1664 -613.1144 0.7060531
1274.17    -618.0298 -613.109 0.7060544
1274.18    -617.8932 -613.1036 0.7060558
1274.19    -617.7566 -613.0981 0.706057
1274.2    -617.6199 -613.0927 0.7060581
1274.21    -617.4832 -613.0873 0.7060592
1274.22    -617.3464 -613.0818 0.7060603
1274.23    -617.2096 -613.0764 0.7060614
1274.24    -617.0728 -613.071 0.7060624
1274.25    -616.9359 -613.0656 0.7060634
1274.26    -616.799 -613.0601 0.7060644
1274.27    -616.662 -613.0547 0.7060653
1274.28    -616.525 -613.0493 0.7060662
1274.29    -616.3879 -613.0438 0.706067
1274.3    -616.2509 -613.0384 0.7060679
1274.31    -616.1137 -613.033 0.7060686
1274.32    -615.9766 -613.0275 0.7060694
1274.33    -615.8394 -613.0221 0.7060702
1274.34    -615.7021 -613.0167 0.7060709
1274.35    -615.5649 -613.0112 0.7060716
1274.36    -615.4276 -613.0058 0.7060723
1274.37    -615.2902 -613.0004 0.706073
1274.38    -615.1528 -612.9949 0.7060736
1274.39    -615.0154 -612.9895 0.7060742
1274.4    -614.878 -612.9841 0.7060749
1274.41    -614.7405 -612.9786 0.7060754
1274.42    -614.603 -612.9731 0.706076
1274.43    -614.4655 -612.9677 0.7060764
1274.44    -614.3279 -612.9622 0.706077
1274.45    -614.1902 -612.9567 0.7060775
1274.46    -614.0526 -612.9512 0.7060779
1274.47    -613.9149 -612.9457 0.7060784
1274.48    -613.7772 -612.9402 0.7060788
1274.49    -613.6394 -612.9347 0.7060791
1274.5    -613.5016 -612.9291 0.7060795
1274.51    -613.3638 -612.9236 0.7060798
1274.52    -613.226 -612.9182 0.7060802
1274.53    -613.0881 -612.9127 0.7060805
1274.54    -612.9501 -612.9072 0.7060808
1274.55    -612.8122 -612.9017 0.706081
1274.56    -612.6742 -612.8962 0.7060813
1274.57    -612.5362 -612.8907 0.7060815
1274.58    -612.3981 -612.8851 0.7060817
1274.59    -612.2601 -612.8796 0.7060819
1274.6    -612.1219 -612.874 0.706082
1274.61    -611.9838 -612.8685 0.7060821
1274.62    -611.8456 -612.8629 0.7060822
1274.63    -611.7073 -612.8573 0.7060822
1274.64    -611.5691 -612.8517 0.7060822
1274.65    -611.4308 -612.8462 0.7060822
1274.66    -611.2925 -612.8406 0.7060822
1274.67    -611.1541 -612.8351 0.7060821
1274.68    -611.0157 -612.8295 0.706082
1274.69    -610.8773 -612.824 0.7060819
1274.7    -610.7388 -612.8184 0.7060817
1274.71    -610.6003 -612.8129 0.7060816
1274.72    -610.4618 -612.8073 0.7060814
1274.73    -610.3232 -612.8016 0.7060812
1274.74    -610.1847 -612.796 0.7060809
1274.75    -610.0461 -612.7903 0.7060807
1274.76    -609.9074 -612.7847 0.7060804
1274.77    -609.7687 -612.7791 0.70608
1274.78    -609.63 -612.7735 0.7060796
1274.79    -609.4913 -612.7679 0.7060792
1274.8    -609.3525 -612.7623 0.7060788
1274.81    -609.2137 -612.7567 0.7060784
1274.82    -609.0748 -612.751 0.7060779
1274.83    -608.9359 -612.7454 0.7060774
1274.84    -608.797 -612.7398 0.7060769
1274.85    -608.658 -612.7342 0.7060764
1274.86    -608.519 -612.7286 0.7060758
1274.87    -608.38 -612.723 0.7060752
1274.88    -608.241 -612.7173 0.7060746
1274.89    -608.1019 -612.7117 0.7060739
1274.9    -607.9628 -612.7061 0.7060733
1274.91    -607.8236 -612.7005 0.7060726
1274.92    -607.6844 -612.6949 0.7060719
1274.93    -607.5452 -612.6893 0.7060712
1274.94    -607.4059 -612.6836 0.7060705
1274.95    -607.2667 -612.6779 0.7060697
1274.96    -607.1274 -612.6722 0.7060689
1274.97    -606.988 -612.6666 0.7060682
1274.98    -606.8487 -612.6609 0.7060673
1274.99    -606.7094 -612.6552 0.7060665
1275    -606.5699 -612.6495 0.7060657
1275.01    -606.4304 -612.6439 0.7060648
1275.02    -606.291 -612.6382 0.706064
1275.03    -606.1514 -612.6325 0.7060631
1275.04    -606.0119 -612.6268 0.7060623
1275.05    -605.8724 -612.6212 0.7060613
1275.06    -605.7328 -612.6155 0.7060604
1275.07    -605.5932 -612.6098 0.7060595
1275.08    -605.4536 -612.6041 0.7060586
1275.09    -605.3139 -612.5984 0.7060577
1275.1    -605.1742 -612.5928 0.7060567
1275.11    -605.0345 -612.5871 0.7060558
1275.12    -604.8947 -612.5814 0.7060548
1275.13    -604.7549 -612.5758 0.7060539
1275.14    -604.6152 -612.5701 0.7060529
1275.15    -604.4753 -612.5645 0.7060519
1275.16    -604.3355 -612.5588 0.706051
1275.17    -604.1956 -612.5531 0.70605
1275.18    -604.0557 -612.5474 0.706049
1275.19    -603.9158 -612.5417 0.706048
1275.2    -603.7759 -612.5361 0.706047
1275.21    -603.6359 -612.5304 0.706046
1275.22    -603.4959 -612.5247 0.706045
1275.23    -603.3558 -612.519 0.706044
1275.24    -603.2158 -612.5134 0.7060429
1275.25    -603.0757 -612.5077 0.7060419
1275.26    -602.9355 -612.502 0.706041
1275.27    -602.7954 -612.4963 0.70604
1275.28    -602.6552 -612.4907 0.706039
1275.29    -602.515 -612.485 0.7060379
1275.3    -602.3748 -612.4794 0.7060369
1275.31    -602.2346 -612.4738 0.7060359
1275.32    -602.0943 -612.4682 0.7060349
1275.33    -601.954 -612.4626 0.7060339
1275.34    -601.8137 -612.457 0.7060328
1275.35    -601.6733 -612.4514 0.7060318
1275.36    -601.533 -612.4457 0.7060308
1275.37    -601.3926 -612.4402 0.7060298
1275.38    -601.2521 -612.4346 0.7060287
1275.39    -601.1117 -612.429 0.7060277
1275.4    -600.9713 -612.4233 0.7060267
1275.41    -600.8307 -612.4177 0.7060256
1275.42    -600.6902 -612.4121 0.7060246
1275.43    -600.5497 -612.4065 0.7060236
1275.44    -600.4092 -612.4009 0.7060226
1275.45    -600.2686 -612.3953 0.7060215
1275.46    -600.1281 -612.3897 0.7060205
1275.47    -599.9874 -612.3841 0.7060195
1275.48    -599.8468 -612.3785 0.7060185
1275.49    -599.7062 -612.373 0.7060175
1275.5    -599.5655 -612.3674 0.7060165
1275.51    -599.4248 -612.3619 0.7060155
1275.52    -599.2841 -612.3563 0.7060145
1275.53    -599.1434 -612.3508 0.7060134
1275.54    -599.0026 -612.3453 0.7060124
1275.55    -598.8619 -612.3397 0.7060114
1275.56    -598.7211 -612.3342 0.7060104
1275.57    -598.5803 -612.3286 0.7060094
1275.58    -598.4395 -612.3231 0.7060084
1275.59    -598.2986 -612.3175 0.7060073
1275.6    -598.1578 -612.312 0.7060062
1275.61    -598.0169 -612.3064 0.7060052
1275.62    -597.876 -612.3008 0.7060041
1275.63    -597.7351 -612.2953 0.706003
1275.64    -597.5942 -612.2897 0.7060019
1275.65    -597.4532 -612.2842 0.7060009
1275.66    -597.3123 -612.2786 0.7059998
1275.67    -597.1713 -612.2731 0.7059987
1275.68    -597.0303 -612.2675 0.7059976
1275.69    -596.8893 -612.262 0.7059966
1275.7    -596.7484 -612.2564 0.7059954
1275.71    -596.6074 -612.2509 0.7059944
1275.72    -596.4663 -612.2453 0.7059933
1275.73    -596.3253 -612.2398 0.7059922
1275.74    -596.1842 -612.2343 0.7059911
1275.75    -596.0432 -612.2287 0.7059901
1275.76    -595.9021 -612.2232 0.705989
1275.77    -595.761 -612.2177 0.7059879
1275.78    -595.6199 -612.2122 0.7059869
1275.79    -595.4788 -612.2067 0.7059858
1275.8    -595.3376 -612.2012 0.7059847
1275.81    -595.1965 -612.1957 0.7059836
1275.82    -595.0554 -612.1902 0.7059826
1275.83    -594.9142 -612.1848 0.7059815
1275.84    -594.773 -612.1793 0.7059804
1275.85    -594.6318 -612.1738 0.7059793
1275.86    -594.4907 -612.1682 0.7059783
1275.87    -594.3495 -612.1627 0.7059772
1275.88    -594.2083 -612.1572 0.7059761
1275.89    -594.0671 -612.1517 0.705975
1275.9    -593.926 -612.1462 0.7059739
1275.91    -593.7848 -612.1407 0.7059729
1275.92    -593.6436 -612.1353 0.7059718
1275.93    -593.5024 -612.1298 0.7059708
1275.94    -593.3611 -612.1243 0.7059696
1275.95    -593.22 -612.1188 0.7059686
1275.96    -593.0788 -612.1133 0.7059674
1275.97    -592.9376 -612.1078 0.7059663
1275.98    -592.7964 -612.1023 0.7059652
1275.99    -592.6552 -612.0968 0.7059641
1276    -592.514 -612.0913 0.705963
1276.01    -592.3729 -612.0858 0.7059619
1276.02    -592.2317 -612.0803 0.7059608
1276.03    -592.0905 -612.0748 0.7059596
1276.04    -591.9493 -612.0693 0.7059585
1276.05    -591.8081 -612.0638 0.7059574
1276.06    -591.6669 -612.0583 0.7059562
1276.07    -591.5258 -612.0529 0.7059551
1276.08    -591.3845 -612.0474 0.705954
1276.09    -591.2433 -612.0419 0.7059528
1276.1    -591.1022 -612.0364 0.7059517
1276.11    -590.961 -612.0309 0.7059506
1276.12    -590.8198 -612.0254 0.7059494
1276.13    -590.6786 -612.0199 0.7059483
1276.14    -590.5374 -612.0144 0.7059472
1276.15    -590.3962 -612.0089 0.705946
1276.16    -590.2551 -612.0034 0.7059449
1276.17    -590.1139 -611.9979 0.7059437
1276.18    -589.9727 -611.9924 0.7059426
1276.19    -589.8315 -611.9869 0.7059415
1276.2    -589.6903 -611.9814 0.7059403
1276.21    -589.5491 -611.976 0.7059392
1276.22    -589.408 -611.9705 0.7059381
1276.23    -589.2667 -611.9649 0.7059369
1276.24    -589.1255 -611.9594 0.7059358
1276.25    -588.9844 -611.9539 0.7059346
1276.26    -588.8432 -611.9484 0.7059336
1276.27    -588.702 -611.9429 0.7059324
1276.28    -588.5609 -611.9374 0.7059313
1276.29    -588.4197 -611.9319 0.7059301
1276.3    -588.2785 -611.9265 0.705929
1276.31    -588.1373 -611.921 0.7059279
1276.32    -587.9962 -611.9155 0.7059268
1276.33    -587.855 -611.91 0.7059256
1276.34    -587.7138 -611.9045 0.7059245
1276.35    -587.5726 -611.899 0.7059234
1276.36    -587.4315 -611.8935 0.7059222
1276.37    -587.2903 -611.8879 0.7059211
1276.38    -587.1491 -611.8824 0.7059199
1276.39    -587.0079 -611.8768 0.7059188
1276.4    -586.8668 -611.8713 0.7059177
1276.41    -586.7256 -611.8657 0.7059165
1276.42    -586.5844 -611.8602 0.7059154
1276.43    -586.4432 -611.8546 0.7059143
1276.44    -586.3021 -611.8491 0.7059131
1276.45    -586.1609 -611.8435 0.705912
1276.46    -586.0197 -611.838 0.7059108
1276.47    -585.8785 -611.8324 0.7059097
1276.48    -585.7374 -611.8268 0.7059086
1276.49    -585.5962 -611.8213 0.7059075
1276.5    -585.455 -611.8157 0.7059063
1276.51    -585.3138 -611.8101 0.7059051
1276.52    -585.1727 -611.8046 0.705904
1276.53    -585.0315 -611.799 0.7059029
1276.54    -584.8903 -611.7935 0.7059017
1276.55    -584.7491 -611.7879 0.7059006
1276.56    -584.608 -611.7823 0.7058995
1276.57    -584.4668 -611.7768 0.7058983
1276.58    -584.3256 -611.7712 0.7058972
1276.59    -584.1844 -611.7657 0.705896
1276.6    -584.0433 -611.7601 0.7058949
1276.61    -583.9021 -611.7546 0.7058938
1276.62    -583.7609 -611.749 0.7058926
1276.63    -583.6198 -611.7435 0.7058914
1276.64    -583.4786 -611.7379 0.7058904
1276.65    -583.3374 -611.7324 0.7058892
1276.66    -583.1962 -611.7268 0.705888
1276.67    -583.0551 -611.7213 0.7058868
1276.68    -582.9139 -611.7157 0.7058857
1276.69    -582.7728 -611.7101 0.7058846
1276.7    -582.6317 -611.7046 0.7058834
1276.71    -582.4905 -611.699 0.7058823
1276.72    -582.3494 -611.6934 0.7058811
1276.73    -582.2083 -611.6877 0.70588
1276.74    -582.0672 -611.6821 0.7058789
1276.75    -581.9261 -611.6765 0.7058777
1276.76    -581.785 -611.6708 0.7058765
1276.77    -581.6439 -611.6652 0.7058754
1276.78    -581.5027 -611.6596 0.7058743
1276.79    -581.3616 -611.654 0.7058731
1276.8    -581.2205 -611.6484 0.7058719
1276.81    -581.0794 -611.6428 0.7058708
1276.82    -580.9383 -611.6371 0.7058697
1276.83    -580.7972 -611.6315 0.7058685
1276.84    -580.6561 -611.6259 0.7058674
1276.85    -580.5151 -611.6203 0.7058662
1276.86    -580.374 -611.6147 0.7058651
1276.87    -580.233 -611.6091 0.7058639
1276.88    -580.0919 -611.6035 0.7058628
1276.89    -579.9508 -611.598 0.7058616
1276.9    -579.8098 -611.5925 0.7058604
1276.91    -579.6687 -611.5869 0.7058592
1276.92    -579.5276 -611.5814 0.7058581
1276.93    -579.3866 -611.5758 0.7058569
1276.94    -579.2455 -611.5703 0.7058558
1276.95    -579.1045 -611.5647 0.7058547
1276.96    -578.9634 -611.5591 0.7058535
1276.97    -578.8223 -611.5536 0.7058523
1276.98    -578.6812 -611.548 0.7058511
1276.99    -578.5402 -611.5425 0.70585
1277    -578.399 -611.5369 0.7058489
1277.01    -578.2579 -611.5314 0.7058477
1277.02    -578.1168 -611.5259 0.7058465
1277.03    -577.9757 -611.5203 0.7058454
1277.04    -577.8346 -611.5148 0.7058443
1277.05    -577.6935 -611.5092 0.7058432
1277.06    -577.5524 -611.5037 0.705842
1277.07    -577.4112 -611.4981 0.7058408
1277.08    -577.27 -611.4926 0.7058397
1277.09    -577.1289 -611.4872 0.7058386
1277.1    -576.9877 -611.4817 0.7058374
1277.11    -576.8466 -611.4762 0.7058362
1277.12    -576.7054 -611.4707 0.7058351
1277.13    -576.5642 -611.4652 0.705834
1277.14    -576.423 -611.4597 0.7058328
1277.15    -576.2819 -611.4543 0.7058317
1277.16    -576.1406 -611.4488 0.7058305
1277.17    -575.9994 -611.4433 0.7058294
1277.18    -575.8582 -611.4378 0.7058282
1277.19    -575.7169 -611.4323 0.7058271
1277.2    -575.5757 -611.4269 0.7058259
1277.21    -575.4344 -611.4215 0.7058247
1277.22    -575.2932 -611.4161 0.7058236
1277.23    -575.1519 -611.4106 0.7058224
1277.24    -575.0107 -611.4052 0.7058213
1277.25    -574.8694 -611.3998 0.7058201
1277.26    -574.7281 -611.3943 0.7058189
1277.27    -574.5868 -611.389 0.7058177
1277.28    -574.4455 -611.3835 0.7058165
1277.29    -574.3042 -611.3781 0.7058154
1277.3    -574.1629 -611.3727 0.7058142
1277.31    -574.0216 -611.3674 0.7058131
1277.32    -573.8802 -611.362 0.7058119
1277.33    -573.7389 -611.3566 0.7058108
1277.34    -573.5975 -611.3513 0.7058097
1277.35    -573.4562 -611.3459 0.7058085
1277.36    -573.3148 -611.3406 0.7058073
1277.37    -573.1735 -611.3352 0.7058062
1277.38    -573.0321 -611.3298 0.705805
1277.39    -572.8907 -611.3245 0.7058039
1277.4    -572.7494 -611.3192 0.7058027
1277.41    -572.608 -611.3139 0.7058016
1277.42    -572.4666 -611.3086 0.7058005
1277.43    -572.3251 -611.3033 0.7057993
1277.44    -572.1837 -611.298 0.7057981
1277.45    -572.0423 -611.2927 0.705797
1277.46    -571.9009 -611.2874 0.7057959
1277.47    -571.7595 -611.282 0.7057947
1277.48    -571.618 -611.2768 0.7057936
1277.49    -571.4766 -611.2715 0.7057924
1277.5    -571.3351 -611.2663 0.7057913
1277.51    -571.1936 -611.261 0.7057902
1277.52    -571.0521 -611.2558 0.705789
1277.53    -570.9106 -611.2505 0.7057879
1277.54    -570.7692 -611.2453 0.7057868
1277.55    -570.6277 -611.2401 0.7057856
1277.56    -570.4862 -611.2349 0.7057845
1277.57    -570.3447 -611.2296 0.7057834
1277.58    -570.2031 -611.2244 0.7057822
1277.59    -570.0616 -611.2192 0.7057811
1277.6    -569.92 -611.2141 0.70578
1277.61    -569.7785 -611.2089 0.7057788
1277.62    -569.637 -611.2037 0.7057776
1277.63    -569.4954 -611.1985 0.7057765
1277.64    -569.3538 -611.1933 0.7057754
1277.65    -569.2123 -611.1882 0.7057742
1277.66    -569.0707 -611.183 0.7057731
1277.67    -568.9291 -611.1779 0.705772
1277.68    -568.7875 -611.1727 0.7057709
1277.69    -568.6459 -611.1676 0.7057697
1277.7    -568.5043 -611.1625 0.7057686
1277.71    -568.3627 -611.1573 0.7057675
1277.72    -568.2211 -611.1522 0.7057663
1277.73    -568.0794 -611.1471 0.7057652
1277.74    -567.9378 -611.142 0.7057641
1277.75    -567.7961 -611.1368 0.705763
1277.76    -567.6545 -611.1318 0.7057618
1277.77    -567.5128 -611.1266 0.7057607
1277.78    -567.3712 -611.1215 0.7057595
1277.79    -567.2295 -611.1165 0.7057584
1277.8    -567.0878 -611.1114 0.7057573
1277.81    -566.9462 -611.1063 0.7057561
1277.82    -566.8044 -611.1013 0.705755
1277.83    -566.6627 -611.0962 0.7057539
1277.84    -566.521 -611.0911 0.7057527
1277.85    -566.3793 -611.0861 0.7057516
1277.86    -566.2375 -611.081 0.7057505
1277.87    -566.0958 -611.0759 0.7057493
1277.88    -565.954 -611.0709 0.7057482
1277.89    -565.8123 -611.0658 0.7057471
1277.9    -565.6706 -611.0607 0.7057459
1277.91    -565.5288 -611.0557 0.7057447
1277.92    -565.387 -611.0506 0.7057437
1277.93    -565.2452 -611.0455 0.7057425
1277.94    -565.1035 -611.0405 0.7057414
1277.95    -564.9617 -611.0354 0.7057403
1277.96    -564.8199 -611.0303 0.7057391
1277.97    -564.6781 -611.0253 0.705738
1277.98    -564.5363 -611.0203 0.7057369
1277.99    -564.3945 -611.0153 0.7057357
1278    -564.2526 -611.0103 0.7057346
1278.01    -564.1108 -611.0052 0.7057335
1278.02    -563.9689 -611.0002 0.7057323
1278.03    -563.8271 -610.9952 0.7057312
1278.04    -563.6852 -610.9902 0.70573
1278.05    -563.5434 -610.9852 0.7057289
1278.06    -563.4016 -610.9802 0.7057278
1278.07    -563.2596 -610.9752 0.7057266
1278.08    -563.1177 -610.9702 0.7057255
1278.09    -562.9758 -610.9652 0.7057244
1278.1    -562.8339 -610.9602 0.7057232
1278.11    -562.692 -610.9552 0.7057221
1278.12    -562.5501 -610.9502 0.705721
1278.13    -562.4081 -610.9452 0.7057198
1278.14    -562.2662 -610.9402 0.7057186
1278.15    -562.1243 -610.9352 0.7057175
1278.16    -561.9824 -610.9302 0.7057164
1278.17    -561.8404 -610.9252 0.7057152
1278.18    -561.6984 -610.9202 0.7057141
1278.19    -561.5565 -610.9152 0.705713
1278.2    -561.4145 -610.9102 0.7057118
1278.21    -561.2725 -610.9052 0.7057107
1278.22    -561.1305 -610.9001 0.7057095
1278.23    -560.9885 -610.8951 0.7057084
1278.24    -560.8465 -610.8901 0.7057073
1278.25    -560.7045 -610.8851 0.7057061
1278.26    -560.5624 -610.8801 0.705705
1278.27    -560.4204 -610.8751 0.7057039
1278.28    -560.2784 -610.8701 0.7057028
1278.29    -560.1364 -610.8651 0.7057016
1278.3    -559.9943 -610.86 0.7057005
1278.31    -559.8523 -610.855 0.7056993
1278.32    -559.7102 -610.85 0.7056982
1278.33    -559.5681 -610.845 0.7056971
1278.34    -559.426 -610.84 0.7056959
1278.35    -559.2839 -610.835 0.7056948
1278.36    -559.1418 -610.83 0.7056937
1278.37    -558.9998 -610.825 0.7056925
1278.38    -558.8576 -610.82 0.7056914
1278.39    -558.7155 -610.815 0.7056903
1278.4    -558.5734 -610.81 0.7056891
1278.41    -558.4312 -610.8049 0.7056879
1278.42    -558.2891 -610.7999 0.7056868
1278.43    -558.1469 -610.7948 0.7056857
1278.44    -558.0048 -610.7897 0.7056845
1278.45    -557.8626 -610.7846 0.7056834
1278.46    -557.7205 -610.7795 0.7056823
1278.47    -557.5782 -610.7745 0.7056811
1278.48    -557.436 -610.7694 0.70568
1278.49    -557.2939 -610.7643 0.7056789
1278.5    -557.1517 -610.7593 0.7056777
1278.51    -557.0095 -610.7542 0.7056766
1278.52    -556.8672 -610.7491 0.7056755
1278.53    -556.725 -610.7441 0.7056744
1278.54    -556.5828 -610.739 0.7056732
1278.55    -556.4405 -610.7339 0.7056721
1278.56    -556.2982 -610.7289 0.705671
1278.57    -556.1559 -610.7238 0.7056698
1278.58    -556.0135 -610.7188 0.7056686
1278.59    -555.8712 -610.7137 0.7056676
1278.6    -555.7289 -610.7086 0.7056664
1278.61    -555.5865 -610.7036 0.7056653
1278.62    -555.4441 -610.6985 0.7056642
1278.63    -555.3016 -610.6934 0.705663
1278.64    -555.1592 -610.6884 0.7056619
1278.65    -555.0167 -610.6833 0.7056608
1278.66    -554.8742 -610.6782 0.7056596
1278.67    -554.7317 -610.6732 0.7056585
1278.68    -554.5891 -610.6681 0.7056574
1278.69    -554.4465 -610.663 0.7056562
1278.7    -554.304 -610.658 0.7056551
1278.71    -554.1613 -610.6531 0.7056539
1278.72    -554.0186 -610.6481 0.7056528
1278.73    -553.8759 -610.6431 0.7056517
1278.74    -553.7332 -610.6381 0.7056506
1278.75    -553.5905 -610.6331 0.7056496
1278.76    -553.4477 -610.6281 0.7056484
1278.77    -553.3049 -610.623 0.7056473
1278.78    -553.162 -610.6181 0.7056463
1278.79    -553.0192 -610.6131 0.7056453
1278.8    -552.8763 -610.6081 0.7056443
1278.81    -552.7334 -610.6031 0.7056433
1278.82    -552.5905 -610.5981 0.7056423
1278.83    -552.4474 -610.5932 0.7056413
1278.84    -552.3044 -610.5883 0.7056404
1278.85    -552.1614 -610.5834 0.7056395
1278.86    -552.0184 -610.5784 0.7056386
1278.87    -551.8753 -610.5735 0.7056378
1278.88    -551.7322 -610.5685 0.7056369
1278.89    -551.589 -610.5637 0.7056361
1278.9    -551.4458 -610.5587 0.7056353
1278.91    -551.3026 -610.5538 0.7056345
1278.92    -551.1594 -610.549 0.7056338
1278.93    -551.0161 -610.5441 0.7056331
1278.94    -550.8729 -610.5392 0.7056324
1278.95    -550.7296 -610.5344 0.7056317
1278.96    -550.5862 -610.5295 0.7056311
1278.97    -550.4429 -610.5246 0.7056305
1278.98    -550.2994 -610.5198 0.7056299
1278.99    -550.156 -610.515 0.7056293
1279    -550.0126 -610.5102 0.7056288
1279.01    -549.8691 -610.5054 0.7056283
1279.02    -549.7256 -610.5006 0.7056279
1279.03    -549.582 -610.4958 0.7056273
1279.04    -549.4385 -610.491 0.7056269
1279.05    -549.2949 -610.4861 0.7056265
1279.06    -549.1513 -610.4814 0.7056261
1279.07    -549.0076 -610.4766 0.7056257
1279.08    -548.864 -610.4719 0.7056253
1279.09    -548.7203 -610.4671 0.705625
1279.1    -548.5765 -610.4623 0.7056246
1279.11    -548.4328 -610.4576 0.7056243
1279.12    -548.289 -610.4529 0.705624
1279.13    -548.1452 -610.4481 0.7056237
1279.14    -548.0014 -610.4434 0.7056234
1279.15    -547.8575 -610.4387 0.7056231
1279.16    -547.7136 -610.4341 0.7056229
1279.17    -547.5697 -610.4294 0.7056226
1279.18    -547.4257 -610.4247 0.7056224
1279.19    -547.2817 -610.42 0.7056221
1279.2    -547.1378 -610.4153 0.7056218
1279.21    -546.9937 -610.4107 0.7056217
1279.22    -546.8497 -610.4061 0.7056214
1279.23    -546.7056 -610.4014 0.7056212
1279.24    -546.5615 -610.3968 0.705621
1279.25    -546.4174 -610.3922 0.7056208
1279.26    -546.2732 -610.3876 0.7056206
1279.27    -546.129 -610.3829 0.7056205
1279.28    -545.9848 -610.3784 0.7056203
1279.29    -545.8406 -610.3738 0.7056201
1279.3    -545.6963 -610.3692 0.7056199
1279.31    -545.552 -610.3647 0.7056198
1279.32    -545.4077 -610.3601 0.7056196
1279.33    -545.2633 -610.3555 0.7056194
1279.34    -545.119 -610.351 0.7056192
1279.35    -544.9745 -610.3465 0.705619
1279.36    -544.8301 -610.342 0.7056189
1279.37    -544.6857 -610.3375 0.7056187
1279.38    -544.5412 -610.333 0.7056186
1279.39    -544.3967 -610.3285 0.7056184
1279.4    -544.2523 -610.324 0.7056183
1279.41    -544.1077 -610.3196 0.7056182
1279.42    -543.9632 -610.3152 0.7056181
1279.43    -543.8186 -610.3107 0.705618
1279.44    -543.674 -610.3063 0.7056178
1279.45    -543.5294 -610.3018 0.7056177
1279.46    -543.3848 -610.2974 0.7056176
1279.47    -543.2401 -610.293 0.7056175
1279.48    -543.0954 -610.2887 0.7056174
1279.49    -542.9507 -610.2843 0.7056172
1279.5    -542.806 -610.2799 0.7056171
1279.51    -542.6612 -610.2755 0.705617
1279.52    -542.5164 -610.2711 0.7056169
1279.53    -542.3716 -610.2668 0.7056168
1279.54    -542.2267 -610.2625 0.7056167
1279.55    -542.0819 -610.2582 0.7056165
1279.56    -541.937 -610.2538 0.7056164
1279.57    -541.7921 -610.2495 0.7056163
1279.58    -541.6471 -610.2452 0.7056162
1279.59    -541.5021 -610.2408 0.7056161
1279.6    -541.3572 -610.2365 0.7056159
1279.61    -541.2122 -610.2322 0.7056158
1279.62    -541.0671 -610.2279 0.7056157
1279.63    -540.9221 -610.2237 0.7056156
1279.64    -540.777 -610.2194 0.7056154
1279.65    -540.6319 -610.2151 0.7056153
1279.66    -540.4868 -610.2109 0.7056152
1279.67    -540.3416 -610.2066 0.705615
1279.68    -540.1964 -610.2023 0.7056149
1279.69    -540.0513 -610.1981 0.7056148
1279.7    -539.9061 -610.1938 0.7056147
1279.71    -539.7609 -610.1895 0.7056146
1279.72    -539.6156 -610.1852 0.7056144
1279.73    -539.4703 -610.181 0.7056143
1279.74    -539.3251 -610.1767 0.7056142
1279.75    -539.1797 -610.1725 0.7056141
1279.76    -539.0344 -610.1683 0.705614
1279.77    -538.889 -610.1641 0.7056139
1279.78    -538.7437 -610.1599 0.7056138
1279.79    -538.5982 -610.1556 0.7056137
1279.8    -538.4528 -610.1514 0.7056136
1279.81    -538.3073 -610.1472 0.7056136
1279.82    -538.1618 -610.143 0.7056134
1279.83    -538.0163 -610.1388 0.7056133
1279.84    -537.8708 -610.1346 0.7056132
1279.85    -537.7252 -610.1304 0.7056131
1279.86    -537.5797 -610.1262 0.7056131
1279.87    -537.434 -610.1219 0.705613
1279.88    -537.2884 -610.1177 0.705613
1279.89    -537.1428 -610.1135 0.7056129
1279.9    -536.9971 -610.1093 0.7056128
1279.91    -536.8514 -610.1051 0.7056128
1279.92    -536.7056 -610.1009 0.7056127
1279.93    -536.5599 -610.0967 0.7056126
1279.94    -536.4141 -610.0925 0.7056125
1279.95    -536.2682 -610.0883 0.7056125
1279.96    -536.1224 -610.084 0.7056124
1279.97    -535.9766 -610.0798 0.7056123
1279.98    -535.8307 -610.0756 0.7056122
1279.99    -535.6848 -610.0714 0.7056121
1280    -535.5389 -610.0672 0.705612
1280.01    -535.3929 -610.063 0.7056119
1280.02    -535.2469 -610.0588 0.7056119
1280.03    -535.1009 -610.0546 0.7056118
1280.04    -534.9548 -610.0504 0.7056116
1280.05    -534.8088 -610.0461 0.7056115
1280.06    -534.6627 -610.042 0.7056114
1280.07    -534.5165 -610.0378 0.7056113
1280.08    -534.3704 -610.0337 0.7056113
1280.09    -534.2242 -610.0295 0.7056112
1280.1    -534.078 -610.0254 0.7056111
1280.11    -533.9318 -610.0212 0.705611
1280.12    -533.7855 -610.0171 0.7056108
1280.13    -533.6392 -610.0129 0.7056108
1280.14    -533.4929 -610.0089 0.7056106
1280.15    -533.3465 -610.0047 0.7056106
1280.16    -533.2001 -610.0005 0.7056105
1280.17    -533.0537 -609.9964 0.7056103
1280.18    -532.9072 -609.9922 0.7056102
1280.19    -532.7607 -609.9882 0.7056102
1280.2    -532.6143 -609.9841 0.70561
1280.21    -532.4677 -609.98 0.7056099
1280.22    -532.3211 -609.9759 0.7056098
1280.23    -532.1745 -609.9719 0.7056097
1280.24    -532.0279 -609.9678 0.7056096
1280.25    -531.8812 -609.9638 0.7056095
1280.26    -531.7345 -609.9598 0.7056094
1280.27    -531.5877 -609.9558 0.7056093
1280.28    -531.4409 -609.9518 0.7056093
1280.29    -531.2941 -609.9478 0.7056091
1280.3    -531.1473 -609.9439 0.7056091
1280.31    -531.0004 -609.9399 0.705609
1280.32    -530.8535 -609.936 0.7056089
1280.33    -530.7065 -609.9321 0.7056088
1280.34    -530.5595 -609.9282 0.7056087
1280.35    -530.4125 -609.9244 0.7056085
1280.36    -530.2654 -609.9205 0.7056084
1280.37    -530.1183 -609.9167 0.7056084
1280.38    -529.9711 -609.9128 0.7056083
1280.39    -529.824 -609.9091 0.7056082
1280.4    -529.6768 -609.9053 0.7056081
1280.41    -529.5295 -609.9016 0.7056081
1280.42    -529.3822 -609.8978 0.705608
1280.43    -529.2349 -609.8941 0.705608
1280.44    -529.0875 -609.8904 0.7056079
1280.45    -528.9401 -609.8867 0.7056078
1280.46    -528.7926 -609.8831 0.7056077
1280.47    -528.6451 -609.8795 0.7056076
1280.48    -528.4976 -609.8759 0.7056075
1280.49    -528.35 -609.8723 0.7056075
1280.5    -528.2025 -609.8687 0.7056074
1280.51    -528.0548 -609.8651 0.7056074
1280.52    -527.9071 -609.8616 0.7056072
1280.53    -527.7594 -609.8582 0.7056072
1280.54    -527.6116 -609.8546 0.7056071
1280.55    -527.4639 -609.8512 0.7056071
1280.56    -527.316 -609.8477 0.7056069
1280.57    -527.1682 -609.8444 0.7056069
1280.58    -527.0202 -609.841 0.7056068
1280.59    -526.8723 -609.8376 0.7056068
1280.6    -526.7242 -609.8343 0.7056066
1280.61    -526.5762 -609.8309 0.7056065
1280.62    -526.4282 -609.8277 0.7056064
1280.63    -526.28 -609.8245 0.7056063
1280.64    -526.1319 -609.8212 0.7056063
1280.65    -525.9837 -609.8181 0.7056062
1280.66    -525.8354 -609.8148 0.7056061
1280.67    -525.6871 -609.8117 0.705606
1280.68    -525.5388 -609.8085 0.705606
1280.69    -525.3904 -609.8055 0.7056059
1280.7    -525.2419 -609.8024 0.7056058
1280.71    -525.0934 -609.7993 0.7056057
1280.72    -524.9449 -609.7963 0.7056056
1280.73    -524.7964 -609.7933 0.7056056
1280.74    -524.6478 -609.7903 0.7056054
1280.75    -524.4991 -609.7874 0.7056053
1280.76    -524.3505 -609.7845 0.7056053
1280.77    -524.2017 -609.7816 0.7056052
1280.78    -524.0529 -609.7787 0.7056051
1280.79    -523.9041 -609.7759 0.705605
1280.8    -523.7552 -609.7731 0.7056049
1280.81    -523.6063 -609.7703 0.7056048
1280.82    -523.4573 -609.7675 0.7056047
1280.83    -523.3083 -609.7648 0.7056046
1280.84    -523.1593 -609.7621 0.7056045
1280.85    -523.0102 -609.7594 0.7056044
1280.86    -522.8611 -609.7567 0.7056043
1280.87    -522.7119 -609.7542 0.7056042
1280.88    -522.5627 -609.7515 0.7056041
1280.89    -522.4134 -609.749 0.705604
1280.9    -522.2641 -609.7465 0.7056038
1280.91    -522.1147 -609.744 0.7056037
1280.92    -521.9654 -609.7415 0.7056035
1280.93    -521.816 -609.7391 0.7056034
1280.94    -521.6666 -609.7366 0.7056032
1280.95    -521.5171 -609.7343 0.7056031
1280.96    -521.3676 -609.7319 0.7056029
1280.97    -521.218 -609.7295 0.7056027
1280.98    -521.0684 -609.7272 0.7056025
1280.99    -520.9188 -609.7249 0.7056023
1281    -520.7691 -609.7227 0.705602
1281.01    -520.6194 -609.7205 0.7056018
1281.02    -520.4697 -609.7183 0.7056015
1281.03    -520.3199 -609.7161 0.7056013
1281.04    -520.1701 -609.714 0.705601
1281.05    -520.0203 -609.7119 0.7056007
1281.06    -519.8704 -609.7098 0.7056004
1281.07    -519.7205 -609.7078 0.7056
1281.08    -519.5705 -609.7057 0.7055997
1281.09    -519.4205 -609.7037 0.7055994
1281.1    -519.2706 -609.7017 0.7055991
1281.11    -519.1205 -609.6998 0.7055987
1281.12    -518.9705 -609.6979 0.7055982
1281.13    -518.8205 -609.696 0.7055979
1281.14    -518.6704 -609.6942 0.7055975
1281.15    -518.5204 -609.6923 0.7055971
1281.16    -518.3704 -609.6904 0.7055967
1281.17    -518.2203 -609.6887 0.7055963
1281.18    -518.0703 -609.6869 0.7055958
1281.19    -517.9203 -609.6852 0.7055954
1281.2    -517.7704 -609.6835 0.7055949
1281.21    -517.6204 -609.6818 0.7055945
1281.22    -517.4705 -609.6801 0.7055939
1281.23    -517.3205 -609.6785 0.7055935
1281.24    -517.1706 -609.6768 0.705593
1281.25    -517.0207 -609.6753 0.7055925
1281.26    -516.8708 -609.6737 0.705592
1281.27    -516.7209 -609.6721 0.7055914
1281.28    -516.571 -609.6707 0.7055908
1281.29    -516.4212 -609.6691 0.7055902
1281.3    -516.2714 -609.6676 0.7055897
1281.31    -516.1216 -609.6662 0.7055891
1281.32    -515.9718 -609.6647 0.7055885
1281.33    -515.822 -609.6633 0.7055879
1281.34    -515.6723 -609.662 0.7055873
1281.35    -515.5226 -609.6606 0.7055867
1281.36    -515.3729 -609.6592 0.705586
1281.37    -515.2231 -609.658 0.7055854
1281.38    -515.0734 -609.6566 0.7055846
1281.39    -514.9238 -609.6553 0.705584
1281.4    -514.7741 -609.6541 0.7055833
1281.41    -514.6245 -609.6528 0.7055826
1281.42    -514.4748 -609.6516 0.7055818
1281.43    -514.3252 -609.6504 0.7055811
1281.44    -514.1756 -609.6492 0.7055804
1281.45    -514.026 -609.6481 0.7055796
1281.46    -513.8765 -609.6469 0.7055788
1281.47    -513.7269 -609.6458 0.7055781
1281.48    -513.5774 -609.6447 0.7055773
1281.49    -513.4279 -609.6436 0.7055765
1281.5    -513.2784 -609.6425 0.7055756
1281.51    -513.129 -609.6415 0.7055748
1281.52    -512.9795 -609.6404 0.705574
1281.53    -512.83 -609.6394 0.7055732
1281.54    -512.6806 -609.6385 0.7055724
1281.55    -512.5312 -609.6375 0.7055715
1281.56    -512.3818 -609.6365 0.7055706
1281.57    -512.2324 -609.6356 0.7055697
1281.58    -512.083 -609.6346 0.7055689
1281.59    -511.9336 -609.6338 0.705568
1281.6    -511.7843 -609.6329 0.7055671
1281.61    -511.635 -609.632 0.7055662
1281.62    -511.4857 -609.6312 0.7055653
1281.63    -511.3364 -609.6303 0.7055644
1281.64    -511.1871 -609.6295 0.7055634
1281.65    -511.0378 -609.6287 0.7055625
1281.66    -510.8886 -609.6279 0.7055616
1281.67    -510.7394 -609.6271 0.7055607
1281.68    -510.5901 -609.6263 0.7055597
1281.69    -510.441 -609.6255 0.7055588
1281.7    -510.2918 -609.6248 0.7055578
1281.71    -510.1426 -609.6241 0.7055569
1281.72    -509.9935 -609.6234 0.7055559
1281.73    -509.8444 -609.6227 0.705555
1281.74    -509.6953 -609.622 0.705554
1281.75    -509.5462 -609.6213 0.705553
1281.76    -509.3971 -609.6207 0.705552
1281.77    -509.248 -609.62 0.7055511
1281.78    -509.099 -609.6193 0.7055501
1281.79    -508.95 -609.6187 0.7055491
1281.8    -508.8009 -609.6182 0.705548
1281.81    -508.6519 -609.6176 0.705547
1281.82    -508.503 -609.6169 0.705546
1281.83    -508.354 -609.6163 0.705545
1281.84    -508.205 -609.6157 0.705544
1281.85    -508.0561 -609.6152 0.705543
1281.86    -507.9072 -609.6146 0.705542
1281.87    -507.7583 -609.6141 0.705541
1281.88    -507.6094 -609.6135 0.7055399
1281.89    -507.4605 -609.613 0.7055389
1281.9    -507.312 -609.6124 0.7055379
1281.91    -507.1638 -609.6119 0.7055369
1281.92    -507.0159 -609.6115 0.7055359
1281.93    -506.8683 -609.611 0.7055349
1281.94    -506.7211 -609.6105 0.7055338
1281.95    -506.5742 -609.61 0.7055328
1281.96    -506.4276 -609.6095 0.7055318
1281.97    -506.2813 -609.609 0.7055308
1281.98    -506.1354 -609.6085 0.7055297
1281.99    -505.9897 -609.608 0.7055287
1282    -505.8445 -609.6075 0.7055277
1282.01    -505.6995 -609.6071 0.7055267
1282.02    -505.5548 -609.6067 0.7055256
1282.03    -505.4104 -609.6063 0.7055246
1282.04    -505.2664 -609.6058 0.7055236
1282.05    -505.1227 -609.6054 0.7055224
1282.06    -504.9793 -609.605 0.7055214
1282.07    -504.8362 -609.6046 0.7055203
1282.08    -504.6935 -609.6041 0.7055192
1282.09    -504.551 -609.6036 0.7055181
1282.1    -504.4089 -609.6032 0.7055171
1282.11    -504.2671 -609.6028 0.705516
1282.12    -504.1256 -609.6024 0.7055149
1282.13    -503.9845 -609.6019 0.7055138
1282.14    -503.8437 -609.6015 0.7055128
1282.15    -503.7032 -609.6011 0.7055117
1282.16    -503.563 -609.6006 0.7055106
1282.17    -503.4231 -609.6003 0.7055095
1282.18    -503.2835 -609.5999 0.7055085
1282.19    -503.1443 -609.5995 0.7055074
1282.2    -503.0054 -609.5992 0.7055063
1282.21    -502.8668 -609.5988 0.7055053
1282.22    -502.7285 -609.5984 0.7055042
1282.23    -502.5905 -609.5981 0.7055031
1282.24    -502.4529 -609.5977 0.705502
1282.25    -502.3156 -609.5973 0.705501
1282.26    -502.1786 -609.5969 0.7054999
1282.27    -502.042 -609.5966 0.7054988
1282.28    -501.9056 -609.5962 0.7054977
1282.29    -501.7696 -609.5958 0.7054967
1282.3    -501.6339 -609.5955 0.7054956
1282.31    -501.4985 -609.5951 0.7054945
1282.32    -501.3634 -609.5947 0.7054935
1282.33    -501.2287 -609.5944 0.7054924
1282.34    -501.0943 -609.594 0.7054913
1282.35    -500.9602 -609.5936 0.7054902
1282.36    -500.8264 -609.5932 0.7054892
1282.37    -500.6929 -609.5928 0.7054881
1282.38    -500.5598 -609.5925 0.705487
1282.39    -500.4269 -609.5921 0.7054859
1282.4    -500.2944 -609.5917 0.7054849
1282.41    -500.1623 -609.5914 0.7054837
1282.42    -500.0304 -609.591 0.7054827
1282.43    -499.8988 -609.5906 0.7054816
1282.44    -499.7676 -609.5902 0.7054805
1282.45    -499.6367 -609.5898 0.7054794
1282.46    -499.5061 -609.5894 0.7054784
1282.47    -499.3759 -609.5889 0.7054773
1282.48    -499.2459 -609.5884 0.7054762
1282.49    -499.1163 -609.588 0.7054752
1282.5    -498.987 -609.5876 0.7054741
1282.51    -498.858 -609.5872 0.7054729
1282.52    -498.7294 -609.5867 0.7054719
1282.53    -498.601 -609.5863 0.7054709
1282.54    -498.473 -609.5859 0.7054698
1282.55    -498.3453 -609.5854 0.7054687
1282.56    -498.2179 -609.585 0.7054676
1282.57    -498.0909 -609.5845 0.7054666
1282.58    -497.9641 -609.5841 0.7054655
1282.59    -497.8377 -609.5837 0.7054644
1282.6    -497.7116 -609.5833 0.7054633
1282.61    -497.5858 -609.5828 0.7054622
1282.62    -497.4604 -609.5824 0.7054612
1282.63    -497.3352 -609.582 0.7054601
1282.64    -497.2104 -609.5815 0.705459
1282.65    -497.0859 -609.5811 0.7054579
1282.66    -496.9617 -609.5807 0.7054569
1282.67    -496.8379 -609.5803 0.7054558
1282.68    -496.7143 -609.5798 0.7054547
1282.69    -496.5911 -609.5794 0.7054536
1282.7    -496.4682 -609.579 0.7054526
1282.71    -496.3456 -609.5786 0.7054515
1282.72    -496.2234 -609.5781 0.7054504
1282.73    -496.1014 -609.5777 0.7054493
1282.74    -495.9798 -609.5773 0.7054483
1282.75    -495.8585 -609.5768 0.7054472
1282.76    -495.7375 -609.5764 0.7054461
1282.77    -495.6169 -609.576 0.7054451
1282.78    -495.4965 -609.5756 0.7054439
1282.79    -495.3765 -609.5751 0.7054429
1282.8    -495.2568 -609.5747 0.7054418
1282.81    -495.1375 -609.5743 0.7054408
1282.82    -495.0184 -609.5739 0.7054397
1282.83    -494.8997 -609.5734 0.7054386
1282.84    -494.7813 -609.5731 0.7054375
1282.85    -494.6631 -609.5727 0.7054365
1282.86    -494.5454 -609.5724 0.7054354
1282.87    -494.4279 -609.572 0.7054343
1282.88    -494.3108 -609.5717 0.7054332
1282.89    -494.194 -609.5713 0.7054322
1282.9    -494.0775 -609.5709 0.705431
1282.91    -493.9613 -609.5706 0.70543
1282.92    -493.8454 -609.5702 0.7054289
1282.93    -493.7299 -609.5698 0.7054278
1282.94    -493.6147 -609.5695 0.7054268
1282.95    -493.4998 -609.5691 0.7054257
1282.96    -493.3852 -609.5687 0.7054246
1282.97    -493.271 -609.5684 0.7054235
1282.98    -493.157 -609.568 0.7054225
1282.99    -493.0434 -609.5677 0.7054214
1283    -492.9301 -609.5673 0.7054203
1283.01    -492.8171 -609.567 0.7054192
1283.02    -492.7045 -609.5666 0.7054182
1283.03    -492.5921 -609.5662 0.7054171
1283.04    -492.4801 -609.5659 0.705416
1283.05    -492.3684 -609.5655 0.7054149
1283.06    -492.257 -609.5651 0.7054139
1283.07    -492.146 -609.5648 0.7054127
1283.08    -492.0352 -609.5644 0.7054117
1283.09    -491.9248 -609.564 0.7054106
1283.1    -491.8147 -609.5637 0.7054095
1283.11    -491.7049 -609.5633 0.7054085
1283.12    -491.5955 -609.5629 0.7054074
1283.13    -491.4863 -609.5626 0.7054063
1283.14    -491.3775 -609.5622 0.7054052
1283.15    -491.269 -609.5618 0.7054042
1283.16    -491.1608 -609.5615 0.7054031
1283.17    -491.0529 -609.5611 0.705402
1283.18    -490.9454 -609.5607 0.7054009
1283.19    -490.8382 -609.5604 0.7053999
1283.2    -490.7313 -609.56 0.7053988
1283.21    -490.6247 -609.5596 0.7053977
1283.22    -490.5184 -609.5593 0.7053967
1283.23    -490.4125 -609.5589 0.7053955
1283.24    -490.3069 -609.5585 0.7053944
1283.25    -490.2016 -609.5582 0.7053934
1283.26    -490.0966 -609.5578 0.7053923
1283.27    -489.9919 -609.5574 0.7053912
1283.28    -489.8875 -609.5571 0.7053902
1283.29    -489.7835 -609.5567 0.7053891
1283.3    -489.6798 -609.5563 0.705388
1283.31    -489.5767 -609.556 0.7053869
1283.32    -489.4738 -609.5556 0.7053859
1283.33    -489.3708 -609.5552 0.7053847
1283.34    -489.2679 -609.5549 0.7053837
1283.35    -489.165 -609.5544 0.7053826
1283.36    -489.0621 -609.5541 0.7053816
1283.37    -488.9593 -609.5537 0.7053804
1283.38    -488.8564 -609.5533 0.7053794
1283.39    -488.7535 -609.5529 0.7053784
1283.4    -488.6507 -609.5524 0.7053773
1283.41    -488.5479 -609.5519 0.7053763
1283.42    -488.4451 -609.5515 0.7053752
1283.43    -488.3423 -609.5511 0.7053742
1283.44    -488.2395 -609.5507 0.7053732
1283.45    -488.1367 -609.5502 0.7053722
1283.46    -488.0339 -609.5497 0.7053712
1283.47    -487.9312 -609.5493 0.7053702
1283.48    -487.8284 -609.5488 0.7053692
1283.49    -487.7257 -609.5483 0.7053683
1283.5    -487.623 -609.5477 0.7053673
1283.51    -487.5203 -609.5472 0.7053664
1283.52    -487.4176 -609.5468 0.7053655
1283.53    -487.3149 -609.5463 0.7053645
1283.54    -487.2123 -609.5457 0.7053636
1283.55    -487.1096 -609.5451 0.7053627
1283.56    -487.007 -609.5446 0.7053618
1283.57    -486.9044 -609.5439 0.7053609
1283.58    -486.8018 -609.5434 0.7053601
1283.59    -486.6992 -609.5428 0.7053592
1283.6    -486.5966 -609.5423 0.7053583
1283.61    -486.494 -609.5416 0.7053576
1283.62    -486.3914 -609.541 0.7053567
1283.63    -486.2888 -609.5404 0.7053559
1283.64    -486.1863 -609.5397 0.7053552
1283.65    -486.0837 -609.5391 0.7053543
1283.66    -485.9811 -609.5385 0.7053535
1283.67    -485.8785 -609.5377 0.7053528
1283.68    -485.7758 -609.537 0.7053521
1283.69    -485.6732 -609.5364 0.7053513
1283.7    -485.5706 -609.5356 0.7053505
1283.71    -485.4679 -609.5349 0.7053498
1283.72    -485.3652 -609.5341 0.705349
1283.73    -485.2625 -609.5333 0.7053483
1283.74    -485.1598 -609.5325 0.7053476
1283.75    -485.057 -609.5317 0.7053469
1283.76    -484.9542 -609.5309 0.7053462
1283.77    -484.8514 -609.5301 0.7053455
1283.78    -484.7486 -609.5292 0.7053447
1283.79    -484.6457 -609.5283 0.705344
1283.8    -484.5428 -609.5274 0.7053433
1283.81    -484.4399 -609.5265 0.7053426
1283.82    -484.337 -609.5255 0.7053419
1283.83    -484.234 -609.5246 0.7053412
1283.84    -484.131 -609.5236 0.7053404
1283.85    -484.0279 -609.5226 0.7053397
1283.86    -483.9248 -609.5215 0.705339
1283.87    -483.8217 -609.5206 0.7053383
1283.88    -483.7185 -609.5195 0.7053376
1283.89    -483.6153 -609.5184 0.7053369
1283.9    -483.512 -609.5173 0.7053362
1283.91    -483.4087 -609.5162 0.7053354
1283.92    -483.3053 -609.5151 0.7053347
1283.93    -483.2018 -609.514 0.7053339
1283.94    -483.0984 -609.5128 0.7053332
1283.95    -482.9948 -609.5116 0.7053325
1283.96    -482.8913 -609.5104 0.7053318
1283.97    -482.7876 -609.5092 0.7053311
1283.98    -482.6839 -609.5079 0.7053304
1283.99    -482.5802 -609.5067 0.7053297
1284    -482.4764 -609.5053 0.7053289
1284.01    -482.3725 -609.504 0.7053282
1284.02    -482.2686 -609.5026 0.7053275
1284.03    -482.1646 -609.5013 0.7053268
1284.04    -482.0605 -609.4999 0.7053261
1284.05    -481.9564 -609.4984 0.7053254
1284.06    -481.8522 -609.497 0.7053246
1284.07    -481.748 -609.4955 0.7053239
1284.08    -481.6437 -609.4941 0.7053232
1284.09    -481.5393 -609.4926 0.7053224
1284.1    -481.4349 -609.4911 0.7053217
1284.11    -481.3304 -609.4895 0.7053211
1284.12    -481.2258 -609.488 0.7053204
1284.13    -481.1212 -609.4863 0.7053196
1284.14    -481.0164 -609.4847 0.7053189
1284.15    -480.9117 -609.4831 0.7053182
1284.16    -480.8068 -609.4814 0.7053175
1284.17    -480.7019 -609.4797 0.7053168
1284.18    -480.5969 -609.478 0.7053161
1284.19    -480.4919 -609.4763 0.7053154
1284.2    -480.3867 -609.4745 0.7053146
1284.21    -480.2815 -609.4728 0.7053139
1284.22    -480.1762 -609.4709 0.7053132
1284.23    -480.0708 -609.4692 0.7053125
1284.24    -479.9654 -609.4673 0.7053117
1284.25    -479.8599 -609.4655 0.7053111
1284.26    -479.7543 -609.4636 0.7053103
1284.27    -479.6487 -609.4617 0.7053096
1284.28    -479.5429 -609.4597 0.7053089
1284.29    -479.4371 -609.4578 0.7053082
1284.3    -479.3313 -609.4557 0.7053075
1284.31    -479.2253 -609.4538 0.7053068
1284.32    -479.1193 -609.4517 0.7053061
1284.33    -479.0132 -609.4497 0.7053053
1284.34    -478.907 -609.4476 0.7053046
1284.35    -478.8008 -609.4454 0.7053039
1284.36    -478.6944 -609.4434 0.7053032
1284.37    -478.588 -609.4412 0.7053025
1284.38    -478.4815 -609.439 0.7053017
1284.39    -478.375 -609.4368 0.705301
1284.4    -478.2684 -609.4346 0.7053003
1284.41    -478.1617 -609.4323 0.7052996
1284.42    -478.0549 -609.4301 0.7052988
1284.43    -477.948 -609.4277 0.7052981
1284.44    -477.8411 -609.4254 0.7052974
1284.45    -477.7341 -609.423 0.7052966
1284.46    -477.627 -609.4207 0.7052959
1284.47    -477.5199 -609.4183 0.7052951
1284.48    -477.4126 -609.4159 0.7052943
1284.49    -477.3053 -609.4134 0.7052936
1284.5    -477.1979 -609.4109 0.7052928
1284.51    -477.0905 -609.4084 0.705292
1284.52    -476.9829 -609.4059 0.7052913
1284.53    -476.8753 -609.4034 0.7052904
1284.54    -476.7676 -609.4008 0.7052897
1284.55    -476.6598 -609.3982 0.7052889
1284.56    -476.552 -609.3956 0.7052881
1284.57    -476.444 -609.3929 0.7052872
1284.58    -476.336 -609.3903 0.7052864
1284.59    -476.2279 -609.3875 0.7052855
1284.6    -476.1197 -609.3848 0.7052847
1284.61    -476.0115 -609.382 0.7052838
1284.62    -475.9031 -609.3793 0.7052829
1284.63    -475.7947 -609.3765 0.7052821
1284.64    -475.6862 -609.3737 0.7052812
1284.65    -475.5776 -609.3708 0.7052804
1284.66    -475.469 -609.368 0.7052795
1284.67    -475.3602 -609.3651 0.7052785
1284.68    -475.2514 -609.3622 0.7052776
1284.69    -475.1425 -609.3592 0.7052768
1284.7    -475.0335 -609.3563 0.7052759
1284.71    -474.9244 -609.3533 0.7052749
1284.72    -474.8153 -609.3503 0.705274
1284.73    -474.706 -609.3473 0.7052731
1284.74    -474.5967 -609.3442 0.7052721
1284.75    -474.4873 -609.3412 0.7052712
1284.76    -474.3778 -609.3381 0.7052703
1284.77    -474.2683 -609.335 0.7052693
1284.78    -474.1586 -609.332 0.7052684
1284.79    -474.0489 -609.3288 0.7052674
1284.8    -473.9391 -609.3257 0.7052665
1284.81    -473.8292 -609.3226 0.7052655
1284.82    -473.7192 -609.3193 0.7052645
1284.83    -473.6092 -609.3162 0.7052636
1284.84    -473.499 -609.313 0.7052626
1284.85    -473.3888 -609.3098 0.7052616
1284.86    -473.2785 -609.3065 0.7052607
1284.87    -473.1682 -609.3033 0.7052597
1284.88    -473.0577 -609.3 0.7052588
1284.89    -472.9471 -609.2968 0.7052578
1284.9    -472.8365 -609.2935 0.7052568
1284.91    -472.7258 -609.2902 0.7052558
1284.92    -472.615 -609.2869 0.7052548
1284.93    -472.5041 -609.2836 0.7052537
1284.94    -472.3931 -609.2802 0.7052528
1284.95    -472.2821 -609.2768 0.7052517
1284.96    -472.171 -609.2734 0.7052507
1284.97    -472.0598 -609.2701 0.7052497
1284.98    -471.9485 -609.2667 0.7052487
1284.99    -471.8371 -609.2632 0.7052476
1285    -471.7257 -609.2598 0.7052466
1285.01    -471.6141 -609.2563 0.7052456
1285.02    -471.5025 -609.2529 0.7052446
1285.03    -471.3908 -609.2494 0.7052436
1285.04    -471.279 -609.2459 0.7052426
1285.05    -471.1671 -609.2424 0.7052416
1285.06    -471.0552 -609.2388 0.7052405
1285.07    -470.9432 -609.2353 0.7052395
1285.08    -470.8311 -609.2318 0.7052385
1285.09    -470.7189 -609.2282 0.7052375
1285.1    -470.6066 -609.2247 0.7052365
1285.11    -470.4942 -609.221 0.7052355
1285.12    -470.3818 -609.2174 0.7052345
1285.13    -470.2693 -609.2138 0.7052334
1285.14    -470.1567 -609.2102 0.7052324
1285.15    -470.044 -609.2066 0.7052314
1285.16    -469.9312 -609.2029 0.7052304
1285.17    -469.8184 -609.1993 0.7052293
1285.18    -469.7054 -609.1956 0.7052283
1285.19    -469.5924 -609.1919 0.7052273
1285.2    -469.4794 -609.1882 0.7052263
1285.21    -469.3662 -609.1845 0.7052253
1285.22    -469.253 -609.1808 0.7052243
1285.23    -469.1396 -609.1771 0.7052232
1285.24    -469.0262 -609.1733 0.7052222
1285.25    -468.9127 -609.1696 0.7052211
1285.26    -468.7991 -609.1658 0.7052201
1285.27    -468.6855 -609.162 0.7052191
1285.28    -468.5717 -609.1582 0.705218
1285.29    -468.4579 -609.1544 0.7052169
1285.3    -468.3441 -609.1506 0.7052159
1285.31    -468.2301 -609.1469 0.7052149
1285.32    -468.116 -609.143 0.7052138
1285.33    -468.0019 -609.1392 0.7052127
1285.34    -467.8877 -609.1353 0.7052116
1285.35    -467.7734 -609.1314 0.7052106
1285.36    -467.6591 -609.1276 0.7052095
1285.37    -467.5446 -609.1237 0.7052084
1285.38    -467.4301 -609.1198 0.7052073
1285.39    -467.3156 -609.1159 0.7052063
1285.4    -467.2009 -609.112 0.7052052
1285.41    -467.0862 -609.1081 0.7052041
1285.42    -466.9713 -609.1041 0.7052031
1285.43    -466.8564 -609.1002 0.705202
1285.44    -466.7415 -609.0963 0.705201
1285.45    -466.6264 -609.0923 0.7051999
1285.46    -466.5113 -609.0884 0.7051988
1285.47    -466.3961 -609.0844 0.7051978
1285.48    -466.2808 -609.0804 0.7051967
1285.49    -466.1654 -609.0765 0.7051956
1285.5    -466.05 -609.0724 0.7051945
1285.51    -465.9345 -609.0684 0.7051935
1285.52    -465.8189 -609.0644 0.7051924
1285.53    -465.7032 -609.0604 0.7051913
1285.54    -465.5875 -609.0563 0.7051902
1285.55    -465.4717 -609.0523 0.7051892
1285.56    -465.3558 -609.0483 0.7051881
1285.57    -465.2398 -609.0443 0.705187
1285.58    -465.1238 -609.0401 0.7051859
1285.59    -465.0077 -609.036 0.7051848
1285.6    -464.8915 -609.0319 0.7051837
1285.61    -464.7752 -609.0278 0.7051827
1285.62    -464.6589 -609.0237 0.7051816
1285.63    -464.5424 -609.0197 0.7051805
1285.64    -464.426 -609.0156 0.7051795
1285.65    -464.3094 -609.0114 0.7051784
1285.66    -464.1928 -609.0072 0.7051773
1285.67    -464.0761 -609.0031 0.7051762
1285.68    -463.9593 -608.9988 0.7051752
1285.69    -463.8424 -608.9946 0.7051741
1285.7    -463.7255 -608.9904 0.705173
1285.71    -463.6085 -608.9862 0.7051719
1285.72    -463.4914 -608.982 0.7051709
1285.73    -463.3743 -608.9778 0.7051698
1285.74    -463.257 -608.9734 0.7051687
1285.75    -463.1398 -608.9692 0.7051677
1285.76    -463.0224 -608.9649 0.7051666
1285.77    -462.9049 -608.9606 0.7051655
1285.78    -462.7874 -608.9564 0.7051644
1285.79    -462.6698 -608.9521 0.7051634
1285.8    -462.5522 -608.9478 0.7051623
1285.81    -462.4344 -608.9435 0.7051612
1285.82    -462.3166 -608.9391 0.7051601
1285.83    -462.1987 -608.9348 0.7051591
1285.84    -462.0807 -608.9305 0.7051579
1285.85    -461.9627 -608.9261 0.7051569
1285.86    -461.8446 -608.9218 0.7051558
1285.87    -461.7265 -608.9175 0.7051547
1285.88    -461.6082 -608.9131 0.7051536
1285.89    -461.4899 -608.9087 0.7051526
1285.9    -461.3716 -608.9043 0.7051515
1285.91    -461.2531 -608.8999 0.7051504
1285.92    -461.1346 -608.8954 0.7051494
1285.93    -461.0159 -608.891 0.7051483
1285.94    -460.8972 -608.8865 0.7051472
1285.95    -460.7785 -608.8821 0.7051461
1285.96    -460.6597 -608.8776 0.7051451
1285.97    -460.5408 -608.873 0.705144
1285.98    -460.4219 -608.8685 0.705143
1285.99    -460.3029 -608.864 0.7051418
1286    -460.1838 -608.8595 0.7051408
1286.01    -460.0647 -608.8549 0.7051397
1286.02    -459.9455 -608.8504 0.7051386
1286.03    -459.8262 -608.8459 0.7051376
1286.04    -459.7069 -608.8413 0.7051365
1286.05    -459.5875 -608.8367 0.7051354
1286.06    -459.468 -608.8321 0.7051343
1286.07    -459.3484 -608.8275 0.7051333
1286.08    -459.2288 -608.8229 0.7051322
1286.09    -459.1091 -608.8184 0.7051311
1286.1    -458.9894 -608.8137 0.70513
1286.11    -458.8696 -608.809 0.705129
1286.12    -458.7497 -608.8044 0.7051279
1286.13    -458.6297 -608.7997 0.7051268
1286.14    -458.5097 -608.7951 0.7051257
1286.15    -458.3897 -608.7905 0.7051247
1286.16    -458.2695 -608.7857 0.7051236
1286.17    -458.1493 -608.781 0.7051225
1286.18    -458.0291 -608.7763 0.7051215
1286.19    -457.9087 -608.7716 0.7051204
1286.2    -457.7883 -608.7669 0.7051193
1286.21    -457.6679 -608.7621 0.7051182
1286.22    -457.5473 -608.7573 0.7051172
1286.23    -457.4267 -608.7526 0.7051161
1286.24    -457.3061 -608.7478 0.705115
1286.25    -457.1854 -608.743 0.7051139
1286.26    -457.0646 -608.7382 0.7051129
1286.27    -456.9438 -608.7334 0.7051118
1286.28    -456.8228 -608.7286 0.7051107
1286.29    -456.7019 -608.7238 0.7051097
1286.3    -456.5809 -608.7189 0.7051086
1286.31    -456.4598 -608.7141 0.7051075
1286.32    -456.3386 -608.7092 0.7051064
1286.33    -456.2174 -608.7043 0.7051054
1286.34    -456.0961 -608.6994 0.7051043
1286.35    -455.9748 -608.6945 0.7051032
1286.36    -455.8534 -608.6896 0.7051021
1286.37    -455.7319 -608.6846 0.7051011
1286.38    -455.6104 -608.6797 0.7051
1286.39    -455.4888 -608.6747 0.7050989
1286.4    -455.3671 -608.6697 0.7050979
1286.41    -455.2454 -608.6647 0.7050967
1286.42    -455.1236 -608.6597 0.7050957
1286.43    -455.0017 -608.6547 0.7050946
1286.44    -454.8799 -608.6497 0.7050936
1286.45    -454.7579 -608.6447 0.7050925
1286.46    -454.6359 -608.6396 0.7050914
1286.47    -454.5138 -608.6345 0.7050903
1286.48    -454.3916 -608.6294 0.7050893
1286.49    -454.2694 -608.6243 0.7050883
1286.5    -454.1472 -608.6193 0.7050872
1286.51    -454.0248 -608.6141 0.7050861
1286.52    -453.9024 -608.609 0.705085
