2265.37    -649.835 -614.4134 0.7039453
2265.38    -649.7012 -614.4091 0.7039632
2265.39    -649.5674 -614.4048 0.7039834
2265.4    -649.4336 -614.4006 0.704006
2265.41    -649.2997 -614.3963 0.7040308
2265.42    -649.1658 -614.392 0.7040576
2265.43    -649.0319 -614.3878 0.7040865
2265.44    -648.898 -614.3835 0.704116
2265.45    -648.764 -614.3792 0.7041461
2265.46    -648.6301 -614.3749 0.7041768
2265.47    -648.496 -614.3707 0.7042081
2265.48    -648.362 -614.3664 0.7042399
2265.49    -648.228 -614.3621 0.7042705
2265.5    -648.0939 -614.3578 0.7043002
2265.51    -647.9598 -614.3536 0.7043288
2265.52    -647.8256 -614.3493 0.7043566
2265.53    -647.6915 -614.345 0.7043834
2265.54    -647.5573 -614.3408 0.7044079
2265.55    -647.4231 -614.3365 0.7044303
2265.56    -647.2889 -614.3322 0.7044507
2265.57    -647.1546 -614.3281 0.7044692
2265.58    -647.0203 -614.3239 0.7044859
2265.59    -646.886 -614.3196 0.7045
2265.6    -646.7517 -614.3154 0.7045115
2265.61    -646.6174 -614.3112 0.7045208
2265.62    -646.483 -614.307 0.7045279
2265.63    -646.3486 -614.3028 0.7045328
2265.64    -646.2142 -614.2986 0.7045358
2265.65    -646.0797 -614.2944 0.704537
2265.66    -645.9453 -614.2902 0.7045366
2265.67    -645.8108 -614.2859 0.7045344
2265.68    -645.6763 -614.2817 0.7045307
2265.69    -645.5417 -614.2775 0.7045262
2265.7    -645.4072 -614.2733 0.7045212
2265.71    -645.2726 -614.2691 0.7045155
2265.72    -645.1381 -614.2649 0.7045092
2265.73    -645.0034 -614.2607 0.7045022
2265.74    -644.8688 -614.2565 0.7044958
2265.75    -644.7341 -614.2523 0.7044896
2265.76    -644.5994 -614.248 0.7044839
2265.77    -644.4647 -614.2438 0.7044785
2265.78    -644.33 -614.2396 0.7044734
2265.79    -644.1952 -614.2354 0.7044695
2265.8    -644.0604 -614.2312 0.7044668
2265.81    -643.9256 -614.2271 0.7044651
2265.82    -643.7908 -614.2228 0.7044644
2265.83    -643.6559 -614.2186 0.7044647
2265.84    -643.5211 -614.2144 0.7044665
2265.85    -643.3862 -614.2102 0.7044698
2265.86    -643.2513 -614.206 0.7044744
2265.87    -643.1164 -614.2018 0.7044804
2265.88    -642.9814 -614.1976 0.7044876
2265.89    -642.8465 -614.1934 0.704496
2265.9    -642.7115 -614.1891 0.7045057
2265.91    -642.5765 -614.1849 0.7045165
2265.92    -642.4414 -614.1807 0.7045285
2265.93    -642.3063 -614.1766 0.7045415
2265.94    -642.1713 -614.1724 0.7045555
2265.95    -642.0361 -614.1683 0.7045704
2265.96    -641.901 -614.1641 0.7045863
2265.97    -641.7658 -614.16 0.704603
2265.98    -641.6306 -614.1558 0.7046206
2265.99    -641.4954 -614.1517 0.704639
2266    -641.3602 -614.1475 0.7046581
2266.01    -641.225 -614.1434 0.7046779
2266.02    -641.0897 -614.1392 0.7046983
2266.03    -640.9544 -614.1351 0.7047195
2266.04    -640.8191 -614.131 0.7047412
2266.05    -640.6838 -614.1268 0.7047637
2266.06    -640.5484 -614.1227 0.7047866
2266.07    -640.413 -614.1185 0.7048101
2266.08    -640.2776 -614.1144 0.7048342
2266.09    -640.1422 -614.1102 0.7048591
2266.1    -640.0067 -614.1061 0.7048847
2266.11    -639.8712 -614.1019 0.7049112
2266.12    -639.7357 -614.0978 0.7049384
2266.13    -639.6002 -614.0936 0.7049661
2266.14    -639.4647 -614.0895 0.7049952
2266.15    -639.3291 -614.0853 0.7050254
2266.16    -639.1935 -614.0812 0.7050568
2266.17    -639.0579 -614.077 0.7050892
2266.18    -638.9223 -614.0729 0.7051226
2266.19    -638.7867 -614.0687 0.7051576
2266.2    -638.651 -614.0646 0.7051939
2266.21    -638.5153 -614.0604 0.7052315
2266.22    -638.3796 -614.0563 0.7052705
2266.23    -638.2438 -614.0521 0.7053106
2266.24    -638.1081 -614.048 0.705352
2266.25    -637.9723 -614.0438 0.7053946
2266.26    -637.8365 -614.0397 0.7054383
2266.27    -637.7007 -614.0355 0.705483
2266.28    -637.5648 -614.0314 0.7055287
2266.29    -637.429 -614.0273 0.7055753
2266.3    -637.2931 -614.0231 0.7056227
2266.31    -637.1572 -614.019 0.7056709
2266.32    -637.0212 -614.0148 0.7057198
2266.33    -636.8853 -614.0107 0.7057694
2266.34    -636.7493 -614.0065 0.7058194
2266.35    -636.6133 -614.0024 0.7058698
2266.36    -636.4772 -613.9982 0.7059204
2266.37    -636.3412 -613.994 0.7059714
2266.38    -636.2051 -613.9899 0.7060226
2266.39    -636.0691 -613.9857 0.7060735
2266.4    -635.933 -613.9816 0.7061241
2266.41    -635.7969 -613.9774 0.7061744
2266.42    -635.6607 -613.9733 0.7062244
2266.43    -635.5245 -613.9691 0.7062743
2266.44    -635.3884 -613.965 0.7063229
2266.45    -635.2522 -613.9608 0.7063704
2266.46    -635.116 -613.9567 0.7064168
2266.47    -634.9797 -613.9525 0.7064623
2266.48    -634.8434 -613.9484 0.7065067
2266.49    -634.7072 -613.9442 0.7065493
2266.5    -634.5709 -613.9401 0.7065902
2266.51    -634.4346 -613.9359 0.7066294
2266.52    -634.2982 -613.9318 0.7066669
2266.53    -634.1619 -613.9276 0.7067029
2266.54    -634.0255 -613.9235 0.7067375
2266.55    -633.8891 -613.9193 0.7067698
2266.56    -633.7527 -613.9151 0.7067999
2266.57    -633.6163 -613.9109 0.7068279
2266.58    -633.4798 -613.9068 0.706854
2266.59    -633.3433 -613.9026 0.7068781
2266.6    -633.2068 -613.8985 0.7068998
2266.61    -633.0704 -613.8943 0.7069193
2266.62    -632.9338 -613.8901 0.7069364
2266.63    -632.7973 -613.8859 0.7069513
2266.64    -632.6608 -613.8817 0.7069638
2266.65    -632.5242 -613.8775 0.7069739
2266.66    -632.3876 -613.8733 0.7069817
2266.67    -632.251 -613.8691 0.7069873
2266.68    -632.1144 -613.8648 0.7069909
2266.69    -631.9778 -613.8606 0.7069923
2266.7    -631.8411 -613.8564 0.7069916
2266.71    -631.7045 -613.8522 0.706989
2266.72    -631.5677 -613.848 0.7069845
2266.73    -631.431 -613.8438 0.7069783
2266.74    -631.2943 -613.8395 0.7069703
2266.75    -631.1576 -613.8353 0.7069609
2266.76    -631.0209 -613.8311 0.70695
2266.77    -630.8841 -613.8269 0.7069377
2266.78    -630.7473 -613.8227 0.706924
2266.79    -630.6105 -613.8185 0.7069091
2266.8    -630.4738 -613.8143 0.7068931
2266.81    -630.3369 -613.81 0.7068764
2266.82    -630.2001 -613.8057 0.7068588
2266.83    -630.0632 -613.8015 0.7068405
2266.84    -629.9263 -613.7972 0.7068213
2266.85    -629.7895 -613.7929 0.7068019
2266.86    -629.6526 -613.7886 0.7067822
2266.87    -629.5157 -613.7844 0.7067622
2266.88    -629.3788 -613.7801 0.7067419
2266.89    -629.2419 -613.7758 0.7067217
2266.9    -629.105 -613.7715 0.7067016
2266.91    -628.968 -613.7673 0.7066817
2266.92    -628.8311 -613.763 0.7066619
2266.93    -628.6941 -613.7587 0.7066423
2266.94    -628.5571 -613.7545 0.7066227
2266.95    -628.4201 -613.7502 0.7066034
2266.96    -628.2831 -613.7459 0.7065846
2266.97    -628.1461 -613.7416 0.7065661
2266.98    -628.009 -613.7374 0.706548
2266.99    -627.8719 -613.7331 0.7065302
2267    -627.7349 -613.7288 0.7065127
2267.01    -627.5978 -613.7245 0.7064956
2267.02    -627.4608 -613.7203 0.7064788
2267.03    -627.3237 -613.716 0.7064623
2267.04    -627.1866 -613.7117 0.7064461
2267.05    -627.0495 -613.7074 0.7064302
2267.06    -626.9124 -613.7031 0.7064146
2267.07    -626.7753 -613.6987 0.7063992
2267.08    -626.6382 -613.6943 0.7063841
2267.09    -626.5011 -613.69 0.7063692
2267.1    -626.364 -613.6857 0.7063545
2267.11    -626.2268 -613.6813 0.7063401
2267.12    -626.0897 -613.677 0.7063258
2267.13    -625.9525 -613.6727 0.7063117
2267.14    -625.8154 -613.6683 0.7062978
2267.15    -625.6782 -613.664 0.7062841
2267.16    -625.5411 -613.6597 0.7062705
2267.17    -625.4039 -613.6553 0.7062572
2267.18    -625.2667 -613.651 0.7062439
2267.19    -625.1295 -613.6467 0.7062308
2267.2    -624.9923 -613.6423 0.7062178
2267.21    -624.8551 -613.638 0.706205
2267.22    -624.7179 -613.6337 0.7061924
2267.23    -624.5807 -613.6293 0.7061799
2267.24    -624.4435 -613.625 0.7061678
2267.25    -624.3063 -613.6207 0.706156
2267.26    -624.1691 -613.6163 0.7061447
2267.27    -624.0319 -613.612 0.7061336
2267.28    -623.8946 -613.6077 0.7061229
2267.29    -623.7574 -613.6033 0.7061127
2267.3    -623.6201 -613.599 0.7061033
2267.31    -623.4828 -613.5946 0.7060943
2267.32    -623.3456 -613.5902 0.706086
2267.33    -623.2083 -613.5858 0.7060781
2267.34    -623.071 -613.5814 0.7060711
2267.35    -622.9338 -613.577 0.706065
2267.36    -622.7965 -613.5726 0.7060596
2267.37    -622.6592 -613.5682 0.706055
2267.38    -622.5219 -613.5638 0.706051
2267.39    -622.3846 -613.5594 0.7060481
2267.4    -622.2473 -613.5551 0.7060462
2267.41    -622.11 -613.5507 0.7060454
2267.42    -621.9727 -613.5463 0.7060453
2267.43    -621.8353 -613.5418 0.7060462
2267.44    -621.698 -613.5374 0.7060484
2267.45    -621.5607 -613.533 0.7060518
2267.46    -621.4233 -613.5286 0.7060565
2267.47    -621.286 -613.5242 0.7060623
2267.48    -621.1486 -613.5198 0.7060692
2267.49    -621.0113 -613.5154 0.7060773
2267.5    -620.874 -613.511 0.7060866
2267.51    -620.7366 -613.5066 0.7060971
2267.52    -620.5992 -613.5021 0.7061086
2267.53    -620.4619 -613.4977 0.7061212
2267.54    -620.3245 -613.4932 0.7061347
2267.55    -620.1871 -613.4888 0.706149
2267.56    -620.0497 -613.4843 0.7061642
2267.57    -619.9124 -613.4798 0.7061802
2267.58    -619.775 -613.4753 0.7061968
2267.59    -619.6376 -613.4709 0.7062141
2267.6    -619.5002 -613.4664 0.7062317
2267.61    -619.3628 -613.462 0.7062498
2267.62    -619.2254 -613.4575 0.7062683
2267.63    -619.088 -613.4529 0.7062873
2267.64    -618.9506 -613.4484 0.7063062
2267.65    -618.8132 -613.4438 0.7063252
2267.66    -618.6758 -613.4393 0.7063442
2267.67    -618.5385 -613.4348 0.7063632
2267.68    -618.401 -613.4303 0.7063823
2267.69    -618.2636 -613.4258 0.7064009
2267.7    -618.1262 -613.4213 0.7064192
2267.71    -617.9888 -613.4166 0.7064372
2267.72    -617.8514 -613.412 0.7064548
2267.73    -617.7139 -613.4075 0.706472
2267.74    -617.5765 -613.4029 0.7064885
2267.75    -617.4391 -613.3983 0.7065043
2267.76    -617.3018 -613.3937 0.7065195
2267.77    -617.1643 -613.3891 0.706534
2267.78    -617.0269 -613.3845 0.7065479
2267.79    -616.8894 -613.3799 0.7065612
2267.8    -616.752 -613.3752 0.7065735
2267.81    -616.6146 -613.3706 0.7065847
2267.82    -616.4772 -613.3659 0.7065949
2267.83    -616.3397 -613.3613 0.7066043
2267.84    -616.2023 -613.3566 0.7066121
2267.85    -616.0649 -613.352 0.7066186
2267.86    -615.9276 -613.3473 0.7066239
2267.87    -615.7901 -613.3425 0.7066278
2267.88    -615.6526 -613.3378 0.7066305
2267.89    -615.5153 -613.3331 0.7066314
2267.9    -615.3779 -613.3284 0.7066303
2267.91    -615.2405 -613.3237 0.7066276
2267.92    -615.1031 -613.319 0.7066231
2267.93    -614.9656 -613.3142 0.7066171
2267.94    -614.8282 -613.3094 0.7066088
2267.95    -614.6909 -613.3047 0.7065984
2267.96    -614.5535 -613.2999 0.7065859
2267.97    -614.4161 -613.2951 0.7065716
2267.98    -614.2787 -613.2903 0.7065554
2267.99    -614.1413 -613.2855 0.7065375
2268    -614.0039 -613.2807 0.7065173
2268.01    -613.8665 -613.2758 0.706495
2268.02    -613.7291 -613.271 0.7064707
2268.03    -613.5917 -613.2662 0.7064443
2268.04    -613.4543 -613.2614 0.7064162
2268.05    -613.317 -613.2565 0.706386
2268.06    -613.1796 -613.2516 0.7063538
2268.07    -613.0422 -613.2467 0.7063198
2268.08    -612.9048 -613.2418 0.706284
2268.09    -612.7674 -613.2369 0.7062464
2268.1    -612.63 -613.2321 0.7062072
2268.11    -612.4926 -613.2272 0.7061663
2268.12    -612.3552 -613.2222 0.706124
2268.13    -612.2178 -613.2173 0.7060802
2268.14    -612.0804 -613.2123 0.7060351
2268.15    -611.9431 -613.2074 0.7059887
2268.16    -611.8057 -613.2025 0.7059411
2268.17    -611.6683 -613.1975 0.7058925
2268.18    -611.5309 -613.1925 0.7058427
2268.19    -611.3936 -613.1876 0.7057921
2268.2    -611.2562 -613.1826 0.705741
2268.21    -611.1189 -613.1776 0.705689
2268.22    -610.9815 -613.1725 0.7056364
2268.23    -610.8441 -613.1675 0.7055833
2268.24    -610.7067 -613.1625 0.7055295
2268.25    -610.5694 -613.1575 0.7054759
2268.26    -610.4321 -613.1525 0.7054225
2268.27    -610.2947 -613.1475 0.7053694
2268.28    -610.1574 -613.1424 0.7053165
2268.29    -610.02 -613.1373 0.7052638
2268.3    -609.8827 -613.1323 0.7052128
2268.31    -609.7454 -613.1272 0.7051633
2268.32    -609.608 -613.1221 0.7051154
2268.33    -609.4707 -613.1171 0.7050689
2268.34    -609.3334 -613.112 0.7050247
2268.35    -609.196 -613.1069 0.7049829
2268.36    -609.0587 -613.1017 0.7049431
2268.37    -608.9214 -613.0966 0.7049054
2268.38    -608.7841 -613.0915 0.7048696
2268.39    -608.6467 -613.0864 0.7048367
2268.4    -608.5094 -613.0812 0.7048061
2268.41    -608.3721 -613.0761 0.7047781
2268.42    -608.2347 -613.071 0.7047523
2268.43    -608.0974 -613.0659 0.7047288
2268.44    -607.9601 -613.0607 0.7047076
2268.45    -607.8228 -613.0556 0.7046887
2268.46    -607.6854 -613.0505 0.704672
2268.47    -607.5481 -613.0453 0.7046573
2268.48    -607.4108 -613.0401 0.7046445
2268.49    -607.2735 -613.0349 0.7046336
2268.5    -607.1362 -613.0297 0.7046245
2268.51    -606.9989 -613.0245 0.704617
2268.52    -606.8616 -613.0193 0.7046111
2268.53    -606.7242 -613.0141 0.7046068
2268.54    -606.587 -613.0089 0.7046039
2268.55    -606.4497 -613.0037 0.7046024
2268.56    -606.3124 -612.9985 0.7046022
2268.57    -606.1752 -612.9933 0.7046032
2268.58    -606.0378 -612.9882 0.7046054
2268.59    -605.9006 -612.983 0.7046086
2268.6    -605.7633 -612.9777 0.7046127
2268.61    -605.626 -612.9725 0.7046178
2268.62    -605.4888 -612.9672 0.7046237
2268.63    -605.3515 -612.962 0.7046305
2268.64    -605.2142 -612.9567 0.7046373
2268.65    -605.077 -612.9515 0.7046441
2268.66    -604.9397 -612.9462 0.7046509
2268.67    -604.8024 -612.941 0.7046579
2268.68    -604.6652 -612.9357 0.7046648
2268.69    -604.5279 -612.9305 0.7046705
2268.7    -604.3906 -612.9252 0.7046752
2268.71    -604.2534 -612.92 0.7046788
2268.72    -604.1161 -612.9147 0.7046813
2268.73    -603.9788 -612.9095 0.704683
2268.74    -603.8416 -612.9042 0.7046825
2268.75    -603.7043 -612.899 0.7046799
2268.76    -603.567 -612.8937 0.7046756
2268.77    -603.4297 -612.8885 0.7046693
2268.78    -603.2925 -612.8832 0.7046613
2268.79    -603.1553 -612.8779 0.7046512
2268.8    -603.0181 -612.8726 0.7046391
2268.81    -602.8809 -612.8673 0.7046251
2268.82    -602.7436 -612.862 0.7046092
2268.83    -602.6063 -612.8567 0.7045917
2268.84    -602.4691 -612.8514 0.7045727
2268.85    -602.3319 -612.8461 0.7045524
2268.86    -602.1947 -612.8408 0.7045308
2268.87    -602.0575 -612.8354 0.704508
2268.88    -601.9203 -612.8301 0.7044841
2268.89    -601.7831 -612.8248 0.7044598
2268.9    -601.6459 -612.8195 0.7044352
2268.91    -601.5087 -612.8142 0.7044102
2268.92    -601.3715 -612.8089 0.7043849
2268.93    -601.2343 -612.8036 0.7043592
2268.94    -601.097 -612.7983 0.7043342
2268.95    -600.9598 -612.793 0.7043096
2268.96    -600.8226 -612.7877 0.7042855
2268.97    -600.6854 -612.7823 0.7042619
2268.98    -600.5482 -612.777 0.7042388
2268.99    -600.411 -612.7717 0.7042161
2269    -600.2738 -612.7664 0.7041945
2269.01    -600.1366 -612.7611 0.704174
2269.02    -599.9994 -612.7558 0.7041548
2269.03    -599.8622 -612.7505 0.7041366
2269.04    -599.725 -612.7452 0.7041192
2269.05    -599.5878 -612.7399 0.7041035
2269.06    -599.4506 -612.7346 0.7040895
2269.07    -599.3134 -612.7292 0.7040768
2269.08    -599.1761 -612.7239 0.7040656
2269.09    -599.039 -612.7186 0.704056
2269.1    -598.9019 -612.7133 0.704048
2269.11    -598.7647 -612.708 0.7040416
2269.12    -598.6275 -612.7027 0.7040365
2269.13    -598.4903 -612.6974 0.7040328
2269.14    -598.3531 -612.6921 0.7040305
2269.15    -598.216 -612.6868 0.7040296
2269.16    -598.0789 -612.6815 0.7040299
2269.17    -597.9417 -612.6761 0.7040314
2269.18    -597.8046 -612.6708 0.7040341
2269.19    -597.6674 -612.6655 0.7040379
2269.2    -597.5303 -612.6602 0.7040428
2269.21    -597.3931 -612.655 0.7040486
2269.22    -597.256 -612.6497 0.7040554
2269.23    -597.1188 -612.6443 0.7040631
2269.24    -596.9817 -612.639 0.7040716
2269.25    -596.8445 -612.6337 0.7040808
2269.26    -596.7074 -612.6284 0.7040904
2269.27    -596.5703 -612.6231 0.7041005
2269.28    -596.4331 -612.6178 0.7041112
2269.29    -596.296 -612.6125 0.7041222
2269.3    -596.1588 -612.6072 0.7041333
2269.31    -596.0217 -612.602 0.7041441
2269.32    -595.8845 -612.5967 0.7041548
2269.33    -595.7474 -612.5915 0.7041653
2269.34    -595.6102 -612.5862 0.7041749
2269.35    -595.4731 -612.581 0.7041836
2269.36    -595.3359 -612.5757 0.7041913
2269.37    -595.1988 -612.5705 0.7041982
2269.38    -595.0616 -612.5652 0.7042043
2269.39    -594.9246 -612.56 0.7042085
2269.4    -594.7875 -612.5548 0.7042109
2269.41    -594.6503 -612.5496 0.7042117
2269.42    -594.5132 -612.5443 0.7042108
2269.43    -594.376 -612.5391 0.7042084
2269.44    -594.239 -612.5338 0.7042038
2269.45    -594.1019 -612.5286 0.704197
2269.46    -593.9648 -612.5233 0.704188
2269.47    -593.8277 -612.5181 0.7041772
2269.48    -593.6906 -612.5128 0.7041644
2269.49    -593.5535 -612.5076 0.7041497
2269.5    -593.4164 -612.5023 0.7041333
2269.51    -593.2793 -612.4971 0.704115
2269.52    -593.1422 -612.4918 0.7040952
2269.53    -593.0051 -612.4866 0.7040737
2269.54    -592.868 -612.4813 0.7040513
2269.55    -592.731 -612.4761 0.7040278
2269.56    -592.5939 -612.4709 0.7040035
2269.57    -592.4568 -612.4657 0.7039783
2269.58    -592.3197 -612.4606 0.7039522
2269.59    -592.1826 -612.4554 0.7039266
2269.6    -592.0455 -612.4502 0.7039012
2269.61    -591.9084 -612.445 0.703876
2269.62    -591.7714 -612.4398 0.7038512
2269.63    -591.6343 -612.4346 0.7038266
2269.64    -591.4972 -612.4294 0.7038036
2269.65    -591.3601 -612.4243 0.703782
2269.66    -591.223 -612.4191 0.7037616
2269.67    -591.0859 -612.4139 0.7037426
2269.68    -590.9489 -612.4087 0.7037247
2269.69    -590.8118 -612.4035 0.7037092
2269.7    -590.6747 -612.3983 0.7036958
2269.71    -590.5377 -612.3931 0.7036845
2269.72    -590.4006 -612.3879 0.7036751
2269.73    -590.2635 -612.3828 0.7036676
2269.74    -590.1264 -612.3776 0.7036618
2269.75    -589.9894 -612.3724 0.7036584
2269.76    -589.8524 -612.3672 0.703657
2269.77    -589.7153 -612.3621 0.7036577
2269.78    -589.5782 -612.3569 0.7036602
2269.79    -589.4412 -612.3518 0.7036647
2269.8    -589.3041 -612.3467 0.7036709
2269.81    -589.1671 -612.3416 0.7036788
2269.82    -589.0301 -612.3364 0.7036883
2269.83    -588.8931 -612.3313 0.7036992
2269.84    -588.756 -612.3262 0.7037114
2269.85    -588.619 -612.321 0.7037246
2269.86    -588.482 -612.3159 0.7037389
2269.87    -588.345 -612.3108 0.703754
2269.88    -588.2079 -612.3057 0.7037702
2269.89    -588.0709 -612.3005 0.7037871
2269.9    -587.9339 -612.2954 0.7038046
2269.91    -587.7969 -612.2903 0.7038226
2269.92    -587.6599 -612.2852 0.703841
2269.93    -587.5228 -612.28 0.7038599
2269.94    -587.3858 -612.2749 0.7038788
2269.95    -587.2488 -612.2698 0.7038978
2269.96    -587.1118 -612.2646 0.7039168
2269.97    -586.9747 -612.2595 0.7039359
2269.98    -586.8377 -612.2544 0.703955
2269.99    -586.7007 -612.2493 0.7039737
2270    -586.5637 -612.2443 0.7039919
2270.01    -586.4266 -612.2392 0.7040098
2270.02    -586.2896 -612.2341 0.7040273
2270.03    -586.1526 -612.2291 0.7040444
2270.04    -586.0156 -612.224 0.7040606
2270.05    -585.8787 -612.2189 0.704076
2270.06    -585.7416 -612.2139 0.7040905
2270.07    -585.6046 -612.2088 0.7041042
2270.08    -585.4676 -612.2037 0.7041172
2270.09    -585.3306 -612.1987 0.7041295
2270.1    -585.1936 -612.1936 0.7041407
2270.11    -585.0566 -612.1885 0.7041506
2270.12    -584.9197 -612.1835 0.7041593
2270.13    -584.7827 -612.1784 0.7041671
2270.14    -584.6456 -612.1733 0.7041739
2270.15    -584.5087 -612.1683 0.7041793
2270.16    -584.3717 -612.1632 0.7041833
2270.17    -584.2347 -612.1581 0.7041862
2270.18    -584.0978 -612.1531 0.7041879
2270.19    -583.9608 -612.148 0.7041882
2270.2    -583.8239 -612.1429 0.7041873
2270.21    -583.6869 -612.1379 0.7041852
2270.22    -583.5499 -612.1328 0.7041818
2270.23    -583.413 -612.1277 0.7041774
2270.24    -583.276 -612.1228 0.7041719
2270.25    -583.139 -612.1178 0.7041654
2270.26    -583.0021 -612.1128 0.7041579
2270.27    -582.8651 -612.1078 0.7041495
2270.28    -582.7281 -612.1028 0.7041401
2270.29    -582.5912 -612.0978 0.7041299
2270.3    -582.4542 -612.0928 0.7041189
2270.31    -582.3173 -612.0878 0.7041072
2270.32    -582.1803 -612.0828 0.7040947
2270.33    -582.0433 -612.0778 0.7040815
2270.34    -581.9064 -612.0728 0.7040676
2270.35    -581.7694 -612.0677 0.7040532
2270.36    -581.6324 -612.0627 0.7040381
2270.37    -581.4955 -612.0577 0.7040224
2270.38    -581.3585 -612.0527 0.7040062
2270.39    -581.2216 -612.0477 0.7039896
2270.4    -581.0847 -612.0427 0.7039725
2270.41    -580.9478 -612.0377 0.7039551
2270.42    -580.8109 -612.0327 0.7039374
2270.43    -580.6739 -612.0277 0.7039192
2270.44    -580.537 -612.0227 0.7039011
2270.45    -580.4001 -612.0177 0.7038833
2270.46    -580.2632 -612.0127 0.7038655
2270.47    -580.1263 -612.0077 0.7038478
2270.48    -579.9894 -612.0027 0.7038302
2270.49    -579.8525 -611.9977 0.7038135
2270.5    -579.7156 -611.9927 0.7037975
2270.51    -579.5787 -611.9877 0.7037823
2270.52    -579.4418 -611.9827 0.7037677
2270.53    -579.3049 -611.9777 0.7037537
2270.54    -579.168 -611.9727 0.703741
2270.55    -579.0311 -611.9677 0.7037296
2270.56    -578.8942 -611.9626 0.7037193
2270.57    -578.7573 -611.9576 0.7037101
2270.58    -578.6204 -611.9526 0.7037019
2270.59    -578.4835 -611.9476 0.7036952
2270.6    -578.3466 -611.9426 0.7036898
2270.61    -578.2097 -611.9376 0.7036856
2270.62    -578.0728 -611.9326 0.7036827
2270.63    -577.9359 -611.9276 0.7036808
2270.64    -577.799 -611.9226 0.70368
2270.65    -577.662 -611.9176 0.7036804
2270.66    -577.5251 -611.9126 0.7036817
2270.67    -577.3882 -611.9076 0.703684
2270.68    -577.2513 -611.9025 0.7036873
2270.69    -577.1145 -611.8975 0.7036913
2270.7    -576.9777 -611.8925 0.7036962
2270.71    -576.8408 -611.8875 0.7037018
2270.72    -576.7039 -611.8825 0.7037082
2270.73    -576.567 -611.8775 0.7037153
2270.74    -576.4301 -611.8725 0.703723
2270.75    -576.2933 -611.8675 0.7037314
2270.76    -576.1564 -611.8625 0.7037404
2270.77    -576.0196 -611.8575 0.70375
2270.78    -575.8827 -611.8525 0.7037601
2270.79    -575.7458 -611.8475 0.7037708
2270.8    -575.609 -611.8425 0.7037819
2270.81    -575.4722 -611.8375 0.7037935
2270.82    -575.3353 -611.8325 0.7038056
2270.83    -575.1985 -611.8275 0.703818
2270.84    -575.0616 -611.8224 0.703831
2270.85    -574.9248 -611.8174 0.7038442
2270.86    -574.788 -611.8124 0.703858
2270.87    -574.6511 -611.8074 0.703872
2270.88    -574.5143 -611.8024 0.7038863
2270.89    -574.3774 -611.7974 0.7039011
2270.9    -574.2406 -611.7924 0.703916
2270.91    -574.1038 -611.7874 0.7039313
2270.92    -573.9669 -611.7824 0.7039468
2270.93    -573.8301 -611.7773 0.7039627
2270.94    -573.6932 -611.7723 0.7039787
2270.95    -573.5564 -611.7673 0.703995
2270.96    -573.4196 -611.7623 0.7040116
2270.97    -573.2827 -611.7572 0.7040283
2270.98    -573.1459 -611.7521 0.7040453
2270.99    -573.0091 -611.7471 0.7040625
2271    -572.8723 -611.742 0.7040798
2271.01    -572.7355 -611.7369 0.7040973
2271.02    -572.5986 -611.7319 0.704115
2271.03    -572.4618 -611.7268 0.7041328
2271.04    -572.325 -611.7217 0.7041508
2271.05    -572.1882 -611.7167 0.704169
2271.06    -572.0514 -611.7116 0.7041873
2271.07    -571.9146 -611.7065 0.7042058
2271.08    -571.7778 -611.7015 0.7042243
2271.09    -571.6409 -611.6964 0.7042429
2271.1    -571.5042 -611.6913 0.7042618
2271.11    -571.3674 -611.6863 0.7042808
2271.12    -571.2306 -611.6812 0.7042999
2271.13    -571.0938 -611.6761 0.7043192
2271.14    -570.957 -611.671 0.7043388
2271.15    -570.8203 -611.666 0.7043586
2271.16    -570.6835 -611.6609 0.7043787
2271.17    -570.5467 -611.6558 0.704399
2271.18    -570.4099 -611.6508 0.7044195
2271.19    -570.2731 -611.6457 0.7044403
2271.2    -570.1364 -611.6406 0.7044615
2271.21    -569.9996 -611.6356 0.704483
2271.22    -569.8628 -611.6305 0.704505
2271.23    -569.726 -611.6254 0.7045272
2271.24    -569.5892 -611.6202 0.7045497
2271.25    -569.4525 -611.6151 0.7045727
2271.26    -569.3157 -611.61 0.7045959
2271.27    -569.1789 -611.6049 0.7046195
2271.28    -569.0421 -611.5997 0.7046434
2271.29    -568.9053 -611.5946 0.7046675
2271.3    -568.7686 -611.5895 0.7046919
2271.31    -568.6318 -611.5844 0.7047166
2271.32    -568.4951 -611.5792 0.7047414
2271.33    -568.3583 -611.5741 0.7047666
2271.34    -568.2216 -611.569 0.7047919
2271.35    -568.0848 -611.5638 0.7048175
2271.36    -567.9481 -611.5587 0.7048432
2271.37    -567.8114 -611.5535 0.7048692
2271.38    -567.6746 -611.5484 0.7048953
2271.39    -567.5378 -611.5433 0.7049217
2271.4    -567.4011 -611.5381 0.7049481
2271.41    -567.2644 -611.533 0.7049748
2271.42    -567.1277 -611.5279 0.7050015
2271.43    -566.991 -611.5228 0.7050284
2271.44    -566.8542 -611.5176 0.7050555
2271.45    -566.7175 -611.5125 0.7050827
2271.46    -566.5808 -611.5074 0.7051101
2271.47    -566.4441 -611.5022 0.7051376
2271.48    -566.3074 -611.497 0.7051651
2271.49    -566.1707 -611.4918 0.7051927
2271.5    -566.0339 -611.4866 0.7052206
2271.51    -565.8972 -611.4814 0.7052485
2271.52    -565.7605 -611.4763 0.7052764
2271.53    -565.6238 -611.4711 0.7053044
2271.54    -565.4871 -611.4659 0.7053326
2271.55    -565.3503 -611.4606 0.7053609
2271.56    -565.2136 -611.4554 0.7053893
2271.57    -565.0769 -611.4503 0.7054176
2271.58    -564.9402 -611.4451 0.7054461
2271.59    -564.8035 -611.4399 0.7054747
2271.6    -564.6669 -611.4347 0.7055033
2271.61    -564.5302 -611.4295 0.705532
2271.62    -564.3934 -611.4243 0.7055607
2271.63    -564.2567 -611.4191 0.7055895
2271.64    -564.1201 -611.4139 0.7056184
2271.65    -563.9834 -611.4088 0.7056472
2271.66    -563.8467 -611.4036 0.7056762
2271.67    -563.7101 -611.3984 0.7057052
2271.68    -563.5734 -611.3932 0.7057344
2271.69    -563.4367 -611.388 0.7057635
2271.7    -563.3 -611.3828 0.7057927
2271.71    -563.1634 -611.3775 0.7058219
2271.72    -563.0267 -611.3723 0.7058511
2271.73    -562.8901 -611.367 0.7058805
2271.74    -562.7534 -611.3618 0.7059098
2271.75    -562.6168 -611.3564 0.7059392
2271.76    -562.4801 -611.3512 0.7059686
2271.77    -562.3434 -611.3459 0.7059981
2271.78    -562.2068 -611.3407 0.7060276
2271.79    -562.0701 -611.3354 0.7060571
2271.8    -561.9335 -611.3302 0.7060867
2271.81    -561.7968 -611.325 0.7061163
2271.82    -561.6602 -611.3197 0.7061459
2271.83    -561.5235 -611.3145 0.7061755
2271.84    -561.3868 -611.3092 0.7062052
2271.85    -561.2502 -611.304 0.7062349
2271.86    -561.1135 -611.2987 0.7062646
2271.87    -560.9769 -611.2935 0.7062944
2271.88    -560.8402 -611.2882 0.7063242
2271.89    -560.7036 -611.283 0.706354
2271.9    -560.567 -611.2777 0.7063838
2271.91    -560.4303 -611.2725 0.7064137
2271.92    -560.2936 -611.2672 0.7064436
2271.93    -560.157 -611.262 0.7064735
2271.94    -560.0204 -611.2567 0.7065034
2271.95    -559.8838 -611.2515 0.7065334
2271.96    -559.7471 -611.2462 0.7065634
2271.97    -559.6105 -611.241 0.7065933
2271.98    -559.4738 -611.2357 0.7066233
2271.99    -559.3372 -611.2305 0.7066534
2272    -559.2006 -611.2252 0.7066834
2272.01    -559.064 -611.22 0.7067134
2272.02    -558.9274 -611.2147 0.7067436
2272.03    -558.7908 -611.2095 0.7067738
2272.04    -558.6542 -611.2042 0.7068038
2272.05    -558.5176 -611.199 0.706834
2272.06    -558.381 -611.1938 0.7068641
2272.07    -558.2444 -611.1885 0.7068943
2272.08    -558.1078 -611.1833 0.7069245
2272.09    -557.9712 -611.1782 0.7069547
2272.1    -557.8346 -611.173 0.7069849
2272.11    -557.698 -611.1678 0.7070152
2272.12    -557.5614 -611.1626 0.7070454
2272.13    -557.4248 -611.1575 0.7070757
2272.14    -557.2882 -611.1523 0.707106
2272.15    -557.1516 -611.1471 0.7071363
2272.16    -557.015 -611.1419 0.7071666
2272.17    -556.8784 -611.1367 0.707197
2272.18    -556.7418 -611.1316 0.7072273
2272.19    -556.6052 -611.1265 0.7072576
2272.2    -556.4686 -611.1213 0.707288
2272.21    -556.332 -611.1162 0.7073184
2272.22    -556.1954 -611.1111 0.7073488
2272.23    -556.0588 -611.106 0.7073792
2272.24    -555.9222 -611.1009 0.7074096
2272.25    -555.7856 -611.0958 0.7074401
2272.26    -555.649 -611.0907 0.7074705
2272.27    -555.5125 -611.0857 0.7075011
2272.28    -555.3759 -611.0806 0.7075315
2272.29    -555.2393 -611.0756 0.707562
2272.3    -555.1027 -611.0705 0.7075925
2272.31    -554.9661 -611.0656 0.7076231
2272.32    -554.8295 -611.0605 0.7076536
2272.33    -554.6929 -611.0555 0.7076842
2272.34    -554.5564 -611.0506 0.7077147
2272.35    -554.4199 -611.0456 0.7077453
2272.36    -554.2833 -611.0406 0.7077759
2272.37    -554.1467 -611.0358 0.7078065
2272.38    -554.0101 -611.0308 0.707837
2272.39    -553.8735 -611.0259 0.7078677
2272.4    -553.737 -611.0211 0.7078983
2272.41    -553.6005 -611.0162 0.707929
2272.42    -553.4639 -611.0114 0.7079597
2272.43    -553.3273 -611.0065 0.7079902
2272.44    -553.1907 -611.0016 0.708021
2272.45    -553.0542 -610.9969 0.7080517
2272.46    -552.9177 -610.9921 0.7080823
2272.47    -552.7811 -610.9872 0.7081131
2272.48    -552.6445 -610.9825 0.7081438
2272.49    -552.508 -610.9778 0.7081745
2272.5    -552.3715 -610.9731 0.7082052
2272.51    -552.2349 -610.9684 0.7082357
2272.52    -552.0984 -610.9637 0.7082663
2272.53    -551.9619 -610.959 0.7082968
2272.54    -551.8253 -610.9544 0.7083271
2272.55    -551.6888 -610.9498 0.708357
2272.56    -551.5522 -610.9452 0.7083867
2272.57    -551.4157 -610.9406 0.7084161
2272.58    -551.2792 -610.936 0.7084453
2272.59    -551.1426 -610.9315 0.7084742
2272.6    -551.0061 -610.9269 0.7085022
2272.61    -550.8696 -610.9224 0.7085292
2272.62    -550.733 -610.918 0.7085553
2272.63    -550.5965 -610.9135 0.7085806
2272.64    -550.46 -610.9091 0.7086051
2272.65    -550.3234 -610.9046 0.7086279
2272.66    -550.1869 -610.9003 0.7086493
2272.67    -550.0504 -610.8959 0.7086691
2272.68    -549.9138 -610.8915 0.7086876
2272.69    -549.7773 -610.8872 0.7087035
2272.7    -549.6407 -610.8829 0.7087168
2272.71    -549.5042 -610.8787 0.7087277
2272.72    -549.3677 -610.8745 0.7087364
2272.73    -549.2311 -610.8702 0.7087429
2272.74    -549.0945 -610.866 0.708746
2272.75    -548.958 -610.8618 0.7087458
2272.76    -548.8215 -610.8577 0.7087426
2272.77    -548.6849 -610.8536 0.7087364
2272.78    -548.5484 -610.8495 0.7087274
2272.79    -548.4119 -610.8454 0.7087148
2272.8    -548.2753 -610.8414 0.7086987
2272.81    -548.1388 -610.8373 0.7086793
2272.82    -548.0023 -610.8334 0.7086567
2272.83    -547.8657 -610.8293 0.708631
2272.84    -547.7292 -610.8254 0.7086026
2272.85    -547.5927 -610.8215 0.7085706
2272.86    -547.4561 -610.8176 0.7085353
2272.87    -547.3196 -610.8137 0.7084968
2272.88    -547.183 -610.8099 0.7084553
2272.89    -547.0465 -610.8061 0.7084109
2272.9    -546.91 -610.8024 0.7083638
2272.91    -546.7734 -610.7986 0.7083136
2272.92    -546.6369 -610.7949 0.7082609
2272.93    -546.5004 -610.7913 0.7082054
2272.94    -546.3639 -610.7875 0.7081474
2272.95    -546.2274 -610.7839 0.7080871
2272.96    -546.0909 -610.7803 0.7080244
2272.97    -545.9543 -610.7767 0.7079596
2272.98    -545.8178 -610.7731 0.7078926
2272.99    -545.6813 -610.7697 0.7078237
2273    -545.5449 -610.7661 0.7077528
2273.01    -545.4084 -610.7627 0.7076802
2273.02    -545.2719 -610.7592 0.7076058
2273.03    -545.1353 -610.7559 0.7075298
2273.04    -544.9988 -610.7524 0.7074522
2273.05    -544.8624 -610.7491 0.7073731
2273.06    -544.7259 -610.7458 0.7072926
2273.07    -544.5894 -610.7425 0.7072107
2273.08    -544.4529 -610.7393 0.7071276
2273.09    -544.3165 -610.736 0.7070431
2273.1    -544.18 -610.7328 0.7069575
2273.11    -544.0435 -610.7296 0.7068707
2273.12    -543.907 -610.7264 0.7067829
2273.13    -543.7706 -610.7233 0.706694
2273.14    -543.6341 -610.7202 0.7066041
2273.15    -543.4976 -610.717 0.7065133
2273.16    -543.3611 -610.714 0.7064218
2273.17    -543.2247 -610.7109 0.7063295
2273.18    -543.0882 -610.7079 0.7062365
2273.19    -542.9517 -610.705 0.7061428
2273.2    -542.8152 -610.702 0.7060488
2273.21    -542.6788 -610.699 0.7059546
2273.22    -542.5423 -610.6961 0.7058601
2273.23    -542.4058 -610.6932 0.7057655
2273.24    -542.2693 -610.6904 0.7056707
2273.25    -542.1329 -610.6876 0.7055768
2273.26    -541.9964 -610.6848 0.7054837
2273.27    -541.8599 -610.6819 0.7053916
2273.28    -541.7234 -610.6792 0.7053003
2273.29    -541.587 -610.6765 0.7052097
2273.3    -541.4505 -610.6738 0.7051215
2273.31    -541.314 -610.6711 0.7050352
2273.32    -541.1776 -610.6684 0.7049509
2273.33    -541.0411 -610.6658 0.7048686
2273.34    -540.9046 -610.6632 0.704788
2273.35    -540.7681 -610.6606 0.7047092
2273.36    -540.6317 -610.6581 0.7046337
2273.37    -540.4952 -610.6555 0.7045612
2273.38    -540.3587 -610.6531 0.7044916
2273.39    -540.2222 -610.6506 0.7044247
2273.4    -540.0858 -610.6482 0.7043613
2273.41    -539.9493 -610.6458 0.7043009
2273.42    -539.8129 -610.6433 0.7042437
2273.43    -539.6764 -610.641 0.7041892
2273.44    -539.54 -610.6386 0.7041378
2273.45    -539.4036 -610.6364 0.7040894
2273.46    -539.2672 -610.634 0.7040437
2273.47    -539.1307 -610.6318 0.7040008
2273.48    -538.9943 -610.6296 0.7039604
2273.49    -538.8578 -610.6274 0.7039222
2273.5    -538.7214 -610.6252 0.7038861
2273.51    -538.585 -610.6231 0.7038521
2273.52    -538.4486 -610.621 0.70382
2273.53    -538.3122 -610.6189 0.7037898
2273.54    -538.1757 -610.6168 0.7037613
2273.55    -538.0393 -610.6147 0.7037339
2273.56    -537.9029 -610.6127 0.7037074
2273.57    -537.7665 -610.6107 0.7036819
2273.58    -537.6301 -610.6087 0.7036574
2273.59    -537.4937 -610.6068 0.7036331
2273.6    -537.3572 -610.6048 0.7036088
2273.61    -537.2208 -610.6029 0.7035846
2273.62    -537.0844 -610.601 0.7035606
2273.63    -536.948 -610.5991 0.7035367
2273.64    -536.8116 -610.5974 0.7035126
2273.65    -536.6752 -610.5955 0.7034884
2273.66    -536.5388 -610.5937 0.7034641
2273.67    -536.4023 -610.592 0.7034397
2273.68    -536.2659 -610.5902 0.7034151
2273.69    -536.1295 -610.5884 0.7033908
2273.7    -535.9931 -610.5867 0.7033669
2273.71    -535.8567 -610.5851 0.7033432
2273.72    -535.7203 -610.5834 0.7033198
2273.73    -535.5839 -610.5817 0.7032966
2273.74    -535.4475 -610.5801 0.7032747
2273.75    -535.3111 -610.5784 0.7032539
2273.76    -535.1747 -610.5768 0.7032341
2273.77    -535.0383 -610.5753 0.7032155
2273.78    -534.9019 -610.5737 0.703198
2273.79    -534.7655 -610.5721 0.7031828
2273.8    -534.6292 -610.5705 0.7031698
2273.81    -534.4927 -610.569 0.7031592
2273.82    -534.3563 -610.5675 0.7031505
2273.83    -534.2199 -610.566 0.7031439
2273.84    -534.0836 -610.5646 0.7031404
2273.85    -533.9472 -610.5631 0.70314
2273.86    -533.8109 -610.5616 0.7031423
2273.87    -533.6745 -610.5602 0.7031475
2273.88    -533.5381 -610.5588 0.7031552
2273.89    -533.4017 -610.5574 0.7031661
2273.9    -533.2654 -610.556 0.7031801
2273.91    -533.129 -610.5546 0.7031969
2273.92    -532.9927 -610.5533 0.7032165
2273.93    -532.8563 -610.552 0.7032388
2273.94    -532.72 -610.5507 0.7032635
2273.95    -532.5836 -610.5494 0.7032905
2273.96    -532.4473 -610.5482 0.7033198
2273.97    -532.3109 -610.5469 0.7033513
2273.98    -532.1746 -610.5456 0.7033848
2273.99    -532.0382 -610.5444 0.7034197
2274    -531.9019 -610.5432 0.7034558
2274.01    -531.7655 -610.542 0.7034931
2274.02    -531.6292 -610.5408 0.7035316
2274.03    -531.4928 -610.5396 0.7035712
2274.04    -531.3564 -610.5385 0.703611
2274.05    -531.2201 -610.5374 0.703651
2274.06    -531.0837 -610.5362 0.703691
2274.07    -530.9474 -610.5351 0.7037314
2274.08    -530.811 -610.534 0.7037718
2274.09    -530.6747 -610.533 0.7038112
2274.1    -530.5384 -610.5319 0.7038496
2274.11    -530.402 -610.5308 0.703887
2274.12    -530.2657 -610.5298 0.7039236
2274.13    -530.1293 -610.5287 0.7039593
2274.14    -529.993 -610.5278 0.7039927
2274.15    -529.8568 -610.5268 0.704024
2274.16    -529.7204 -610.5258 0.7040532
2274.17    -529.584 -610.5248 0.7040805
2274.18    -529.4477 -610.5239 0.7041059
2274.19    -529.3114 -610.5229 0.7041283
2274.2    -529.1751 -610.522 0.7041478
2274.21    -529.0388 -610.5211 0.7041646
2274.22    -528.9025 -610.5202 0.704179
2274.23    -528.7662 -610.5193 0.7041908
2274.24    -528.6299 -610.5185 0.7042
2274.25    -528.4936 -610.5176 0.7042066
2274.26    -528.3573 -610.5168 0.7042108
2274.27    -528.221 -610.516 0.7042127
2274.28    -528.0847 -610.5152 0.7042123
2274.29    -527.9484 -610.5144 0.7042103
2274.3    -527.8121 -610.5136 0.7042068
2274.31    -527.6758 -610.5128 0.7042017
2274.32    -527.5396 -610.5121 0.7041953
2274.33    -527.4033 -610.5114 0.7041875
2274.34    -527.267 -610.5106 0.7041794
2274.35    -527.1307 -610.5099 0.7041713
2274.36    -526.9944 -610.5092 0.704163
2274.37    -526.8581 -610.5085 0.7041544
2274.38    -526.7218 -610.5078 0.7041458
2274.39    -526.5855 -610.5071 0.7041382
2274.4    -526.4492 -610.5065 0.7041317
2274.41    -526.3129 -610.5058 0.7041262
2274.42    -526.1766 -610.5051 0.7041216
2274.43    -526.0403 -610.5045 0.7041179
2274.44    -525.9041 -610.5039 0.7041163
2274.45    -525.7678 -610.5033 0.7041168
2274.46    -525.6315 -610.5027 0.704119
2274.47    -525.4952 -610.5021 0.7041231
2274.48    -525.3589 -610.5015 0.7041289
2274.49    -525.2227 -610.5009 0.7041373
2274.5    -525.0865 -610.5004 0.7041479
2274.51    -524.9503 -610.4998 0.7041609
2274.52    -524.814 -610.4993 0.704176
2274.53    -524.6777 -610.4987 0.7041932
2274.54    -524.5414 -610.4982 0.7042122
2274.55    -524.4052 -610.4976 0.7042335
2274.56    -524.2689 -610.4971 0.7042568
2274.57    -524.1327 -610.4967 0.704282
2274.58    -523.9964 -610.4962 0.7043092
2274.59    -523.8601 -610.4957 0.7043381
2274.6    -523.7239 -610.4952 0.7043687
2274.61    -523.5876 -610.4948 0.7044009
2274.62    -523.4514 -610.4943 0.7044346
2274.63    -523.3152 -610.4938 0.7044699
2274.64    -523.179 -610.4934 0.7045065
2274.65    -523.0427 -610.493 0.7045444
2274.66    -522.9065 -610.4926 0.7045834
2274.67    -522.7703 -610.4922 0.7046236
2274.68    -522.634 -610.4918 0.7046649
2274.69    -522.4978 -610.4913 0.7047072
2274.7    -522.3616 -610.491 0.7047505
2274.71    -522.2253 -610.4906 0.7047949
2274.72    -522.0891 -610.4902 0.7048401
2274.73    -521.9529 -610.4899 0.7048861
2274.74    -521.8167 -610.4895 0.7049331
2274.75    -521.6804 -610.4891 0.7049809
2274.76    -521.5442 -610.4888 0.7050294
2274.77    -521.408 -610.4885 0.7050787
2274.78    -521.2717 -610.4881 0.7051288
2274.79    -521.1355 -610.4878 0.7051794
2274.8    -520.9993 -610.4875 0.7052308
2274.81    -520.863 -610.4872 0.705283
2274.82    -520.7268 -610.4869 0.7053358
2274.83    -520.5906 -610.4866 0.7053893
2274.84    -520.4543 -610.4863 0.7054434
2274.85    -520.3182 -610.486 0.7054981
2274.86    -520.182 -610.4857 0.7055535
2274.87    -520.0458 -610.4854 0.7056096
2274.88    -519.9095 -610.485 0.7056662
2274.89    -519.7733 -610.4847 0.7057235
2274.9    -519.6371 -610.4844 0.7057812
2274.91    -519.501 -610.4841 0.7058395
2274.92    -519.3648 -610.4839 0.7058984
2274.93    -519.2286 -610.4836 0.7059577
2274.94    -519.0924 -610.4834 0.7060176
2274.95    -518.9562 -610.4832 0.7060778
2274.96    -518.8201 -610.4829 0.7061386
2274.97    -518.6839 -610.4827 0.7061996
2274.98    -518.5477 -610.4824 0.7062612
2274.99    -518.4116 -610.4822 0.7063231
2275    -518.2754 -610.4819 0.7063854
2275.01    -518.1392 -610.4817 0.706448
2275.02    -518.0031 -610.4814 0.7065109
2275.03    -517.8669 -610.4812 0.7065741
2275.04    -517.7307 -610.481 0.7066377
2275.05    -517.5945 -610.4807 0.7067015
2275.06    -517.4584 -610.4805 0.7067657
2275.07    -517.3222 -610.4802 0.70683
2275.08    -517.186 -610.48 0.7068946
2275.09    -517.0499 -610.4797 0.7069592
2275.1    -516.9137 -610.4795 0.7070239
2275.11    -516.7775 -610.4792 0.7070886
2275.12    -516.6414 -610.479 0.7071533
2275.13    -516.5052 -610.4788 0.7072181
2275.14    -516.369 -610.4786 0.7072829
2275.15    -516.2328 -610.4784 0.7073472
2275.16    -516.0967 -610.4782 0.7074112
2275.17    -515.9605 -610.478 0.7074748
2275.18    -515.8243 -610.4778 0.7075379
2275.19    -515.6882 -610.4777 0.7076008
2275.2    -515.552 -610.4775 0.7076624
2275.21    -515.4158 -610.4773 0.7077228
2275.22    -515.2797 -610.4771 0.7077821
2275.23    -515.1435 -610.4769 0.7078404
2275.24    -515.0073 -610.4767 0.7078966
2275.25    -514.8712 -610.4766 0.7079507
2275.26    -514.735 -610.4764 0.7080028
2275.27    -514.5988 -610.4762 0.7080531
2275.28    -514.4625 -610.476 0.7081016
2275.29    -514.3263 -610.4758 0.7081484
2275.3    -514.1901 -610.4756 0.7081935
2275.31    -514.0538 -610.4755 0.7082353
2275.32    -513.9176 -610.4753 0.7082738
2275.33    -513.7814 -610.4751 0.7083092
2275.34    -513.6451 -610.4749 0.7083418
2275.35    -513.5089 -610.4747 0.7083703
2275.36    -513.3727 -610.4745 0.7083951
2275.37    -513.2364 -610.4744 0.7084162
2275.38    -513.1001 -610.4742 0.7084339
2275.39    -512.9638 -610.474 0.7084484
2275.4    -512.8275 -610.4738 0.7084589
2275.41    -512.6912 -610.4736 0.7084656
2275.42    -512.5549 -610.4734 0.7084688
2275.43    -512.4186 -610.4733 0.7084686
2275.44    -512.2823 -610.4731 0.7084651
2275.45    -512.1461 -610.4729 0.7084585
2275.46    -512.0097 -610.4727 0.7084489
2275.47    -511.8733 -610.4725 0.7084364
2275.48    -511.737 -610.4723 0.7084212
2275.49    -511.6006 -610.472 0.7084041
2275.5    -511.4642 -610.4718 0.7083851
2275.51    -511.3279 -610.4716 0.7083644
2275.52    -511.1914 -610.4713 0.708342
2275.53    -511.055 -610.4711 0.708318
2275.54    -510.9186 -610.4708 0.7082941
2275.55    -510.7822 -610.4706 0.7082703
2275.56    -510.6457 -610.4703 0.7082464
2275.57    -510.5092 -610.4701 0.7082225
2275.58    -510.3728 -610.4698 0.7081987
2275.59    -510.2363 -610.4696 0.7081766
2275.6    -510.0998 -610.4693 0.708156
2275.61    -509.9633 -610.4691 0.708137
2275.62    -509.8268 -610.4688 0.7081195
2275.63    -509.6902 -610.4686 0.7081033
2275.64    -509.5537 -610.4683 0.7080899
2275.65    -509.4171 -610.468 0.708079
2275.66    -509.2805 -610.4677 0.7080708
2275.67    -509.144 -610.4673 0.7080649
2275.68    -509.0073 -610.467 0.7080613
2275.69    -508.8707 -610.4667 0.7080606
2275.7    -508.7341 -610.4664 0.7080626
2275.71    -508.5975 -610.4661 0.7080674
2275.72    -508.4608 -610.4658 0.7080746
2275.73    -508.3241 -610.4655 0.7080842
2275.74    -508.1875 -610.465 0.708096
2275.75    -508.0508 -610.4647 0.7081099
2275.76    -507.9141 -610.4643 0.7081258
2275.77    -507.7773 -610.4639 0.7081436
2275.78    -507.6406 -610.4636 0.7081631
2275.79    -507.5039 -610.4632 0.7081837
2275.8    -507.3671 -610.4628 0.7082053
2275.81    -507.2303 -610.4624 0.7082278
2275.82    -507.0936 -610.462 0.7082512
2275.83    -506.9568 -610.4616 0.7082755
2275.84    -506.82 -610.4612 0.7082996
2275.85    -506.6832 -610.4608 0.7083233
2275.86    -506.5463 -610.4603 0.708347
2275.87    -506.4095 -610.4598 0.7083704
2275.88    -506.2726 -610.4594 0.7083938
2275.89    -506.1357 -610.459 0.7084169
2275.9    -505.9988 -610.4585 0.7084383
2275.91    -505.8619 -610.4579 0.7084582
2275.92    -505.725 -610.4575 0.7084766
2275.93    -505.5881 -610.457 0.7084936
2275.94    -505.4511 -610.4565 0.7085081
2275.95    -505.3142 -610.4559 0.7085204
2275.96    -505.1772 -610.4553 0.7085305
2275.97    -505.0403 -610.4548 0.7085385
2275.98    -504.9033 -610.4542 0.7085446
2275.99    -504.7662 -610.4536 0.7085487
2276    -504.6292 -610.453 0.7085502
2276.01    -504.4922 -610.4524 0.708549
2276.02    -504.3552 -610.4517 0.7085454
2276.03    -504.2181 -610.4511 0.7085394
2276.04    -504.0811 -610.4505 0.7085311
2276.05    -503.944 -610.4498 0.7085205
2276.06    -503.8069 -610.4491 0.7085077
2276.07    -503.6698 -610.4484 0.7084928
2276.08    -503.5326 -610.4478 0.7084759
2276.09    -503.3955 -610.447 0.7084579
2276.1    -503.2584 -610.4462 0.7084389
2276.11    -503.1212 -610.4455 0.7084191
2276.12    -502.984 -610.4447 0.7083982
2276.13    -502.8468 -610.4439 0.7083763
2276.14    -502.7096 -610.4431 0.7083537
2276.15    -502.5724 -610.4423 0.7083316
2276.16    -502.4352 -610.4415 0.70831
2276.17    -502.2979 -610.4406 0.7082889
2276.18    -502.1607 -610.4397 0.7082683
2276.19    -502.0234 -610.4388 0.7082489
2276.2    -501.8862 -610.438 0.7082306
2276.21    -501.7489 -610.437 0.7082133
2276.22    -501.6115 -610.4361 0.7081971
2276.23    -501.4742 -610.4351 0.7081819
2276.24    -501.3369 -610.4341 0.7081676
2276.25    -501.1995 -610.4332 0.7081546
2276.26    -501.0622 -610.4321 0.7081427
2276.27    -500.9248 -610.4312 0.708132
2276.28    -500.7874 -610.4301 0.7081222
2276.29    -500.65 -610.429 0.7081131
2276.3    -500.5125 -610.428 0.7081047
2276.31    -500.3751 -610.4269 0.7080969
2276.32    -500.2376 -610.4257 0.7080896
2276.33    -500.1002 -610.4246 0.7080829
2276.34    -499.9626 -610.4234 0.7080766
2276.35    -499.8252 -610.4222 0.7080699
2276.36    -499.6877 -610.4211 0.7080625
2276.37    -499.5501 -610.4198 0.7080547
2276.38    -499.4125 -610.4186 0.7080466
2276.39    -499.275 -610.4174 0.708037
2276.4    -499.1374 -610.4161 0.7080261
2276.41    -498.9998 -610.4148 0.708014
2276.42    -498.8622 -610.4135 0.7080008
2276.43    -498.7245 -610.4122 0.7079867
2276.44    -498.5869 -610.4108 0.7079713
2276.45    -498.4492 -610.4094 0.7079539
2276.46    -498.3115 -610.4081 0.7079347
2276.47    -498.1738 -610.4066 0.7079137
2276.48    -498.0361 -610.4052 0.7078909
2276.49    -497.8984 -610.4038 0.7078657
2276.5    -497.7607 -610.4023 0.7078384
2276.51    -497.6229 -610.4008 0.7078088
2276.52    -497.4851 -610.3992 0.7077772
2276.53    -497.3473 -610.3977 0.7077436
2276.54    -497.2095 -610.3962 0.7077077
2276.55    -497.0717 -610.3945 0.7076695
2276.56    -496.9339 -610.3929 0.707629
2276.57    -496.796 -610.3913 0.7075865
2276.58    -496.6581 -610.3896 0.707542
2276.59    -496.5202 -610.388 0.7074952
2276.6    -496.3823 -610.3863 0.707446
2276.61    -496.2444 -610.3846 0.7073947
2276.62    -496.1065 -610.3828 0.7073413
2276.63    -495.9685 -610.381 0.7072859
2276.64    -495.8305 -610.3793 0.7072282
2276.65    -495.6926 -610.3774 0.7071682
2276.66    -495.5546 -610.3756 0.7071059
2276.67    -495.4165 -610.3737 0.7070417
2276.68    -495.2785 -610.3719 0.7069755
2276.69    -495.1404 -610.37 0.706907
2276.7    -495.0024 -610.368 0.7068364
2276.71    -494.8643 -610.3661 0.7067638
2276.72    -494.7262 -610.3641 0.7066892
2276.73    -494.5881 -610.3621 0.7066128
2276.74    -494.4499 -610.36 0.7065346
2276.75    -494.3118 -610.358 0.7064546
2276.76    -494.1736 -610.356 0.706373
2276.77    -494.0355 -610.3538 0.7062896
2276.78    -493.8972 -610.3517 0.7062048
2276.79    -493.7591 -610.3495 0.706119
2276.8    -493.6208 -610.3474 0.7060321
2276.81    -493.4826 -610.3452 0.7059442
2276.82    -493.3443 -610.343 0.7058554
2276.83    -493.2061 -610.3407 0.7057658
2276.84    -493.0677 -610.3384 0.7056752
2276.85    -492.9294 -610.3362 0.7055851
2276.86    -492.7911 -610.3338 0.705495
2276.87    -492.6528 -610.3315 0.7054052
2276.88    -492.5144 -610.3291 0.7053155
2276.89    -492.3761 -610.3267 0.7052273
2276.9    -492.2377 -610.3243 0.7051402
2276.91    -492.0993 -610.3218 0.7050543
2276.92    -491.9609 -610.3194 0.7049695
2276.93    -491.8225 -610.3169 0.7048858
2276.94    -491.684 -610.3144 0.7048032
2276.95    -491.5456 -610.3118 0.7047229
2276.96    -491.4071 -610.3093 0.7046452
2276.97    -491.2686 -610.3066 0.7045696
2276.98    -491.1301 -610.3041 0.7044962
2276.99    -490.9915 -610.3014 0.7044261
2277    -490.853 -610.2988 0.7043592
2277.01    -490.7144 -610.2961 0.7042954
2277.02    -490.5759 -610.2933 0.7042344
2277.03    -490.4373 -610.2906 0.7041762
2277.04    -490.2986 -610.2878 0.7041215
2277.05    -490.16 -610.285 0.7040702
2277.06    -490.0214 -610.2822 0.704022
2277.07    -489.8827 -610.2794 0.7039769
2277.08    -489.744 -610.2764 0.7039348
2277.09    -489.6053 -610.2736 0.7038956
2277.1    -489.4666 -610.2706 0.7038594
2277.11    -489.3278 -610.2676 0.7038259
2277.12    -489.189 -610.2647 0.7037951
2277.13    -489.0502 -610.2617 0.7037667
2277.14    -488.9114 -610.2587 0.7037407
2277.15    -488.7726 -610.2556 0.7037171
2277.16    -488.6337 -610.2525 0.7036948
2277.17    -488.4948 -610.2493 0.703674
2277.18    -488.3559 -610.2462 0.7036546
2277.19    -488.217 -610.243 0.7036365
2277.2    -488.078 -610.2399 0.7036188
2277.21    -487.9391 -610.2367 0.7036015
2277.22    -487.8 -610.2334 0.7035847
2277.23    -487.661 -610.2302 0.7035683
2277.24    -487.522 -610.2268 0.7035517
2277.25    -487.3829 -610.2235 0.7035351
2277.26    -487.2438 -610.2202 0.7035183
2277.27    -487.1047 -610.2168 0.7035015
2277.28    -486.9655 -610.2134 0.7034845
2277.29    -486.8263 -610.21 0.7034674
2277.3    -486.6871 -610.2065 0.7034503
2277.31    -486.5479 -610.203 0.7034331
2277.32    -486.4087 -610.1995 0.7034159
2277.33    -486.2694 -610.1959 0.7033985
2277.34    -486.1301 -610.1924 0.703382
2277.35    -485.9908 -610.1888 0.7033662
2277.36    -485.8514 -610.1852 0.7033514
2277.37    -485.712 -610.1815 0.703337
2277.38    -485.5726 -610.1779 0.7033234
2277.39    -485.4331 -610.1741 0.7033104
2277.4    -485.2936 -610.1704 0.7032992
2277.41    -485.1541 -610.1667 0.7032899
2277.42    -485.0146 -610.1628 0.7032821
2277.43    -484.875 -610.1591 0.703276
2277.44    -484.7354 -610.1552 0.7032713
2277.45    -484.5958 -610.1514 0.7032691
2277.46    -484.4561 -610.1475 0.7032689
2277.47    -484.3165 -610.1436 0.7032709
2277.48    -484.1768 -610.1396 0.703275
2277.49    -484.037 -610.1356 0.7032813
2277.5    -483.8973 -610.1316 0.7032898
2277.51    -483.7575 -610.1276 0.7033005
2277.52    -483.6176 -610.1235 0.7033131
2277.53    -483.4778 -610.1194 0.7033277
2277.54    -483.3379 -610.1153 0.7033438
2277.55    -483.198 -610.1111 0.7033614
2277.56    -483.0581 -610.107 0.7033805
2277.57    -482.9181 -610.1028 0.703401
2277.58    -482.7781 -610.0986 0.7034228
2277.59    -482.6381 -610.0943 0.7034448
2277.6    -482.498 -610.09 0.7034669
2277.61    -482.3579 -610.0857 0.7034892
2277.62    -482.2177 -610.0814 0.7035116
2277.63    -482.0776 -610.077 0.7035342
2277.64    -481.9374 -610.0726 0.7035555
2277.65    -481.7971 -610.0682 0.7035754
2277.66    -481.6569 -610.0637 0.7035941
2277.67    -481.5166 -610.0593 0.7036117
2277.68    -481.3763 -610.0547 0.7036282
2277.69    -481.2359 -610.0502 0.7036422
2277.7    -481.0955 -610.0457 0.703654
2277.71    -480.9551 -610.0411 0.7036635
2277.72    -480.8146 -610.0364 0.703671
2277.73    -480.6741 -610.0318 0.7036765
2277.74    -480.5336 -610.0271 0.7036797
2277.75    -480.393 -610.0224 0.7036808
2277.76    -480.2524 -610.0177 0.70368
2277.77    -480.1118 -610.0129 0.7036772
2277.78    -479.9711 -610.0081 0.7036726
2277.79    -479.8304 -610.0033 0.7036672
2277.8    -479.6896 -609.9985 0.703661
2277.81    -479.5489 -609.9936 0.703654
2277.82    -479.408 -609.9887 0.7036462
2277.83    -479.2672 -609.9838 0.7036378
2277.84    -479.1263 -609.9788 0.7036286
2277.85    -478.9854 -609.9738 0.7036205
2277.86    -478.8444 -609.9688 0.7036132
2277.87    -478.7034 -609.9637 0.7036069
2277.88    -478.5623 -609.9587 0.7036015
2277.89    -478.4212 -609.9536 0.7035969
2277.9    -478.2801 -609.9484 0.7035957
2277.91    -478.139 -609.9433 0.7035978
2277.92    -477.9978 -609.938 0.703603
2277.93    -477.8566 -609.9329 0.7036112
2277.94    -477.7153 -609.9276 0.7036239
2277.95    -477.574 -609.9223 0.7036408
2277.96    -477.4327 -609.917 0.7036616
2277.97    -477.2914 -609.9117 0.7036863
2277.98    -477.1499 -609.9063 0.7037147
2277.99    -477.0085 -609.9009 0.7037467
2278    -476.867 -609.8955 0.7037836
2278.01    -476.7255 -609.8901 0.7038252
2278.02    -476.584 -609.8846 0.7038714
2278.03    -476.4424 -609.8791 0.7039219
2278.04    -476.3008 -609.8736 0.7039767
2278.05    -476.1591 -609.868 0.7040357
2278.06    -476.0175 -609.8624 0.7040987
2278.07    -475.8757 -609.8568 0.7041655
2278.08    -475.734 -609.8511 0.704236
2278.09    -475.5922 -609.8454 0.7043095
2278.1    -475.4504 -609.8397 0.7043861
2278.11    -475.3085 -609.8339 0.7044654
2278.12    -475.1667 -609.8282 0.7045474
2278.13    -475.0247 -609.8223 0.7046321
2278.14    -474.8828 -609.8165 0.7047181
2278.15    -474.7408 -609.8106 0.7048055
2278.16    -474.5988 -609.8047 0.7048941
2278.17    -474.4567 -609.7988 0.7049839
2278.18    -474.3145 -609.7928 0.705075
2278.19    -474.1724 -609.7869 0.7051671
2278.2    -474.0302 -609.7809 0.7052584
2278.21    -473.888 -609.7749 0.7053488
2278.22    -473.7458 -609.7688 0.7054386
2278.23    -473.6035 -609.7628 0.7055275
2278.24    -473.4611 -609.7566 0.7056157
2278.25    -473.3188 -609.7505 0.7057016
2278.26    -473.1764 -609.7443 0.7057853
2278.27    -473.034 -609.7381 0.705867
2278.28    -472.8915 -609.7318 0.7059466
2278.29    -472.749 -609.7256 0.7060227
2278.3    -472.6065 -609.7193 0.7060952
2278.31    -472.4639 -609.713 0.7061645
2278.32    -472.3213 -609.7066 0.7062307
2278.33    -472.1786 -609.7002 0.7062939
2278.34    -472.0359 -609.6938 0.7063543
2278.35    -471.8933 -609.6873 0.7064103
2278.36    -471.7505 -609.6808 0.7064623
2278.37    -471.6078 -609.6743 0.7065103
2278.38    -471.4649 -609.6678 0.7065547
2278.39    -471.3221 -609.6612 0.7065955
2278.4    -471.1792 -609.6547 0.7066324
2278.41    -471.0363 -609.6481 0.7066657
2278.42    -470.8933 -609.6414 0.7066954
2278.43    -470.7503 -609.6348 0.7067218
2278.44    -470.6073 -609.6281 0.706745
2278.45    -470.4643 -609.6213 0.7067654
2278.46    -470.3212 -609.6146 0.7067834
2278.47    -470.178 -609.6078 0.7067989
2278.48    -470.0349 -609.6011 0.7068121
2278.49    -469.8917 -609.5942 0.7068238
2278.5    -469.7484 -609.5874 0.7068342
2278.51    -469.6052 -609.5806 0.7068433
2278.52    -469.4619 -609.5736 0.7068511
2278.53    -469.3185 -609.5667 0.7068577
2278.54    -469.1751 -609.5598 0.7068642
2278.55    -469.0317 -609.5528 0.7068706
2278.56    -468.8883 -609.5458 0.7068768
2278.57    -468.7448 -609.5388 0.7068828
2278.58    -468.6013 -609.5317 0.7068887
2278.59    -468.4578 -609.5247 0.7068956
2278.6    -468.3142 -609.5175 0.7069032
2278.61    -468.1706 -609.5104 0.7069117
2278.62    -468.0269 -609.5033 0.706921
2278.63    -467.8832 -609.4961 0.7069311
2278.64    -467.7395 -609.4889 0.7069423
2278.65    -467.5958 -609.4817 0.7069546
2278.66    -467.452 -609.4744 0.7069679
2278.67    -467.3082 -609.4672 0.7069823
2278.68    -467.1643 -609.4599 0.7069976
2278.69    -467.0204 -609.4525 0.7070135
2278.7    -466.8765 -609.4452 0.7070302
2278.71    -466.7325 -609.4379 0.7070473
2278.72    -466.5885 -609.4304 0.707065
2278.73    -466.4445 -609.423 0.7070832
2278.74    -466.3004 -609.4156 0.7071008
2278.75    -466.1563 -609.4081 0.7071178
2278.76    -466.0122 -609.4006 0.7071341
2278.77    -465.868 -609.3931 0.7071499
2278.78    -465.7238 -609.3856 0.7071652
2278.79    -465.5796 -609.378 0.70718
2278.8    -465.4353 -609.3704 0.7071924
2278.81    -465.291 -609.3629 0.7072025
2278.82    -465.1466 -609.3552 0.7072104
2278.83    -465.0023 -609.3475 0.7072163
2278.84    -464.8578 -609.3399 0.7072188
2278.85    -464.7134 -609.3322 0.7072179
2278.86    -464.5689 -609.3245 0.7072138
2278.87    -464.4244 -609.3167 0.7072066
2278.88    -464.2798 -609.309 0.7071966
2278.89    -464.1353 -609.3011 0.7071837
2278.9    -463.9907 -609.2933 0.7071664
2278.91    -463.846 -609.2855 0.7071449
2278.92    -463.7013 -609.2776 0.7071193
2278.93    -463.5566 -609.2698 0.7070898
2278.94    -463.4118 -609.2619 0.7070559
2278.95    -463.2671 -609.254 0.7070179
2278.96    -463.1222 -609.246 0.7069759
2278.97    -462.9774 -609.2381 0.7069302
2278.98    -462.8325 -609.2301 0.7068808
2278.99    -462.6875 -609.222 0.7068279
2279    -462.5425 -609.2141 0.7067719
2279.01    -462.3976 -609.206 0.7067128
2279.02    -462.2525 -609.1979 0.7066509
2279.03    -462.1075 -609.1898 0.7065861
2279.04    -461.9623 -609.1817 0.7065187
2279.05    -461.8172 -609.1736 0.7064495
2279.06    -461.6721 -609.1654 0.7063786
2279.07    -461.5269 -609.1572 0.7063061
2279.08    -461.3816 -609.149 0.706232
2279.09    -461.2364 -609.1408 0.706158
2279.1    -461.0911 -609.1326 0.7060838
2279.11    -460.9457 -609.1243 0.7060096
2279.12    -460.8004 -609.1161 0.7059352
2279.13    -460.6549 -609.1077 0.7058609
2279.14    -460.5095 -609.0994 0.7057885
2279.15    -460.364 -609.0911 0.7057179
2279.16    -460.2185 -609.0827 0.7056491
2279.17    -460.073 -609.0743 0.705582
2279.18    -459.9274 -609.066 0.7055165
2279.19    -459.7818 -609.0576 0.7054525
2279.2    -459.6362 -609.0491 0.7053923
2279.21    -459.4905 -609.0406 0.7053356
2279.22    -459.3448 -609.0322 0.7052824
2279.23    -459.199 -609.0237 0.7052324
2279.24    -459.0533 -609.0151 0.7051855
2279.25    -458.9075 -609.0066 0.705143
2279.26    -458.7616 -608.998 0.7051045
2279.27    -458.6158 -608.9895 0.7050699
2279.28    -458.4698 -608.9808 0.7050391
2279.29    -458.3239 -608.9722 0.7050124
2279.3    -458.178 -608.9636 0.7049897
2279.31    -458.032 -608.955 0.7049706
2279.32    -457.886 -608.9464 0.7049551
2279.33    -457.7399 -608.9377 0.704943
2279.34    -457.5938 -608.929 0.7049342
2279.35    -457.4476 -608.9203 0.7049286
2279.36    -457.3015 -608.9116 0.7049254
2279.37    -457.1553 -608.9029 0.7049247
2279.38    -457.0091 -608.8942 0.7049263
2279.39    -456.8628 -608.8854 0.7049301
2279.4    -456.7166 -608.8767 0.7049354
2279.41    -456.5703 -608.868 0.7049422
2279.42    -456.4239 -608.8591 0.7049504
2279.43    -456.2776 -608.8503 0.7049599
2279.44    -456.1312 -608.8416 0.7049698
2279.45    -455.9848 -608.8327 0.7049801
2279.46    -455.8383 -608.8239 0.7049909
2279.47    -455.6918 -608.815 0.705002
2279.48    -455.5453 -608.8062 0.7050135
2279.49    -455.3988 -608.7973 0.7050245
2279.5    -455.2523 -608.7885 0.7050351
2279.51    -455.1057 -608.7795 0.7050452
2279.52    -454.959 -608.7706 0.7050549
2279.53    -454.8124 -608.7617 0.7050641
2279.54    -454.6657 -608.7528 0.7050723
2279.55    -454.519 -608.7439 0.7050796
2279.56    -454.3723 -608.735 0.7050859
2279.57    -454.2255 -608.7261 0.7050913
2279.58    -454.0787 -608.7172 0.7050958
2279.59    -453.9319 -608.7083 0.7050989
2279.6    -453.7851 -608.6993 0.7051006
2279.61    -453.6383 -608.6904 0.705101
2279.62    -453.4914 -608.6814 0.7051002
2279.63    -453.3445 -608.6724 0.7050982
2279.64    -453.1975 -608.6635 0.7050945
2279.65    -453.0505 -608.6545 0.7050892
2279.66    -452.9035 -608.6455 0.7050823
2279.67    -452.7565 -608.6365 0.7050741
2279.68    -452.6094 -608.6276 0.7050644
2279.69    -452.4624 -608.6186 0.7050532
2279.7    -452.3153 -608.6097 0.7050405
2279.71    -452.1682 -608.6007 0.7050263
2279.72    -452.021 -608.5917 0.7050109
2279.73    -451.8738 -608.5828 0.7049942
2279.74    -451.7266 -608.5738 0.7049763
2279.75    -451.5794 -608.5648 0.7049573
2279.76    -451.4322 -608.5558 0.7049373
2279.77    -451.2849 -608.5469 0.7049164
2279.78    -451.1376 -608.538 0.7048945
2279.79    -450.9903 -608.529 0.7048722
2279.8    -450.8429 -608.52 0.7048495
2279.81    -450.6955 -608.511 0.7048264
2279.82    -450.5481 -608.5021 0.7048028
2279.83    -450.4006 -608.4931 0.7047789
2279.84    -450.2531 -608.4843 0.7047545
