1799.2    -696.8403 -615.7853 0.7119449
1799.21    -696.76 -615.7808 0.7117862
1799.22    -696.6797 -615.7764 0.7116271
1799.23    -696.5994 -615.772 0.7114676
1799.24    -696.5191 -615.7677 0.7113063
1799.25    -696.4388 -615.7633 0.7111432
1799.26    -696.3584 -615.7589 0.7109786
1799.27    -696.278 -615.7545 0.7108127
1799.28    -696.1976 -615.7502 0.7106454
1799.29    -696.1171 -615.7459 0.7104754
1799.3    -696.0367 -615.7416 0.7103029
1799.31    -695.9562 -615.7372 0.7101283
1799.32    -695.8757 -615.733 0.7099516
1799.33    -695.7951 -615.7288 0.7097728
1799.34    -695.7146 -615.7245 0.7095914
1799.35    -695.634 -615.7203 0.7094077
1799.36    -695.5535 -615.716 0.7092217
1799.37    -695.4728 -615.7118 0.7090337
1799.38    -695.3922 -615.7076 0.7088438
1799.39    -695.3116 -615.7034 0.7086521
1799.4    -695.2309 -615.6992 0.7084588
1799.41    -695.1502 -615.6951 0.7082639
1799.42    -695.0695 -615.691 0.7080675
1799.43    -694.9887 -615.6869 0.7078699
1799.44    -694.908 -615.6827 0.7076716
1799.45    -694.8272 -615.6786 0.7074726
1799.46    -694.7464 -615.6746 0.707273
1799.47    -694.6656 -615.6705 0.7070727
1799.48    -694.5847 -615.6665 0.706872
1799.49    -694.5038 -615.6624 0.7066707
1799.5    -694.423 -615.6584 0.7064705
1799.51    -694.342 -615.6544 0.7062714
1799.52    -694.261 -615.6504 0.7060733
1799.53    -694.1801 -615.6464 0.705876
1799.54    -694.0991 -615.6425 0.7056814
1799.55    -694.0181 -615.6385 0.7054892
1799.56    -693.9371 -615.6346 0.7052992
1799.57    -693.856 -615.6307 0.7051113
1799.58    -693.775 -615.6267 0.7049254
1799.59    -693.6939 -615.6229 0.7047437
1799.6    -693.6128 -615.619 0.7045658
1799.61    -693.5317 -615.6151 0.7043917
1799.62    -693.4505 -615.6112 0.704221
1799.63    -693.3693 -615.6074 0.7040533
1799.64    -693.2881 -615.6036 0.7038911
1799.65    -693.2069 -615.5997 0.7037337
1799.66    -693.1257 -615.5959 0.703581
1799.67    -693.0444 -615.5921 0.7034326
1799.68    -692.9631 -615.5884 0.7032881
1799.69    -692.8818 -615.5846 0.7031473
1799.7    -692.8005 -615.5809 0.7030123
1799.71    -692.7192 -615.5771 0.7028828
1799.72    -692.6378 -615.5734 0.7027582
1799.73    -692.5564 -615.5697 0.7026383
1799.74    -692.475 -615.566 0.7025227
1799.75    -692.3936 -615.5623 0.7024135
1799.76    -692.3121 -615.5587 0.7023101
1799.77    -692.2306 -615.555 0.7022121
1799.78    -692.1491 -615.5513 0.7021192
1799.79    -692.0676 -615.5477 0.7020327
1799.8    -691.9861 -615.5441 0.7019519
1799.81    -691.9045 -615.5405 0.7018766
1799.82    -691.8229 -615.5369 0.7018064
1799.83    -691.7413 -615.5334 0.7017409
1799.84    -691.6597 -615.5298 0.7016817
1799.85    -691.5781 -615.5263 0.7016284
1799.86    -691.4964 -615.5228 0.7015808
1799.87    -691.4147 -615.5192 0.7015383
1799.88    -691.333 -615.5157 0.7015004
1799.89    -691.2513 -615.5123 0.7014689
1799.9    -691.1696 -615.5089 0.7014433
1799.91    -691.0878 -615.5054 0.7014231
1799.92    -691.006 -615.502 0.7014079
1799.93    -690.9241 -615.4985 0.7013975
1799.94    -690.8423 -615.4952 0.7013929
1799.95    -690.7604 -615.4918 0.7013937
1799.96    -690.6786 -615.4884 0.7013996
1799.97    -690.5967 -615.485 0.7014101
1799.98    -690.5148 -615.4818 0.7014251
1799.99    -690.4328 -615.4784 0.701445
1800    -690.3508 -615.475 0.7014698
1800.01    -690.2689 -615.4718 0.7014989
1800.02    -690.1868 -615.4685 0.7015322
1800.03    -690.1048 -615.4653 0.7015694
1800.04    -690.0228 -615.462 0.7016104
1800.05    -689.9407 -615.4588 0.7016553
1800.06    -689.8586 -615.4556 0.7017036
1800.07    -689.7766 -615.4524 0.7017551
1800.08    -689.6945 -615.4492 0.7018096
1800.09    -689.6123 -615.446 0.701867
1800.1    -689.5302 -615.4429 0.7019269
1800.11    -689.448 -615.4398 0.7019894
1800.12    -689.3658 -615.4366 0.7020541
1800.13    -689.2837 -615.4335 0.7021209
1800.14    -689.2015 -615.4304 0.7021898
1800.15    -689.1194 -615.4274 0.7022604
1800.16    -689.0372 -615.4243 0.7023329
1800.17    -688.9551 -615.4212 0.7024069
1800.18    -688.8729 -615.4182 0.7024824
1800.19    -688.7908 -615.4152 0.7025594
1800.2    -688.7086 -615.4122 0.7026376
1800.21    -688.6265 -615.4092 0.702717
1800.22    -688.5443 -615.4063 0.7027976
1800.23    -688.4622 -615.4033 0.7028792
1800.24    -688.38 -615.4005 0.7029619
1800.25    -688.2979 -615.3975 0.7030454
1800.26    -688.2157 -615.3947 0.7031297
1800.27    -688.1335 -615.3917 0.7032149
1800.28    -688.0514 -615.3889 0.7033007
1800.29    -687.9693 -615.386 0.7033873
1800.3    -687.8871 -615.3832 0.7034745
1800.31    -687.805 -615.3804 0.7035622
1800.32    -687.7228 -615.3777 0.7036505
1800.33    -687.6407 -615.3749 0.7037393
1800.34    -687.5585 -615.3721 0.7038286
1800.35    -687.4764 -615.3694 0.7039183
1800.36    -687.3942 -615.3666 0.7040085
1800.37    -687.3121 -615.364 0.704099
1800.38    -687.2299 -615.3612 0.7041898
1800.39    -687.1478 -615.3586 0.704281
1800.4    -687.0656 -615.3559 0.7043725
1800.41    -686.9835 -615.3533 0.7044643
1800.42    -686.9013 -615.3506 0.7045563
1800.43    -686.8192 -615.348 0.7046486
1800.44    -686.737 -615.3454 0.7047407
1800.45    -686.6548 -615.3428 0.7048329
1800.46    -686.5727 -615.3403 0.7049248
1800.47    -686.4905 -615.3378 0.7050169
1800.48    -686.4083 -615.3352 0.7051087
1800.49    -686.3261 -615.3327 0.7051994
1800.5    -686.2439 -615.3302 0.7052892
1800.51    -686.1617 -615.3278 0.705378
1800.52    -686.0795 -615.3253 0.7054659
1800.53    -685.9973 -615.3228 0.7055529
1800.54    -685.915 -615.3204 0.7056368
1800.55    -685.8328 -615.3179 0.7057178
1800.56    -685.7506 -615.3156 0.7057961
1800.57    -685.6684 -615.3132 0.7058719
1800.58    -685.5862 -615.3109 0.7059454
1800.59    -685.504 -615.3085 0.7060135
1800.6    -685.4217 -615.3062 0.7060767
1800.61    -685.3395 -615.3038 0.7061354
1800.62    -685.2573 -615.3016 0.7061899
1800.63    -685.175 -615.2993 0.7062403
1800.64    -685.0927 -615.297 0.7062871
1800.65    -685.0105 -615.2947 0.7063264
1800.66    -684.9282 -615.2925 0.7063587
1800.67    -684.8459 -615.2903 0.7063845
1800.68    -684.7637 -615.2881 0.7064043
1800.69    -684.6814 -615.2859 0.7064186
1800.7    -684.5991 -615.2837 0.7064241
1800.71    -684.5168 -615.2816 0.7064214
1800.72    -684.4346 -615.2794 0.7064112
1800.73    -684.3523 -615.2773 0.706394
1800.74    -684.27 -615.2752 0.7063673
1800.75    -684.1877 -615.2731 0.7063318
1800.76    -684.1054 -615.2711 0.7062883
1800.77    -684.0231 -615.269 0.7062372
1800.78    -683.9407 -615.267 0.7061791
1800.79    -683.8584 -615.265 0.7061145
1800.8    -683.7761 -615.2629 0.7060406
1800.81    -683.6937 -615.261 0.7059581
1800.82    -683.6112 -615.259 0.7058675
1800.83    -683.5287 -615.257 0.7057696
1800.84    -683.4462 -615.2551 0.7056648
1800.85    -683.3637 -615.2532 0.7055512
1800.86    -683.2811 -615.2512 0.7054297
1800.87    -683.1985 -615.2493 0.7053009
1800.88    -683.1158 -615.2474 0.705165
1800.89    -683.0331 -615.2455 0.7050214
1800.9    -682.9503 -615.2437 0.7048709
1800.91    -682.8675 -615.2418 0.7047137
1800.92    -682.7846 -615.2401 0.7045505
1800.93    -682.7017 -615.2382 0.7043816
1800.94    -682.6187 -615.2365 0.7042062
1800.95    -682.5356 -615.2346 0.7040249
1800.96    -682.4525 -615.2329 0.7038381
1800.97    -682.3693 -615.2311 0.703646
1800.98    -682.286 -615.2294 0.7034492
1800.99    -682.2027 -615.2277 0.7032475
1801    -682.1193 -615.2259 0.7030414
1801.01    -682.0359 -615.2242 0.702831
1801.02    -681.9523 -615.2225 0.7026169
1801.03    -681.8687 -615.2209 0.7023991
1801.04    -681.785 -615.2192 0.7021779
1801.05    -681.7013 -615.2175 0.7019536
1801.06    -681.6175 -615.2159 0.7017264
1801.07    -681.5336 -615.2143 0.7014964
1801.08    -681.4496 -615.2127 0.7012638
1801.09    -681.3656 -615.2111 0.7010289
1801.1    -681.2815 -615.2095 0.7007918
1801.11    -681.1973 -615.2079 0.7005526
1801.12    -681.113 -615.2064 0.7003116
1801.13    -681.0287 -615.2048 0.7000688
1801.14    -680.9442 -615.2032 0.6998242
1801.15    -680.8597 -615.2018 0.699578
1801.16    -680.7751 -615.2003 0.6993302
1801.17    -680.6905 -615.1987 0.6990809
1801.18    -680.6057 -615.1973 0.6988302
1801.19    -680.5209 -615.1958 0.6985776
1801.2    -680.436 -615.1944 0.6983234
1801.21    -680.351 -615.1929 0.6980677
1801.22    -680.2659 -615.1915 0.6978106
1801.23    -680.1807 -615.1901 0.697552
1801.24    -680.0954 -615.1887 0.6972916
1801.25    -680.0101 -615.1873 0.6970291
1801.26    -679.9246 -615.1859 0.6967649
1801.27    -679.8391 -615.1845 0.6964992
1801.28    -679.7535 -615.1832 0.6962318
1801.29    -679.6678 -615.1819 0.6959625
1801.3    -679.582 -615.1806 0.6956916
1801.31    -679.4962 -615.1793 0.695419
1801.32    -679.4102 -615.1779 0.6951448
1801.33    -679.3242 -615.1767 0.6948693
1801.34    -679.238 -615.1754 0.6945921
1801.35    -679.1519 -615.1742 0.6943136
1801.36    -679.0656 -615.1729 0.6940337
1801.37    -678.9792 -615.1716 0.6937525
1801.38    -678.8927 -615.1705 0.6934702
1801.39    -678.8062 -615.1693 0.6931871
1801.4    -678.7195 -615.1681 0.692903
1801.41    -678.6328 -615.1669 0.6926181
1801.42    -678.546 -615.1657 0.6923326
1801.43    -678.4591 -615.1646 0.6920939
1801.44    -678.3721 -615.1635 0.6918801
1801.45    -678.2851 -615.1624 0.691681
1801.46    -678.1979 -615.1612 0.6914902
1801.47    -678.1107 -615.1601 0.6913021
1801.48    -678.0234 -615.1591 0.6911134
1801.49    -677.936 -615.158 0.6909223
1801.5    -677.8485 -615.1569 0.6907281
1801.51    -677.7609 -615.1558 0.69053
1801.52    -677.6733 -615.1548 0.6903281
1801.53    -677.5855 -615.1538 0.6901222
1801.54    -677.4977 -615.1528 0.6899127
1801.55    -677.4098 -615.1517 0.6896998
1801.56    -677.3218 -615.1508 0.6894833
1801.57    -677.2337 -615.1497 0.6892638
1801.58    -677.1455 -615.1487 0.6890411
1801.59    -677.0573 -615.1478 0.6888155
1801.6    -676.9689 -615.1469 0.6885871
1801.61    -676.8805 -615.1459 0.688356
1801.62    -676.792 -615.145 0.6881223
1801.63    -676.7034 -615.144 0.6878862
1801.64    -676.6147 -615.143 0.6876476
1801.65    -676.5259 -615.1421 0.6874069
1801.66    -676.4371 -615.1412 0.687164
1801.67    -676.3482 -615.1403 0.6869191
1801.68    -676.2592 -615.1394 0.6866723
1801.69    -676.1702 -615.1385 0.6864235
1801.7    -676.081 -615.1376 0.686173
1801.71    -675.9918 -615.1367 0.6859208
1801.72    -675.9024 -615.1358 0.68573
1801.73    -675.813 -615.1349 0.6854588
1801.74    -675.7234 -615.1342 0.6851383
1801.75    -675.6339 -615.1333 0.6847898
1801.76    -675.5442 -615.1324 0.6844265
1801.77    -675.4544 -615.1316 0.6840563
1801.78    -675.3646 -615.1307 0.6836849
1801.79    -675.2747 -615.1299 0.683316
1801.8    -675.1847 -615.1292 0.6829513
1801.81    -675.0946 -615.1284 0.6825916
1801.82    -675.0045 -615.1276 0.682237
1801.83    -674.9142 -615.1268 0.6818876
1801.84    -674.8239 -615.126 0.6815448
1801.85    -674.7335 -615.1252 0.6812082
1801.86    -674.643 -615.1245 0.6808775
1801.87    -674.5524 -615.1237 0.6805522
1801.88    -674.4618 -615.1229 0.6802323
1801.89    -674.3711 -615.1221 0.6799185
1801.9    -674.2803 -615.1215 0.6796105
1801.91    -674.1894 -615.1207 0.679308
1801.92    -674.0984 -615.12 0.6790106
1801.93    -674.0073 -615.1193 0.6787181
1801.94    -673.9162 -615.1185 0.6784314
1801.95    -673.825 -615.1178 0.6781504
1801.96    -673.7337 -615.1171 0.6778745
1801.97    -673.6423 -615.1164 0.6776035
1801.98    -673.5508 -615.1157 0.6773371
1801.99    -673.4593 -615.1149 0.6770766
1802    -673.3677 -615.1142 0.6768217
1802.01    -673.276 -615.1135 0.6765719
1802.02    -673.1842 -615.1128 0.6763269
1802.03    -673.0923 -615.1121 0.6760865
1802.04    -673.0004 -615.1115 0.6758524
1802.05    -672.9084 -615.1108 0.6756242
1802.06    -672.8163 -615.1102 0.6754014
1802.07    -672.7241 -615.1095 0.6751839
1802.08    -672.6318 -615.1088 0.674971
1802.09    -672.5395 -615.1082 0.6747625
1802.1    -672.4471 -615.1075 0.6745617
1802.11    -672.3546 -615.1068 0.6743677
1802.12    -672.262 -615.1061 0.6741802
1802.13    -672.1694 -615.1055 0.6739988
1802.14    -672.0767 -615.1048 0.6738257
1802.15    -671.9838 -615.1041 0.6736606
1802.16    -671.8909 -615.1035 0.6735029
1802.17    -671.798 -615.1028 0.6733519
1802.18    -671.7049 -615.1021 0.6732073
1802.19    -671.6118 -615.1014 0.6730724
1802.2    -671.5186 -615.1008 0.6729467
1802.21    -671.4253 -615.1001 0.6728293
1802.22    -671.3319 -615.0994 0.67272
1802.23    -671.2385 -615.0988 0.6726178
1802.24    -671.145 -615.0981 0.6725261
1802.25    -671.0514 -615.0974 0.672444
1802.26    -670.9577 -615.0967 0.6723709
1802.27    -670.864 -615.0961 0.6723062
1802.28    -670.7701 -615.0954 0.6722492
1802.29    -670.6762 -615.0947 0.6722026
1802.3    -670.5822 -615.0941 0.6721656
1802.31    -670.4882 -615.0934 0.6721375
1802.32    -670.394 -615.0927 0.6721177
1802.33    -670.2997 -615.092 0.6721056
1802.34    -670.2054 -615.0914 0.672103
1802.35    -670.1111 -615.0907 0.6721094
1802.36    -670.0166 -615.09 0.6721238
1802.37    -669.9221 -615.0894 0.6721461
1802.38    -669.8275 -615.0887 0.6721753
1802.39    -669.7328 -615.088 0.6722132
1802.4    -669.638 -615.0873 0.6722591
1802.41    -669.5432 -615.0866 0.6723126
1802.42    -669.4482 -615.0859 0.6723728
1802.43    -669.3532 -615.0853 0.6724395
1802.44    -669.2582 -615.0846 0.6725141
1802.45    -669.163 -615.0839 0.6725959
1802.46    -669.0678 -615.0833 0.6726844
1802.47    -668.9725 -615.0826 0.6727791
1802.48    -668.8771 -615.0819 0.6728798
1802.49    -668.7816 -615.0812 0.6729874
1802.5    -668.6861 -615.0806 0.6731017
1802.51    -668.5905 -615.0799 0.6732221
1802.52    -668.4948 -615.0792 0.6733482
1802.53    -668.399 -615.0786 0.6734797
1802.54    -668.3032 -615.0779 0.6736171
1802.55    -668.2073 -615.0772 0.6737602
1802.56    -668.1113 -615.0765 0.6739085
1802.57    -668.0152 -615.0757 0.6740616
1802.58    -667.9191 -615.075 0.6742192
1802.59    -667.8228 -615.0743 0.674381
1802.6    -667.7265 -615.0735 0.6745468
1802.61    -667.6301 -615.0728 0.6747165
1802.62    -667.5337 -615.072 0.6748897
1802.63    -667.4371 -615.0713 0.6750662
1802.64    -667.3406 -615.0706 0.6752456
1802.65    -667.2439 -615.0698 0.6754279
1802.66    -667.1472 -615.0691 0.6756128
1802.67    -667.0503 -615.0684 0.6758001
1802.68    -666.9534 -615.0676 0.6759896
1802.69    -666.8564 -615.0669 0.6761813
1802.7    -666.7593 -615.0662 0.6763747
1802.71    -666.6622 -615.0654 0.67657
1802.72    -666.565 -615.0647 0.6767668
1802.73    -666.4677 -615.064 0.6769653
1802.74    -666.3704 -615.0632 0.6771652
1802.75    -666.2729 -615.0625 0.6773665
1802.76    -666.1755 -615.0617 0.6775692
1802.77    -666.0779 -615.0609 0.6777729
1802.78    -665.9802 -615.0601 0.6779777
1802.79    -665.8825 -615.0593 0.6781837
1802.8    -665.7847 -615.0585 0.6783915
1802.81    -665.6868 -615.0577 0.6786012
1802.82    -665.5889 -615.0569 0.6788126
1802.83    -665.4908 -615.056 0.6790255
1802.84    -665.3927 -615.0551 0.6792398
1802.85    -665.2946 -615.0543 0.6794561
1802.86    -665.1963 -615.0534 0.6796743
1802.87    -665.098 -615.0525 0.6798941
1802.88    -664.9996 -615.0515 0.6801156
1802.89    -664.9011 -615.0506 0.6803386
1802.9    -664.8026 -615.0497 0.6805631
1802.91    -664.704 -615.0486 0.6807889
1802.92    -664.6053 -615.0477 0.6810161
1802.93    -664.5065 -615.0467 0.6812443
1802.94    -664.4077 -615.0456 0.6814737
1802.95    -664.3088 -615.0446 0.6817039
1802.96    -664.2098 -615.0435 0.6819351
1802.97    -664.1108 -615.0424 0.6821672
1802.98    -664.0117 -615.0412 0.6823999
1802.99    -663.9125 -615.0401 0.6826335
1803    -663.8132 -615.0389 0.6828675
1803.01    -663.7139 -615.0377 0.6831023
1803.02    -663.6144 -615.0364 0.6833376
1803.03    -663.515 -615.0352 0.6835733
1803.04    -663.4154 -615.0339 0.6838095
1803.05    -663.3158 -615.0326 0.6840461
1803.06    -663.2161 -615.0313 0.6842831
1803.07    -663.1163 -615.03 0.6845204
1803.08    -663.0164 -615.0286 0.684758
1803.09    -662.9165 -615.0272 0.6849959
1803.1    -662.8165 -615.0257 0.685234
1803.11    -662.7165 -615.0243 0.6854724
1803.12    -662.6163 -615.0228 0.685711
1803.13    -662.5161 -615.0212 0.6859497
1803.14    -662.4158 -615.0198 0.6861885
1803.15    -662.3155 -615.0182 0.6864273
1803.16    -662.2151 -615.0166 0.6866662
1803.17    -662.1146 -615.015 0.6869051
1803.18    -662.014 -615.0133 0.687144
1803.19    -661.9133 -615.0117 0.6873825
1803.2    -661.8126 -615.0099 0.6876206
1803.21    -661.7119 -615.0082 0.6878583
1803.22    -661.611 -615.0064 0.6880957
1803.23    -661.51 -615.0046 0.6883327
1803.24    -661.409 -615.0028 0.6885687
1803.25    -661.3079 -615.0009 0.6888039
1803.26    -661.2068 -614.999 0.689038
1803.27    -661.1056 -614.9971 0.6892714
1803.28    -661.0043 -614.9951 0.689504
1803.29    -660.903 -614.9932 0.6897352
1803.3    -660.8015 -614.9911 0.689965
1803.31    -660.7 -614.9891 0.6901936
1803.32    -660.5984 -614.987 0.690421
1803.33    -660.4968 -614.9849 0.6906474
1803.34    -660.3951 -614.9827 0.690872
1803.35    -660.2934 -614.9805 0.6910949
1803.36    -660.1915 -614.9783 0.6913163
1803.37    -660.0896 -614.976 0.6915362
1803.38    -659.9876 -614.9737 0.691755
1803.39    -659.8856 -614.9714 0.6919716
1803.4    -659.7834 -614.969 0.6921864
1803.41    -659.6813 -614.9666 0.6923995
1803.42    -659.579 -614.9641 0.6926109
1803.43    -659.4766 -614.9617 0.692821
1803.44    -659.3742 -614.9592 0.6930288
1803.45    -659.2717 -614.9566 0.6932347
1803.46    -659.1692 -614.954 0.6934388
1803.47    -659.0666 -614.9514 0.6936411
1803.48    -658.9639 -614.9487 0.6938419
1803.49    -658.8611 -614.946 0.6940408
1803.5    -658.7583 -614.9432 0.694238
1803.51    -658.6554 -614.9405 0.6944337
1803.52    -658.5525 -614.9377 0.6946279
1803.53    -658.4495 -614.9348 0.6948207
1803.54    -658.3464 -614.9319 0.6950123
1803.55    -658.2432 -614.929 0.6952027
1803.56    -658.14 -614.926 0.695392
1803.57    -658.0366 -614.9229 0.6955803
1803.58    -657.9332 -614.9199 0.6957677
1803.59    -657.8298 -614.9167 0.6959541
1803.6    -657.7263 -614.9136 0.6961399
1803.61    -657.6227 -614.9104 0.6963249
1803.62    -657.519 -614.9072 0.6965094
1803.63    -657.4152 -614.9039 0.6966932
1803.64    -657.3114 -614.9006 0.6968765
1803.65    -657.2075 -614.8973 0.6970592
1803.66    -657.1035 -614.8939 0.6972415
1803.67    -656.9993 -614.8904 0.6974233
1803.68    -656.8951 -614.887 0.6976047
1803.69    -656.7908 -614.8834 0.6977858
1803.7    -656.6865 -614.8798 0.6979664
1803.71    -656.582 -614.8762 0.6981468
1803.72    -656.4774 -614.8726 0.6983268
1803.73    -656.3727 -614.8688 0.6985065
1803.74    -656.268 -614.8651 0.6986859
1803.75    -656.1632 -614.8613 0.6988648
1803.76    -656.0583 -614.8575 0.6990433
1803.77    -655.9532 -614.8536 0.6992217
1803.78    -655.8481 -614.8497 0.6993997
1803.79    -655.7429 -614.8458 0.6995773
1803.8    -655.6376 -614.8419 0.6997545
1803.81    -655.5322 -614.8378 0.6999314
1803.82    -655.4268 -614.8337 0.7001078
1803.83    -655.3212 -614.8297 0.7002837
1803.84    -655.2156 -614.8255 0.7004592
1803.85    -655.1098 -614.8213 0.7006343
1803.86    -655.004 -614.8171 0.7008089
1803.87    -654.898 -614.8128 0.7009833
1803.88    -654.7919 -614.8086 0.7011572
1803.89    -654.6858 -614.8043 0.7013308
1803.9    -654.5796 -614.7999 0.7015041
1803.91    -654.4733 -614.7955 0.701677
1803.92    -654.3668 -614.7911 0.7018496
1803.93    -654.2603 -614.7866 0.702022
1803.94    -654.1536 -614.7821 0.7021942
1803.95    -654.0469 -614.7776 0.7023661
1803.96    -653.9401 -614.7731 0.7025378
1803.97    -653.8331 -614.7684 0.7027094
1803.98    -653.7261 -614.7638 0.7028808
1803.99    -653.619 -614.7592 0.7030522
1804    -653.5117 -614.7545 0.7032238
1804.01    -653.4044 -614.7497 0.7033955
1804.02    -653.2969 -614.745 0.7035672
1804.03    -653.1894 -614.7402 0.703739
1804.04    -653.0817 -614.7354 0.7039108
1804.05    -652.974 -614.7305 0.704083
1804.06    -652.8661 -614.7257 0.7042556
1804.07    -652.7582 -614.7208 0.7044286
1804.08    -652.6501 -614.7159 0.7046019
1804.09    -652.542 -614.7109 0.7047756
1804.1    -652.4338 -614.7059 0.7049496
1804.11    -652.3254 -614.7009 0.705124
1804.12    -652.217 -614.6959 0.7052987
1804.13    -652.1085 -614.6907 0.7054738
1804.14    -651.9998 -614.6857 0.7056491
1804.15    -651.8911 -614.6805 0.7058247
1804.16    -651.7823 -614.6754 0.7060005
1804.17    -651.6733 -614.6702 0.7061766
1804.18    -651.5643 -614.665 0.7063527
1804.19    -651.4552 -614.6598 0.7065291
1804.2    -651.3459 -614.6545 0.7067057
1804.21    -651.2366 -614.6492 0.7068824
1804.22    -651.1272 -614.644 0.7070592
1804.23    -651.0176 -614.6387 0.7072362
1804.24    -650.908 -614.6333 0.7074132
1804.25    -650.7983 -614.628 0.7075903
1804.26    -650.6885 -614.6226 0.7077675
1804.27    -650.5786 -614.6172 0.7079448
1804.28    -650.4685 -614.6118 0.7081221
1804.29    -650.3584 -614.6064 0.7082995
1804.3    -650.2482 -614.601 0.7084769
1804.31    -650.1379 -614.5955 0.7086543
1804.32    -650.0275 -614.59 0.7088318
1804.33    -649.9169 -614.5845 0.7090093
1804.34    -649.8063 -614.579 0.7091867
1804.35    -649.6956 -614.5734 0.7093642
1804.36    -649.5848 -614.5679 0.7095417
1804.37    -649.4739 -614.5623 0.7097191
1804.38    -649.3629 -614.5568 0.7098966
1804.39    -649.2518 -614.5511 0.7100741
1804.4    -649.1406 -614.5455 0.7102515
1804.41    -649.0294 -614.5399 0.7104288
1804.42    -648.918 -614.5342 0.7106062
1804.43    -648.8065 -614.5285 0.7107835
1804.44    -648.6949 -614.5228 0.7109609
1804.45    -648.5833 -614.5172 0.7111381
1804.46    -648.4715 -614.5114 0.7113153
1804.47    -648.3596 -614.5057 0.7114925
1804.48    -648.2476 -614.4999 0.7116696
1804.49    -648.1356 -614.4941 0.7118467
1804.5    -648.0234 -614.4883 0.7120238
1804.51    -647.9112 -614.4825 0.7122008
1804.52    -647.7988 -614.4767 0.7123779
1804.53    -647.6864 -614.4709 0.7125549
1804.54    -647.5739 -614.4651 0.7127318
1804.55    -647.4613 -614.4593 0.7129085
1804.56    -647.3486 -614.4534 0.7130851
1804.57    -647.2357 -614.4476 0.7132615
1804.58    -647.1228 -614.4417 0.7134379
1804.59    -647.0098 -614.4358 0.7136141
1804.6    -646.8967 -614.4299 0.7137902
1804.61    -646.7835 -614.424 0.7139664
1804.62    -646.6702 -614.418 0.7141423
1804.63    -646.5568 -614.4121 0.7143183
1804.64    -646.4433 -614.4061 0.7144941
1804.65    -646.3297 -614.4001 0.7146699
1804.66    -646.2161 -614.3942 0.7148456
1804.67    -646.1023 -614.3882 0.7150213
1804.68    -645.9884 -614.3822 0.7151968
1804.69    -645.8745 -614.3762 0.7153723
1804.7    -645.7604 -614.3701 0.7155477
1804.71    -645.6462 -614.364 0.715723
1804.72    -645.532 -614.358 0.7158983
1804.73    -645.4177 -614.3519 0.7160735
1804.74    -645.3032 -614.3458 0.7162486
1804.75    -645.1887 -614.3397 0.7164236
1804.76    -645.0741 -614.3336 0.7165986
1804.77    -644.9594 -614.3275 0.7167736
1804.78    -644.8446 -614.3214 0.7169484
1804.79    -644.7297 -614.3152 0.7171232
1804.8    -644.6147 -614.309 0.7172978
1804.81    -644.4996 -614.3029 0.7174724
1804.82    -644.3845 -614.2967 0.717647
1804.83    -644.2692 -614.2905 0.7178215
1804.84    -644.1538 -614.2844 0.7179959
1804.85    -644.0384 -614.2781 0.7181702
1804.86    -643.9229 -614.2719 0.7183444
1804.87    -643.8072 -614.2657 0.7185186
1804.88    -643.6915 -614.2594 0.7186927
1804.89    -643.5757 -614.2532 0.7188668
1804.9    -643.4598 -614.2469 0.7190407
1804.91    -643.3438 -614.2406 0.7192147
1804.92    -643.2277 -614.2343 0.7193885
1804.93    -643.1115 -614.228 0.7195622
1804.94    -642.9952 -614.2217 0.7197359
1804.95    -642.8788 -614.2155 0.7199095
1804.96    -642.7623 -614.209 0.7200831
1804.97    -642.6458 -614.2027 0.7202566
1804.98    -642.5291 -614.1964 0.72043
1804.99    -642.4124 -614.19 0.7206033
1805    -642.2955 -614.1837 0.7207766
1805.01    -642.1786 -614.1772 0.7209497
1805.02    -642.0616 -614.1708 0.7211229
1805.03    -641.9445 -614.1644 0.721296
1805.04    -641.8273 -614.158 0.7214689
1805.05    -641.71 -614.1516 0.7216418
1805.06    -641.5926 -614.1451 0.7218147
1805.07    -641.4751 -614.1386 0.7219875
1805.08    -641.3575 -614.1321 0.7221602
1805.09    -641.2399 -614.1257 0.7223328
1805.1    -641.1221 -614.1192 0.7225054
1805.11    -641.0043 -614.1127 0.7226779
1805.12    -640.8864 -614.1061 0.7228503
1805.13    -640.7683 -614.0996 0.7230227
1805.14    -640.6502 -614.0931 0.723195
1805.15    -640.532 -614.0865 0.7233672
1805.16    -640.4137 -614.08 0.7235394
1805.17    -640.2953 -614.0734 0.7237114
1805.18    -640.1768 -614.0668 0.7238835
1805.19    -640.0583 -614.0602 0.7240553
1805.2    -639.9396 -614.0536 0.7242272
1805.21    -639.8209 -614.047 0.724399
1805.22    -639.702 -614.0403 0.7245708
1805.23    -639.5831 -614.0337 0.7247424
1805.24    -639.4641 -614.027 0.724914
1805.25    -639.345 -614.0204 0.7250856
1805.26    -639.2258 -614.0137 0.725257
1805.27    -639.1065 -614.007 0.7254284
1805.28    -638.9871 -614.0002 0.7255996
1805.29    -638.8677 -613.9935 0.725771
1805.3    -638.7481 -613.9868 0.7259421
1805.31    -638.6285 -613.9801 0.7261132
1805.32    -638.5087 -613.9733 0.7262843
1805.33    -638.3889 -613.9665 0.7264552
1805.34    -638.269 -613.9597 0.726626
1805.35    -638.149 -613.9529 0.7267969
1805.36    -638.029 -613.9461 0.7269677
1805.37    -637.9088 -613.9393 0.7271383
1805.38    -637.7885 -613.9324 0.727309
1805.39    -637.6682 -613.9255 0.7274795
1805.4    -637.5477 -613.9186 0.72765
1805.41    -637.4272 -613.9117 0.7278204
1805.42    -637.3066 -613.9048 0.7279907
1805.43    -637.1859 -613.8979 0.728161
1805.44    -637.0651 -613.8909 0.7283312
1805.45    -636.9443 -613.884 0.7285013
1805.46    -636.8233 -613.877 0.7286714
1805.47    -636.7023 -613.8699 0.7288414
1805.48    -636.5811 -613.8629 0.7290113
1805.49    -636.4599 -613.8559 0.7291812
1805.5    -636.3386 -613.8488 0.7293509
1805.51    -636.2172 -613.8417 0.7295207
1805.52    -636.0957 -613.8347 0.7296904
1805.53    -635.9741 -613.8276 0.7298599
1805.54    -635.8525 -613.8204 0.7300293
1805.55    -635.7307 -613.8132 0.7301989
1805.56    -635.6089 -613.8061 0.7303682
1805.57    -635.4869 -613.7988 0.7305375
1805.58    -635.3649 -613.7916 0.7307068
1805.59    -635.2428 -613.7844 0.7308759
1805.6    -635.1206 -613.7771 0.731045
1805.61    -634.9984 -613.7698 0.731214
1805.62    -634.876 -613.7626 0.731383
1805.63    -634.7535 -613.7552 0.7315518
1805.64    -634.631 -613.7479 0.7317207
1805.65    -634.5084 -613.7406 0.7318895
1805.66    -634.3857 -613.7332 0.7320582
1805.67    -634.2629 -613.7258 0.7322268
1805.68    -634.1401 -613.7184 0.7323954
1805.69    -634.0172 -613.711 0.7325639
1805.7    -633.8941 -613.7036 0.7327324
1805.71    -633.771 -613.6961 0.7329009
1805.72    -633.6478 -613.6886 0.7330692
1805.73    -633.5245 -613.6811 0.7332375
1805.74    -633.4011 -613.6736 0.7334058
1805.75    -633.2776 -613.666 0.733574
1805.76    -633.1541 -613.6584 0.7337422
1805.77    -633.0305 -613.6509 0.7339103
1805.78    -632.9067 -613.6432 0.7340783
1805.79    -632.783 -613.6357 0.7342463
1805.8    -632.6591 -613.6281 0.734414
1805.81    -632.5351 -613.6204 0.7345818
1805.82    -632.411 -613.6127 0.7347494
1805.83    -632.2869 -613.605 0.7349169
1805.84    -632.1627 -613.5973 0.7350832
1805.85    -632.0383 -613.5896 0.7352484
1805.86    -631.9139 -613.5818 0.7354125
1805.87    -631.7894 -613.574 0.7355757
1805.88    -631.6649 -613.5662 0.735738
1805.89    -631.5402 -613.5584 0.7358992
1805.9    -631.4155 -613.5506 0.7360592
1805.91    -631.2906 -613.5427 0.7362183
1805.92    -631.1657 -613.5348 0.7363764
1805.93    -631.0407 -613.5269 0.7365336
1805.94    -630.9156 -613.5189 0.73669
1805.95    -630.7905 -613.511 0.7368458
1805.96    -630.6653 -613.5031 0.7370009
1805.97    -630.54 -613.495 0.7371553
1805.98    -630.4146 -613.487 0.737309
1805.99    -630.2891 -613.479 0.7374623
1806    -630.1636 -613.4709 0.7376148
1806.01    -630.0379 -613.4628 0.7377669
1806.02    -629.9122 -613.4548 0.7379184
1806.03    -629.7863 -613.4467 0.7380695
1806.04    -629.6604 -613.4385 0.7382184
1806.05    -629.5344 -613.4304 0.7383649
1806.06    -629.4083 -613.4222 0.7385095
1806.07    -629.2822 -613.4139 0.7386523
1806.08    -629.1559 -613.4057 0.7387934
1806.09    -629.0296 -613.3975 0.7389329
1806.1    -628.9032 -613.3892 0.7390667
1806.11    -628.7767 -613.3809 0.7391953
1806.12    -628.6501 -613.3726 0.739319
1806.13    -628.5235 -613.3641 0.7394383
1806.14    -628.3968 -613.3558 0.7395506
1806.15    -628.27 -613.3474 0.7396564
1806.16    -628.1431 -613.3389 0.7397563
1806.17    -628.0161 -613.3305 0.7398506
1806.18    -627.889 -613.3221 0.7399398
1806.19    -627.7618 -613.3135 0.7400209
1806.2    -627.6346 -613.3051 0.7400947
1806.21    -627.5073 -613.2966 0.7401615
1806.22    -627.3799 -613.288 0.7402221
1806.23    -627.2524 -613.2795 0.7402767
1806.24    -627.1249 -613.2709 0.7403225
1806.25    -626.9973 -613.2624 0.74036
1806.26    -626.8695 -613.2538 0.7403898
1806.27    -626.7417 -613.2452 0.7404126
1806.28    -626.6138 -613.2367 0.7404289
1806.29    -626.4859 -613.2281 0.7404359
1806.3    -626.3578 -613.2195 0.7404343
1806.31    -626.2297 -613.2109 0.7404248
1806.32    -626.1015 -613.2023 0.7404079
1806.33    -625.9732 -613.1937 0.7403843
1806.34    -625.8448 -613.1851 0.7403516
1806.35    -625.7164 -613.1765 0.7403104
1806.36    -625.5878 -613.168 0.7402613
1806.37    -625.4592 -613.1594 0.740205
1806.38    -625.3304 -613.1508 0.740142
1806.39    -625.2017 -613.1422 0.7400707
1806.4    -625.0728 -613.1337 0.7399917
1806.41    -624.9438 -613.1252 0.7399055
1806.42    -624.8148 -613.1166 0.7398129
1806.43    -624.6857 -613.1082 0.739714
1806.44    -624.5565 -613.0996 0.7396082
1806.45    -624.4272 -613.0911 0.7394962
1806.46    -624.2978 -613.0826 0.7393783
1806.47    -624.1683 -613.074 0.7392549
1806.48    -624.0388 -613.0656 0.7391264
1806.49    -623.9092 -613.0571 0.7389931
1806.5    -623.7795 -613.0486 0.7388552
1806.51    -623.6498 -613.0402 0.7387132
1806.52    -623.5199 -613.0317 0.7385673
1806.53    -623.39 -613.0233 0.7384179
1806.54    -623.2599 -613.0149 0.738265
1806.55    -623.1298 -613.0065 0.7381091
1806.56    -622.9996 -612.9981 0.7379504
1806.57    -622.8693 -612.9898 0.737789
1806.58    -622.739 -612.9815 0.7376251
1806.59    -622.6085 -612.9731 0.7374589
1806.6    -622.478 -612.9649 0.7372907
1806.61    -622.3474 -612.9567 0.7371204
1806.62    -622.2167 -612.9485 0.7369484
1806.63    -622.0859 -612.9403 0.7367746
1806.64    -621.9551 -612.9322 0.7365993
1806.65    -621.8242 -612.9241 0.7364225
1806.66    -621.6932 -612.9161 0.7362444
1806.67    -621.5621 -612.9081 0.736065
1806.68    -621.4309 -612.9001 0.7358845
1806.69    -621.2997 -612.8923 0.735702
1806.7    -621.1683 -612.8845 0.7355179
1806.71    -621.0369 -612.8767 0.7353321
1806.72    -620.9053 -612.869 0.7351448
1806.73    -620.7737 -612.8613 0.7349561
1806.74    -620.6421 -612.8538 0.734765
1806.75    -620.5104 -612.8462 0.7345716
1806.76    -620.3785 -612.8387 0.7343761
1806.77    -620.2466 -612.8313 0.7341788
1806.78    -620.1146 -612.824 0.7339796
1806.79    -619.9825 -612.8167 0.7337788
1806.8    -619.8504 -612.8094 0.7335756
1806.81    -619.7181 -612.8023 0.7333701
1806.82    -619.5858 -612.7952 0.7331623
1806.83    -619.4534 -612.7881 0.7329527
1806.84    -619.3208 -612.7812 0.7327412
1806.85    -619.1882 -612.7743 0.7325276
1806.86    -619.0556 -612.7674 0.732312
1806.87    -618.9229 -612.7606 0.7320945
1806.88    -618.79 -612.7539 0.7318754
1806.89    -618.6572 -612.7473 0.7316546
1806.9    -618.5242 -612.7406 0.7314322
1806.91    -618.3911 -612.7341 0.7312084
1806.92    -618.258 -612.7277 0.7309833
1806.93    -618.1248 -612.7214 0.730757
1806.94    -617.9915 -612.7151 0.7305295
1806.95    -617.8581 -612.7088 0.730301
1806.96    -617.7245 -612.7027 0.7300714
1806.97    -617.591 -612.6967 0.7298409
1806.98    -617.4574 -612.6907 0.7296096
1806.99    -617.3237 -612.6848 0.7293776
1807    -617.1899 -612.6789 0.7291448
1807.01    -617.0561 -612.6732 0.7289113
1807.02    -616.9221 -612.6675 0.7286771
1807.03    -616.7881 -612.6619 0.7284424
1807.04    -616.654 -612.6563 0.7282072
1807.05    -616.5198 -612.6509 0.7279714
1807.06    -616.3856 -612.6455 0.7277352
1807.07    -616.2512 -612.6402 0.7274984
1807.08    -616.1168 -612.635 0.7272613
1807.09    -615.9823 -612.6299 0.7270238
1807.1    -615.8477 -612.6248 0.726786
1807.11    -615.7131 -612.6198 0.7265477
1807.12    -615.5783 -612.6149 0.7263091
1807.13    -615.4434 -612.61 0.7260703
1807.14    -615.3085 -612.6053 0.7258311
1807.15    -615.1736 -612.6007 0.7255917
1807.16    -615.0385 -612.5961 0.7253521
1807.17    -614.9034 -612.5916 0.7251123
1807.18    -614.7681 -612.5871 0.7248722
1807.19    -614.6329 -612.5828 0.7246319
1807.2    -614.4975 -612.5784 0.7243915
1807.21    -614.3621 -612.5742 0.7241509
1807.22    -614.2265 -612.5701 0.7239102
1807.23    -614.0909 -612.566 0.7236692
1807.24    -613.9552 -612.562 0.7234281
1807.25    -613.8195 -612.558 0.7231868
1807.26    -613.6836 -612.5543 0.7229454
1807.27    -613.5477 -612.5505 0.7227038
1807.28    -613.4117 -612.5468 0.7224622
1807.29    -613.2756 -612.5431 0.7222204
1807.3    -613.1395 -612.5396 0.7219784
1807.31    -613.0032 -612.536 0.7217364
1807.32    -612.8669 -612.5325 0.7214942
1807.33    -612.7305 -612.5291 0.7212519
1807.34    -612.5941 -612.5258 0.7210097
1807.35    -612.4575 -612.5225 0.7207677
1807.36    -612.3209 -612.5192 0.7205257
1807.37    -612.1842 -612.5161 0.7202839
1807.38    -612.0474 -612.5129 0.720042
1807.39    -611.9106 -612.5098 0.7198005
1807.4    -611.7737 -612.5067 0.7195593
1807.41    -611.6367 -612.5037 0.7193183
1807.42    -611.4996 -612.5008 0.7190775
1807.43    -611.3624 -612.4979 0.718837
1807.44    -611.2252 -612.495 0.7185966
1807.45    -611.0879 -612.4921 0.7183563
1807.46    -610.9505 -612.4893 0.7181162
1807.47    -610.813 -612.4865 0.7178762
1807.48    -610.6755 -612.4838 0.7176363
1807.49    -610.5378 -612.481 0.7173966
1807.5    -610.4001 -612.4784 0.7171568
1807.51    -610.2624 -612.4757 0.7169173
1807.52    -610.1246 -612.4731 0.716678
1807.53    -609.9866 -612.4705 0.7164387
1807.54    -609.8486 -612.4678 0.7161999
1807.55    -609.7106 -612.4653 0.7159613
1807.56    -609.5724 -612.4627 0.715723
1807.57    -609.4342 -612.4601 0.715485
1807.58    -609.2959 -612.4576 0.7152472
1807.59    -609.1575 -612.4551 0.7150102
1807.6    -609.0191 -612.4526 0.7147738
1807.61    -608.8806 -612.4501 0.714538
1807.62    -608.742 -612.4476 0.7143028
1807.63    -608.6033 -612.445 0.7140682
1807.64    -608.4646 -612.4425 0.7138343
1807.65    -608.3258 -612.4399 0.7136014
1807.66    -608.187 -612.4374 0.7133691
1807.67    -608.048 -612.4349 0.7131374
1807.68    -607.9089 -612.4323 0.7129065
1807.69    -607.7698 -612.4297 0.712676
1807.7    -607.6307 -612.4272 0.7124467
1807.71    -607.4915 -612.4246 0.7122182
1807.72    -607.3522 -612.4219 0.7119906
1807.73    -607.2128 -612.4193 0.7117637
1807.74    -607.0733 -612.4166 0.7115377
1807.75    -606.9338 -612.4138 0.7113125
1807.76    -606.7942 -612.4111 0.7110884
1807.77    -606.6545 -612.4082 0.7108651
1807.78    -606.5148 -612.4054 0.7106426
1807.79    -606.3751 -612.4025 0.7104212
1807.8    -606.2352 -612.3997 0.710201
1807.81    -606.0953 -612.3967 0.7099816
1807.82    -605.9554 -612.3937 0.7097631
1807.83    -605.8154 -612.3907 0.7095454
1807.84    -605.6752 -612.3876 0.7093285
1807.85    -605.5351 -612.3846 0.7091129
1807.86    -605.3949 -612.3814 0.7088988
1807.87    -605.2546 -612.3782 0.7086857
1807.88    -605.1143 -612.3749 0.7084737
1807.89    -604.9738 -612.3716 0.7082628
1807.9    -604.8334 -612.3683 0.7080534
1807.91    -604.6929 -612.3649 0.7078456
1807.92    -604.5522 -612.3615 0.7076391
1807.93    -604.4116 -612.3579 0.7074338
1807.94    -604.2709 -612.3544 0.70723
1807.95    -604.1302 -612.3507 0.7070277
1807.96    -603.9894 -612.347 0.7068267
1807.97    -603.8485 -612.3433 0.7066268
1807.98    -603.7076 -612.3394 0.7064281
1807.99    -603.5666 -612.3354 0.7062304
1808    -603.4255 -612.3314 0.7060336
1808.01    -603.2844 -612.3274 0.7058383
1808.02    -603.1432 -612.3232 0.7056443
1808.03    -603.002 -612.319 0.7054516
1808.04    -602.8608 -612.3147 0.7052603
1808.05    -602.7195 -612.3104 0.7050705
1808.06    -602.5781 -612.3059 0.7048819
1808.07    -602.4367 -612.3014 0.7046945
1808.08    -602.2952 -612.2968 0.7045082
1808.09    -602.1537 -612.2921 0.7043238
1808.1    -602.0121 -612.2873 0.7041413
1808.11    -601.8705 -612.2825 0.7039606
1808.12    -601.7289 -612.2775 0.7037814
1808.13    -601.5872 -612.2725 0.7036036
1808.14    -601.4455 -612.2673 0.7034289
1808.15    -601.3037 -612.2621 0.7032571
1808.16    -601.1619 -612.2568 0.703088
1808.17    -601.02 -612.2515 0.7029214
1808.18    -600.878 -612.246 0.7027571
1808.19    -600.736 -612.2404 0.7025968
1808.2    -600.594 -612.2347 0.7024402
1808.21    -600.4519 -612.229 0.7022872
1808.22    -600.3098 -612.2232 0.7021373
1808.23    -600.1677 -612.2173 0.7019904
1808.24    -600.0256 -612.2112 0.7018481
1808.25    -599.8834 -612.2051 0.70171
1808.26    -599.7411 -612.199 0.7015759
1808.27    -599.5988 -612.1927 0.7014454
1808.28    -599.4564 -612.1863 0.7013182
1808.29    -599.314 -612.1798 0.7011955
1808.3    -599.1716 -612.1733 0.7010771
1808.31    -599.0292 -612.1667 0.7009624
1808.32    -598.8867 -612.16 0.7008514
1808.33    -598.7441 -612.1532 0.7007437
1808.34    -598.6015 -612.1463 0.7006398
1808.35    -598.4589 -612.1393 0.7005393
1808.36    -598.3163 -612.1323 0.7004421
1808.37    -598.1736 -612.1251 0.7003478
1808.38    -598.0308 -612.1179 0.7002563
1808.39    -597.8881 -612.1105 0.7001675
1808.4    -597.7452 -612.1031 0.7000813
1808.41    -597.6024 -612.0956 0.6999977
1808.42    -597.4595 -612.088 0.6999161
1808.43    -597.3165 -612.0804 0.6998366
1808.44    -597.1736 -612.0727 0.699759
1808.45    -597.0306 -612.0648 0.6996831
1808.46    -596.8876 -612.0569 0.6996088
1808.47    -596.7446 -612.049 0.699536
1808.48    -596.6015 -612.041 0.6994646
1808.49    -596.4584 -612.0328 0.6993945
1808.5    -596.3152 -612.0246 0.6993255
1808.51    -596.1721 -612.0163 0.6992576
1808.52    -596.029 -612.0079 0.6991908
1808.53    -595.8858 -611.9995 0.6991248
1808.54    -595.7426 -611.991 0.6990598
1808.55    -595.5994 -611.9824 0.6989955
1808.56    -595.4562 -611.9737 0.698932
1808.57    -595.313 -611.9649 0.6988691
1808.58    -595.1697 -611.956 0.6988069
1808.59    -595.0266 -611.9471 0.6987453
1808.6    -594.8833 -611.9381 0.6986844
1808.61    -594.74 -611.929 0.698624
1808.62    -594.5967 -611.9199 0.698564
1808.63    -594.4533 -611.9106 0.6985045
1808.64    -594.3099 -611.9014 0.6984455
1808.65    -594.1666 -611.892 0.698387
1808.66    -594.0232 -611.8825 0.698329
1808.67    -593.8798 -611.873 0.6982715
1808.68    -593.7364 -611.8634 0.6982144
1808.69    -593.593 -611.8538 0.6981578
1808.7    -593.4495 -611.844 0.6981015
1808.71    -593.3061 -611.8342 0.6980456
1808.72    -593.1626 -611.8243 0.69799
1808.73    -593.0192 -611.8144 0.6979347
1808.74    -592.8757 -611.8044 0.6978797
1808.75    -592.7322 -611.7943 0.6978251
1808.76    -592.5887 -611.7842 0.6977707
1808.77    -592.4451 -611.774 0.6977164
1808.78    -592.3016 -611.7637 0.6976624
1808.79    -592.158 -611.7533 0.6976085
1808.8    -592.0145 -611.7429 0.6975548
1808.81    -591.8709 -611.7324 0.6975013
1808.82    -591.7274 -611.7219 0.6974479
1808.83    -591.5838 -611.7112 0.6973947
1808.84    -591.4402 -611.7006 0.6973418
1808.85    -591.2967 -611.6899 0.6972891
1808.86    -591.1531 -611.6793 0.6972367
1808.87    -591.0096 -611.6685 0.6971844
1808.88    -590.8661 -611.6576 0.6971325
1808.89    -590.7225 -611.6467 0.6970806
1808.9    -590.579 -611.6358 0.6970304
1808.91    -590.4354 -611.6248 0.6969815
1808.92    -590.2919 -611.6138 0.696934
1808.93    -590.1483 -611.6027 0.6968879
1808.94    -590.0048 -611.5916 0.6968445
1808.95    -589.8612 -611.5805 0.6968039
1808.96    -589.7177 -611.5693 0.6967657
1808.97    -589.5741 -611.5581 0.6967298
1808.98    -589.4305 -611.5469 0.696696
1808.99    -589.287 -611.5356 0.6966668
1809    -589.1435 -611.5243 0.696642
1809.01    -588.9999 -611.513 0.696621
1809.02    -588.8564 -611.5016 0.6966037
1809.03    -588.7128 -611.4902 0.6965899
1809.04    -588.5693 -611.4788 0.6965811
1809.05    -588.4258 -611.4673 0.6965771
1809.06    -588.2823 -611.4559 0.6965776
1809.07    -588.1387 -611.4444 0.6965821
1809.08    -587.9952 -611.4328 0.6965905
1809.09    -587.8517 -611.4213 0.6966028
1809.1    -587.7082 -611.4097 0.6966189
1809.11    -587.5646 -611.3982 0.6966383
1809.12    -587.4211 -611.3866 0.696661
1809.13    -587.2775 -611.375 0.6966867
1809.14    -587.134 -611.3634 0.6967151
1809.15    -586.9905 -611.3517 0.6967461
1809.16    -586.847 -611.3401 0.6967794
1809.17    -586.7034 -611.3284 0.696815
1809.18    -586.5599 -611.3168 0.6968526
1809.19    -586.4164 -611.3051 0.6968921
1809.2    -586.2729 -611.2934 0.6969333
1809.21    -586.1293 -611.2817 0.6969762
1809.22    -585.9858 -611.27 0.6970206
1809.23    -585.8422 -611.2583 0.6970664
1809.24    -585.6987 -611.2466 0.6971135
1809.25    -585.5552 -611.2349 0.6971619
1809.26    -585.4116 -611.2232 0.6972114
1809.27    -585.2681 -611.2115 0.6972619
1809.28    -585.1245 -611.1998 0.6973134
1809.29    -584.981 -611.188 0.6973659
1809.3    -584.8374 -611.1763 0.6974192
1809.31    -584.6938 -611.1645 0.6974732
1809.32    -584.5503 -611.1528 0.697528
1809.33    -584.4067 -611.1411 0.6975834
1809.34    -584.2632 -611.1294 0.6976395
1809.35    -584.1196 -611.1177 0.6976963
1809.36    -583.9761 -611.106 0.6977537
1809.37    -583.8325 -611.0944 0.6978117
1809.38    -583.6889 -611.0826 0.69787
1809.39    -583.5453 -611.071 0.6979288
1809.4    -583.4018 -611.0593 0.697988
1809.41    -583.2582 -611.0477 0.6980475
1809.42    -583.1147 -611.0361 0.6981074
1809.43    -582.9711 -611.0245 0.6981676
1809.44    -582.8276 -611.0129 0.6982281
1809.45    -582.684 -611.0013 0.6982889
1809.46    -582.5405 -610.9897 0.69835
1809.47    -582.3969 -610.9781 0.6984113
1809.48    -582.2534 -610.9667 0.6984728
1809.49    -582.1098 -610.9552 0.6985345
1809.5    -581.9662 -610.9437 0.6985965
1809.51    -581.8227 -610.9322 0.6986587
1809.52    -581.6791 -610.9208 0.6987211
1809.53    -581.5356 -610.9093 0.6987836
1809.54    -581.392 -610.8979 0.6988462
1809.55    -581.2485 -610.8865 0.698909
1809.56    -581.1049 -610.8752 0.698972
1809.57    -580.9614 -610.8638 0.6990351
1809.58    -580.8177 -610.8525 0.6990983
1809.59    -580.6743 -610.8412 0.6991616
1809.6    -580.5308 -610.8299 0.6992251
1809.61    -580.3873 -610.8186 0.6992886
1809.62    -580.2438 -610.8074 0.6993522
1809.63    -580.1003 -610.7961 0.6994159
1809.64    -579.9569 -610.7849 0.6994797
1809.65    -579.8135 -610.7737 0.6995435
1809.66    -579.6701 -610.7625 0.6996074
1809.67    -579.5267 -610.7513 0.6996714
1809.68    -579.3834 -610.7402 0.6997355
1809.69    -579.24 -610.7291 0.6997995
1809.7    -579.0967 -610.7181 0.6998638
1809.71    -578.9534 -610.707 0.6999281
1809.72    -578.8101 -610.696 0.6999925
1809.73    -578.6667 -610.6849 0.7000569
1809.74    -578.5234 -610.6739 0.7001214
1809.75    -578.3802 -610.663 0.700186
1809.76    -578.2369 -610.652 0.7002505
1809.77    -578.0937 -610.6411 0.7003152
1809.78    -577.9504 -610.6301 0.7003799
1809.79    -577.8072 -610.6192 0.7004447
1809.8    -577.664 -610.6084 0.7005095
1809.81    -577.5208 -610.5975 0.7005743
1809.82    -577.3776 -610.5867 0.7006392
1809.83    -577.2344 -610.5759 0.7007041
1809.84    -577.0913 -610.5651 0.7007691
1809.85    -576.9482 -610.5544 0.7008341
1809.86    -576.8051 -610.5437 0.7008991
1809.87    -576.6619 -610.533 0.7009641
1809.88    -576.5188 -610.5223 0.7010292
1809.89    -576.3757 -610.5117 0.7010943
1809.9    -576.2326 -610.501 0.7011595
1809.91    -576.0895 -610.4904 0.7012247
1809.92    -575.9465 -610.4797 0.7012898
1809.93    -575.8035 -610.4692 0.7013551
1809.94    -575.6605 -610.4586 0.7014203
1809.95    -575.5175 -610.4481 0.7014856
1809.96    -575.3745 -610.4376 0.7015508
1809.97    -575.2316 -610.4271 0.7016162
1809.98    -575.0886 -610.4166 0.7016816
1809.99    -574.9457 -610.4062 0.7017469
1810    -574.8028 -610.3958 0.7018123
1810.01    -574.6599 -610.3854 0.7018777
1810.02    -574.517 -610.375 0.7019431
1810.03    -574.3741 -610.3646 0.7020085
1810.04    -574.2313 -610.3543 0.7020741
1810.05    -574.0884 -610.344 0.7021396
1810.06    -573.9456 -610.3337 0.7022051
1810.07    -573.8028 -610.3234 0.7022706
1810.08    -573.66 -610.3131 0.7023361
1810.09    -573.5172 -610.3029 0.7024017
1810.1    -573.3745 -610.2927 0.7024673
1810.11    -573.2317 -610.2824 0.7025329
1810.12    -573.0889 -610.2722 0.7025985
1810.13    -572.9462 -610.2621 0.7026641
1810.14    -572.8035 -610.2519 0.7027299
1810.15    -572.6608 -610.2417 0.7027955
1810.16    -572.5181 -610.2316 0.7028612
1810.17    -572.3754 -610.2214 0.7029269
1810.18    -572.2327 -610.2113 0.7029927
1810.19    -572.0901 -610.2012 0.7030585
1810.2    -571.9474 -610.1912 0.7031243
1810.21    -571.8049 -610.1811 0.70319
1810.22    -571.6623 -610.171 0.7032558
1810.23    -571.5197 -610.1609 0.7033217
1810.24    -571.3771 -610.1509 0.7033876
1810.25    -571.2346 -610.1409 0.7034534
1810.26    -571.0921 -610.1309 0.7035193
1810.27    -570.9496 -610.1208 0.7035851
1810.28    -570.8071 -610.1109 0.7036511
1810.29    -570.6646 -610.1009 0.7037171
1810.3    -570.5222 -610.0909 0.7037831
1810.31    -570.3797 -610.081 0.703849
1810.32    -570.2372 -610.071 0.7039151
1810.33    -570.0948 -610.0611 0.703981
1810.34    -569.9524 -610.0511 0.7040471
1810.35    -569.81 -610.0413 0.7041131
1810.36    -569.6676 -610.0314 0.7041792
1810.37    -569.5252 -610.0215 0.7042453
1810.38    -569.3829 -610.0116 0.7043114
1810.39    -569.2405 -610.0017 0.7043775
1810.4    -569.0982 -609.9919 0.7044436
1810.41    -568.9559 -609.9821 0.7045099
1810.42    -568.8136 -609.9722 0.704576
1810.43    -568.6713 -609.9625 0.7046422
1810.44    -568.5291 -609.9526 0.7047085
1810.45    -568.3868 -609.9429 0.7047747
1810.46    -568.2446 -609.9331 0.704841
1810.47    -568.1024 -609.9233 0.7049073
1810.48    -567.9602 -609.9136 0.7049736
1810.49    -567.818 -609.9038 0.70504
1810.5    -567.6758 -609.8941 0.7051064
1810.51    -567.5337 -609.8845 0.7051728
1810.52    -567.3915 -609.8748 0.7052392
1810.53    -567.2494 -609.8651 0.7053057
1810.54    -567.1073 -609.8555 0.7053722
1810.55    -566.9652 -609.8458 0.7054387
1810.56    -566.8231 -609.8362 0.7055053
1810.57    -566.681 -609.8267 0.7055719
1810.58    -566.5389 -609.8171 0.7056385
1810.59    -566.3969 -609.8075 0.7057051
1810.6    -566.2549 -609.798 0.7057717
1810.61    -566.1129 -609.7885 0.7058384
1810.62    -565.9708 -609.779 0.7059051
1810.63    -565.8289 -609.7695 0.7059719
1810.64    -565.6869 -609.7601 0.7060387
1810.65    -565.5449 -609.7506 0.7061054
1810.66    -565.403 -609.7412 0.7061723
1810.67    -565.2611 -609.7318 0.7062391
1810.68    -565.1191 -609.7224 0.706306
1810.69    -564.9772 -609.713 0.7063729
1810.7    -564.8354 -609.7036 0.7064399
1810.71    -564.6935 -609.6943 0.7065068
1810.72    -564.5517 -609.685 0.7065739
1810.73    -564.4099 -609.6757 0.7066409
1810.74    -564.2681 -609.6664 0.706708
1810.75    -564.1263 -609.6572 0.7067751
1810.76    -563.9845 -609.648 0.7068422
1810.77    -563.8427 -609.6388 0.7069094
1810.78    -563.7009 -609.6296 0.7069766
1810.79    -563.5592 -609.6205 0.7070438
1810.8    -563.4175 -609.6114 0.7071111
1810.81    -563.2758 -609.6023 0.7071784
1810.82    -563.134 -609.5933 0.7072456
1810.83    -562.9923 -609.5842 0.707313
1810.84    -562.8506 -609.5752 0.7073804
1810.85    -562.709 -609.5662 0.7074478
1810.86    -562.5673 -609.5573 0.7075152
1810.87    -562.4257 -609.5483 0.7075827
1810.88    -562.284 -609.5394 0.7076502
1810.89    -562.1424 -609.5306 0.7077178
1810.9    -562.0008 -609.5217 0.7077854
1810.91    -561.8592 -609.5129 0.707853
1810.92    -561.7177 -609.5042 0.7079206
1810.93    -561.5761 -609.4954 0.7079883
1810.94    -561.4346 -609.4868 0.708056
1810.95    -561.293 -609.478 0.7081237
1810.96    -561.1516 -609.4694 0.7081915
1810.97    -561.0101 -609.4608 0.7082594
1810.98    -560.8686 -609.4522 0.7083272
1810.99    -560.7271 -609.4437 0.708395
1811    -560.5856 -609.4352 0.7084629
1811.01    -560.4442 -609.4266 0.7085308
1811.02    -560.3028 -609.4182 0.7085989
1811.03    -560.1614 -609.4098 0.7086668
1811.04    -560.02 -609.4014 0.7087349
1811.05    -559.8786 -609.3931 0.7088029
1811.06    -559.7372 -609.3848 0.7088711
1811.07    -559.5959 -609.3765 0.7089391
1811.08    -559.4545 -609.3682 0.7090073
1811.09    -559.3132 -609.36 0.7090755
1811.1    -559.1719 -609.3519 0.7091437
1811.11    -559.0306 -609.3437 0.7092119
1811.12    -558.8893 -609.3356 0.7092803
1811.13    -558.748 -609.3276 0.7093486
1811.14    -558.6068 -609.3195 0.7094169
1811.15    -558.4656 -609.3115 0.7094852
1811.16    -558.3243 -609.3036 0.7095537
1811.17    -558.1831 -609.2957 0.7096221
1811.18    -558.0419 -609.2878 0.7096906
1811.19    -557.9007 -609.28 0.7097591
1811.2    -557.7595 -609.2722 0.7098276
1811.21    -557.6183 -609.2643 0.7098961
1811.22    -557.4772 -609.2567 0.7099647
1811.23    -557.336 -609.249 0.7100334
1811.24    -557.1949 -609.2413 0.710102
1811.25    -557.0537 -609.2337 0.7101707
1811.26    -556.9126 -609.2261 0.7102394
1811.27    -556.7715 -609.2186 0.7103082
1811.28    -556.6304 -609.2111 0.710377
1811.29    -556.4894 -609.2037 0.7104458
1811.3    -556.3483 -609.1963 0.7105147
1811.31    -556.2073 -609.189 0.7105834
1811.32    -556.0663 -609.1816 0.7106524
1811.33    -555.9253 -609.1743 0.7107213
1811.34    -555.7843 -609.1671 0.7107903
1811.35    -555.6433 -609.1599 0.7108592
1811.36    -555.5024 -609.1527 0.7109283
1811.37    -555.3615 -609.1456 0.7109973
1811.38    -555.2205 -609.1385 0.7110665
1811.39    -555.0796 -609.1315 0.7111356
1811.4    -554.9387 -609.1245 0.7112047
1811.41    -554.7979 -609.1176 0.7112739
1811.42    -554.657 -609.1106 0.7113431
1811.43    -554.5161 -609.1038 0.7114124
1811.44    -554.3753 -609.0969 0.7114816
1811.45    -554.2345 -609.0901 0.711551
1811.46    -554.0937 -609.0834 0.7116203
1811.47    -553.9529 -609.0767 0.7116897
1811.48    -553.8121 -609.07 0.711759
1811.49    -553.6713 -609.0634 0.7118284
1811.5    -553.5306 -609.0568 0.7118979
1811.51    -553.3898 -609.0502 0.7119673
1811.52    -553.2491 -609.0438 0.7120368
1811.53    -553.1083 -609.0372 0.7121063
1811.54    -552.9677 -609.0308 0.712176
1811.55    -552.827 -609.0245 0.7122455
1811.56    -552.6862 -609.0181 0.7123152
1811.57    -552.5455 -609.0118 0.7123848
1811.58    -552.4048 -609.0056 0.7124546
1811.59    -552.2642 -608.9995 0.7125242
1811.6    -552.1236 -608.9932 0.712594
1811.61    -551.983 -608.9871 0.7126638
1811.62    -551.8423 -608.9811 0.7127336
1811.63    -551.7018 -608.9751 0.7128034
1811.64    -551.5612 -608.9691 0.7128733
1811.65    -551.4207 -608.9631 0.7129431
1811.66    -551.2801 -608.9573 0.7130131
1811.67    -551.1396 -608.9515 0.713083
1811.68    -550.9991 -608.9457 0.713153
1811.69    -550.8586 -608.9399 0.713223
1811.7    -550.7181 -608.9342 0.7132931
1811.71    -550.5776 -608.9286 0.7133632
1811.72    -550.4372 -608.923 0.7134333
1811.73    -550.2968 -608.9175 0.7135034
1811.74    -550.1563 -608.912 0.7135735
1811.75    -550.0159 -608.9065 0.7136437
1811.76    -549.8755 -608.9011 0.7137139
1811.77    -549.7352 -608.8958 0.7137842
1811.78    -549.5948 -608.8904 0.7138545
1811.79    -549.4544 -608.8852 0.7139248
1811.8    -549.3141 -608.88 0.7139951
1811.81    -549.1738 -608.8748 0.7140656
1811.82    -549.0334 -608.8696 0.7141359
1811.83    -548.8931 -608.8646 0.7142063
1811.84    -548.7529 -608.8596 0.7142767
1811.85    -548.6126 -608.8546 0.7143472
1811.86    -548.4724 -608.8496 0.7144176
1811.87    -548.3321 -608.8447 0.7144881
1811.88    -548.1918 -608.8399 0.7145585
1811.89    -548.0516 -608.8351 0.714629
1811.9    -547.9114 -608.8303 0.7146994
1811.91    -547.7712 -608.8256 0.7147699
1811.92    -547.631 -608.821 0.7148404
1811.93    -547.4908 -608.8164 0.7149108
1811.94    -547.3507 -608.8118 0.7149813
1811.95    -547.2106 -608.8073 0.7150512
1811.96    -547.0704 -608.8028 0.7151208
1811.97    -546.9304 -608.7983 0.7151904
1811.98    -546.7903 -608.7939 0.7152599
1811.99    -546.6502 -608.7896 0.7153293
1812    -546.5102 -608.7853 0.7153979
1812.01    -546.3702 -608.781 0.7154657
1812.02    -546.2302 -608.7767 0.7155327
1812.03    -546.0901 -608.7726 0.7155989
1812.04    -545.9502 -608.7684 0.7156631
1812.05    -545.8102 -608.7643 0.7157254
1812.06    -545.6703 -608.7603 0.7157859
1812.07    -545.5303 -608.7562 0.7158447
1812.08    -545.3904 -608.7522 0.7159019
1812.09    -545.2505 -608.7483 0.7159559
1812.1    -545.1106 -608.7444 0.7160067
1812.11    -544.9707 -608.7405 0.7160547
1812.12    -544.8308 -608.7368 0.7161
1812.13    -544.6909 -608.733 0.7161428
1812.14    -544.5511 -608.7292 0.7161807
1812.15    -544.4113 -608.7256 0.7162144
1812.16    -544.2714 -608.7219 0.7162438
1812.17    -544.1316 -608.7183 0.7162694
1812.18    -543.9918 -608.7147 0.7162914
1812.19    -543.8521 -608.7112 0.7163074
1812.2    -543.7123 -608.7078 0.7163178
1812.21    -543.5725 -608.7043 0.716323
1812.22    -543.4328 -608.7009 0.7163234
1812.23    -543.2931 -608.6974 0.7163187
1812.24    -543.1534 -608.6942 0.7163072
1812.25    -543.0137 -608.6908 0.7162894
1812.26    -542.8741 -608.6876 0.7162657
1812.27    -542.7344 -608.6843 0.7162364
1812.28    -542.5948 -608.6811 0.7162019
1812.29    -542.4552 -608.6779 0.7161603
1812.3    -542.3156 -608.6748 0.716112
1812.31    -542.176 -608.6717 0.7160576
1812.32    -542.0364 -608.6686 0.7159973
1812.33    -541.8969 -608.6656 0.7159316
1812.34    -541.7573 -608.6626 0.7158586
1812.35    -541.6178 -608.6596 0.7157789
1812.36    -541.4783 -608.6567 0.715693
1812.37    -541.3387 -608.6538 0.7156012
1812.38    -541.1992 -608.651 0.7155039
1812.39    -541.0598 -608.6481 0.7154003
1812.4    -540.9203 -608.6453 0.715291
1812.41    -540.7808 -608.6426 0.715176
1812.42    -540.6414 -608.6398 0.7150559
1812.43    -540.502 -608.6371 0.7149311
1812.44    -540.3626 -608.6345 0.7148017
1812.45    -540.2232 -608.6318 0.7146679
1812.46    -540.0839 -608.6292 0.7145301
1812.47    -539.9445 -608.6266 0.7143884
1812.48    -539.8052 -608.624 0.7142433
1812.49    -539.6658 -608.6215 0.7140948
1812.5    -539.5266 -608.6189 0.7139433
1812.51    -539.3873 -608.6164 0.7137887
1812.52    -539.248 -608.614 0.7136315
1812.53    -539.1087 -608.6115 0.7134717
1812.54    -538.9695 -608.609 0.7133095
1812.55    -538.8303 -608.6066 0.713145
1812.56    -538.691 -608.6042 0.7129784
1812.57    -538.5518 -608.6018 0.7128099
1812.58    -538.4126 -608.5994 0.7126395
1812.59    -538.2734 -608.597 0.7124674
1812.6    -538.1343 -608.5947 0.7122936
1812.61    -537.9951 -608.5924 0.7121182
1812.62    -537.856 -608.5901 0.7119414
1812.63    -537.7169 -608.5878 0.7117633
1812.64    -537.5778 -608.5854 0.7115839
1812.65    -537.4388 -608.5832 0.7114033
1812.66    -537.2997 -608.5809 0.7112215
1812.67    -537.1607 -608.5787 0.7110386
1812.68    -537.0217 -608.5764 0.7108549
1812.69    -536.8827 -608.5742 0.7106701
1812.7    -536.7437 -608.572 0.7104844
1812.71    -536.6047 -608.5698 0.7102979
1812.72    -536.4658 -608.5676 0.7101105
1812.73    -536.3268 -608.5654 0.7099225
1812.74    -536.1878 -608.5632 0.7097337
1812.75    -536.0489 -608.561 0.7095442
1812.76    -535.91 -608.5588 0.7093542
1812.77    -535.7711 -608.5566 0.7091634
1812.78    -535.6321 -608.5545 0.7089721
1812.79    -535.4933 -608.5524 0.7087803
1812.8    -535.3544 -608.5502 0.7085879
1812.81    -535.2156 -608.548 0.7083951
1812.82    -535.0768 -608.5459 0.7082018
1812.83    -534.938 -608.5438 0.7080081
1812.84    -534.7992 -608.5416 0.7078139
1812.85    -534.6605 -608.5395 0.7076192
1812.86    -534.5217 -608.5374 0.7074242
1812.87    -534.383 -608.5352 0.7072288
1812.88    -534.2443 -608.533 0.7070331
1812.89    -534.1056 -608.5309 0.7068371
1812.9    -533.9669 -608.5287 0.7066407
1812.91    -533.8282 -608.5267 0.706444
1812.92    -533.6896 -608.5246 0.706247
1812.93    -533.5509 -608.5225 0.7060497
1812.94    -533.4123 -608.5204 0.705852
1812.95    -533.2737 -608.5183 0.7056541
1812.96    -533.1351 -608.5162 0.705456
1812.97    -532.9965 -608.514 0.7052576
1812.98    -532.8579 -608.5118 0.7050589
1812.99    -532.7194 -608.5097 0.7048601
1813    -532.5808 -608.5076 0.704661
1813.01    -532.4423 -608.5054 0.7044616
1813.02    -532.3038 -608.5033 0.704262
1813.03    -532.1653 -608.5011 0.7040622
1813.04    -532.0269 -608.499 0.7038621
1813.05    -531.8885 -608.4968 0.703662
1813.06    -531.7501 -608.4947 0.7034615
1813.07    -531.6116 -608.4926 0.7032608
1813.08    -531.4732 -608.4904 0.7030601
1813.09    -531.3348 -608.4882 0.702859
1813.1    -531.1965 -608.4861 0.7026578
1813.11    -531.0581 -608.4839 0.7024564
1813.12    -530.9197 -608.4818 0.7022548
1813.13    -530.7814 -608.4797 0.702053
1813.14    -530.6431 -608.4775 0.7018511
1813.15    -530.5048 -608.4754 0.701649
1813.16    -530.3665 -608.4733 0.7014467
1813.17    -530.2281 -608.4711 0.7012442
1813.18    -530.0899 -608.469 0.7010415
1813.19    -529.9517 -608.4669 0.7008387
1813.2    -529.8134 -608.4647 0.7006357
1813.21    -529.6752 -608.4625 0.7004326
1813.22    -529.537 -608.4604 0.7002293
1813.23    -529.3989 -608.4583 0.7000258
1813.24    -529.2607 -608.4562 0.6998221
1813.25    -529.1226 -608.4541 0.6996183
1813.26    -528.9845 -608.452 0.6994143
1813.27    -528.8464 -608.45 0.6992102
1813.28    -528.7083 -608.4479 0.6990058
1813.29    -528.5702 -608.4458 0.6988014
1813.3    -528.4321 -608.4437 0.6985967
1813.31    -528.2941 -608.4417 0.6983919
1813.32    -528.156 -608.4396 0.6981868
1813.33    -528.0179 -608.4375 0.6979817
1813.34    -527.8799 -608.4354 0.6977764
1813.35    -527.7419 -608.4334 0.6975711
1813.36    -527.6039 -608.4313 0.6973656
1813.37    -527.466 -608.4293 0.6971601
1813.38    -527.3281 -608.4272 0.6969544
1813.39    -527.1901 -608.4251 0.6967488
1813.4    -527.0522 -608.423 0.6965433
1813.41    -526.9144 -608.421 0.6963378
1813.42    -526.7765 -608.4189 0.6961324
1813.43    -526.6386 -608.4169 0.695927
1813.44    -526.5007 -608.4149 0.6957216
1813.45    -526.3629 -608.4129 0.6955173
1813.46    -526.2251 -608.4109 0.6953139
1813.47    -526.0873 -608.4089 0.6951115
1813.48    -525.9495 -608.4069 0.6949098
1813.49    -525.8116 -608.4049 0.6947088
1813.5    -525.6739 -608.4029 0.694504
1813.51    -525.5364 -608.4009 0.694304
1813.52    -525.3994 -608.399 0.6941053
1813.53    -525.2626 -608.397 0.6939078
1813.54    -525.1261 -608.3951 0.6937112
1813.55    -524.99 -608.3931 0.6935155
1813.56    -524.8542 -608.3912 0.6933206
1813.57    -524.7187 -608.3893 0.6931264
1813.58    -524.5835 -608.3875 0.6929329
1813.59    -524.4487 -608.3856 0.6927399
1813.6    -524.3141 -608.3837 0.6925474
1813.61    -524.1799 -608.3818 0.6923555
1813.62    -524.046 -608.38 0.6921639
1813.63    -523.9124 -608.3782 0.6919727
1813.64    -523.7792 -608.3764 0.691782
1813.65    -523.6462 -608.3746 0.6915914
1813.66    -523.5136 -608.3728 0.6914013
1813.67    -523.3813 -608.371 0.6912115
1813.68    -523.2493 -608.3693 0.6910218
1813.69    -523.1177 -608.3676 0.6908327
1813.7    -522.9863 -608.3658 0.6906439
1813.71    -522.8553 -608.3641 0.6904556
1813.72    -522.7246 -608.3624 0.6902676
1813.73    -522.5942 -608.3607 0.6900799
1813.74    -522.4642 -608.359 0.6898931
1813.75    -522.3344 -608.3574 0.6897072
1813.76    -522.205 -608.3557 0.6895222
1813.77    -522.0759 -608.3541 0.6893408
1813.78    -521.9471 -608.3525 0.6891596
1813.79    -521.8187 -608.3509 0.6889793
1813.8    -521.6906 -608.3493 0.6888003
1813.81    -521.5628 -608.3478 0.6886221
1813.82    -521.4353 -608.3462 0.6884452
1813.83    -521.3081 -608.3447 0.6882691
1813.84    -521.1813 -608.3431 0.6880949
1813.85    -521.0547 -608.3417 0.6879225
1813.86    -520.9285 -608.3401 0.6877517
1813.87    -520.8026 -608.3387 0.6875823
1813.88    -520.677 -608.3372 0.6874144
1813.89    -520.5518 -608.3358 0.6872485
1813.9    -520.4268 -608.3344 0.6870845
1813.91    -520.3022 -608.3329 0.6869223
1813.92    -520.1779 -608.3315 0.6867617
1813.93    -520.0538 -608.3302 0.6866027
1813.94    -519.9302 -608.3288 0.6864462
1813.95    -519.8068 -608.3274 0.6862919
1813.96    -519.6838 -608.326 0.6861399
1813.97    -519.5611 -608.3247 0.68599
1813.98    -519.4387 -608.3234 0.685842
1813.99    -519.3167 -608.3221 0.6856971
1814    -519.1949 -608.3207 0.6855552
1814.01    -519.0735 -608.3194 0.6854162
1814.02    -518.9524 -608.3181 0.6852798
1814.03    -518.8316 -608.3168 0.6851459
1814.04    -518.7112 -608.3156 0.6850151
1814.05    -518.5911 -608.3143 0.6848872
1814.06    -518.4713 -608.313 0.6847621
1814.07    -518.3517 -608.3118 0.6846394
1814.08    -518.2325 -608.3106 0.6845192
1814.09    -518.1137 -608.3094 0.6844012
1814.1    -517.9952 -608.3082 0.6842855
1814.11    -517.877 -608.3069 0.6841717
1814.12    -517.759 -608.3057 0.6840598
1814.13    -517.6414 -608.3046 0.6839497
1814.14    -517.5242 -608.3034 0.6838413
1814.15    -517.4072 -608.3022 0.6837345
1814.16    -517.2906 -608.3011 0.683629
1814.17    -517.1743 -608.2999 0.683525
1814.18    -517.0582 -608.2988 0.6834223
1814.19    -516.9426 -608.2977 0.6833208
1814.2    -516.8272 -608.2966 0.6832204
1814.21    -516.7122 -608.2955 0.6831211
1814.22    -516.5975 -608.2944 0.6830227
1814.23    -516.4831 -608.2933 0.6829253
1814.24    -516.369 -608.2922 0.6828288
1814.25    -516.2552 -608.2911 0.6827331
1814.26    -516.1418 -608.29 0.6826382
1814.27    -516.0287 -608.2889 0.682544
1814.28    -515.916 -608.2879 0.6824505
1814.29    -515.8035 -608.2869 0.6823577
1814.3    -515.6914 -608.2858 0.6822654
1814.31    -515.5796 -608.2848 0.6821738
1814.32    -515.4681 -608.2838 0.6820827
1814.33    -515.3569 -608.2827 0.6819921
1814.34    -515.246 -608.2817 0.6819021
1814.35    -515.1355 -608.2806 0.6818125
1814.36    -515.0253 -608.2797 0.6817235
1814.37    -514.9153 -608.2787 0.681635
1814.38    -514.8057 -608.2777 0.6815469
1814.39    -514.6965 -608.2767 0.6814597
1814.4    -514.5875 -608.2758 0.6813733
1814.41    -514.4789 -608.2748 0.6812878
1814.42    -514.3705 -608.2738 0.6812031
1814.43    -514.2625 -608.2728 0.681119
1814.44    -514.1548 -608.2719 0.6810357
1814.45    -514.0475 -608.2709 0.6809545
1814.46    -513.9404 -608.2699 0.6808755
1814.47    -513.8337 -608.2689 0.6807985
1814.48    -513.7274 -608.2679 0.6807233
1814.49    -513.6213 -608.267 0.6806517
1814.5    -513.5155 -608.266 0.6805835
1814.51    -513.4101 -608.2651 0.6805183
1814.52    -513.305 -608.2642 0.6804563
1814.53    -513.2002 -608.2632 0.6803969
1814.54    -513.0957 -608.2623 0.6803416
1814.55    -512.9916 -608.2614 0.6802902
1814.56    -512.8878 -608.2605 0.6802424
1814.57    -512.7842 -608.2596 0.680198
1814.58    -512.681 -608.2587 0.6801566
1814.59    -512.5782 -608.2578 0.6801192
1814.6    -512.4756 -608.2568 0.6800852
1814.61    -512.3734 -608.2559 0.6800546
1814.62    -512.2715 -608.2549 0.6800271
1814.63    -512.1699 -608.254 0.6800025
1814.64    -512.0686 -608.2531 0.6799811
1814.65    -511.9676 -608.2522 0.6799625
1814.66    -511.867 -608.2513 0.6799465
1814.67    -511.7666 -608.2504 0.6799332
1814.68    -511.6666 -608.2495 0.6799222
1814.69    -511.567 -608.2485 0.6799136
1814.7    -511.4676 -608.2476 0.6799073
1814.71    -511.3685 -608.2466 0.6799029
1814.72    -511.2698 -608.2457 0.6799005
1814.73    -511.1714 -608.2448 0.6798999
1814.74    -511.0733 -608.2439 0.679901
1814.75    -510.9755 -608.243 0.6799037
1814.76    -510.8781 -608.2421 0.679908
1814.77    -510.7809 -608.2411 0.6799137
1814.78    -510.6841 -608.2402 0.6799207
1814.79    -510.5876 -608.2393 0.6799289
1814.8    -510.4915 -608.2383 0.6799384
1814.81    -510.3959 -608.2374 0.679949
1814.82    -510.3004 -608.2365 0.6799605
1814.83    -510.2049 -608.2356 0.6799732
1814.84    -510.1094 -608.2347 0.6799867
1814.85    -510.0139 -608.2338 0.6800012
1814.86    -509.9185 -608.2328 0.6800166
1814.87    -509.823 -608.2319 0.6800329
1814.88    -509.7275 -608.2309 0.6800501
1814.89    -509.6321 -608.2299 0.6800684
1814.9    -509.5367 -608.2289 0.6800879
1814.91    -509.4413 -608.2279 0.6801085
1814.92    -509.3459 -608.2269 0.6801302
1814.93    -509.2505 -608.226 0.6801527
1814.94    -509.1552 -608.225 0.6801762
1814.95    -509.0598 -608.224 0.6802015
1814.96    -508.9645 -608.223 0.6802283
1814.97    -508.8692 -608.222 0.6802566
1814.98    -508.7738 -608.221 0.6802864
1814.99    -508.6786 -608.22 0.6803181
1815    -508.5833 -608.2191 0.6803514
1815.01    -508.488 -608.218 0.6803864
1815.02    -508.3927 -608.217 0.6804229
1815.03    -508.2975 -608.2159 0.6804608
1815.04    -508.2022 -608.2149 0.6805001
1815.05    -508.107 -608.2138 0.6805412
1815.06    -508.0118 -608.2128 0.6805838
1815.07    -507.9166 -608.2117 0.6806278
1815.08    -507.8214 -608.2107 0.6806733
1815.09    -507.7263 -608.2097 0.6807202
1815.1    -507.6311 -608.2086 0.6807684
1815.11    -507.5359 -608.2076 0.6808179
1815.12    -507.4406 -608.2065 0.6808686
1815.13    -507.3453 -608.2054 0.6809204
1815.14    -507.2501 -608.2043 0.6809733
1815.15    -507.1548 -608.2032 0.6810272
1815.16    -507.0594 -608.2021 0.681082
1815.17    -506.9641 -608.201 0.6811376
1815.18    -506.8687 -608.2 0.6811941
1815.19    -506.7732 -608.1989 0.6812514
1815.2    -506.6778 -608.1977 0.6813095
1815.21    -506.5823 -608.1966 0.6813681
1815.22    -506.4868 -608.1955 0.6814274
1815.23    -506.3912 -608.1944 0.6814873
1815.24    -506.2956 -608.1933 0.6815478
1815.25    -506.2 -608.1922 0.6816089
1815.26    -506.1044 -608.191 0.6816704
1815.27    -506.0087 -608.1899 0.6817324
1815.28    -505.913 -608.1887 0.6817948
1815.29    -505.8172 -608.1875 0.6818577
1815.3    -505.7215 -608.1863 0.681921
1815.31    -505.6257 -608.1852 0.6819846
1815.32    -505.5298 -608.184 0.6820486
1815.33    -505.4339 -608.1829 0.682113
1815.34    -505.338 -608.1817 0.6821777
1815.35    -505.2421 -608.1805 0.6822428
1815.36    -505.1461 -608.1793 0.6823083
1815.37    -505.0501 -608.178 0.6823742
1815.38    -504.9541 -608.1768 0.6824404
1815.39    -504.858 -608.1756 0.6825072
1815.4    -504.7619 -608.1744 0.6825745
1815.41    -504.6657 -608.1731 0.6826423
1815.42    -504.5695 -608.1719 0.6827105
1815.43    -504.4732 -608.1706 0.6827793
1815.44    -504.377 -608.1693 0.6828485
1815.45    -504.2806 -608.168 0.6829184
1815.46    -504.1842 -608.1667 0.6829888
1815.47    -504.0878 -608.1654 0.6830598
1815.48    -503.9912 -608.1641 0.6831312
1815.49    -503.8947 -608.1628 0.6832031
1815.5    -503.798 -608.1615 0.6832755
1815.51    -503.7013 -608.1601 0.6833482
1815.52    -503.6046 -608.1588 0.6834214
1815.53    -503.5077 -608.1574 0.6834949
1815.54    -503.4108 -608.1561 0.6835688
1815.55    -503.3138 -608.1547 0.683643
1815.56    -503.2168 -608.1533 0.6837177
1815.57    -503.1197 -608.1519 0.6837926
1815.58    -503.0225 -608.1505 0.6838679
1815.59    -502.9253 -608.149 0.6839435
1815.6    -502.828 -608.1476 0.6840196
1815.61    -502.7306 -608.1461 0.684096
1815.62    -502.6332 -608.1447 0.6841729
1815.63    -502.5356 -608.1431 0.68425
1815.64    -502.4381 -608.1417 0.684328
1815.65    -502.3404 -608.1402 0.6844067
1815.66    -502.2427 -608.1387 0.6844862
1815.67    -502.1449 -608.1371 0.6845663
1815.68    -502.047 -608.1356 0.684647
1815.69    -501.9491 -608.1341 0.6847292
1815.7    -501.8511 -608.1325 0.6848125
1815.71    -501.753 -608.131 0.6848971
1815.72    -501.6549 -608.1294 0.6849828
1815.73    -501.5566 -608.1278 0.6850696
1815.74    -501.4584 -608.1262 0.6851579
1815.75    -501.36 -608.1246 0.6852477
1815.76    -501.2616 -608.123 0.6853389
1815.77    -501.1631 -608.1213 0.6854314
1815.78    -501.0646 -608.1196 0.6855252
1815.79    -500.9659 -608.118 0.6856201
1815.8    -500.8672 -608.1163 0.6857164
1815.81    -500.7685 -608.1146 0.685814
1815.82    -500.6696 -608.1129 0.6859127
1815.83    -500.5707 -608.1112 0.6860125
1815.84    -500.4718 -608.1094 0.6861134
1815.85    -500.3728 -608.1077 0.6862153
1815.86    -500.2737 -608.106 0.686318
1815.87    -500.1745 -608.1042 0.6864216
1815.88    -500.0753 -608.1024 0.6865261
1815.89    -499.9759 -608.1006 0.6866313
1815.9    -499.8766 -608.0989 0.6867371
1815.91    -499.7771 -608.097 0.6868438
1815.92    -499.6776 -608.0952 0.6869509
1815.93    -499.578 -608.0934 0.6870586
1815.94    -499.4784 -608.0915 0.687167
1815.95    -499.3787 -608.0897 0.6872758
1815.96    -499.2789 -608.0878 0.6873852
1815.97    -499.179 -608.0858 0.6874949
1815.98    -499.0791 -608.0839 0.6876051
1815.99    -498.9791 -608.082 0.6877157
1816    -498.8791 -608.0801 0.6878267
1816.01    -498.7789 -608.0781 0.687938
1816.02    -498.6787 -608.0762 0.6880497
1816.03    -498.5785 -608.0742 0.6881617
1816.04    -498.4781 -608.0722 0.6882739
1816.05    -498.3777 -608.0703 0.6883864
1816.06    -498.2773 -608.0683 0.6884993
1816.07    -498.1768 -608.0663 0.6886122
1816.08    -498.0761 -608.0642 0.6887255
1816.09    -497.9755 -608.0622 0.6888388
1816.1    -497.8748 -608.0602 0.6889526
1816.11    -497.774 -608.0582 0.6890664
1816.12    -497.6731 -608.0561 0.6891803
1816.13    -497.5721 -608.054 0.6892945
1816.14    -497.4712 -608.0519 0.6894088
1816.15    -497.3701 -608.0499 0.6895232
1816.16    -497.269 -608.0478 0.6896376
1816.17    -497.1678 -608.0457 0.6897521
1816.18    -497.0665 -608.0436 0.6898667
1816.19    -496.9652 -608.0414 0.6899809
1816.2    -496.8638 -608.0393 0.6900945
1816.21    -496.7623 -608.0372 0.6902077
1816.22    -496.6608 -608.035 0.6903205
1816.23    -496.5592 -608.0328 0.690433
1816.24    -496.4576 -608.0306 0.6905438
1816.25    -496.3558 -608.0284 0.690653
1816.26    -496.254 -608.0262 0.6907606
1816.27    -496.1522 -608.024 0.690867
1816.28    -496.0502 -608.0218 0.690972
1816.29    -495.9482 -608.0195 0.6910744
1816.3    -495.8462 -608.0173 0.6911743
1816.31    -495.7441 -608.015 0.691272
1816.32    -495.6419 -608.0127 0.6913674
1816.33    -495.5396 -608.0104 0.691461
1816.34    -495.4373 -608.0081 0.6915516
1816.35    -495.3349 -608.0058 0.6916395
1816.36    -495.2325 -608.0034 0.6917249
1816.37    -495.13 -608.0011 0.691808
1816.38    -495.0274 -607.9987 0.6918887
1816.39    -494.9247 -607.9963 0.6919668
1816.4    -494.8221 -607.9939 0.6920422
1816.41    -494.7193 -607.9915 0.6921151
1816.42    -494.6164 -607.9891 0.6921856
1816.43    -494.5135 -607.9867 0.6922541
1816.44    -494.4106 -607.9842 0.6923197
1816.45    -494.3075 -607.9818 0.6923826
1816.46    -494.2044 -607.9793 0.6924431
1816.47    -494.1013 -607.9769 0.6925012
1816.48    -493.998 -607.9743 0.6925573
1816.49    -493.8947 -607.9718 0.6926111
1816.5    -493.7914 -607.9693 0.6926622
1816.51    -493.688 -607.9667 0.6927107
1816.52    -493.5845 -607.9642 0.6927567
1816.53    -493.4809 -607.9617 0.6928005
1816.54    -493.3773 -607.9591 0.6928416
1816.55    -493.2736 -607.9565 0.6928802
1816.56    -493.1699 -607.9539 0.6929165
1816.57    -493.066 -607.9513 0.6929507
1816.58    -492.9622 -607.9486 0.6929827
1816.59    -492.8582 -607.946 0.6930129
1816.6    -492.7542 -607.9434 0.6930411
1816.61    -492.6501 -607.9407 0.6930676
1816.62    -492.546 -607.938 0.6930923
1816.63    -492.4417 -607.9353 0.6931155
1816.64    -492.3375 -607.9326 0.6931372
1816.65    -492.2332 -607.9299 0.6931574
1816.66    -492.1288 -607.9271 0.6931764
1816.67    -492.0243 -607.9244 0.6931942
1816.68    -491.9198 -607.9216 0.6932109
1816.69    -491.8152 -607.9188 0.6932268
1816.7    -491.7106 -607.9161 0.6932418
1816.71    -491.6059 -607.9133 0.6932561
1816.72    -491.5011 -607.9105 0.6932698
1816.73    -491.3963 -607.9077 0.6932829
1816.74    -491.2914 -607.9048 0.6932971
1816.75    -491.1865 -607.902 0.6933124
1816.76    -491.0815 -607.8992 0.6933287
1816.77    -490.9764 -607.8963 0.6933459
1816.78    -490.8712 -607.8934 0.693364
1816.79    -490.7661 -607.8906 0.6933829
1816.8    -490.6608 -607.8877 0.6934059
1816.81    -490.5555 -607.8848 0.6934326
1816.82    -490.4502 -607.8818 0.6934627
1816.83    -490.3447 -607.8789 0.693496
1816.84    -490.2393 -607.876 0.6935339
1816.85    -490.1337 -607.873 0.6935759
1816.86    -490.0281 -607.8701 0.6936218
1816.87    -489.9225 -607.8671 0.6936712
1816.88    -489.8168 -607.8641 0.6937242
1816.89    -489.711 -607.8611 0.6937804
1816.9    -489.6052 -607.858 0.6938399
1816.91    -489.4994 -607.855 0.6939024
1816.92    -489.3934 -607.852 0.6939677
1816.93    -489.2874 -607.8489 0.6940356
1816.94    -489.1814 -607.8459 0.6941058
1816.95    -489.0753 -607.8428 0.694178
1816.96    -488.9692 -607.8397 0.6942521
1816.97    -488.863 -607.8366 0.6943282
1816.98    -488.7567 -607.8335 0.6944059
1816.99    -488.6504 -607.8304 0.6944852
1817    -488.5441 -607.8272 0.6945651
1817.01    -488.4377 -607.8241 0.6946455
1817.02    -488.3312 -607.821 0.6947262
1817.03    -488.2246 -607.8178 0.6948075
1817.04    -488.1181 -607.8146 0.6948871
1817.05    -488.0114 -607.8114 0.6949652
1817.06    -487.9048 -607.8082 0.6950421
1817.07    -487.798 -607.8051 0.6951177
1817.08    -487.6912 -607.8018 0.695192
1817.09    -487.5844 -607.7985 0.6952629
1817.1    -487.4774 -607.7953 0.6953307
1817.11    -487.3705 -607.7921 0.6953956
1817.12    -487.2635 -607.7888 0.6954577
1817.13    -487.1564 -607.7855 0.6955172
1817.14    -487.0492 -607.7822 0.6955742
1817.15    -486.942 -607.7789 0.6956267
1817.16    -486.8348 -607.7756 0.6956751
1817.17    -486.7275 -607.7723 0.6957196
1817.18    -486.6201 -607.769 0.6957604
1817.19    -486.5128 -607.7656 0.6957968
1817.2    -486.4053 -607.7622 0.6958293
1817.21    -486.2978 -607.7589 0.6958581
1817.22    -486.1902 -607.7555 0.6958832
1817.23    -486.0826 -607.7521 0.695905
1817.24    -485.9749 -607.7487 0.6959237
1817.25    -485.8672 -607.7453 0.6959394
1817.26    -485.7594 -607.7419 0.6959522
1817.27    -485.6516 -607.7385 0.6959624
1817.28    -485.5437 -607.735 0.6959702
1817.29    -485.4357 -607.7316 0.6959757
1817.3    -485.3277 -607.7282 0.6959791
1817.31    -485.2197 -607.7247 0.6959805
1817.32    -485.1115 -607.7213 0.6959802
1817.33    -485.0034 -607.7179 0.6959781
1817.34    -484.8951 -607.7145 0.6959751
1817.35    -484.7869 -607.7111 0.6959711
1817.36    -484.6785 -607.7076 0.6959662
1817.37    -484.5701 -607.7042 0.6959606
1817.38    -484.4617 -607.7008 0.6959543
1817.39    -484.3532 -607.6974 0.6959484
1817.4    -484.2446 -607.6939 0.6959431
1817.41    -484.136 -607.6904 0.6959382
1817.42    -484.0273 -607.687 0.6959338
1817.43    -483.9186 -607.6835 0.6959298
1817.44    -483.8098 -607.68 0.6959276
1817.45    -483.701 -607.6765 0.695927
1817.46    -483.5921 -607.673 0.695928
1817.47    -483.4832 -607.6696 0.6959304
1817.48    -483.3742 -607.6661 0.6959341
1817.49    -483.2651 -607.6627 0.6959402
1817.5    -483.156 -607.6592 0.6959484
1817.51    -483.0469 -607.6557 0.6959586
1817.52    -482.9377 -607.6522 0.6959707
1817.53    -482.8284 -607.6487 0.6959846
1817.54    -482.719 -607.6453 0.6960002
1817.55    -482.6096 -607.6418 0.6960174
1817.56    -482.5002 -607.6384 0.6960363
1817.57    -482.3907 -607.6349 0.6960569
1817.58    -482.2811 -607.6315 0.6960789
1817.59    -482.1715 -607.6281 0.6961023
1817.6    -482.0619 -607.6246 0.6961269
1817.61    -481.9521 -607.6213 0.6961528
1817.62    -481.8424 -607.6179 0.6961798
1817.63    -481.7325 -607.6144 0.6962079
1817.64    -481.6227 -607.611 0.6962369
1817.65    -481.5128 -607.6076 0.6962671
1817.66    -481.4029 -607.6042 0.6962979
1817.67    -481.2928 -607.6008 0.6963297
1817.68    -481.1828 -607.5974 0.6963623
1817.69    -481.0727 -607.594 0.6963956
1817.7    -480.9625 -607.5906 0.6964297
1817.71    -480.8523 -607.5872 0.6964643
1817.72    -480.742 -607.5838 0.6964996
1817.73    -480.6316 -607.5804 0.6965355
1817.74    -480.5212 -607.577 0.6965719
1817.75    -480.4108 -607.5737 0.6966089
1817.76    -480.3003 -607.5704 0.6966464
1817.77    -480.1897 -607.567 0.6966842
1817.78    -480.0791 -607.5637 0.6967226
1817.79    -479.9684 -607.5603 0.6967613
1817.8    -479.8577 -607.557 0.6968004
1817.81    -479.7469 -607.5537 0.6968399
1817.82    -479.6361 -607.5504 0.6968797
1817.83    -479.5252 -607.5472 0.6969198
1817.84    -479.4143 -607.5439 0.6969603
1817.85    -479.3034 -607.5406 0.6970011
1817.86    -479.1924 -607.5374 0.6970422
1817.87    -479.0813 -607.5342 0.6970835
1817.88    -478.9701 -607.5309 0.6971251
1817.89    -478.8589 -607.5278 0.6971671
1817.9    -478.7477 -607.5246 0.6972094
1817.91    -478.6364 -607.5215 0.6972521
1817.92    -478.525 -607.5183 0.6972952
1817.93    -478.4136 -607.5151 0.6973386
1817.94    -478.3021 -607.5121 0.6973824
1817.95    -478.1906 -607.509 0.6974268
1817.96    -478.079 -607.5059 0.6974718
1817.97    -477.9674 -607.5029 0.6975174
1817.98    -477.8557 -607.4999 0.6975635
1817.99    -477.744 -607.4968 0.6976101
1818    -477.6322 -607.4938 0.6976578
1818.01    -477.5204 -607.4908 0.6977064
1818.02    -477.4085 -607.4879 0.6977561
1818.03    -477.2966 -607.4849 0.6978066
1818.04    -477.1846 -607.4821 0.6978586
1818.05    -477.0726 -607.4792 0.6979117
1818.06    -476.9605 -607.4763 0.6979663
1818.07    -476.8484 -607.4734 0.6980219
1818.08    -476.7361 -607.4706 0.6980788
1818.09    -476.6239 -607.4678 0.698137
1818.1    -476.5116 -607.465 0.6981967
1818.11    -476.3993 -607.4622 0.6982576
1818.12    -476.2869 -607.4595 0.6983198
1818.13    -476.1744 -607.4567 0.698383
1818.14    -476.0619 -607.454 0.6984474
1818.15    -475.9493 -607.4514 0.6985127
1818.16    -475.8367 -607.4487 0.6985791
1818.17    -475.7241 -607.446 0.6986462
1818.18    -475.6114 -607.4435 0.6987143
1818.19    -475.4987 -607.4409 0.6987831
1818.2    -475.3859 -607.4383 0.6988525
1818.21    -475.273 -607.4358 0.6989227
1818.22    -475.1601 -607.4333 0.6989934
1818.23    -475.0472 -607.4308 0.6990648
1818.24    -474.9342 -607.4283 0.6991366
1818.25    -474.8212 -607.4258 0.6992089
1818.26    -474.7081 -607.4235 0.6992816
1818.27    -474.595 -607.4211 0.6993546
1818.28    -474.4818 -607.4187 0.6994281
1818.29    -474.3686 -607.4164 0.6995016
1818.3    -474.2553 -607.4141 0.6995753
1818.31    -474.142 -607.4118 0.699649
1818.32    -474.0286 -607.4095 0.6997228
1818.33    -473.9152 -607.4073 0.6997967
1818.34    -473.8018 -607.4051 0.6998694
1818.35    -473.6883 -607.403 0.6999411
1818.36    -473.5748 -607.4008 0.7000119
1818.37    -473.4612 -607.3987 0.7000817
1818.38    -473.3476 -607.3966 0.7001507
1818.39    -473.234 -607.3945 0.700217
1818.4    -473.1203 -607.3925 0.7002808
1818.41    -473.0066 -607.3904 0.7003423
1818.42    -472.8929 -607.3884 0.7004015
1818.43    -472.7791 -607.3865 0.7004587
1818.44    -472.6652 -607.3845 0.7005114
1818.45    -472.5514 -607.3826 0.7005599
1818.46    -472.4375 -607.3808 0.7006044
1818.47    -472.3235 -607.3789 0.7006453
1818.48    -472.2096 -607.3771 0.7006826
1818.49    -472.0956 -607.3754 0.700714
1818.5    -471.9816 -607.3736 0.7007397
1818.51    -471.8675 -607.3719 0.7007599
1818.52    -471.7534 -607.3702 0.7007752
1818.53    -471.6393 -607.3685 0.7007858
1818.54    -471.5252 -607.3668 0.7007919
1818.55    -471.4111 -607.3652 0.7007912
1818.56    -471.2969 -607.3636 0.7007841
1818.57    -471.1827 -607.3621 0.7007711
1818.58    -471.0685 -607.3605 0.7007524
1818.59    -470.9542 -607.359 0.7007284
1818.6    -470.84 -607.3575 0.7006981
1818.61    -470.7257 -607.3561 0.7006618
1818.62    -470.6114 -607.3547 0.7006201
1818.63    -470.497 -607.3532 0.7005732
1818.64    -470.3827 -607.3519 0.7005209
1818.65    -470.2683 -607.3505 0.7004637
1818.66    -470.1539 -607.3492 0.7004017
1818.67    -470.0394 -607.3479 0.7003353
1818.68    -469.925 -607.3466 0.7002647
1818.69    -469.8105 -607.3454 0.7001902
1818.7    -469.696 -607.3442 0.700112
1818.71    -469.5814 -607.343 0.7000303
1818.72    -469.4669 -607.3419 0.6999452
1818.73    -469.3523 -607.3408 0.6998572
1818.74    -469.2377 -607.3397 0.699766
1818.75    -469.123 -607.3386 0.6996723
1818.76    -469.0084 -607.3376 0.6995759
1818.77    -468.8937 -607.3365 0.6994771
1818.78    -468.779 -607.3356 0.699376
1818.79    -468.6643 -607.3347 0.6992728
1818.8    -468.5495 -607.3337 0.6991674
1818.81    -468.4348 -607.3328 0.6990601
1818.82    -468.3199 -607.3319 0.6989511
1818.83    -468.2051 -607.3311 0.6988404
1818.84    -468.0903 -607.3303 0.6987277
1818.85    -467.9755 -607.3295 0.6986133
1818.86    -467.8606 -607.3288 0.6984974
1818.87    -467.7457 -607.328 0.6983799
1818.88    -467.6308 -607.3273 0.6982609
1818.89    -467.5159 -607.3266 0.6981392
1818.9    -467.401 -607.326 0.698015
1818.91    -467.2861 -607.3253 0.6978884
1818.92    -467.1712 -607.3248 0.6977596
1818.93    -467.0562 -607.3242 0.6976286
1818.94    -466.9413 -607.3236 0.6974956
1818.95    -466.8263 -607.3231 0.6973585
1818.96    -466.7113 -607.3226 0.6972175
1818.97    -466.5963 -607.322 0.6970729
1818.98    -466.4814 -607.3216 0.6969247
1818.99    -466.3664 -607.3211 0.6967722
1819    -466.2514 -607.3207 0.6966156
1819.01    -466.1364 -607.3203 0.6964552
1819.02    -466.0213 -607.3198 0.6962911
1819.03    -465.9063 -607.3195 0.6961237
1819.04    -465.7913 -607.3191 0.6959522
1819.05    -465.6762 -607.3188 0.695777
1819.06    -465.5612 -607.3184 0.6955983
1819.07    -465.4461 -607.3181 0.6954163
1819.08    -465.331 -607.3179 0.6952311
1819.09    -465.2159 -607.3176 0.6950426
1819.1    -465.1008 -607.3173 0.694851
1819.11    -464.9857 -607.317 0.6946565
1819.12    -464.8706 -607.3168 0.6944592
1819.13    -464.7555 -607.3166 0.6942592
1819.14    -464.6404 -607.3164 0.6940567
1819.15    -464.5252 -607.3163 0.6938521
1819.16    -464.4101 -607.3161 0.6936451
1819.17    -464.2949 -607.3159 0.6934361
1819.18    -464.1797 -607.3158 0.6932252
1819.19    -464.0645 -607.3157 0.6930125
1819.2    -463.9494 -607.3156 0.6927981
1819.21    -463.8342 -607.3155 0.6925821
1819.22    -463.719 -607.3154 0.6923646
1819.23    -463.6037 -607.3154 0.6921456
1819.24    -463.4885 -607.3154 0.6919253
1819.25    -463.3733 -607.3153 0.6917038
1819.26    -463.2581 -607.3153 0.6914811
1819.27    -463.1428 -607.3153 0.6912572
1819.28    -463.0275 -607.3153 0.6910324
1819.29    -462.9123 -607.3153 0.6908064
1819.3    -462.797 -607.3154 0.6905797
1819.31    -462.6817 -607.3154 0.690352
1819.32    -462.5664 -607.3155 0.6901234
1819.33    -462.4511 -607.3156 0.6898941
1819.34    -462.3358 -607.3156 0.6896641
1819.35    -462.2206 -607.3158 0.6894333
1819.36    -462.1052 -607.3159 0.6892019
1819.37    -461.9899 -607.316 0.6889699
1819.38    -461.8745 -607.3162 0.6887372
1819.39    -461.7592 -607.3163 0.688504
1819.4    -461.6439 -607.3165 0.6882702
1819.41    -461.5285 -607.3167 0.688036
1819.42    -461.4131 -607.3169 0.6878014
1819.43    -461.2977 -607.3171 0.6875662
1819.44    -461.1823 -607.3173 0.6873307
1819.45    -461.0669 -607.3174 0.6870947
1819.46    -460.9515 -607.3177 0.6868583
1819.47    -460.8361 -607.3179 0.6866216
1819.48    -460.7207 -607.3182 0.6863845
1819.49    -460.6052 -607.3185 0.6861471
1819.5    -460.4898 -607.3187 0.6859094
1819.51    -460.3743 -607.319 0.6856714
1819.52    -460.2589 -607.3193 0.6854331
1819.53    -460.1434 -607.3196 0.6851946
1819.54    -460.0279 -607.3199 0.6849557
1819.55    -459.9124 -607.3203 0.6847166
1819.56    -459.7969 -607.3206 0.6844773
1819.57    -459.6814 -607.3209 0.6842378
1819.58    -459.5659 -607.3212 0.683998
1819.59    -459.4505 -607.3215 0.6837581
1819.6    -459.335 -607.3219 0.6835179
1819.61    -459.2195 -607.3223 0.6832775
1819.62    -459.104 -607.3227 0.6830369
1819.63    -458.9885 -607.3231 0.6827962
1819.64    -458.873 -607.3234 0.6825553
1819.65    -458.7576 -607.3238 0.6823142
1819.66    -458.6421 -607.3242 0.6820729
1819.67    -458.5267 -607.3246 0.6818316
1819.68    -458.4112 -607.3251 0.68159
1819.69    -458.2958 -607.3255 0.6813483
1819.7    -458.1804 -607.326 0.6811065
1819.71    -458.065 -607.3264 0.6808645
1819.72    -457.9496 -607.3268 0.6806225
1819.73    -457.8342 -607.3273 0.6803803
1819.74    -457.7188 -607.3277 0.6801379
1819.75    -457.6035 -607.3281 0.6798955
1819.76    -457.4882 -607.3286 0.6796529
1819.77    -457.3728 -607.329 0.6794104
1819.78    -457.2575 -607.3294 0.6791679
1819.79    -457.1422 -607.3298 0.6789253
1819.8    -457.0269 -607.3303 0.6786827
1819.81    -456.9117 -607.3307 0.6784403
1819.82    -456.7964 -607.3311 0.6781979
1819.83    -456.6812 -607.3315 0.6779557
1819.84    -456.566 -607.332 0.6777136
1819.85    -456.4507 -607.3324 0.6774716
1819.86    -456.3356 -607.3328 0.6772299
1819.87    -456.2204 -607.3333 0.6769887
1819.88    -456.1052 -607.3337 0.6767476
1819.89    -455.9901 -607.334 0.6765069
1819.9    -455.8749 -607.3345 0.6762663
1819.91    -455.7598 -607.3349 0.6760268
1819.92    -455.6447 -607.3353 0.6757882
1819.93    -455.5296 -607.3356 0.6755504
1819.94    -455.4145 -607.336 0.6753135
1819.95    -455.2994 -607.3363 0.6750771
1819.96    -455.1843 -607.3367 0.6748415
1819.97    -455.0693 -607.337 0.6746078
1819.98    -454.9543 -607.3374 0.6743757
1819.99    -454.8393 -607.3377 0.6741453
1820    -454.7242 -607.3381 0.6739164
1820.01    -454.6093 -607.3384 0.6736903
1820.02    -454.4943 -607.3388 0.6734666
1820.03    -454.3794 -607.3391 0.6732452
1820.04    -454.2644 -607.3394 0.6730261
1820.05    -454.1495 -607.3397 0.672809
1820.06    -454.0346 -607.34 0.6725954
1820.07    -453.9197 -607.3402 0.672385
1820.08    -453.8048 -607.3405 0.6721776
1820.09    -453.6899 -607.3408 0.671973
1820.1    -453.575 -607.3411 0.671771
1820.11    -453.4602 -607.3414 0.6715723
1820.12    -453.3454 -607.3416 0.6713763
1820.13    -453.2306 -607.3419 0.671183
1820.14    -453.1158 -607.342 0.6709924
1820.15    -453.0009 -607.3423 0.670804
1820.16    -452.8862 -607.3425 0.6706179
1820.17    -452.7714 -607.3428 0.6704342
1820.18    -452.6567 -607.343 0.6702525
1820.19    -452.5419 -607.3431 0.6700726
1820.2    -452.4272 -607.3433 0.6698946
1820.21    -452.3126 -607.3435 0.6697183
1820.22    -452.1979 -607.3436 0.6695436
1820.23    -452.0832 -607.3438 0.6693704
1820.24    -451.9685 -607.344 0.6691985
1820.25    -451.8539 -607.3442 0.6690279
1820.26    -451.7392 -607.3442 0.6688585
1820.27    -451.6246 -607.3444 0.6686903
1820.28    -451.51 -607.3445 0.6685231
1820.29    -451.3954 -607.3446 0.6683569
1820.3    -451.2809 -607.3447 0.6681917
1820.31    -451.1663 -607.3447 0.6680273
1820.32    -451.0518 -607.3448 0.6678638
1820.33    -450.9372 -607.3448 0.6677011
1820.34    -450.8227 -607.3448 0.667539
1820.35    -450.7082 -607.3449 0.6673777
1820.36    -450.5937 -607.345 0.6672171
1820.37    -450.4792 -607.3449 0.6670572
1820.38    -450.3647 -607.3449 0.6668979
1820.39    -450.2503 -607.3449 0.6667393
1820.4    -450.1358 -607.3449 0.6665813
1820.41    -450.0214 -607.3448 0.6664248
1820.42    -449.907 -607.3448 0.6662695
1820.43    -449.7926 -607.3447 0.6661158
1820.44    -449.6782 -607.3447 0.6659632
1820.45    -449.5638 -607.3445 0.6658119
1820.46    -449.4495 -607.3445 0.6656631
1820.47    -449.3351 -607.3444 0.6655169
1820.48    -449.2208 -607.3442 0.6653728
1820.49    -449.1064 -607.3441 0.6652309
1820.5    -448.9921 -607.3439 0.6650911
1820.51    -448.8777 -607.3438 0.6649531
1820.52    -448.7634 -607.3437 0.6648182
1820.53    -448.6491 -607.3434 0.6646861
1820.54    -448.5349 -607.3433 0.6645566
