405.79    -649.5971 -614.4498 0.7030107
405.8    -649.4586 -614.4462 0.7029675
405.81    -649.32 -614.4425 0.7029248
405.82    -649.1815 -614.4388 0.7028828
405.83    -649.043 -614.4352 0.7028412
405.84    -648.9044 -614.4315 0.7028002
405.85    -648.7659 -614.4279 0.7027597
405.86    -648.6273 -614.4242 0.7027197
405.87    -648.4888 -614.4205 0.7026802
405.88    -648.3502 -614.4169 0.702641
405.89    -648.2117 -614.4132 0.7026023
405.9    -648.0731 -614.4095 0.702564
405.91    -647.9346 -614.4059 0.702526
405.92    -647.796 -614.4022 0.7024884
405.93    -647.6575 -614.3986 0.7024512
405.94    -647.5189 -614.3949 0.7024142
405.95    -647.3803 -614.3912 0.7023776
405.96    -647.2417 -614.3876 0.7023413
405.97    -647.1031 -614.3839 0.7023051
405.98    -646.9645 -614.3802 0.7022694
405.99    -646.8259 -614.3766 0.7022338
406    -646.6873 -614.3729 0.7021984
406.01    -646.5487 -614.3693 0.7021633
406.02    -646.4101 -614.3656 0.7021285
406.03    -646.2715 -614.3619 0.7020938
406.04    -646.1329 -614.3583 0.7020593
406.05    -645.9943 -614.3546 0.7020249
406.06    -645.8557 -614.351 0.7019909
406.07    -645.717 -614.3473 0.7019569
406.08    -645.5784 -614.3436 0.7019231
406.09    -645.4398 -614.34 0.7018895
406.1    -645.3011 -614.3363 0.701856
406.11    -645.1625 -614.3326 0.7018227
406.12    -645.0239 -614.329 0.7017894
406.13    -644.8853 -614.3253 0.7017564
406.14    -644.7466 -614.3217 0.7017236
406.15    -644.6079 -614.318 0.701691
406.16    -644.4692 -614.3143 0.7016584
406.17    -644.3306 -614.3107 0.7016262
406.18    -644.1919 -614.3069 0.7015944
406.19    -644.0532 -614.3033 0.7015628
406.2    -643.9146 -614.2996 0.7015316
406.21    -643.7759 -614.296 0.7015007
406.22    -643.6372 -614.2923 0.7014703
406.23    -643.4985 -614.2886 0.7014405
406.24    -643.3599 -614.285 0.7014112
406.25    -643.2212 -614.2813 0.7013826
406.26    -643.0825 -614.2776 0.7013544
406.27    -642.9438 -614.274 0.7013269
406.28    -642.8052 -614.2703 0.7013003
406.29    -642.6665 -614.2667 0.7012743
406.3    -642.5278 -614.263 0.7012491
406.31    -642.389 -614.2593 0.7012246
406.32    -642.2504 -614.2557 0.7012007
406.33    -642.1116 -614.252 0.7011775
406.34    -641.9729 -614.2484 0.701155
406.35    -641.8342 -614.2447 0.7011331
406.36    -641.6954 -614.241 0.7011119
406.37    -641.5567 -614.2373 0.7010912
406.38    -641.418 -614.2336 0.7010711
406.39    -641.2792 -614.23 0.7010514
406.4    -641.1405 -614.2263 0.7010323
406.41    -641.0018 -614.2227 0.7010136
406.42    -640.863 -614.2189 0.7009954
406.43    -640.7243 -614.2152 0.7009776
406.44    -640.5856 -614.2115 0.7009602
406.45    -640.4468 -614.2078 0.7009432
406.46    -640.308 -614.204 0.7009265
406.47    -640.1693 -614.2003 0.7009102
406.48    -640.0306 -614.1966 0.7008939
406.49    -639.8918 -614.1929 0.7008778
406.5    -639.753 -614.1891 0.7008621
406.51    -639.6142 -614.1854 0.7008464
406.52    -639.4755 -614.1816 0.7008305
406.53    -639.3367 -614.1779 0.7008144
406.54    -639.1979 -614.1742 0.7007982
406.55    -639.0591 -614.1705 0.7007817
406.56    -638.9203 -614.1667 0.7007651
406.57    -638.7815 -614.163 0.700748
406.58    -638.6427 -614.1593 0.7007301
406.59    -638.5039 -614.1556 0.7007118
406.6    -638.3651 -614.1519 0.700693
406.61    -638.2263 -614.1481 0.7006736
406.62    -638.0875 -614.1443 0.7006532
406.63    -637.9487 -614.1405 0.7006316
406.64    -637.8099 -614.1367 0.7006092
406.65    -637.6711 -614.1329 0.7005858
406.66    -637.5322 -614.1291 0.7005614
406.67    -637.3934 -614.1253 0.7005355
406.68    -637.2546 -614.1215 0.7005082
406.69    -637.1158 -614.1177 0.7004796
406.7    -636.9769 -614.1139 0.7004496
406.71    -636.8381 -614.11 0.7004183
406.72    -636.6992 -614.1061 0.7003855
406.73    -636.5604 -614.1023 0.7003512
406.74    -636.4215 -614.0984 0.7003157
406.75    -636.2827 -614.0946 0.7002786
406.76    -636.1438 -614.0908 0.7002404
406.77    -636.0049 -614.0869 0.7002007
406.78    -635.8661 -614.0829 0.7001597
406.79    -635.7272 -614.079 0.7001173
406.8    -635.5884 -614.0751 0.7000737
406.81    -635.4495 -614.0712 0.7000289
406.82    -635.3107 -614.0672 0.6999829
406.83    -635.1719 -614.0633 0.6999359
406.84    -635.033 -614.0593 0.6998877
406.85    -634.8941 -614.0554 0.6998386
406.86    -634.7552 -614.0514 0.6997885
406.87    -634.6163 -614.0474 0.6997374
406.88    -634.4775 -614.0434 0.6996855
406.89    -634.3386 -614.0394 0.6996327
406.9    -634.1996 -614.0353 0.6995792
406.91    -634.0607 -614.0313 0.6995249
406.92    -633.9218 -614.0272 0.6994698
406.93    -633.7829 -614.0232 0.6994142
406.94    -633.644 -614.0192 0.6993579
406.95    -633.5051 -614.015 0.699301
406.96    -633.3661 -614.0109 0.6992434
406.97    -633.2272 -614.0068 0.6991854
406.98    -633.0883 -614.0027 0.6991268
406.99    -632.9494 -613.9986 0.6990677
407    -632.8105 -613.9944 0.699008
407.01    -632.6716 -613.9903 0.698948
407.02    -632.5327 -613.9861 0.6988875
407.03    -632.3937 -613.9819 0.6988266
407.04    -632.2548 -613.9777 0.6987654
407.05    -632.1158 -613.9734 0.6987038
407.06    -631.9769 -613.9692 0.6986418
407.07    -631.838 -613.965 0.6985795
407.08    -631.699 -613.9607 0.6985168
407.09    -631.5601 -613.9564 0.6984539
407.1    -631.4211 -613.9521 0.6983907
407.11    -631.2821 -613.9478 0.6983272
407.12    -631.1431 -613.9435 0.6982633
407.13    -631.0042 -613.9391 0.6981993
407.14    -630.8652 -613.9348 0.6981351
407.15    -630.7262 -613.9304 0.6980706
407.16    -630.5872 -613.926 0.6980059
407.17    -630.4482 -613.9216 0.6979409
407.18    -630.3093 -613.9172 0.6978758
407.19    -630.1703 -613.9128 0.6978105
407.2    -630.0313 -613.9083 0.6977451
407.21    -629.8923 -613.9038 0.6976795
407.22    -629.7534 -613.8994 0.6976136
407.23    -629.6144 -613.8948 0.6975477
407.24    -629.4754 -613.8903 0.6974817
407.25    -629.3364 -613.8857 0.6974154
407.26    -629.1974 -613.8812 0.6973491
407.27    -629.0584 -613.8766 0.6972826
407.28    -628.9194 -613.872 0.697216
407.29    -628.7804 -613.8674 0.6971494
407.3    -628.6414 -613.8627 0.6970825
407.31    -628.5023 -613.8581 0.6970156
407.32    -628.3633 -613.8534 0.6969486
407.33    -628.2243 -613.8488 0.6968815
407.34    -628.0853 -613.8441 0.6968144
407.35    -627.9462 -613.8393 0.6967471
407.36    -627.8072 -613.8346 0.6966798
407.37    -627.6682 -613.8298 0.6966124
407.38    -627.5291 -613.825 0.6965451
407.39    -627.3901 -613.8203 0.6964778
407.4    -627.251 -613.8154 0.6964105
407.41    -627.112 -613.8105 0.6963432
407.42    -626.973 -613.8057 0.6962762
407.43    -626.8339 -613.8008 0.6962093
407.44    -626.6949 -613.7959 0.6961426
407.45    -626.5558 -613.791 0.696076
407.46    -626.4168 -613.7861 0.6960098
407.47    -626.2778 -613.7811 0.6959437
407.48    -626.1387 -613.7762 0.695878
407.49    -625.9997 -613.7712 0.6958127
407.5    -625.8606 -613.7662 0.6957476
407.51    -625.7215 -613.7612 0.6956829
407.52    -625.5825 -613.7561 0.6956187
407.53    -625.4434 -613.751 0.6955552
407.54    -625.3043 -613.7459 0.6954921
407.55    -625.1652 -613.7408 0.6954295
407.56    -625.0261 -613.7357 0.6953675
407.57    -624.8871 -613.7305 0.6953062
407.58    -624.748 -613.7254 0.6952459
407.59    -624.6089 -613.7202 0.6951863
407.6    -624.4698 -613.715 0.6951275
407.61    -624.3307 -613.7098 0.6950694
407.62    -624.1916 -613.7045 0.6950125
407.63    -624.0525 -613.6992 0.6949568
407.64    -623.9134 -613.694 0.6949022
407.65    -623.7743 -613.6886 0.6948485
407.66    -623.6352 -613.6833 0.694796
407.67    -623.4961 -613.6779 0.6947449
407.68    -623.357 -613.6725 0.6946951
407.69    -623.218 -613.6671 0.6946466
407.7    -623.0789 -613.6617 0.6945993
407.71    -622.9398 -613.6562 0.6945531
407.72    -622.8007 -613.6508 0.6945084
407.73    -622.6616 -613.6452 0.6944652
407.74    -622.5225 -613.6397 0.6944231
407.75    -622.3833 -613.6342 0.6943824
407.76    -622.2441 -613.6286 0.6943429
407.77    -622.105 -613.623 0.6943047
407.78    -621.9659 -613.6174 0.6942679
407.79    -621.8268 -613.6118 0.6942325
407.8    -621.6876 -613.6062 0.6941983
407.81    -621.5485 -613.6005 0.6941652
407.82    -621.4094 -613.5948 0.6941334
407.83    -621.2702 -613.5891 0.6941028
407.84    -621.131 -613.5833 0.6940734
407.85    -620.9919 -613.5776 0.6940452
407.86    -620.8527 -613.5718 0.6940181
407.87    -620.7136 -613.566 0.6939921
407.88    -620.5744 -613.5602 0.6939672
407.89    -620.4352 -613.5543 0.6939433
407.9    -620.2961 -613.5484 0.6939205
407.91    -620.1569 -613.5425 0.6938987
407.92    -620.0178 -613.5366 0.6938779
407.93    -619.8786 -613.5306 0.6938581
407.94    -619.7394 -613.5247 0.6938394
407.95    -619.6003 -613.5187 0.6938215
407.96    -619.4611 -613.5126 0.6938046
407.97    -619.322 -613.5067 0.6937888
407.98    -619.1828 -613.5006 0.6937739
407.99    -619.0436 -613.4945 0.6937601
408    -618.9044 -613.4885 0.6937472
408.01    -618.7652 -613.4823 0.6937352
408.02    -618.626 -613.4762 0.6937241
408.03    -618.4868 -613.4701 0.6937141
408.04    -618.3476 -613.4639 0.6937053
408.05    -618.2084 -613.4577 0.6936976
408.06    -618.0692 -613.4515 0.6936909
408.07    -617.93 -613.4453 0.6936855
408.08    -617.7908 -613.439 0.6936814
408.09    -617.6516 -613.4328 0.6936785
408.1    -617.5123 -613.4265 0.6936767
408.11    -617.3731 -613.4202 0.693676
408.12    -617.2339 -613.4139 0.6936767
408.13    -617.0947 -613.4075 0.6936787
408.14    -616.9554 -613.4011 0.693682
408.15    -616.8162 -613.3948 0.6936864
408.16    -616.677 -613.3884 0.693692
408.17    -616.5378 -613.382 0.6936991
408.18    -616.3986 -613.3755 0.6937075
408.19    -616.2593 -613.3691 0.6937172
408.2    -616.1201 -613.3627 0.6937281
408.21    -615.9809 -613.3561 0.6937402
408.22    -615.8417 -613.3497 0.6937538
408.23    -615.7025 -613.3431 0.6937687
408.24    -615.5632 -613.3366 0.6937848
408.25    -615.424 -613.33 0.6938022
408.26    -615.2847 -613.3235 0.6938208
408.27    -615.1455 -613.3169 0.6938407
408.28    -615.0063 -613.3103 0.693862
408.29    -614.867 -613.3036 0.6938846
408.3    -614.7277 -613.2971 0.6939083
408.31    -614.5884 -613.2904 0.6939332
408.32    -614.4492 -613.2838 0.6939595
408.33    -614.3099 -613.2771 0.693987
408.34    -614.1707 -613.2704 0.6940157
408.35    -614.0314 -613.2637 0.6940455
408.36    -613.8921 -613.257 0.6940764
408.37    -613.7529 -613.2502 0.6941085
408.38    -613.6136 -613.2435 0.6941417
408.39    -613.4743 -613.2368 0.6941759
408.4    -613.335 -613.2299 0.6942111
408.41    -613.1957 -613.2231 0.6942472
408.42    -613.0565 -613.2164 0.6942842
408.43    -612.9172 -613.2096 0.6943221
408.44    -612.7779 -613.2028 0.6943608
408.45    -612.6386 -613.1959 0.6944003
408.46    -612.4993 -613.1891 0.6944405
408.47    -612.36 -613.1822 0.6944814
408.48    -612.2207 -613.1754 0.694523
408.49    -612.0814 -613.1685 0.6945652
408.5    -611.9421 -613.1616 0.694608
408.51    -611.8027 -613.1547 0.6946514
408.52    -611.6635 -613.1478 0.6946954
408.53    -611.5242 -613.1409 0.6947398
408.54    -611.3848 -613.134 0.6947848
408.55    -611.2455 -613.1271 0.6948301
408.56    -611.1061 -613.1202 0.694876
408.57    -610.9668 -613.1133 0.6949223
408.58    -610.8275 -613.1063 0.6949689
408.59    -610.6881 -613.0994 0.6950161
408.6    -610.5488 -613.0924 0.6950635
408.61    -610.4094 -613.0854 0.6951112
408.62    -610.2701 -613.0785 0.6951594
408.63    -610.1307 -613.0715 0.6952078
408.64    -609.9914 -613.0646 0.6952565
408.65    -609.8521 -613.0576 0.6953055
408.66    -609.7127 -613.0507 0.6953548
408.67    -609.5733 -613.0436 0.6954042
408.68    -609.434 -613.0366 0.695454
408.69    -609.2946 -613.0296 0.695504
408.7    -609.1553 -613.0226 0.6955541
408.71    -609.0159 -613.0156 0.6956044
408.72    -608.8765 -613.0085 0.695655
408.73    -608.7372 -613.0015 0.6957058
408.74    -608.5978 -612.9945 0.6957567
408.75    -608.4585 -612.9875 0.6958078
408.76    -608.3192 -612.9805 0.6958591
408.77    -608.1798 -612.9734 0.6959105
408.78    -608.0405 -612.9664 0.695962
408.79    -607.9011 -612.9594 0.6960136
408.8    -607.7618 -612.9524 0.6960654
408.81    -607.6224 -612.9454 0.6961173
408.82    -607.4831 -612.9384 0.6961693
408.83    -607.3438 -612.9313 0.6962215
408.84    -607.2044 -612.9243 0.6962737
408.85    -607.0651 -612.9173 0.6963259
408.86    -606.9257 -612.9103 0.6963784
408.87    -606.7864 -612.9033 0.6964308
408.88    -606.647 -612.8963 0.6964833
408.89    -606.5077 -612.8892 0.6965358
408.9    -606.3683 -612.8821 0.6965883
408.91    -606.229 -612.8751 0.6966408
408.92    -606.0897 -612.868 0.6966932
408.93    -605.9503 -612.8609 0.6967456
408.94    -605.811 -612.8538 0.6967978
408.95    -605.6716 -612.8467 0.6968501
408.96    -605.5323 -612.8397 0.6969023
408.97    -605.393 -612.8326 0.696954
408.98    -605.2537 -612.8255 0.6970053
408.99    -605.1144 -612.8184 0.6970562
409    -604.9752 -612.8113 0.6971067
409.01    -604.8359 -612.8043 0.6971568
409.02    -604.6965 -612.7972 0.6972067
409.03    -604.5573 -612.7901 0.6972558
409.04    -604.418 -612.783 0.6973042
409.05    -604.2787 -612.7759 0.697352
409.06    -604.1394 -612.7689 0.6973991
409.07    -604.0002 -612.7618 0.6974453
409.08    -603.861 -612.7547 0.6974906
409.09    -603.7217 -612.7476 0.6975351
409.1    -603.5825 -612.7405 0.6975787
409.11    -603.4433 -612.7335 0.6976217
409.12    -603.3041 -612.7264 0.6976637
409.13    -603.1649 -612.7193 0.6977047
409.14    -603.0257 -612.7122 0.697745
409.15    -602.8865 -612.7051 0.6977844
409.16    -602.7474 -612.6981 0.697823
409.17    -602.6082 -612.691 0.697861
409.18    -602.4691 -612.6839 0.6978982
409.19    -602.3299 -612.6768 0.6979348
409.2    -602.1907 -612.6697 0.6979707
409.21    -602.0516 -612.6627 0.698006
409.22    -601.9125 -612.6556 0.6980408
409.23    -601.7734 -612.6485 0.6980751
409.24    -601.6343 -612.6414 0.6981087
409.25    -601.4952 -612.6343 0.6981419
409.26    -601.3561 -612.6273 0.6981747
409.27    -601.217 -612.6202 0.6982071
409.28    -601.078 -612.6131 0.6982394
409.29    -600.939 -612.606 0.6982713
409.3    -600.7999 -612.5989 0.6983031
409.31    -600.6609 -612.5919 0.6983346
409.32    -600.5219 -612.5848 0.6983663
409.33    -600.3828 -612.5777 0.6983983
409.34    -600.2438 -612.5706 0.6984304
409.35    -600.1049 -612.5635 0.6984626
409.36    -599.9659 -612.5565 0.698495
409.37    -599.8269 -612.5494 0.6985282
409.38    -599.6879 -612.5423 0.6985621
409.39    -599.549 -612.5352 0.6985967
409.4    -599.41 -612.5281 0.6986319
409.41    -599.271 -612.5211 0.6986678
409.42    -599.1321 -612.514 0.6987049
409.43    -598.9932 -612.5069 0.6987432
409.44    -598.8542 -612.4998 0.6987827
409.45    -598.7153 -612.4927 0.6988233
409.46    -598.5764 -612.4857 0.6988648
409.47    -598.4376 -612.4786 0.6989081
409.48    -598.2987 -612.4714 0.6989528
409.49    -598.1599 -612.4644 0.698999
409.5    -598.021 -612.4573 0.6990466
409.51    -597.8821 -612.4502 0.6990954
409.52    -597.7433 -612.4431 0.6991456
409.53    -597.6045 -612.436 0.6991972
409.54    -597.4657 -612.429 0.6992503
409.55    -597.3269 -612.4219 0.6993049
409.56    -597.1881 -612.4148 0.6993607
409.57    -597.0493 -612.4077 0.6994179
409.58    -596.9105 -612.4006 0.6994764
409.59    -596.7717 -612.3936 0.699536
409.6    -596.6329 -612.3865 0.6995969
409.61    -596.4942 -612.3794 0.6996588
409.62    -596.3555 -612.3723 0.6997216
409.63    -596.2167 -612.3652 0.6997856
409.64    -596.078 -612.3582 0.6998505
409.65    -595.9393 -612.3511 0.6999162
409.66    -595.8005 -612.344 0.6999829
409.67    -595.6619 -612.3369 0.7000503
409.68    -595.5232 -612.3298 0.7001185
409.69    -595.3845 -612.3228 0.7001874
409.7    -595.2458 -612.3157 0.7002571
409.71    -595.1072 -612.3086 0.7003274
409.72    -594.9685 -612.3015 0.7003984
409.73    -594.8299 -612.2944 0.7004699
409.74    -594.6913 -612.2873 0.700542
409.75    -594.5527 -612.2802 0.7006147
409.76    -594.4141 -612.273 0.7006879
409.77    -594.2755 -612.2659 0.7007616
409.78    -594.1369 -612.2587 0.7008357
409.79    -593.9984 -612.2516 0.7009104
409.8    -593.8598 -612.2444 0.7009854
409.81    -593.7213 -612.2373 0.7010608
409.82    -593.5827 -612.2302 0.7011364
409.83    -593.4442 -612.223 0.7012123
409.84    -593.3056 -612.2159 0.7012882
409.85    -593.1671 -612.2087 0.7013643
409.86    -593.0285 -612.2016 0.7014405
409.87    -592.89 -612.1945 0.7015164
409.88    -592.7515 -612.1873 0.7015919
409.89    -592.613 -612.1802 0.7016671
409.9    -592.4745 -612.173 0.701742
409.91    -592.3361 -612.1659 0.7018166
409.92    -592.1976 -612.1588 0.7018901
409.93    -592.0592 -612.1516 0.7019625
409.94    -591.9208 -612.1444 0.7020341
409.95    -591.7823 -612.1373 0.7021047
409.96    -591.6439 -612.1301 0.7021745
409.97    -591.5056 -612.123 0.7022425
409.98    -591.3672 -612.1158 0.7023087
409.99    -591.2288 -612.1087 0.7023734
410    -591.0905 -612.1015 0.7024366
410.01    -590.9521 -612.0943 0.7024983
410.02    -590.8137 -612.0871 0.7025579
410.03    -590.6754 -612.0799 0.7026154
410.04    -590.537 -612.0727 0.702671
410.05    -590.3986 -612.0655 0.7027248
410.06    -590.2603 -612.0582 0.7027767
410.07    -590.1219 -612.051 0.7028262
410.08    -589.9836 -612.0438 0.7028734
410.09    -589.8453 -612.0366 0.7029182
410.1    -589.707 -612.0293 0.7029611
410.11    -589.5687 -612.022 0.7030019
410.12    -589.4305 -612.0147 0.7030401
410.13    -589.2922 -612.0074 0.7030756
410.14    -589.154 -612.0002 0.703109
410.15    -589.0157 -611.9929 0.7031401
410.16    -588.8775 -611.9857 0.7031692
410.17    -588.7393 -611.9783 0.7031956
410.18    -588.601 -611.9709 0.7032195
410.19    -588.4628 -611.9636 0.7032412
410.2    -588.3245 -611.9563 0.7032605
410.21    -588.1863 -611.949 0.7032778
410.22    -588.0481 -611.9416 0.7032928
410.23    -587.9099 -611.9343 0.7033057
410.24    -587.7717 -611.9269 0.7033164
410.25    -587.6335 -611.9195 0.7033251
410.26    -587.4954 -611.912 0.7033319
410.27    -587.3572 -611.9047 0.7033371
410.28    -587.219 -611.8973 0.7033405
410.29    -587.0808 -611.8899 0.7033423
410.3    -586.9426 -611.8824 0.7033424
410.31    -586.8044 -611.875 0.7033412
410.32    -586.6663 -611.8676 0.7033387
410.33    -586.5282 -611.8601 0.7033347
410.34    -586.3901 -611.8527 0.7033296
410.35    -586.252 -611.8452 0.7033232
410.36    -586.1138 -611.8377 0.7033157
410.37    -585.9757 -611.8303 0.7033072
410.38    -585.8376 -611.8228 0.7032976
410.39    -585.6995 -611.8153 0.703287
410.4    -585.5613 -611.8078 0.7032756
410.41    -585.4232 -611.8003 0.7032632
410.42    -585.2852 -611.7928 0.7032502
410.43    -585.1471 -611.7853 0.7032365
410.44    -585.009 -611.7778 0.7032221
410.45    -584.871 -611.7703 0.7032071
410.46    -584.7329 -611.7628 0.7031916
410.47    -584.5948 -611.7552 0.7031757
410.48    -584.4568 -611.7477 0.7031596
410.49    -584.3187 -611.7402 0.7031432
410.5    -584.1807 -611.7327 0.7031265
410.51    -584.0426 -611.7252 0.7031096
410.52    -583.9046 -611.7177 0.7030931
410.53    -583.7666 -611.7101 0.7030767
410.54    -583.6286 -611.7026 0.7030606
410.55    -583.4906 -611.6951 0.7030447
410.56    -583.3526 -611.6876 0.7030291
410.57    -583.2146 -611.6802 0.7030137
410.58    -583.0766 -611.6727 0.7029993
410.59    -582.9386 -611.6652 0.7029858
410.6    -582.8006 -611.6577 0.7029733
410.61    -582.6626 -611.6501 0.7029616
410.62    -582.5247 -611.6426 0.7029516
410.63    -582.3867 -611.6351 0.702943
410.64    -582.2488 -611.6276 0.702936
410.65    -582.1108 -611.6201 0.7029305
410.66    -581.9729 -611.6127 0.7029262
410.67    -581.835 -611.6052 0.7029231
410.68    -581.697 -611.5977 0.7029223
410.69    -581.5591 -611.5901 0.7029237
410.7    -581.4211 -611.5826 0.7029271
410.71    -581.2832 -611.5751 0.7029325
410.72    -581.1453 -611.5677 0.7029405
410.73    -581.0074 -611.5602 0.702951
410.74    -580.8696 -611.5528 0.7029639
410.75    -580.7317 -611.5453 0.7029791
410.76    -580.5938 -611.538 0.7029964
410.77    -580.4559 -611.5305 0.7030166
410.78    -580.3181 -611.5231 0.7030393
410.79    -580.1802 -611.5157 0.7030646
410.8    -580.0423 -611.5083 0.7030922
410.81    -579.9044 -611.5009 0.7031222
410.82    -579.7666 -611.4935 0.7031546
410.83    -579.6288 -611.4862 0.7031894
410.84    -579.491 -611.4788 0.7032265
410.85    -579.3531 -611.4714 0.7032657
410.86    -579.2153 -611.4642 0.703307
410.87    -579.0775 -611.4568 0.7033502
410.88    -578.9397 -611.4496 0.7033954
410.89    -578.8019 -611.4423 0.7034423
410.9    -578.6641 -611.4349 0.703491
410.91    -578.5262 -611.4277 0.7035412
410.92    -578.3885 -611.4205 0.703593
410.93    -578.2507 -611.4132 0.7036462
410.94    -578.113 -611.406 0.7037008
410.95    -577.9752 -611.3988 0.7037569
410.96    -577.8375 -611.3917 0.703814
410.97    -577.6997 -611.3845 0.7038724
410.98    -577.562 -611.3773 0.7039319
410.99    -577.4242 -611.3702 0.7039924
411    -577.2864 -611.363 0.704054
411.01    -577.1487 -611.356 0.7041165
411.02    -577.0109 -611.3488 0.7041799
411.03    -576.8732 -611.3418 0.7042443
411.04    -576.7354 -611.3347 0.7043094
411.05    -576.5977 -611.3276 0.7043753
411.06    -576.4599 -611.3207 0.7044419
411.07    -576.3222 -611.3137 0.7045093
411.08    -576.1845 -611.3067 0.7045773
411.09    -576.0468 -611.2997 0.704646
411.1    -575.9091 -611.2928 0.7047151
411.11    -575.7714 -611.2859 0.704785
411.12    -575.6337 -611.279 0.7048553
411.13    -575.496 -611.2722 0.7049262
411.14    -575.3583 -611.2653 0.7049976
411.15    -575.2206 -611.2585 0.7050694
411.16    -575.0829 -611.2516 0.7051417
411.17    -574.9453 -611.2449 0.7052143
411.18    -574.8077 -611.2381 0.7052873
411.19    -574.67 -611.2314 0.7053607
411.2    -574.5324 -611.2246 0.7054345
411.21    -574.3948 -611.2179 0.7055085
411.22    -574.2571 -611.2112 0.705583
411.23    -574.1195 -611.2045 0.7056577
411.24    -573.9819 -611.1979 0.7057326
411.25    -573.8442 -611.1913 0.7058079
411.26    -573.7066 -611.1848 0.7058834
411.27    -573.569 -611.1782 0.7059592
411.28    -573.4315 -611.1716 0.7060352
411.29    -573.2938 -611.1651 0.7061114
411.3    -573.1562 -611.1586 0.7061878
411.31    -573.0186 -611.1522 0.7062644
411.32    -572.881 -611.1458 0.7063412
411.33    -572.7434 -611.1393 0.7064182
411.34    -572.6058 -611.133 0.7064953
411.35    -572.4683 -611.1266 0.7065727
411.36    -572.3307 -611.1204 0.70665
411.37    -572.1931 -611.1141 0.7067276
411.38    -572.0555 -611.1078 0.7068053
411.39    -571.918 -611.1016 0.7068831
411.4    -571.7804 -611.0954 0.7069611
411.41    -571.6428 -611.0892 0.7070392
411.42    -571.5053 -611.0831 0.7071173
411.43    -571.3678 -611.077 0.7071956
411.44    -571.2303 -611.0709 0.7072739
411.45    -571.0928 -611.0649 0.7073523
411.46    -570.9553 -611.0589 0.7074308
411.47    -570.8177 -611.053 0.7075095
411.48    -570.6802 -611.0471 0.7075881
411.49    -570.5427 -611.0411 0.7076669
411.5    -570.4052 -611.0353 0.7077456
411.51    -570.2676 -611.0295 0.7078245
411.52    -570.1301 -611.0236 0.7079033
411.53    -569.9926 -611.0179 0.7079821
411.54    -569.8551 -611.0121 0.7080607
411.55    -569.7176 -611.0064 0.7081393
411.56    -569.5801 -611.0007 0.7082178
411.57    -569.4426 -610.9951 0.7082964
411.58    -569.3051 -610.9895 0.7083744
411.59    -569.1677 -610.9839 0.7084523
411.6    -569.0302 -610.9785 0.7085298
411.61    -568.8928 -610.9729 0.708607
411.62    -568.7553 -610.9675 0.7086837
411.63    -568.6179 -610.962 0.7087598
411.64    -568.4804 -610.9566 0.7088356
411.65    -568.343 -610.9513 0.7089108
411.66    -568.2055 -610.946 0.7089857
411.67    -568.0681 -610.9407 0.7090601
411.68    -567.9307 -610.9354 0.7091339
411.69    -567.7933 -610.9302 0.7092069
411.7    -567.6559 -610.9251 0.7092794
411.71    -567.5184 -610.9199 0.7093511
411.72    -567.381 -610.9149 0.7094222
411.73    -567.2437 -610.9098 0.7094925
411.74    -567.1063 -610.9047 0.7095622
411.75    -566.9689 -610.8997 0.7096312
411.76    -566.8315 -610.8948 0.7096996
411.77    -566.6941 -610.8898 0.7097671
411.78    -566.5567 -610.8849 0.7098337
411.79    -566.4193 -610.8801 0.7098998
411.8    -566.2819 -610.8752 0.709965
411.81    -566.1445 -610.8705 0.7100295
411.82    -566.0072 -610.8657 0.7100931
411.83    -565.8699 -610.861 0.7101558
411.84    -565.7325 -610.8563 0.7102175
411.85    -565.5952 -610.8517 0.7102784
411.86    -565.4579 -610.847 0.7103385
411.87    -565.3206 -610.8425 0.7103974
411.88    -565.1832 -610.8379 0.7104552
411.89    -565.0459 -610.8334 0.710512
411.9    -564.9085 -610.8289 0.7105678
411.91    -564.7712 -610.8244 0.7106227
411.92    -564.6339 -610.82 0.7106763
411.93    -564.4966 -610.8156 0.7107285
411.94    -564.3594 -610.8112 0.7107795
411.95    -564.2221 -610.8068 0.7108296
411.96    -564.0848 -610.8026 0.7108784
411.97    -563.9474 -610.7982 0.7109262
411.98    -563.8102 -610.794 0.7109725
411.99    -563.6729 -610.7897 0.7110172
412    -563.5356 -610.7856 0.7110605
412.01    -563.3984 -610.7814 0.7111024
412.02    -563.2611 -610.7772 0.7111424
412.03    -563.1238 -610.7731 0.7111807
412.04    -562.9866 -610.769 0.7112174
412.05    -562.8493 -610.765 0.7112525
412.06    -562.712 -610.761 0.7112859
412.07    -562.5748 -610.757 0.7113175
412.08    -562.4376 -610.7531 0.7113473
412.09    -562.3004 -610.7491 0.7113752
412.1    -562.1632 -610.7452 0.7114015
412.11    -562.026 -610.7413 0.711426
412.12    -561.8888 -610.7374 0.711449
412.13    -561.7516 -610.7336 0.7114699
412.14    -561.6144 -610.7298 0.7114888
412.15    -561.4772 -610.726 0.7115058
412.16    -561.34 -610.7223 0.7115208
412.17    -561.2028 -610.7186 0.7115337
412.18    -561.0657 -610.7149 0.7115446
412.19    -560.9285 -610.7112 0.7115536
412.2    -560.7914 -610.7075 0.7115607
412.21    -560.6542 -610.7039 0.7115661
412.22    -560.5171 -610.7003 0.7115695
412.23    -560.3799 -610.6967 0.7115713
412.24    -560.2428 -610.6932 0.7115712
412.25    -560.1057 -610.6897 0.7115695
412.26    -559.9685 -610.6862 0.7115663
412.27    -559.8314 -610.6827 0.7115615
412.28    -559.6942 -610.6793 0.7115552
412.29    -559.5571 -610.6758 0.7115476
412.3    -559.4199 -610.6725 0.7115387
412.31    -559.2828 -610.6691 0.7115285
412.32    -559.1457 -610.6658 0.7115171
412.33    -559.0086 -610.6625 0.7115046
412.34    -558.8715 -610.6592 0.711491
412.35    -558.7344 -610.6561 0.7114764
412.36    -558.5974 -610.6528 0.7114608
412.37    -558.4603 -610.6496 0.7114443
412.38    -558.3232 -610.6465 0.711427
412.39    -558.1861 -610.6433 0.7114086
412.4    -558.049 -610.6403 0.7113895
412.41    -557.9119 -610.6371 0.7113696
412.42    -557.7749 -610.6342 0.7113488
412.43    -557.6379 -610.6311 0.7113271
412.44    -557.5009 -610.6281 0.7113045
412.45    -557.3638 -610.6252 0.7112812
412.46    -557.2268 -610.6223 0.7112571
412.47    -557.0898 -610.6194 0.7112318
412.48    -556.9528 -610.6165 0.7112055
412.49    -556.8157 -610.6136 0.7111781
412.5    -556.6787 -610.6108 0.7111499
412.51    -556.5417 -610.608 0.7111207
412.52    -556.4047 -610.6052 0.7110903
412.53    -556.2678 -610.6025 0.7110588
412.54    -556.1308 -610.5997 0.7110263
412.55    -555.9938 -610.597 0.7109928
412.56    -555.8568 -610.5944 0.7109583
412.57    -555.7198 -610.5917 0.7109228
412.58    -555.5828 -610.5891 0.7108864
412.59    -555.4459 -610.5864 0.710849
412.6    -555.3089 -610.5839 0.710811
412.61    -555.1719 -610.5812 0.710772
412.62    -555.035 -610.5787 0.7107323
412.63    -554.898 -610.5762 0.7106919
412.64    -554.761 -610.5736 0.7106508
412.65    -554.6241 -610.5711 0.710609
412.66    -554.4871 -610.5687 0.7105666
412.67    -554.3502 -610.5662 0.7105237
412.68    -554.2133 -610.5637 0.7104802
412.69    -554.0764 -610.5613 0.710436
412.7    -553.9395 -610.5589 0.7103915
412.71    -553.8026 -610.5565 0.7103464
412.72    -553.6657 -610.5541 0.7103009
412.73    -553.5288 -610.5518 0.7102549
412.74    -553.3919 -610.5494 0.7102086
412.75    -553.255 -610.5471 0.7101619
412.76    -553.1181 -610.5447 0.7101147
412.77    -552.9813 -610.5425 0.7100673
412.78    -552.8444 -610.5402 0.7100194
412.79    -552.7076 -610.5379 0.7099713
412.8    -552.5707 -610.5356 0.709923
412.81    -552.4339 -610.5334 0.7098742
412.82    -552.2971 -610.5311 0.7098253
412.83    -552.1602 -610.529 0.7097761
412.84    -552.0234 -610.5268 0.7097266
412.85    -551.8865 -610.5246 0.709677
412.86    -551.7497 -610.5224 0.7096272
412.87    -551.6129 -610.5202 0.7095771
412.88    -551.4761 -610.5181 0.709527
412.89    -551.3394 -610.5159 0.7094768
412.9    -551.2026 -610.5138 0.7094264
412.91    -551.0658 -610.5117 0.7093759
412.92    -550.929 -610.5095 0.7093256
412.93    -550.7922 -610.5074 0.7092753
412.94    -550.6555 -610.5054 0.7092252
412.95    -550.5187 -610.5033 0.7091753
412.96    -550.3819 -610.5012 0.7091254
412.97    -550.2452 -610.4991 0.7090761
412.98    -550.1085 -610.4971 0.7090274
412.99    -549.9717 -610.495 0.7089792
413    -549.835 -610.4929 0.7089314
413.01    -549.6983 -610.4908 0.7088843
413.02    -549.5616 -610.4887 0.7088375
413.03    -549.4249 -610.4867 0.7087917
413.04    -549.2881 -610.4847 0.7087469
413.05    -549.1514 -610.4827 0.708703
413.06    -549.0147 -610.4807 0.7086599
413.07    -548.878 -610.4786 0.7086176
413.08    -548.7413 -610.4766 0.7085766
413.09    -548.6047 -610.4746 0.7085368
413.1    -548.468 -610.4726 0.7084982
413.11    -548.3314 -610.4706 0.7084607
413.12    -548.1948 -610.4686 0.7084246
413.13    -548.0582 -610.4667 0.70839
413.14    -547.9216 -610.4647 0.7083568
413.15    -547.785 -610.4628 0.7083248
413.16    -547.6484 -610.4608 0.7082942
413.17    -547.5118 -610.4589 0.7082652
413.18    -547.3752 -610.4569 0.7082379
413.19    -547.2386 -610.455 0.7082121
413.2    -547.102 -610.453 0.7081878
413.21    -546.9654 -610.451 0.7081649
413.22    -546.8289 -610.4491 0.7081441
413.23    -546.6923 -610.4471 0.7081255
413.24    -546.5558 -610.4452 0.7081088
413.25    -546.4193 -610.4433 0.7080939
413.26    -546.2827 -610.4414 0.7080809
413.27    -546.1462 -610.4395 0.7080706
413.28    -546.0098 -610.4376 0.7080629
413.29    -545.8733 -610.4357 0.7080577
413.3    -545.7368 -610.4338 0.7080548
413.31    -545.6003 -610.4319 0.7080541
413.32    -545.4639 -610.4301 0.7080569
413.33    -545.3274 -610.4282 0.7080628
413.34    -545.1909 -610.4263 0.7080719
413.35    -545.0544 -610.4244 0.7080837
413.36    -544.918 -610.4225 0.7080984
413.37    -544.7816 -610.4206 0.7081166
413.38    -544.6451 -610.4187 0.7081381
413.39    -544.5087 -610.4168 0.7081628
413.4    -544.3723 -610.4149 0.7081906
413.41    -544.2359 -610.413 0.7082213
413.42    -544.0995 -610.4111 0.708255
413.43    -543.9632 -610.4092 0.7082915
413.44    -543.8268 -610.4074 0.7083308
413.45    -543.6905 -610.4056 0.7083727
413.46    -543.5541 -610.4037 0.7084169
413.47    -543.4178 -610.4019 0.7084635
413.48    -543.2814 -610.4001 0.7085124
413.49    -543.1451 -610.3983 0.7085633
413.5    -543.0087 -610.3965 0.7086161
413.51    -542.8724 -610.3947 0.708671
413.52    -542.7361 -610.3928 0.7087276
413.53    -542.5998 -610.391 0.7087859
413.54    -542.4635 -610.3892 0.7088458
413.55    -542.3271 -610.3873 0.7089072
413.56    -542.1908 -610.3855 0.7089702
413.57    -542.0545 -610.3837 0.7090345
413.58    -541.9182 -610.3818 0.7091001
413.59    -541.7819 -610.38 0.7091669
413.6    -541.6456 -610.3782 0.709235
413.61    -541.5093 -610.3763 0.7093042
413.62    -541.373 -610.3745 0.7093744
413.63    -541.2368 -610.3727 0.7094455
413.64    -541.1005 -610.3708 0.7095175
413.65    -540.9642 -610.369 0.7095905
413.66    -540.8279 -610.3672 0.7096642
413.67    -540.6917 -610.3654 0.7097386
413.68    -540.5554 -610.3635 0.7098134
413.69    -540.4192 -610.3617 0.7098888
413.7    -540.283 -610.3599 0.7099645
413.71    -540.1467 -610.358 0.7100409
413.72    -540.0105 -610.3562 0.7101172
413.73    -539.8743 -610.3544 0.7101936
413.74    -539.738 -610.3525 0.71027
413.75    -539.6018 -610.3507 0.7103466
413.76    -539.4656 -610.3489 0.7104232
413.77    -539.3294 -610.3469 0.7104993
413.78    -539.1932 -610.345 0.7105752
413.79    -539.0571 -610.3431 0.7106507
413.8    -538.9208 -610.3412 0.710726
413.81    -538.7846 -610.3394 0.7108009
413.82    -538.6484 -610.3375 0.7108751
413.83    -538.5123 -610.3356 0.7109488
413.84    -538.3761 -610.3337 0.7110217
413.85    -538.2399 -610.3318 0.7110941
413.86    -538.1038 -610.3299 0.711166
413.87    -537.9676 -610.3279 0.7112371
413.88    -537.8314 -610.326 0.7113072
413.89    -537.6953 -610.3242 0.7113767
413.9    -537.5591 -610.3223 0.7114454
413.91    -537.4229 -610.3203 0.7115135
413.92    -537.2868 -610.3184 0.7115805
413.93    -537.1507 -610.3163 0.7116466
413.94    -537.0146 -610.3144 0.7117118
413.95    -536.8785 -610.3124 0.7117761
413.96    -536.7423 -610.3105 0.7118398
413.97    -536.6062 -610.3085 0.7119021
413.98    -536.4701 -610.3066 0.7119633
413.99    -536.334 -610.3046 0.7120235
414    -536.1979 -610.3026 0.7120826
414.01    -536.0617 -610.3007 0.7121408
414.02    -535.9256 -610.2987 0.7121975
414.03    -535.7895 -610.2968 0.7122529
414.04    -535.6533 -610.2948 0.7123069
414.05    -535.5172 -610.2928 0.7123597
414.06    -535.381 -610.2909 0.7124114
414.07    -535.2448 -610.2889 0.7124613
414.08    -535.1086 -610.2869 0.7125094
414.09    -534.9725 -610.285 0.712556
414.1    -534.8363 -610.283 0.7126011
414.11    -534.7001 -610.2811 0.7126446
414.12    -534.564 -610.2791 0.7126862
414.13    -534.4278 -610.2772 0.7127258
414.14    -534.2916 -610.2752 0.7127634
414.15    -534.1553 -610.2733 0.7127993
414.16    -534.0191 -610.2713 0.7128335
414.17    -533.8829 -610.2693 0.7128654
414.18    -533.7466 -610.2674 0.7128952
414.19    -533.6104 -610.2654 0.7129229
414.2    -533.4741 -610.2635 0.7129486
414.21    -533.3378 -610.2615 0.7129726
414.22    -533.2015 -610.2596 0.7129943
414.23    -533.0652 -610.2577 0.7130138
414.24    -532.9288 -610.2557 0.7130312
414.25    -532.7925 -610.2538 0.7130467
414.26    -532.6561 -610.2518 0.7130603
414.27    -532.5197 -610.2499 0.713072
414.28    -532.3833 -610.2479 0.7130818
414.29    -532.2469 -610.246 0.71309
414.3    -532.1105 -610.244 0.7130965
414.31    -531.974 -610.2421 0.7131013
414.32    -531.8375 -610.2401 0.7131047
414.33    -531.701 -610.2382 0.7131068
414.34    -531.5646 -610.2363 0.7131074
414.35    -531.428 -610.2343 0.7131068
414.36    -531.2915 -610.2324 0.713105
414.37    -531.155 -610.2304 0.7131022
414.38    -531.0184 -610.2285 0.7130983
414.39    -530.8818 -610.2265 0.7130936
414.4    -530.7452 -610.2245 0.7130879
414.41    -530.6086 -610.2227 0.7130814
414.42    -530.472 -610.2207 0.7130743
414.43    -530.3354 -610.2188 0.7130666
414.44    -530.1987 -610.2168 0.7130584
414.45    -530.0621 -610.2148 0.7130496
414.46    -529.9254 -610.2129 0.7130403
414.47    -529.7886 -610.2109 0.7130309
414.48    -529.6519 -610.209 0.7130213
414.49    -529.5152 -610.2071 0.7130116
414.5    -529.3784 -610.2051 0.7130017
414.51    -529.2416 -610.2032 0.7129917
414.52    -529.1049 -610.2012 0.712982
414.53    -528.968 -610.1993 0.7129726
414.54    -528.8312 -610.1973 0.7129635
414.55    -528.6943 -610.1954 0.7129547
414.56    -528.5574 -610.1935 0.7129461
414.57    -528.4204 -610.1917 0.7129377
414.58    -528.2834 -610.1898 0.71293
414.59    -528.1465 -610.1879 0.7129227
414.6    -528.0095 -610.186 0.7129158
414.61    -527.8724 -610.1841 0.7129096
414.62    -527.7354 -610.1823 0.712904
414.63    -527.5983 -610.1804 0.712899
414.64    -527.4612 -610.1785 0.7128948
414.65    -527.3241 -610.1766 0.7128912
414.66    -527.187 -610.1747 0.7128881
414.67    -527.0498 -610.1728 0.7128859
414.68    -526.9126 -610.1709 0.7128842
414.69    -526.7754 -610.1691 0.7128834
414.7    -526.6381 -610.1672 0.7128831
414.71    -526.5008 -610.1655 0.7128834
414.72    -526.3635 -610.1636 0.7128844
414.73    -526.2261 -610.1618 0.7128863
414.74    -526.0887 -610.16 0.7128887
414.75    -525.9514 -610.1581 0.7128919
414.76    -525.8139 -610.1563 0.7128956
414.77    -525.6764 -610.1545 0.7128998
414.78    -525.5389 -610.1526 0.7129049
414.79    -525.4014 -610.1508 0.7129108
414.8    -525.2638 -610.149 0.7129174
414.81    -525.1262 -610.1472 0.7129248
414.82    -524.9885 -610.1454 0.7129331
414.83    -524.8509 -610.1437 0.7129423
414.84    -524.7132 -610.1419 0.7129524
414.85    -524.5754 -610.1401 0.7129634
414.86    -524.4376 -610.1384 0.7129752
414.87    -524.2998 -610.1366 0.7129883
414.88    -524.1619 -610.1348 0.7130026
414.89    -524.024 -610.1331 0.713018
414.9    -523.8861 -610.1313 0.7130345
414.91    -523.7481 -610.1296 0.713052
414.92    -523.6101 -610.1279 0.7130712
414.93    -523.472 -610.1262 0.7130919
414.94    -523.3339 -610.1245 0.713114
414.95    -523.1957 -610.1227 0.7131374
414.96    -523.0575 -610.121 0.7131622
414.97    -522.9193 -610.1193 0.7131889
414.98    -522.7809 -610.1177 0.7132173
414.99    -522.6426 -610.116 0.7132473
415    -522.5042 -610.1143 0.713279
415.01    -522.3657 -610.1126 0.7133122
415.02    -522.2272 -610.111 0.7133473
415.03    -522.0886 -610.1093 0.713384
415.04    -521.95 -610.1077 0.7134225
415.05    -521.8113 -610.1061 0.7134627
415.06    -521.6726 -610.1044 0.7135043
415.07    -521.5338 -610.1028 0.7135473
415.08    -521.395 -610.1011 0.7135917
415.09    -521.256 -610.0995 0.7136374
415.1    -521.1171 -610.0978 0.7136842
415.11    -520.9781 -610.0962 0.7137323
415.12    -520.8391 -610.0946 0.7137814
415.13    -520.7 -610.093 0.7138315
415.14    -520.5609 -610.0913 0.7138827
415.15    -520.4216 -610.0897 0.7139348
415.16    -520.2823 -610.088 0.7139878
415.17    -520.1431 -610.0864 0.7140417
415.18    -520.0037 -610.0847 0.7140962
415.19    -519.8643 -610.0831 0.7141516
415.2    -519.7249 -610.0814 0.7142077
415.21    -519.5853 -610.0798 0.7142645
415.22    -519.4458 -610.0781 0.7143218
415.23    -519.3062 -610.0765 0.7143798
415.24    -519.1666 -610.0748 0.7144382
415.25    -519.0269 -610.0732 0.7144971
415.26    -518.8871 -610.0715 0.7145566
415.27    -518.7473 -610.0698 0.7146162
415.28    -518.6075 -610.0682 0.7146763
415.29    -518.4676 -610.0665 0.7147365
415.3    -518.3276 -610.0648 0.714797
415.31    -518.1876 -610.063 0.7148578
415.32    -518.0476 -610.0613 0.7149184
415.33    -517.9075 -610.0596 0.714979
415.34    -517.7674 -610.0579 0.7150395
415.35    -517.6272 -610.0561 0.7150999
415.36    -517.4869 -610.0543 0.7151604
415.37    -517.3467 -610.0526 0.7152203
415.38    -517.2064 -610.0507 0.71528
415.39    -517.066 -610.049 0.7153392
415.4    -516.9255 -610.0472 0.7153981
415.41    -516.785 -610.0453 0.7154567
415.42    -516.6445 -610.0435 0.7155145
415.43    -516.504 -610.0417 0.7155716
415.44    -516.3633 -610.0398 0.715628
415.45    -516.2227 -610.038 0.7156838
415.46    -516.0819 -610.036 0.715739
415.47    -515.9412 -610.0341 0.7157931
415.48    -515.8004 -610.0322 0.7158464
415.49    -515.6595 -610.0303 0.7158986
415.5    -515.5186 -610.0283 0.7159501
415.51    -515.3776 -610.0263 0.7160008
415.52    -515.2366 -610.0244 0.7160501
415.53    -515.0955 -610.0223 0.7160981
415.54    -514.9544 -610.0203 0.7161447
415.55    -514.8132 -610.0182 0.7161904
415.56    -514.6721 -610.0162 0.7162349
415.57    -514.5308 -610.0141 0.7162778
415.58    -514.3896 -610.012 0.7163193
415.59    -514.2483 -610.0099 0.7163594
415.6    -514.1069 -610.0078 0.7163981
415.61    -513.9655 -610.0056 0.7164355
415.62    -513.8241 -610.0035 0.7164711
415.63    -513.6826 -610.0013 0.7165049
415.64    -513.5411 -609.9991 0.7165371
415.65    -513.3995 -609.9969 0.7165677
415.66    -513.2579 -609.9947 0.7165968
415.67    -513.1162 -609.9925 0.7166241
415.68    -512.9745 -609.9902 0.7166495
415.69    -512.8328 -609.988 0.7166733
415.7    -512.691 -609.9857 0.7166954
415.71    -512.5492 -609.9834 0.716716
415.72    -512.4073 -609.9811 0.7167345
415.73    -512.2654 -609.9788 0.7167509
415.74    -512.1235 -609.9764 0.7167655
415.75    -511.9815 -609.9741 0.7167782
415.76    -511.8395 -609.9718 0.7167893
415.77    -511.6974 -609.9694 0.7167981
415.78    -511.5553 -609.967 0.7168048
415.79    -511.4132 -609.9647 0.7168095
415.8    -511.271 -609.9623 0.7168123
415.81    -511.1287 -609.9599 0.7168133
415.82    -510.9865 -609.9575 0.7168121
415.83    -510.8441 -609.955 0.7168088
415.84    -510.7018 -609.9526 0.7168036
415.85    -510.5594 -609.9501 0.7167965
415.86    -510.417 -609.9477 0.7167875
415.87    -510.2745 -609.9453 0.7167764
415.88    -510.132 -609.9428 0.7167633
415.89    -509.9895 -609.9404 0.7167484
415.9    -509.8469 -609.9379 0.7167315
415.91    -509.7043 -609.9355 0.7167129
415.92    -509.5616 -609.933 0.7166924
415.93    -509.4189 -609.9305 0.7166701
415.94    -509.2762 -609.928 0.7166461
415.95    -509.1334 -609.9255 0.7166204
415.96    -508.9906 -609.923 0.7165931
415.97    -508.8477 -609.9206 0.7165641
415.98    -508.7049 -609.9181 0.7165335
415.99    -508.562 -609.9156 0.7165013
416    -508.419 -609.9131 0.7164676
416.01    -508.276 -609.9106 0.7164323
416.02    -508.1329 -609.9081 0.7163956
416.03    -507.9899 -609.9056 0.7163574
416.04    -507.8467 -609.9031 0.7163176
416.05    -507.7036 -609.9006 0.7162765
416.06    -507.5604 -609.8982 0.716234
416.07    -507.4171 -609.8957 0.7161901
416.08    -507.2739 -609.8932 0.7161447
416.09    -507.1306 -609.8908 0.7160981
416.1    -506.9872 -609.8884 0.7160501
416.11    -506.8438 -609.8859 0.7160009
416.12    -506.7004 -609.8835 0.7159504
416.13    -506.5569 -609.8811 0.7158987
416.14    -506.4135 -609.8787 0.7158458
416.15    -506.2699 -609.8763 0.7157916
416.16    -506.1263 -609.8738 0.7157364
416.17    -505.9827 -609.8714 0.7156801
416.18    -505.8391 -609.8691 0.7156225
416.19    -505.6953 -609.8667 0.715564
416.2    -505.5516 -609.8643 0.7155043
416.21    -505.4078 -609.862 0.7154438
416.22    -505.264 -609.8596 0.7153822
416.23    -505.1202 -609.8573 0.7153195
416.24    -504.9763 -609.855 0.7152559
416.25    -504.8324 -609.8527 0.7151914
416.26    -504.6884 -609.8504 0.715126
416.27    -504.5444 -609.8481 0.7150598
416.28    -504.4004 -609.8459 0.7149927
416.29    -504.2563 -609.8436 0.7149247
416.3    -504.1122 -609.8414 0.714856
416.31    -503.968 -609.8392 0.7147865
416.32    -503.8238 -609.837 0.7147163
416.33    -503.6796 -609.8348 0.7146454
416.34    -503.5353 -609.8326 0.7145738
416.35    -503.3909 -609.8305 0.7145016
416.36    -503.2466 -609.8284 0.7144289
416.37    -503.1021 -609.8263 0.7143556
416.38    -502.9576 -609.8242 0.7142817
416.39    -502.8131 -609.8221 0.7142074
416.4    -502.6685 -609.8201 0.7141326
416.41    -502.5239 -609.8181 0.7140573
416.42    -502.3793 -609.816 0.7139817
416.43    -502.2346 -609.8141 0.7139056
416.44    -502.0898 -609.8121 0.7138291
416.45    -501.945 -609.8102 0.7137523
416.46    -501.8001 -609.8082 0.7136751
416.47    -501.6552 -609.8064 0.7135976
416.48    -501.5103 -609.8045 0.7135198
416.49    -501.3652 -609.8027 0.7134417
416.5    -501.2202 -609.8008 0.7133632
416.51    -501.075 -609.7991 0.7132846
416.52    -500.9298 -609.7973 0.7132056
416.53    -500.7846 -609.7956 0.7131264
416.54    -500.6393 -609.7939 0.713047
416.55    -500.494 -609.7922 0.7129673
416.56    -500.3486 -609.7906 0.7128875
416.57    -500.2032 -609.789 0.7128074
416.58    -500.0577 -609.7875 0.7127271
416.59    -499.9122 -609.7859 0.7126467
416.6    -499.7666 -609.7844 0.7125661
416.61    -499.6209 -609.783 0.7124854
416.62    -499.4752 -609.7816 0.7124044
416.63    -499.3294 -609.7801 0.7123234
416.64    -499.1836 -609.7787 0.7122421
416.65    -499.0378 -609.7774 0.7121608
416.66    -498.8919 -609.7761 0.7120793
416.67    -498.7459 -609.7748 0.7119977
416.68    -498.5999 -609.7736 0.711916
416.69    -498.4539 -609.7725 0.7118342
416.7    -498.3078 -609.7712 0.7117522
416.71    -498.1616 -609.7701 0.7116702
416.72    -498.0154 -609.769 0.7115881
416.73    -497.8692 -609.768 0.7115058
416.74    -497.7229 -609.767 0.7114235
416.75    -497.5765 -609.766 0.711341
416.76    -497.4301 -609.7651 0.7112585
416.77    -497.2837 -609.7641 0.7111759
416.78    -497.1372 -609.7632 0.7110932
416.79    -496.9906 -609.7624 0.7110105
416.8    -496.844 -609.7616 0.7109277
416.81    -496.6974 -609.7608 0.7108449
416.82    -496.5507 -609.7601 0.710762
416.83    -496.404 -609.7594 0.710679
416.84    -496.2572 -609.7587 0.710596
416.85    -496.1104 -609.7581 0.710513
416.86    -495.9635 -609.7574 0.71043
416.87    -495.8166 -609.7568 0.710347
416.88    -495.6697 -609.7563 0.710264
416.89    -495.5227 -609.7557 0.7101809
416.9    -495.3756 -609.7552 0.7100978
416.91    -495.2285 -609.7546 0.7100148
416.92    -495.0814 -609.7542 0.7099317
416.93    -494.9342 -609.7537 0.7098486
416.94    -494.787 -609.7534 0.7097656
416.95    -494.6397 -609.7529 0.7096824
416.96    -494.4924 -609.7526 0.7095993
416.97    -494.345 -609.7523 0.7095162
416.98    -494.1976 -609.752 0.7094331
416.99    -494.0502 -609.7517 0.7093499
417    -493.9026 -609.7515 0.7092668
417.01    -493.7551 -609.7513 0.7091836
417.02    -493.6075 -609.751 0.7091004
417.03    -493.4599 -609.7509 0.7090173
417.04    -493.3122 -609.7507 0.708934
417.05    -493.1645 -609.7506 0.7088509
417.06    -493.0167 -609.7505 0.7087676
417.07    -492.8689 -609.7504 0.7086844
417.08    -492.721 -609.7504 0.7086012
417.09    -492.5731 -609.7504 0.708518
417.1    -492.4251 -609.7504 0.7084348
417.11    -492.2771 -609.7504 0.7083516
417.12    -492.1291 -609.7504 0.7082683
417.13    -491.981 -609.7505 0.7081853
417.14    -491.8329 -609.7505 0.7081026
417.15    -491.6847 -609.7506 0.70802
417.16    -491.5365 -609.7507 0.7079375
417.17    -491.3882 -609.7509 0.707855
417.18    -491.2399 -609.751 0.7077726
417.19    -491.0916 -609.7511 0.7076902
417.2    -490.9431 -609.7513 0.7076077
417.21    -490.7947 -609.7515 0.7075253
417.22    -490.6462 -609.7517 0.7074427
417.23    -490.4977 -609.7519 0.7073602
417.24    -490.3492 -609.7521 0.7072776
417.25    -490.2005 -609.7522 0.7071951
417.26    -490.0519 -609.7524 0.7071125
417.27    -489.9032 -609.7527 0.7070299
417.28    -489.7545 -609.7529 0.7069474
417.29    -489.6058 -609.7532 0.7068648
417.3    -489.457 -609.7534 0.7067824
417.31    -489.3081 -609.7537 0.7066999
417.32    -489.1593 -609.7539 0.7066175
417.33    -489.0104 -609.7541 0.7065352
417.34    -488.8615 -609.7543 0.706453
417.35    -488.7126 -609.7546 0.7063708
417.36    -488.5636 -609.7548 0.7062888
417.37    -488.4146 -609.755 0.7062068
417.38    -488.2656 -609.7552 0.7061249
417.39    -488.1165 -609.7553 0.7060432
417.4    -487.9674 -609.7555 0.7059616
417.41    -487.8183 -609.7556 0.7058802
417.42    -487.6692 -609.7558 0.7057987
417.43    -487.5201 -609.7559 0.7057176
417.44    -487.3709 -609.756 0.7056364
417.45    -487.2217 -609.7561 0.7055555
417.46    -487.0725 -609.7562 0.7054747
417.47    -486.9232 -609.7563 0.7053942
417.48    -486.774 -609.7564 0.7053138
417.49    -486.6247 -609.7564 0.7052336
417.5    -486.4754 -609.7564 0.7051538
417.51    -486.326 -609.7565 0.705074
417.52    -486.1767 -609.7565 0.7049945
417.53    -486.0273 -609.7565 0.7049152
417.54    -485.878 -609.7564 0.7048362
417.55    -485.7285 -609.7563 0.7047573
417.56    -485.5791 -609.7563 0.7046787
417.57    -485.4297 -609.7562 0.7046004
417.58    -485.2802 -609.756 0.7045223
417.59    -485.1308 -609.7559 0.7044443
417.6    -484.9813 -609.7557 0.7043668
417.61    -484.8317 -609.7556 0.7042893
417.62    -484.6822 -609.7554 0.7042122
417.63    -484.5327 -609.7551 0.7041353
417.64    -484.3831 -609.7549 0.7040588
417.65    -484.2335 -609.7546 0.7039824
417.66    -484.0839 -609.7543 0.7039063
417.67    -483.9342 -609.754 0.7038305
417.68    -483.7846 -609.7536 0.703755
417.69    -483.6349 -609.7532 0.7036797
417.7    -483.4852 -609.7528 0.7036048
417.71    -483.3355 -609.7524 0.7035301
417.72    -483.1858 -609.752 0.7034557
417.73    -483.036 -609.7515 0.7033815
417.74    -482.8863 -609.7509 0.7033077
417.75    -482.7365 -609.7504 0.7032341
417.76    -482.5867 -609.7498 0.7031608
417.77    -482.4369 -609.7492 0.7030876
417.78    -482.2871 -609.7486 0.7030147
417.79    -482.1373 -609.7479 0.7029421
417.8    -481.9874 -609.7471 0.7028698
417.81    -481.8376 -609.7464 0.7027976
417.82    -481.6877 -609.7456 0.7027257
417.83    -481.5379 -609.7448 0.7026541
417.84    -481.388 -609.744 0.7025827
417.85    -481.2382 -609.743 0.7025115
417.86    -481.0883 -609.7421 0.7024406
417.87    -480.9384 -609.7412 0.7023698
417.88    -480.7885 -609.7402 0.7022994
417.89    -480.6387 -609.7391 0.702229
417.9    -480.4888 -609.7381 0.702159
417.91    -480.3389 -609.737 0.7020893
417.92    -480.1891 -609.7358 0.7020196
417.93    -480.0393 -609.7347 0.7019503
417.94    -479.8895 -609.7335 0.7018811
417.95    -479.7397 -609.7322 0.7018121
417.96    -479.5899 -609.731 0.7017434
417.97    -479.4401 -609.7296 0.7016749
417.98    -479.2904 -609.7282 0.7016066
417.99    -479.1407 -609.7269 0.7015385
418    -478.9909 -609.7254 0.7014707
418.01    -478.8412 -609.7239 0.7014031
418.02    -478.6916 -609.7224 0.7013357
418.03    -478.5419 -609.7208 0.7012688
418.04    -478.3923 -609.7192 0.701202
418.05    -478.2426 -609.7176 0.7011356
418.06    -478.093 -609.7159 0.7010696
418.07    -477.9434 -609.7141 0.7010038
418.08    -477.7938 -609.7123 0.7009385
418.09    -477.6443 -609.7106 0.7008735
418.1    -477.4947 -609.7087 0.7008098
418.11    -477.3452 -609.7068 0.7007471
418.12    -477.1957 -609.7049 0.700685
418.13    -477.0462 -609.7029 0.7006235
418.14    -476.8967 -609.7009 0.7005625
418.15    -476.7473 -609.6988 0.700502
418.16    -476.5978 -609.6967 0.700442
418.17    -476.4484 -609.6945 0.7003828
418.18    -476.299 -609.6923 0.7003244
418.19    -476.1496 -609.6901 0.7002667
418.2    -476.0002 -609.6878 0.7002097
418.21    -475.8509 -609.6855 0.7001534
418.22    -475.7015 -609.6831 0.7000981
418.23    -475.5522 -609.6807 0.7000439
418.24    -475.4029 -609.6782 0.6999906
418.25    -475.2536 -609.6757 0.6999382
418.26    -475.1043 -609.6732 0.6998867
418.27    -474.9551 -609.6705 0.6998363
418.28    -474.8059 -609.668 0.6997871
418.29    -474.6567 -609.6653 0.699739
418.3    -474.5075 -609.6625 0.6996918
418.31    -474.3583 -609.6597 0.6996455
418.32    -474.2091 -609.657 0.6996003
418.33    -474.06 -609.6541 0.6995561
418.34    -473.9109 -609.6512 0.6995129
418.35    -473.7617 -609.6482 0.6994705
418.36    -473.6127 -609.6453 0.699429
418.37    -473.4636 -609.6422 0.6993882
418.38    -473.3145 -609.6391 0.6993481
418.39    -473.1655 -609.6359 0.6993088
418.4    -473.0164 -609.6328 0.69927
418.41    -472.8674 -609.6296 0.6992319
418.42    -472.7184 -609.6263 0.6991943
418.43    -472.5695 -609.6229 0.6991572
418.44    -472.4205 -609.6196 0.6991207
418.45    -472.2716 -609.6162 0.6990846
418.46    -472.1227 -609.6127 0.6990489
418.47    -471.9738 -609.6092 0.6990135
418.48    -471.8249 -609.6057 0.6989786
418.49    -471.676 -609.6021 0.6989438
418.5    -471.5272 -609.5984 0.6989093
418.51    -471.3783 -609.5947 0.6988751
418.52    -471.2295 -609.591 0.698841
418.53    -471.0807 -609.5872 0.6988072
418.54    -470.932 -609.5834 0.6987737
418.55    -470.7832 -609.5795 0.6987403
418.56    -470.6345 -609.5756 0.6987072
418.57    -470.4857 -609.5717 0.6986741
418.58    -470.337 -609.5677 0.6986413
418.59    -470.1884 -609.5636 0.6986086
418.6    -470.0397 -609.5594 0.6985761
418.61    -469.8911 -609.5553 0.6985437
418.62    -469.7424 -609.5511 0.6985114
418.63    -469.5938 -609.5469 0.6984793
418.64    -469.4452 -609.5425 0.6984472
418.65    -469.2966 -609.5382 0.6984152
418.66    -469.148 -609.5339 0.6983834
418.67    -468.9995 -609.5294 0.6983516
418.68    -468.851 -609.5249 0.6983199
418.69    -468.7025 -609.5204 0.6982882
418.7    -468.554 -609.5158 0.6982566
418.71    -468.4055 -609.5112 0.6982251
418.72    -468.257 -609.5065 0.6981936
418.73    -468.1086 -609.5018 0.6981623
418.74    -467.9602 -609.497 0.6981309
418.75    -467.8118 -609.4922 0.6980997
418.76    -467.6634 -609.4874 0.6980685
418.77    -467.515 -609.4824 0.6980373
418.78    -467.3667 -609.4775 0.6980062
418.79    -467.2184 -609.4725 0.697975
418.8    -467.0701 -609.4675 0.697944
418.81    -466.9218 -609.4623 0.697913
418.82    -466.7735 -609.4572 0.697882
418.83    -466.6253 -609.4521 0.6978512
418.84    -466.4771 -609.4468 0.6978204
418.85    -466.3288 -609.4415 0.6977897
418.86    -466.1806 -609.4363 0.697759
418.87    -466.0324 -609.4309 0.6977286
418.88    -465.8843 -609.4255 0.6976984
418.89    -465.7361 -609.4201 0.6976684
418.9    -465.588 -609.4146 0.6976385
418.91    -465.4399 -609.4091 0.6976088
418.92    -465.2918 -609.4036 0.6975797
418.93    -465.1437 -609.3979 0.6975511
418.94    -464.9957 -609.3923 0.6975229
418.95    -464.8477 -609.3867 0.6974952
418.96    -464.6996 -609.3809 0.697468
418.97    -464.5516 -609.3751 0.6974415
418.98    -464.4037 -609.3694 0.6974159
418.99    -464.2557 -609.3635 0.697391
419    -464.1077 -609.3577 0.6973668
419.01    -463.9598 -609.3517 0.6973432
419.02    -463.8119 -609.3457 0.6973206
419.03    -463.664 -609.3397 0.6972989
419.04    -463.5161 -609.3337 0.697278
419.05    -463.3683 -609.3276 0.697258
419.06    -463.2204 -609.3215 0.6972387
419.07    -463.0726 -609.3154 0.6972201
419.08    -462.9248 -609.3091 0.6972023
419.09    -462.777 -609.3029 0.6971854
419.1    -462.6292 -609.2966 0.6971692
419.11    -462.4814 -609.2903 0.6971537
419.12    -462.3337 -609.2839 0.6971389
419.13    -462.186 -609.2775 0.6971247
419.14    -462.0383 -609.2711 0.6971111
419.15    -461.8906 -609.2646 0.6970981
419.16    -461.743 -609.2582 0.6970856
419.17    -461.5953 -609.2516 0.6970736
419.18    -461.4477 -609.2451 0.697062
419.19    -461.3001 -609.2384 0.6970509
419.2    -461.1525 -609.2318 0.6970403
419.21    -461.0049 -609.225 0.6970299
419.22    -460.8574 -609.2183 0.6970201
419.23    -460.7099 -609.2115 0.6970105
419.24    -460.5623 -609.2048 0.6970013
419.25    -460.4149 -609.1979 0.6969925
419.26    -460.2674 -609.191 0.696984
419.27    -460.1199 -609.1841 0.6969759
419.28    -459.9725 -609.1771 0.6969683
419.29    -459.825 -609.1702 0.696961
419.3    -459.6776 -609.1631 0.6969541
419.31    -459.5302 -609.1561 0.6969476
419.32    -459.3829 -609.1489 0.6969415
419.33    -459.2356 -609.1418 0.6969357
419.34    -459.0882 -609.1346 0.6969302
419.35    -458.9409 -609.1274 0.6969251
419.36    -458.7936 -609.1202 0.6969203
419.37    -458.6463 -609.1129 0.6969157
419.38    -458.4991 -609.1056 0.6969115
419.39    -458.3518 -609.0983 0.6969074
419.4    -458.2046 -609.0909 0.6969037
419.41    -458.0573 -609.0835 0.6969002
419.42    -457.9102 -609.076 0.6968969
419.43    -457.763 -609.0687 0.6968938
419.44    -457.6158 -609.0612 0.6968908
419.45    -457.4687 -609.0537 0.6968881
419.46    -457.3216 -609.0462 0.6968856
419.47    -457.1745 -609.0386 0.6968832
419.48    -457.0274 -609.0311 0.696881
419.49    -456.8803 -609.0235 0.6968789
419.5    -456.7333 -609.0158 0.6968769
419.51    -456.5862 -609.0082 0.696875
419.52    -456.4392 -609.0005 0.6968733
419.53    -456.2922 -608.9927 0.6968716
419.54    -456.1453 -608.985 0.6968701
419.55    -455.9983 -608.9772 0.6968687
419.56    -455.8514 -608.9694 0.6968673
419.57    -455.7045 -608.9616 0.696866
419.58    -455.5576 -608.9538 0.6968648
419.59    -455.4107 -608.9459 0.6968637
419.6    -455.2638 -608.938 0.6968626
419.61    -455.1169 -608.9301 0.6968616
419.62    -454.9701 -608.9222 0.6968607
419.63    -454.8232 -608.9142 0.6968598
419.64    -454.6765 -608.9062 0.6968589
419.65    -454.5297 -608.8982 0.6968582
419.66    -454.3829 -608.8901 0.6968575
419.67    -454.2361 -608.882 0.6968567
419.68    -454.0894 -608.874 0.6968559
419.69    -453.9427 -608.8658 0.6968551
419.7    -453.796 -608.8576 0.6968542
419.71    -453.6493 -608.8494 0.6968533
419.72    -453.5027 -608.8412 0.6968522
419.73    -453.356 -608.8329 0.696851
419.74    -453.2094 -608.8246 0.6968495
419.75    -453.0628 -608.8163 0.696848
419.76    -452.9162 -608.808 0.6968463
419.77    -452.7696 -608.7997 0.6968439
419.78    -452.6231 -608.7913 0.6968408
419.79    -452.4765 -608.7829 0.6968371
419.8    -452.33 -608.7745 0.6968327
419.81    -452.1835 -608.7661 0.6968279
419.82    -452.037 -608.7576 0.6968217
419.83    -451.8906 -608.7491 0.6968145
419.84    -451.7441 -608.7405 0.6968063
419.85    -451.5977 -608.7321 0.6967971
419.86    -451.4513 -608.7235 0.6967869
419.87    -451.3049 -608.7149 0.6967751
419.88    -451.1585 -608.7064 0.6967617
419.89    -451.0121 -608.6978 0.6967469
419.9    -450.8658 -608.6891 0.6967308
419.91    -450.7195 -608.6805 0.6967133
419.92    -450.5732 -608.6719 0.6966941
419.93    -450.4268 -608.6631 0.6966733
419.94    -450.2806 -608.6545 0.6966509
419.95    -450.1343 -608.6458 0.6966271
419.96    -449.988 -608.637 0.6966019
419.97    -449.8418 -608.6283 0.6965751
419.98    -449.6956 -608.6196 0.6965469
419.99    -449.5494 -608.6108 0.6965175
420    -449.4033 -608.602 0.6964867
420.01    -449.2571 -608.5932 0.6964549
420.02    -449.111 -608.5844 0.6964219
420.03    -448.9651 -608.5756 0.6963879
420.04    -448.8197 -608.5668 0.6963529
420.05    -448.6745 -608.558 0.6963171
420.06    -448.5297 -608.5492 0.6962804
420.07    -448.3852 -608.5404 0.6962429
420.08    -448.241 -608.5317 0.6962048
420.09    -448.0971 -608.5229 0.6961662
420.1    -447.9536 -608.5142 0.6961269
420.11    -447.8103 -608.5054 0.6960871
420.12    -447.6674 -608.4967 0.6960468
420.13    -447.5248 -608.488 0.6960065
420.14    -447.3825 -608.4792 0.695966
420.15    -447.2406 -608.4706 0.6959255
420.16    -447.099 -608.4619 0.6958848
420.17    -446.9577 -608.4532 0.6958446
420.18    -446.8167 -608.4446 0.6958046
420.19    -446.676 -608.4359 0.695765
420.2    -446.5357 -608.4273 0.6957256
420.21    -446.3956 -608.4187 0.6956866
420.22    -446.256 -608.4101 0.6956483
420.23    -446.1166 -608.4015 0.6956106
420.24    -445.9775 -608.3929 0.6955734
420.25    -445.8387 -608.3844 0.695537
420.26    -445.7003 -608.3759 0.695501
420.27    -445.5622 -608.3674 0.6954661
420.28    -445.4244 -608.3589 0.6954319
420.29    -445.287 -608.3505 0.6953986
420.3    -445.1498 -608.342 0.6953661
420.31    -445.013 -608.3336 0.6953342
420.32    -444.8765 -608.3253 0.6953034
420.33    -444.7403 -608.317 0.6952736
420.34    -444.6044 -608.3086 0.6952447
420.35    -444.4688 -608.3003 0.6952166
420.36    -444.3336 -608.2921 0.6951892
420.37    -444.1986 -608.2838 0.6951627
420.38    -444.0641 -608.2756 0.6951373
420.39    -443.9298 -608.2675 0.6951128
420.4    -443.7958 -608.2593 0.6950893
420.41    -443.6621 -608.2512 0.6950667
420.42    -443.5288 -608.2431 0.6950452
420.43    -443.3958 -608.235 0.6950248
420.44    -443.2632 -608.2271 0.6950054
420.45    -443.1308 -608.2191 0.6949869
420.46    -442.9987 -608.2112 0.6949694
420.47    -442.867 -608.2032 0.694953
420.48    -442.7356 -608.1954 0.6949376
420.49    -442.6045 -608.1876 0.6949232
420.5    -442.4737 -608.1798 0.6949098
420.51    -442.3432 -608.1721 0.6948971
420.52    -442.2131 -608.1644 0.6948857
420.53    -442.0833 -608.1567 0.6948754
420.54    -441.9538 -608.1492 0.6948661
420.55    -441.8246 -608.1415 0.6948578
420.56    -441.6957 -608.134 0.6948504
420.57    -441.5672 -608.1266 0.6948442
420.58    -441.439 -608.1191 0.6948391
420.59    -441.3111 -608.1117 0.6948351
420.6    -441.1835 -608.1044 0.694832
420.61    -441.0562 -608.097 0.6948299
420.62    -440.9292 -608.0897 0.6948286
420.63    -440.8026 -608.0825 0.6948283
420.64    -440.6763 -608.0754 0.6948287
420.65    -440.5503 -608.0682 0.6948301
420.66    -440.4246 -608.0611 0.6948321
420.67    -440.2992 -608.0541 0.6948348
420.68    -440.1742 -608.0471 0.6948383
420.69    -440.0495 -608.0401 0.6948423
420.7    -439.925 -608.0332 0.694847
420.71    -439.801 -608.0264 0.6948523
420.72    -439.6772 -608.0195 0.694858
420.73    -439.5537 -608.0128 0.6948643
420.74    -439.4306 -608.006 0.694871
420.75    -439.3078 -607.9994 0.6948781
420.76    -439.1853 -607.9927 0.6948857
420.77    -439.0631 -607.9861 0.6948937
420.78    -438.9413 -607.9796 0.694902
420.79    -438.8197 -607.9731 0.6949107
420.8    -438.6985 -607.9667 0.6949196
420.81    -438.5776 -607.9603 0.6949289
420.82    -438.457 -607.954 0.6949384
420.83    -438.3367 -607.9476 0.6949479
420.84    -438.2168 -607.9414 0.6949576
420.85    -438.0972 -607.9352 0.6949673
