1574.14    -674.0847 -615.4917 0.7098479
1574.15    -673.9596 -615.4865 0.7099029
1574.16    -673.8345 -615.4813 0.70996
1574.17    -673.7093 -615.4761 0.7100181
1574.18    -673.584 -615.4709 0.710077
1574.19    -673.4587 -615.4657 0.7101367
1574.2    -673.3333 -615.4605 0.7101972
1574.21    -673.2079 -615.4553 0.710256
1574.22    -673.0823 -615.45 0.7103136
1574.23    -672.9567 -615.4448 0.7103698
1574.24    -672.8311 -615.4395 0.7104247
1574.25    -672.7053 -615.4343 0.7104785
1574.26    -672.5795 -615.429 0.7105272
1574.27    -672.4537 -615.4238 0.7105712
1574.28    -672.3277 -615.4184 0.7106109
1574.29    -672.2017 -615.4131 0.7106463
1574.3    -672.0756 -615.4078 0.710678
1574.31    -671.9494 -615.4025 0.7107027
1574.32    -671.8232 -615.3972 0.7107211
1574.33    -671.6969 -615.3918 0.7107335
1574.34    -671.5706 -615.3865 0.7107402
1574.35    -671.4441 -615.3812 0.7107416
1574.36    -671.3176 -615.3759 0.7107375
1574.37    -671.1911 -615.3705 0.7107279
1574.38    -671.0645 -615.3651 0.7107135
1574.39    -670.9377 -615.3597 0.7106944
1574.4    -670.811 -615.3543 0.7106708
1574.41    -670.6841 -615.3489 0.7106444
1574.42    -670.5573 -615.3436 0.7106151
1574.43    -670.4303 -615.3381 0.7105832
1574.44    -670.3033 -615.3327 0.7105488
1574.45    -670.1762 -615.3273 0.7105121
1574.46    -670.0491 -615.3218 0.7104753
1574.47    -669.9219 -615.3164 0.7104385
1574.48    -669.7946 -615.3109 0.7104015
1574.49    -669.6672 -615.3055 0.7103646
1574.5    -669.5397 -615.3 0.7103274
1574.51    -669.4122 -615.2946 0.7102903
1574.52    -669.2847 -615.2891 0.7102569
1574.53    -669.157 -615.2836 0.7102271
1574.54    -669.0294 -615.2781 0.7102004
1574.55    -668.9016 -615.2726 0.7101768
1574.56    -668.7738 -615.2671 0.710159
1574.57    -668.6459 -615.2616 0.7101464
1574.58    -668.518 -615.256 0.7101389
1574.59    -668.39 -615.2504 0.7101359
1574.6    -668.2618 -615.2449 0.7101375
1574.61    -668.1337 -615.2393 0.7101457
1574.62    -668.0055 -615.2338 0.7101601
1574.63    -667.8772 -615.2282 0.7101804
1574.64    -667.7488 -615.2227 0.7102063
1574.65    -667.6204 -615.2171 0.7102373
1574.66    -667.4919 -615.2115 0.7102733
1574.67    -667.3634 -615.206 0.710314
1574.68    -667.2348 -615.2004 0.7103591
1574.69    -667.1061 -615.1948 0.7104083
1574.7    -666.9774 -615.1892 0.7104614
1574.71    -666.8486 -615.1836 0.7105173
1574.72    -666.7198 -615.178 0.7105758
1574.73    -666.5909 -615.1724 0.7106366
1574.74    -666.4619 -615.1667 0.7106997
1574.75    -666.3328 -615.1611 0.7107649
1574.76    -666.2036 -615.1555 0.7108322
1574.77    -666.0744 -615.1499 0.7108986
1574.78    -665.9451 -615.1443 0.7109644
1574.79    -665.8158 -615.1387 0.7110294
1574.8    -665.6864 -615.1331 0.7110937
1574.81    -665.5569 -615.1274 0.7111551
1574.82    -665.4274 -615.1218 0.7112138
1574.83    -665.2979 -615.1162 0.7112699
1574.84    -665.1682 -615.1106 0.7113234
1574.85    -665.0385 -615.105 0.7113748
1574.86    -664.9088 -615.0994 0.7114214
1574.87    -664.7789 -615.0938 0.7114635
1574.88    -664.649 -615.0881 0.7115015
1574.89    -664.519 -615.0825 0.7115356
1574.9    -664.389 -615.0769 0.711566
1574.91    -664.2589 -615.0714 0.7115911
1574.92    -664.1287 -615.0657 0.7116113
1574.93    -663.9985 -615.0601 0.7116267
1574.94    -663.8682 -615.0545 0.7116379
1574.95    -663.7378 -615.0489 0.7116449
1574.96    -663.6074 -615.0433 0.711647
1574.97    -663.4769 -615.0377 0.7116448
1574.98    -663.3463 -615.032 0.7116384
1574.99    -663.2157 -615.0264 0.711628
1575    -663.085 -615.0209 0.7116139
1575.01    -662.9543 -615.0153 0.7115965
1575.02    -662.8235 -615.0096 0.7115763
1575.03    -662.6926 -615.004 0.7115532
1575.04    -662.5617 -614.9984 0.7115273
1575.05    -662.4307 -614.9928 0.711499
1575.06    -662.2996 -614.9872 0.7114683
1575.07    -662.1685 -614.9816 0.7114367
1575.08    -662.0374 -614.976 0.7114044
1575.09    -661.9061 -614.9704 0.7113711
1575.1    -661.7748 -614.9648 0.7113371
1575.11    -661.6434 -614.9592 0.7113038
1575.12    -661.512 -614.9536 0.7112713
1575.13    -661.3806 -614.9479 0.7112393
1575.14    -661.249 -614.9423 0.7112078
1575.15    -661.1173 -614.9368 0.7111769
1575.16    -660.9857 -614.9312 0.711148
1575.17    -660.8539 -614.9255 0.7111211
1575.18    -660.7221 -614.9199 0.711096
1575.19    -660.5902 -614.9143 0.7110727
1575.2    -660.4583 -614.9087 0.711051
1575.21    -660.3263 -614.9031 0.7110317
1575.22    -660.1943 -614.8975 0.711015
1575.23    -660.0621 -614.8919 0.7110006
1575.24    -659.9299 -614.8863 0.7109882
1575.25    -659.7977 -614.8807 0.7109779
1575.26    -659.6654 -614.8752 0.7109701
1575.27    -659.5331 -614.8696 0.7109647
1575.28    -659.4007 -614.8641 0.7109615
1575.29    -659.2682 -614.8586 0.7109604
1575.3    -659.1356 -614.853 0.7109614
1575.31    -659.0031 -614.8475 0.7109652
1575.32    -658.8704 -614.8419 0.7109718
1575.33    -658.7376 -614.8364 0.710981
1575.34    -658.6048 -614.8309 0.7109925
1575.35    -658.4719 -614.8253 0.7110062
1575.36    -658.339 -614.8198 0.7110234
1575.37    -658.206 -614.8142 0.7110437
1575.38    -658.0729 -614.8087 0.7110668
1575.39    -657.9398 -614.8032 0.7110928
1575.4    -657.8065 -614.7977 0.7111213
1575.41    -657.6733 -614.7922 0.7111532
1575.42    -657.54 -614.7867 0.7111883
1575.43    -657.4066 -614.7813 0.7112263
1575.44    -657.2731 -614.7758 0.7112671
1575.45    -657.1395 -614.7703 0.7113105
1575.46    -657.0059 -614.7648 0.7113564
1575.47    -656.8723 -614.7593 0.7114058
1575.48    -656.7385 -614.7538 0.7114582
1575.49    -656.6047 -614.7484 0.7115137
1575.5    -656.4708 -614.7429 0.7115721
1575.51    -656.3369 -614.7374 0.7116335
1575.52    -656.2028 -614.732 0.7116979
1575.53    -656.0687 -614.7266 0.7117652
1575.54    -655.9346 -614.7212 0.711835
1575.55    -655.8004 -614.7158 0.7119074
1575.56    -655.6661 -614.7103 0.7119823
1575.57    -655.5317 -614.7049 0.7120597
1575.58    -655.3973 -614.6995 0.7121393
1575.59    -655.2628 -614.6941 0.7122211
1575.6    -655.1282 -614.6887 0.7123048
1575.61    -654.9936 -614.6832 0.7123905
1575.62    -654.8589 -614.6779 0.712478
1575.63    -654.7241 -614.6725 0.712567
1575.64    -654.5893 -614.6671 0.7126577
1575.65    -654.4544 -614.6618 0.71275
1575.66    -654.3195 -614.6564 0.7128432
1575.67    -654.1844 -614.6511 0.7129375
1575.68    -654.0493 -614.6457 0.7130329
1575.69    -653.9141 -614.6403 0.7131292
1575.7    -653.7789 -614.6349 0.7132263
1575.71    -653.6436 -614.6297 0.7133233
1575.72    -653.5082 -614.6244 0.7134202
1575.73    -653.3727 -614.6191 0.7135168
1575.74    -653.2372 -614.6138 0.7136134
1575.75    -653.1016 -614.6085 0.7137099
1575.76    -652.966 -614.6031 0.7138044
1575.77    -652.8303 -614.5979 0.7138972
1575.78    -652.6945 -614.5926 0.7139881
1575.79    -652.5587 -614.5873 0.7140776
1575.8    -652.4227 -614.582 0.7141654
1575.81    -652.2867 -614.5767 0.7142487
1575.82    -652.1507 -614.5715 0.7143276
1575.83    -652.0146 -614.5663 0.7144025
1575.84    -651.8784 -614.561 0.7144735
1575.85    -651.7421 -614.5558 0.7145409
1575.86    -651.6058 -614.5505 0.7146022
1575.87    -651.4695 -614.5453 0.7146577
1575.88    -651.333 -614.54 0.7147079
1575.89    -651.1965 -614.5349 0.7147529
1575.9    -651.0599 -614.5297 0.7147931
1575.91    -650.9232 -614.5245 0.7148259
1575.92    -650.7865 -614.5193 0.7148518
1575.93    -650.6497 -614.5141 0.714871
1575.94    -650.5129 -614.5089 0.7148842
1575.95    -650.376 -614.5038 0.7148916
1575.96    -650.239 -614.4986 0.7148904
1575.97    -650.102 -614.4934 0.7148814
1575.98    -649.9648 -614.4882 0.714865
1575.99    -649.8276 -614.4831 0.7148416
1576    -649.6904 -614.478 0.7148117
1576.01    -649.553 -614.4729 0.7147755
1576.02    -649.4156 -614.4678 0.7147319
1576.03    -649.2782 -614.4626 0.7146814
1576.04    -649.1407 -614.4575 0.7146243
1576.05    -649.0031 -614.4524 0.714561
1576.06    -648.8654 -614.4473 0.714492
1576.07    -648.7277 -614.4423 0.7144166
1576.08    -648.59 -614.4372 0.7143352
1576.09    -648.4521 -614.4321 0.7142483
1576.1    -648.3141 -614.4271 0.7141561
1576.11    -648.1762 -614.422 0.7140587
1576.12    -648.0381 -614.4169 0.7139562
1576.13    -647.9 -614.4119 0.7138492
1576.14    -647.7618 -614.4069 0.7137377
1576.15    -647.6236 -614.4018 0.7136222
1576.16    -647.4853 -614.3968 0.7135027
1576.17    -647.3469 -614.3918 0.7133793
1576.18    -647.2085 -614.3868 0.7132523
1576.19    -647.07 -614.3818 0.7131218
1576.2    -646.9314 -614.3768 0.7129881
1576.21    -646.7927 -614.3718 0.7128513
1576.22    -646.6541 -614.3668 0.712711
1576.23    -646.5153 -614.3618 0.7125673
1576.24    -646.3764 -614.3569 0.7124205
1576.25    -646.2375 -614.352 0.7122707
1576.26    -646.0985 -614.347 0.7121168
1576.27    -645.9595 -614.3421 0.7119593
1576.28    -645.8204 -614.3372 0.7117983
1576.29    -645.6812 -614.3322 0.711634
1576.3    -645.542 -614.3273 0.7114667
1576.31    -645.4027 -614.3224 0.7112946
1576.32    -645.2634 -614.3175 0.7111183
1576.33    -645.124 -614.3126 0.7109379
1576.34    -644.9845 -614.3077 0.7107537
1576.35    -644.8449 -614.3029 0.710566
1576.36    -644.7053 -614.298 0.7103737
1576.37    -644.5657 -614.2932 0.7101771
1576.38    -644.4259 -614.2883 0.7099766
1576.39    -644.2861 -614.2834 0.7097724
1576.4    -644.1462 -614.2785 0.7095646
1576.41    -644.0062 -614.2737 0.7093531
1576.42    -643.8662 -614.2689 0.7091385
1576.43    -643.7261 -614.2641 0.7089206
1576.44    -643.586 -614.2593 0.7086998
1576.45    -643.4458 -614.2545 0.7084761
1576.46    -643.3055 -614.2496 0.70825
1576.47    -643.1652 -614.2448 0.7080213
1576.48    -643.0248 -614.24 0.7077904
1576.49    -642.8844 -614.2352 0.7075574
1576.5    -642.7439 -614.2303 0.7073224
1576.51    -642.6033 -614.2256 0.7070857
1576.52    -642.4627 -614.2208 0.7068473
1576.53    -642.322 -614.216 0.7066073
1576.54    -642.1812 -614.2112 0.7063659
1576.55    -642.0403 -614.2065 0.7061232
1576.56    -641.8995 -614.2017 0.7058805
1576.57    -641.7585 -614.197 0.7056378
1576.58    -641.6175 -614.1922 0.7053951
1576.59    -641.4764 -614.1874 0.7051523
1576.6    -641.3352 -614.1827 0.7049095
1576.61    -641.194 -614.1779 0.7046686
1576.62    -641.0527 -614.1732 0.7044294
1576.63    -640.9114 -614.1684 0.704192
1576.64    -640.77 -614.1637 0.7039561
1576.65    -640.6285 -614.1589 0.7037215
1576.66    -640.4869 -614.1542 0.7034914
1576.67    -640.3453 -614.1494 0.7032654
1576.68    -640.2037 -614.1447 0.7030433
1576.69    -640.062 -614.14 0.7028248
1576.7    -639.9202 -614.1353 0.7026096
1576.71    -639.7783 -614.1306 0.7024012
1576.72    -639.6364 -614.1259 0.702199
1576.73    -639.4944 -614.1212 0.7020028
1576.74    -639.3524 -614.1165 0.7018121
1576.75    -639.2103 -614.1118 0.7016265
1576.76    -639.0682 -614.1071 0.7014492
1576.77    -638.926 -614.1024 0.7012796
1576.78    -638.7837 -614.0977 0.7011173
1576.79    -638.6414 -614.093 0.7009618
1576.8    -638.499 -614.0883 0.7008126
1576.81    -638.3565 -614.0836 0.7006716
1576.82    -638.214 -614.0789 0.7005382
1576.83    -638.0714 -614.0742 0.7004122
1576.84    -637.9288 -614.0695 0.7002929
1576.85    -637.7861 -614.0648 0.70018
1576.86    -637.6434 -614.0601 0.7000744
1576.87    -637.5005 -614.0554 0.6999757
1576.88    -637.3577 -614.0507 0.6998835
1576.89    -637.2147 -614.046 0.6997974
1576.9    -637.0717 -614.0413 0.699717
1576.91    -636.9287 -614.0366 0.6996431
1576.92    -636.7856 -614.0319 0.6995754
1576.93    -636.6425 -614.0272 0.6995134
1576.94    -636.4993 -614.0225 0.6994569
1576.95    -636.3561 -614.0178 0.6994054
1576.96    -636.2128 -614.0131 0.6993595
1576.97    -636.0694 -614.0084 0.699319
1576.98    -635.926 -614.0037 0.6992835
1576.99    -635.7825 -613.999 0.6992526
1577    -635.6389 -613.9943 0.6992261
1577.01    -635.4953 -613.9896 0.6992042
1577.02    -635.3516 -613.9849 0.6991867
1577.03    -635.2079 -613.9802 0.6991734
1577.04    -635.0641 -613.9755 0.6991639
1577.05    -634.9202 -613.9708 0.6991581
1577.06    -634.7763 -613.9661 0.6991557
1577.07    -634.6324 -613.9614 0.6991566
1577.08    -634.4884 -613.9568 0.6991608
1577.09    -634.3444 -613.9521 0.6991678
1577.1    -634.2003 -613.9475 0.6991776
1577.11    -634.0561 -613.9429 0.6991901
1577.12    -633.9119 -613.9382 0.6992049
1577.13    -633.7676 -613.9336 0.699222
1577.14    -633.6232 -613.929 0.6992413
1577.15    -633.4788 -613.9243 0.6992627
1577.16    -633.3344 -613.9197 0.6992859
1577.17    -633.1898 -613.915 0.699311
1577.18    -633.0452 -613.9104 0.6993377
1577.19    -632.9006 -613.9058 0.699366
1577.2    -632.7559 -613.9011 0.6993958
1577.21    -632.6111 -613.8965 0.6994269
1577.22    -632.4664 -613.8918 0.6994594
1577.23    -632.3215 -613.8872 0.6994932
1577.24    -632.1766 -613.8826 0.6995281
1577.25    -632.0317 -613.8779 0.699564
1577.26    -631.8867 -613.8733 0.6996011
1577.27    -631.7416 -613.8687 0.699639
1577.28    -631.5964 -613.864 0.6996779
1577.29    -631.4512 -613.8594 0.6997176
1577.3    -631.306 -613.8547 0.6997581
1577.31    -631.1606 -613.8501 0.6997994
1577.32    -631.0153 -613.8455 0.6998414
1577.33    -630.8698 -613.8408 0.6998842
1577.34    -630.7243 -613.8362 0.6999274
1577.35    -630.5787 -613.8315 0.6999714
1577.36    -630.4332 -613.8269 0.700016
1577.37    -630.2875 -613.8223 0.7000613
1577.38    -630.1418 -613.8176 0.7001073
1577.39    -629.9961 -613.8129 0.7001539
1577.4    -629.8503 -613.8082 0.7002011
1577.41    -629.7044 -613.8035 0.700249
1577.42    -629.5585 -613.7988 0.7002978
1577.43    -629.4125 -613.7941 0.7003472
1577.44    -629.2664 -613.7894 0.7003973
1577.45    -629.1203 -613.7847 0.700448
1577.46    -628.9742 -613.78 0.7004995
1577.47    -628.828 -613.7753 0.7005516
1577.48    -628.6818 -613.7706 0.7006043
1577.49    -628.5355 -613.7659 0.7006577
1577.5    -628.3891 -613.7612 0.7007116
1577.51    -628.2427 -613.7565 0.7007661
1577.52    -628.0962 -613.7518 0.700821
1577.53    -627.9496 -613.7471 0.7008765
1577.54    -627.803 -613.7424 0.7009323
1577.55    -627.6564 -613.7377 0.7009886
1577.56    -627.5097 -613.733 0.7010453
1577.57    -627.363 -613.7283 0.7011023
1577.58    -627.2162 -613.7236 0.7011597
1577.59    -627.0693 -613.7189 0.7012175
1577.6    -626.9224 -613.7142 0.7012755
1577.61    -626.7755 -613.7095 0.7013339
1577.62    -626.6285 -613.7048 0.7013924
1577.63    -626.4815 -613.7001 0.7014513
1577.64    -626.3344 -613.6954 0.7015104
1577.65    -626.1873 -613.6907 0.7015696
1577.66    -626.0401 -613.686 0.7016292
1577.67    -625.8929 -613.6813 0.7016889
1577.68    -625.7456 -613.6765 0.7017488
1577.69    -625.5983 -613.6718 0.7018089
1577.7    -625.4509 -613.667 0.7018692
1577.71    -625.3034 -613.6622 0.7019297
1577.72    -625.1559 -613.6574 0.7019903
1577.73    -625.0084 -613.6526 0.7020512
1577.74    -624.8608 -613.6479 0.7021121
1577.75    -624.7131 -613.6431 0.7021732
1577.76    -624.5654 -613.6384 0.7022346
1577.77    -624.4177 -613.6336 0.7022961
1577.78    -624.2698 -613.6288 0.7023579
1577.79    -624.122 -613.6241 0.7024199
1577.8    -623.9741 -613.6193 0.702482
1577.81    -623.8262 -613.6146 0.7025445
1577.82    -623.6782 -613.6098 0.7026073
1577.83    -623.5302 -613.605 0.7026704
1577.84    -623.3821 -613.6001 0.7027338
1577.85    -623.2339 -613.5953 0.7027974
1577.86    -623.0858 -613.5905 0.7028615
1577.87    -622.9376 -613.5856 0.7029262
1577.88    -622.7894 -613.5808 0.7029913
1577.89    -622.6411 -613.576 0.7030569
1577.9    -622.4927 -613.5712 0.703123
1577.91    -622.3443 -613.5663 0.7031897
1577.92    -622.1959 -613.5615 0.7032569
1577.93    -622.0474 -613.5567 0.7033248
1577.94    -621.8988 -613.5519 0.7033932
1577.95    -621.7502 -613.5469 0.7034622
1577.96    -621.6016 -613.5421 0.7035317
1577.97    -621.4529 -613.5372 0.7036017
1577.98    -621.3043 -613.5323 0.7036723
1577.99    -621.1555 -613.5274 0.7037435
1578    -621.0067 -613.5225 0.703815
1578.01    -620.8579 -613.5176 0.7038871
1578.02    -620.709 -613.5128 0.7039596
1578.03    -620.5601 -613.5079 0.7040326
1578.04    -620.4111 -613.503 0.7041059
1578.05    -620.2621 -613.498 0.7041796
1578.06    -620.113 -613.493 0.7042536
1578.07    -619.9639 -613.4881 0.704328
1578.08    -619.8148 -613.4832 0.7044026
1578.09    -619.6656 -613.4782 0.7044775
1578.1    -619.5164 -613.4733 0.7045527
1578.11    -619.3672 -613.4683 0.7046282
1578.12    -619.2179 -613.4634 0.7047038
1578.13    -619.0685 -613.4584 0.7047797
1578.14    -618.9191 -613.4535 0.7048557
1578.15    -618.7697 -613.4485 0.704932
1578.16    -618.6202 -613.4434 0.7050084
1578.17    -618.4706 -613.4384 0.7050851
1578.18    -618.321 -613.4334 0.7051618
1578.19    -618.1714 -613.4284 0.7052387
1578.2    -618.0218 -613.4234 0.7053157
1578.21    -617.8721 -613.4184 0.7053928
1578.22    -617.7224 -613.4134 0.7054701
1578.23    -617.5726 -613.4084 0.7055475
1578.24    -617.4228 -613.4033 0.7056249
1578.25    -617.2729 -613.3983 0.7057025
1578.26    -617.123 -613.3931 0.70578
1578.27    -616.973 -613.3881 0.7058577
1578.28    -616.823 -613.383 0.7059354
1578.29    -616.673 -613.3779 0.706013
1578.3    -616.5229 -613.3729 0.7060907
1578.31    -616.3728 -613.3678 0.7061678
1578.32    -616.2227 -613.3627 0.7062442
1578.33    -616.0724 -613.3576 0.70632
1578.34    -615.9222 -613.3525 0.7063951
1578.35    -615.7719 -613.3474 0.70647
1578.36    -615.6215 -613.3422 0.706543
1578.37    -615.4711 -613.337 0.7066146
1578.38    -615.3207 -613.3319 0.7066846
1578.39    -615.1702 -613.3268 0.7067535
1578.4    -615.0197 -613.3217 0.706821
1578.41    -614.8692 -613.3165 0.7068864
1578.42    -614.7186 -613.3113 0.7069497
1578.43    -614.568 -613.3062 0.7070112
1578.44    -614.4173 -613.301 0.7070709
1578.45    -614.2665 -613.2958 0.707129
1578.46    -614.1158 -613.2906 0.7071842
1578.47    -613.965 -613.2854 0.7072366
1578.48    -613.8141 -613.2802 0.7072864
1578.49    -613.6633 -613.275 0.7073339
1578.5    -613.5123 -613.2698 0.7073792
1578.51    -613.3614 -613.2646 0.7074206
1578.52    -613.2104 -613.2594 0.7074586
1578.53    -613.0594 -613.2542 0.7074934
1578.54    -612.9083 -613.249 0.7075251
1578.55    -612.7572 -613.2437 0.7075539
1578.56    -612.6061 -613.2385 0.7075784
1578.57    -612.4549 -613.2332 0.7075989
1578.58    -612.3036 -613.228 0.7076156
1578.59    -612.1524 -613.2227 0.7076287
1578.6    -612.0011 -613.2175 0.7076386
1578.61    -611.8498 -613.2122 0.7076437
1578.62    -611.6984 -613.207 0.7076447
1578.63    -611.547 -613.2017 0.7076416
1578.64    -611.3956 -613.1965 0.7076347
1578.65    -611.2441 -613.1912 0.7076243
1578.66    -611.0926 -613.186 0.7076094
1578.67    -610.941 -613.1807 0.7075903
1578.68    -610.7894 -613.1755 0.7075673
1578.69    -610.6378 -613.1702 0.7075408
1578.7    -610.4861 -613.1649 0.7075107
1578.71    -610.3344 -613.1595 0.7074769
1578.72    -610.1827 -613.1542 0.7074395
1578.73    -610.0309 -613.1489 0.707399
1578.74    -609.879 -613.1436 0.7073554
1578.75    -609.7272 -613.1383 0.7073089
1578.76    -609.5753 -613.133 0.7072598
1578.77    -609.4233 -613.1277 0.7072083
1578.78    -609.2714 -613.1224 0.7071543
1578.79    -609.1193 -613.1171 0.7070983
1578.8    -608.9672 -613.1118 0.7070401
1578.81    -608.8151 -613.1064 0.7069803
1578.82    -608.663 -613.1011 0.7069188
1578.83    -608.5109 -613.0958 0.7068559
1578.84    -608.3586 -613.0905 0.7067915
1578.85    -608.2064 -613.0852 0.7067258
1578.86    -608.0541 -613.0799 0.7066593
1578.87    -607.9017 -613.0746 0.706592
1578.88    -607.7494 -613.0693 0.7065239
1578.89    -607.597 -613.064 0.7064551
1578.9    -607.4445 -613.0587 0.7063857
1578.91    -607.2921 -613.0534 0.7063159
1578.92    -607.1395 -613.0481 0.7062457
1578.93    -606.987 -613.0428 0.7061752
1578.94    -606.8344 -613.0375 0.7061043
1578.95    -606.6818 -613.0322 0.7060332
1578.96    -606.5291 -613.0269 0.705962
1578.97    -606.3764 -613.0215 0.705891
1578.98    -606.2237 -613.0162 0.7058198
1578.99    -606.0709 -613.0109 0.7057487
1579    -605.9181 -613.0055 0.7056777
1579.01    -605.7653 -613.0001 0.7056072
1579.02    -605.6124 -612.9948 0.705537
1579.03    -605.4595 -612.9895 0.7054672
1579.04    -605.3065 -612.9842 0.7053978
1579.05    -605.1535 -612.9789 0.7053288
1579.06    -605.0005 -612.9736 0.7052607
1579.07    -604.8474 -612.9683 0.7051934
1579.08    -604.6943 -612.963 0.7051269
1579.09    -604.5411 -612.9576 0.7050613
1579.1    -604.3879 -612.9523 0.7049963
1579.11    -604.2347 -612.947 0.704933
1579.12    -604.0815 -612.9418 0.7048712
1579.13    -603.9282 -612.9365 0.704811
1579.14    -603.7748 -612.9312 0.7047521
1579.15    -603.6215 -612.9258 0.7046946
1579.16    -603.4681 -612.9205 0.7046391
1579.17    -603.3146 -612.9152 0.7045857
1579.18    -603.1611 -612.9099 0.704534
1579.19    -603.0076 -612.9046 0.704484
1579.2    -602.8541 -612.8993 0.7044358
1579.21    -602.7005 -612.894 0.7043898
1579.22    -602.5469 -612.8887 0.7043459
1579.23    -602.3932 -612.8834 0.704304
1579.24    -602.2395 -612.8781 0.704264
1579.25    -602.0858 -612.8728 0.704226
1579.26    -601.932 -612.8675 0.7041902
1579.27    -601.7782 -612.8622 0.7041567
1579.28    -601.6243 -612.8569 0.7041254
1579.29    -601.4704 -612.8516 0.7040962
1579.3    -601.3165 -612.8463 0.7040688
1579.31    -601.1625 -612.8409 0.7040445
1579.32    -601.0085 -612.8356 0.7040232
1579.33    -600.8545 -612.8303 0.7040048
1579.34    -600.7004 -612.825 0.7039888
1579.35    -600.5463 -612.8198 0.7039753
1579.36    -600.3922 -612.8145 0.7039658
1579.37    -600.238 -612.8091 0.70396
1579.38    -600.0837 -612.8038 0.7039577
1579.39    -599.9294 -612.7985 0.7039587
1579.4    -599.7751 -612.7932 0.7039627
1579.41    -599.6208 -612.788 0.7039712
1579.42    -599.4664 -612.7827 0.7039838
1579.43    -599.312 -612.7775 0.7040001
1579.44    -599.1575 -612.7722 0.7040201
1579.45    -599.0031 -612.767 0.7040435
1579.46    -598.8485 -612.7617 0.7040712
1579.47    -598.694 -612.7565 0.7041029
1579.48    -598.5394 -612.7512 0.7041385
1579.49    -598.3847 -612.746 0.7041776
1579.5    -598.23 -612.7407 0.7042201
1579.51    -598.0753 -612.7355 0.7042667
1579.52    -597.9206 -612.7302 0.7043174
1579.53    -597.7658 -612.725 0.7043718
1579.54    -597.611 -612.7197 0.7044296
1579.55    -597.4561 -612.7145 0.7044908
1579.56    -597.3012 -612.7093 0.7045556
1579.57    -597.1463 -612.704 0.7046239
1579.58    -596.9913 -612.6988 0.7046953
1579.59    -596.8363 -612.6935 0.7047698
1579.6    -596.6813 -612.6883 0.7048472
1579.61    -596.5262 -612.683 0.7049276
1579.62    -596.3711 -612.6778 0.7050107
1579.63    -596.2159 -612.6725 0.7050965
1579.64    -596.0607 -612.6673 0.7051847
1579.65    -595.9055 -612.662 0.7052753
1579.66    -595.7502 -612.6568 0.705368
1579.67    -595.595 -612.6516 0.7054628
1579.68    -595.4396 -612.6463 0.7055595
1579.69    -595.2842 -612.6411 0.705658
1579.7    -595.1288 -612.6358 0.7057581
1579.71    -594.9734 -612.6306 0.7058599
1579.72    -594.8179 -612.6253 0.7059631
1579.73    -594.6624 -612.6201 0.7060677
1579.74    -594.5068 -612.6147 0.7061737
1579.75    -594.3513 -612.6095 0.7062807
1579.76    -594.1956 -612.6042 0.706389
1579.77    -594.04 -612.599 0.7064983
1579.78    -593.8843 -612.5938 0.7066086
1579.79    -593.7285 -612.5885 0.7067199
1579.8    -593.5728 -612.5833 0.7068319
1579.81    -593.4169 -612.578 0.7069448
1579.82    -593.2611 -612.5728 0.7070585
1579.83    -593.1052 -612.5675 0.7071729
1579.84    -592.9493 -612.5623 0.707288
1579.85    -592.7933 -612.557 0.7074037
1579.86    -592.6373 -612.5518 0.7075199
1579.87    -592.4813 -612.5465 0.7076368
1579.88    -592.3253 -612.5413 0.7077541
1579.89    -592.1691 -612.536 0.7078719
1579.9    -592.013 -612.5308 0.7079901
1579.91    -591.8568 -612.5255 0.7081087
1579.92    -591.7006 -612.5203 0.7082278
1579.93    -591.5444 -612.5151 0.7083471
1579.94    -591.3881 -612.5098 0.7084668
1579.95    -591.2318 -612.5046 0.7085868
1579.96    -591.0754 -612.4993 0.708707
1579.97    -590.919 -612.4941 0.7088274
1579.98    -590.7626 -612.489 0.708948
1579.99    -590.6061 -612.4838 0.7090688
1580    -590.4496 -612.4786 0.7091898
1580.01    -590.293 -612.4734 0.7093107
1580.02    -590.1365 -612.4682 0.7094314
1580.03    -589.9799 -612.463 0.7095519
1580.04    -589.8232 -612.4579 0.7096724
1580.05    -589.6664 -612.4527 0.7097928
1580.06    -589.5097 -612.4475 0.7099126
1580.07    -589.3529 -612.4423 0.7100318
1580.08    -589.196 -612.4371 0.7101505
1580.09    -589.0391 -612.4319 0.7102687
1580.1    -588.8822 -612.4268 0.7103864
1580.11    -588.7252 -612.4216 0.7105032
1580.12    -588.5682 -612.4164 0.7106192
1580.13    -588.4111 -612.4113 0.7107342
1580.14    -588.254 -612.4062 0.7108486
1580.15    -588.0969 -612.4011 0.7109622
1580.16    -587.9396 -612.3959 0.7110742
1580.17    -587.7824 -612.3908 0.7111845
1580.18    -587.6251 -612.3857 0.7112934
1580.19    -587.4678 -612.3806 0.7114009
1580.2    -587.3104 -612.3755 0.7115071
1580.21    -587.153 -612.3704 0.7116109
1580.22    -586.9955 -612.3652 0.7117123
1580.23    -586.838 -612.3602 0.7118115
1580.24    -586.6804 -612.3551 0.7119087
1580.25    -586.5227 -612.35 0.7120041
1580.26    -586.3651 -612.345 0.7120968
1580.27    -586.2073 -612.3399 0.7121869
1580.28    -586.0496 -612.3348 0.7122748
1580.29    -585.8917 -612.3298 0.7123606
1580.3    -585.7338 -612.3248 0.7124442
1580.31    -585.5759 -612.3197 0.7125259
1580.32    -585.418 -612.3147 0.7126057
1580.33    -585.2599 -612.3097 0.7126837
1580.34    -585.1019 -612.3047 0.7127599
1580.35    -584.9438 -612.2997 0.7128346
1580.36    -584.7856 -612.2947 0.7129079
1580.37    -584.6274 -612.2897 0.7129798
1580.38    -584.4692 -612.2848 0.7130505
1580.39    -584.3109 -612.2798 0.7131202
1580.4    -584.1526 -612.2749 0.7131888
1580.41    -583.9942 -612.27 0.7132564
1580.42    -583.8358 -612.265 0.7133232
1580.43    -583.6774 -612.2601 0.7133892
1580.44    -583.5189 -612.2552 0.7134544
1580.45    -583.3603 -612.2502 0.713519
1580.46    -583.2017 -612.2454 0.7135831
1580.47    -583.0431 -612.2405 0.7136466
1580.48    -582.8844 -612.2357 0.7137097
1580.49    -582.7256 -612.2308 0.7137722
1580.5    -582.5668 -612.2259 0.7138343
1580.51    -582.408 -612.221 0.7138966
1580.52    -582.2491 -612.2162 0.7139587
1580.53    -582.0902 -612.2114 0.7140208
1580.54    -581.9312 -612.2066 0.7140831
1580.55    -581.7722 -612.2018 0.7141452
1580.56    -581.6131 -612.197 0.714208
1580.57    -581.454 -612.1923 0.7142714
1580.58    -581.2947 -612.1875 0.7143354
1580.59    -581.1355 -612.1827 0.7143999
1580.6    -580.9763 -612.178 0.7144648
1580.61    -580.817 -612.1733 0.7145303
1580.62    -580.6576 -612.1685 0.7145967
1580.63    -580.4982 -612.1638 0.7146642
1580.64    -580.3388 -612.1591 0.7147325
1580.65    -580.1793 -612.1545 0.7148017
1580.66    -580.0198 -612.1498 0.7148716
1580.67    -579.8603 -612.1451 0.7149423
1580.68    -579.7007 -612.1404 0.7150137
1580.69    -579.541 -612.1358 0.7150858
1580.7    -579.3813 -612.1312 0.7151585
1580.71    -579.2216 -612.1266 0.7152311
1580.72    -579.0618 -612.1219 0.7153037
1580.73    -578.9019 -612.1174 0.7153763
1580.74    -578.742 -612.1129 0.7154487
1580.75    -578.582 -612.1083 0.7155212
1580.76    -578.4221 -612.1037 0.7155917
1580.77    -578.262 -612.0991 0.7156605
1580.78    -578.1019 -612.0946 0.7157276
1580.79    -577.9418 -612.0901 0.7157932
1580.8    -577.7816 -612.0856 0.7158573
1580.81    -577.6214 -612.0811 0.7159178
1580.82    -577.4611 -612.0766 0.715975
1580.83    -577.3008 -612.0721 0.7160292
1580.84    -577.1404 -612.0677 0.7160804
1580.85    -576.98 -612.0633 0.7161288
1580.86    -576.8196 -612.0588 0.7161748
1580.87    -576.6591 -612.0544 0.7162164
1580.88    -576.4986 -612.05 0.7162544
1580.89    -576.338 -612.0456 0.7162886
1580.9    -576.1774 -612.0412 0.7163194
1580.91    -576.0167 -612.0368 0.7163464
1580.92    -575.856 -612.0324 0.7163697
1580.93    -575.6952 -612.028 0.7163897
1580.94    -575.5344 -612.0236 0.7164065
1580.95    -575.3735 -612.0193 0.7164204
1580.96    -575.2126 -612.015 0.716431
1580.97    -575.0516 -612.0106 0.7164386
1580.98    -574.8906 -612.0063 0.7164434
1580.99    -574.7296 -612.002 0.7164455
1581    -574.5684 -611.9976 0.7164452
1581.01    -574.4073 -611.9933 0.7164424
1581.02    -574.2461 -611.989 0.7164373
1581.03    -574.0848 -611.9846 0.7164299
1581.04    -573.9235 -611.9803 0.7164207
1581.05    -573.7621 -611.976 0.7164094
1581.06    -573.6008 -611.9717 0.716396
1581.07    -573.4393 -611.9675 0.7163807
1581.08    -573.2778 -611.9633 0.7163635
1581.09    -573.1163 -611.959 0.7163445
1581.1    -572.9547 -611.9547 0.7163238
1581.11    -572.793 -611.9504 0.7163015
1581.12    -572.6313 -611.9462 0.7162771
1581.13    -572.4695 -611.9419 0.7162506
1581.14    -572.3077 -611.9376 0.7162221
1581.15    -572.1459 -611.9333 0.7161918
1581.16    -571.984 -611.929 0.7161587
1581.17    -571.8221 -611.9248 0.7161231
1581.18    -571.6601 -611.9206 0.716085
1581.19    -571.498 -611.9164 0.7160448
1581.2    -571.3359 -611.9122 0.7160023
1581.21    -571.1738 -611.908 0.7159563
1581.22    -571.0117 -611.9037 0.7159069
1581.23    -570.8494 -611.8995 0.7158542
1581.24    -570.6871 -611.8953 0.7157987
1581.25    -570.5248 -611.8911 0.7157404
1581.26    -570.3624 -611.8869 0.715678
1581.27    -570.2 -611.8827 0.7156118
1581.28    -570.0375 -611.8785 0.7155421
1581.29    -569.875 -611.8743 0.715469
1581.3    -569.7124 -611.8701 0.7153928
1581.31    -569.5497 -611.8658 0.7153128
1581.32    -569.3871 -611.8616 0.7152295
1581.33    -569.2244 -611.8574 0.7151428
1581.34    -569.0616 -611.8532 0.7150531
1581.35    -568.8987 -611.849 0.7149605
1581.36    -568.7358 -611.8448 0.7148648
1581.37    -568.5729 -611.8405 0.7147662
1581.38    -568.4099 -611.8363 0.714665
1581.39    -568.2468 -611.8321 0.7145612
1581.4    -568.0837 -611.8279 0.7144551
1581.41    -567.9205 -611.8237 0.7143467
1581.42    -567.7573 -611.8195 0.7142363
1581.43    -567.5941 -611.8152 0.7141239
1581.44    -567.4307 -611.811 0.7140096
1581.45    -567.2673 -611.8068 0.7138938
1581.46    -567.1039 -611.8026 0.7137762
1581.47    -566.9405 -611.7984 0.7136571
1581.48    -566.777 -611.7942 0.7135367
1581.49    -566.6134 -611.79 0.7134148
1581.5    -566.4498 -611.7858 0.7132917
1581.51    -566.2861 -611.7815 0.7131675
1581.52    -566.1224 -611.7773 0.7130422
1581.53    -565.9587 -611.7731 0.7129158
1581.54    -565.7949 -611.7688 0.7127885
1581.55    -565.631 -611.7645 0.7126602
1581.56    -565.467 -611.7603 0.7125311
1581.57    -565.303 -611.756 0.7124013
1581.58    -565.139 -611.7517 0.7122707
1581.59    -564.9749 -611.7474 0.7121393
1581.6    -564.8108 -611.7431 0.7120073
1581.61    -564.6466 -611.7388 0.7118747
1581.62    -564.4824 -611.7344 0.7117414
1581.63    -564.3181 -611.7301 0.7116077
1581.64    -564.1537 -611.7257 0.7114735
1581.65    -563.9893 -611.7214 0.7113387
1581.66    -563.8248 -611.717 0.7112036
1581.67    -563.6603 -611.7126 0.711068
1581.68    -563.4958 -611.7081 0.710932
1581.69    -563.3312 -611.7037 0.7107958
1581.7    -563.1665 -611.6993 0.7106591
1581.71    -563.0018 -611.6949 0.7105227
1581.72    -562.8371 -611.6904 0.7103865
1581.73    -562.6723 -611.6859 0.7102503
1581.74    -562.5074 -611.6815 0.7101142
1581.75    -562.3425 -611.6769 0.7099783
1581.76    -562.1776 -611.6724 0.7098435
1581.77    -562.0126 -611.6678 0.7097096
1581.78    -561.8476 -611.6633 0.7095766
1581.79    -561.6825 -611.6587 0.7094445
1581.8    -561.5174 -611.6541 0.709313
1581.81    -561.3522 -611.6495 0.709184
1581.82    -561.1869 -611.6448 0.7090571
1581.83    -561.0216 -611.6401 0.7089322
1581.84    -560.8563 -611.6355 0.7088094
1581.85    -560.6909 -611.6308 0.7086883
1581.86    -560.5254 -611.6261 0.70857
1581.87    -560.3599 -611.6214 0.7084544
1581.88    -560.1943 -611.6166 0.7083414
1581.89    -560.0286 -611.6119 0.7082307
1581.9    -559.8629 -611.6071 0.7081223
1581.91    -559.6972 -611.6022 0.7080171
1581.92    -559.5314 -611.5974 0.7079147
1581.93    -559.3656 -611.5925 0.7078152
1581.94    -559.1997 -611.5876 0.7077183
1581.95    -559.0338 -611.5827 0.7076238
1581.96    -558.8678 -611.5777 0.7075326
1581.97    -558.7018 -611.5728 0.7074446
1581.98    -558.5357 -611.5677 0.7073596
1581.99    -558.3696 -611.5627 0.7072771
1582    -558.2034 -611.5576 0.7071974
1582.01    -558.0372 -611.5526 0.7071208
1582.02    -557.8709 -611.5474 0.7070473
1582.03    -557.7046 -611.5422 0.7069767
1582.04    -557.5382 -611.537 0.7069088
1582.05    -557.3718 -611.5317 0.7068434
1582.06    -557.2053 -611.5265 0.7067813
1582.07    -557.0388 -611.5212 0.7067223
1582.08    -556.8723 -611.5158 0.7066662
1582.09    -556.7056 -611.5104 0.7066129
1582.1    -556.5389 -611.505 0.706562
1582.11    -556.3723 -611.4995 0.7065145
1582.12    -556.2055 -611.494 0.7064699
1582.13    -556.0387 -611.4884 0.706428
1582.14    -555.8718 -611.4828 0.7063888
1582.15    -555.7049 -611.4771 0.706352
1582.16    -555.538 -611.4714 0.7063183
1582.17    -555.371 -611.4656 0.7062874
1582.18    -555.2039 -611.4598 0.7062593
1582.19    -555.0368 -611.4539 0.7062336
1582.2    -554.8696 -611.448 0.7062103
1582.21    -554.7025 -611.442 0.7061899
1582.22    -554.5352 -611.436 0.7061722
1582.23    -554.3679 -611.4299 0.706157
1582.24    -554.2006 -611.4237 0.7061442
1582.25    -554.0332 -611.4175 0.7061335
1582.26    -553.8658 -611.4113 0.7061254
1582.27    -553.6983 -611.405 0.7061199
1582.28    -553.5308 -611.3986 0.7061166
1582.29    -553.3632 -611.3922 0.7061154
1582.3    -553.1955 -611.3857 0.7061163
1582.31    -553.0278 -611.3792 0.7061195
1582.32    -552.8601 -611.3726 0.7061249
1582.33    -552.6923 -611.3659 0.7061323
1582.34    -552.5245 -611.3592 0.7061418
1582.35    -552.3566 -611.3524 0.706153
1582.36    -552.1887 -611.3454 0.7061661
1582.37    -552.0207 -611.3384 0.706181
1582.38    -551.8527 -611.3314 0.7061976
1582.39    -551.6846 -611.3243 0.7062157
1582.4    -551.5164 -611.3171 0.7062353
1582.41    -551.3482 -611.3099 0.7062563
1582.42    -551.18 -611.3027 0.7062786
1582.43    -551.0118 -611.2953 0.7063021
1582.44    -550.8434 -611.2879 0.7063268
1582.45    -550.675 -611.2805 0.7063525
1582.46    -550.5067 -611.2729 0.7063791
1582.47    -550.3382 -611.2654 0.7064068
1582.48    -550.1697 -611.2578 0.7064353
1582.49    -550.0011 -611.2501 0.7064646
1582.5    -549.8325 -611.2423 0.7064947
1582.51    -549.6638 -611.2344 0.7065256
1582.52    -549.4951 -611.2266 0.7065571
1582.53    -549.3264 -611.2186 0.7065893
1582.54    -549.1575 -611.2106 0.706622
1582.55    -548.9887 -611.2026 0.7066553
1582.56    -548.8198 -611.1945 0.7066892
1582.57    -548.6509 -611.1863 0.7067236
1582.58    -548.4819 -611.178 0.7067584
1582.59    -548.3129 -611.1697 0.7067937
1582.6    -548.1439 -611.1613 0.7068293
1582.61    -547.9747 -611.1528 0.7068654
1582.62    -547.8055 -611.1443 0.7069018
1582.63    -547.6363 -611.1357 0.7069386
1582.64    -547.467 -611.127 0.7069756
1582.65    -547.2977 -611.1183 0.707013
1582.66    -547.1283 -611.1096 0.7070507
1582.67    -546.9589 -611.1007 0.7070886
1582.68    -546.7894 -611.0918 0.7071267
1582.69    -546.6198 -611.0828 0.7071651
1582.7    -546.4503 -611.0739 0.7072038
1582.71    -546.2806 -611.0648 0.7072425
1582.72    -546.111 -611.0556 0.7072816
1582.73    -545.9412 -611.0464 0.7073207
1582.74    -545.7714 -611.0372 0.7073601
1582.75    -545.6016 -611.0278 0.7073997
1582.76    -545.4318 -611.0185 0.7074393
1582.77    -545.2618 -611.009 0.7074791
1582.78    -545.0919 -610.9995 0.7075191
1582.79    -544.9218 -610.99 0.707559
1582.8    -544.7518 -610.9803 0.7075991
1582.81    -544.5817 -610.9706 0.7076393
1582.82    -544.4115 -610.9609 0.7076795
1582.83    -544.2413 -610.9511 0.7077197
1582.84    -544.071 -610.9412 0.70776
1582.85    -543.9008 -610.9313 0.7078004
1582.86    -543.7304 -610.9213 0.7078408
1582.87    -543.56 -610.9113 0.7078812
1582.88    -543.3895 -610.9012 0.7079217
1582.89    -543.2191 -610.891 0.7079622
1582.9    -543.0485 -610.8808 0.7080027
1582.91    -542.8779 -610.8705 0.7080431
1582.92    -542.7073 -610.8601 0.7080833
1582.93    -542.5367 -610.8497 0.7081234
1582.94    -542.366 -610.8392 0.7081634
1582.95    -542.1952 -610.8287 0.7082033
1582.96    -542.0244 -610.8181 0.708243
1582.97    -541.8536 -610.8074 0.7082824
1582.98    -541.6828 -610.7968 0.7083215
1582.99    -541.512 -610.7861 0.7083605
1583    -541.3411 -610.7753 0.7083993
1583.01    -541.1703 -610.7645 0.7084378
1583.02    -540.9995 -610.7535 0.7084761
1583.03    -540.8286 -610.7426 0.7085142
1583.04    -540.6577 -610.7316 0.7085521
1583.05    -540.4868 -610.7205 0.7085897
1583.06    -540.316 -610.7095 0.7086272
1583.07    -540.1451 -610.6983 0.7086645
1583.08    -539.9743 -610.6871 0.7087017
1583.09    -539.8035 -610.6758 0.7087387
1583.1    -539.6326 -610.6646 0.7087756
1583.11    -539.4618 -610.6532 0.7088124
1583.12    -539.291 -610.6418 0.708849
1583.13    -539.1202 -610.6304 0.7088856
1583.14    -538.9495 -610.619 0.708922
1583.15    -538.7787 -610.6074 0.7089583
1583.16    -538.608 -610.5958 0.7089946
1583.17    -538.4373 -610.5842 0.7090309
1583.18    -538.2666 -610.5725 0.709067
1583.19    -538.0959 -610.5608 0.7091032
1583.2    -537.9253 -610.5491 0.7091394
1583.21    -537.7547 -610.5372 0.7091755
1583.22    -537.5841 -610.5254 0.7092116
1583.23    -537.4135 -610.5134 0.7092479
1583.24    -537.243 -610.5014 0.7092841
1583.25    -537.0724 -610.4894 0.7093203
1583.26    -536.9019 -610.4774 0.7093565
1583.27    -536.7314 -610.4653 0.7093928
1583.28    -536.561 -610.4532 0.709429
1583.29    -536.3906 -610.441 0.7094653
1583.3    -536.2201 -610.4288 0.7095016
1583.31    -536.0497 -610.4166 0.7095379
1583.32    -535.8793 -610.4042 0.7095742
1583.33    -535.7089 -610.3919 0.7096105
1583.34    -535.5386 -610.3795 0.7096468
1583.35    -535.3682 -610.3671 0.7096831
1583.36    -535.1979 -610.3546 0.7097195
1583.37    -535.0276 -610.3421 0.7097559
1583.38    -534.8574 -610.3295 0.7097922
1583.39    -534.6871 -610.3169 0.7098287
1583.4    -534.5169 -610.3043 0.709865
1583.41    -534.3467 -610.2916 0.7099015
1583.42    -534.1766 -610.2789 0.7099379
1583.43    -534.0064 -610.2661 0.7099743
1583.44    -533.8362 -610.2533 0.7100108
1583.45    -533.6661 -610.2404 0.7100473
1583.46    -533.496 -610.2275 0.7100838
1583.47    -533.326 -610.2145 0.7101203
1583.48    -533.1559 -610.2016 0.7101569
1583.49    -532.9859 -610.1885 0.7101935
1583.5    -532.8159 -610.1755 0.7102301
1583.51    -532.6459 -610.1624 0.7102666
1583.52    -532.476 -610.1492 0.7103032
1583.53    -532.306 -610.136 0.7103398
1583.54    -532.1361 -610.1229 0.7103765
1583.55    -531.9662 -610.1096 0.7104131
1583.56    -531.7963 -610.0963 0.7104498
1583.57    -531.6265 -610.0829 0.7104865
1583.58    -531.4566 -610.0696 0.7105231
1583.59    -531.2868 -610.0563 0.7105597
1583.6    -531.117 -610.0428 0.7105965
1583.61    -530.9473 -610.0294 0.7106332
1583.62    -530.7775 -610.0159 0.7106699
1583.63    -530.6078 -610.0024 0.7107067
1583.64    -530.438 -609.9889 0.7107434
1583.65    -530.2683 -609.9753 0.7107801
1583.66    -530.0986 -609.9617 0.7108169
1583.67    -529.929 -609.9481 0.7108536
1583.68    -529.7593 -609.9345 0.7108904
1583.69    -529.5897 -609.9208 0.7109272
1583.7    -529.4201 -609.9071 0.710964
1583.71    -529.2505 -609.8934 0.7110007
1583.72    -529.0809 -609.8797 0.7110373
1583.73    -528.9114 -609.866 0.7110737
1583.74    -528.7418 -609.8522 0.71111
1583.75    -528.5723 -609.8384 0.7111459
1583.76    -528.4028 -609.8246 0.7111814
1583.77    -528.2334 -609.8109 0.7112163
1583.78    -528.064 -609.7971 0.7112506
1583.79    -527.8945 -609.7832 0.7112844
1583.8    -527.7251 -609.7693 0.7113178
1583.81    -527.5557 -609.7555 0.7113497
1583.82    -527.3864 -609.7416 0.7113801
1583.83    -527.217 -609.7278 0.7114093
1583.84    -527.0477 -609.7139 0.7114371
1583.85    -526.8784 -609.7 0.7114637
1583.86    -526.709 -609.6862 0.7114881
1583.87    -526.5398 -609.6722 0.7115102
1583.88    -526.3705 -609.6583 0.7115303
1583.89    -526.2013 -609.6445 0.7115483
1583.9    -526.032 -609.6306 0.7115645
1583.91    -525.8629 -609.6166 0.7115773
1583.92    -525.6937 -609.6028 0.7115868
1583.93    -525.5245 -609.5889 0.7115933
1583.94    -525.3553 -609.5751 0.711597
1583.95    -525.1862 -609.5613 0.7115979
1583.96    -525.017 -609.5475 0.7115945
1583.97    -524.8479 -609.5336 0.7115871
1583.98    -524.6788 -609.5198 0.7115759
1583.99    -524.5098 -609.506 0.711561
1584    -524.3407 -609.4922 0.7115427
1584.01    -524.1717 -609.4785 0.7115201
1584.02    -524.0026 -609.4647 0.7114936
1584.03    -523.8336 -609.451 0.7114634
1584.04    -523.6646 -609.4373 0.7114297
1584.05    -523.4956 -609.4236 0.7113926
1584.06    -523.3267 -609.41 0.7113513
1584.07    -523.1577 -609.3964 0.7113063
1584.08    -522.9888 -609.3828 0.7112575
1584.09    -522.8198 -609.3691 0.7112054
1584.1    -522.6509 -609.3556 0.71115
1584.11    -522.4821 -609.3421 0.7110912
1584.12    -522.3132 -609.3286 0.7110291
1584.13    -522.1443 -609.3152 0.7109639
1584.14    -521.9755 -609.3018 0.7108958
1584.15    -521.8067 -609.2885 0.7108251
1584.16    -521.6379 -609.2751 0.7107518
1584.17    -521.4691 -609.2619 0.7106761
1584.18    -521.3003 -609.2487 0.7105979
1584.19    -521.1315 -609.2355 0.7105175
1584.2    -520.9628 -609.2224 0.710435
1584.21    -520.7941 -609.2093 0.7103506
1584.22    -520.6254 -609.1962 0.7102643
1584.23    -520.4567 -609.1832 0.7101763
1584.24    -520.288 -609.1703 0.7100866
1584.25    -520.1193 -609.1574 0.7099955
1584.26    -519.9506 -609.1447 0.709903
1584.27    -519.782 -609.1318 0.7098092
1584.28    -519.6133 -609.1191 0.7097144
1584.29    -519.4446 -609.1064 0.7096184
1584.3    -519.276 -609.0938 0.7095213
1584.31    -519.1074 -609.0812 0.7094237
1584.32    -518.9388 -609.0687 0.7093254
1584.33    -518.7703 -609.0563 0.7092266
1584.34    -518.6017 -609.0439 0.7091274
1584.35    -518.4331 -609.0316 0.7090276
1584.36    -518.2646 -609.0194 0.7089284
1584.37    -518.0961 -609.0072 0.7088298
1584.38    -517.9276 -608.9951 0.7087318
1584.39    -517.759 -608.983 0.7086341
1584.4    -517.5905 -608.971 0.7085369
1584.41    -517.4221 -608.9592 0.7084419
1584.42    -517.2536 -608.9473 0.7083488
1584.43    -517.0851 -608.9356 0.7082576
1584.44    -516.9167 -608.9239 0.7081681
1584.45    -516.7484 -608.9124 0.7080803
1584.46    -516.58 -608.9008 0.7079957
1584.47    -516.4116 -608.8894 0.707914
1584.48    -516.2432 -608.878 0.7078351
1584.49    -516.0748 -608.8667 0.7077588
1584.5    -515.9064 -608.8555 0.7076849
1584.51    -515.7381 -608.8444 0.7076148
1584.52    -515.5698 -608.8334 0.7075481
1584.53    -515.4015 -608.8224 0.7074847
1584.54    -515.2332 -608.8115 0.7074244
1584.55    -515.0649 -608.8007 0.707367
1584.56    -514.8967 -608.79 0.7073131
1584.57    -514.7285 -608.7794 0.7072623
1584.58    -514.5602 -608.7689 0.7072147
1584.59    -514.392 -608.7584 0.7071698
1584.6    -514.2238 -608.748 0.7071277
1584.61    -514.0557 -608.7377 0.7070888
1584.62    -513.8875 -608.7276 0.7070527
1584.63    -513.7193 -608.7175 0.7070194
1584.64    -513.5511 -608.7075 0.7069887
1584.65    -513.3829 -608.6976 0.7069604
1584.66    -513.2147 -608.6878 0.7069345
1584.67    -513.0466 -608.678 0.7069118
1584.68    -512.8784 -608.6685 0.7068921
1584.69    -512.7103 -608.6589 0.7068752
1584.7    -512.5421 -608.6495 0.706861
1584.71    -512.374 -608.6401 0.7068492
1584.72    -512.2058 -608.6309 0.7068411
1584.73    -512.0377 -608.6216 0.7068362
1584.74    -511.8695 -608.6126 0.7068346
1584.75    -511.7014 -608.6036 0.7068359
1584.76    -511.5333 -608.5947 0.7068412
1584.77    -511.3652 -608.5859 0.7068502
1584.78    -511.1971 -608.5771 0.7068626
1584.79    -511.029 -608.5685 0.7068784
1584.8    -510.8609 -608.56 0.7068973
1584.81    -510.6928 -608.5516 0.706919
1584.82    -510.5247 -608.5433 0.7069451
1584.83    -510.3567 -608.535 0.7069752
1584.84    -510.1886 -608.5269 0.7070093
1584.85    -510.0205 -608.5189 0.7070469
1584.86    -509.8525 -608.5109 0.7070886
1584.87    -509.6845 -608.503 0.7071341
1584.88    -509.5164 -608.4953 0.7071833
1584.89    -509.3484 -608.4876 0.7072359
1584.9    -509.1803 -608.48 0.7072917
1584.91    -509.0122 -608.4726 0.7073504
1584.92    -508.8442 -608.4652 0.707412
1584.93    -508.6761 -608.4579 0.7074764
1584.94    -508.5081 -608.4507 0.7075434
1584.95    -508.3401 -608.4436 0.7076128
1584.96    -508.172 -608.4366 0.7076842
1584.97    -508.004 -608.4297 0.7077575
1584.98    -507.836 -608.4229 0.7078328
1584.99    -507.6679 -608.4162 0.7079095
1585    -507.4999 -608.4095 0.707988
1585.01    -507.3318 -608.4031 0.7080679
1585.02    -507.1638 -608.3966 0.7081482
1585.03    -506.9958 -608.3903 0.7082287
1585.04    -506.8278 -608.384 0.7083096
1585.05    -506.6597 -608.3779 0.7083907
1585.06    -506.4916 -608.3718 0.7084704
1585.07    -506.3236 -608.3658 0.7085488
1585.08    -506.1556 -608.36 0.708626
1585.09    -505.9875 -608.3542 0.708702
1585.1    -505.8195 -608.3486 0.708777
1585.11    -505.6514 -608.343 0.7088487
1585.12    -505.4834 -608.3375 0.7089172
1585.13    -505.3153 -608.3321 0.7089829
1585.14    -505.1473 -608.3268 0.709046
1585.15    -504.9792 -608.3216 0.7091064
1585.16    -504.8112 -608.3165 0.7091619
1585.17    -504.6431 -608.3114 0.7092125
1585.18    -504.4751 -608.3065 0.7092586
1585.19    -504.307 -608.3016 0.7093006
1585.2    -504.1389 -608.2969 0.7093386
1585.21    -503.9709 -608.2922 0.7093708
1585.22    -503.8029 -608.2876 0.7093976
1585.23    -503.6348 -608.2831 0.7094192
1585.24    -503.4667 -608.2787 0.7094361
1585.25    -503.2987 -608.2744 0.7094484
1585.26    -503.1306 -608.2702 0.7094541
1585.27    -502.9625 -608.2661 0.7094536
1585.28    -502.7945 -608.262 0.7094474
1585.29    -502.6264 -608.258 0.7094356
1585.3    -502.4583 -608.2542 0.7094188
1585.31    -502.2903 -608.2504 0.7093958
1585.32    -502.1222 -608.2466 0.709367
1585.33    -501.9541 -608.243 0.7093329
1585.34    -501.7861 -608.2394 0.7092937
1585.35    -501.618 -608.236 0.7092498
1585.36    -501.4499 -608.2325 0.7092005
1585.37    -501.2819 -608.2292 0.7091464
1585.38    -501.1138 -608.226 0.7090876
1585.39    -500.9457 -608.2228 0.7090245
1585.4    -500.7776 -608.2198 0.7089573
1585.41    -500.6096 -608.2168 0.708886
1585.42    -500.4415 -608.2139 0.7088108
1585.43    -500.2735 -608.2111 0.7087321
1585.44    -500.1054 -608.2083 0.7086498
1585.45    -499.9373 -608.2056 0.7085644
1585.46    -499.7692 -608.2031 0.7084758
1585.47    -499.6012 -608.2006 0.7083843
1585.48    -499.4331 -608.1981 0.70829
1585.49    -499.265 -608.1957 0.7081931
1585.5    -499.0969 -608.1935 0.7080937
1585.51    -498.9288 -608.1913 0.7079919
1585.52    -498.7607 -608.1891 0.7078878
1585.53    -498.5927 -608.187 0.7077816
1585.54    -498.4246 -608.1851 0.7076733
1585.55    -498.2565 -608.1832 0.707563
1585.56    -498.0884 -608.1813 0.7074509
1585.57    -497.9203 -608.1796 0.707337
1585.58    -497.7522 -608.1779 0.7072214
1585.59    -497.5841 -608.1763 0.7071041
1585.6    -497.416 -608.1747 0.7069855
1585.61    -497.2479 -608.1732 0.7068655
1585.62    -497.0798 -608.1718 0.7067441
1585.63    -496.9117 -608.1705 0.7066214
1585.64    -496.7436 -608.1692 0.7064975
1585.65    -496.5755 -608.168 0.7063725
1585.66    -496.4074 -608.1669 0.7062466
1585.67    -496.2393 -608.1658 0.70612
1585.68    -496.0712 -608.1649 0.7059926
1585.69    -495.9031 -608.1639 0.7058644
1585.7    -495.735 -608.1631 0.7057356
1585.71    -495.5669 -608.1623 0.7056067
1585.72    -495.3987 -608.1615 0.7054779
1585.73    -495.2306 -608.1608 0.7053492
1585.74    -495.0625 -608.1603 0.7052205
1585.75    -494.8944 -608.1598 0.7050919
1585.76    -494.7263 -608.1593 0.7049647
1585.77    -494.5581 -608.1589 0.7048388
1585.78    -494.39 -608.1586 0.7047141
1585.79    -494.2219 -608.1584 0.7045906
1585.8    -494.0537 -608.1582 0.7044681
1585.81    -493.8856 -608.158 0.7043482
1585.82    -493.7175 -608.158 0.7042306
1585.83    -493.5493 -608.158 0.7041152
1585.84    -493.3812 -608.158 0.7040019
1585.85    -493.213 -608.1581 0.7038905
1585.86    -493.0449 -608.1583 0.7037826
1585.87    -492.8768 -608.1585 0.7036777
1585.88    -492.7086 -608.1588 0.7035758
1585.89    -492.5405 -608.1591 0.7034768
1585.9    -492.3723 -608.1595 0.7033803
1585.91    -492.2042 -608.16 0.7032883
1585.92    -492.036 -608.1605 0.7032003
1585.93    -491.8679 -608.1611 0.7031161
1585.94    -491.6997 -608.1617 0.7030355
1585.95    -491.5315 -608.1624 0.7029583
1585.96    -491.3634 -608.1631 0.7028859
1585.97    -491.1952 -608.1638 0.702818
1585.98    -491.0271 -608.1647 0.7027543
1585.99    -490.8589 -608.1656 0.7026947
1586    -490.6907 -608.1665 0.7026386
1586.01    -490.5226 -608.1675 0.7025878
1586.02    -490.3544 -608.1686 0.7025416
1586.03    -490.1862 -608.1697 0.7025
1586.04    -490.0181 -608.1708 0.7024626
1586.05    -489.8499 -608.172 0.7024309
1586.06    -489.6818 -608.1733 0.7024046
1586.07    -489.5136 -608.1746 0.7023833
1586.08    -489.3454 -608.176 0.7023668
1586.09    -489.1772 -608.1774 0.7023547
1586.1    -489.0091 -608.1788 0.7023483
1586.11    -488.8409 -608.1803 0.7023472
1586.12    -488.6727 -608.1818 0.7023511
1586.13    -488.5045 -608.1835 0.7023597
1586.14    -488.3363 -608.1851 0.7023727
1586.15    -488.1681 -608.1868 0.7023898
1586.16    -487.9999 -608.1885 0.702412
1586.17    -487.8317 -608.1903 0.7024388
1586.18    -487.6635 -608.1921 0.70247
1586.19    -487.4953 -608.194 0.7025054
1586.2    -487.3271 -608.1959 0.7025446
1586.21    -487.1589 -608.1979 0.7025884
1586.22    -486.9907 -608.1999 0.7026364
1586.23    -486.8225 -608.202 0.7026883
1586.24    -486.6543 -608.204 0.702744
1586.25    -486.4861 -608.2062 0.7028032
1586.26    -486.3178 -608.2084 0.7028665
1586.27    -486.1496 -608.2106 0.7029336
1586.28    -485.9814 -608.2128 0.7030044
1586.29    -485.8132 -608.2151 0.7030784
1586.3    -485.645 -608.2175 0.7031558
1586.31    -485.4767 -608.2198 0.7032363
1586.32    -485.3085 -608.2222 0.7033203
1586.33    -485.1403 -608.2246 0.7034071
1586.34    -484.9721 -608.2271 0.7034968
1586.35    -484.8038 -608.2296 0.7035891
1586.36    -484.6356 -608.2321 0.7036842
1586.37    -484.4674 -608.2346 0.703782
1586.38    -484.2992 -608.2372 0.7038821
1586.39    -484.1309 -608.2397 0.7039845
1586.4    -483.9627 -608.2424 0.7040892
1586.41    -483.7944 -608.245 0.7041958
1586.42    -483.6262 -608.2476 0.7043044
1586.43    -483.4579 -608.2503 0.7044149
1586.44    -483.2897 -608.253 0.7045271
1586.45    -483.1214 -608.2557 0.704641
1586.46    -482.9532 -608.2584 0.7047563
1586.47    -482.7849 -608.2611 0.7048731
1586.48    -482.6167 -608.2639 0.7049913
1586.49    -482.4484 -608.2666 0.7051108
1586.5    -482.2802 -608.2693 0.7052314
1586.51    -482.1119 -608.2721 0.7053529
1586.52    -481.9436 -608.2748 0.7054751
1586.53    -481.7754 -608.2775 0.7055981
1586.54    -481.6071 -608.2803 0.7057217
1586.55    -481.4388 -608.283 0.705846
1586.56    -481.2705 -608.2857 0.7059703
1586.57    -481.1023 -608.2885 0.7060946
1586.58    -480.934 -608.2911 0.706219
1586.59    -480.7657 -608.2939 0.7063435
1586.6    -480.5974 -608.2966 0.706468
1586.61    -480.4291 -608.2993 0.7065913
1586.62    -480.2608 -608.302 0.7067137
1586.63    -480.0925 -608.3046 0.706835
1586.64    -479.9242 -608.3073 0.7069555
1586.65    -479.756 -608.3099 0.7070736
1586.66    -479.5876 -608.3126 0.7071893
1586.67    -479.4193 -608.3151 0.7073029
1586.68    -479.251 -608.3177 0.7074146
1586.69    -479.0827 -608.3203 0.7075244
1586.7    -478.9144 -608.3229 0.7076324
1586.71    -478.7461 -608.3254 0.7077367
1586.72    -478.5778 -608.3279 0.7078374
1586.73    -478.4094 -608.3303 0.7079349
1586.74    -478.2411 -608.3328 0.7080293
1586.75    -478.0728 -608.3352 0.7081208
1586.76    -477.9044 -608.3376 0.7082072
1586.77    -477.7361 -608.34 0.7082891
1586.78    -477.5677 -608.3423 0.7083665
1586.79    -477.3994 -608.3446 0.7084397
1586.8    -477.231 -608.3469 0.708509
1586.81    -477.0627 -608.3491 0.7085732
1586.82    -476.8943 -608.3513 0.7086323
1586.83    -476.726 -608.3534 0.708687
1586.84    -476.5576 -608.3555 0.7087373
1586.85    -476.3892 -608.3576 0.7087835
1586.86    -476.2209 -608.3596 0.7088243
1586.87    -476.0525 -608.3616 0.7088599
1586.88    -475.8841 -608.3635 0.7088906
1586.89    -475.7157 -608.3654 0.7089167
1586.9    -475.5473 -608.3672 0.7089386
1586.91    -475.379 -608.369 0.7089556
1586.92    -475.2106 -608.3707 0.708968
1586.93    -475.0422 -608.3724 0.708976
1586.94    -474.8738 -608.3741 0.70898
1586.95    -474.7054 -608.3757 0.7089802
1586.96    -474.537 -608.3772 0.7089758
1586.97    -474.3686 -608.3786 0.7089671
1586.98    -474.2002 -608.38 0.7089544
1586.99    -474.0317 -608.3813 0.7089378
1587    -473.8633 -608.3826 0.7089177
1587.01    -473.6949 -608.3838 0.7088934
1587.02    -473.5265 -608.3849 0.7088652
1587.03    -473.3581 -608.386 0.7088331
1587.04    -473.1896 -608.387 0.7087976
1587.05    -473.0212 -608.388 0.7087587
1587.06    -472.8528 -608.3889 0.7087165
1587.07    -472.6843 -608.3896 0.708671
1587.08    -472.5159 -608.3904 0.7086225
1587.09    -472.3474 -608.3911 0.7085714
1587.1    -472.179 -608.3916 0.7085174
1587.11    -472.0106 -608.3922 0.708461
1587.12    -471.8422 -608.3925 0.7084023
1587.13    -471.6737 -608.3929 0.7083413
1587.14    -471.5052 -608.3932 0.7082782
1587.15    -471.3368 -608.3934 0.7082132
1587.16    -471.1683 -608.3935 0.7081465
1587.17    -470.9999 -608.3935 0.708078
1587.18    -470.8314 -608.3935 0.7080079
1587.19    -470.663 -608.3934 0.7079365
1587.2    -470.4945 -608.3931 0.7078636
1587.21    -470.326 -608.3929 0.7077898
1587.22    -470.1576 -608.3925 0.7077149
1587.23    -469.9891 -608.392 0.7076392
1587.24    -469.8206 -608.3915 0.7075626
1587.25    -469.6521 -608.3909 0.7074852
1587.26    -469.4837 -608.3902 0.7074081
1587.27    -469.3152 -608.3893 0.7073311
1587.28    -469.1468 -608.3885 0.7072544
1587.29    -468.9783 -608.3875 0.7071779
1587.3    -468.8098 -608.3865 0.7071015
1587.31    -468.6413 -608.3853 0.7070274
1587.32    -468.4728 -608.3841 0.7069557
1587.33    -468.3044 -608.3828 0.7068859
1587.34    -468.1359 -608.3813 0.7068182
1587.35    -467.9674 -608.3798 0.7067523
1587.36    -467.7989 -608.3782 0.7066907
1587.37    -467.6304 -608.3765 0.7066333
1587.38    -467.4619 -608.3748 0.7065796
1587.39    -467.2934 -608.3729 0.7065295
1587.4    -467.1249 -608.3709 0.7064828
1587.41    -466.9564 -608.3689 0.7064413
1587.42    -466.7879 -608.3667 0.7064048
1587.43    -466.6194 -608.3645 0.7063729
1587.44    -466.4509 -608.3621 0.7063454
1587.45    -466.2824 -608.3597 0.706322
1587.46    -466.114 -608.3572 0.7063038
1587.47    -465.9455 -608.3546 0.7062907
1587.48    -465.777 -608.352 0.7062823
1587.49    -465.6085 -608.3492 0.7062783
1587.5    -465.4399 -608.3464 0.7062784
1587.51    -465.2715 -608.3434 0.7062832
1587.52    -465.103 -608.3405 0.706292
1587.53    -464.9344 -608.3373 0.706305
1587.54    -464.7659 -608.3342 0.7063216
1587.55    -464.5974 -608.3309 0.7063419
1587.56    -464.4289 -608.3276 0.7063656
1587.57    -464.2604 -608.3242 0.7063926
1587.58    -464.0919 -608.3207 0.7064228
1587.59    -463.9234 -608.3171 0.7064559
1587.6    -463.7549 -608.3135 0.7064919
1587.61    -463.5864 -608.3098 0.706529
1587.62    -463.4179 -608.306 0.7065675
1587.63    -463.2494 -608.3022 0.7066071
1587.64    -463.0809 -608.2983 0.7066478
1587.65    -462.9124 -608.2943 0.7066869
1587.66    -462.7439 -608.2902 0.7067242
1587.67    -462.5754 -608.2861 0.70676
1587.68    -462.4069 -608.2819 0.7067944
1587.69    -462.2384 -608.2776 0.7068275
1587.7    -462.0699 -608.2733 0.7068592
1587.71    -461.9014 -608.269 0.7068865
1587.72    -461.7328 -608.2645 0.7069095
1587.73    -461.5643 -608.2601 0.7069284
1587.74    -461.3958 -608.2555 0.7069437
1587.75    -461.2273 -608.2509 0.7069524
1587.76    -461.0588 -608.2462 0.7069551
1587.77    -460.8903 -608.2415 0.706952
1587.78    -460.7218 -608.2367 0.7069436
1587.79    -460.5533 -608.2319 0.7069302
1587.8    -460.3847 -608.2271 0.7069119
1587.81    -460.2162 -608.2221 0.7068871
1587.82    -460.0477 -608.2172 0.7068561
1587.83    -459.8792 -608.2122 0.7068192
1587.84    -459.7106 -608.2071 0.706777
1587.85    -459.5421 -608.202 0.7067294
1587.86    -459.3736 -608.1968 0.7066756
1587.87    -459.205 -608.1916 0.7066162
1587.88    -459.0365 -608.1863 0.7065511
1587.89    -458.868 -608.1811 0.7064809
1587.9    -458.6994 -608.1758 0.7064058
1587.91    -458.5309 -608.1704 0.7063255
1587.92    -458.3623 -608.165 0.7062401
1587.93    -458.1938 -608.1596 0.7061501
1587.94    -458.0252 -608.1541 0.7060556
1587.95    -457.8567 -608.1486 0.7059569
1587.96    -457.6881 -608.1431 0.7058544
1587.97    -457.5196 -608.1375 0.7057481
1587.98    -457.351 -608.1319 0.7056383
1587.99    -457.1825 -608.1263 0.7055252
1588    -457.0139 -608.1206 0.705409
1588.01    -456.8454 -608.1149 0.7052909
1588.02    -456.6768 -608.1092 0.7051707
1588.03    -456.5083 -608.1035 0.7050487
1588.04    -456.3397 -608.0977 0.7049251
1588.05    -456.1711 -608.0919 0.7047999
1588.06    -456.0026 -608.0861 0.7046752
1588.07    -455.834 -608.0803 0.7045509
1588.08    -455.6654 -608.0745 0.7044271
1588.09    -455.4968 -608.0687 0.7043038
1588.1    -455.3282 -608.0628 0.7041808
1588.11    -455.1596 -608.0569 0.7040607
1588.12    -454.9911 -608.051 0.7039433
1588.13    -454.8225 -608.045 0.7038282
1588.14    -454.6539 -608.0392 0.7037154
1588.15    -454.4853 -608.0332 0.7036065
1588.16    -454.3167 -608.0272 0.7035014
1588.17    -454.1481 -608.0212 0.7033995
1588.18    -453.9795 -608.0153 0.703301
1588.19    -453.8109 -608.0093 0.7032055
1588.2    -453.6422 -608.0034 0.7031128
1588.21    -453.4736 -607.9974 0.7030246
1588.22    -453.305 -607.9915 0.7029405
1588.23    -453.1364 -607.9854 0.7028604
1588.24    -452.9678 -607.9794 0.7027839
1588.25    -452.7992 -607.9733 0.7027122
1588.26    -452.6306 -607.9673 0.702645
1588.27    -452.4619 -607.9613 0.702582
1588.28    -452.2933 -607.9553 0.7025229
1588.29    -452.1246 -607.9493 0.7024675
1588.3    -451.956 -607.9432 0.7024156
1588.31    -451.7873 -607.9372 0.7023679
1588.32    -451.6187 -607.9312 0.702324
1588.33    -451.45 -607.9252 0.7022838
1588.34    -451.2814 -607.9191 0.702247
1588.35    -451.1127 -607.9132 0.7022136
1588.36    -450.9441 -607.9072 0.7021834
1588.37    -450.7754 -607.9012 0.7021563
1588.38    -450.6068 -607.8953 0.702132
1588.39    -450.4381 -607.8893 0.7021105
1588.4    -450.2694 -607.8834 0.7020915
1588.41    -450.1007 -607.8774 0.7020748
1588.42    -449.932 -607.8715 0.7020603
1588.43    -449.7633 -607.8655 0.7020481
1588.44    -449.5946 -607.8596 0.7020378
1588.45    -449.4259 -607.8537 0.7020295
1588.46    -449.2572 -607.8478 0.7020229
1588.47    -449.0885 -607.8419 0.7020178
1588.48    -448.9198 -607.836 0.7020143
1588.49    -448.7511 -607.8301 0.7020123
1588.5    -448.5824 -607.8242 0.7020116
1588.51    -448.4137 -607.8184 0.7020119
1588.52    -448.245 -607.8125 0.7020131
1588.53    -448.0762 -607.8067 0.7020153
1588.54    -447.9075 -607.8008 0.7020184
1588.55    -447.7387 -607.795 0.7020222
1588.56    -447.57 -607.7892 0.7020265
1588.57    -447.4013 -607.7834 0.7020314
1588.58    -447.2325 -607.7776 0.7020367
1588.59    -447.0638 -607.7719 0.7020425
1588.6    -446.8951 -607.7661 0.7020483
1588.61    -446.7263 -607.7603 0.7020541
1588.62    -446.5575 -607.7546 0.70206
1588.63    -446.3888 -607.7489 0.7020661
1588.64    -446.22 -607.7432 0.7020721
1588.65    -446.0512 -607.7374 0.7020782
1588.66    -445.8824 -607.7318 0.7020842
1588.67    -445.7137 -607.7261 0.7020901
1588.68    -445.5449 -607.7205 0.702096
1588.69    -445.3761 -607.7148 0.7021019
1588.7    -445.2073 -607.7092 0.7021077
1588.71    -445.0385 -607.7036 0.7021134
1588.72    -444.8698 -607.698 0.7021191
1588.73    -444.701 -607.6924 0.7021247
1588.74    -444.5321 -607.687 0.7021303
1588.75    -444.3633 -607.6814 0.7021359
1588.76    -444.1945 -607.6759 0.7021415
1588.77    -444.0257 -607.6704 0.7021473
1588.78    -443.8569 -607.665 0.702153
1588.79    -443.688 -607.6595 0.702159
1588.8    -443.5192 -607.6541 0.7021649
1588.81    -443.3503 -607.6487 0.7021709
1588.82    -443.1815 -607.6434 0.702177
1588.83    -443.0127 -607.6381 0.7021831
1588.84    -442.8438 -607.6328 0.7021893
1588.85    -442.675 -607.6274 0.7021956
1588.86    -442.5061 -607.6223 0.702202
1588.87    -442.3372 -607.617 0.7022083
1588.88    -442.1684 -607.6119 0.7022148
1588.89    -441.9995 -607.6067 0.7022212
1588.9    -441.8306 -607.6016 0.7022277
1588.91    -441.6618 -607.5966 0.7022342
1588.92    -441.4929 -607.5915 0.7022408
1588.93    -441.324 -607.5865 0.7022474
1588.94    -441.1552 -607.5815 0.702254
1588.95    -440.9863 -607.5765 0.7022607
1588.96    -440.8174 -607.5717 0.7022674
1588.97    -440.6486 -607.5667 0.7022741
1588.98    -440.4797 -607.5619 0.7022809
1588.99    -440.3109 -607.5571 0.7022876
1589    -440.142 -607.5522 0.7022944
1589.01    -439.9732 -607.5475 0.7023012
1589.02    -439.8044 -607.5428 0.7023081
1589.03    -439.6355 -607.5381 0.7023149
1589.04    -439.4667 -607.5335 0.7023218
1589.05    -439.2979 -607.5289 0.7023287
1589.06    -439.1292 -607.5244 0.7023357
1589.07    -438.9604 -607.5198 0.7023426
1589.08    -438.7917 -607.5154 0.7023495
1589.09    -438.623 -607.511 0.7023565
1589.1    -438.4543 -607.5066 0.7023635
1589.11    -438.2856 -607.5023 0.7023705
1589.12    -438.117 -607.4979 0.7023776
1589.13    -437.9484 -607.4937 0.7023847
1589.14    -437.7797 -607.4894 0.7023919
