2667.06    -645.5515 -614.1772 0.6913527
2667.07    -645.4246 -614.1723 0.6914786
2667.08    -645.2979 -614.1674 0.6916031
2667.09    -645.171 -614.1624 0.6917264
2667.1    -645.0442 -614.1575 0.6918487
2667.11    -644.9174 -614.1526 0.6919699
2667.12    -644.7905 -614.1476 0.69209
2667.13    -644.6636 -614.1427 0.6922097
2667.14    -644.5367 -614.1378 0.6923288
2667.15    -644.4099 -614.1328 0.6924474
2667.16    -644.283 -614.1279 0.6925656
2667.17    -644.156 -614.1229 0.6926835
2667.18    -644.0291 -614.118 0.6928017
2667.19    -643.9022 -614.113 0.6929204
2667.2    -643.7752 -614.1081 0.6930397
2667.21    -643.6483 -614.1031 0.6931593
2667.22    -643.5212 -614.0982 0.6932794
2667.23    -643.3943 -614.0933 0.6934003
2667.24    -643.2673 -614.0883 0.6935219
2667.25    -643.1403 -614.0834 0.6936442
2667.26    -643.0132 -614.0784 0.6937672
2667.27    -642.8862 -614.0735 0.6938909
2667.28    -642.7592 -614.0685 0.6940151
2667.29    -642.6321 -614.0636 0.6941399
2667.3    -642.505 -614.0587 0.6942652
2667.31    -642.3779 -614.0537 0.6943911
2667.32    -642.2508 -614.0488 0.6945174
2667.33    -642.1237 -614.0438 0.6946443
2667.34    -641.9966 -614.0389 0.6947715
2667.35    -641.8694 -614.0339 0.6948991
2667.36    -641.7423 -614.029 0.6950272
2667.37    -641.6151 -614.024 0.6951556
2667.38    -641.488 -614.019 0.6952844
2667.39    -641.3608 -614.0141 0.6954134
2667.4    -641.2336 -614.0092 0.6955429
2667.41    -641.1064 -614.0042 0.6956726
2667.42    -640.9791 -613.9993 0.6958027
2667.43    -640.8519 -613.9943 0.6959329
2667.44    -640.7246 -613.9894 0.6960635
2667.45    -640.5974 -613.9844 0.6961943
2667.46    -640.47 -613.9795 0.6963252
2667.47    -640.3427 -613.9745 0.6964566
2667.48    -640.2154 -613.9695 0.696588
2667.49    -640.0881 -613.9645 0.6967196
2667.5    -639.9608 -613.9595 0.6968513
2667.51    -639.8334 -613.9545 0.6969833
2667.52    -639.706 -613.9495 0.6971154
2667.53    -639.5786 -613.9445 0.6972476
2667.54    -639.4512 -613.9395 0.6973801
2667.55    -639.3238 -613.9344 0.6975126
2667.56    -639.1964 -613.9294 0.6976452
2667.57    -639.0688 -613.9244 0.697778
2667.58    -638.9414 -613.9194 0.6979109
2667.59    -638.8139 -613.9144 0.6980438
2667.6    -638.6864 -613.9094 0.6981769
2667.61    -638.5588 -613.9044 0.69831
2667.62    -638.4313 -613.8994 0.6984432
2667.63    -638.3037 -613.8943 0.6985765
2667.64    -638.1761 -613.8892 0.6987098
2667.65    -638.0485 -613.8842 0.6988433
2667.66    -637.9208 -613.8791 0.6989768
2667.67    -637.7932 -613.874 0.6991102
2667.68    -637.6655 -613.8689 0.6992438
2667.69    -637.5378 -613.8638 0.6993774
2667.7    -637.41 -613.8588 0.6995111
2667.71    -637.2823 -613.8537 0.6996447
2667.72    -637.1545 -613.8486 0.6997784
2667.73    -637.0268 -613.8436 0.6999121
2667.74    -636.899 -613.8384 0.7000459
2667.75    -636.7712 -613.8333 0.7001797
2667.76    -636.6433 -613.8281 0.7003135
2667.77    -636.5154 -613.823 0.7004473
2667.78    -636.3876 -613.8179 0.7005811
2667.79    -636.2597 -613.8127 0.7007149
2667.8    -636.1318 -613.8076 0.7008488
2667.81    -636.0038 -613.8025 0.7009826
2667.82    -635.8759 -613.7973 0.7011164
2667.83    -635.7479 -613.7922 0.7012503
2667.84    -635.6199 -613.787 0.7013841
2667.85    -635.4918 -613.7818 0.701518
2667.86    -635.3638 -613.7766 0.7016518
2667.87    -635.2357 -613.7714 0.7017856
2667.88    -635.1077 -613.7662 0.7019195
2667.89    -634.9796 -613.761 0.7020532
2667.9    -634.8514 -613.7558 0.702187
2667.91    -634.7233 -613.7506 0.7023208
2667.92    -634.5951 -613.7454 0.7024546
2667.93    -634.4669 -613.7401 0.7025883
2667.94    -634.3387 -613.7349 0.7027221
2667.95    -634.2104 -613.7296 0.7028558
2667.96    -634.0822 -613.7244 0.7029894
2667.97    -633.9539 -613.7191 0.703123
2667.98    -633.8256 -613.7138 0.7032567
2667.99    -633.6973 -613.7086 0.7033904
2668    -633.5689 -613.7033 0.7035241
2668.01    -633.4406 -613.698 0.7036577
2668.02    -633.3121 -613.6927 0.7037914
2668.03    -633.1837 -613.6874 0.7039256
2668.04    -633.0553 -613.6821 0.70406
2668.05    -632.9268 -613.6767 0.7041948
2668.06    -632.7983 -613.6714 0.7043298
2668.07    -632.6699 -613.6661 0.7044652
2668.08    -632.5414 -613.6608 0.7046015
2668.09    -632.4128 -613.6555 0.7047389
2668.1    -632.2843 -613.6501 0.704877
2668.11    -632.1557 -613.6448 0.7050161
2668.12    -632.0271 -613.6394 0.7051559
2668.13    -631.8985 -613.634 0.7052971
2668.14    -631.7698 -613.6287 0.7054394
2668.15    -631.6412 -613.6233 0.7055828
2668.16    -631.5125 -613.6179 0.7057273
2668.17    -631.3838 -613.6125 0.7058728
2668.18    -631.2551 -613.6071 0.7060194
2668.19    -631.1263 -613.6017 0.706167
2668.2    -630.9976 -613.5964 0.7063156
2668.21    -630.8688 -613.591 0.7064651
2668.22    -630.7399 -613.5857 0.7066156
2668.23    -630.6111 -613.5803 0.7067668
2668.24    -630.4823 -613.575 0.7069188
2668.25    -630.3535 -613.5696 0.7070716
2668.26    -630.2245 -613.5642 0.7072251
2668.27    -630.0956 -613.5588 0.7073792
2668.28    -629.9667 -613.5535 0.7075339
2668.29    -629.8378 -613.5481 0.7076892
2668.3    -629.7088 -613.5427 0.7078451
2668.31    -629.5798 -613.5374 0.7080015
2668.32    -629.4507 -613.532 0.7081584
2668.33    -629.3217 -613.5266 0.7083157
2668.34    -629.1927 -613.5212 0.7084736
2668.35    -629.0636 -613.5159 0.7086318
2668.36    -628.9345 -613.5106 0.7087904
2668.37    -628.8054 -613.5052 0.7089493
2668.38    -628.6762 -613.4998 0.7091087
2668.39    -628.5471 -613.4944 0.7092683
2668.4    -628.4178 -613.4891 0.7094282
2668.41    -628.2886 -613.4837 0.7095884
2668.42    -628.1594 -613.4783 0.7097489
2668.43    -628.0302 -613.473 0.7099096
2668.44    -627.9009 -613.4677 0.7100705
2668.45    -627.7716 -613.4623 0.7102315
2668.46    -627.6423 -613.4569 0.7103926
2668.47    -627.5129 -613.4515 0.7105538
2668.48    -627.3836 -613.4462 0.7107146
2668.49    -627.2543 -613.4408 0.7108749
2668.5    -627.1249 -613.4354 0.7110348
2668.51    -626.9955 -613.4301 0.7111943
2668.52    -626.866 -613.4247 0.7113534
2668.53    -626.7366 -613.4193 0.71151
2668.54    -626.6072 -613.4139 0.7116643
2668.55    -626.4777 -613.4086 0.7118162
2668.56    -626.3482 -613.4033 0.711966
2668.57    -626.2187 -613.3979 0.7121139
2668.58    -626.0892 -613.3925 0.712257
2668.59    -625.9597 -613.3871 0.7123957
2668.6    -625.8301 -613.3818 0.7125302
2668.61    -625.7005 -613.3764 0.7126607
2668.62    -625.5709 -613.371 0.7127874
2668.63    -625.4413 -613.3657 0.7129073
2668.64    -625.3116 -613.3603 0.7130209
2668.65    -625.182 -613.3549 0.7131282
2668.66    -625.0523 -613.3495 0.7132298
2668.67    -624.9226 -613.3442 0.7133259
2668.68    -624.7929 -613.3388 0.7134133
2668.69    -624.6632 -613.3334 0.7134923
2668.7    -624.5334 -613.3281 0.7135635
2668.71    -624.4037 -613.3227 0.7136273
2668.72    -624.2739 -613.3173 0.7136839
2668.73    -624.1441 -613.312 0.7137308
2668.74    -624.0143 -613.3065 0.7137687
2668.75    -623.8845 -613.3011 0.7137977
2668.76    -623.7546 -613.2958 0.7138184
2668.77    -623.6247 -613.2904 0.7138314
2668.78    -623.4948 -613.285 0.7138346
2668.79    -623.3649 -613.2797 0.7138287
2668.8    -623.235 -613.2743 0.7138143
2668.81    -623.105 -613.2689 0.7137915
2668.82    -622.975 -613.2635 0.713761
2668.83    -622.8451 -613.2582 0.7137226
2668.84    -622.7151 -613.2528 0.7136769
2668.85    -622.5851 -613.2474 0.7136241
2668.86    -622.455 -613.2421 0.7135646
2668.87    -622.325 -613.2367 0.7134988
2668.88    -622.1949 -613.2313 0.7134272
2668.89    -622.0648 -613.2259 0.7133502
2668.9    -621.9347 -613.2205 0.7132679
2668.91    -621.8046 -613.215 0.7131805
2668.92    -621.6744 -613.2096 0.7130885
2668.93    -621.5443 -613.2042 0.712993
2668.94    -621.4141 -613.1987 0.7128939
2668.95    -621.2839 -613.1932 0.7127916
2668.96    -621.1536 -613.1878 0.7126861
2668.97    -621.0234 -613.1824 0.7125778
2668.98    -620.8931 -613.1769 0.7124681
2668.99    -620.7629 -613.1715 0.7123573
2669    -620.6326 -613.1661 0.7122455
2669.01    -620.5023 -613.1606 0.7121326
2669.02    -620.3719 -613.1552 0.7120187
2669.03    -620.2416 -613.1498 0.7119056
2669.04    -620.1113 -613.1443 0.7117933
2669.05    -619.9809 -613.1389 0.7116817
2669.06    -619.8505 -613.1335 0.7115709
2669.07    -619.7201 -613.1281 0.7114606
2669.08    -619.5897 -613.1226 0.7113522
2669.09    -619.4592 -613.1172 0.7112454
2669.1    -619.3288 -613.1117 0.7111402
2669.11    -619.1983 -613.1062 0.7110364
2669.12    -619.0678 -613.1007 0.7109342
2669.13    -618.9373 -613.0952 0.7108335
2669.14    -618.8068 -613.0897 0.7107344
2669.15    -618.6763 -613.0842 0.7106369
2669.16    -618.5457 -613.0787 0.7105407
2669.17    -618.4151 -613.0732 0.7104459
2669.18    -618.2845 -613.0677 0.7103525
2669.19    -618.1539 -613.0623 0.7102602
2669.2    -618.0233 -613.0568 0.7101691
2669.21    -617.8926 -613.0513 0.7100792
2669.22    -617.762 -613.0458 0.7099902
2669.23    -617.6313 -613.0403 0.7099023
2669.24    -617.5006 -613.0347 0.7098153
2669.25    -617.3699 -613.0292 0.7097293
2669.26    -617.2391 -613.0237 0.709644
2669.27    -617.1084 -613.0182 0.7095597
2669.28    -616.9777 -613.0126 0.7094761
2669.29    -616.8469 -613.0071 0.7093932
2669.3    -616.7161 -613.0015 0.7093111
2669.31    -616.5853 -612.996 0.7092295
2669.32    -616.4544 -612.9904 0.7091487
2669.33    -616.3236 -612.9849 0.7090684
2669.34    -616.1927 -612.9793 0.7089888
2669.35    -616.0619 -612.9738 0.7089097
2669.36    -615.931 -612.9682 0.7088312
2669.37    -615.8 -612.9626 0.7087532
2669.38    -615.6691 -612.957 0.7086756
2669.39    -615.5382 -612.9515 0.708599
2669.4    -615.4072 -612.9459 0.7085232
2669.41    -615.2762 -612.9404 0.7084482
2669.42    -615.1453 -612.9348 0.7083739
2669.43    -615.0143 -612.9291 0.7083013
2669.44    -614.8832 -612.9235 0.7082303
2669.45    -614.7522 -612.9179 0.7081607
2669.46    -614.6212 -612.9123 0.7080926
2669.47    -614.4901 -612.9067 0.7080258
2669.48    -614.3589 -612.9011 0.7079616
2669.49    -614.2278 -612.8954 0.7078998
2669.5    -614.0967 -612.8898 0.7078403
2669.51    -613.9656 -612.8842 0.7077829
2669.52    -613.8344 -612.8785 0.7077276
2669.53    -613.7032 -612.8729 0.7076755
2669.54    -613.5721 -612.8673 0.7076264
2669.55    -613.4409 -612.8616 0.7075802
2669.56    -613.3096 -612.856 0.7075368
2669.57    -613.1784 -612.8503 0.707496
2669.58    -613.0472 -612.8446 0.7074596
2669.59    -612.9159 -612.8389 0.7074275
2669.6    -612.7846 -612.8333 0.7073994
2669.61    -612.6533 -612.8276 0.7073751
2669.62    -612.522 -612.8219 0.7073545
2669.63    -612.3906 -612.8162 0.7073398
2669.64    -612.2593 -612.8105 0.7073309
2669.65    -612.1279 -612.8048 0.7073275
2669.66    -611.9965 -612.7991 0.7073292
2669.67    -611.8651 -612.7935 0.7073358
2669.68    -611.7337 -612.7877 0.7073486
2669.69    -611.6023 -612.782 0.7073675
2669.7    -611.4708 -612.7762 0.7073921
2669.71    -611.3394 -612.7705 0.707422
2669.72    -611.2078 -612.7648 0.707457
2669.73    -611.0764 -612.759 0.707498
2669.74    -610.9448 -612.7533 0.7075444
2669.75    -610.8133 -612.7476 0.7075962
2669.76    -610.6818 -612.7418 0.707653
2669.77    -610.5502 -612.7361 0.7077146
2669.78    -610.4186 -612.7303 0.7077808
2669.79    -610.287 -612.7245 0.7078513
2669.8    -610.1554 -612.7188 0.707926
2669.81    -610.0237 -612.7131 0.7080045
2669.82    -609.8921 -612.7073 0.7080869
2669.83    -609.7604 -612.7015 0.7081728
2669.84    -609.6287 -612.6958 0.7082621
2669.85    -609.497 -612.69 0.7083547
2669.86    -609.3653 -612.6842 0.7084503
2669.87    -609.2335 -612.6784 0.7085488
2669.88    -609.1017 -612.6726 0.7086501
2669.89    -608.97 -612.6668 0.7087538
2669.9    -608.8382 -612.661 0.70886
2669.91    -608.7064 -612.6552 0.7089685
2669.92    -608.5745 -612.6494 0.7090792
2669.93    -608.4427 -612.6437 0.7091917
2669.94    -608.3109 -612.6379 0.709306
2669.95    -608.179 -612.6322 0.7094219
2669.96    -608.0471 -612.6265 0.7095393
2669.97    -607.9151 -612.6207 0.7096581
2669.98    -607.7831 -612.6151 0.7097778
2669.99    -607.6512 -612.6093 0.7098979
2670    -607.5192 -612.6036 0.7100188
2670.01    -607.3872 -612.5978 0.71014
2670.02    -607.2552 -612.5921 0.7102619
2670.03    -607.1232 -612.5864 0.7103832
2670.04    -606.9911 -612.5806 0.7105036
2670.05    -606.859 -612.575 0.7106234
2670.06    -606.7269 -612.5692 0.7107426
2670.07    -606.5948 -612.5635 0.7108611
2670.08    -606.4626 -612.5577 0.7109776
2670.09    -606.3305 -612.552 0.7110918
2670.1    -606.1984 -612.5463 0.7112041
2670.11    -606.0662 -612.5406 0.7113144
2670.12    -605.934 -612.535 0.711423
2670.13    -605.8018 -612.5293 0.7115285
2670.14    -605.6695 -612.5236 0.7116312
2670.15    -605.5372 -612.5179 0.7117312
2670.16    -605.405 -612.5123 0.7118286
2670.17    -605.2726 -612.5067 0.7119236
2670.18    -605.1403 -612.501 0.7120159
2670.19    -605.008 -612.4953 0.7121053
2670.2    -604.8756 -612.4897 0.7121922
2670.21    -604.7432 -612.4841 0.7122769
2670.22    -604.6108 -612.4785 0.7123592
2670.23    -604.4784 -612.4728 0.7124395
2670.24    -604.3459 -612.4673 0.7125176
2670.25    -604.2135 -612.4617 0.7125937
2670.26    -604.081 -612.4561 0.712668
2670.27    -603.9485 -612.4504 0.7127406
2670.28    -603.8159 -612.4449 0.7128114
2670.29    -603.6833 -612.4393 0.7128807
2670.3    -603.5508 -612.4338 0.7129485
2670.31    -603.4182 -612.4282 0.7130148
2670.32    -603.2855 -612.4227 0.7130798
2670.33    -603.1528 -612.4172 0.7131435
2670.34    -603.02 -612.4116 0.713206
2670.35    -602.8873 -612.4061 0.7132673
2670.36    -602.7545 -612.4007 0.7133274
2670.37    -602.6217 -612.3952 0.7133865
2670.38    -602.4889 -612.3897 0.7134441
2670.39    -602.356 -612.3842 0.7135003
2670.4    -602.2231 -612.3788 0.7135552
2670.41    -602.0901 -612.3734 0.7136087
2670.42    -601.9572 -612.3679 0.7136611
2670.43    -601.8241 -612.3625 0.7137123
2670.44    -601.691 -612.3571 0.7137608
2670.45    -601.558 -612.3517 0.7138065
2670.46    -601.4249 -612.3463 0.7138497
2670.47    -601.2917 -612.3409 0.7138906
2670.48    -601.1585 -612.3356 0.7139276
2670.49    -601.0253 -612.3302 0.7139609
2670.5    -600.892 -612.3249 0.7139909
2670.51    -600.7587 -612.3195 0.7140175
2670.52    -600.6254 -612.3142 0.7140411
2670.53    -600.492 -612.3089 0.7140599
2670.54    -600.3586 -612.3036 0.7140743
2670.55    -600.2252 -612.2983 0.7140844
2670.56    -600.0917 -612.293 0.7140905
2670.57    -599.9581 -612.2878 0.7140928
2670.58    -599.8246 -612.2826 0.7140898
2670.59    -599.691 -612.2773 0.7140819
2670.6    -599.5574 -612.2721 0.7140693
2670.61    -599.4238 -612.2669 0.7140523
2670.62    -599.2901 -612.2617 0.7140311
2670.63    -599.1564 -612.2565 0.7140046
2670.64    -599.0226 -612.2513 0.7139733
2670.65    -598.8889 -612.2462 0.7139374
2670.66    -598.755 -612.241 0.713897
2670.67    -598.6212 -612.2359 0.7138524
2670.68    -598.4872 -612.2308 0.7138036
2670.69    -598.3533 -612.2257 0.7137508
2670.7    -598.2194 -612.2206 0.7136942
2670.71    -598.0853 -612.2155 0.713634
2670.72    -597.9513 -612.2104 0.7135703
2670.73    -597.8173 -612.2054 0.7135034
2670.74    -597.6832 -612.2003 0.7134333
2670.75    -597.549 -612.1953 0.7133603
2670.76    -597.4149 -612.1902 0.7132844
2670.77    -597.2806 -612.1852 0.7132059
2670.78    -597.1464 -612.1802 0.7131248
2670.79    -597.0121 -612.1752 0.7130412
2670.8    -596.8777 -612.1702 0.7129553
2670.81    -596.7434 -612.1652 0.7128672
2670.82    -596.609 -612.1602 0.7127771
2670.83    -596.4746 -612.1553 0.7126849
2670.84    -596.3401 -612.1503 0.7125908
2670.85    -596.2056 -612.1454 0.7124949
2670.86    -596.0711 -612.1405 0.7123973
2670.87    -595.9365 -612.1356 0.712298
2670.88    -595.8019 -612.1307 0.7121972
2670.89    -595.6673 -612.1258 0.7120949
2670.9    -595.5327 -612.121 0.7119913
2670.91    -595.3979 -612.1161 0.7118862
2670.92    -595.2632 -612.1112 0.7117798
2670.93    -595.1284 -612.1063 0.7116723
2670.94    -594.9936 -612.1015 0.7115636
2670.95    -594.8588 -612.0967 0.7114537
2670.96    -594.7239 -612.0919 0.7113428
2670.97    -594.5889 -612.0871 0.7112309
2670.98    -594.454 -612.0823 0.7111182
2670.99    -594.319 -612.0775 0.7110044
2671    -594.184 -612.0726 0.7108898
2671.01    -594.0489 -612.0679 0.7107743
2671.02    -593.9138 -612.0632 0.7106581
2671.03    -593.7786 -612.0584 0.7105412
2671.04    -593.6435 -612.0536 0.7104236
2671.05    -593.5083 -612.0489 0.7103053
2671.06    -593.373 -612.0441 0.7101864
2671.07    -593.2378 -612.0394 0.7100668
2671.08    -593.1025 -612.0346 0.7099467
2671.09    -592.9672 -612.0299 0.709826
2671.1    -592.8318 -612.0252 0.7097049
2671.11    -592.6964 -612.0206 0.7095832
2671.12    -592.5609 -612.0159 0.709461
2671.13    -592.4255 -612.0112 0.7093384
2671.14    -592.29 -612.0065 0.7092153
2671.15    -592.1544 -612.0018 0.7090919
2671.16    -592.0189 -611.9971 0.7089682
2671.17    -591.8832 -611.9924 0.7088439
2671.18    -591.7476 -611.9877 0.7087194
2671.19    -591.6119 -611.983 0.7085945
2671.2    -591.4762 -611.9784 0.7084693
2671.21    -591.3405 -611.9738 0.7083438
2671.22    -591.2047 -611.9691 0.708218
2671.23    -591.0688 -611.9645 0.708092
2671.24    -590.933 -611.9598 0.7079657
2671.25    -590.7971 -611.9552 0.7078391
2671.26    -590.6612 -611.9506 0.7077123
2671.27    -590.5252 -611.9459 0.7075852
2671.28    -590.3892 -611.9413 0.707458
2671.29    -590.2532 -611.9366 0.7073305
2671.3    -590.1172 -611.932 0.7072029
2671.31    -589.9811 -611.9274 0.7070751
2671.32    -589.845 -611.9227 0.7069471
2671.33    -589.7089 -611.9181 0.706819
2671.34    -589.5728 -611.9135 0.7066908
2671.35    -589.4366 -611.9089 0.7065627
2671.36    -589.3004 -611.9044 0.7064345
2671.37    -589.1641 -611.8998 0.7063063
2671.38    -589.0278 -611.8952 0.706178
2671.39    -588.8915 -611.8906 0.7060502
2671.4    -588.7551 -611.886 0.7059228
2671.41    -588.6188 -611.8815 0.7057958
2671.42    -588.4824 -611.8769 0.7056692
2671.43    -588.3459 -611.8723 0.7055435
2671.44    -588.2095 -611.8677 0.7054185
2671.45    -588.073 -611.8632 0.7052944
2671.46    -587.9365 -611.8586 0.7051709
2671.47    -587.7999 -611.854 0.7050481
2671.48    -587.6633 -611.8494 0.7049267
2671.49    -587.5267 -611.8448 0.7048065
2671.5    -587.3901 -611.8403 0.7046875
2671.51    -587.2534 -611.8357 0.7045696
2671.52    -587.1167 -611.8311 0.7044527
2671.53    -586.98 -611.8265 0.7043378
2671.54    -586.8432 -611.822 0.7042245
2671.55    -586.7064 -611.8174 0.7041129
2671.56    -586.5696 -611.8128 0.704003
2671.57    -586.4327 -611.8082 0.7038946
2671.58    -586.2959 -611.8036 0.703788
2671.59    -586.159 -611.7991 0.7036833
2671.6    -586.022 -611.7945 0.7035804
2671.61    -585.8851 -611.7899 0.7034793
2671.62    -585.748 -611.7853 0.7033796
2671.63    -585.611 -611.7808 0.7032818
2671.64    -585.474 -611.7762 0.7031855
2671.65    -585.3369 -611.7716 0.7030907
2671.66    -585.1998 -611.767 0.7029974
2671.67    -585.0626 -611.7625 0.7029054
2671.68    -584.9255 -611.7579 0.7028148
2671.69    -584.7883 -611.7533 0.7027253
2671.7    -584.6511 -611.7487 0.7026371
2671.71    -584.5138 -611.7441 0.7025499
2671.72    -584.3765 -611.7396 0.7024639
2671.73    -584.2391 -611.735 0.7023788
2671.74    -584.1018 -611.7304 0.7022948
2671.75    -583.9644 -611.7258 0.7022117
2671.76    -583.827 -611.7213 0.7021295
2671.77    -583.6896 -611.7167 0.7020481
2671.78    -583.5521 -611.7121 0.701968
2671.79    -583.4146 -611.7075 0.7018888
2671.8    -583.2771 -611.7029 0.7018107
2671.81    -583.1395 -611.6984 0.7017335
2671.82    -583.002 -611.6938 0.7016574
2671.83    -582.8644 -611.6892 0.7015828
2671.84    -582.7267 -611.6846 0.7015098
2671.85    -582.5891 -611.6801 0.7014383
2671.86    -582.4514 -611.6755 0.7013683
2671.87    -582.3136 -611.6709 0.7012995
2671.88    -582.1758 -611.6663 0.7012321
2671.89    -582.0381 -611.6617 0.7011676
2671.9    -581.9003 -611.6572 0.7011058
2671.91    -581.7624 -611.6526 0.7010465
2671.92    -581.6245 -611.648 0.7009897
2671.93    -581.4866 -611.6434 0.7009362
2671.94    -581.3487 -611.6389 0.7008858
2671.95    -581.2108 -611.6343 0.7008383
2671.96    -581.0728 -611.6297 0.7007936
2671.97    -580.9347 -611.6251 0.7007515
2671.98    -580.7966 -611.6205 0.7007126
2671.99    -580.6586 -611.616 0.7006769
2672    -580.5204 -611.6114 0.7006442
2672.01    -580.3823 -611.6068 0.7006143
2672.02    -580.2441 -611.6022 0.700587
2672.03    -580.106 -611.5977 0.7005624
2672.04    -579.9677 -611.5931 0.7005404
2672.05    -579.8295 -611.5885 0.7005209
2672.06    -579.6912 -611.5839 0.7005038
2672.07    -579.5529 -611.5793 0.7004889
2672.08    -579.4145 -611.5748 0.7004761
2672.09    -579.2761 -611.5702 0.7004653
2672.1    -579.1377 -611.5656 0.7004564
2672.11    -578.9993 -611.561 0.7004493
2672.12    -578.8608 -611.5564 0.7004439
2672.13    -578.7223 -611.5518 0.7004403
2672.14    -578.5838 -611.5471 0.7004382
2672.15    -578.4453 -611.5425 0.7004376
2672.16    -578.3067 -611.5378 0.7004385
2672.17    -578.1681 -611.5332 0.7004408
2672.18    -578.0295 -611.5286 0.7004448
2672.19    -577.8908 -611.5239 0.7004507
2672.2    -577.7521 -611.5193 0.700458
2672.21    -577.6134 -611.5147 0.700467
2672.22    -577.4747 -611.5101 0.7004774
2672.23    -577.3359 -611.5056 0.7004901
2672.24    -577.1971 -611.501 0.7005051
2672.25    -577.0583 -611.4964 0.7005222
2672.26    -576.9194 -611.4918 0.7005414
2672.27    -576.7805 -611.4872 0.7005625
2672.28    -576.6416 -611.4827 0.700586
2672.29    -576.5026 -611.4781 0.7006117
2672.3    -576.3636 -611.4735 0.7006395
2672.31    -576.2246 -611.4689 0.7006695
2672.32    -576.0855 -611.4644 0.7007013
2672.33    -575.9464 -611.4598 0.700735
2672.34    -575.8073 -611.4553 0.7007704
2672.35    -575.6681 -611.4507 0.7008075
2672.36    -575.5289 -611.4461 0.7008461
2672.37    -575.3896 -611.4415 0.7008862
2672.38    -575.2502 -611.437 0.7009278
2672.39    -575.1109 -611.4324 0.7009706
2672.4    -574.9715 -611.4279 0.7010148
2672.41    -574.832 -611.4233 0.7010602
2672.42    -574.6925 -611.4188 0.7011068
2672.43    -574.553 -611.4143 0.7011544
2672.44    -574.4134 -611.4098 0.7012032
2672.45    -574.2737 -611.4053 0.7012528
2672.46    -574.1341 -611.4008 0.7013035
2672.47    -573.9944 -611.3963 0.701355
2672.48    -573.8546 -611.3918 0.7014073
2672.49    -573.7148 -611.3873 0.7014605
2672.5    -573.575 -611.3828 0.7015146
2672.51    -573.4351 -611.3783 0.7015693
2672.52    -573.2952 -611.3738 0.7016248
2672.53    -573.1552 -611.3693 0.701681
2672.54    -573.0152 -611.3649 0.7017377
2672.55    -572.8751 -611.3604 0.7017952
2672.56    -572.735 -611.356 0.7018532
2672.57    -572.5948 -611.3516 0.7019117
2672.58    -572.4546 -611.3471 0.7019708
2672.59    -572.3143 -611.3427 0.7020304
2672.6    -572.1741 -611.3382 0.7020905
2672.61    -572.0338 -611.3337 0.702151
2672.62    -571.8934 -611.3294 0.702212
2672.63    -571.753 -611.325 0.7022734
2672.64    -571.6125 -611.3206 0.7023352
2672.65    -571.472 -611.3162 0.7023975
2672.66    -571.3315 -611.3119 0.70246
2672.67    -571.1909 -611.3075 0.7025229
2672.68    -571.0502 -611.3031 0.7025861
2672.69    -570.9095 -611.2987 0.7026496
2672.7    -570.7688 -611.2944 0.7027134
2672.71    -570.628 -611.2901 0.7027774
2672.72    -570.4872 -611.2858 0.7028418
2672.73    -570.3463 -611.2814 0.7029063
2672.74    -570.2054 -611.2771 0.7029711
2672.75    -570.0645 -611.2728 0.7030361
2672.76    -569.9235 -611.2685 0.7031013
2672.77    -569.7825 -611.2642 0.7031668
2672.78    -569.6414 -611.2599 0.7032323
2672.79    -569.5003 -611.2557 0.7032982
2672.8    -569.3591 -611.2515 0.7033641
2672.81    -569.2179 -611.2472 0.7034303
2672.82    -569.0766 -611.2429 0.7034965
2672.83    -568.9353 -611.2386 0.7035629
2672.84    -568.7939 -611.2344 0.7036295
2672.85    -568.6525 -611.2301 0.7036961
2672.86    -568.5111 -611.226 0.7037629
2672.87    -568.3696 -611.2217 0.7038298
2672.88    -568.2281 -611.2175 0.7038968
2672.89    -568.0865 -611.2133 0.7039639
2672.9    -567.9449 -611.2091 0.7040311
2672.91    -567.8033 -611.2049 0.7040985
2672.92    -567.6616 -611.2007 0.7041659
2672.93    -567.5198 -611.1965 0.7042333
2672.94    -567.3781 -611.1923 0.7043009
2672.95    -567.2362 -611.1881 0.7043685
2672.96    -567.0943 -611.1839 0.7044362
2672.97    -566.9524 -611.1797 0.704504
2672.98    -566.8104 -611.1756 0.7045718
2672.99    -566.6685 -611.1714 0.7046397
2673    -566.5264 -611.1673 0.7047076
2673.01    -566.3843 -611.1631 0.7047756
2673.02    -566.2422 -611.159 0.7048436
2673.03    -566.1 -611.1548 0.7049118
2673.04    -565.9578 -611.1507 0.7049799
2673.05    -565.8156 -611.1465 0.705048
2673.06    -565.6732 -611.1424 0.7051163
2673.07    -565.5309 -611.1382 0.7051845
2673.08    -565.3885 -611.1341 0.7052528
2673.09    -565.246 -611.1299 0.705321
2673.1    -565.1036 -611.1258 0.7053894
2673.11    -564.9611 -611.1217 0.7054578
2673.12    -564.8185 -611.1177 0.7055262
2673.13    -564.6759 -611.1136 0.7055946
2673.14    -564.5333 -611.1095 0.7056631
2673.15    -564.3906 -611.1054 0.7057316
2673.16    -564.2478 -611.1013 0.7058
2673.17    -564.105 -611.0972 0.7058685
2673.18    -563.9622 -611.0931 0.705937
2673.19    -563.8193 -611.0891 0.7060055
2673.2    -563.6764 -611.085 0.7060741
2673.21    -563.5334 -611.0809 0.7061426
2673.22    -563.3904 -611.0768 0.7062111
2673.23    -563.2474 -611.0727 0.7062797
2673.24    -563.1044 -611.0686 0.7063484
2673.25    -562.9612 -611.0645 0.706417
2673.26    -562.8181 -611.0604 0.7064856
2673.27    -562.6748 -611.0563 0.7065541
2673.28    -562.5316 -611.0522 0.7066228
2673.29    -562.3882 -611.0481 0.7066914
2673.3    -562.2449 -611.044 0.70676
2673.31    -562.1016 -611.0399 0.7068286
2673.32    -561.9581 -611.0358 0.7068973
2673.33    -561.8147 -611.0317 0.706966
2673.34    -561.6712 -611.0276 0.7070346
2673.35    -561.5276 -611.0236 0.7071033
2673.36    -561.3841 -611.0195 0.7071719
2673.37    -561.2405 -611.0154 0.7072405
2673.38    -561.0969 -611.0113 0.7073092
2673.39    -560.9532 -611.0072 0.7073779
2673.4    -560.8094 -611.0031 0.7074465
2673.41    -560.6656 -610.999 0.7075152
2673.42    -560.5219 -610.9949 0.7075838
2673.43    -560.3781 -610.9908 0.7076523
2673.44    -560.2342 -610.9868 0.7077206
2673.45    -560.0903 -610.9827 0.7077888
2673.46    -559.9463 -610.9786 0.7078568
2673.47    -559.8023 -610.9745 0.7079247
2673.48    -559.6583 -610.9704 0.7079918
2673.49    -559.5142 -610.9663 0.7080581
2673.5    -559.3701 -610.9622 0.7081238
2673.51    -559.226 -610.9581 0.7081888
2673.52    -559.0817 -610.954 0.7082532
2673.53    -558.9375 -610.95 0.7083169
2673.54    -558.7932 -610.9459 0.7083789
2673.55    -558.6489 -610.9418 0.7084392
2673.56    -558.5046 -610.9377 0.7084978
2673.57    -558.3602 -610.9336 0.708555
2673.58    -558.2158 -610.9295 0.7086092
2673.59    -558.0713 -610.9254 0.7086607
2673.6    -557.9268 -610.9213 0.7087095
2673.61    -557.7823 -610.9172 0.7087557
2673.62    -557.6377 -610.9131 0.7087996
2673.63    -557.4931 -610.909 0.7088395
2673.64    -557.3484 -610.9049 0.7088757
2673.65    -557.2037 -610.9008 0.7089083
2673.66    -557.059 -610.8967 0.7089375
2673.67    -556.9142 -610.8926 0.7089636
2673.68    -556.7695 -610.8885 0.7089843
2673.69    -556.6246 -610.8845 0.7089998
2673.7    -556.4797 -610.8804 0.7090104
2673.71    -556.3348 -610.8763 0.7090164
2673.72    -556.1898 -610.8722 0.7090181
2673.73    -556.0449 -610.868 0.7090138
2673.74    -555.8998 -610.8639 0.7090039
2673.75    -555.7548 -610.8597 0.7089887
2673.76    -555.6096 -610.8556 0.7089685
2673.77    -555.4645 -610.8514 0.7089435
2673.78    -555.3193 -610.8473 0.7089136
2673.79    -555.1741 -610.8431 0.7088791
2673.8    -555.0288 -610.839 0.7088401
2673.81    -554.8835 -610.8348 0.7087969
2673.82    -554.7381 -610.8307 0.7087498
2673.83    -554.5927 -610.8265 0.7086988
2673.84    -554.4474 -610.8224 0.7086443
2673.85    -554.3019 -610.8182 0.7085865
2673.86    -554.1564 -610.814 0.7085254
2673.87    -554.0109 -610.8099 0.7084613
2673.88    -553.8653 -610.8057 0.7083946
2673.89    -553.7197 -610.8015 0.7083255
2673.9    -553.574 -610.7973 0.7082542
2673.91    -553.4283 -610.7931 0.7081805
2673.92    -553.2826 -610.7889 0.708105
2673.93    -553.1368 -610.7847 0.7080284
2673.94    -552.991 -610.7805 0.7079512
2673.95    -552.8452 -610.7762 0.707873
2673.96    -552.6993 -610.772 0.7077942
2673.97    -552.5534 -610.7678 0.7077147
2673.98    -552.4075 -610.7635 0.7076359
2673.99    -552.2615 -610.7592 0.7075577
2674    -552.1154 -610.7549 0.7074802
2674.01    -551.9694 -610.7507 0.7074031
2674.02    -551.8232 -610.7464 0.7073267
2674.03    -551.6771 -610.7421 0.7072523
2674.04    -551.5309 -610.7378 0.70718
2674.05    -551.3847 -610.7335 0.7071095
2674.06    -551.2385 -610.7291 0.7070407
2674.07    -551.0922 -610.7248 0.7069736
2674.08    -550.9459 -610.7205 0.7069094
2674.09    -550.7995 -610.7161 0.7068478
2674.1    -550.6531 -610.7117 0.7067888
2674.11    -550.5067 -610.7074 0.706732
2674.12    -550.3602 -610.703 0.7066776
2674.13    -550.2137 -610.6985 0.7066265
2674.14    -550.0671 -610.6942 0.7065784
2674.15    -549.9205 -610.6898 0.7065333
2674.16    -549.7739 -610.6854 0.706491
2674.17    -549.6273 -610.681 0.7064514
2674.18    -549.4806 -610.6765 0.7064156
2674.19    -549.3339 -610.672 0.7063835
2674.2    -549.1871 -610.6675 0.7063548
2674.21    -549.0402 -610.6631 0.7063295
2674.22    -548.8934 -610.6586 0.7063072
2674.23    -548.7465 -610.6541 0.7062894
2674.24    -548.5996 -610.6496 0.7062756
2674.25    -548.4526 -610.6451 0.7062659
2674.26    -548.3056 -610.6405 0.7062599
2674.27    -548.1586 -610.636 0.7062575
2674.28    -548.0115 -610.6315 0.7062591
2674.29    -547.8644 -610.627 0.7062644
2674.3    -547.7173 -610.6223 0.7062732
2674.31    -547.5701 -610.6177 0.7062854
2674.32    -547.4229 -610.6132 0.7063008
2674.33    -547.2756 -610.6086 0.7063193
2674.34    -547.1283 -610.6039 0.7063406
2674.35    -546.981 -610.5992 0.7063647
2674.36    -546.8336 -610.5946 0.7063914
2674.37    -546.6862 -610.59 0.7064206
2674.38    -546.5387 -610.5852 0.7064522
2674.39    -546.3912 -610.5805 0.706486
2674.4    -546.2437 -610.5758 0.7065219
2674.41    -546.0961 -610.571 0.70656
2674.42    -545.9485 -610.5662 0.7066
2674.43    -545.8009 -610.5615 0.7066417
2674.44    -545.6533 -610.5566 0.7066853
2674.45    -545.5056 -610.5518 0.7067305
2674.46    -545.3578 -610.547 0.7067773
2674.47    -545.21 -610.5421 0.7068255
2674.48    -545.0622 -610.5372 0.7068751
2674.49    -544.9144 -610.5323 0.7069261
2674.5    -544.7665 -610.5274 0.7069783
2674.51    -544.6185 -610.5225 0.7070318
2674.52    -544.4706 -610.5175 0.7070863
2674.53    -544.3226 -610.5125 0.7071419
2674.54    -544.1746 -610.5074 0.7071984
2674.55    -544.0265 -610.5024 0.7072559
2674.56    -543.8784 -610.4973 0.7073143
2674.57    -543.7302 -610.4922 0.7073734
2674.58    -543.5821 -610.487 0.7074334
2674.59    -543.4339 -610.4819 0.707494
2674.6    -543.2856 -610.4766 0.7075554
2674.61    -543.1373 -610.4714 0.7076173
2674.62    -542.989 -610.4661 0.7076799
2674.63    -542.8406 -610.4609 0.7077429
2674.64    -542.6923 -610.4555 0.7078065
2674.65    -542.5438 -610.4501 0.7078705
2674.66    -542.3953 -610.4448 0.707935
2674.67    -542.2468 -610.4393 0.7079998
2674.68    -542.0983 -610.4338 0.7080652
2674.69    -541.9497 -610.4284 0.7081308
2674.7    -541.8011 -610.4229 0.7081966
2674.71    -541.6524 -610.4174 0.7082628
2674.72    -541.5037 -610.4117 0.7083292
2674.73    -541.3549 -610.4061 0.708396
2674.74    -541.2062 -610.4005 0.708463
2674.75    -541.0574 -610.3948 0.7085303
2674.76    -540.9086 -610.389 0.7085978
2674.77    -540.7596 -610.3833 0.7086656
2674.78    -540.6107 -610.3775 0.7087336
2674.79    -540.4618 -610.3716 0.7088019
2674.8    -540.3128 -610.3658 0.708871
2674.81    -540.1638 -610.3599 0.7089404
2674.82    -540.0146 -610.3539 0.7090102
2674.83    -539.8655 -610.348 0.7090809
2674.84    -539.7164 -610.342 0.7091523
2674.85    -539.5673 -610.3359 0.7092243
2674.86    -539.418 -610.3298 0.7092971
2674.87    -539.2687 -610.3237 0.7093703
2674.88    -539.1194 -610.3175 0.7094447
2674.89    -538.9701 -610.3113 0.7095202
2674.9    -538.8207 -610.305 0.7095968
2674.91    -538.6713 -610.2988 0.7096742
2674.92    -538.5219 -610.2924 0.7097525
2674.93    -538.3724 -610.286 0.7098321
2674.94    -538.2228 -610.2797 0.7099131
2674.95    -538.0733 -610.2732 0.7099953
2674.96    -537.9237 -610.2667 0.7100786
2674.97    -537.774 -610.2601 0.7101629
2674.98    -537.6244 -610.2536 0.7102487
2674.99    -537.4747 -610.2469 0.7103359
2675    -537.325 -610.2402 0.7104244
2675.01    -537.1752 -610.2335 0.7105142
2675.02    -537.0253 -610.2268 0.710605
2675.03    -536.8755 -610.22 0.7106972
2675.04    -536.7256 -610.2131 0.7107906
2675.05    -536.5757 -610.2062 0.7108851
2675.06    -536.4258 -610.1993 0.7109808
2675.07    -536.2758 -610.1924 0.7110774
2675.08    -536.1257 -610.1854 0.711175
2675.09    -535.9756 -610.1783 0.7112735
2675.1    -535.8256 -610.1713 0.7113729
2675.11    -535.6754 -610.1641 0.711473
2675.12    -535.5252 -610.1569 0.7115739
2675.13    -535.375 -610.1498 0.7116754
2675.14    -535.2248 -610.1425 0.7117775
2675.15    -535.0745 -610.1352 0.7118801
2675.16    -534.9242 -610.1279 0.7119833
2675.17    -534.7738 -610.1205 0.7120868
2675.18    -534.6234 -610.1131 0.7121907
2675.19    -534.473 -610.1057 0.7122949
2675.2    -534.3226 -610.0982 0.7123984
2675.21    -534.1721 -610.0908 0.7125057
2675.22    -534.0215 -610.0832 0.7126128
2675.23    -533.8709 -610.0756 0.7127197
2675.24    -533.7203 -610.068 0.7128265
2675.25    -533.5697 -610.0603 0.7129332
2675.26    -533.419 -610.0527 0.7130397
2675.27    -533.2682 -610.0449 0.7131462
2675.28    -533.1175 -610.0372 0.7132523
2675.29    -532.9667 -610.0294 0.7133573
2675.3    -532.8159 -610.0215 0.7134613
2675.31    -532.665 -610.0137 0.7135642
2675.32    -532.5142 -610.0058 0.7136661
2675.33    -532.3632 -609.9979 0.7137659
2675.34    -532.2123 -609.9899 0.7138637
2675.35    -532.0613 -609.982 0.7139597
2675.36    -531.9102 -609.974 0.714054
2675.37    -531.7592 -609.9659 0.7141467
2675.38    -531.608 -609.9578 0.7142367
2675.39    -531.457 -609.9498 0.7143242
2675.4    -531.3058 -609.9416 0.7144095
2675.41    -531.1545 -609.9335 0.7144927
2675.42    -531.0033 -609.9253 0.7145738
2675.43    -530.852 -609.9171 0.7146529
2675.44    -530.7007 -609.9088 0.7147302
2675.45    -530.5493 -609.9006 0.7148058
2675.46    -530.3979 -609.8923 0.7148797
2675.47    -530.2464 -609.884 0.7149521
2675.48    -530.0949 -609.8755 0.7150231
2675.49    -529.9434 -609.8672 0.7150927
2675.5    -529.7919 -609.8588 0.7151612
2675.51    -529.6403 -609.8503 0.7152285
2675.52    -529.4886 -609.8419 0.7152947
2675.53    -529.3369 -609.8334 0.7153598
2675.54    -529.1852 -609.8249 0.715424
2675.55    -529.0335 -609.8163 0.7154873
2675.56    -528.8817 -609.8078 0.7155498
2675.57    -528.7299 -609.7993 0.7156114
2675.58    -528.578 -609.7906 0.7156723
2675.59    -528.4261 -609.782 0.7157325
2675.6    -528.2742 -609.7734 0.7157921
2675.61    -528.1222 -609.7647 0.715851
2675.62    -527.9702 -609.756 0.7159094
2675.63    -527.8181 -609.7474 0.7159672
2675.64    -527.666 -609.7386 0.7160246
2675.65    -527.5139 -609.7299 0.7160814
2675.66    -527.3618 -609.7212 0.7161378
2675.67    -527.2095 -609.7125 0.7161939
2675.68    -527.0573 -609.7037 0.7162495
2675.69    -526.905 -609.6949 0.7163048
2675.7    -526.7527 -609.6861 0.7163598
2675.71    -526.6004 -609.6773 0.7164145
2675.72    -526.448 -609.6685 0.7164688
2675.73    -526.2956 -609.6597 0.7165229
2675.74    -526.1431 -609.6508 0.7165769
2675.75    -525.9906 -609.642 0.7166305
2675.76    -525.8381 -609.6331 0.7166839
2675.77    -525.6855 -609.6243 0.7167372
2675.78    -525.5329 -609.6154 0.7167902
2675.79    -525.3802 -609.6066 0.7168431
2675.8    -525.2275 -609.5977 0.7168958
2675.81    -525.0748 -609.5887 0.7169484
2675.82    -524.9221 -609.5798 0.7170008
2675.83    -524.7693 -609.571 0.7170531
2675.84    -524.6165 -609.5621 0.7171053
2675.85    -524.4636 -609.5532 0.7171574
2675.86    -524.3106 -609.5443 0.7172093
2675.87    -524.1577 -609.5353 0.7172612
2675.88    -524.0047 -609.5265 0.7173128
2675.89    -523.8517 -609.5176 0.7173641
2675.9    -523.6986 -609.5087 0.7174153
2675.91    -523.5455 -609.4998 0.7174662
2675.92    -523.3923 -609.491 0.717517
2675.93    -523.2391 -609.4821 0.7175673
2675.94    -523.0859 -609.4733 0.7176173
2675.95    -522.9327 -609.4645 0.7176669
2675.96    -522.7794 -609.4556 0.7177162
2675.97    -522.6259 -609.4468 0.7177652
2675.98    -522.4725 -609.438 0.7178137
2675.99    -522.3191 -609.4293 0.7178618
2676    -522.1656 -609.4205 0.7179095
2676.01    -522.0121 -609.4118 0.717957
2676.02    -521.8586 -609.403 0.718004
2676.03    -521.705 -609.3943 0.7180508
2676.04    -521.5514 -609.3856 0.7180973
2676.05    -521.3977 -609.377 0.7181436
2676.06    -521.244 -609.3683 0.7181895
2676.07    -521.0903 -609.3597 0.7182353
2676.08    -520.9365 -609.3511 0.7182809
2676.09    -520.7827 -609.3426 0.7183262
2676.1    -520.6288 -609.334 0.7183713
2676.11    -520.4749 -609.3255 0.7184164
2676.12    -520.321 -609.317 0.7184612
2676.13    -520.1671 -609.3086 0.7185059
2676.14    -520.0131 -609.3002 0.7185505
2676.15    -519.859 -609.2918 0.7185949
2676.16    -519.7049 -609.2834 0.7186393
2676.17    -519.5507 -609.2751 0.7186835
2676.18    -519.3965 -609.2668 0.7187276
2676.19    -519.2424 -609.2585 0.7187716
2676.2    -519.0881 -609.2504 0.7188156
2676.21    -518.9338 -609.2422 0.7188594
2676.22    -518.7795 -609.2341 0.7189033
2676.23    -518.6251 -609.226 0.718947
2676.24    -518.4706 -609.218 0.7189907
2676.25    -518.3162 -609.21 0.7190344
2676.26    -518.1617 -609.202 0.7190779
2676.27    -518.0072 -609.1941 0.7191215
2676.28    -517.8526 -609.1862 0.7191651
2676.29    -517.698 -609.1784 0.7192085
2676.3    -517.5433 -609.1707 0.7192519
2676.31    -517.3886 -609.163 0.7192954
2676.32    -517.2339 -609.1553 0.7193389
2676.33    -517.0792 -609.1476 0.7193822
2676.34    -516.9244 -609.1401 0.7194256
2676.35    -516.7695 -609.1326 0.719469
2676.36    -516.6146 -609.1251 0.7195123
2676.37    -516.4597 -609.1178 0.7195556
2676.38    -516.3047 -609.1105 0.7195989
2676.39    -516.1497 -609.1032 0.7196423
2676.4    -515.9947 -609.0959 0.7196856
2676.41    -515.8396 -609.0888 0.7197289
2676.42    -515.6844 -609.0817 0.7197722
2676.43    -515.5292 -609.0746 0.7198156
2676.44    -515.374 -609.0676 0.7198589
2676.45    -515.2188 -609.0607 0.7199023
2676.46    -515.0635 -609.0538 0.7199457
2676.47    -514.9082 -609.0471 0.7199889
2676.48    -514.7529 -609.0404 0.7200323
2676.49    -514.5975 -609.0338 0.7200756
2676.5    -514.4421 -609.0272 0.7201189
2676.51    -514.2866 -609.0207 0.7201622
2676.52    -514.1311 -609.0142 0.7202054
2676.53    -513.9756 -609.0078 0.7202484
2676.54    -513.82 -609.0016 0.7202912
2676.55    -513.6644 -608.9953 0.7203338
2676.56    -513.5088 -608.9891 0.7203763
2676.57    -513.3531 -608.983 0.7204185
2676.58    -513.1973 -608.977 0.7204605
2676.59    -513.0416 -608.9711 0.7205021
2676.6    -512.8858 -608.9651 0.7205433
2676.61    -512.73 -608.9593 0.720584
2676.62    -512.5741 -608.9536 0.7206243
2676.63    -512.4182 -608.9479 0.7206638
2676.64    -512.2622 -608.9424 0.7207026
2676.65    -512.1062 -608.9368 0.7207409
2676.66    -511.9502 -608.9315 0.7207785
2676.67    -511.7942 -608.9261 0.7208155
2676.68    -511.6381 -608.9208 0.7208515
2676.69    -511.482 -608.9157 0.7208868
2676.7    -511.3258 -608.9106 0.7209212
2676.71    -511.1696 -608.9056 0.7209548
2676.72    -511.0133 -608.9006 0.7209877
2676.73    -510.8571 -608.8957 0.7210194
2676.74    -510.7007 -608.8909 0.7210499
2676.75    -510.5444 -608.8862 0.7210793
2676.76    -510.388 -608.8816 0.7211077
2676.77    -510.2316 -608.877 0.7211351
2676.78    -510.0751 -608.8726 0.7211611
2676.79    -509.9186 -608.8682 0.7211857
2676.8    -509.7621 -608.8639 0.721209
2676.81    -509.6056 -608.8597 0.7212311
2676.82    -509.4489 -608.8555 0.7212521
2676.83    -509.2923 -608.8516 0.7212716
2676.84    -509.1357 -608.8476 0.7212897
2676.85    -508.9789 -608.8438 0.7213065
2676.86    -508.8222 -608.84 0.7213221
2676.87    -508.6654 -608.8363 0.7213365
2676.88    -508.5086 -608.8327 0.7213494
2676.89    -508.3517 -608.8292 0.7213608
2676.9    -508.1949 -608.8257 0.7213709
2676.91    -508.0379 -608.8224 0.7213797
2676.92    -507.881 -608.8192 0.7213873
2676.93    -507.724 -608.816 0.7213938
2676.94    -507.567 -608.8129 0.7213991
2676.95    -507.4099 -608.8099 0.7214033
2676.96    -507.2528 -608.8069 0.7214065
2676.97    -507.0957 -608.8041 0.7214088
2676.98    -506.9386 -608.8013 0.7214102
2676.99    -506.7814 -608.7986 0.7214108
2677    -506.6242 -608.796 0.7214105
2677.01    -506.4669 -608.7935 0.7214096
2677.02    -506.3096 -608.791 0.7214078
2677.03    -506.1523 -608.7887 0.7214055
2677.04    -505.995 -608.7864 0.7214025
2677.05    -505.8376 -608.7841 0.7213989
2677.06    -505.6801 -608.782 0.7213947
2677.07    -505.5227 -608.7799 0.7213901
2677.08    -505.3652 -608.7779 0.7213849
2677.09    -505.2077 -608.7759 0.7213792
2677.1    -505.0501 -608.774 0.721373
2677.11    -504.8925 -608.7723 0.7213665
2677.12    -504.7349 -608.7706 0.7213594
2677.13    -504.5773 -608.7689 0.7213521
2677.14    -504.4196 -608.7673 0.7213444
2677.15    -504.2619 -608.7658 0.7213363
2677.16    -504.1041 -608.7643 0.7213278
2677.17    -503.9463 -608.7629 0.7213191
2677.18    -503.7885 -608.7616 0.7213101
2677.19    -503.6307 -608.7604 0.7213008
2677.2    -503.4728 -608.7592 0.7212913
2677.21    -503.3148 -608.7581 0.7212815
2677.22    -503.1569 -608.757 0.7212715
2677.23    -502.9989 -608.756 0.7212613
2677.24    -502.8409 -608.7551 0.7212508
2677.25    -502.6829 -608.7542 0.7212402
2677.26    -502.5248 -608.7533 0.7212294
2677.27    -502.3667 -608.7524 0.7212184
2677.28    -502.2085 -608.7517 0.7212072
2677.29    -502.0504 -608.751 0.7211959
2677.3    -501.8922 -608.7504 0.7211844
2677.31    -501.7339 -608.7498 0.7211728
2677.32    -501.5756 -608.7492 0.7211611
2677.33    -501.4173 -608.7487 0.7211491
2677.34    -501.259 -608.7482 0.7211372
2677.35    -501.1006 -608.7479 0.721125
2677.36    -500.9422 -608.7475 0.7211128
2677.37    -500.7838 -608.7471 0.7211005
2677.38    -500.6253 -608.7469 0.7210881
2677.39    -500.4668 -608.7466 0.7210755
2677.4    -500.3082 -608.7464 0.721063
2677.41    -500.1497 -608.7462 0.7210503
2677.42    -499.9911 -608.7461 0.7210375
2677.43    -499.8324 -608.746 0.7210247
2677.44    -499.6738 -608.746 0.7210119
2677.45    -499.5151 -608.7459 0.7209989
2677.46    -499.3564 -608.7459 0.7209858
2677.47    -499.1976 -608.7459 0.7209727
2677.48    -499.0388 -608.746 0.7209595
2677.49    -498.88 -608.746 0.7209463
2677.5    -498.7211 -608.7462 0.7209331
2677.51    -498.5622 -608.7463 0.7209198
2677.52    -498.4033 -608.7465 0.7209064
2677.53    -498.2444 -608.7466 0.720893
2677.54    -498.0854 -608.7468 0.7208796
2677.55    -497.9264 -608.7471 0.7208661
2677.56    -497.7673 -608.7473 0.7208526
2677.57    -497.6082 -608.7476 0.7208391
2677.58    -497.4491 -608.7479 0.7208255
2677.59    -497.2899 -608.7482 0.7208118
2677.6    -497.1308 -608.7485 0.7207981
2677.61    -496.9716 -608.7488 0.7207844
2677.62    -496.8123 -608.7491 0.7207706
2677.63    -496.653 -608.7495 0.7207567
2677.64    -496.4937 -608.7499 0.7207428
2677.65    -496.3344 -608.7503 0.7207288
2677.66    -496.175 -608.7507 0.7207148
2677.67    -496.0156 -608.7511 0.7207008
2677.68    -495.8561 -608.7515 0.7206867
2677.69    -495.6967 -608.752 0.7206725
2677.7    -495.5372 -608.7524 0.7206584
2677.71    -495.3776 -608.7529 0.7206442
2677.72    -495.218 -608.7534 0.7206299
2677.73    -495.0585 -608.7538 0.7206156
2677.74    -494.8988 -608.7543 0.7206013
2677.75    -494.7392 -608.7548 0.7205869
2677.76    -494.5795 -608.7552 0.7205725
2677.77    -494.4197 -608.7557 0.7205581
2677.78    -494.26 -608.7562 0.7205436
2677.79    -494.1002 -608.7567 0.7205291
2677.8    -493.9404 -608.7571 0.7205145
2677.81    -493.7805 -608.7576 0.7204999
2677.82    -493.6206 -608.7581 0.7204853
2677.83    -493.4607 -608.7586 0.7204707
2677.84    -493.3008 -608.759 0.720456
2677.85    -493.1408 -608.7595 0.7204413
2677.86    -492.9807 -608.76 0.7204266
2677.87    -492.8207 -608.7605 0.7204118
2677.88    -492.6606 -608.7609 0.7203971
2677.89    -492.5005 -608.7614 0.7203822
2677.9    -492.3404 -608.7619 0.7203674
2677.91    -492.1802 -608.7623 0.7203526
2677.92    -492.02 -608.7628 0.7203377
2677.93    -491.8597 -608.7633 0.7203228
2677.94    -491.6995 -608.7637 0.7203079
2677.95    -491.5392 -608.7642 0.720293
2677.96    -491.3788 -608.7646 0.7202781
2677.97    -491.2184 -608.7651 0.7202631
2677.98    -491.0581 -608.7654 0.7202481
2677.99    -490.8976 -608.7659 0.7202331
2678    -490.7372 -608.7663 0.7202181
2678.01    -490.5767 -608.7667 0.7202031
2678.02    -490.4161 -608.7671 0.720188
2678.03    -490.2556 -608.7675 0.720173
2678.04    -490.095 -608.7678 0.7201579
2678.05    -489.9344 -608.7681 0.7201428
2678.06    -489.7737 -608.7685 0.7201277
2678.07    -489.613 -608.7688 0.7201126
2678.08    -489.4523 -608.7691 0.7200975
2678.09    -489.2916 -608.7694 0.7200823
2678.1    -489.1308 -608.7697 0.7200672
2678.11    -488.97 -608.77 0.7200521
2678.12    -488.8091 -608.7702 0.7200369
2678.13    -488.6483 -608.7704 0.7200217
2678.14    -488.4874 -608.7706 0.7200065
2678.15    -488.3264 -608.7709 0.7199913
2678.16    -488.1655 -608.7711 0.719976
2678.17    -488.0045 -608.7712 0.7199608
2678.18    -487.8434 -608.7714 0.7199455
2678.19    -487.6824 -608.7715 0.7199304
2678.2    -487.5213 -608.7717 0.7199151
2678.21    -487.3601 -608.7718 0.7198998
2678.22    -487.199 -608.7719 0.7198846
2678.23    -487.0378 -608.772 0.7198693
2678.24    -486.8766 -608.772 0.7198539
2678.25    -486.7153 -608.772 0.7198386
2678.26    -486.554 -608.7721 0.7198233
2678.27    -486.3927 -608.772 0.719808
2678.28    -486.2314 -608.772 0.7197927
2678.29    -486.07 -608.772 0.7197773
2678.3    -485.9086 -608.7719 0.719762
2678.31    -485.7472 -608.7719 0.7197466
2678.32    -485.5857 -608.7718 0.7197312
2678.33    -485.4242 -608.7717 0.7197158
2678.34    -485.2626 -608.7715 0.7197004
2678.35    -485.1011 -608.7714 0.719685
2678.36    -484.9395 -608.7712 0.7196695
2678.37    -484.7778 -608.7711 0.7196541
2678.38    -484.6161 -608.7709 0.7196387
2678.39    -484.4545 -608.7706 0.7196233
2678.4    -484.2928 -608.7704 0.7196079
2678.41    -484.131 -608.7701 0.7195924
2678.42    -483.9692 -608.7698 0.719577
2678.43    -483.8074 -608.7695 0.7195615
2678.44    -483.6455 -608.7692 0.719546
2678.45    -483.4836 -608.7688 0.7195305
2678.46    -483.3217 -608.7684 0.719515
2678.47    -483.1598 -608.768 0.7194995
2678.48    -482.9978 -608.7676 0.719484
2678.49    -482.8358 -608.7672 0.7194683
2678.5    -482.6737 -608.7667 0.7194524
2678.51    -482.5117 -608.7662 0.7194362
2678.52    -482.3495 -608.7657 0.7194198
2678.53    -482.1874 -608.7651 0.7194026
2678.54    -482.0253 -608.7646 0.7193843
2678.55    -481.8631 -608.764 0.7193651
2678.56    -481.7008 -608.7634 0.7193452
2678.57    -481.5386 -608.7628 0.7193244
2678.58    -481.3763 -608.7621 0.7193012
2678.59    -481.214 -608.7614 0.7192757
2678.6    -481.0516 -608.7607 0.719248
2678.61    -480.8893 -608.76 0.7192183
2678.62    -480.7268 -608.7593 0.7191866
2678.63    -480.5644 -608.7585 0.7191514
2678.64    -480.4019 -608.7577 0.7191127
2678.65    -480.2394 -608.7569 0.7190709
2678.66    -480.0769 -608.756 0.7190261
2678.67    -479.9143 -608.7552 0.7189784
2678.68    -479.7517 -608.7543 0.718928
2678.69    -479.5891 -608.7534 0.7188733
2678.7    -479.4264 -608.7524 0.7188146
2678.71    -479.2637 -608.7515 0.718752
2678.72    -479.101 -608.7505 0.7186857
2678.73    -478.9383 -608.7495 0.7186158
2678.74    -478.7755 -608.7485 0.7185423
2678.75    -478.6127 -608.7474 0.7184656
2678.76    -478.4498 -608.7464 0.7183856
2678.77    -478.2869 -608.7452 0.7183026
2678.78    -478.124 -608.7441 0.7182168
2678.79    -477.9611 -608.743 0.7181282
2678.8    -477.7981 -608.7418 0.718037
2678.81    -477.6351 -608.7407 0.7179434
2678.82    -477.4721 -608.7394 0.7178475
2678.83    -477.309 -608.7382 0.7177493
2678.84    -477.1459 -608.7369 0.717649
2678.85    -476.9828 -608.7356 0.7175468
2678.86    -476.8197 -608.7343 0.7174427
2678.87    -476.6565 -608.733 0.7173367
2678.88    -476.4933 -608.7316 0.7172291
2678.89    -476.33 -608.7302 0.7171198
2678.9    -476.1667 -608.7288 0.7170089
2678.91    -476.0034 -608.7273 0.7168966
2678.92    -475.8401 -608.7258 0.7167829
2678.93    -475.6767 -608.7243 0.7166678
2678.94    -475.5133 -608.7228 0.7165515
2678.95    -475.3499 -608.7213 0.716434
2678.96    -475.1865 -608.7197 0.7163153
2678.97    -475.0229 -608.7181 0.7161955
2678.98    -474.8594 -608.7165 0.7160748
2678.99    -474.6959 -608.7148 0.7159529
2679    -474.5323 -608.7131 0.7158302
2679.01    -474.3687 -608.7115 0.7157066
2679.02    -474.2051 -608.7097 0.7155821
2679.03    -474.0414 -608.708 0.7154568
2679.04    -473.8777 -608.7062 0.7153307
2679.05    -473.714 -608.7044 0.7152038
2679.06    -473.5502 -608.7026 0.7150763
2679.07    -473.3864 -608.7007 0.7149481
2679.08    -473.2226 -608.6989 0.7148193
2679.09    -473.0587 -608.697 0.7146898
2679.1    -472.8949 -608.695 0.7145597
2679.11    -472.731 -608.6931 0.7144291
2679.12    -472.567 -608.691 0.714298
2679.13    -472.403 -608.6891 0.7141662
2679.14    -472.239 -608.6871 0.7140341
2679.15    -472.075 -608.685 0.7139015
2679.16    -471.9109 -608.6829 0.7137684
2679.17    -471.7468 -608.6808 0.7136349
2679.18    -471.5827 -608.6786 0.713501
2679.19    -471.4185 -608.6765 0.7133667
2679.2    -471.2544 -608.6744 0.713232
2679.21    -471.0901 -608.6721 0.7130969
2679.22    -470.9259 -608.6699 0.7129615
2679.23    -470.7617 -608.6676 0.7128257
2679.24    -470.5974 -608.6653 0.7126897
2679.25    -470.433 -608.663 0.7125533
2679.26    -470.2686 -608.6606 0.7124166
2679.27    -470.1042 -608.6583 0.7122796
2679.28    -469.9398 -608.6559 0.7121425
2679.29    -469.7754 -608.6535 0.7120051
2679.3    -469.6109 -608.6511 0.7118675
2679.31    -469.4464 -608.6486 0.7117297
2679.32    -469.2818 -608.6461 0.7115917
2679.33    -469.1173 -608.6436 0.7114537
2679.34    -468.9527 -608.641 0.7113158
2679.35    -468.788 -608.6384 0.7111779
2679.36    -468.6234 -608.6359 0.7110401
2679.37    -468.4586 -608.6332 0.7109023
2679.38    -468.2939 -608.6306 0.7107645
2679.39    -468.1292 -608.6278 0.7106273
2679.4    -467.9644 -608.6251 0.7104906
2679.41    -467.7996 -608.6224 0.7103543
2679.42    -467.6347 -608.6196 0.7102185
2679.43    -467.4698 -608.6169 0.7100838
2679.44    -467.305 -608.6141 0.7099499
2679.45    -467.14 -608.6112 0.7098168
2679.46    -466.975 -608.6083 0.7096846
2679.47    -466.81 -608.6054 0.7095532
2679.48    -466.645 -608.6025 0.709423
2679.49    -466.48 -608.5996 0.7092939
2679.5    -466.3149 -608.5966 0.7091659
2679.51    -466.1498 -608.5936 0.7090389
2679.52    -465.9846 -608.5906 0.7089128
2679.53    -465.8195 -608.5875 0.708788
2679.54    -465.6543 -608.5845 0.7086645
2679.55    -465.489 -608.5814 0.708542
2679.56    -465.3238 -608.5782 0.7084206
2679.57    -465.1585 -608.5751 0.7083002
2679.58    -464.9932 -608.5719 0.7081811
2679.59    -464.8278 -608.5687 0.7080634
2679.6    -464.6624 -608.5655 0.7079468
2679.61    -464.497 -608.5622 0.7078313
2679.62    -464.3316 -608.5589 0.7077169
2679.63    -464.1661 -608.5555 0.7076035
2679.64    -464.0006 -608.5522 0.7074916
2679.65    -463.8351 -608.5489 0.7073811
2679.66    -463.6695 -608.5455 0.7072718
2679.67    -463.5039 -608.5421 0.7071637
2679.68    -463.3383 -608.5386 0.7070573
2679.69    -463.1727 -608.5351 0.7069524
2679.7    -463.007 -608.5316 0.706849
2679.71    -462.8413 -608.5281 0.706747
2679.72    -462.6756 -608.5245 0.7066463
2679.73    -462.5099 -608.521 0.7065474
2679.74    -462.3441 -608.5173 0.7064502
2679.75    -462.1783 -608.5137 0.7063546
2679.76    -462.0124 -608.5101 0.7062606
2679.77    -461.8465 -608.5063 0.7061681
2679.78    -461.6806 -608.5026 0.7060774
2679.79    -461.5147 -608.4988 0.7059885
2679.8    -461.3487 -608.4951 0.7059013
2679.81    -461.1827 -608.4913 0.7058156
2679.82    -461.0167 -608.4875 0.7057315
2679.83    -460.8506 -608.4836 0.7056489
2679.84    -460.6845 -608.4798 0.7055678
2679.85    -460.5184 -608.4758 0.7054881
2679.86    -460.3523 -608.4719 0.7054097
2679.87    -460.1861 -608.4679 0.7053326
2679.88    -460.0199 -608.4639 0.7052566
2679.89    -459.8537 -608.46 0.7051818
2679.9    -459.6874 -608.4559 0.705108
2679.91    -459.5211 -608.4518 0.7050353
2679.92    -459.3548 -608.4478 0.7049636
2679.93    -459.1885 -608.4436 0.7048926
2679.94    -459.0222 -608.4395 0.7048226
2679.95    -458.8557 -608.4352 0.7047533
2679.96    -458.6893 -608.431 0.7046849
2679.97    -458.5228 -608.4268 0.7046171
2679.98    -458.3564 -608.4225 0.7045501
2679.99    -458.1898 -608.4183 0.7044837
2680    -458.0233 -608.414 0.7044179
2680.01    -457.8568 -608.4096 0.7043527
2680.02    -457.6901 -608.4053 0.7042881
2680.03    -457.5235 -608.4008 0.704224
2680.04    -457.3568 -608.3964 0.7041603
2680.05    -457.1902 -608.392 0.7040973
2680.06    -457.0234 -608.3875 0.7040345
2680.07    -456.8567 -608.383 0.7039722
2680.08    -456.6899 -608.3785 0.7039103
2680.09    -456.5231 -608.3739 0.7038488
2680.1    -456.3563 -608.3693 0.7037876
2680.11    -456.1895 -608.3647 0.7037268
2680.12    -456.0226 -608.36 0.7036663
2680.13    -455.8557 -608.3554 0.7036061
2680.14    -455.6887 -608.3506 0.7035462
2680.15    -455.5218 -608.3459 0.7034866
2680.16    -455.3548 -608.3412 0.7034271
2680.17    -455.1877 -608.3364 0.7033679
2680.18    -455.0207 -608.3316 0.7033091
2680.19    -454.8537 -608.3267 0.7032503
2680.2    -454.6866 -608.3219 0.7031918
2680.21    -454.5195 -608.317 0.7031334
2680.22    -454.3524 -608.3121 0.7030752
2680.23    -454.1852 -608.3071 0.7030172
2680.24    -454.018 -608.3022 0.7029594
2680.25    -453.8508 -608.2972 0.7029017
2680.26    -453.6835 -608.2922 0.7028442
2680.27    -453.5162 -608.2871 0.7027867
2680.28    -453.3489 -608.282 0.7027295
2680.29    -453.1816 -608.277 0.7026724
2680.3    -453.0142 -608.2719 0.7026153
2680.31    -452.8468 -608.2667 0.7025583
2680.32    -452.6794 -608.2616 0.7025015
2680.33    -452.512 -608.2564 0.7024447
2680.34    -452.3445 -608.2512 0.7023879
2680.35    -452.1771 -608.246 0.7023314
2680.36    -452.0096 -608.2407 0.7022749
2680.37    -451.842 -608.2354 0.7022183
2680.38    -451.6745 -608.2302 0.7021618
2680.39    -451.5069 -608.2249 0.7021055
2680.4    -451.3393 -608.2195 0.7020492
2680.41    -451.1717 -608.2142 0.701993
2680.42    -451.004 -608.2088 0.7019368
2680.43    -450.8363 -608.2034 0.7018806
2680.44    -450.6686 -608.1981 0.7018245
2680.45    -450.5009 -608.1926 0.7017684
2680.46    -450.3331 -608.1872 0.7017123
2680.47    -450.1653 -608.1817 0.7016563
2680.48    -449.9976 -608.1763 0.7016003
2680.49    -449.8297 -608.1708 0.7015443
2680.5    -449.6619 -608.1653 0.7014884
2680.51    -449.494 -608.1598 0.7014324
2680.52    -449.3261 -608.1543 0.7013766
2680.53    -449.1582 -608.1487 0.7013206
2680.54    -448.9903 -608.1432 0.7012647
2680.55    -448.8224 -608.1376 0.7012089
2680.56    -448.6544 -608.1321 0.701153
2680.57    -448.4864 -608.1264 0.7010971
2680.58    -448.3184 -608.1208 0.7010413
2680.59    -448.1504 -608.1152 0.7009854
2680.6    -447.9823 -608.1096 0.7009296
2680.61    -447.8143 -608.1039 0.7008738
2680.62    -447.6462 -608.0983 0.7008179
2680.63    -447.4781 -608.0926 0.7007621
2680.64    -447.3099 -608.0869 0.7007062
2680.65    -447.1418 -608.0812 0.7006504
2680.66    -446.9737 -608.0756 0.7005945
2680.67    -446.8055 -608.0699 0.7005386
2680.68    -446.6373 -608.0642 0.7004827
2680.69    -446.4691 -608.0585 0.7004268
2680.7    -446.301 -608.0527 0.7003709
2680.71    -446.1328 -608.047 0.700315
2680.72    -445.9645 -608.0413 0.700259
2680.73    -445.7963 -608.0355 0.7002031
2680.74    -445.6281 -608.0298 0.7001472
2680.75    -445.4599 -608.024 0.7000912
2680.76    -445.2917 -608.0183 0.7000354
2680.77    -445.1234 -608.0126 0.6999795
2680.78    -444.9552 -608.0068 0.6999235
2680.79    -444.787 -608.0011 0.6998676
2680.8    -444.6188 -607.9953 0.6998116
2680.81    -444.4507 -607.9895 0.6997557
2680.82    -444.2825 -607.9837 0.6996998
2680.83    -444.1143 -607.9779 0.6996438
2680.84    -443.9462 -607.9721 0.6995879
2680.85    -443.7781 -607.9663 0.6995319
2680.86    -443.61 -607.9606 0.6994758
2680.87    -443.4419 -607.9548 0.6994199
2680.88    -443.2739 -607.949 0.6993639
2680.89    -443.1058 -607.9432 0.6993079
2680.9    -442.9378 -607.9374 0.6992518
2680.91    -442.7698 -607.9316 0.6991958
2680.92    -442.6018 -607.9258 0.6991398
2680.93    -442.4338 -607.9201 0.6990837
2680.94    -442.2659 -607.9144 0.6990275
2680.95    -442.0979 -607.9086 0.6989715
2680.96    -441.93 -607.9029 0.6989154
2680.97    -441.7621 -607.8972 0.6988592
2680.98    -441.5942 -607.8915 0.6988031
2680.99    -441.4263 -607.8857 0.6987469
2681    -441.2585 -607.88 0.6986908
2681.01    -441.0906 -607.8743 0.6986345
2681.02    -440.9228 -607.8686 0.6985783
2681.03    -440.755 -607.8629 0.698522
2681.04    -440.5872 -607.8572 0.6984658
2681.05    -440.4195 -607.8516 0.6984094
2681.06    -440.2517 -607.8459 0.6983532
2681.07    -440.084 -607.8403 0.6982968
2681.08    -439.9162 -607.8346 0.6982405
2681.09    -439.7485 -607.8289 0.6981841
2681.1    -439.5808 -607.8234 0.6981277
2681.11    -439.4132 -607.8177 0.6980713
2681.12    -439.2455 -607.8121 0.6980149
2681.13    -439.0779 -607.8065 0.6979584
2681.14    -438.9103 -607.801 0.6979019
2681.15    -438.7427 -607.7953 0.6978455
2681.16    -438.5751 -607.7898 0.6977889
2681.17    -438.4075 -607.7843 0.6977323
2681.18    -438.24 -607.7787 0.6976758
2681.19    -438.0724 -607.7732 0.6976192
2681.2    -437.9049 -607.7678 0.6975626
2681.21    -437.7374 -607.7623 0.697506
