486.02    -648.4692 -614.5294 0.7065789
486.03    -648.3379 -614.5244 0.7067115
486.04    -648.2066 -614.5192 0.7068457
486.05    -648.0753 -614.5141 0.7069814
486.06    -647.944 -614.5089 0.7071185
486.07    -647.8127 -614.5038 0.707257
486.08    -647.6815 -614.4986 0.7073967
486.09    -647.5503 -614.4933 0.7075377
486.1    -647.4191 -614.4882 0.7076797
486.11    -647.2879 -614.483 0.7078227
486.12    -647.1567 -614.4778 0.7079666
486.13    -647.0255 -614.4725 0.7081113
486.14    -646.8943 -614.4672 0.7082562
486.15    -646.7631 -614.462 0.7084014
486.16    -646.632 -614.4567 0.7085468
486.17    -646.5008 -614.4514 0.7086923
486.18    -646.3696 -614.446 0.708838
486.19    -646.2385 -614.4407 0.7089831
486.2    -646.1073 -614.4354 0.7091276
486.21    -645.9761 -614.43 0.7092716
486.22    -645.8448 -614.4246 0.7094151
486.23    -645.7136 -614.4192 0.7095581
486.24    -645.5824 -614.4138 0.7096992
486.25    -645.4511 -614.4084 0.7098386
486.26    -645.3198 -614.4029 0.7099764
486.27    -645.1885 -614.3975 0.7101126
486.28    -645.0571 -614.392 0.7102473
486.29    -644.9258 -614.3864 0.710379
486.3    -644.7944 -614.3809 0.7105079
486.31    -644.663 -614.3754 0.710634
486.32    -644.5315 -614.3699 0.7107576
486.33    -644.4 -614.3643 0.7108787
486.34    -644.2684 -614.3587 0.710996
486.35    -644.1369 -614.3531 0.7111098
486.36    -644.0053 -614.3474 0.7112202
486.37    -643.8737 -614.3418 0.7113274
486.38    -643.7421 -614.3362 0.7114315
486.39    -643.6104 -614.3304 0.7115313
486.4    -643.4787 -614.3248 0.7116271
486.41    -643.3469 -614.3191 0.711719
486.42    -643.2151 -614.3134 0.7118072
486.43    -643.0833 -614.3076 0.7118919
486.44    -642.9515 -614.3019 0.7119721
486.45    -642.8196 -614.2961 0.7120478
486.46    -642.6877 -614.2903 0.7121195
486.47    -642.5557 -614.2845 0.7121871
486.48    -642.4237 -614.2787 0.7122509
486.49    -642.2917 -614.2729 0.71231
486.5    -642.1596 -614.2671 0.7123643
486.51    -642.0275 -614.2612 0.7124143
486.52    -641.8954 -614.2554 0.7124601
486.53    -641.7632 -614.2495 0.7125019
486.54    -641.631 -614.2437 0.7125387
486.55    -641.4987 -614.2377 0.7125707
486.56    -641.3664 -614.2319 0.7125983
486.57    -641.2341 -614.226 0.7126215
486.58    -641.1017 -614.22 0.7126407
486.59    -640.9693 -614.2141 0.7126548
486.6    -640.8369 -614.2082 0.7126641
486.61    -640.7043 -614.2023 0.7126689
486.62    -640.5718 -614.1963 0.7126693
486.63    -640.4392 -614.1902 0.7126655
486.64    -640.3066 -614.1843 0.7126557
486.65    -640.174 -614.1783 0.7126402
486.66    -640.0413 -614.1723 0.7126192
486.67    -639.9085 -614.1663 0.7125931
486.68    -639.7757 -614.1603 0.712562
486.69    -639.6429 -614.1543 0.7125235
486.7    -639.51 -614.1483 0.7124779
486.71    -639.3771 -614.1422 0.7124256
486.72    -639.2441 -614.1362 0.7123668
486.73    -639.1111 -614.1301 0.712302
486.74    -638.9781 -614.1241 0.7122313
486.75    -638.845 -614.118 0.7121513
486.76    -638.7119 -614.1119 0.7120622
486.77    -638.5787 -614.1058 0.7119647
486.78    -638.4456 -614.0997 0.7118591
486.79    -638.3123 -614.0936 0.711742
486.8    -638.1791 -614.0875 0.7116141
486.81    -638.0458 -614.0814 0.7114759
486.82    -637.9124 -614.0753 0.7113279
486.83    -637.779 -614.0692 0.7111703
486.84    -637.6455 -614.0631 0.7110039
486.85    -637.512 -614.0569 0.710825
486.86    -637.3785 -614.0508 0.7106342
486.87    -637.2449 -614.0446 0.7104321
486.88    -637.1113 -614.0385 0.7102193
486.89    -636.9777 -614.0323 0.7099959
486.9    -636.8441 -614.0261 0.7097625
486.91    -636.7103 -614.02 0.7095193
486.92    -636.5765 -614.0138 0.709267
486.93    -636.4427 -614.0076 0.7090061
486.94    -636.3089 -614.0015 0.7087371
486.95    -636.175 -613.9953 0.7084606
486.96    -636.0411 -613.9892 0.7081766
486.97    -635.9072 -613.983 0.7078857
486.98    -635.7731 -613.9769 0.7075883
486.99    -635.6391 -613.9707 0.7072858
487    -635.505 -613.9645 0.7069782
487.01    -635.3708 -613.9583 0.7066659
487.02    -635.2367 -613.9521 0.7063492
487.03    -635.1025 -613.9459 0.7060282
487.04    -634.9683 -613.9396 0.7057062
487.05    -634.834 -613.9334 0.7053831
487.06    -634.6996 -613.9272 0.7050591
487.07    -634.5652 -613.921 0.7047343
487.08    -634.4308 -613.9147 0.7044085
487.09    -634.2964 -613.9085 0.7040859
487.1    -634.1619 -613.9023 0.7037663
487.11    -634.0274 -613.8961 0.7034497
487.12    -633.8928 -613.8899 0.7031358
487.13    -633.7582 -613.8837 0.7028245
487.14    -633.6235 -613.8774 0.7025155
487.15    -633.4888 -613.8712 0.7022141
487.16    -633.354 -613.865 0.7019196
487.17    -633.2192 -613.8588 0.7016318
487.18    -633.0844 -613.8525 0.7013503
487.19    -632.9496 -613.8463 0.7010781
487.2    -632.8147 -613.8401 0.7008147
487.21    -632.6797 -613.8339 0.7005597
487.22    -632.5447 -613.8276 0.7003126
487.23    -632.4097 -613.8214 0.700073
487.24    -632.2747 -613.8152 0.6998435
487.25    -632.1396 -613.809 0.6996233
487.26    -632.0045 -613.8027 0.6994123
487.27    -631.8693 -613.7965 0.6992097
487.28    -631.734 -613.7903 0.6990153
487.29    -631.5988 -613.7841 0.6988305
487.3    -631.4634 -613.7778 0.6986549
487.31    -631.3281 -613.7716 0.6984882
487.32    -631.1927 -613.7654 0.6983296
487.33    -631.0573 -613.7592 0.6981788
487.34    -630.9218 -613.7529 0.6980358
487.35    -630.7863 -613.7467 0.6979002
487.36    -630.6508 -613.7405 0.6977715
487.37    -630.5151 -613.7343 0.6976494
487.38    -630.3795 -613.728 0.6975335
487.39    -630.2438 -613.7218 0.6974237
487.4    -630.1082 -613.7156 0.6973194
487.41    -629.9724 -613.7094 0.6972206
487.42    -629.8366 -613.7031 0.6971267
487.43    -629.7007 -613.6968 0.6970378
487.44    -629.5649 -613.6905 0.6969533
487.45    -629.429 -613.6842 0.6968732
487.46    -629.293 -613.6779 0.6967972
487.47    -629.157 -613.6716 0.6967251
487.48    -629.021 -613.6653 0.6966566
487.49    -628.8849 -613.6591 0.6965917
487.5    -628.7488 -613.6528 0.6965302
487.51    -628.6127 -613.6465 0.6964718
487.52    -628.4765 -613.6402 0.6964163
487.53    -628.3403 -613.6339 0.6963636
487.54    -628.204 -613.6276 0.6963137
487.55    -628.0677 -613.6213 0.6962664
487.56    -627.9314 -613.6151 0.6962214
487.57    -627.795 -613.6088 0.6961788
487.58    -627.6586 -613.6025 0.6961384
487.59    -627.5221 -613.5962 0.6961001
487.6    -627.3856 -613.5899 0.6960636
487.61    -627.2491 -613.5836 0.6960291
487.62    -627.1125 -613.5773 0.6959965
487.63    -626.9758 -613.571 0.6959653
487.64    -626.8392 -613.5648 0.6959359
487.65    -626.7025 -613.5585 0.695908
487.66    -626.5657 -613.5522 0.6958815
487.67    -626.429 -613.5459 0.6958565
487.68    -626.2921 -613.5396 0.6958327
487.69    -626.1553 -613.5333 0.6958101
487.7    -626.0184 -613.527 0.6957887
487.71    -625.8814 -613.5208 0.6957685
487.72    -625.7444 -613.5145 0.6957493
487.73    -625.6074 -613.5082 0.6957312
487.74    -625.4704 -613.5019 0.6957141
487.75    -625.3333 -613.4956 0.6956977
487.76    -625.1962 -613.4893 0.6956823
487.77    -625.059 -613.483 0.6956677
487.78    -624.9218 -613.4767 0.6956539
487.79    -624.7845 -613.4705 0.6956409
487.8    -624.6472 -613.4642 0.6956286
487.81    -624.5099 -613.4579 0.695617
487.82    -624.3725 -613.4516 0.6956059
487.83    -624.2351 -613.4453 0.6955956
487.84    -624.0977 -613.439 0.6955858
487.85    -623.9603 -613.4327 0.6955765
487.86    -623.8228 -613.4265 0.6955678
487.87    -623.6852 -613.4202 0.6955597
487.88    -623.5476 -613.4139 0.695552
487.89    -623.41 -613.4076 0.6955448
487.9    -623.2724 -613.4013 0.6955379
487.91    -623.1347 -613.395 0.6955315
487.92    -622.997 -613.3888 0.6955255
487.93    -622.8593 -613.3825 0.6955199
487.94    -622.7215 -613.3762 0.6955147
487.95    -622.5837 -613.3699 0.6955097
487.96    -622.4458 -613.3636 0.6955051
487.97    -622.3079 -613.3573 0.6955009
487.98    -622.17 -613.351 0.6954969
487.99    -622.032 -613.3447 0.6954932
488    -621.894 -613.3383 0.6954897
488.01    -621.756 -613.332 0.6954865
488.02    -621.6179 -613.3256 0.6954836
488.03    -621.4798 -613.3193 0.6954809
488.04    -621.3417 -613.313 0.6954784
488.05    -621.2035 -613.3067 0.6954762
488.06    -621.0652 -613.3004 0.6954741
488.07    -620.927 -613.2941 0.6954722
488.08    -620.7887 -613.2878 0.6954706
488.09    -620.6504 -613.2816 0.6954691
488.1    -620.512 -613.2753 0.6954678
488.11    -620.3737 -613.269 0.6954666
488.12    -620.2352 -613.2627 0.6954657
488.13    -620.0967 -613.2564 0.6954648
488.14    -619.9583 -613.2502 0.6954642
488.15    -619.8197 -613.2439 0.6954637
488.16    -619.6812 -613.2376 0.6954633
488.17    -619.5425 -613.2313 0.6954631
488.18    -619.4039 -613.225 0.6954629
488.19    -619.2652 -613.2188 0.6954629
488.2    -619.1265 -613.2125 0.6954631
488.21    -618.9877 -613.2062 0.6954633
488.22    -618.8489 -613.1999 0.6954636
488.23    -618.7101 -613.1936 0.695464
488.24    -618.5712 -613.1873 0.6954646
488.25    -618.4324 -613.1811 0.6954652
488.26    -618.2935 -613.1748 0.6954659
488.27    -618.1545 -613.1685 0.6954668
488.28    -618.0155 -613.1622 0.6954677
488.29    -617.8765 -613.1559 0.6954686
488.3    -617.7375 -613.1497 0.6954697
488.31    -617.5984 -613.1434 0.6954709
488.32    -617.4592 -613.1372 0.6954721
488.33    -617.3201 -613.131 0.6954735
488.34    -617.1809 -613.1248 0.6954748
488.35    -617.0417 -613.1186 0.6954762
488.36    -616.9024 -613.1124 0.6954778
488.37    -616.7631 -613.1061 0.6954793
488.38    -616.6238 -613.0999 0.6954809
488.39    -616.4844 -613.0937 0.6954826
488.4    -616.345 -613.0875 0.6954844
488.41    -616.2056 -613.0813 0.6954861
488.42    -616.0662 -613.0751 0.6954879
488.43    -615.9266 -613.0688 0.6954898
488.44    -615.7871 -613.0627 0.6954917
488.45    -615.6476 -613.0565 0.6954936
488.46    -615.508 -613.0504 0.6954957
488.47    -615.3683 -613.0443 0.6954977
488.48    -615.2287 -613.0381 0.6954997
488.49    -615.089 -613.0319 0.6955019
488.5    -614.9493 -613.0258 0.695504
488.51    -614.8095 -613.0196 0.6955062
488.52    -614.6697 -613.0134 0.6955084
488.53    -614.5299 -613.0073 0.6955106
488.54    -614.3901 -613.0012 0.6955128
488.55    -614.2502 -612.9951 0.6955151
488.56    -614.1102 -612.989 0.6955174
488.57    -613.9703 -612.9828 0.6955197
488.58    -613.8303 -612.9767 0.6955221
488.59    -613.6902 -612.9707 0.6955244
488.6    -613.5502 -612.9646 0.6955268
488.61    -613.4101 -612.9585 0.6955292
488.62    -613.27 -612.9524 0.6955316
488.63    -613.1298 -612.9463 0.6955341
488.64    -612.9896 -612.9402 0.6955366
488.65    -612.8494 -612.9341 0.6955391
488.66    -612.7092 -612.928 0.6955416
488.67    -612.5689 -612.922 0.6955441
488.68    -612.4286 -612.916 0.6955466
488.69    -612.2883 -612.9099 0.6955491
488.7    -612.1479 -612.9039 0.6955516
488.71    -612.0075 -612.8978 0.6955542
488.72    -611.8671 -612.8918 0.6955568
488.73    -611.7266 -612.8857 0.6955593
488.74    -611.5861 -612.8797 0.6955619
488.75    -611.4456 -612.8737 0.6955645
488.76    -611.305 -612.8677 0.6955671
488.77    -611.1644 -612.8616 0.6955698
488.78    -611.0237 -612.8556 0.6955724
488.79    -610.8831 -612.8495 0.695575
488.8    -610.7424 -612.8435 0.6955777
488.81    -610.6017 -612.8375 0.6955804
488.82    -610.4609 -612.8315 0.695583
488.83    -610.3201 -612.8256 0.6955857
488.84    -610.1793 -612.8196 0.6955884
488.85    -610.0385 -612.8136 0.695591
488.86    -609.8976 -612.8076 0.6955937
488.87    -609.7567 -612.8016 0.6955964
488.88    -609.6157 -612.7957 0.6955991
488.89    -609.4747 -612.7897 0.6956018
488.9    -609.3337 -612.7838 0.6956046
488.91    -609.1927 -612.7778 0.6956074
488.92    -609.0516 -612.7718 0.6956102
488.93    -608.9105 -612.7658 0.6956129
488.94    -608.7694 -612.7598 0.6956158
488.95    -608.6282 -612.7538 0.6956187
488.96    -608.4871 -612.7479 0.6956217
488.97    -608.3458 -612.7419 0.6956248
488.98    -608.2045 -612.736 0.6956279
488.99    -608.0632 -612.73 0.6956311
489    -607.9219 -612.7241 0.6956344
489.01    -607.7806 -612.7182 0.6956378
489.02    -607.6392 -612.7123 0.6956413
489.03    -607.4978 -612.7064 0.6956449
489.04    -607.3564 -612.7004 0.6956487
489.05    -607.2149 -612.6945 0.6956529
489.06    -607.0734 -612.6886 0.6956574
489.07    -606.9319 -612.6827 0.6956621
489.08    -606.7903 -612.6768 0.695667
489.09    -606.6487 -612.6708 0.6956729
489.1    -606.5071 -612.6649 0.6956795
489.11    -606.3654 -612.659 0.695687
489.12    -606.2237 -612.6531 0.6956952
489.13    -606.082 -612.6472 0.6957042
489.14    -605.9402 -612.6412 0.6957149
489.15    -605.7985 -612.6353 0.6957276
489.16    -605.6567 -612.6294 0.6957418
489.17    -605.5148 -612.6235 0.6957578
489.18    -605.3729 -612.6176 0.6957753
489.19    -605.231 -612.6116 0.6957957
489.2    -605.0891 -612.6057 0.6958187
489.21    -604.9471 -612.5998 0.6958444
489.22    -604.8051 -612.5939 0.6958724
489.23    -604.6631 -612.588 0.6959028
489.24    -604.5211 -612.582 0.6959361
489.25    -604.379 -612.5761 0.6959723
489.26    -604.2369 -612.5702 0.696011
489.27    -604.0947 -612.5643 0.6960523
489.28    -603.9525 -612.5583 0.6960961
489.29    -603.8103 -612.5524 0.6961424
489.3    -603.6681 -612.5465 0.6961909
489.31    -603.5258 -612.5406 0.6962417
489.32    -603.3835 -612.5347 0.6962948
489.33    -603.2411 -612.5287 0.6963497
489.34    -603.0988 -612.5228 0.6964068
489.35    -602.9564 -612.5169 0.6964656
489.36    -602.814 -612.511 0.6965261
489.37    -602.6716 -612.5051 0.6965884
489.38    -602.5291 -612.4991 0.6966521
489.39    -602.3865 -612.4932 0.6967174
489.4    -602.244 -612.4873 0.6967843
489.41    -602.1014 -612.4814 0.6968524
489.42    -601.9589 -612.4755 0.6969218
489.43    -601.8162 -612.4695 0.6969924
489.44    -601.6736 -612.4636 0.6970642
489.45    -601.5309 -612.4577 0.6971372
489.46    -601.3882 -612.4518 0.6972111
489.47    -601.2454 -612.446 0.6972861
489.48    -601.1026 -612.4401 0.6973621
489.49    -600.9598 -612.4343 0.697439
489.5    -600.817 -612.4285 0.6975166
489.51    -600.6741 -612.4226 0.6975952
489.52    -600.5312 -612.4167 0.6976744
489.53    -600.3882 -612.4109 0.6977544
489.54    -600.2453 -612.405 0.6978352
489.55    -600.1022 -612.3992 0.6979166
489.56    -599.9592 -612.3933 0.6979986
489.57    -599.8162 -612.3875 0.6980813
489.58    -599.6731 -612.3817 0.6981645
489.59    -599.53 -612.3759 0.6982483
489.6    -599.3869 -612.3701 0.6983325
489.61    -599.2437 -612.3643 0.6984173
489.62    -599.1005 -612.3585 0.6985025
489.63    -598.9573 -612.3527 0.6985882
489.64    -598.814 -612.3469 0.6986741
489.65    -598.6708 -612.3411 0.6987603
489.66    -598.5275 -612.3353 0.6988468
489.67    -598.3841 -612.3295 0.6989334
489.68    -598.2407 -612.3238 0.6990203
489.69    -598.0974 -612.3181 0.6991066
489.7    -597.9539 -612.3124 0.6991923
489.71    -597.8105 -612.3066 0.6992776
489.72    -597.667 -612.3009 0.6993624
489.73    -597.5235 -612.2952 0.6994467
489.74    -597.38 -612.2895 0.6995298
489.75    -597.2365 -612.2838 0.6996118
489.76    -597.0929 -612.2781 0.6996928
489.77    -596.9493 -612.2725 0.6997728
489.78    -596.8057 -612.2668 0.6998519
489.79    -596.662 -612.2612 0.6999297
489.8    -596.5184 -612.2556 0.7000063
489.81    -596.3747 -612.2499 0.7000818
489.82    -596.231 -612.2443 0.7001564
489.83    -596.0872 -612.2387 0.7002298
489.84    -595.9435 -612.2332 0.7003023
489.85    -595.7997 -612.2275 0.7003739
489.86    -595.6559 -612.2219 0.7004448
489.87    -595.512 -612.2164 0.7005146
489.88    -595.3682 -612.2109 0.7005838
489.89    -595.2243 -612.2053 0.7006521
489.9    -595.0804 -612.1998 0.7007197
489.91    -594.9365 -612.1943 0.7007867
489.92    -594.7925 -612.1888 0.700853
489.93    -594.6485 -612.1833 0.7009187
489.94    -594.5045 -612.1779 0.7009838
489.95    -594.3604 -612.1724 0.7010483
489.96    -594.2164 -612.1669 0.7011122
489.97    -594.0723 -612.1614 0.7011757
489.98    -593.9282 -612.1561 0.7012386
489.99    -593.7841 -612.1506 0.701301
490    -593.6399 -612.1452 0.701363
490.01    -593.4957 -612.1398 0.7014245
490.02    -593.3515 -612.1344 0.7014856
490.03    -593.2073 -612.129 0.7015463
490.04    -593.063 -612.1237 0.7016065
490.05    -592.9188 -612.1183 0.7016662
490.06    -592.7745 -612.113 0.7017254
490.07    -592.6301 -612.1076 0.7017841
490.08    -592.4858 -612.1023 0.7018424
490.09    -592.3414 -612.097 0.7018999
490.1    -592.197 -612.0917 0.7019566
490.11    -592.0526 -612.0864 0.7020125
490.12    -591.9081 -612.0811 0.7020677
490.13    -591.7637 -612.0759 0.7021222
490.14    -591.6192 -612.0707 0.702175
490.15    -591.4747 -612.0654 0.7022262
490.16    -591.3301 -612.0602 0.7022759
490.17    -591.1856 -612.0549 0.7023242
490.18    -591.041 -612.0497 0.7023712
490.19    -590.8964 -612.0446 0.7024155
490.2    -590.7518 -612.0394 0.7024573
490.21    -590.6072 -612.0342 0.7024968
490.22    -590.4625 -612.0291 0.7025341
490.23    -590.3178 -612.0239 0.7025692
490.24    -590.1731 -612.0188 0.7026008
490.25    -590.0284 -612.0137 0.7026291
490.26    -589.8837 -612.0085 0.7026543
490.27    -589.7389 -612.0034 0.7026764
490.28    -589.5941 -611.9983 0.7026957
490.29    -589.4493 -611.9932 0.7027113
490.3    -589.3045 -611.9882 0.7027236
490.31    -589.1597 -611.9832 0.7027325
490.32    -589.0148 -611.9781 0.7027383
490.33    -588.8699 -611.973 0.7027411
490.34    -588.725 -611.968 0.7027411
490.35    -588.5801 -611.963 0.7027382
490.36    -588.4351 -611.9581 0.7027327
490.37    -588.2902 -611.9531 0.7027248
490.38    -588.1451 -611.9481 0.7027143
490.39    -588.0001 -611.9431 0.7027017
490.4    -587.8551 -611.9381 0.7026868
490.41    -587.71 -611.9332 0.7026699
490.42    -587.5649 -611.9282 0.7026511
490.43    -587.4198 -611.9233 0.7026304
490.44    -587.2747 -611.9184 0.7026079
490.45    -587.1296 -611.9135 0.7025839
490.46    -586.9844 -611.9085 0.7025582
490.47    -586.8392 -611.9036 0.7025309
490.48    -586.694 -611.8987 0.7025021
490.49    -586.5488 -611.8938 0.702472
490.5    -586.4036 -611.8889 0.7024407
490.51    -586.2583 -611.884 0.702408
490.52    -586.113 -611.8792 0.7023741
490.53    -585.9677 -611.8743 0.7023391
490.54    -585.8224 -611.8694 0.7023029
490.55    -585.6771 -611.8646 0.7022659
490.56    -585.5317 -611.8597 0.7022277
490.57    -585.3863 -611.8549 0.7021886
490.58    -585.2408 -611.85 0.7021487
490.59    -585.0954 -611.8452 0.7021078
490.6    -584.95 -611.8404 0.7020662
490.61    -584.8045 -611.8356 0.7020237
490.62    -584.659 -611.8307 0.7019807
490.63    -584.5135 -611.8259 0.7019367
490.64    -584.368 -611.8211 0.7018927
490.65    -584.2224 -611.8163 0.7018485
490.66    -584.0768 -611.8115 0.7018041
490.67    -583.9312 -611.8066 0.7017595
490.68    -583.7856 -611.8018 0.7017148
490.69    -583.64 -611.7971 0.7016715
490.7    -583.4943 -611.7923 0.7016298
490.71    -583.3486 -611.7875 0.7015893
490.72    -583.2029 -611.7828 0.7015501
490.73    -583.0572 -611.778 0.7015123
490.74    -582.9114 -611.7733 0.7014782
490.75    -582.7657 -611.7685 0.7014477
490.76    -582.6199 -611.7637 0.7014206
490.77    -582.4741 -611.759 0.7013968
490.78    -582.3283 -611.7542 0.701376
490.79    -582.1825 -611.7495 0.7013606
490.8    -582.0366 -611.7447 0.7013502
490.81    -581.8907 -611.7399 0.7013445
490.82    -581.7448 -611.7352 0.7013434
490.83    -581.5989 -611.7304 0.7013467
490.84    -581.4529 -611.7256 0.7013553
490.85    -581.307 -611.7209 0.7013688
490.86    -581.161 -611.7161 0.7013872
490.87    -581.015 -611.7114 0.70141
490.88    -580.869 -611.7066 0.7014372
490.89    -580.7229 -611.7019 0.7014687
490.9    -580.5768 -611.6972 0.7015042
490.91    -580.4308 -611.6925 0.7015434
490.92    -580.2847 -611.6878 0.7015862
490.93    -580.1385 -611.6831 0.7016327
490.94    -579.9924 -611.6784 0.7016823
490.95    -579.8463 -611.6737 0.7017351
490.96    -579.7001 -611.669 0.7017908
490.97    -579.5538 -611.6643 0.7018495
490.98    -579.4076 -611.6596 0.7019107
490.99    -579.2614 -611.6549 0.7019746
491    -579.1151 -611.6502 0.702041
491.01    -578.9688 -611.6455 0.7021096
491.02    -578.8225 -611.6408 0.7021806
491.03    -578.6761 -611.6361 0.7022536
491.04    -578.5298 -611.6314 0.7023286
491.05    -578.3834 -611.6267 0.7024056
491.06    -578.2371 -611.622 0.7024844
491.07    -578.0906 -611.6173 0.702565
491.08    -577.9442 -611.6126 0.7026471
491.09    -577.7978 -611.6079 0.702731
491.1    -577.6513 -611.6032 0.7028161
491.11    -577.5048 -611.5985 0.7029029
491.12    -577.3583 -611.5938 0.7029909
491.13    -577.2117 -611.5891 0.7030803
491.14    -577.0652 -611.5844 0.7031709
491.15    -576.9186 -611.5797 0.7032627
491.16    -576.772 -611.575 0.7033556
491.17    -576.6254 -611.5703 0.7034495
491.18    -576.4788 -611.5656 0.7035445
491.19    -576.3321 -611.5609 0.7036405
491.2    -576.1854 -611.5562 0.7037373
491.21    -576.0388 -611.5516 0.703835
491.22    -575.892 -611.5469 0.7039336
491.23    -575.7453 -611.5424 0.704033
491.24    -575.5986 -611.5377 0.704133
491.25    -575.4518 -611.5331 0.7042339
491.26    -575.305 -611.5284 0.7043354
491.27    -575.1581 -611.5238 0.7044375
491.28    -575.0113 -611.5192 0.7045403
491.29    -574.8644 -611.5145 0.7046436
491.3    -574.7176 -611.5099 0.7047475
491.31    -574.5707 -611.5054 0.7048519
491.32    -574.4238 -611.5008 0.7049569
491.33    -574.2768 -611.4962 0.7050623
491.34    -574.1299 -611.4916 0.7051682
491.35    -573.9829 -611.4871 0.7052746
491.36    -573.8359 -611.4825 0.7053813
491.37    -573.6889 -611.478 0.7054884
491.38    -573.5419 -611.4734 0.7055959
491.39    -573.3948 -611.4689 0.7057037
491.4    -573.2478 -611.4644 0.7058119
491.41    -573.1007 -611.4599 0.7059203
491.42    -572.9536 -611.4554 0.7060292
491.43    -572.8065 -611.4509 0.7061383
491.44    -572.6593 -611.4464 0.7062477
491.45    -572.5121 -611.442 0.7063573
491.46    -572.365 -611.4375 0.7064673
491.47    -572.2178 -611.4331 0.7065774
491.48    -572.0706 -611.4286 0.7066877
491.49    -571.9233 -611.4242 0.7067983
491.5    -571.7761 -611.4197 0.7069091
491.51    -571.6288 -611.4154 0.70702
491.52    -571.4816 -611.411 0.7071312
491.53    -571.3342 -611.4066 0.7072425
491.54    -571.187 -611.4023 0.7073541
491.55    -571.0396 -611.3979 0.7074657
491.56    -570.8922 -611.3936 0.7075775
491.57    -570.7448 -611.3892 0.7076895
491.58    -570.5974 -611.3849 0.7078016
491.59    -570.45 -611.3806 0.7079138
491.6    -570.3026 -611.3763 0.7080261
491.61    -570.1552 -611.3721 0.7081386
491.62    -570.0077 -611.3678 0.7082512
491.63    -569.8602 -611.3635 0.7083639
491.64    -569.7128 -611.3593 0.7084767
491.65    -569.5653 -611.3551 0.7085896
491.66    -569.4178 -611.3509 0.7087026
491.67    -569.2703 -611.3467 0.7088156
491.68    -569.1227 -611.3425 0.7089287
491.69    -568.9752 -611.3384 0.709042
491.7    -568.8276 -611.3343 0.7091553
491.71    -568.68 -611.3301 0.7092686
491.72    -568.5324 -611.326 0.7093821
491.73    -568.3848 -611.322 0.7094955
491.74    -568.2371 -611.3179 0.7096091
491.75    -568.0895 -611.3138 0.7097227
491.76    -567.9418 -611.3098 0.7098364
491.77    -567.7942 -611.3057 0.7099501
491.78    -567.6465 -611.3017 0.7100639
491.79    -567.4988 -611.2977 0.7101777
491.8    -567.3511 -611.2938 0.7102915
491.81    -567.2034 -611.2898 0.7104055
491.82    -567.0557 -611.2859 0.7105194
491.83    -566.9079 -611.2819 0.7106333
491.84    -566.7601 -611.278 0.7107474
491.85    -566.6124 -611.2742 0.7108611
491.86    -566.4647 -611.2703 0.7109747
491.87    -566.3169 -611.2664 0.711088
491.88    -566.1691 -611.2626 0.7112011
491.89    -566.0214 -611.2588 0.7113132
491.9    -565.8737 -611.255 0.7114245
491.91    -565.726 -611.2513 0.7115348
491.92    -565.5783 -611.2475 0.7116442
491.93    -565.4306 -611.2437 0.7117529
491.94    -565.2829 -611.2401 0.7118609
491.95    -565.1352 -611.2363 0.7119663
491.96    -564.9875 -611.2326 0.7120693
491.97    -564.8398 -611.229 0.7121702
491.98    -564.6921 -611.2253 0.7122688
491.99    -564.5444 -611.2217 0.712364
492    -564.3968 -611.2181 0.7124559
492.01    -564.2491 -611.2145 0.7125447
492.02    -564.1015 -611.211 0.7126305
492.03    -563.9539 -611.2075 0.7127136
492.04    -563.8063 -611.2039 0.7127922
492.05    -563.6587 -611.2004 0.7128667
492.06    -563.5111 -611.197 0.7129374
492.07    -563.3635 -611.1935 0.7130042
492.08    -563.2159 -611.1901 0.7130674
492.09    -563.0684 -611.1866 0.7131262
492.1    -562.9209 -611.1832 0.7131807
492.11    -562.7734 -611.1799 0.7132309
492.12    -562.6259 -611.1765 0.7132774
492.13    -562.4783 -611.1732 0.7133201
492.14    -562.3309 -611.1699 0.7133588
492.15    -562.1834 -611.1665 0.7133935
492.16    -562.0359 -611.1632 0.7134246
492.17    -561.8885 -611.16 0.7134522
492.18    -561.741 -611.1567 0.7134764
492.19    -561.5936 -611.1534 0.7134974
492.2    -561.4462 -611.1502 0.7135153
492.21    -561.2988 -611.147 0.7135304
492.22    -561.1514 -611.1438 0.7135428
492.23    -561.0041 -611.1406 0.7135525
492.24    -560.8568 -611.1375 0.7135597
492.25    -560.7094 -611.1343 0.7135646
492.26    -560.5621 -611.1312 0.7135672
492.27    -560.4149 -611.128 0.7135677
492.28    -560.2676 -611.1249 0.7135661
492.29    -560.1204 -611.1218 0.7135626
492.3    -559.9731 -611.1187 0.7135572
492.31    -559.8259 -611.1155 0.7135502
492.32    -559.6787 -611.1125 0.7135413
492.33    -559.5315 -611.1095 0.7135309
492.34    -559.3843 -611.1064 0.713519
492.35    -559.2372 -611.1034 0.7135057
492.36    -559.09 -611.1004 0.713491
492.37    -558.9429 -611.0974 0.7134749
492.38    -558.7957 -611.0944 0.7134576
492.39    -558.6486 -611.0914 0.7134391
492.4    -558.5015 -611.0885 0.7134195
492.41    -558.3544 -611.0856 0.7133988
492.42    -558.2074 -611.0826 0.7133771
492.43    -558.0604 -611.0797 0.7133543
492.44    -557.9133 -611.0768 0.7133307
492.45    -557.7664 -611.0739 0.7133062
492.46    -557.6194 -611.0709 0.7132808
492.47    -557.4724 -611.0681 0.7132546
492.48    -557.3254 -611.0652 0.7132276
492.49    -557.1785 -611.0623 0.7131999
492.5    -557.0316 -611.0594 0.7131715
492.51    -556.8847 -611.0566 0.7131424
492.52    -556.7378 -611.0537 0.7131126
492.53    -556.5909 -611.0509 0.7130822
492.54    -556.444 -611.0481 0.7130513
492.55    -556.2972 -611.0453 0.7130198
492.56    -556.1503 -611.0425 0.7129877
492.57    -556.0035 -611.0397 0.7129552
492.58    -555.8567 -611.0369 0.7129221
492.59    -555.7099 -611.0341 0.7128885
492.6    -555.5631 -611.0314 0.7128546
492.61    -555.4164 -611.0286 0.7128202
492.62    -555.2697 -611.0259 0.7127854
492.63    -555.1229 -611.0231 0.7127502
492.64    -554.9763 -611.0204 0.7127146
492.65    -554.8296 -611.0176 0.7126787
492.66    -554.6829 -611.0149 0.7126424
492.67    -554.5363 -611.0121 0.7126057
492.68    -554.3896 -611.0095 0.7125688
492.69    -554.243 -611.0068 0.7125315
492.7    -554.0964 -611.0041 0.712494
492.71    -553.9498 -611.0014 0.7124562
492.72    -553.8032 -610.9987 0.7124181
492.73    -553.6566 -610.996 0.7123798
492.74    -553.51 -610.9933 0.7123412
492.75    -553.3635 -610.9907 0.7123024
492.76    -553.2169 -610.9881 0.7122635
492.77    -553.0704 -610.9855 0.7122241
492.78    -552.924 -610.9829 0.7121847
492.79    -552.7775 -610.9803 0.7121451
492.8    -552.631 -610.9777 0.7121053
492.81    -552.4846 -610.975 0.7120653
492.82    -552.3382 -610.9724 0.7120252
492.83    -552.1918 -610.9698 0.7119848
492.84    -552.0453 -610.9673 0.7119443
492.85    -551.899 -610.9647 0.7119036
492.86    -551.7526 -610.9622 0.7118629
492.87    -551.6063 -610.9597 0.7118219
492.88    -551.4599 -610.9571 0.7117809
492.89    -551.3136 -610.9545 0.7117397
492.9    -551.1673 -610.952 0.7116984
492.91    -551.021 -610.9495 0.7116569
492.92    -550.8747 -610.947 0.7116154
492.93    -550.7285 -610.9445 0.7115738
492.94    -550.5822 -610.9421 0.7115319
492.95    -550.436 -610.9396 0.7114901
492.96    -550.2898 -610.9371 0.7114481
492.97    -550.1436 -610.9346 0.7114061
492.98    -549.9974 -610.9322 0.711364
492.99    -549.8513 -610.9297 0.7113218
493    -549.7052 -610.9274 0.7112795
493.01    -549.5591 -610.9249 0.7112371
493.02    -549.413 -610.9225 0.7111946
493.03    -549.2668 -610.92 0.711152
493.04    -549.1207 -610.9177 0.7111095
493.05    -548.9747 -610.9153 0.7110668
493.06    -548.8286 -610.913 0.7110242
493.07    -548.6826 -610.9106 0.7109815
493.08    -548.5365 -610.9082 0.7109388
493.09    -548.3905 -610.9058 0.710896
493.1    -548.2445 -610.9034 0.7108532
493.11    -548.0985 -610.9011 0.7108104
493.12    -547.9526 -610.8989 0.7107676
493.13    -547.8066 -610.8965 0.7107248
493.14    -547.6607 -610.8942 0.7106819
493.15    -547.5148 -610.8919 0.710639
493.16    -547.369 -610.8896 0.7105961
493.17    -547.2231 -610.8873 0.7105532
493.18    -547.0772 -610.885 0.7105103
493.19    -546.9314 -610.8828 0.7104673
493.2    -546.7856 -610.8805 0.7104244
493.21    -546.6398 -610.8782 0.7103814
493.22    -546.494 -610.876 0.7103385
493.23    -546.3481 -610.8737 0.7102956
493.24    -546.2024 -610.8715 0.7102526
493.25    -546.0566 -610.8693 0.7102096
493.26    -545.9109 -610.867 0.7101666
493.27    -545.7651 -610.8647 0.7101237
493.28    -545.6194 -610.8625 0.7100807
493.29    -545.4738 -610.8604 0.7100376
493.3    -545.3281 -610.8582 0.7099947
493.31    -545.1824 -610.856 0.7099516
493.32    -545.0368 -610.8538 0.7099086
493.33    -544.8912 -610.8516 0.7098656
493.34    -544.7456 -610.8494 0.7098225
493.35    -544.6 -610.8473 0.7097794
493.36    -544.4545 -610.8452 0.7097363
493.37    -544.3089 -610.843 0.7096933
493.38    -544.1633 -610.8409 0.7096502
493.39    -544.0178 -610.8387 0.7096071
493.4    -543.8723 -610.8366 0.7095639
493.41    -543.7268 -610.8345 0.7095208
493.42    -543.5813 -610.8324 0.7094776
493.43    -543.4358 -610.8304 0.7094344
493.44    -543.2903 -610.8283 0.7093912
493.45    -543.1449 -610.8262 0.7093481
493.46    -542.9995 -610.8242 0.7093049
493.47    -542.8541 -610.8221 0.7092617
493.48    -542.7087 -610.8201 0.7092184
493.49    -542.5633 -610.8182 0.7091752
493.5    -542.418 -610.8162 0.7091319
493.51    -542.2726 -610.8141 0.7090886
493.52    -542.1273 -610.8122 0.7090454
493.53    -541.982 -610.8102 0.709002
493.54    -541.8367 -610.8083 0.7089587
493.55    -541.6915 -610.8064 0.7089154
493.56    -541.5462 -610.8045 0.708872
493.57    -541.4009 -610.8026 0.7088286
493.58    -541.2557 -610.8008 0.7087852
493.59    -541.1105 -610.7989 0.7087418
493.6    -540.9653 -610.797 0.7086985
493.61    -540.8201 -610.7952 0.708655
493.62    -540.6749 -610.7934 0.7086115
493.63    -540.5297 -610.7916 0.7085681
493.64    -540.3846 -610.7897 0.7085246
493.65    -540.2394 -610.788 0.7084811
493.66    -540.0944 -610.7863 0.7084376
493.67    -539.9493 -610.7845 0.7083941
493.68    -539.8042 -610.7828 0.7083505
493.69    -539.6592 -610.7811 0.7083069
493.7    -539.5142 -610.7794 0.7082634
493.71    -539.3691 -610.7777 0.7082197
493.72    -539.2241 -610.7761 0.7081761
493.73    -539.0791 -610.7744 0.7081325
493.74    -538.9341 -610.7728 0.7080889
493.75    -538.7892 -610.7712 0.7080452
493.76    -538.6442 -610.7696 0.7080014
493.77    -538.4993 -610.7681 0.7079578
493.78    -538.3543 -610.7665 0.707914
493.79    -538.2094 -610.765 0.7078703
493.8    -538.0645 -610.7634 0.7078266
493.81    -537.9196 -610.7619 0.7077827
493.82    -537.7748 -610.7604 0.7077389
493.83    -537.6299 -610.759 0.7076951
493.84    -537.4851 -610.7575 0.7076513
493.85    -537.3403 -610.7561 0.7076074
493.86    -537.1956 -610.7547 0.7075636
493.87    -537.0508 -610.7534 0.7075197
493.88    -536.906 -610.752 0.7074758
493.89    -536.7612 -610.7506 0.7074319
493.9    -536.6165 -610.7493 0.707388
493.91    -536.4718 -610.748 0.707344
493.92    -536.3271 -610.7468 0.7073001
493.93    -536.1824 -610.7455 0.7072561
493.94    -536.0377 -610.7442 0.7072121
493.95    -535.8931 -610.743 0.707168
493.96    -535.7484 -610.7418 0.707124
493.97    -535.6038 -610.7407 0.7070799
493.98    -535.4592 -610.7395 0.7070359
493.99    -535.3146 -610.7384 0.7069918
494    -535.1701 -610.7372 0.7069476
494.01    -535.0256 -610.7361 0.7069035
494.02    -534.881 -610.7351 0.7068594
494.03    -534.7365 -610.7341 0.7068152
494.04    -534.592 -610.7331 0.706771
494.05    -534.4476 -610.7321 0.7067268
494.06    -534.3031 -610.7311 0.7066826
494.07    -534.1586 -610.7302 0.7066384
494.08    -534.0142 -610.7292 0.7065941
494.09    -533.8698 -610.7283 0.7065498
494.1    -533.7253 -610.7274 0.7065055
494.11    -533.5809 -610.7266 0.7064613
494.12    -533.4365 -610.7257 0.7064168
494.13    -533.2922 -610.7249 0.7063726
494.14    -533.1478 -610.7241 0.7063282
494.15    -533.0035 -610.7233 0.7062838
494.16    -532.8592 -610.7225 0.7062394
494.17    -532.7149 -610.7217 0.7061949
494.18    -532.5706 -610.721 0.7061505
494.19    -532.4264 -610.7203 0.7061061
494.2    -532.2822 -610.7196 0.7060616
494.21    -532.1379 -610.7189 0.7060171
494.22    -531.9937 -610.7183 0.7059726
494.23    -531.8495 -610.7177 0.7059281
494.24    -531.7053 -610.717 0.7058835
494.25    -531.5612 -610.7164 0.705839
494.26    -531.417 -610.7159 0.7057943
494.27    -531.2728 -610.7153 0.7057498
494.28    -531.1287 -610.7148 0.7057052
494.29    -530.9846 -610.7143 0.7056605
494.3    -530.8405 -610.7137 0.7056158
494.31    -530.6964 -610.7133 0.7055712
494.32    -530.5523 -610.7128 0.7055265
494.33    -530.4083 -610.7123 0.7054819
494.34    -530.2642 -610.7119 0.7054372
494.35    -530.1202 -610.7115 0.7053925
494.36    -529.9763 -610.7111 0.7053478
494.37    -529.8323 -610.7107 0.7053033
494.38    -529.6883 -610.7103 0.7052587
494.39    -529.5444 -610.71 0.7052141
494.4    -529.4005 -610.7096 0.7051696
494.41    -529.2565 -610.7092 0.7051252
494.42    -529.1126 -610.709 0.7050807
494.43    -528.9687 -610.7087 0.7050363
494.44    -528.8248 -610.7084 0.7049921
494.45    -528.681 -610.7081 0.7049478
494.46    -528.5371 -610.7078 0.7049036
494.47    -528.3933 -610.7076 0.7048594
494.48    -528.2495 -610.7073 0.7048153
494.49    -528.1057 -610.7072 0.7047712
494.5    -527.962 -610.707 0.7047272
494.51    -527.8182 -610.7068 0.7046833
494.52    -527.6745 -610.7066 0.7046394
494.53    -527.5308 -610.7064 0.7045954
494.54    -527.3871 -610.7062 0.7045516
494.55    -527.2434 -610.7061 0.7045078
494.56    -527.0997 -610.706 0.704464
494.57    -526.9561 -610.7059 0.7044201
494.58    -526.8124 -610.7058 0.7043765
494.59    -526.6688 -610.7057 0.7043328
494.6    -526.5251 -610.7056 0.7042891
494.61    -526.3815 -610.7056 0.7042455
494.62    -526.2379 -610.7055 0.704202
494.63    -526.0944 -610.7054 0.7041584
494.64    -525.9508 -610.7054 0.7041151
494.65    -525.8073 -610.7053 0.7040717
494.66    -525.6638 -610.7053 0.7040284
494.67    -525.5203 -610.7054 0.7039852
494.68    -525.3768 -610.7054 0.703942
494.69    -525.2333 -610.7054 0.703899
494.7    -525.0899 -610.7054 0.703856
494.71    -524.9465 -610.7054 0.7038131
494.72    -524.803 -610.7054 0.7037704
494.73    -524.6596 -610.7055 0.7037277
494.74    -524.5162 -610.7056 0.7036855
494.75    -524.3729 -610.7056 0.7036437
494.76    -524.2295 -610.7057 0.7036021
494.77    -524.0861 -610.7057 0.7035609
494.78    -523.9427 -610.7058 0.7035201
494.79    -523.7994 -610.7059 0.7034797
494.8    -523.6561 -610.706 0.7034399
494.81    -523.5128 -610.7061 0.7034008
494.82    -523.3696 -610.7063 0.7033623
494.83    -523.2263 -610.7064 0.7033245
494.84    -523.0831 -610.7065 0.7032875
494.85    -522.9399 -610.7067 0.7032513
494.86    -522.7967 -610.7068 0.7032158
494.87    -522.6535 -610.7069 0.7031811
494.88    -522.5103 -610.707 0.7031471
494.89    -522.3672 -610.7072 0.7031139
494.9    -522.2241 -610.7073 0.7030813
494.91    -522.0809 -610.7075 0.7030495
494.92    -521.9378 -610.7076 0.7030184
494.93    -521.7947 -610.7078 0.7029878
494.94    -521.6516 -610.708 0.702958
494.95    -521.5085 -610.7082 0.7029288
494.96    -521.3655 -610.7084 0.7029002
494.97    -521.2225 -610.7086 0.702872
494.98    -521.0795 -610.7087 0.7028444
494.99    -520.9365 -610.7089 0.7028173
495    -520.7935 -610.7091 0.7027907
495.01    -520.6506 -610.7093 0.7027646
495.02    -520.5076 -610.7095 0.7027392
495.03    -520.3647 -610.7097 0.7027143
495.04    -520.2218 -610.7098 0.70269
495.05    -520.0789 -610.71 0.7026666
495.06    -519.936 -610.7102 0.7026438
495.07    -519.7932 -610.7104 0.7026216
495.08    -519.6503 -610.7106 0.7026002
495.09    -519.5074 -610.7108 0.7025793
495.1    -519.3646 -610.7109 0.7025595
495.11    -519.2217 -610.7111 0.7025408
495.12    -519.0789 -610.7112 0.7025229
495.13    -518.9362 -610.7114 0.7025061
495.14    -518.7934 -610.7116 0.7024906
495.15    -518.6506 -610.7118 0.7024766
495.16    -518.5079 -610.712 0.7024637
495.17    -518.3652 -610.7122 0.7024522
495.18    -518.2225 -610.7123 0.7024419
495.19    -518.0799 -610.7125 0.7024335
495.2    -517.9373 -610.7127 0.702427
495.21    -517.7946 -610.7128 0.7024221
495.22    -517.652 -610.713 0.702419
495.23    -517.5093 -610.7131 0.7024176
495.24    -517.3668 -610.7133 0.7024186
495.25    -517.2242 -610.7134 0.7024218
495.26    -517.0816 -610.7135 0.7024273
495.27    -516.939 -610.7136 0.7024348
495.28    -516.7964 -610.7137 0.7024443
495.29    -516.6539 -610.7138 0.7024561
495.3    -516.5114 -610.7139 0.7024702
495.31    -516.3689 -610.714 0.7024865
495.32    -516.2264 -610.7141 0.7025048
495.33    -516.0839 -610.7141 0.702525
495.34    -515.9414 -610.7142 0.7025471
495.35    -515.799 -610.7142 0.702571
495.36    -515.6565 -610.7142 0.7025965
495.37    -515.514 -610.7143 0.7026237
495.38    -515.3716 -610.7144 0.7026525
495.39    -515.2291 -610.7143 0.7026828
495.4    -515.0867 -610.7143 0.7027146
495.41    -514.9443 -610.7143 0.7027477
495.42    -514.8019 -610.7143 0.7027821
495.43    -514.6595 -610.7142 0.7028178
495.44    -514.5172 -610.7142 0.7028548
495.45    -514.3748 -610.7142 0.7028928
495.46    -514.2324 -610.7141 0.7029319
495.47    -514.09 -610.714 0.7029722
495.48    -513.9476 -610.7139 0.7030134
495.49    -513.8052 -610.7139 0.7030556
495.5    -513.6628 -610.7137 0.7030988
495.51    -513.5204 -610.7136 0.7031428
495.52    -513.378 -610.7134 0.7031877
495.53    -513.2356 -610.7133 0.7032334
495.54    -513.0933 -610.7131 0.70328
495.55    -512.9509 -610.713 0.7033272
495.56    -512.8085 -610.7128 0.7033752
495.57    -512.6661 -610.7126 0.7034239
495.58    -512.5237 -610.7124 0.7034732
495.59    -512.3813 -610.7122 0.7035232
495.6    -512.239 -610.712 0.7035737
495.61    -512.0966 -610.7117 0.7036248
495.62    -511.9541 -610.7115 0.7036765
495.63    -511.8117 -610.7112 0.7037287
495.64    -511.6694 -610.7109 0.7037815
495.65    -511.527 -610.7107 0.7038347
495.66    -511.3846 -610.7104 0.7038882
495.67    -511.2422 -610.7101 0.7039423
495.68    -511.0999 -610.7098 0.7039967
495.69    -510.9575 -610.7095 0.7040515
495.7    -510.8151 -610.7092 0.7041066
495.71    -510.6728 -610.7089 0.7041621
495.72    -510.5304 -610.7084 0.704218
495.73    -510.388 -610.7081 0.7042742
495.74    -510.2456 -610.7077 0.7043306
495.75    -510.1032 -610.7073 0.7043872
495.76    -509.9609 -610.707 0.7044439
495.77    -509.8185 -610.7065 0.704501
495.78    -509.6761 -610.7061 0.7045581
495.79    -509.5337 -610.7056 0.7046155
495.8    -509.3913 -610.7052 0.7046725
495.81    -509.249 -610.7048 0.7047291
495.82    -509.1066 -610.7043 0.7047856
495.83    -508.9642 -610.7037 0.7048417
495.84    -508.8218 -610.7032 0.7048965
495.85    -508.6794 -610.7028 0.7049501
495.86    -508.5371 -610.7023 0.7050025
495.87    -508.3947 -610.7017 0.7050538
495.88    -508.2523 -610.7012 0.7051041
495.89    -508.11 -610.7006 0.7051517
495.9    -507.9676 -610.7 0.7051969
495.91    -507.8252 -610.6995 0.7052396
495.92    -507.6829 -610.6989 0.7052801
495.93    -507.5405 -610.6982 0.7053183
495.94    -507.3982 -610.6976 0.7053522
495.95    -507.2558 -610.697 0.7053819
495.96    -507.1135 -610.6963 0.7054076
495.97    -506.9712 -610.6956 0.7054293
495.98    -506.8288 -610.6949 0.7054474
495.99    -506.6865 -610.6942 0.7054608
496    -506.5442 -610.6934 0.7054696
496.01    -506.4019 -610.6927 0.7054741
496.02    -506.2596 -610.6919 0.7054745
496.03    -506.1173 -610.6911 0.7054709
496.04    -505.975 -610.6903 0.7054632
496.05    -505.8328 -610.6895 0.7054514
496.06    -505.6905 -610.6886 0.7054358
496.07    -505.5482 -610.6877 0.7054166
496.08    -505.4059 -610.6868 0.7053938
496.09    -505.2637 -610.6859 0.7053677
496.1    -505.1215 -610.685 0.7053385
496.11    -504.9792 -610.684 0.7053061
496.12    -504.837 -610.683 0.7052708
496.13    -504.6947 -610.682 0.7052327
496.14    -504.5525 -610.681 0.705192
496.15    -504.4103 -610.68 0.7051486
496.16    -504.2681 -610.6789 0.7051029
496.17    -504.1259 -610.6778 0.7050548
496.18    -503.9837 -610.6766 0.7050044
496.19    -503.8415 -610.6755 0.7049518
496.2    -503.6993 -610.6743 0.7048972
496.21    -503.5571 -610.6732 0.7048407
496.22    -503.4149 -610.6719 0.7047821
496.23    -503.2728 -610.6706 0.7047217
496.24    -503.1306 -610.6694 0.7046598
496.25    -502.9885 -610.668 0.704596
496.26    -502.8464 -610.6667 0.7045308
496.27    -502.7043 -610.6653 0.7044638
496.28    -502.5622 -610.664 0.7043955
496.29    -502.4201 -610.6625 0.7043258
496.3    -502.278 -610.6611 0.7042547
496.31    -502.1359 -610.6596 0.7041823
496.32    -501.9938 -610.6581 0.7041087
496.33    -501.8517 -610.6566 0.7040338
496.34    -501.7097 -610.655 0.7039578
496.35    -501.5676 -610.6534 0.7038808
496.36    -501.4256 -610.6519 0.7038026
496.37    -501.2835 -610.6502 0.7037235
496.38    -501.1414 -610.6485 0.7036434
496.39    -500.9994 -610.6468 0.7035624
496.4    -500.8574 -610.645 0.7034805
496.41    -500.7154 -610.6432 0.7033977
496.42    -500.5733 -610.6414 0.7033142
496.43    -500.4313 -610.6395 0.7032298
496.44    -500.2893 -610.6376 0.7031447
496.45    -500.1474 -610.6357 0.7030588
496.46    -500.0054 -610.6338 0.7029724
496.47    -499.8634 -610.6318 0.7028852
496.48    -499.7215 -610.6298 0.7027974
496.49    -499.5796 -610.6277 0.702709
496.5    -499.4377 -610.6256 0.70262
496.51    -499.2958 -610.6235 0.7025305
496.52    -499.1539 -610.6213 0.7024405
496.53    -499.0121 -610.619 0.7023498
496.54    -498.8702 -610.6168 0.7022588
496.55    -498.7284 -610.6145 0.7021672
496.56    -498.5866 -610.6121 0.7020752
496.57    -498.4449 -610.6097 0.7019828
496.58    -498.3031 -610.6073 0.7018899
496.59    -498.1613 -610.6048 0.7017967
496.6    -498.0196 -610.6023 0.701703
496.61    -497.8779 -610.5997 0.701609
496.62    -497.7362 -610.5971 0.7015147
496.63    -497.5945 -610.5944 0.7014199
496.64    -497.4529 -610.5917 0.7013249
496.65    -497.3112 -610.589 0.7012297
496.66    -497.1696 -610.5862 0.701134
496.67    -497.028 -610.5834 0.7010381
496.68    -496.8864 -610.5806 0.7009419
496.69    -496.7448 -610.5777 0.7008455
496.7    -496.6032 -610.5748 0.7007488
496.71    -496.4617 -610.5718 0.7006519
496.72    -496.3202 -610.5688 0.7005547
496.73    -496.1786 -610.5658 0.7004573
496.74    -496.0371 -610.5627 0.7003598
496.75    -495.8957 -610.5596 0.7002621
496.76    -495.7542 -610.5564 0.7001641
496.77    -495.6128 -610.5532 0.7000661
496.78    -495.4713 -610.55 0.6999679
496.79    -495.3299 -610.5467 0.6998695
496.8    -495.1885 -610.5433 0.6997719
496.81    -495.0471 -610.54 0.6996749
496.82    -494.9058 -610.5366 0.6995786
496.83    -494.7644 -610.5331 0.699483
496.84    -494.6231 -610.5297 0.6993892
496.85    -494.4818 -610.5261 0.6992972
496.86    -494.3405 -610.5226 0.6992069
496.87    -494.1992 -610.519 0.6991182
496.88    -494.0579 -610.5153 0.6990311
496.89    -493.9167 -610.5117 0.6989454
496.9    -493.7755 -610.5079 0.698863
496.91    -493.6342 -610.5042 0.6987838
496.92    -493.493 -610.5004 0.6987076
496.93    -493.3519 -610.4965 0.6986343
496.94    -493.2108 -610.4927 0.6985645
496.95    -493.0696 -610.4887 0.6984981
496.96    -492.9285 -610.4848 0.6984348
496.97    -492.7874 -610.4808 0.6983746
496.98    -492.6463 -610.4767 0.6983173
496.99    -492.5052 -610.4727 0.6982631
497    -492.3645 -610.4685 0.698212
497.01    -492.2241 -610.4644 0.6981638
497.02    -492.084 -610.4602 0.6981183
497.03    -491.9442 -610.4561 0.6980755
497.04    -491.8047 -610.4518 0.6980352
497.05    -491.6656 -610.4476 0.6979974
497.06    -491.5269 -610.4433 0.6979619
497.07    -491.3884 -610.439 0.6979286
497.08    -491.2502 -610.4347 0.6978974
497.09    -491.1124 -610.4303 0.6978682
497.1    -490.9749 -610.426 0.6978409
497.11    -490.8377 -610.4215 0.6978155
497.12    -490.7008 -610.4171 0.6977919
497.13    -490.5643 -610.4127 0.6977699
497.14    -490.4281 -610.4082 0.6977496
497.15    -490.2922 -610.4037 0.6977307
497.16    -490.1566 -610.3992 0.6977134
497.17    -490.0213 -610.3946 0.6976974
497.18    -489.8864 -610.3901 0.6976828
497.19    -489.7518 -610.3855 0.6976694
497.2    -489.6175 -610.3809 0.6976573
497.21    -489.4835 -610.3763 0.6976464
497.22    -489.3499 -610.3716 0.6976365
497.23    -489.2165 -610.3669 0.6976278
497.24    -489.0835 -610.3622 0.6976201
497.25    -488.9508 -610.3575 0.6976132
497.26    -488.8185 -610.3528 0.6976074
497.27    -488.6864 -610.3481 0.6976024
497.28    -488.5547 -610.3433 0.6975983
497.29    -488.4232 -610.3385 0.697595
497.3    -488.2922 -610.3337 0.6975925
497.31    -488.1614 -610.3289 0.6975907
497.32    -488.0309 -610.3242 0.6975896
497.33    -487.9008 -610.3193 0.6975893
497.34    -487.771 -610.3145 0.6975895
497.35    -487.6415 -610.3096 0.6975904
497.36    -487.5124 -610.3048 0.6975918
497.37    -487.3835 -610.2999 0.6975938
497.38    -487.255 -610.2951 0.6975964
497.39    -487.1268 -610.2902 0.6975995
497.4    -486.999 -610.2853 0.6976031
497.41    -486.8714 -610.2804 0.6976072
497.42    -486.7441 -610.2755 0.6976116
497.43    -486.6172 -610.2706 0.6976166
497.44    -486.4906 -610.2657 0.6976219
497.45    -486.3643 -610.2608 0.6976277
497.46    -486.2385 -610.2559 0.6976338
497.47    -486.1133 -610.251 0.6976403
497.48    -485.9881 -610.2462 0.6976471
497.49    -485.8629 -610.2412 0.6976543
497.5    -485.7377 -610.2362 0.6976618
497.51    -485.6126 -610.2313 0.6976696
497.52    -485.4874 -610.2263 0.6976777
497.53    -485.3623 -610.2213 0.697686
497.54    -485.2372 -610.2163 0.6976947
497.55    -485.1121 -610.2113 0.6977035
497.56    -484.987 -610.2063 0.6977127
497.57    -484.8619 -610.2012 0.697722
497.58    -484.7369 -610.1962 0.6977316
497.59    -484.6118 -610.1911 0.6977414
497.6    -484.4868 -610.186 0.6977514
497.61    -484.3618 -610.1809 0.6977617
497.62    -484.2368 -610.1758 0.697772
497.63    -484.1118 -610.1707 0.6977826
497.64    -483.9869 -610.1655 0.6977933
497.65    -483.8619 -610.1604 0.6978041
497.66    -483.737 -610.1553 0.6978148
497.67    -483.6121 -610.1501 0.6978257
497.68    -483.4872 -610.145 0.6978366
497.69    -483.3623 -610.1398 0.6978469
497.7    -483.2374 -610.1346 0.6978567
497.71    -483.1125 -610.1294 0.6978659
497.72    -482.9877 -610.1242 0.6978746
497.73    -482.8629 -610.119 0.6978829
497.74    -482.7381 -610.1138 0.6978892
497.75    -482.6133 -610.1086 0.6978936
497.76    -482.4885 -610.1035 0.6978962
497.77    -482.3637 -610.0983 0.6978972
497.78    -482.239 -610.093 0.6978965
497.79    -482.1142 -610.0878 0.6978929
497.8    -481.9895 -610.0825 0.6978863
497.81    -481.8648 -610.0773 0.6978771
497.82    -481.7401 -610.072 0.6978652
497.83    -481.6154 -610.0668 0.6978509
497.84    -481.4907 -610.0615 0.6978336
497.85    -481.3661 -610.0563 0.6978134
497.86    -481.2415 -610.0511 0.6977906
497.87    -481.1168 -610.0458 0.6977651
497.88    -480.9922 -610.0406 0.6977371
497.89    -480.8676 -610.0353 0.6977066
497.9    -480.743 -610.0301 0.6976739
497.91    -480.6185 -610.0248 0.697639
497.92    -480.4939 -610.0196 0.697602
497.93    -480.3694 -610.0143 0.6975629
497.94    -480.2449 -610.0091 0.697522
497.95    -480.1204 -610.004 0.6974791
497.96    -479.9959 -609.9988 0.6974345
497.97    -479.8714 -609.9936 0.6973882
497.98    -479.7469 -609.9884 0.6973403
497.99    -479.6224 -609.9832 0.6972908
498    -479.498 -609.978 0.69724
498.01    -479.3736 -609.9728 0.697188
498.02    -479.2492 -609.9677 0.6971348
498.03    -479.1248 -609.9625 0.6970806
498.04    -479.0004 -609.9573 0.697026
498.05    -478.8761 -609.9521 0.6969713
498.06    -478.7517 -609.947 0.6969163
498.07    -478.6274 -609.9418 0.6968612
498.08    -478.5031 -609.9366 0.6968058
498.09    -478.3788 -609.9315 0.6967521
498.1    -478.2545 -609.9263 0.6966998
498.11    -478.1302 -609.9211 0.6966489
498.12    -478.0059 -609.9159 0.6965994
498.13    -477.8817 -609.9107 0.6965512
498.14    -477.7574 -609.9055 0.6965042
498.15    -477.6331 -609.9003 0.6964605
498.16    -477.5089 -609.8952 0.69642
498.17    -477.3847 -609.89 0.6963825
498.18    -477.2604 -609.8848 0.696348
498.19    -477.1362 -609.8796 0.6963174
498.2    -477.012 -609.8745 0.6962907
498.21    -476.8878 -609.8693 0.6962676
498.22    -476.7636 -609.8641 0.696248
498.23    -476.6394 -609.8589 0.6962318
498.24    -476.5152 -609.8537 0.6962196
498.25    -476.391 -609.8485 0.6962115
498.26    -476.2667 -609.8433 0.6962072
498.27    -476.1425 -609.8381 0.6962065
498.28    -476.0182 -609.8329 0.6962091
498.29    -475.894 -609.8278 0.6962156
498.3    -475.7697 -609.8226 0.6962253
498.31    -475.6454 -609.8174 0.6962386
498.32    -475.5211 -609.8122 0.6962549
498.33    -475.3967 -609.807 0.6962743
498.34    -475.2724 -609.8018 0.6962967
498.35    -475.148 -609.7966 0.6963218
498.36    -475.0236 -609.7914 0.6963496
498.37    -474.8992 -609.7863 0.69638
498.38    -474.7747 -609.7811 0.6964129
498.39    -474.6502 -609.7759 0.6964482
498.4    -474.5257 -609.7706 0.6964856
498.41    -474.4012 -609.7654 0.6965254
498.42    -474.2766 -609.7603 0.6965671
498.43    -474.1519 -609.7551 0.6966109
498.44    -474.0273 -609.7499 0.6966565
498.45    -473.9026 -609.7447 0.6967039
498.46    -473.778 -609.7395 0.6967531
498.47    -473.6532 -609.7343 0.696804
498.48    -473.5284 -609.7291 0.6968565
498.49    -473.4037 -609.7239 0.6969104
498.5    -473.2788 -609.7187 0.6969659
498.51    -473.154 -609.7134 0.6970229
498.52    -473.0291 -609.7082 0.6970811
498.53    -472.9042 -609.7029 0.6971406
498.54    -472.7792 -609.6977 0.6972014
498.55    -472.6543 -609.6924 0.6972634
498.56    -472.5292 -609.6872 0.6973265
498.57    -472.4042 -609.6819 0.6973907
498.58    -472.2791 -609.6766 0.697456
498.59    -472.154 -609.6714 0.6975223
498.6    -472.0288 -609.6661 0.6975896
498.61    -471.9037 -609.6609 0.6976579
498.62    -471.7784 -609.6556 0.6977271
498.63    -471.6531 -609.6503 0.6977973
498.64    -471.5279 -609.645 0.6978688
498.65    -471.4025 -609.6396 0.6979418
498.66    -471.2772 -609.6343 0.698016
498.67    -471.1517 -609.629 0.6980916
498.68    -471.0263 -609.6237 0.6981684
498.69    -470.9008 -609.6183 0.6982472
498.7    -470.7753 -609.613 0.6983279
498.71    -470.6497 -609.6076 0.6984105
498.72    -470.5241 -609.6022 0.6984949
498.73    -470.3984 -609.5969 0.698581
498.74    -470.2727 -609.5915 0.6986692
498.75    -470.147 -609.5861 0.6987594
498.76    -470.0212 -609.5807 0.6988515
498.77    -469.8954 -609.5754 0.6989455
498.78    -469.7696 -609.5699 0.6990412
498.79    -469.6437 -609.5645 0.6991388
498.8    -469.5178 -609.5591 0.6992379
498.81    -469.3918 -609.5536 0.6993389
498.82    -469.2658 -609.5482 0.6994414
498.83    -469.1397 -609.5428 0.6995454
498.84    -469.0137 -609.5373 0.6996509
498.85    -468.8876 -609.5319 0.6997578
498.86    -468.7614 -609.5264 0.6998659
498.87    -468.6352 -609.5209 0.6999754
498.88    -468.509 -609.5154 0.700086
498.89    -468.3827 -609.5099 0.7001978
498.9    -468.2564 -609.5043 0.7003108
498.91    -468.1301 -609.4988 0.7004247
498.92    -468.0037 -609.4933 0.7005396
498.93    -467.8772 -609.4878 0.7006555
498.94    -467.7508 -609.4822 0.7007725
498.95    -467.6243 -609.4767 0.7008902
498.96    -467.4977 -609.4711 0.7010087
498.97    -467.3711 -609.4655 0.7011281
498.98    -467.2445 -609.46 0.7012482
498.99    -467.1178 -609.4544 0.7013691
499    -466.9911 -609.4489 0.7014907
499.01    -466.8644 -609.4432 0.7016129
499.02    -466.7376 -609.4376 0.7017357
499.03    -466.6107 -609.432 0.7018592
499.04    -466.4839 -609.4264 0.7019833
499.05    -466.357 -609.4207 0.7021079
499.06    -466.23 -609.4151 0.7022331
499.07    -466.1031 -609.4095 0.7023587
499.08    -465.976 -609.4039 0.7024848
499.09    -465.849 -609.3982 0.7026114
499.1    -465.7219 -609.3925 0.7027384
499.11    -465.5948 -609.3868 0.7028658
499.12    -465.4676 -609.3812 0.7029937
499.13    -465.3404 -609.3755 0.7031219
499.14    -465.2131 -609.3698 0.7032505
499.15    -465.0858 -609.3641 0.7033794
499.16    -464.9585 -609.3584 0.7035086
499.17    -464.8311 -609.3527 0.7036383
499.18    -464.7037 -609.3469 0.7037682
499.19    -464.5763 -609.3412 0.7038983
499.2    -464.4488 -609.3354 0.7040287
499.21    -464.3213 -609.3297 0.7041594
499.22    -464.1937 -609.324 0.7042903
499.23    -464.0661 -609.3182 0.7044215
499.24    -463.9384 -609.3125 0.7045529
499.25    -463.8108 -609.3066 0.7046846
499.26    -463.683 -609.3008 0.7048164
499.27    -463.5553 -609.295 0.7049484
499.28    -463.4275 -609.2892 0.7050805
499.29    -463.2997 -609.2834 0.7052129
499.3    -463.1718 -609.2776 0.7053454
499.31    -463.0439 -609.2719 0.7054781
499.32    -462.9159 -609.2661 0.7056109
499.33    -462.7879 -609.2602 0.7057439
499.34    -462.6599 -609.2543 0.7058771
499.35    -462.5319 -609.2485 0.7060103
499.36    -462.4037 -609.2426 0.7061436
499.37    -462.2756 -609.2367 0.7062771
499.38    -462.1474 -609.2308 0.7064107
499.39    -462.0192 -609.225 0.7065443
499.4    -461.8909 -609.2191 0.7066781
499.41    -461.7626 -609.2133 0.706812
499.42    -461.6343 -609.2073 0.706946
499.43    -461.5059 -609.2014 0.7070801
499.44    -461.3775 -609.1955 0.7072141
499.45    -461.2491 -609.1896 0.7073483
499.46    -461.1206 -609.1837 0.7074826
499.47    -460.9921 -609.1777 0.7076169
499.48    -460.8635 -609.1718 0.7077513
499.49    -460.7349 -609.1659 0.7078857
499.5    -460.6063 -609.1599 0.7080203
499.51    -460.4776 -609.154 0.7081549
499.52    -460.3489 -609.148 0.7082894
499.53    -460.2202 -609.142 0.7084242
499.54    -460.0914 -609.136 0.7085588
499.55    -459.9626 -609.1301 0.7086936
499.56    -459.8338 -609.1241 0.7088283
499.57    -459.7049 -609.1181 0.7089632
499.58    -459.576 -609.1121 0.709098
499.59    -459.4471 -609.1061 0.7092329
499.6    -459.3181 -609.1002 0.7093678
499.61    -459.1891 -609.0942 0.7095027
499.62    -459.0601 -609.0881 0.7096376
499.63    -458.931 -609.0821 0.7097726
499.64    -458.8019 -609.076 0.7099077
499.65    -458.6728 -609.0699 0.7100427
499.66    -458.5436 -609.0639 0.7101777
499.67    -458.4144 -609.0579 0.7103127
499.68    -458.2851 -609.0518 0.7104478
499.69    -458.1559 -609.0458 0.7105829
499.7    -458.0266 -609.0397 0.710718
499.71    -457.8972 -609.0337 0.7108532
499.72    -457.7678 -609.0276 0.7109882
499.73    -457.6384 -609.0215 0.7111234
499.74    -457.509 -609.0154 0.7112586
499.75    -457.3795 -609.0093 0.7113937
499.76    -457.25 -609.0032 0.7115288
499.77    -457.1205 -608.9969 0.7116639
499.78    -456.9909 -608.9908 0.711799
499.79    -456.8613 -608.9846 0.7119341
499.8    -456.7317 -608.9785 0.7120693
499.81    -456.602 -608.9723 0.7122044
499.82    -456.4723 -608.9661 0.7123396
499.83    -456.3426 -608.96 0.7124746
499.84    -456.2128 -608.9538 0.7126098
499.85    -456.083 -608.9476 0.7127448
499.86    -455.9532 -608.9415 0.7128798
499.87    -455.8233 -608.9353 0.7130148
499.88    -455.6935 -608.9291 0.7131498
499.89    -455.5635 -608.9229 0.7132847
499.9    -455.4336 -608.9167 0.7134196
499.91    -455.3036 -608.9105 0.7135544
499.92    -455.1736 -608.9042 0.7136892
499.93    -455.0435 -608.8979 0.713824
499.94    -454.9135 -608.8917 0.7139589
499.95    -454.7834 -608.8855 0.7140936
499.96    -454.6532 -608.8793 0.7142283
499.97    -454.5231 -608.873 0.7143629
