1836.95    -661.4683 -615.0045 0.7099651
1836.96    -661.3293 -614.9987 0.7099916
1836.97    -661.1904 -614.9929 0.7100158
1836.98    -661.0515 -614.9872 0.7100379
1836.99    -660.9125 -614.9814 0.7100582
1837    -660.7737 -614.9757 0.7100767
1837.01    -660.6348 -614.97 0.7100936
1837.02    -660.496 -614.9642 0.7101088
1837.03    -660.3571 -614.9585 0.7101225
1837.04    -660.2183 -614.9528 0.7101355
1837.05    -660.0795 -614.947 0.7101478
1837.06    -659.9407 -614.9412 0.7101594
1837.07    -659.8019 -614.9355 0.7101704
1837.08    -659.6632 -614.9297 0.7101817
1837.09    -659.5245 -614.924 0.7101931
1837.1    -659.3857 -614.9182 0.7102047
1837.11    -659.247 -614.9125 0.7102166
1837.12    -659.1083 -614.9067 0.7102286
1837.13    -658.9696 -614.901 0.7102416
1837.14    -658.8309 -614.8952 0.7102556
1837.15    -658.6923 -614.8895 0.7102705
1837.16    -658.5536 -614.8837 0.7102862
1837.17    -658.4151 -614.878 0.7103027
1837.18    -658.2765 -614.8722 0.7103207
1837.19    -658.1379 -614.8665 0.7103398
1837.2    -657.9994 -614.8607 0.7103603
1837.21    -657.8608 -614.8548 0.7103819
1837.22    -657.7223 -614.849 0.7104045
1837.23    -657.5837 -614.8432 0.7104282
1837.24    -657.4453 -614.8374 0.7104532
1837.25    -657.3068 -614.8315 0.7104794
1837.26    -657.1683 -614.8257 0.7105067
1837.27    -657.0298 -614.8199 0.7105351
1837.28    -656.8914 -614.814 0.7105644
1837.29    -656.7529 -614.8081 0.7105948
1837.3    -656.6145 -614.8022 0.7106259
1837.31    -656.4761 -614.7963 0.710658
1837.32    -656.3377 -614.7905 0.7106907
1837.33    -656.1993 -614.7845 0.7107241
1837.34    -656.061 -614.7786 0.7107578
1837.35    -655.9227 -614.7726 0.710792
1837.36    -655.7844 -614.7667 0.7108266
1837.37    -655.6461 -614.7607 0.7108615
1837.38    -655.5078 -614.7546 0.7108963
1837.39    -655.3696 -614.7487 0.7109308
1837.4    -655.2313 -614.7426 0.710965
1837.41    -655.0931 -614.7365 0.710999
1837.42    -654.9548 -614.7305 0.7110329
1837.43    -654.8167 -614.7244 0.7110656
1837.44    -654.6785 -614.7183 0.7110972
1837.45    -654.5403 -614.7121 0.7111278
1837.46    -654.4021 -614.706 0.7111573
1837.47    -654.264 -614.6998 0.711186
1837.48    -654.1259 -614.6936 0.7112129
1837.49    -653.9877 -614.6874 0.711238
1837.5    -653.8497 -614.6812 0.7112616
1837.51    -653.7116 -614.6749 0.7112836
1837.52    -653.5735 -614.6686 0.7113042
1837.53    -653.4355 -614.6624 0.7113234
1837.54    -653.2975 -614.656 0.7113409
1837.55    -653.1595 -614.6497 0.7113566
1837.56    -653.0215 -614.6434 0.7113706
1837.57    -652.8835 -614.637 0.7113831
1837.58    -652.7455 -614.6306 0.7113941
1837.59    -652.6076 -614.6243 0.7114037
1837.6    -652.4697 -614.6178 0.711412
1837.61    -652.3318 -614.6114 0.711419
1837.62    -652.1939 -614.6049 0.7114248
1837.63    -652.056 -614.5984 0.7114298
1837.64    -651.9182 -614.592 0.7114338
1837.65    -651.7804 -614.5854 0.7114371
1837.66    -651.6426 -614.5789 0.7114395
1837.67    -651.5048 -614.5723 0.7114413
1837.68    -651.367 -614.5658 0.7114428
1837.69    -651.2292 -614.5593 0.711444
1837.7    -651.0915 -614.5526 0.711445
1837.71    -650.9538 -614.546 0.7114457
1837.72    -650.816 -614.5394 0.7114462
1837.73    -650.6783 -614.5327 0.7114471
1837.74    -650.5406 -614.5261 0.7114483
1837.75    -650.403 -614.5193 0.7114496
1837.76    -650.2653 -614.5126 0.7114514
1837.77    -650.1277 -614.5059 0.7114533
1837.78    -649.9901 -614.4991 0.7114561
1837.79    -649.8525 -614.4924 0.7114598
1837.8    -649.7149 -614.4856 0.7114642
1837.81    -649.5773 -614.4788 0.7114692
1837.82    -649.4398 -614.4719 0.7114751
1837.83    -649.3022 -614.4651 0.7114816
1837.84    -649.1647 -614.4582 0.7114891
1837.85    -649.0272 -614.4513 0.7114977
1837.86    -648.8896 -614.4444 0.7115071
1837.87    -648.7521 -614.4374 0.7115174
1837.88    -648.6147 -614.4305 0.7115286
1837.89    -648.4772 -614.4235 0.7115407
1837.9    -648.3398 -614.4165 0.7115535
1837.91    -648.2024 -614.4095 0.7115671
1837.92    -648.065 -614.4025 0.7115814
1837.93    -647.9277 -614.3954 0.7115963
1837.94    -647.7903 -614.3884 0.7116119
1837.95    -647.653 -614.3813 0.711628
1837.96    -647.5157 -614.3741 0.7116446
1837.97    -647.3784 -614.3671 0.7116618
1837.98    -647.2411 -614.3599 0.7116792
1837.99    -647.1038 -614.3528 0.7116967
1838    -646.9665 -614.3456 0.7117144
1838.01    -646.8292 -614.3384 0.7117323
1838.02    -646.6918 -614.3312 0.7117504
1838.03    -646.5545 -614.3239 0.711768
1838.04    -646.4172 -614.3167 0.7117852
1838.05    -646.2798 -614.3094 0.711802
1838.06    -646.1424 -614.3021 0.7118185
1838.07    -646.0049 -614.2947 0.7118345
1838.08    -645.8675 -614.2874 0.7118502
1838.09    -645.73 -614.2801 0.7118649
1838.1    -645.5925 -614.2726 0.7118787
1838.11    -645.455 -614.2653 0.7118914
1838.12    -645.3173 -614.2579 0.7119033
1838.13    -645.1797 -614.2505 0.7119139
1838.14    -645.042 -614.243 0.7119232
1838.15    -644.9043 -614.2355 0.7119312
1838.16    -644.7665 -614.2281 0.7119382
1838.17    -644.6287 -614.2206 0.7119441
1838.18    -644.4909 -614.213 0.7119487
1838.19    -644.353 -614.2055 0.711952
1838.2    -644.2151 -614.198 0.7119542
1838.21    -644.0771 -614.1904 0.7119552
1838.22    -643.939 -614.1829 0.7119552
1838.23    -643.801 -614.1752 0.7119542
1838.24    -643.6628 -614.1677 0.7119522
1838.25    -643.5247 -614.16 0.7119492
1838.26    -643.3864 -614.1524 0.7119455
1838.27    -643.2481 -614.1448 0.7119408
1838.28    -643.1097 -614.1371 0.7119355
1838.29    -642.9714 -614.1295 0.7119294
1838.3    -642.8329 -614.1218 0.7119227
1838.31    -642.6945 -614.1141 0.7119154
1838.32    -642.5559 -614.1064 0.7119076
1838.33    -642.4173 -614.0987 0.7118994
1838.34    -642.2786 -614.091 0.7118911
1838.35    -642.1399 -614.0833 0.7118827
1838.36    -642.0011 -614.0755 0.7118739
1838.37    -641.8622 -614.0677 0.7118649
1838.38    -641.7233 -614.06 0.7118564
1838.39    -641.5843 -614.0522 0.7118483
1838.4    -641.4452 -614.0445 0.7118406
1838.41    -641.306 -614.0367 0.7118332
1838.42    -641.1668 -614.0289 0.7118261
1838.43    -641.0276 -614.0211 0.7118202
1838.44    -640.8882 -614.0133 0.7118152
1838.45    -640.7488 -614.0055 0.7118112
1838.46    -640.6094 -613.9977 0.7118081
1838.47    -640.4698 -613.9899 0.7118059
1838.48    -640.3303 -613.9821 0.711805
1838.49    -640.1906 -613.9743 0.7118053
1838.5    -640.0509 -613.9665 0.7118069
1838.51    -639.9111 -613.9587 0.7118096
1838.52    -639.7712 -613.9508 0.7118133
1838.53    -639.6313 -613.9429 0.7118182
1838.54    -639.4914 -613.9351 0.7118241
1838.55    -639.3513 -613.9272 0.7118311
1838.56    -639.2112 -613.9194 0.7118391
1838.57    -639.071 -613.9115 0.711848
1838.58    -638.9307 -613.9036 0.7118576
1838.59    -638.7904 -613.8958 0.7118678
1838.6    -638.65 -613.8879 0.7118788
1838.61    -638.5096 -613.8801 0.7118903
1838.62    -638.3691 -613.8722 0.7119026
1838.63    -638.2285 -613.8643 0.711915
1838.64    -638.0879 -613.8564 0.7119277
1838.65    -637.9472 -613.8486 0.7119406
1838.66    -637.8065 -613.8408 0.7119538
1838.67    -637.6656 -613.8329 0.711967
1838.68    -637.5247 -613.825 0.7119799
1838.69    -637.3838 -613.8171 0.7119923
1838.7    -637.2427 -613.8093 0.7120044
1838.71    -637.1016 -613.8015 0.712016
1838.72    -636.9604 -613.7936 0.7120273
1838.73    -636.8192 -613.7857 0.7120373
1838.74    -636.6779 -613.7778 0.7120464
1838.75    -636.5366 -613.77 0.7120544
1838.76    -636.3951 -613.7622 0.7120613
1838.77    -636.2537 -613.7544 0.7120673
1838.78    -636.1121 -613.7466 0.7120714
1838.79    -635.9705 -613.7388 0.7120737
1838.8    -635.8289 -613.731 0.7120742
1838.81    -635.6871 -613.7232 0.712073
1838.82    -635.5453 -613.7154 0.7120703
1838.83    -635.4034 -613.7076 0.7120652
1838.84    -635.2615 -613.6998 0.7120578
1838.85    -635.1195 -613.692 0.7120481
1838.86    -634.9774 -613.6842 0.7120365
1838.87    -634.8353 -613.6764 0.712023
1838.88    -634.6931 -613.6687 0.7120068
1838.89    -634.5508 -613.6609 0.7119883
1838.9    -634.4084 -613.6532 0.7119675
1838.91    -634.2661 -613.6455 0.7119445
1838.92    -634.1236 -613.6378 0.7119194
1838.93    -633.9811 -613.63 0.7118921
1838.94    -633.8385 -613.6223 0.7118625
1838.95    -633.6959 -613.6146 0.7118309
1838.96    -633.5532 -613.6069 0.7117972
1838.97    -633.4103 -613.5992 0.7117616
1838.98    -633.2675 -613.5915 0.7117244
1838.99    -633.1246 -613.5839 0.7116855
1839    -632.9816 -613.5762 0.7116451
1839.01    -632.8386 -613.5685 0.7116031
1839.02    -632.6954 -613.5608 0.7115598
1839.03    -632.5522 -613.5532 0.7115151
1839.04    -632.409 -613.5456 0.71147
1839.05    -632.2657 -613.538 0.7114245
1839.06    -632.1223 -613.5303 0.7113784
1839.07    -631.9789 -613.5228 0.7113319
1839.08    -631.8354 -613.5151 0.711286
1839.09    -631.6918 -613.5076 0.7112406
1839.1    -631.5482 -613.5001 0.7111956
1839.11    -631.4045 -613.4925 0.7111511
1839.12    -631.2608 -613.4849 0.711107
1839.13    -631.117 -613.4774 0.7110645
1839.14    -630.9731 -613.4698 0.7110233
1839.15    -630.8292 -613.4623 0.7109835
1839.16    -630.6852 -613.4548 0.7109451
1839.17    -630.5411 -613.4473 0.7109078
1839.18    -630.397 -613.4399 0.7108724
1839.19    -630.2529 -613.4324 0.7108387
1839.2    -630.1086 -613.4249 0.7108067
1839.21    -629.9642 -613.4175 0.7107761
1839.22    -629.8198 -613.4101 0.710747
1839.23    -629.6754 -613.4026 0.7107192
1839.24    -629.5308 -613.3952 0.7106928
1839.25    -629.3862 -613.3878 0.7106677
1839.26    -629.2416 -613.3804 0.7106436
1839.27    -629.0969 -613.373 0.7106208
1839.28    -628.9521 -613.3657 0.7105983
1839.29    -628.8073 -613.3583 0.7105764
1839.3    -628.6624 -613.351 0.7105549
1839.31    -628.5174 -613.3436 0.7105339
1839.32    -628.3724 -613.3363 0.7105132
1839.33    -628.2273 -613.329 0.710492
1839.34    -628.0822 -613.3217 0.7104706
1839.35    -627.937 -613.3144 0.7104487
1839.36    -627.7917 -613.3071 0.7104265
1839.37    -627.6464 -613.2998 0.710404
1839.38    -627.501 -613.2925 0.7103804
1839.39    -627.3555 -613.2853 0.7103557
1839.4    -627.21 -613.278 0.7103299
1839.41    -627.0645 -613.2708 0.7103033
1839.42    -626.9188 -613.2635 0.7102758
1839.43    -626.7731 -613.2563 0.7102468
1839.44    -626.6273 -613.249 0.7102164
1839.45    -626.4815 -613.2418 0.7101848
1839.46    -626.3356 -613.2345 0.7101519
1839.47    -626.1896 -613.2273 0.7101178
1839.48    -626.0436 -613.2201 0.7100826
1839.49    -625.8975 -613.2129 0.7100461
1839.5    -625.7513 -613.2057 0.7100086
1839.51    -625.6051 -613.1985 0.70997
1839.52    -625.4588 -613.1913 0.7099305
1839.53    -625.3125 -613.1841 0.7098903
1839.54    -625.1661 -613.1769 0.7098494
1839.55    -625.0197 -613.1697 0.7098079
1839.56    -624.8731 -613.1625 0.7097657
1839.57    -624.7265 -613.1553 0.7097229
1839.58    -624.5799 -613.1482 0.7096803
1839.59    -624.4332 -613.1411 0.7096378
1839.6    -624.2865 -613.1339 0.7095953
1839.61    -624.1396 -613.1268 0.709553
1839.62    -623.9927 -613.1196 0.7095107
1839.63    -623.8458 -613.1125 0.7094698
1839.64    -623.6989 -613.1053 0.7094299
1839.65    -623.5518 -613.0982 0.709391
1839.66    -623.4047 -613.0911 0.7093531
1839.67    -623.2576 -613.0839 0.7093164
1839.68    -623.1104 -613.0768 0.7092813
1839.69    -622.9631 -613.0696 0.7092477
1839.7    -622.8157 -613.0625 0.7092157
1839.71    -622.6683 -613.0554 0.7091852
1839.72    -622.5209 -613.0482 0.709156
1839.73    -622.3734 -613.0411 0.7091284
1839.74    -622.2258 -613.0339 0.7091022
1839.75    -622.0781 -613.0268 0.7090772
1839.76    -621.9304 -613.0197 0.7090537
1839.77    -621.7827 -613.0125 0.7090314
1839.78    -621.6349 -613.0054 0.70901
1839.79    -621.4871 -612.9982 0.7089896
1839.8    -621.3392 -612.9911 0.70897
1839.81    -621.1912 -612.9841 0.7089512
1839.82    -621.0432 -612.977 0.7089333
1839.83    -620.8951 -612.9699 0.7089149
1839.84    -620.747 -612.9628 0.708896
1839.85    -620.5988 -612.9557 0.7088769
1839.86    -620.4506 -612.9487 0.7088573
1839.87    -620.3022 -612.9416 0.7088373
1839.88    -620.1539 -612.9345 0.7088153
1839.89    -620.0056 -612.9274 0.7087914
1839.9    -619.8571 -612.9203 0.7087656
1839.91    -619.7086 -612.9133 0.708738
1839.92    -619.5601 -612.9062 0.7087088
1839.93    -619.4114 -612.8991 0.7086763
1839.94    -619.2628 -612.892 0.7086409
1839.95    -619.114 -612.8849 0.7086025
1839.96    -618.9652 -612.8779 0.7085614
1839.97    -618.8163 -612.8708 0.7085178
1839.98    -618.6674 -612.8638 0.7084717
1839.99    -618.5185 -612.8568 0.7084224
1840    -618.3695 -612.8498 0.7083699
1840.01    -618.2205 -612.8428 0.7083145
1840.02    -618.0714 -612.8358 0.7082564
1840.03    -617.9222 -612.8287 0.7081954
1840.04    -617.7731 -612.8217 0.7081321
1840.05    -617.6238 -612.8147 0.7080662
1840.06    -617.4745 -612.8077 0.7079981
1840.07    -617.3252 -612.8007 0.7079277
1840.08    -617.1758 -612.7937 0.7078556
1840.09    -617.0263 -612.7867 0.707782
1840.1    -616.8768 -612.7797 0.7077069
1840.11    -616.7272 -612.7726 0.7076303
1840.12    -616.5776 -612.7657 0.7075524
1840.13    -616.4279 -612.7588 0.7074739
1840.14    -616.2782 -612.7518 0.7073948
1840.15    -616.1284 -612.7449 0.7073152
1840.16    -615.9786 -612.7379 0.7072352
1840.17    -615.8288 -612.731 0.7071546
1840.18    -615.6789 -612.7241 0.7070747
1840.19    -615.529 -612.7171 0.7069954
1840.2    -615.379 -612.7101 0.7069168
1840.21    -615.229 -612.7032 0.7068387
1840.22    -615.0789 -612.6963 0.7067611
1840.23    -614.9288 -612.6895 0.7066852
1840.24    -614.7787 -612.6826 0.7066109
1840.25    -614.6285 -612.6757 0.706538
1840.26    -614.4783 -612.6688 0.7064666
1840.27    -614.3281 -612.6619 0.7063964
1840.28    -614.1778 -612.655 0.7063285
1840.29    -614.0275 -612.6482 0.7062624
1840.3    -613.8771 -612.6414 0.7061983
1840.31    -613.7267 -612.6346 0.706136
1840.32    -613.5763 -612.6277 0.7060755
1840.33    -613.4258 -612.621 0.7060168
1840.34    -613.2753 -612.6142 0.7059597
1840.35    -613.1248 -612.6075 0.7059044
1840.36    -612.9742 -612.6007 0.7058505
1840.37    -612.8235 -612.594 0.7057981
1840.38    -612.6729 -612.5873 0.705747
1840.39    -612.5222 -612.5806 0.7056971
1840.4    -612.3715 -612.574 0.7056482
1840.41    -612.2207 -612.5674 0.7056004
1840.42    -612.0699 -612.5607 0.7055537
1840.43    -611.9191 -612.5542 0.7055073
1840.44    -611.7682 -612.5476 0.7054612
1840.45    -611.6172 -612.5411 0.7054155
1840.46    -611.4663 -612.5345 0.7053701
1840.47    -611.3153 -612.5281 0.7053249
1840.48    -611.1642 -612.5215 0.7052801
1840.49    -611.0132 -612.5151 0.7052345
1840.5    -610.8621 -612.5087 0.705188
1840.51    -610.7108 -612.5023 0.7051408
1840.52    -610.5596 -612.496 0.7050928
1840.53    -610.4084 -612.4896 0.7050433
1840.54    -610.2571 -612.4833 0.7049922
1840.55    -610.1058 -612.4769 0.7049395
1840.56    -609.9545 -612.4707 0.7048855
1840.57    -609.8031 -612.4645 0.7048302
1840.58    -609.6517 -612.4582 0.7047731
1840.59    -609.5002 -612.452 0.7047144
1840.6    -609.3488 -612.4459 0.704654
1840.61    -609.1972 -612.4397 0.7045921
1840.62    -609.0456 -612.4336 0.7045289
1840.63    -608.894 -612.4275 0.7044644
1840.64    -608.7424 -612.4214 0.7043988
1840.65    -608.5907 -612.4154 0.704332
1840.66    -608.439 -612.4094 0.7042642
1840.67    -608.2872 -612.4034 0.7041955
1840.68    -608.1354 -612.3975 0.7041266
1840.69    -607.9835 -612.3915 0.7040576
1840.7    -607.8317 -612.3856 0.7039885
1840.71    -607.6797 -612.3798 0.7039193
1840.72    -607.5278 -612.3739 0.7038499
1840.73    -607.3758 -612.3681 0.7037815
1840.74    -607.2238 -612.3624 0.703714
1840.75    -607.0717 -612.3566 0.7036472
1840.76    -606.9196 -612.3509 0.7035811
1840.77    -606.7675 -612.3452 0.7035158
1840.78    -606.6153 -612.3395 0.7034521
1840.79    -606.4631 -612.334 0.7033897
1840.8    -606.3109 -612.3284 0.7033287
1840.81    -606.1586 -612.3229 0.7032691
1840.82    -606.0062 -612.3174 0.7032107
1840.83    -605.8538 -612.3119 0.7031534
1840.84    -605.7014 -612.3065 0.7030976
1840.85    -605.549 -612.3011 0.7030435
1840.86    -605.3965 -612.2957 0.7029907
1840.87    -605.244 -612.2903 0.7029391
1840.88    -605.0915 -612.2851 0.7028889
1840.89    -604.939 -612.2798 0.7028399
1840.9    -604.7864 -612.2746 0.7027919
1840.91    -604.6337 -612.2694 0.7027451
1840.92    -604.4811 -612.2642 0.7026993
1840.93    -604.3284 -612.2592 0.7026544
1840.94    -604.1757 -612.2541 0.7026103
1840.95    -604.023 -612.249 0.702567
1840.96    -603.8702 -612.244 0.7025244
1840.97    -603.7173 -612.2391 0.7024825
1840.98    -603.5645 -612.2341 0.702441
1840.99    -603.4117 -612.2292 0.7023998
1841    -603.2588 -612.2244 0.702359
1841.01    -603.1059 -612.2196 0.7023185
1841.02    -602.9529 -612.2148 0.7022783
1841.03    -602.8 -612.2101 0.7022384
1841.04    -602.647 -612.2054 0.7021982
1841.05    -602.494 -612.2007 0.7021576
1841.06    -602.3409 -612.1962 0.702117
1841.07    -602.1879 -612.1915 0.7020759
1841.08    -602.0347 -612.187 0.7020347
1841.09    -601.8816 -612.1825 0.7019928
1841.1    -601.7285 -612.178 0.7019502
1841.11    -601.5753 -612.1736 0.7019069
1841.12    -601.422 -612.1693 0.7018632
1841.13    -601.2687 -612.1649 0.7018189
1841.14    -601.1155 -612.1606 0.7017737
1841.15    -600.9622 -612.1564 0.701728
1841.16    -600.8088 -612.1522 0.7016818
1841.17    -600.6555 -612.148 0.7016349
1841.18    -600.5021 -612.1438 0.7015876
1841.19    -600.3487 -612.1397 0.7015398
1841.2    -600.1953 -612.1357 0.7014915
1841.21    -600.0417 -612.1316 0.7014428
1841.22    -599.8882 -612.1276 0.7013935
1841.23    -599.7347 -612.1237 0.7013443
1841.24    -599.5812 -612.1198 0.701295
1841.25    -599.4276 -612.1159 0.7012455
1841.26    -599.274 -612.112 0.7011961
1841.27    -599.1203 -612.1082 0.7011465
1841.28    -598.9666 -612.1045 0.7010973
1841.29    -598.8129 -612.1007 0.7010484
1841.3    -598.6592 -612.097 0.7009998
1841.31    -598.5054 -612.0933 0.7009515
1841.32    -598.3516 -612.0897 0.7009035
1841.33    -598.1978 -612.0861 0.700856
1841.34    -598.044 -612.0825 0.7008091
1841.35    -597.8901 -612.079 0.7007628
1841.36    -597.7362 -612.0755 0.7007169
1841.37    -597.5823 -612.072 0.7006715
1841.38    -597.4283 -612.0686 0.7006267
1841.39    -597.2744 -612.0652 0.7005824
1841.4    -597.1204 -612.0618 0.7005386
1841.41    -596.9663 -612.0585 0.7004954
1841.42    -596.8123 -612.0552 0.7004526
1841.43    -596.6582 -612.0519 0.7004103
1841.44    -596.5041 -612.0488 0.7003685
1841.45    -596.3499 -612.0455 0.700327
1841.46    -596.1957 -612.0424 0.700286
1841.47    -596.0415 -612.0392 0.7002453
1841.48    -595.8873 -612.0361 0.7002049
1841.49    -595.733 -612.0331 0.700165
1841.5    -595.5787 -612.03 0.7001253
1841.51    -595.4244 -612.027 0.7000859
1841.52    -595.2701 -612.024 0.7000468
1841.53    -595.1157 -612.0211 0.700008
1841.54    -594.9614 -612.0182 0.6999692
1841.55    -594.807 -612.0153 0.6999307
1841.56    -594.6526 -612.0124 0.6998922
1841.57    -594.4982 -612.0096 0.699854
1841.58    -594.3438 -612.0068 0.6998159
1841.59    -594.1893 -612.004 0.6997779
1841.6    -594.0349 -612.0013 0.6997402
1841.61    -593.8804 -611.9985 0.6997026
1841.62    -593.7258 -611.9958 0.6996652
1841.63    -593.5714 -611.9932 0.6996284
1841.64    -593.4168 -611.9905 0.6995923
1841.65    -593.2623 -611.9879 0.6995568
1841.66    -593.1077 -611.9852 0.6995218
1841.67    -592.9531 -611.9827 0.6994874
1841.68    -592.7985 -611.9801 0.6994545
1841.69    -592.6439 -611.9775 0.6994232
1841.7    -592.4893 -611.975 0.6993932
1841.71    -592.3347 -611.9725 0.6993647
1841.72    -592.18 -611.97 0.6993375
1841.73    -592.0253 -611.9675 0.6993127
1841.74    -591.8707 -611.9651 0.6992903
1841.75    -591.716 -611.9626 0.6992702
1841.76    -591.5613 -611.9602 0.6992522
1841.77    -591.4066 -611.9579 0.6992363
1841.78    -591.2518 -611.9555 0.6992234
1841.79    -591.0971 -611.9531 0.6992134
1841.8    -590.9423 -611.9508 0.6992062
1841.81    -590.7875 -611.9485 0.6992017
1841.82    -590.6328 -611.9462 0.6991996
1841.83    -590.478 -611.9438 0.6992006
1841.84    -590.3232 -611.9416 0.6992045
1841.85    -590.1683 -611.9393 0.6992112
1841.86    -590.0135 -611.9371 0.6992204
1841.87    -589.8586 -611.9349 0.6992322
1841.88    -589.7038 -611.9327 0.6992465
1841.89    -589.5489 -611.9305 0.699263
1841.9    -589.394 -611.9283 0.6992819
1841.91    -589.2391 -611.9262 0.6993029
1841.92    -589.0842 -611.9241 0.699326
1841.93    -588.9293 -611.9219 0.699351
1841.94    -588.7743 -611.9198 0.6993778
1841.95    -588.6193 -611.9177 0.6994064
1841.96    -588.4644 -611.9156 0.6994367
1841.97    -588.3094 -611.9135 0.6994686
1841.98    -588.1544 -611.9114 0.699502
1841.99    -587.9995 -611.9094 0.6995368
1842    -587.8444 -611.9073 0.699573
1842.01    -587.6894 -611.9053 0.6996106
1842.02    -587.5344 -611.9033 0.6996494
1842.03    -587.3793 -611.9013 0.6996894
1842.04    -587.2243 -611.8993 0.6997305
1842.05    -587.0692 -611.8973 0.6997727
1842.06    -586.9141 -611.8953 0.699816
1842.07    -586.759 -611.8933 0.6998603
1842.08    -586.6039 -611.8914 0.6999055
1842.09    -586.4489 -611.8894 0.6999516
1842.1    -586.2937 -611.8875 0.6999986
1842.11    -586.1385 -611.8855 0.7000464
1842.12    -585.9834 -611.8835 0.700095
1842.13    -585.8282 -611.8816 0.7001444
1842.14    -585.6731 -611.8797 0.7001944
1842.15    -585.5179 -611.8778 0.7002452
1842.16    -585.3627 -611.8759 0.7002967
1842.17    -585.2075 -611.874 0.7003487
1842.18    -585.0523 -611.8721 0.7004014
1842.19    -584.8971 -611.8702 0.7004548
1842.2    -584.7419 -611.8683 0.7005087
1842.21    -584.5867 -611.8665 0.700563
1842.22    -584.4315 -611.8646 0.700618
1842.23    -584.2762 -611.8627 0.7006734
1842.24    -584.121 -611.8609 0.7007293
1842.25    -583.9658 -611.8591 0.7007857
1842.26    -583.8106 -611.8572 0.7008426
1842.27    -583.6554 -611.8554 0.7008998
1842.28    -583.5002 -611.8536 0.7009575
1842.29    -583.345 -611.8517 0.7010156
1842.3    -583.1898 -611.85 0.7010741
1842.31    -583.0347 -611.8481 0.7011329
1842.32    -582.8795 -611.8463 0.701192
1842.33    -582.7244 -611.8445 0.7012515
1842.34    -582.5693 -611.8427 0.7013113
1842.35    -582.4142 -611.8409 0.7013715
1842.36    -582.2591 -611.8392 0.7014319
1842.37    -582.104 -611.8374 0.7014926
1842.38    -581.949 -611.8356 0.7015536
1842.39    -581.7939 -611.8339 0.7016149
1842.4    -581.6389 -611.8321 0.7016765
1842.41    -581.4839 -611.8303 0.7017382
1842.42    -581.3289 -611.8286 0.7018003
1842.43    -581.1739 -611.8268 0.7018626
1842.44    -581.0189 -611.825 0.7019252
1842.45    -580.864 -611.8232 0.701988
1842.46    -580.709 -611.8215 0.7020509
1842.47    -580.5541 -611.8197 0.7021142
1842.48    -580.3992 -611.8179 0.7021776
1842.49    -580.2444 -611.8162 0.7022415
1842.5    -580.0895 -611.8145 0.7023057
1842.51    -579.9347 -611.8127 0.7023702
1842.52    -579.7798 -611.811 0.7024349
1842.53    -579.625 -611.8093 0.7024999
1842.54    -579.4702 -611.8076 0.7025656
1842.55    -579.3154 -611.8059 0.7026317
1842.56    -579.1606 -611.8042 0.7026985
1842.57    -579.0059 -611.8025 0.7027658
1842.58    -578.8511 -611.8008 0.7028341
1842.59    -578.6964 -611.7991 0.7029031
1842.6    -578.5417 -611.7974 0.7029729
1842.61    -578.3871 -611.7957 0.7030435
1842.62    -578.2324 -611.7939 0.7031146
1842.63    -578.0778 -611.7922 0.7031867
1842.64    -577.9232 -611.7905 0.7032594
1842.65    -577.7686 -611.7888 0.7033328
1842.66    -577.614 -611.7871 0.7034069
1842.67    -577.4594 -611.7854 0.7034816
1842.68    -577.3049 -611.7837 0.7035569
1842.69    -577.1503 -611.782 0.7036328
1842.7    -576.9958 -611.7803 0.7037091
1842.71    -576.8412 -611.7786 0.7037861
1842.72    -576.6868 -611.7769 0.7038635
1842.73    -576.5323 -611.7751 0.7039414
1842.74    -576.3778 -611.7734 0.7040197
1842.75    -576.2234 -611.7717 0.7040984
1842.76    -576.069 -611.77 0.7041775
1842.77    -575.9146 -611.7683 0.704257
1842.78    -575.7602 -611.7666 0.7043369
1842.79    -575.6058 -611.7649 0.7044172
1842.8    -575.4515 -611.7632 0.7044978
1842.81    -575.2971 -611.7615 0.7045788
1842.82    -575.1428 -611.7598 0.7046601
1842.83    -574.9884 -611.7581 0.7047418
1842.84    -574.8341 -611.7563 0.7048241
1842.85    -574.6798 -611.7546 0.7049071
1842.86    -574.5255 -611.7529 0.7049906
1842.87    -574.3713 -611.7512 0.7050747
1842.88    -574.217 -611.7495 0.7051603
1842.89    -574.0629 -611.7477 0.7052471
1842.9    -573.9087 -611.746 0.7053351
1842.91    -573.7545 -611.7443 0.7054244
1842.92    -573.6003 -611.7425 0.7055147
1842.93    -573.4462 -611.7407 0.7056072
1842.94    -573.2921 -611.7389 0.7057017
1842.95    -573.138 -611.7371 0.705798
1842.96    -572.9839 -611.7354 0.7058963
1842.97    -572.8298 -611.7336 0.7059962
1842.98    -572.6757 -611.7318 0.7060986
1842.99    -572.5217 -611.73 0.7062034
1843    -572.3676 -611.7282 0.7063106
1843.01    -572.2136 -611.7264 0.7064199
1843.02    -572.0596 -611.7247 0.7065313
1843.03    -571.9056 -611.7229 0.7066451
1843.04    -571.7517 -611.7211 0.7067615
1843.05    -571.5978 -611.7193 0.70688
1843.06    -571.4438 -611.7175 0.7070007
1843.07    -571.2899 -611.7156 0.7071234
1843.08    -571.136 -611.7137 0.707248
1843.09    -570.9821 -611.7119 0.7073745
1843.1    -570.8282 -611.7101 0.7075028
1843.11    -570.6744 -611.7083 0.7076328
1843.12    -570.5205 -611.7064 0.7077644
1843.13    -570.3667 -611.7045 0.7078974
1843.14    -570.2129 -611.7027 0.7080317
1843.15    -570.0591 -611.7008 0.7081674
1843.16    -569.9053 -611.6989 0.7083043
1843.17    -569.7516 -611.697 0.7084424
1843.18    -569.5979 -611.6951 0.7085816
1843.19    -569.4442 -611.6932 0.7087219
1843.2    -569.2905 -611.6913 0.708863
1843.21    -569.1368 -611.6894 0.7090052
1843.22    -568.9832 -611.6874 0.7091482
1843.23    -568.8295 -611.6854 0.7092921
1843.24    -568.6759 -611.6835 0.7094367
1843.25    -568.5223 -611.6815 0.7095819
1843.26    -568.3687 -611.6796 0.7097278
1843.27    -568.2151 -611.6776 0.7098743
1843.28    -568.0615 -611.6755 0.7100212
1843.29    -567.908 -611.6735 0.7101684
1843.3    -567.7545 -611.6714 0.7103159
1843.31    -567.601 -611.6694 0.7104637
1843.32    -567.4474 -611.6673 0.7106118
1843.33    -567.294 -611.6652 0.7107596
1843.34    -567.1406 -611.6631 0.7109073
1843.35    -566.9871 -611.6611 0.7110548
1843.36    -566.8337 -611.6589 0.7112021
1843.37    -566.6802 -611.6568 0.7113494
1843.38    -566.5269 -611.6547 0.7114957
1843.39    -566.3735 -611.6525 0.7116411
1843.4    -566.2201 -611.6503 0.7117857
1843.41    -566.0667 -611.6481 0.7119294
1843.42    -565.9133 -611.6459 0.7120724
1843.43    -565.76 -611.6437 0.7122135
1843.44    -565.6067 -611.6415 0.7123527
1843.45    -565.4534 -611.6392 0.7124901
1843.46    -565.3001 -611.6369 0.7126258
1843.47    -565.1469 -611.6346 0.7127599
1843.48    -564.9936 -611.6324 0.7128911
1843.49    -564.8403 -611.63 0.7130194
1843.5    -564.6871 -611.6277 0.713145
1843.51    -564.5339 -611.6254 0.7132679
1843.52    -564.3807 -611.623 0.7133886
1843.53    -564.2275 -611.6206 0.7135052
1843.54    -564.0743 -611.6182 0.7136182
1843.55    -563.9211 -611.6158 0.7137275
1843.56    -563.7679 -611.6133 0.7138336
1843.57    -563.6148 -611.6108 0.7139364
1843.58    -563.4617 -611.6084 0.7140362
1843.59    -563.3085 -611.606 0.7141311
1843.6    -563.1554 -611.6034 0.7142211
1843.61    -563.0023 -611.6009 0.7143066
1843.62    -562.8491 -611.5984 0.7143879
1843.63    -562.696 -611.5958 0.7144634
1843.64    -562.5428 -611.5932 0.7145336
1843.65    -562.3897 -611.5906 0.7145987
1843.66    -562.2366 -611.588 0.7146589
1843.67    -562.0834 -611.5853 0.7147145
1843.68    -561.9303 -611.5826 0.7147639
1843.69    -561.7772 -611.58 0.7148076
1843.7    -561.624 -611.5773 0.7148458
1843.71    -561.4709 -611.5745 0.7148787
1843.72    -561.3177 -611.5718 0.7149066
1843.73    -561.1646 -611.569 0.7149285
1843.74    -561.0114 -611.5662 0.7149445
1843.75    -560.8582 -611.5634 0.7149551
1843.76    -560.705 -611.5605 0.7149603
1843.77    -560.5517 -611.5577 0.7149606
1843.78    -560.3984 -611.5549 0.7149552
1843.79    -560.2452 -611.5519 0.7149444
1843.8    -560.0919 -611.5491 0.7149285
1843.81    -559.9386 -611.5461 0.7149077
1843.82    -559.7853 -611.5432 0.7148824
1843.83    -559.632 -611.5402 0.7148523
1843.84    -559.4786 -611.5372 0.7148179
1843.85    -559.3252 -611.5342 0.7147791
1843.86    -559.1718 -611.5311 0.7147365
1843.87    -559.0183 -611.528 0.7146899
1843.88    -558.8648 -611.525 0.7146397
1843.89    -558.7113 -611.5219 0.714586
1843.9    -558.5578 -611.5187 0.7145293
1843.91    -558.4042 -611.5156 0.7144694
1843.92    -558.2506 -611.5124 0.7144065
1843.93    -558.097 -611.5092 0.7143409
1843.94    -557.9434 -611.506 0.7142727
1843.95    -557.7897 -611.5027 0.714202
1843.96    -557.6359 -611.4995 0.7141289
1843.97    -557.4822 -611.4962 0.7140536
1843.98    -557.3284 -611.4928 0.713976
1843.99    -557.1746 -611.4895 0.7138965
1844    -557.0208 -611.4861 0.7138149
1844.01    -556.8669 -611.4827 0.7137313
1844.02    -556.713 -611.4794 0.7136461
1844.03    -556.559 -611.476 0.713559
1844.04    -556.405 -611.4725 0.71347
1844.05    -556.251 -611.469 0.7133794
1844.06    -556.097 -611.4655 0.7132873
1844.07    -555.9429 -611.462 0.7131936
1844.08    -555.7888 -611.4584 0.7130982
1844.09    -555.6346 -611.4548 0.7130014
1844.1    -555.4804 -611.4512 0.7129032
1844.11    -555.3262 -611.4476 0.7128035
1844.12    -555.1719 -611.444 0.7127026
1844.13    -555.0175 -611.4403 0.7126004
1844.14    -554.8632 -611.4366 0.7124969
1844.15    -554.7088 -611.4329 0.7123922
1844.16    -554.5544 -611.4291 0.7122865
1844.17    -554.3999 -611.4254 0.7121796
1844.18    -554.2454 -611.4216 0.7120715
1844.19    -554.0909 -611.4178 0.7119625
1844.2    -553.9363 -611.4139 0.7118525
1844.21    -553.7817 -611.41 0.7117414
1844.22    -553.6271 -611.4062 0.7116296
1844.23    -553.4724 -611.4022 0.7115166
1844.24    -553.3177 -611.3983 0.7114024
1844.25    -553.1629 -611.3943 0.7112872
1844.26    -553.0081 -611.3903 0.7111708
1844.27    -552.8533 -611.3864 0.7110536
1844.28    -552.6985 -611.3823 0.7109346
1844.29    -552.5436 -611.3782 0.7108141
1844.3    -552.3886 -611.3741 0.7106922
1844.31    -552.2336 -611.3701 0.7105687
1844.32    -552.0786 -611.3659 0.7104441
1844.33    -551.9236 -611.3618 0.7103174
1844.34    -551.7685 -611.3575 0.7101889
1844.35    -551.6133 -611.3533 0.7100586
1844.36    -551.4582 -611.3491 0.7099266
1844.37    -551.303 -611.3448 0.709793
1844.38    -551.1478 -611.3406 0.7096578
1844.39    -550.9925 -611.3363 0.7095209
1844.4    -550.8372 -611.3319 0.7093825
1844.41    -550.6818 -611.3276 0.7092427
1844.42    -550.5264 -611.3232 0.7091016
1844.43    -550.371 -611.3188 0.708959
1844.44    -550.2156 -611.3144 0.7088153
1844.45    -550.0601 -611.3099 0.7086703
1844.46    -549.9045 -611.3054 0.7085242
1844.47    -549.749 -611.301 0.708377
1844.48    -549.5934 -611.2964 0.7082288
1844.49    -549.4377 -611.2919 0.7080796
1844.5    -549.282 -611.2872 0.7079294
1844.51    -549.1263 -611.2827 0.7077783
1844.52    -548.9706 -611.2781 0.7076264
1844.53    -548.8148 -611.2734 0.7074737
1844.54    -548.659 -611.2687 0.7073201
1844.55    -548.5031 -611.2641 0.7071658
1844.56    -548.3472 -611.2593 0.7070109
1844.57    -548.1913 -611.2546 0.7068552
1844.58    -548.0353 -611.2499 0.7066989
1844.59    -547.8793 -611.2451 0.7065419
1844.6    -547.7232 -611.2403 0.7063844
1844.61    -547.5671 -611.2355 0.7062263
1844.62    -547.411 -611.2307 0.7060677
1844.63    -547.2549 -611.2258 0.7059079
1844.64    -547.0987 -611.221 0.7057472
1844.65    -546.9424 -611.2161 0.7055854
1844.66    -546.7862 -611.2112 0.7054225
1844.67    -546.6299 -611.2064 0.7052588
1844.68    -546.4736 -611.2014 0.7050931
1844.69    -546.3172 -611.1965 0.7049258
1844.7    -546.1608 -611.1915 0.7047569
1844.71    -546.0043 -611.1866 0.7045864
1844.72    -545.8478 -611.1816 0.7044143
1844.73    -545.6913 -611.1767 0.7042407
1844.74    -545.5347 -611.1717 0.7040653
1844.75    -545.3781 -611.1667 0.7038885
1844.76    -545.2214 -611.1617 0.7037101
1844.77    -545.0648 -611.1567 0.7035305
1844.78    -544.9081 -611.1517 0.7033502
1844.79    -544.7513 -611.1467 0.7031694
1844.8    -544.5945 -611.1416 0.7029881
1844.81    -544.4377 -611.1365 0.7028062
1844.82    -544.2808 -611.1315 0.702624
1844.83    -544.124 -611.1264 0.7024434
1844.84    -543.967 -611.1213 0.7022642
1844.85    -543.8101 -611.1163 0.7020865
1844.86    -543.653 -611.1112 0.7019103
1844.87    -543.496 -611.1061 0.7017352
1844.88    -543.3389 -611.1011 0.7015646
1844.89    -543.1818 -611.0961 0.7013981
1844.9    -543.0246 -611.091 0.7012355
1844.91    -542.8674 -611.0859 0.7010766
1844.92    -542.7101 -611.0809 0.7009213
1844.93    -542.5529 -611.0759 0.7007731
1844.94    -542.3956 -611.0708 0.7006317
1844.95    -542.2382 -611.0657 0.7004969
1844.96    -542.0808 -611.0607 0.7003681
1844.97    -541.9234 -611.0557 0.7002453
1844.98    -541.7659 -611.0506 0.7001319
1844.99    -541.6085 -611.0456 0.7000275
1845    -541.4509 -611.0405 0.6999317
1845.01    -541.2933 -611.0355 0.6998441
1845.02    -541.1357 -611.0305 0.6997643
1845.03    -540.978 -611.0254 0.6996945
1845.04    -540.8204 -611.0204 0.6996343
1845.05    -540.6627 -611.0154 0.6995833
1845.06    -540.5049 -611.0104 0.6995409
1845.07    -540.3471 -611.0055 0.6995068
1845.08    -540.1893 -611.0005 0.699482
1845.09    -540.0315 -610.9955 0.6994664
1845.1    -539.8736 -610.9905 0.6994593
1845.11    -539.7157 -610.9856 0.6994601
1845.12    -539.5577 -610.9807 0.6994688
1845.13    -539.3998 -610.9758 0.6994853
1845.14    -539.2418 -610.9708 0.6995092
1845.15    -539.0837 -610.9659 0.6995402
1845.16    -538.9257 -610.9611 0.6995779
1845.17    -538.7675 -610.9562 0.6996219
1845.18    -538.6094 -610.9514 0.699672
1845.19    -538.4512 -610.9465 0.699728
1845.2    -538.293 -610.9417 0.6997895
1845.21    -538.1348 -610.937 0.6998562
1845.22    -537.9766 -610.9321 0.699928
1845.23    -537.8183 -610.9273 0.7000046
1845.24    -537.66 -610.9226 0.7000856
1845.25    -537.5016 -610.9178 0.700171
1845.26    -537.3433 -610.9131 0.7002605
1845.27    -537.1849 -610.9084 0.700354
1845.28    -537.0266 -610.9037 0.7004513
1845.29    -536.8681 -610.899 0.700552
1845.3    -536.7097 -610.8943 0.7006562
1845.31    -536.5512 -610.8897 0.7007637
1845.32    -536.3927 -610.8851 0.7008743
1845.33    -536.2342 -610.8805 0.700988
1845.34    -536.0757 -610.8759 0.7011045
1845.35    -535.9171 -610.8712 0.701224
1845.36    -535.7585 -610.8667 0.701346
1845.37    -535.5999 -610.8621 0.7014707
1845.38    -535.4413 -610.8576 0.7015979
1845.39    -535.2827 -610.8531 0.7017275
1845.4    -535.124 -610.8486 0.7018595
1845.41    -534.9653 -610.8441 0.7019938
1845.42    -534.8066 -610.8396 0.7021302
1845.43    -534.6479 -610.8351 0.7022687
1845.44    -534.4892 -610.8307 0.7024094
1845.45    -534.3304 -610.8263 0.7025521
1845.46    -534.1717 -610.8219 0.7026967
1845.47    -534.0129 -610.8175 0.7028431
1845.48    -533.8541 -610.8132 0.7029912
1845.49    -533.6953 -610.8088 0.703141
1845.5    -533.5364 -610.8045 0.7032924
1845.51    -533.3775 -610.8002 0.7034454
1845.52    -533.2186 -610.796 0.7035998
1845.53    -533.0598 -610.7917 0.7037556
1845.54    -532.9008 -610.7875 0.7039126
1845.55    -532.7419 -610.7833 0.7040707
1845.56    -532.5829 -610.7791 0.7042301
1845.57    -532.4239 -610.7748 0.7043905
1845.58    -532.2649 -610.7707 0.7045514
1845.59    -532.1059 -610.7665 0.7047127
1845.6    -531.9468 -610.7624 0.7048745
1845.61    -531.7878 -610.7582 0.7050366
1845.62    -531.6287 -610.7542 0.7051991
1845.63    -531.4697 -610.7501 0.7053609
1845.64    -531.3105 -610.746 0.7055219
1845.65    -531.1514 -610.742 0.7056823
1845.66    -530.9922 -610.738 0.7058421
1845.67    -530.8331 -610.734 0.7060012
1845.68    -530.6739 -610.73 0.706158
1845.69    -530.5147 -610.726 0.7063126
1845.7    -530.3555 -610.7221 0.706465
1845.71    -530.1963 -610.7181 0.7066154
1845.72    -530.037 -610.7142 0.7067639
1845.73    -529.8778 -610.7102 0.7069079
1845.74    -529.7186 -610.7063 0.7070476
1845.75    -529.5593 -610.7024 0.7071834
1845.76    -529.4 -610.6985 0.7073154
1845.77    -529.2407 -610.6946 0.7074437
1845.78    -529.0814 -610.6907 0.7075657
1845.79    -528.9221 -610.6869 0.7076819
1845.8    -528.7627 -610.683 0.7077924
1845.81    -528.6033 -610.6792 0.7078975
1845.82    -528.444 -610.6754 0.7079974
1845.83    -528.2846 -610.6715 0.70809
1845.84    -528.1252 -610.6677 0.7081754
1845.85    -527.9659 -610.6639 0.7082542
1845.86    -527.8065 -610.6601 0.7083263
1845.87    -527.647 -610.6563 0.7083924
1845.88    -527.4876 -610.6525 0.7084506
1845.89    -527.3282 -610.6487 0.7085014
1845.9    -527.1688 -610.645 0.708545
1845.91    -527.0093 -610.6412 0.7085819
1845.92    -526.8499 -610.6375 0.7086122
1845.93    -526.6905 -610.6338 0.7086352
1845.94    -526.5311 -610.6301 0.7086512
1845.95    -526.3716 -610.6263 0.7086605
1845.96    -526.2121 -610.6226 0.7086635
1845.97    -526.0526 -610.619 0.7086604
1845.98    -525.8931 -610.6153 0.7086512
1845.99    -525.7336 -610.6116 0.7086362
1846    -525.5742 -610.608 0.7086157
1846.01    -525.4147 -610.6043 0.7085898
1846.02    -525.2552 -610.6006 0.708559
1846.03    -525.0957 -610.597 0.7085233
1846.04    -524.9362 -610.5933 0.708483
1846.05    -524.7767 -610.5897 0.7084385
1846.06    -524.6172 -610.5861 0.7083898
1846.07    -524.4577 -610.5825 0.708337
1846.08    -524.2982 -610.5789 0.7082806
1846.09    -524.1387 -610.5754 0.7082205
1846.1    -523.9792 -610.5718 0.7081569
1846.11    -523.8196 -610.5683 0.7080902
1846.12    -523.6601 -610.5648 0.7080203
1846.13    -523.5006 -610.5612 0.7079476
1846.14    -523.3411 -610.5577 0.7078719
1846.15    -523.1816 -610.5541 0.7077935
1846.16    -523.022 -610.5506 0.7077125
1846.17    -522.8625 -610.5471 0.7076291
1846.18    -522.703 -610.5435 0.7075433
1846.19    -522.5435 -610.54 0.7074552
1846.2    -522.3839 -610.5364 0.7073649
1846.21    -522.2244 -610.533 0.7072725
1846.22    -522.0648 -610.5295 0.7071782
1846.23    -521.9053 -610.526 0.707082
1846.24    -521.7458 -610.5225 0.706984
1846.25    -521.5862 -610.519 0.7068843
1846.26    -521.4267 -610.5156 0.7067829
1846.27    -521.2672 -610.5121 0.7066801
1846.28    -521.1077 -610.5087 0.7065758
1846.29    -520.9482 -610.5052 0.7064701
1846.3    -520.7887 -610.5017 0.7063633
1846.31    -520.6292 -610.4982 0.7062551
1846.32    -520.4697 -610.4948 0.7061458
1846.33    -520.3102 -610.4913 0.7060355
1846.34    -520.1508 -610.4878 0.7059242
1846.35    -519.9913 -610.4843 0.7058119
1846.36    -519.8318 -610.4808 0.7056987
1846.37    -519.6723 -610.4774 0.7055847
1846.38    -519.5129 -610.4739 0.7054699
1846.39    -519.3535 -610.4705 0.7053544
1846.4    -519.194 -610.4671 0.7052382
1846.41    -519.0346 -610.4637 0.7051213
1846.42    -518.8752 -610.4603 0.7050039
1846.43    -518.7158 -610.4569 0.704886
1846.44    -518.5565 -610.4535 0.7047679
1846.45    -518.3971 -610.4501 0.7046494
1846.46    -518.2377 -610.4467 0.7045307
1846.47    -518.0784 -610.4432 0.7044115
1846.48    -517.9191 -610.4398 0.7042928
1846.49    -517.7598 -610.4364 0.7041745
1846.5    -517.6005 -610.433 0.7040565
1846.51    -517.4412 -610.4296 0.7039389
1846.52    -517.282 -610.4263 0.7038215
1846.53    -517.1227 -610.423 0.7037054
1846.54    -516.9636 -610.4196 0.7035905
1846.55    -516.8044 -610.4163 0.7034768
1846.56    -516.6452 -610.4129 0.7033641
1846.57    -516.486 -610.4095 0.7032523
1846.58    -516.3269 -610.4062 0.7031427
1846.59    -516.1678 -610.4028 0.7030352
1846.6    -516.0087 -610.3995 0.7029296
1846.61    -515.8495 -610.3963 0.7028258
1846.62    -515.6905 -610.393 0.7027238
1846.63    -515.5314 -610.3897 0.7026249
1846.64    -515.3724 -610.3864 0.7025291
1846.65    -515.2134 -610.3831 0.7024361
1846.66    -515.0544 -610.3798 0.7023458
1846.67    -514.8954 -610.3765 0.7022582
1846.68    -514.7365 -610.3733 0.7021748
1846.69    -514.5775 -610.3701 0.7020958
1846.7    -514.4186 -610.3669 0.7020206
1846.71    -514.2596 -610.3636 0.7019494
1846.72    -514.1007 -610.3604 0.7018816
1846.73    -513.9418 -610.3572 0.7018199
1846.74    -513.783 -610.3539 0.7017638
1846.75    -513.6241 -610.3508 0.7017131
1846.76    -513.4652 -610.3476 0.7016677
1846.77    -513.3064 -610.3444 0.7016272
1846.78    -513.1476 -610.3412 0.7015941
1846.79    -512.9888 -610.3381 0.7015681
1846.8    -512.8301 -610.3349 0.7015489
1846.81    -512.6713 -610.3318 0.7015362
1846.82    -512.5126 -610.3286 0.7015296
1846.83    -512.3539 -610.3255 0.7015312
1846.84    -512.1952 -610.3224 0.7015408
1846.85    -512.0365 -610.3193 0.7015578
1846.86    -511.8778 -610.3162 0.701582
1846.87    -511.7191 -610.3131 0.7016131
1846.88    -511.5605 -610.31 0.7016522
1846.89    -511.4019 -610.3069 0.7016991
1846.9    -511.2433 -610.3039 0.7017532
1846.91    -511.0847 -610.3008 0.7018144
1846.92    -510.9261 -610.2979 0.7018822
1846.93    -510.7675 -610.2948 0.7019565
1846.94    -510.609 -610.2917 0.7020375
1846.95    -510.4505 -610.2888 0.7021247
1846.96    -510.292 -610.2858 0.7022179
1846.97    -510.1335 -610.2828 0.7023171
1846.98    -509.975 -610.2798 0.7024217
1846.99    -509.8166 -610.2769 0.7025316
1847    -509.6581 -610.2739 0.7026466
1847.01    -509.4997 -610.271 0.7027664
1847.02    -509.3413 -610.2681 0.7028909
1847.03    -509.1829 -610.2652 0.7030198
1847.04    -509.0245 -610.2623 0.703153
1847.05    -508.8662 -610.2593 0.7032902
1847.06    -508.7078 -610.2565 0.7034312
1847.07    -508.5495 -610.2537 0.7035761
1847.08    -508.3912 -610.2508 0.7037245
1847.09    -508.2329 -610.2479 0.7038763
1847.1    -508.0746 -610.2451 0.7040313
1847.11    -507.9164 -610.2422 0.7041895
1847.12    -507.7581 -610.2395 0.7043506
1847.13    -507.5999 -610.2367 0.7045145
1847.14    -507.4417 -610.2339 0.7046812
1847.15    -507.2835 -610.2311 0.7048504
1847.16    -507.1253 -610.2283 0.7050222
1847.17    -506.9672 -610.2256 0.7051963
1847.18    -506.8091 -610.2229 0.7053728
1847.19    -506.6509 -610.2202 0.7055513
1847.2    -506.4928 -610.2175 0.705732
1847.21    -506.3347 -610.2148 0.7059146
1847.22    -506.1766 -610.2122 0.706099
1847.23    -506.0186 -610.2095 0.7062854
1847.24    -505.8606 -610.2068 0.7064734
1847.25    -505.7025 -610.2042 0.706663
1847.26    -505.5445 -610.2016 0.7068543
1847.27    -505.3865 -610.199 0.707047
1847.28    -505.2286 -610.1964 0.7072411
1847.29    -505.0706 -610.1937 0.7074366
1847.3    -504.9127 -610.1912 0.7076336
1847.31    -504.7548 -610.1887 0.7078316
1847.32    -504.5968 -610.1861 0.7080309
1847.33    -504.439 -610.1835 0.7082311
1847.34    -504.2811 -610.181 0.7084321
1847.35    -504.1232 -610.1786 0.7086341
1847.36    -503.9654 -610.1761 0.7088368
1847.37    -503.8076 -610.1736 0.7090403
1847.38    -503.6497 -610.1711 0.7092439
1847.39    -503.492 -610.1686 0.7094476
1847.4    -503.3342 -610.1663 0.7096515
1847.41    -503.1764 -610.1638 0.7098554
1847.42    -503.0186 -610.1614 0.7100594
1847.43    -502.8609 -610.1589 0.7102621
1847.44    -502.7032 -610.1566 0.7104637
1847.45    -502.5455 -610.1542 0.7106641
1847.46    -502.3878 -610.1519 0.7108634
1847.47    -502.2302 -610.1495 0.7110617
1847.48    -502.0725 -610.1471 0.711257
1847.49    -501.9149 -610.1448 0.7114495
1847.5    -501.7573 -610.1425 0.7116393
1847.51    -501.5997 -610.1402 0.7118266
1847.52    -501.4421 -610.1379 0.7120115
1847.53    -501.2846 -610.1356 0.7121913
1847.54    -501.1271 -610.1332 0.7123664
1847.55    -500.9695 -610.131 0.7125371
1847.56    -500.812 -610.1287 0.7127035
1847.57    -500.6545 -610.1265 0.7128658
1847.58    -500.4971 -610.1242 0.7130215
1847.59    -500.3396 -610.122 0.7131709
1847.6    -500.1822 -610.1198 0.7133143
1847.61    -500.0247 -610.1176 0.7134521
1847.62    -499.8673 -610.1154 0.7135844
1847.63    -499.71 -610.1132 0.7137091
1847.64    -499.5526 -610.111 0.7138268
1847.65    -499.3952 -610.1088 0.7139376
1847.66    -499.2379 -610.1066 0.7140419
1847.67    -499.0805 -610.1044 0.7141401
1847.68    -498.9232 -610.1022 0.7142313
1847.69    -498.766 -610.1001 0.714316
1847.7    -498.6087 -610.098 0.7143945
1847.71    -498.4514 -610.0959 0.714467
1847.72    -498.2942 -610.0938 0.7145339
1847.73    -498.1369 -610.0916 0.7145951
1847.74    -497.9797 -610.0895 0.7146512
1847.75    -497.8225 -610.0874 0.7147021
1847.76    -497.6653 -610.0853 0.7147481
1847.77    -497.5082 -610.0833 0.7147897
1847.78    -497.351 -610.0812 0.7148268
1847.79    -497.1939 -610.0791 0.7148598
1847.8    -497.0368 -610.077 0.7148888
1847.81    -496.8797 -610.075 0.714914
1847.82    -496.7227 -610.0729 0.7149357
1847.83    -496.5656 -610.0708 0.714954
1847.84    -496.4086 -610.0688 0.7149689
1847.85    -496.2516 -610.0668 0.7149808
1847.86    -496.0945 -610.0648 0.7149898
1847.87    -495.9375 -610.0627 0.7149959
1847.88    -495.7806 -610.0607 0.7149993
1847.89    -495.6236 -610.0587 0.7150002
1847.9    -495.4667 -610.0567 0.7149985
1847.91    -495.3098 -610.0547 0.7149945
1847.92    -495.1528 -610.0528 0.7149884
1847.93    -494.9959 -610.0508 0.7149799
1847.94    -494.8391 -610.0489 0.7149696
1847.95    -494.6822 -610.0469 0.7149573
1847.96    -494.5253 -610.045 0.7149431
1847.97    -494.3685 -610.043 0.7149271
1847.98    -494.2117 -610.0411 0.7149094
1847.99    -494.0549 -610.0391 0.7148902
1848    -493.8981 -610.0372 0.7148694
1848.01    -493.7414 -610.0353 0.7148471
1848.02    -493.5846 -610.0334 0.7148233
1848.03    -493.4279 -610.0316 0.7147983
1848.04    -493.2711 -610.0297 0.7147719
1848.05    -493.1145 -610.0278 0.7147443
1848.06    -492.9578 -610.026 0.7147155
1848.07    -492.8011 -610.0242 0.7146856
1848.08    -492.6445 -610.0223 0.7146546
1848.09    -492.4879 -610.0205 0.7146225
1848.1    -492.3313 -610.0187 0.7145895
1848.11    -492.1747 -610.0169 0.7145555
1848.12    -492.0181 -610.0151 0.7145206
1848.13    -491.8615 -610.0134 0.7144849
1848.14    -491.705 -610.0116 0.7144483
1848.15    -491.5485 -610.0098 0.7144109
1848.16    -491.3919 -610.0081 0.7143728
1848.17    -491.2354 -610.0064 0.7143338
1848.18    -491.079 -610.0047 0.7142943
1848.19    -490.9225 -610.003 0.714254
1848.2    -490.7661 -610.0013 0.7142131
1848.21    -490.6096 -609.9996 0.7141716
1848.22    -490.4532 -609.998 0.7141295
1848.23    -490.2968 -609.9964 0.7140869
1848.24    -490.1404 -609.9948 0.7140437
1848.25    -489.9841 -609.9931 0.7139999
1848.26    -489.8277 -609.9915 0.7139556
1848.27    -489.6714 -609.99 0.7139108
1848.28    -489.5151 -609.9884 0.7138654
1848.29    -489.3588 -609.9868 0.7138196
1848.3    -489.2025 -609.9854 0.7137733
1848.31    -489.0462 -609.9838 0.7137265
1848.32    -488.89 -609.9823 0.7136793
1848.33    -488.7338 -609.9808 0.7136317
1848.34    -488.5775 -609.9794 0.7135835
1848.35    -488.4214 -609.9779 0.7135348
1848.36    -488.2652 -609.9765 0.7134858
1848.37    -488.109 -609.975 0.7134362
1848.38    -487.9529 -609.9736 0.7133862
1848.39    -487.7967 -609.9723 0.7133357
1848.4    -487.6406 -609.9709 0.7132847
1848.41    -487.4845 -609.9696 0.7132332
1848.42    -487.3284 -609.9683 0.7131814
1848.43    -487.1724 -609.9669 0.7131289
1848.44    -487.0164 -609.9657 0.7130761
1848.45    -486.8603 -609.9644 0.7130228
1848.46    -486.7043 -609.9631 0.7129691
1848.47    -486.5483 -609.9619 0.7129149
1848.48    -486.3923 -609.9607 0.7128603
1848.49    -486.2367 -609.9595 0.7128053
1848.5    -486.0814 -609.9583 0.71275
1848.51    -485.9264 -609.9572 0.7126943
1848.52    -485.7717 -609.9561 0.7126382
1848.53    -485.6173 -609.955 0.7125819
1848.54    -485.4633 -609.9539 0.7125254
1848.55    -485.3096 -609.9528 0.7124686
1848.56    -485.1562 -609.9518 0.7124115
1848.57    -485.0031 -609.9508 0.7123542
1848.58    -484.8504 -609.9498 0.7122968
1848.59    -484.698 -609.9489 0.7122394
1848.6    -484.5459 -609.9479 0.712182
1848.61    -484.3941 -609.947 0.7121246
1848.62    -484.2426 -609.9461 0.7120673
1848.63    -484.0915 -609.9452 0.7120101
1848.64    -483.9406 -609.9444 0.7119532
1848.65    -483.7901 -609.9435 0.7118963
1848.66    -483.64 -609.9428 0.7118397
1848.67    -483.4901 -609.942 0.7117831
1848.68    -483.3405 -609.9412 0.7117268
1848.69    -483.1913 -609.9406 0.7116708
1848.7    -483.0424 -609.9398 0.7116151
1848.71    -482.8939 -609.9392 0.7115596
1848.72    -482.7456 -609.9385 0.7115042
1848.73    -482.5977 -609.9379 0.7114493
1848.74    -482.45 -609.9373 0.7113946
1848.75    -482.3027 -609.9367 0.7113402
1848.76    -482.1558 -609.9362 0.7112861
1848.77    -482.0091 -609.9357 0.7112323
1848.78    -481.8628 -609.9352 0.7111789
1848.79    -481.7167 -609.9347 0.711126
1848.8    -481.571 -609.9342 0.7110733
1848.81    -481.4257 -609.9338 0.7110211
1848.82    -481.2806 -609.9334 0.7109693
1848.83    -481.1359 -609.933 0.7109179
1848.84    -480.9915 -609.9327 0.7108671
1848.85    -480.8474 -609.9323 0.7108168
1848.86    -480.7036 -609.932 0.7107669
1848.87    -480.5601 -609.9317 0.7107174
1848.88    -480.417 -609.9314 0.7106686
1848.89    -480.2742 -609.9312 0.7106203
1848.9    -480.1317 -609.9309 0.7105726
1848.91    -479.9895 -609.9307 0.7105255
1848.92    -479.8477 -609.9305 0.7104788
1848.93    -479.7061 -609.9303 0.7104327
1848.94    -479.5649 -609.9301 0.7103872
1848.95    -479.424 -609.9301 0.7103423
1848.96    -479.2835 -609.9299 0.7102979
1848.97    -479.1432 -609.9298 0.710254
1848.98    -479.0033 -609.9298 0.7102107
1848.99    -478.8637 -609.9297 0.7101678
1849    -478.7244 -609.9297 0.7101256
1849.01    -478.5854 -609.9297 0.7100838
1849.02    -478.4467 -609.9297 0.7100425
1849.03    -478.3084 -609.9297 0.7100017
1849.04    -478.1704 -609.9297 0.7099614
1849.05    -478.0327 -609.9299 0.7099216
1849.06    -477.8954 -609.9299 0.7098822
1849.07    -477.7583 -609.93 0.7098433
1849.08    -477.6216 -609.9301 0.7098048
1849.09    -477.4852 -609.9303 0.7097667
1849.1    -477.3492 -609.9304 0.7097291
1849.11    -477.2134 -609.9306 0.7096918
1849.12    -477.0779 -609.9308 0.7096549
1849.13    -476.9428 -609.931 0.7096183
1849.14    -476.808 -609.9313 0.7095821
1849.15    -476.6736 -609.9315 0.7095461
1849.16    -476.5394 -609.9318 0.7095106
1849.17    -476.4056 -609.932 0.7094753
1849.18    -476.2721 -609.9324 0.7094403
1849.19    -476.1389 -609.9327 0.7094055
1849.2    -476.006 -609.933 0.7093711
1849.21    -475.8734 -609.9333 0.7093369
1849.22    -475.7412 -609.9337 0.709303
1849.23    -475.6093 -609.9341 0.7092693
1849.24    -475.4777 -609.9344 0.7092358
1849.25    -475.3465 -609.9348 0.7092025
1849.26    -475.2155 -609.9352 0.7091696
1849.27    -475.0849 -609.9357 0.7091367
1849.28    -474.9546 -609.9362 0.709104
1849.29    -474.8246 -609.9366 0.7090715
1849.3    -474.6949 -609.9371 0.7090393
1849.31    -474.5656 -609.9376 0.7090071
1849.32    -474.4365 -609.9381 0.7089751
1849.33    -474.3078 -609.9386 0.7089433
1849.34    -474.1794 -609.9391 0.7089117
1849.35    -474.0514 -609.9397 0.7088801
1849.36    -473.9236 -609.9403 0.7088488
1849.37    -473.7962 -609.9409 0.7088174
1849.38    -473.6691 -609.9414 0.7087863
1849.39    -473.5423 -609.942 0.7087553
1849.4    -473.4159 -609.9426 0.7087244
1849.41    -473.2897 -609.9433 0.7086935
1849.42    -473.1639 -609.9439 0.7086628
1849.43    -473.0384 -609.9445 0.7086322
1849.44    -472.9132 -609.9452 0.7086017
1849.45    -472.7884 -609.9459 0.7085713
1849.46    -472.6638 -609.9466 0.7085409
1849.47    -472.5396 -609.9473 0.7085106
1849.48    -472.4157 -609.9479 0.7084804
1849.49    -472.2921 -609.9486 0.7084503
1849.5    -472.1689 -609.9493 0.7084202
1849.51    -472.0459 -609.9501 0.7083902
1849.52    -471.9233 -609.9509 0.7083602
1849.53    -471.801 -609.9516 0.7083303
1849.54    -471.679 -609.9523 0.7083005
1849.55    -471.5573 -609.9531 0.7082707
1849.56    -471.436 -609.9538 0.708241
1849.57    -471.315 -609.9546 0.7082113
1849.58    -471.1943 -609.9554 0.7081817
1849.59    -471.0739 -609.9562 0.7081521
1849.6    -470.9539 -609.957 0.7081226
1849.61    -470.8341 -609.9578 0.708093
1849.62    -470.7147 -609.9586 0.7080636
1849.63    -470.5956 -609.9594 0.7080342
1849.64    -470.4768 -609.9602 0.7080048
1849.65    -470.3585 -609.961 0.7079754
1849.66    -470.2407 -609.9625 0.7079461
1849.67    -470.123 -609.9638 0.7079168
1849.68    -470.0052 -609.9655 0.7078875
1849.69    -469.8875 -609.9675 0.7078583
1849.7    -469.7697 -609.9696 0.7078291
1849.71    -469.652 -609.9717 0.7077999
1849.72    -469.5342 -609.9738 0.7077706
1849.73    -469.4165 -609.976 0.7077414
1849.74    -469.2988 -609.978 0.7077122
1849.75    -469.1811 -609.98 0.707683
1849.76    -469.0634 -609.9819 0.7076537
1849.77    -468.9457 -609.9839 0.7076244
1849.78    -468.828 -609.9857 0.7075949
1849.79    -468.7104 -609.9875 0.7075653
1849.8    -468.5928 -609.9893 0.7075356
1849.81    -468.4752 -609.991 0.7075056
1849.82    -468.3575 -609.9926 0.7074756
1849.83    -468.24 -609.9942 0.707445
1849.84    -468.1224 -609.9958 0.707414
1849.85    -468.0049 -609.9973 0.7073827
1849.86    -467.8873 -609.9987 0.7073508
1849.87    -467.7698 -610.0002 0.7073186
1849.88    -467.6523 -610.0015 0.7072856
1849.89    -467.5348 -610.0029 0.7072519
1849.9    -467.4173 -610.0042 0.7072176
1849.91    -467.3 -610.0062 0.7071825
1849.92    -467.1825 -610.0085 0.7071469
1849.93    -467.0653 -610.0109 0.7071105
1849.94    -466.9478 -610.0134 0.7070733
1849.95    -466.8305 -610.0159 0.7070354
1849.96    -466.713 -610.0184 0.7069968
1849.97    -466.5957 -610.0208 0.7069576
1849.98    -466.4782 -610.023 0.7069177
1849.99    -466.3608 -610.0251 0.7068773
1850    -466.2433 -610.0272 0.7068362
1850.01    -466.1257 -610.0291 0.7067946
1850.02    -466.0081 -610.0309 0.7067525
1850.03    -465.8906 -610.0326 0.7067099
1850.04    -465.7729 -610.0342 0.7066668
1850.05    -465.6553 -610.0356 0.7066232
1850.06    -465.5376 -610.037 0.7065791
1850.07    -465.4198 -610.0383 0.7065346
1850.08    -465.302 -610.0394 0.7064896
1850.09    -465.1842 -610.0405 0.7064441
1850.1    -465.0663 -610.0415 0.7063981
1850.11    -464.9484 -610.0424 0.7063518
1850.12    -464.8305 -610.0432 0.706305
1850.13    -464.7125 -610.0439 0.7062578
1850.14    -464.5945 -610.0446 0.70621
1850.15    -464.4764 -610.0451 0.706162
1850.16    -464.3583 -610.0456 0.7061135
1850.17    -464.2401 -610.046 0.7060645
1850.18    -464.1219 -610.0463 0.7060153
1850.19    -464.0037 -610.0466 0.7059657
1850.2    -463.8854 -610.0468 0.7059157
1850.21    -463.7671 -610.0469 0.7058655
1850.22    -463.6487 -610.0469 0.7058148
1850.23    -463.5302 -610.0469 0.705764
1850.24    -463.4118 -610.0469 0.7057128
1850.25    -463.2932 -610.0467 0.7056612
1850.26    -463.1747 -610.0464 0.7056095
1850.27    -463.056 -610.0461 0.7055575
1850.28    -462.9373 -610.0458 0.7055053
1850.29    -462.8186 -610.0453 0.705453
1850.3    -462.6999 -610.0449 0.7054007
1850.31    -462.581 -610.0443 0.7053482
1850.32    -462.4621 -610.0436 0.7052955
1850.33    -462.3432 -610.043 0.7052431
1850.34    -462.2242 -610.0422 0.7051907
1850.35    -462.1052 -610.0414 0.7051386
1850.36    -461.9861 -610.0406 0.7050866
1850.37    -461.8669 -610.0397 0.7050346
1850.38    -461.7477 -610.0387 0.7049832
1850.39    -461.6284 -610.0377 0.7049322
1850.4    -461.509 -610.0366 0.7048815
1850.41    -461.3896 -610.0354 0.7048313
1850.42    -461.2702 -610.0342 0.7047815
1850.43    -461.1507 -610.0328 0.7047322
1850.44    -461.0311 -610.0315 0.7046834
1850.45    -460.9114 -610.0301 0.7046349
1850.46    -460.7917 -610.0286 0.704587
1850.47    -460.6719 -610.0271 0.7045394
1850.48    -460.5521 -610.0255 0.7044924
1850.49    -460.4323 -610.0239 0.7044458
1850.5    -460.3123 -610.0222 0.7043998
1850.51    -460.1923 -610.0205 0.7043542
1850.52    -460.0722 -610.0187 0.704309
1850.53    -459.9521 -610.0168 0.7042645
1850.54    -459.8318 -610.015 0.7042208
1850.55    -459.7116 -610.013 0.7041776
1850.56    -459.5912 -610.011 0.7041351
1850.57    -459.4708 -610.0089 0.7040933
1850.58    -459.3503 -610.0068 0.704052
1850.59    -459.2298 -610.0046 0.7040119
1850.6    -459.1093 -610.0023 0.7039729
1850.61    -458.9886 -610 0.7039349
1850.62    -458.8679 -609.9976 0.703898
1850.63    -458.7471 -609.9951 0.7038625
1850.64    -458.6263 -609.9926 0.7038284
1850.65    -458.5054 -609.9901 0.7037957
1850.66    -458.3844 -609.9874 0.7037641
1850.67    -458.2634 -609.9847 0.7037339
1850.68    -458.1423 -609.982 0.7037053
1850.69    -458.0211 -609.9792 0.7036783
1850.7    -457.8999 -609.9764 0.7036529
1850.71    -457.7786 -609.9735 0.7036291
1850.72    -457.6572 -609.9706 0.7036066
1850.73    -457.5358 -609.9675 0.7035857
1850.74    -457.4144 -609.9645 0.7035663
1850.75    -457.2928 -609.9614 0.7035483
1850.76    -457.1712 -609.9582 0.7035316
1850.77    -457.0495 -609.955 0.7035164
1850.78    -456.9278 -609.9517 0.7035023
1850.79    -456.806 -609.9483 0.7034895
1850.8    -456.6841 -609.9449 0.7034779
1850.81    -456.5622 -609.9415 0.7034674
1850.82    -456.4402 -609.938 0.7034579
1850.83    -456.3182 -609.9345 0.7034495
1850.84    -456.1961 -609.9309 0.7034421
1850.85    -456.0739 -609.9272 0.7034356
1850.86    -455.9517 -609.9235 0.7034301
1850.87    -455.8294 -609.9198 0.7034253
1850.88    -455.707 -609.916 0.7034215
1850.89    -455.5846 -609.9122 0.7034184
1850.9    -455.4621 -609.9083 0.7034162
1850.91    -455.3396 -609.9043 0.7034147
1850.92    -455.2169 -609.9003 0.703414
1850.93    -455.0943 -609.8962 0.7034138
1850.94    -454.9716 -609.8922 0.7034144
1850.95    -454.8488 -609.888 0.7034156
1850.96    -454.7259 -609.8838 0.7034174
1850.97    -454.603 -609.8795 0.7034198
1850.98    -454.48 -609.8752 0.7034227
1850.99    -454.357 -609.8708 0.7034262
1851    -454.2339 -609.8664 0.7034303
1851.01    -454.1107 -609.862 0.7034348
1851.02    -453.9874 -609.8575 0.7034398
1851.03    -453.8641 -609.8529 0.7034453
1851.04    -453.7408 -609.8483 0.7034512
1851.05    -453.6173 -609.8436 0.7034575
1851.06    -453.4939 -609.8389 0.7034642
1851.07    -453.3703 -609.8342 0.7034714
1851.08    -453.2467 -609.8294 0.7034788
1851.09    -453.123 -609.8246 0.7034867
1851.1    -452.9993 -609.8197 0.7034949
1851.11    -452.8755 -609.8148 0.7035034
