682.75    -662.8781 -614.7657 0.7197271
682.76    -662.7576 -614.7612 0.7197533
682.77    -662.637 -614.7567 0.719776
682.78    -662.5164 -614.7523 0.7197956
682.79    -662.3958 -614.7479 0.7198122
682.8    -662.275 -614.7434 0.7198259
682.81    -662.1541 -614.739 0.7198368
682.82    -662.0333 -614.7345 0.7198434
682.83    -661.9124 -614.7301 0.7198458
682.84    -661.7913 -614.7256 0.7198443
682.85    -661.6702 -614.7213 0.7198393
682.86    -661.5491 -614.7169 0.7198295
682.87    -661.428 -614.7125 0.7198155
682.88    -661.3067 -614.7081 0.7197973
682.89    -661.1854 -614.7037 0.7197754
682.9    -661.064 -614.6993 0.7197497
682.91    -660.9426 -614.6951 0.7197197
682.92    -660.821 -614.6907 0.7196857
682.93    -660.6995 -614.6864 0.7196478
682.94    -660.5778 -614.6821 0.7196063
682.95    -660.4561 -614.6777 0.7195613
682.96    -660.3344 -614.6735 0.719513
682.97    -660.2125 -614.6691 0.7194616
682.98    -660.0906 -614.6648 0.7194071
682.99    -659.9687 -614.6605 0.7193498
683    -659.8467 -614.6563 0.7192898
683.01    -659.7246 -614.652 0.7192273
683.02    -659.6025 -614.6478 0.7191623
683.03    -659.4803 -614.6435 0.719095
683.04    -659.358 -614.6392 0.7190256
683.05    -659.2357 -614.6349 0.718954
683.06    -659.1133 -614.6307 0.7188805
683.07    -658.9909 -614.6265 0.7188051
683.08    -658.8684 -614.6223 0.718728
683.09    -658.7458 -614.6181 0.7186491
683.1    -658.6232 -614.6139 0.7185687
683.11    -658.5005 -614.6097 0.7184868
683.12    -658.3778 -614.6055 0.7184034
683.13    -658.255 -614.6013 0.7183187
683.14    -658.1321 -614.5971 0.7182326
683.15    -658.0092 -614.593 0.7181453
683.16    -657.8862 -614.5888 0.7180569
683.17    -657.7632 -614.5847 0.7179673
683.18    -657.6401 -614.5805 0.7178767
683.19    -657.5169 -614.5764 0.7177851
683.2    -657.3937 -614.5723 0.7176926
683.21    -657.2703 -614.5681 0.7175991
683.22    -657.147 -614.564 0.7175048
683.23    -657.0236 -614.5598 0.7174097
683.24    -656.9001 -614.5557 0.7173137
683.25    -656.7765 -614.5516 0.7172171
683.26    -656.6529 -614.5475 0.7171198
683.27    -656.5292 -614.5435 0.7170218
683.28    -656.4055 -614.5394 0.7169232
683.29    -656.2817 -614.5353 0.716824
683.3    -656.1578 -614.5313 0.7167242
683.31    -656.0339 -614.5272 0.7166238
683.32    -655.9099 -614.5231 0.716523
683.33    -655.7858 -614.519 0.7164217
683.34    -655.6617 -614.515 0.7163199
683.35    -655.5375 -614.511 0.7162176
683.36    -655.4133 -614.507 0.7161152
683.37    -655.2891 -614.5029 0.7160125
683.38    -655.1647 -614.4989 0.7159096
683.39    -655.0403 -614.4949 0.7158065
683.4    -654.9158 -614.4908 0.7157032
683.41    -654.7913 -614.4868 0.7155998
683.42    -654.6667 -614.4828 0.7154968
683.43    -654.5421 -614.4788 0.7153945
683.44    -654.4174 -614.4748 0.7152926
683.45    -654.2925 -614.4708 0.7151912
683.46    -654.1677 -614.4667 0.7150912
683.47    -654.0428 -614.4627 0.7149923
683.48    -653.9179 -614.4587 0.7148947
683.49    -653.7929 -614.4547 0.7147982
683.5    -653.6678 -614.4506 0.7147025
683.51    -653.5427 -614.4466 0.7146094
683.52    -653.4175 -614.4426 0.7145186
683.53    -653.2922 -614.4385 0.7144297
683.54    -653.1669 -614.4345 0.714343
683.55    -653.0414 -614.4305 0.7142581
683.56    -652.916 -614.4265 0.714177
683.57    -652.7905 -614.4225 0.7140992
683.58    -652.6649 -614.4186 0.7140248
683.59    -652.5392 -614.4146 0.7139535
683.6    -652.4135 -614.4106 0.7138851
683.61    -652.2877 -614.4067 0.7138209
683.62    -652.1618 -614.4027 0.7137608
683.63    -652.0359 -614.3987 0.7137045
683.64    -651.9099 -614.3948 0.7136518
683.65    -651.7838 -614.3907 0.7136024
683.66    -651.6576 -614.3867 0.7135574
683.67    -651.5314 -614.3827 0.7135167
683.68    -651.4051 -614.3787 0.7134798
683.69    -651.2787 -614.3746 0.7134467
683.7    -651.1522 -614.3706 0.7134171
683.71    -651.0257 -614.3666 0.7133918
683.72    -650.8991 -614.3625 0.7133707
683.73    -650.7725 -614.3585 0.7133536
683.74    -650.6458 -614.3545 0.7133402
683.75    -650.5189 -614.3505 0.7133302
683.76    -650.3921 -614.3464 0.7133241
683.77    -650.2651 -614.3423 0.7133214
683.78    -650.1381 -614.3383 0.7133221
683.79    -650.011 -614.3343 0.713326
683.8    -649.8839 -614.3303 0.7133329
683.81    -649.7566 -614.3262 0.7133427
683.82    -649.6293 -614.3222 0.7133551
683.83    -649.5019 -614.3182 0.7133702
683.84    -649.3745 -614.3141 0.7133876
683.85    -649.2469 -614.3101 0.7134075
683.86    -649.1193 -614.3061 0.7134295
683.87    -648.9916 -614.3021 0.7134535
683.88    -648.8639 -614.298 0.7134796
683.89    -648.7361 -614.294 0.7135075
683.9    -648.6082 -614.2899 0.7135372
683.91    -648.4802 -614.2858 0.7135685
683.92    -648.3522 -614.2817 0.7136015
683.93    -648.2241 -614.2776 0.7136359
683.94    -648.0959 -614.2735 0.7136718
683.95    -647.9676 -614.2694 0.7137091
683.96    -647.8392 -614.2653 0.7137476
683.97    -647.7108 -614.2612 0.7137874
683.98    -647.5823 -614.2571 0.7138283
683.99    -647.4537 -614.2531 0.7138703
684    -647.3251 -614.249 0.7139134
684.01    -647.1964 -614.2449 0.7139574
684.02    -647.0676 -614.2408 0.7140024
684.03    -646.9387 -614.2366 0.7140484
684.04    -646.8097 -614.2324 0.7140951
684.05    -646.6807 -614.2283 0.7141427
684.06    -646.5516 -614.2241 0.714191
684.07    -646.4224 -614.22 0.7142401
684.08    -646.2931 -614.2158 0.7142898
684.09    -646.1638 -614.2117 0.7143402
684.1    -646.0343 -614.2075 0.7143912
684.11    -645.9048 -614.2034 0.7144429
684.12    -645.7752 -614.1992 0.7144951
684.13    -645.6456 -614.1951 0.7145478
684.14    -645.5158 -614.1909 0.714601
684.15    -645.386 -614.1868 0.7146548
684.16    -645.2561 -614.1826 0.714709
684.17    -645.1262 -614.1783 0.7147636
684.18    -644.9961 -614.1741 0.7148186
684.19    -644.866 -614.1699 0.714874
684.2    -644.7357 -614.1656 0.7149298
684.21    -644.6054 -614.1614 0.7149859
684.22    -644.475 -614.1572 0.7150424
684.23    -644.3446 -614.153 0.7150992
684.24    -644.2141 -614.1488 0.7151563
684.25    -644.0835 -614.1446 0.7152137
684.26    -643.9528 -614.1404 0.7152713
684.27    -643.8221 -614.1362 0.7153292
684.28    -643.6913 -614.132 0.7153874
684.29    -643.5604 -614.1277 0.7154458
684.3    -643.4294 -614.1235 0.7155044
684.31    -643.2983 -614.1193 0.7155632
684.32    -643.1672 -614.1151 0.7156222
684.33    -643.0359 -614.1109 0.7156814
684.34    -642.9047 -614.1067 0.7157409
684.35    -642.7733 -614.1025 0.7158004
684.36    -642.6418 -614.0982 0.7158601
684.37    -642.5103 -614.0939 0.71592
684.38    -642.3787 -614.0897 0.7159801
684.39    -642.2471 -614.0854 0.7160403
684.4    -642.1154 -614.0812 0.7161006
684.41    -641.9836 -614.0769 0.716161
684.42    -641.8517 -614.0726 0.7162215
684.43    -641.7198 -614.0684 0.7162822
684.44    -641.5878 -614.0641 0.716343
684.45    -641.4557 -614.0598 0.7164038
684.46    -641.3235 -614.0555 0.7164648
684.47    -641.1913 -614.0513 0.7165259
684.48    -641.0591 -614.047 0.716587
684.49    -640.9267 -614.0427 0.7166483
684.5    -640.7943 -614.0385 0.7167096
684.51    -640.6617 -614.0342 0.716771
684.52    -640.5292 -614.0299 0.7168325
684.53    -640.3965 -614.0256 0.716894
684.54    -640.2639 -614.0214 0.7169557
684.55    -640.1311 -614.0171 0.7170173
684.56    -639.9983 -614.0128 0.717079
684.57    -639.8654 -614.0085 0.7171408
684.58    -639.7325 -614.0043 0.7172027
684.59    -639.5994 -614.0001 0.7172646
684.6    -639.4663 -613.9958 0.7173265
684.61    -639.3332 -613.9915 0.7173883
684.62    -639.2 -613.9872 0.7174498
684.63    -639.0667 -613.983 0.7175112
684.64    -638.9333 -613.9787 0.7175726
684.65    -638.7999 -613.9744 0.7176337
684.66    -638.6665 -613.9702 0.717694
684.67    -638.533 -613.9659 0.7177535
684.68    -638.3994 -613.9616 0.7178124
684.69    -638.2657 -613.9573 0.7178704
684.7    -638.132 -613.9531 0.7179278
684.71    -637.9983 -613.9488 0.7179837
684.72    -637.8645 -613.9445 0.718038
684.73    -637.7307 -613.9403 0.718091
684.74    -637.5967 -613.936 0.7181425
684.75    -637.4628 -613.9318 0.7181927
684.76    -637.3288 -613.9275 0.7182403
684.77    -637.1948 -613.9232 0.7182854
684.78    -637.0607 -613.9189 0.7183281
684.79    -636.9265 -613.9147 0.7183686
684.8    -636.7923 -613.9104 0.718407
684.81    -636.6581 -613.9061 0.7184412
684.82    -636.5238 -613.9019 0.7184716
684.83    -636.3895 -613.8976 0.7184984
684.84    -636.2551 -613.8933 0.7185217
684.85    -636.1206 -613.889 0.7185417
684.86    -635.9861 -613.8848 0.7185571
684.87    -635.8516 -613.8806 0.7185681
684.88    -635.717 -613.8763 0.7185749
684.89    -635.5824 -613.872 0.7185779
684.9    -635.4477 -613.8678 0.7185771
684.91    -635.313 -613.8636 0.7185727
684.92    -635.1782 -613.8594 0.7185643
684.93    -635.0434 -613.8552 0.7185522
684.94    -634.9085 -613.851 0.7185364
684.95    -634.7736 -613.8467 0.7185172
684.96    -634.6387 -613.8425 0.7184947
684.97    -634.5037 -613.8383 0.7184691
684.98    -634.3687 -613.8342 0.7184407
684.99    -634.2336 -613.83 0.7184093
685    -634.0984 -613.8257 0.7183753
685.01    -633.9633 -613.8215 0.7183387
685.02    -633.8281 -613.8173 0.7182998
685.03    -633.6928 -613.8131 0.7182586
685.04    -633.5575 -613.8089 0.7182152
685.05    -633.4221 -613.8047 0.7181698
685.06    -633.2867 -613.8005 0.7181224
685.07    -633.1514 -613.7963 0.7180731
685.08    -633.0159 -613.7921 0.7180222
685.09    -632.8804 -613.7878 0.7179695
685.1    -632.7449 -613.7838 0.7179152
685.11    -632.6094 -613.7796 0.7178594
685.12    -632.4739 -613.7755 0.7178021
685.13    -632.3383 -613.7713 0.7177435
685.14    -632.2027 -613.7672 0.7176836
685.15    -632.0671 -613.763 0.7176223
685.16    -631.9315 -613.7589 0.7175601
685.17    -631.7958 -613.7547 0.7174966
685.18    -631.6601 -613.7506 0.717432
685.19    -631.5244 -613.7465 0.7173665
685.2    -631.3885 -613.7424 0.7173
685.21    -631.2527 -613.7383 0.7172325
685.22    -631.1169 -613.7343 0.7171642
685.23    -630.9811 -613.7302 0.7170951
685.24    -630.8452 -613.7261 0.7170252
685.25    -630.7093 -613.722 0.7169545
685.26    -630.5734 -613.718 0.7168831
685.27    -630.4374 -613.7139 0.7168111
685.28    -630.3015 -613.7099 0.7167383
685.29    -630.1655 -613.7059 0.7166651
685.3    -630.0294 -613.7019 0.7165911
685.31    -629.8934 -613.6979 0.7165167
685.32    -629.7573 -613.6938 0.7164416
685.33    -629.6212 -613.6899 0.7163662
685.34    -629.4851 -613.6859 0.7162901
685.35    -629.3489 -613.6819 0.7162137
685.36    -629.2127 -613.678 0.7161368
685.37    -629.0765 -613.6741 0.7160595
685.38    -628.9403 -613.6701 0.7159818
685.39    -628.804 -613.6661 0.7159038
685.4    -628.6677 -613.6622 0.7158253
685.41    -628.5314 -613.6583 0.7157466
685.42    -628.3951 -613.6545 0.7156675
685.43    -628.2587 -613.6506 0.7155882
685.44    -628.1223 -613.6467 0.7155085
685.45    -627.9859 -613.6428 0.7154285
685.46    -627.8494 -613.639 0.7153483
685.47    -627.713 -613.6351 0.7152678
685.48    -627.5765 -613.6313 0.7151871
685.49    -627.4399 -613.6275 0.7151061
685.5    -627.3034 -613.6237 0.7150249
685.51    -627.1669 -613.6199 0.7149436
685.52    -627.0303 -613.6161 0.714862
685.53    -626.8937 -613.6124 0.7147802
685.54    -626.757 -613.6086 0.7146983
685.55    -626.6204 -613.6048 0.7146161
685.56    -626.4837 -613.601 0.7145338
685.57    -626.347 -613.5974 0.7144513
685.58    -626.2103 -613.5936 0.7143687
685.59    -626.0735 -613.5899 0.7142859
685.6    -625.9366 -613.5862 0.714203
685.61    -625.7998 -613.5825 0.7141199
685.62    -625.663 -613.5788 0.7140368
685.63    -625.5261 -613.5751 0.7139534
685.64    -625.3892 -613.5714 0.71387
685.65    -625.2522 -613.5677 0.7137865
685.66    -625.1152 -613.5641 0.7137029
685.67    -624.9783 -613.5605 0.7136192
685.68    -624.8412 -613.5568 0.7135354
685.69    -624.7042 -613.5532 0.7134517
685.7    -624.5671 -613.5495 0.7133678
685.71    -624.4301 -613.5458 0.713284
685.72    -624.293 -613.5422 0.7132003
685.73    -624.1558 -613.5386 0.7131165
685.74    -624.0187 -613.535 0.7130329
685.75    -623.8815 -613.5314 0.7129492
685.76    -623.7443 -613.5278 0.7128658
685.77    -623.6071 -613.5242 0.7127827
685.78    -623.4698 -613.5206 0.7126998
685.79    -623.3325 -613.517 0.7126172
685.8    -623.1952 -613.5134 0.7125346
685.81    -623.0579 -613.5098 0.7124524
685.82    -622.9205 -613.5062 0.7123705
685.83    -622.7831 -613.5027 0.7122887
685.84    -622.6458 -613.4991 0.7122071
685.85    -622.5083 -613.4956 0.7121258
685.86    -622.3708 -613.4921 0.7120446
685.87    -622.2333 -613.4885 0.7119636
685.88    -622.0958 -613.485 0.7118828
685.89    -621.9583 -613.4814 0.7118021
685.9    -621.8207 -613.4779 0.7117216
685.91    -621.683 -613.4744 0.7116412
685.92    -621.5454 -613.4708 0.711561
685.93    -621.4078 -613.4673 0.7114809
685.94    -621.2701 -613.4637 0.7114009
685.95    -621.1324 -613.4602 0.7113209
685.96    -620.9946 -613.4567 0.7112412
685.97    -620.8569 -613.4532 0.7111614
685.98    -620.7191 -613.4497 0.7110819
685.99    -620.5813 -613.4462 0.7110023
686    -620.4435 -613.4427 0.7109228
686.01    -620.3057 -613.4393 0.7108435
686.02    -620.1678 -613.4358 0.7107642
686.03    -620.0299 -613.4323 0.710685
686.04    -619.892 -613.4288 0.7106057
686.05    -619.754 -613.4254 0.7105266
686.06    -619.6161 -613.4219 0.7104476
686.07    -619.4781 -613.4184 0.7103688
686.08    -619.3401 -613.4149 0.71029
686.09    -619.202 -613.4114 0.7102113
686.1    -619.064 -613.408 0.7101327
686.11    -618.9259 -613.4045 0.7100548
686.12    -618.7878 -613.401 0.7099773
686.13    -618.6497 -613.3975 0.7099005
686.14    -618.5115 -613.394 0.7098241
686.15    -618.3733 -613.3906 0.7097483
686.16    -618.2351 -613.387 0.7096742
686.17    -618.0969 -613.3835 0.7096016
686.18    -617.9586 -613.3801 0.7095306
686.19    -617.8203 -613.3766 0.709461
686.2    -617.682 -613.373 0.7093928
686.21    -617.5437 -613.3695 0.7093276
686.22    -617.4053 -613.366 0.7092651
686.23    -617.267 -613.3624 0.7092052
686.24    -617.1285 -613.3589 0.7091478
686.25    -616.9901 -613.3553 0.7090928
686.26    -616.8516 -613.3517 0.70904
686.27    -616.7131 -613.3482 0.708991
686.28    -616.5745 -613.3447 0.7089453
686.29    -616.436 -613.3411 0.7089031
686.3    -616.2974 -613.3376 0.7088641
686.31    -616.1588 -613.334 0.7088286
686.32    -616.0201 -613.3304 0.7087964
686.33    -615.8815 -613.3268 0.7087677
686.34    -615.7427 -613.3232 0.708742
686.35    -615.604 -613.3196 0.7087192
686.36    -615.4652 -613.316 0.7086992
686.37    -615.3264 -613.3123 0.7086819
686.38    -615.1876 -613.3087 0.7086675
686.39    -615.0488 -613.3051 0.7086555
686.4    -614.9099 -613.3015 0.7086459
686.41    -614.7709 -613.2978 0.7086387
686.42    -614.632 -613.2941 0.7086336
686.43    -614.493 -613.2904 0.7086306
686.44    -614.354 -613.2867 0.7086295
686.45    -614.215 -613.2831 0.7086304
686.46    -614.0759 -613.2794 0.708633
686.47    -613.9368 -613.2757 0.7086372
686.48    -613.7976 -613.272 0.7086431
686.49    -613.6584 -613.2682 0.7086505
686.5    -613.5192 -613.2645 0.7086594
686.51    -613.38 -613.2607 0.7086695
686.52    -613.2407 -613.257 0.708681
686.53    -613.1014 -613.2533 0.7086937
686.54    -612.9621 -613.2496 0.7087076
686.55    -612.8227 -613.2458 0.7087226
686.56    -612.6833 -613.2421 0.7087387
686.57    -612.5439 -613.2384 0.7087557
686.58    -612.4044 -613.2346 0.7087737
686.59    -612.2649 -613.2309 0.7087926
686.6    -612.1253 -613.2271 0.7088124
686.61    -611.9857 -613.2233 0.7088329
686.62    -611.8461 -613.2195 0.708854
686.63    -611.7064 -613.2158 0.7088757
686.64    -611.5667 -613.212 0.7088979
686.65    -611.4269 -613.2082 0.7089208
686.66    -611.2872 -613.2044 0.7089437
686.67    -611.1473 -613.2006 0.7089667
686.68    -611.0074 -613.1968 0.7089899
686.69    -610.8676 -613.1931 0.7090131
686.7    -610.7276 -613.1893 0.7090364
686.71    -610.5876 -613.1855 0.7090588
686.72    -610.4476 -613.1817 0.7090805
686.73    -610.3076 -613.1779 0.7091014
686.74    -610.1674 -613.1741 0.7091216
686.75    -610.0273 -613.1702 0.7091411
686.76    -609.8871 -613.1664 0.709159
686.77    -609.7469 -613.1625 0.7091751
686.78    -609.6066 -613.1587 0.7091897
686.79    -609.4663 -613.1548 0.7092029
686.8    -609.3259 -613.151 0.7092146
686.81    -609.1855 -613.1472 0.7092239
686.82    -609.0452 -613.1433 0.7092307
686.83    -608.9047 -613.1395 0.7092353
686.84    -608.7642 -613.1356 0.7092378
686.85    -608.6237 -613.1317 0.7092382
686.86    -608.4831 -613.1277 0.7092368
686.87    -608.3425 -613.1238 0.7092327
686.88    -608.2018 -613.1199 0.7092261
686.89    -608.0612 -613.116 0.7092171
686.9    -607.9204 -613.1121 0.709206
686.91    -607.7797 -613.1082 0.7091927
686.92    -607.6389 -613.1043 0.7091773
686.93    -607.498 -613.1003 0.70916
686.94    -607.3571 -613.0964 0.7091407
686.95    -607.2162 -613.0923 0.7091196
686.96    -607.0752 -613.0884 0.7090969
686.97    -606.9342 -613.0844 0.7090726
686.98    -606.7932 -613.0804 0.7090468
686.99    -606.6521 -613.0765 0.7090196
687    -606.511 -613.0725 0.7089909
687.01    -606.3699 -613.0685 0.7089609
687.02    -606.2288 -613.0646 0.7089296
687.03    -606.0875 -613.0605 0.7088972
687.04    -605.9463 -613.0565 0.7088637
687.05    -605.805 -613.0524 0.708829
687.06    -605.6636 -613.0484 0.7087934
687.07    -605.5223 -613.0444 0.7087567
687.08    -605.3809 -613.0403 0.7087193
687.09    -605.2395 -613.0363 0.7086808
687.1    -605.098 -613.0323 0.7086415
687.11    -604.9565 -613.0283 0.7086015
687.12    -604.815 -613.0242 0.7085606
687.13    -604.6735 -613.02 0.7085191
687.14    -604.5319 -613.0159 0.7084769
687.15    -604.3902 -613.0118 0.7084341
687.16    -604.2485 -613.0078 0.7083906
687.17    -604.1068 -613.0037 0.7083465
687.18    -603.9651 -612.9996 0.7083018
687.19    -603.8233 -612.9955 0.7082567
687.2    -603.6815 -612.9913 0.708211
687.21    -603.5396 -612.9871 0.7081648
687.22    -603.3978 -612.983 0.7081182
687.23    -603.2559 -612.9788 0.7080711
687.24    -603.1139 -612.9747 0.7080237
687.25    -602.9719 -612.9705 0.7079758
687.26    -602.8299 -612.9663 0.7079275
687.27    -602.6879 -612.9621 0.7078789
687.28    -602.5458 -612.9579 0.70783
687.29    -602.4036 -612.9537 0.7077807
687.3    -602.2615 -612.9495 0.707731
687.31    -602.1193 -612.9453 0.7076812
687.32    -601.9771 -612.941 0.7076311
687.33    -601.8348 -612.9368 0.7075806
687.34    -601.6925 -612.9325 0.7075301
687.35    -601.5502 -612.9282 0.7074791
687.36    -601.4078 -612.924 0.707428
687.37    -601.2654 -612.9197 0.7073767
687.38    -601.123 -612.9153 0.7073252
687.39    -600.9805 -612.9111 0.7072734
687.4    -600.838 -612.9067 0.7072214
687.41    -600.6955 -612.9024 0.7071693
687.42    -600.5529 -612.8981 0.7071171
687.43    -600.4103 -612.8937 0.7070647
687.44    -600.2677 -612.8893 0.7070121
687.45    -600.125 -612.885 0.7069593
687.46    -599.9823 -612.8806 0.7069065
687.47    -599.8395 -612.8762 0.7068534
687.48    -599.6968 -612.8718 0.7068003
687.49    -599.554 -612.8674 0.7067471
687.5    -599.4111 -612.8629 0.7066936
687.51    -599.2682 -612.8585 0.7066402
687.52    -599.1253 -612.854 0.7065866
687.53    -598.9824 -612.8495 0.7065329
687.54    -598.8394 -612.845 0.7064791
687.55    -598.6964 -612.8405 0.7064252
687.56    -598.5533 -612.836 0.7063712
687.57    -598.4103 -612.8314 0.7063172
687.58    -598.2672 -612.8269 0.7062632
687.59    -598.124 -612.8224 0.706209
687.6    -597.9808 -612.8178 0.7061548
687.61    -597.8376 -612.8132 0.7061006
687.62    -597.6944 -612.8086 0.7060464
687.63    -597.5511 -612.804 0.705992
687.64    -597.4078 -612.7994 0.7059377
687.65    -597.2644 -612.7947 0.7058833
687.66    -597.121 -612.79 0.7058289
687.67    -596.9776 -612.7854 0.7057745
687.68    -596.8342 -612.7808 0.7057201
687.69    -596.6907 -612.776 0.7056656
687.7    -596.5471 -612.7713 0.7056111
687.71    -596.4036 -612.7666 0.7055566
687.72    -596.26 -612.7619 0.705502
687.73    -596.1164 -612.7572 0.7054474
687.74    -595.9727 -612.7524 0.7053927
687.75    -595.829 -612.7477 0.7053381
687.76    -595.6853 -612.7429 0.7052834
687.77    -595.5416 -612.7382 0.7052286
687.78    -595.3978 -612.7334 0.7051739
687.79    -595.254 -612.7286 0.7051191
687.8    -595.1101 -612.7238 0.7050642
687.81    -594.9662 -612.719 0.7050095
687.82    -594.8224 -612.7142 0.7049546
687.83    -594.6785 -612.7094 0.7048997
687.84    -594.5345 -612.7045 0.7048448
687.85    -594.3905 -612.6997 0.7047899
687.86    -594.2465 -612.6949 0.7047349
687.87    -594.1024 -612.69 0.7046799
687.88    -593.9584 -612.6851 0.704625
687.89    -593.8143 -612.6802 0.7045699
687.9    -593.6701 -612.6754 0.7045149
687.91    -593.5259 -612.6705 0.7044598
687.92    -593.3818 -612.6656 0.7044048
687.93    -593.2375 -612.6607 0.7043497
687.94    -593.0933 -612.6558 0.7042946
687.95    -592.949 -612.6509 0.7042395
687.96    -592.8047 -612.6459 0.7041844
687.97    -592.6603 -612.641 0.7041293
687.98    -592.516 -612.636 0.7040741
687.99    -592.3716 -612.6311 0.704019
688    -592.2272 -612.6262 0.7039638
688.01    -592.0827 -612.6212 0.7039087
688.02    -591.9382 -612.6163 0.7038535
688.03    -591.7937 -612.6113 0.7037984
688.04    -591.6492 -612.6063 0.7037431
688.05    -591.5046 -612.6013 0.7036879
688.06    -591.36 -612.5963 0.7036329
688.07    -591.2154 -612.5913 0.703578
688.08    -591.0707 -612.5863 0.7035233
688.09    -590.926 -612.5812 0.7034688
688.1    -590.7813 -612.5762 0.7034144
688.11    -590.6365 -612.5712 0.70336
688.12    -590.4918 -612.5662 0.7033067
688.13    -590.347 -612.5612 0.7032543
688.14    -590.2021 -612.5562 0.7032028
688.15    -590.0573 -612.5511 0.703152
688.16    -589.9124 -612.546 0.7031029
688.17    -589.7675 -612.541 0.7030553
688.18    -589.6225 -612.5359 0.7030093
688.19    -589.4775 -612.5309 0.7029646
688.2    -589.3325 -612.5258 0.7029213
688.21    -589.1874 -612.5208 0.7028799
688.22    -589.0424 -612.5157 0.7028404
688.23    -588.8973 -612.5106 0.7028027
688.24    -588.7521 -612.5056 0.7027667
688.25    -588.6069 -612.5005 0.7027323
688.26    -588.4617 -612.4954 0.7026999
688.27    -588.3165 -612.4904 0.7026693
688.28    -588.1713 -612.4853 0.7026405
688.29    -588.0259 -612.4802 0.7026134
688.3    -587.8806 -612.4752 0.702588
688.31    -587.7352 -612.47 0.702564
688.32    -587.5898 -612.4649 0.7025415
688.33    -587.4444 -612.4598 0.7025207
688.34    -587.299 -612.4547 0.7025012
688.35    -587.1534 -612.4495 0.7024831
688.36    -587.0079 -612.4444 0.7024664
688.37    -586.8623 -612.4393 0.7024509
688.38    -586.7167 -612.4341 0.7024365
688.39    -586.5711 -612.429 0.7024233
688.4    -586.4254 -612.4239 0.7024111
688.41    -586.2797 -612.4188 0.7023998
688.42    -586.134 -612.4136 0.7023897
688.43    -585.9882 -612.4085 0.7023803
688.44    -585.8424 -612.4034 0.7023719
688.45    -585.6965 -612.3983 0.7023642
688.46    -585.5507 -612.3931 0.7023574
688.47    -585.4048 -612.3881 0.7023512
688.48    -585.2589 -612.3829 0.7023458
688.49    -585.1129 -612.3778 0.702341
688.5    -584.9669 -612.3727 0.702337
688.51    -584.8209 -612.3676 0.7023335
688.52    -584.6748 -612.3624 0.7023305
688.53    -584.5287 -612.3573 0.7023281
688.54    -584.3826 -612.3522 0.7023262
688.55    -584.2364 -612.347 0.7023249
688.56    -584.0901 -612.3419 0.702324
688.57    -583.9439 -612.3368 0.7023235
688.58    -583.7976 -612.3317 0.7023235
688.59    -583.6513 -612.3265 0.7023239
688.6    -583.5049 -612.3214 0.7023246
688.61    -583.3586 -612.3163 0.7023257
688.62    -583.2122 -612.3112 0.7023271
688.63    -583.0657 -612.306 0.7023289
688.64    -582.9193 -612.3009 0.702331
688.65    -582.7727 -612.2958 0.7023334
688.66    -582.6262 -612.2907 0.7023361
688.67    -582.4796 -612.2856 0.702339
688.68    -582.333 -612.2805 0.7023422
688.69    -582.1863 -612.2753 0.7023457
688.7    -582.0397 -612.2702 0.7023493
688.71    -581.8929 -612.2651 0.7023532
688.72    -581.7462 -612.2599 0.7023573
688.73    -581.5994 -612.2548 0.7023616
688.74    -581.4526 -612.2497 0.7023661
688.75    -581.3057 -612.2446 0.7023708
688.76    -581.1589 -612.2394 0.7023756
688.77    -581.012 -612.2343 0.7023806
688.78    -580.865 -612.2292 0.7023857
688.79    -580.718 -612.2241 0.702391
688.8    -580.571 -612.219 0.7023965
688.81    -580.4239 -612.2139 0.7024021
688.82    -580.2768 -612.2089 0.7024078
688.83    -580.1297 -612.2039 0.7024136
688.84    -579.9825 -612.1988 0.7024195
688.85    -579.8353 -612.1937 0.7024255
688.86    -579.6881 -612.1887 0.7024317
688.87    -579.5409 -612.1836 0.7024379
688.88    -579.3936 -612.1785 0.7024443
688.89    -579.2463 -612.1735 0.7024506
688.9    -579.099 -612.1684 0.7024571
688.91    -578.9517 -612.1633 0.7024637
688.92    -578.8043 -612.1583 0.7024704
688.93    -578.6569 -612.1532 0.7024772
688.94    -578.5094 -612.1481 0.702484
688.95    -578.3619 -612.1431 0.7024909
688.96    -578.2145 -612.138 0.7024978
688.97    -578.067 -612.1329 0.7025048
688.98    -577.9194 -612.1279 0.7025118
688.99    -577.7719 -612.1228 0.7025189
689    -577.6242 -612.1177 0.7025261
689.01    -577.4766 -612.1127 0.7025333
689.02    -577.3289 -612.1077 0.7025405
689.03    -577.1812 -612.1026 0.7025478
689.04    -577.0335 -612.0975 0.7025552
689.05    -576.8857 -612.0925 0.7025626
689.06    -576.738 -612.0874 0.7025699
689.07    -576.5901 -612.0823 0.7025773
689.08    -576.4423 -612.0773 0.7025847
689.09    -576.2944 -612.0722 0.7025921
689.1    -576.1465 -612.0671 0.7025995
689.11    -575.9987 -612.0621 0.7026069
689.12    -575.8507 -612.057 0.7026144
689.13    -575.7028 -612.0519 0.7026218
689.14    -575.5547 -612.0469 0.7026292
689.15    -575.4067 -612.0418 0.7026367
689.16    -575.2586 -612.0367 0.7026441
689.17    -575.1105 -612.0317 0.7026515
689.18    -574.9624 -612.0266 0.702659
689.19    -574.8143 -612.0215 0.7026665
689.2    -574.6661 -612.0165 0.702674
689.21    -574.5179 -612.0114 0.7026814
689.22    -574.3696 -612.0064 0.7026888
689.23    -574.2214 -612.0014 0.7026961
689.24    -574.0731 -611.9964 0.7027034
689.25    -573.9247 -611.9914 0.7027106
689.26    -573.7764 -611.9864 0.7027175
689.27    -573.6281 -611.9814 0.702724
689.28    -573.4797 -611.9764 0.7027303
689.29    -573.3312 -611.9714 0.7027363
689.3    -573.1828 -611.9664 0.702742
689.31    -573.0344 -611.9614 0.7027469
689.32    -572.8859 -611.9564 0.7027508
689.33    -572.7373 -611.9514 0.7027539
689.34    -572.5887 -611.9464 0.7027563
689.35    -572.4402 -611.9413 0.702758
689.36    -572.2916 -611.9363 0.7027578
689.37    -572.143 -611.9313 0.7027559
689.38    -571.9944 -611.9263 0.7027523
689.39    -571.8457 -611.9213 0.7027471
689.4    -571.697 -611.9163 0.7027404
689.41    -571.5483 -611.9113 0.7027314
689.42    -571.3996 -611.9063 0.70272
689.43    -571.2509 -611.9013 0.7027066
689.44    -571.1021 -611.8963 0.7026911
689.45    -570.9533 -611.8913 0.7026737
689.46    -570.8045 -611.8863 0.7026541
689.47    -570.6557 -611.8813 0.7026322
689.48    -570.5069 -611.8763 0.7026084
689.49    -570.358 -611.8713 0.7025827
689.5    -570.2092 -611.8663 0.702555
689.51    -570.0603 -611.8613 0.7025256
689.52    -569.9114 -611.8563 0.7024944
689.53    -569.7625 -611.8513 0.7024618
689.54    -569.6136 -611.8463 0.7024276
689.55    -569.4646 -611.8412 0.702392
689.56    -569.3157 -611.8362 0.702355
689.57    -569.1667 -611.8312 0.7023166
689.58    -569.0177 -611.8262 0.7022771
689.59    -568.8687 -611.8212 0.7022363
689.6    -568.7196 -611.8162 0.7021943
689.61    -568.5706 -611.8112 0.7021514
689.62    -568.4215 -611.8062 0.7021074
689.63    -568.2724 -611.8012 0.7020625
689.64    -568.1233 -611.7962 0.7020166
689.65    -567.9742 -611.7912 0.7019699
689.66    -567.8251 -611.7862 0.7019224
689.67    -567.6759 -611.7812 0.701874
689.68    -567.5267 -611.7762 0.701825
689.69    -567.3776 -611.7712 0.7017752
689.7    -567.2283 -611.7662 0.7017247
689.71    -567.0791 -611.7612 0.7016736
689.72    -566.9299 -611.7562 0.7016218
689.73    -566.7806 -611.7512 0.7015696
689.74    -566.6313 -611.7462 0.7015167
689.75    -566.4821 -611.7411 0.7014633
689.76    -566.3328 -611.7361 0.7014094
689.77    -566.1835 -611.7311 0.7013551
689.78    -566.0342 -611.7261 0.7013003
689.79    -565.8848 -611.7211 0.701245
689.8    -565.7355 -611.7161 0.7011894
689.81    -565.5861 -611.7111 0.7011335
689.82    -565.4368 -611.7061 0.7010776
689.83    -565.2874 -611.7011 0.7010216
689.84    -565.1379 -611.6961 0.7009653
689.85    -564.9885 -611.6911 0.7009091
689.86    -564.8391 -611.6861 0.7008537
689.87    -564.6897 -611.6811 0.7007992
689.88    -564.5403 -611.6761 0.7007454
689.89    -564.3908 -611.6711 0.7006924
689.9    -564.2413 -611.6661 0.7006402
689.91    -564.0919 -611.6611 0.7005902
689.92    -563.9424 -611.6561 0.7005423
689.93    -563.7929 -611.6511 0.7004963
689.94    -563.6434 -611.6461 0.7004521
689.95    -563.4939 -611.6411 0.7004098
689.96    -563.3444 -611.636 0.7003706
689.97    -563.1949 -611.631 0.7003342
689.98    -563.0453 -611.626 0.7003006
689.99    -562.8958 -611.621 0.7002696
690    -562.7463 -611.616 0.7002411
690.01    -562.5967 -611.611 0.7002164
690.02    -562.4472 -611.606 0.7001953
690.03    -562.2977 -611.601 0.7001774
690.04    -562.1481 -611.596 0.7001628
690.05    -561.9985 -611.591 0.7001512
690.06    -561.8489 -611.586 0.7001438
690.07    -561.6993 -611.5809 0.7001403
690.08    -561.5497 -611.5759 0.7001406
690.09    -561.4001 -611.5708 0.7001444
690.1    -561.2504 -611.5657 0.7001516
690.11    -561.1008 -611.5607 0.7001619
690.12    -560.9511 -611.5556 0.7001767
690.13    -560.8015 -611.5505 0.7001956
690.14    -560.6518 -611.5455 0.7002184
690.15    -560.5021 -611.5404 0.700245
690.16    -560.3524 -611.5353 0.7002758
690.17    -560.2026 -611.5303 0.7003106
690.18    -560.0529 -611.5252 0.7003493
690.19    -559.9031 -611.5201 0.7003917
690.2    -559.7534 -611.5151 0.7004374
690.21    -559.6036 -611.5099 0.7004871
690.22    -559.4537 -611.5049 0.7005405
690.23    -559.3039 -611.4998 0.7005975
690.24    -559.154 -611.4948 0.7006578
690.25    -559.0041 -611.4897 0.7007214
690.26    -558.8542 -611.4846 0.7007884
690.27    -558.7042 -611.4795 0.7008588
690.28    -558.5542 -611.4744 0.7009324
690.29    -558.4042 -611.4692 0.701009
690.3    -558.2541 -611.4641 0.7010885
690.31    -558.104 -611.459 0.701171
690.32    -557.9539 -611.4539 0.7012562
690.33    -557.8036 -611.4487 0.7013441
690.34    -557.6534 -611.4435 0.7014344
690.35    -557.5032 -611.4384 0.7015273
690.36    -557.3528 -611.4333 0.7016224
690.37    -557.2025 -611.4282 0.7017196
690.38    -557.0521 -611.423 0.7018189
690.39    -556.9017 -611.4178 0.7019202
690.4    -556.7512 -611.4127 0.7020233
690.41    -556.6006 -611.4075 0.7021282
690.42    -556.4501 -611.4023 0.7022347
690.43    -556.2994 -611.397 0.7023429
690.44    -556.1487 -611.3918 0.7024525
690.45    -555.998 -611.3867 0.7025636
690.46    -555.8473 -611.3815 0.7026761
690.47    -555.6965 -611.3763 0.7027898
690.48    -555.5456 -611.3711 0.7029048
690.49    -555.3947 -611.3658 0.703021
690.5    -555.2437 -611.3606 0.7031382
690.51    -555.0927 -611.3553 0.7032565
690.52    -554.9416 -611.35 0.7033759
690.53    -554.7905 -611.3448 0.7034962
690.54    -554.6393 -611.3395 0.7036175
690.55    -554.488 -611.3343 0.7037394
690.56    -554.3367 -611.329 0.7038623
690.57    -554.1853 -611.3237 0.7039859
690.58    -554.0339 -611.3184 0.7041103
690.59    -553.8824 -611.3131 0.7042353
690.6    -553.7308 -611.3077 0.704361
690.61    -553.5792 -611.3024 0.7044873
690.62    -553.4275 -611.2971 0.7046141
690.63    -553.2757 -611.2918 0.7047416
690.64    -553.1238 -611.2865 0.7048695
690.65    -552.9719 -611.2811 0.704998
690.66    -552.8199 -611.2758 0.7051269
690.67    -552.6679 -611.2704 0.7052563
690.68    -552.5158 -611.265 0.7053861
690.69    -552.3636 -611.2596 0.7055163
690.7    -552.2114 -611.2542 0.7056468
690.71    -552.0591 -611.2488 0.7057778
690.72    -551.9068 -611.2434 0.7059091
690.73    -551.7544 -611.238 0.7060406
690.74    -551.6019 -611.2325 0.7061726
690.75    -551.4493 -611.2271 0.7063047
690.76    -551.2968 -611.2217 0.7064372
690.77    -551.1441 -611.2162 0.7065699
690.78    -550.9913 -611.2108 0.7067027
690.79    -550.8385 -611.2053 0.7068359
690.8    -550.6856 -611.1998 0.7069692
690.81    -550.5327 -611.1943 0.7071027
690.82    -550.3796 -611.1888 0.7072365
690.83    -550.2266 -611.1833 0.7073705
690.84    -550.0734 -611.1779 0.7075045
690.85    -549.9202 -611.1724 0.7076387
690.86    -549.767 -611.1669 0.7077731
690.87    -549.6136 -611.1614 0.7079076
690.88    -549.4603 -611.1559 0.7080423
690.89    -549.3068 -611.1503 0.708177
690.9    -549.1533 -611.1447 0.7083119
690.91    -548.9998 -611.1392 0.7084469
690.92    -548.8461 -611.1336 0.708582
690.93    -548.6924 -611.1281 0.7087172
690.94    -548.5387 -611.1225 0.7088524
690.95    -548.3848 -611.1169 0.7089878
690.96    -548.2309 -611.1114 0.7091231
690.97    -548.077 -611.1058 0.7092586
690.98    -547.923 -611.1003 0.7093942
690.99    -547.7689 -611.0947 0.7095298
691    -547.6147 -611.0891 0.7096655
691.01    -547.4605 -611.0834 0.7098013
691.02    -547.3063 -611.0778 0.7099372
691.03    -547.152 -611.0722 0.7100731
691.04    -546.9976 -611.0666 0.710209
691.05    -546.8431 -611.061 0.710345
691.06    -546.6886 -611.0554 0.710481
691.07    -546.5341 -611.0497 0.710617
691.08    -546.3794 -611.0441 0.7107531
691.09    -546.2247 -611.0385 0.7108892
691.1    -546.0699 -611.0328 0.7110254
691.11    -545.915 -611.0272 0.7111616
691.12    -545.7601 -611.0215 0.7112973
691.13    -545.6052 -611.0158 0.7114326
691.14    -545.4501 -611.0101 0.7115677
691.15    -545.295 -611.0045 0.7117023
691.16    -545.1399 -610.9988 0.7118353
691.17    -544.9847 -610.9931 0.7119668
691.18    -544.8294 -610.9874 0.7120967
691.19    -544.6741 -610.9818 0.7122253
691.2    -544.5187 -610.9761 0.7123526
691.21    -544.3632 -610.9704 0.7124763
691.22    -544.2077 -610.9647 0.7125967
691.23    -544.0521 -610.959 0.7127139
691.24    -543.8965 -610.9532 0.7128281
691.25    -543.7408 -610.9475 0.7129394
691.26    -543.585 -610.9418 0.713046
691.27    -543.4292 -610.936 0.7131479
691.28    -543.2733 -610.9303 0.7132456
691.29    -543.1174 -610.9246 0.7133393
691.3    -542.9614 -610.9188 0.713429
691.31    -542.8053 -610.9131 0.7135136
691.32    -542.6492 -610.9073 0.7135935
691.33    -542.493 -610.9016 0.7136688
691.34    -542.3367 -610.8959 0.7137399
691.35    -542.1804 -610.8901 0.7138068
691.36    -542.024 -610.8844 0.7138699
691.37    -541.8676 -610.8787 0.7139288
691.38    -541.7111 -610.8729 0.7139838
691.39    -541.5546 -610.8672 0.7140351
691.4    -541.3979 -610.8615 0.7140829
691.41    -541.2413 -610.8558 0.7141273
691.42    -541.0845 -610.85 0.7141685
691.43    -540.9277 -610.8443 0.7142069
691.44    -540.7709 -610.8386 0.7142423
691.45    -540.614 -610.8328 0.7142749
691.46    -540.457 -610.8271 0.7143051
691.47    -540.2999 -610.8214 0.7143328
691.48    -540.1428 -610.8156 0.7143583
691.49    -539.9857 -610.8099 0.7143816
691.5    -539.8284 -610.8042 0.7144027
691.51    -539.6711 -610.7985 0.714422
691.52    -539.5138 -610.7928 0.7144393
691.53    -539.3564 -610.7872 0.7144549
691.54    -539.1989 -610.7816 0.7144689
691.55    -539.0414 -610.7759 0.7144812
691.56    -538.8838 -610.7702 0.714492
691.57    -538.7262 -610.7645 0.7145014
691.58    -538.5685 -610.7589 0.7145095
691.59    -538.4107 -610.7533 0.7145162
691.6    -538.2529 -610.7477 0.7145218
691.61    -538.095 -610.7421 0.7145261
691.62    -537.9371 -610.7365 0.7145294
691.63    -537.7792 -610.7309 0.7145316
691.64    -537.6212 -610.7253 0.7145329
691.65    -537.4631 -610.7197 0.7145332
691.66    -537.3049 -610.7142 0.7145325
691.67    -537.1467 -610.7086 0.714531
691.68    -536.9885 -610.7031 0.7145287
691.69    -536.8301 -610.6976 0.7145256
691.7    -536.6718 -610.692 0.7145218
691.71    -536.5134 -610.6866 0.7145172
691.72    -536.3549 -610.6811 0.7145119
691.73    -536.1964 -610.6756 0.7145061
691.74    -536.0379 -610.6702 0.7144997
691.75    -535.8793 -610.6647 0.7144926
691.76    -535.7208 -610.6594 0.714485
691.77    -535.5621 -610.654 0.714477
691.78    -535.4035 -610.6486 0.7144684
691.79    -535.2448 -610.6433 0.7144594
691.8    -535.0861 -610.638 0.7144498
691.81    -534.9274 -610.6328 0.71444
691.82    -534.7687 -610.6274 0.7144296
691.83    -534.6099 -610.6223 0.7144189
691.84    -534.4511 -610.617 0.7144079
691.85    -534.2923 -610.6119 0.7143965
691.86    -534.1335 -610.6067 0.7143848
691.87    -533.9747 -610.6016 0.7143727
691.88    -533.8158 -610.5964 0.7143604
691.89    -533.6569 -610.5914 0.7143477
691.9    -533.498 -610.5862 0.7143348
691.91    -533.3392 -610.5812 0.7143217
691.92    -533.1803 -610.5762 0.7143083
691.93    -533.0214 -610.5712 0.7142946
691.94    -532.8625 -610.5663 0.7142808
691.95    -532.7037 -610.5614 0.7142667
691.96    -532.5448 -610.5566 0.7142525
691.97    -532.3859 -610.5518 0.714238
691.98    -532.227 -610.5469 0.7142235
691.99    -532.0681 -610.5422 0.7142087
692    -531.9093 -610.5374 0.7141938
692.01    -531.7505 -610.5327 0.7141786
692.02    -531.5917 -610.5281 0.7141634
692.03    -531.4329 -610.5234 0.714148
692.04    -531.2742 -610.5188 0.7141324
692.05    -531.1154 -610.5142 0.7141168
692.06    -530.9567 -610.5096 0.714101
692.07    -530.798 -610.5051 0.714085
692.08    -530.6393 -610.5007 0.7140691
692.09    -530.4806 -610.4962 0.714053
692.1    -530.3219 -610.4918 0.7140368
692.11    -530.1633 -610.4874 0.7140204
692.12    -530.0046 -610.483 0.714004
692.13    -529.846 -610.4787 0.7139874
692.14    -529.6874 -610.4744 0.7139709
692.15    -529.5288 -610.4702 0.7139542
692.16    -529.3702 -610.4659 0.7139375
692.17    -529.2117 -610.4618 0.7139207
692.18    -529.0532 -610.4577 0.7139038
692.19    -528.8947 -610.4536 0.7138869
692.2    -528.7361 -610.4495 0.7138698
692.21    -528.5776 -610.4455 0.7138528
692.22    -528.4192 -610.4415 0.7138357
692.23    -528.2607 -610.4376 0.7138185
692.24    -528.1023 -610.4337 0.7138013
692.25    -527.9438 -610.4298 0.713784
692.26    -527.7855 -610.4259 0.7137667
692.27    -527.6271 -610.4221 0.7137493
692.28    -527.4687 -610.4183 0.7137319
692.29    -527.3103 -610.4146 0.7137144
692.3    -527.1519 -610.4108 0.713697
692.31    -526.9936 -610.4071 0.7136794
692.32    -526.8353 -610.4035 0.7136618
692.33    -526.6769 -610.3999 0.7136443
692.34    -526.5187 -610.3963 0.7136266
692.35    -526.3604 -610.3928 0.713609
692.36    -526.2021 -610.3892 0.7135912
692.37    -526.0439 -610.3857 0.7135735
692.38    -525.8857 -610.3823 0.7135558
692.39    -525.7275 -610.3788 0.7135381
692.4    -525.5693 -610.3754 0.7135203
692.41    -525.4112 -610.372 0.7135025
692.42    -525.2531 -610.3687 0.7134846
692.43    -525.0949 -610.3653 0.7134667
692.44    -524.9368 -610.3619 0.7134488
692.45    -524.7786 -610.3587 0.7134309
692.46    -524.6205 -610.3554 0.713413
692.47    -524.4625 -610.3521 0.7133951
692.48    -524.3044 -610.3489 0.7133772
692.49    -524.1464 -610.3457 0.7133592
692.5    -523.9884 -610.3425 0.7133413
692.51    -523.8304 -610.3394 0.7133228
692.52    -523.6725 -610.3362 0.7133036
692.53    -523.5145 -610.333 0.7132841
692.54    -523.3566 -610.3299 0.7132641
692.55    -523.1986 -610.3268 0.7132436
692.56    -523.0406 -610.3237 0.7132228
692.57    -522.8828 -610.3206 0.7132003
692.58    -522.7249 -610.3176 0.7131763
692.59    -522.567 -610.3145 0.7131507
692.6    -522.4091 -610.3115 0.7131238
692.61    -522.2513 -610.3084 0.7130949
692.62    -522.0934 -610.3054 0.713064
692.63    -521.9357 -610.3024 0.7130314
692.64    -521.7779 -610.2994 0.712997
692.65    -521.6201 -610.2963 0.712961
692.66    -521.4624 -610.2933 0.7129232
692.67    -521.3047 -610.2903 0.7128835
692.68    -521.147 -610.2874 0.7128421
692.69    -520.9893 -610.2843 0.7127991
692.7    -520.8315 -610.2813 0.7127547
692.71    -520.6739 -610.2783 0.7127088
692.72    -520.5162 -610.2753 0.7126614
692.73    -520.3586 -610.2723 0.7126129
692.74    -520.2009 -610.2693 0.712563
692.75    -520.0433 -610.2663 0.712512
692.76    -519.8857 -610.2632 0.71246
692.77    -519.7282 -610.2603 0.7124068
692.78    -519.5707 -610.2572 0.7123526
692.79    -519.4131 -610.2542 0.7122974
692.8    -519.2556 -610.2512 0.7122414
692.81    -519.0981 -610.2482 0.7121844
692.82    -518.9407 -610.2452 0.7121267
692.83    -518.7832 -610.2421 0.7120682
692.84    -518.6257 -610.2391 0.712009
692.85    -518.4683 -610.2361 0.7119489
692.86    -518.3109 -610.233 0.7118883
692.87    -518.1534 -610.2299 0.711827
692.88    -517.996 -610.2269 0.711765
692.89    -517.8387 -610.2238 0.7117026
692.9    -517.6813 -610.2207 0.7116395
692.91    -517.524 -610.2175 0.711576
692.92    -517.3671 -610.2144 0.7115119
692.93    -517.2104 -610.2112 0.7114474
692.94    -517.054 -610.2081 0.7113824
692.95    -516.898 -610.205 0.7113171
692.96    -516.7423 -610.2018 0.7112513
692.97    -516.5869 -610.1986 0.711185
692.98    -516.4319 -610.1954 0.7111185
692.99    -516.2772 -610.1922 0.7110516
693    -516.1227 -610.189 0.7109844
693.01    -515.9687 -610.1858 0.7109168
693.02    -515.8149 -610.1825 0.710849
693.03    -515.6615 -610.1793 0.7107809
693.04    -515.5084 -610.176 0.7107125
693.05    -515.3555 -610.1727 0.7106438
693.06    -515.2031 -610.1694 0.7105749
693.07    -515.0509 -610.166 0.7105058
693.08    -514.899 -610.1627 0.7104364
693.09    -514.7475 -610.1593 0.7103668
693.1    -514.5963 -610.1559 0.710297
693.11    -514.4454 -610.1525 0.7102271
693.12    -514.2948 -610.1491 0.710157
693.13    -514.1445 -610.1457 0.7100866
693.14    -513.9946 -610.1422 0.7100161
693.15    -513.845 -610.1387 0.7099455
693.16    -513.6957 -610.1353 0.7098747
693.17    -513.5468 -610.1317 0.7098038
693.18    -513.3982 -610.1282 0.7097328
693.19    -513.2499 -610.1246 0.7096615
693.2    -513.1019 -610.121 0.7095903
693.21    -512.9542 -610.1175 0.7095188
693.22    -512.8069 -610.1138 0.7094472
693.23    -512.6599 -610.1102 0.7093756
693.24    -512.5131 -610.1065 0.7093039
693.25    -512.3667 -610.1028 0.7092319
693.26    -512.2206 -610.0991 0.70916
693.27    -512.0749 -610.0953 0.7090879
693.28    -511.9295 -610.0916 0.7090158
693.29    -511.7844 -610.0878 0.7089435
693.3    -511.6396 -610.0839 0.7088713
693.31    -511.4951 -610.0801 0.7087989
693.32    -511.351 -610.0762 0.7087265
693.33    -511.2072 -610.0723 0.708654
693.34    -511.0637 -610.0685 0.7085815
693.35    -510.9205 -610.0645 0.7085088
693.36    -510.7777 -610.0606 0.7084365
693.37    -510.6352 -610.0566 0.7083642
693.38    -510.493 -610.0526 0.7082921
693.39    -510.3511 -610.0486 0.7082201
693.4    -510.2095 -610.0445 0.7081482
693.41    -510.0682 -610.0405 0.7080765
693.42    -509.9273 -610.0363 0.7080063
693.43    -509.7868 -610.0322 0.7079374
693.44    -509.6465 -610.0281 0.7078697
693.45    -509.5065 -610.0239 0.7078032
693.46    -509.3669 -610.0197 0.7077379
693.47    -509.2276 -610.0155 0.7076755
693.48    -509.0886 -610.0113 0.7076156
693.49    -508.9499 -610.007 0.7075583
693.5    -508.8116 -610.0028 0.7075034
693.51    -508.6736 -609.9985 0.7074524
693.52    -508.5359 -609.9942 0.7074049
693.53    -508.3985 -609.9899 0.7073609
693.54    -508.2614 -609.9855 0.7073202
693.55    -508.1247 -609.9811 0.7072826
693.56    -507.9883 -609.9768 0.70725
693.57    -507.8522 -609.9724 0.7072221
693.58    -507.7164 -609.968 0.7071986
693.59    -507.5809 -609.9636 0.7071794
693.6    -507.4458 -609.9592 0.707164
693.61    -507.311 -609.9548 0.7071538
693.62    -507.1765 -609.9503 0.7071481
693.63    -507.0424 -609.9458 0.7071471
693.64    -506.9085 -609.9413 0.7071502
693.65    -506.775 -609.9368 0.7071573
693.66    -506.6418 -609.9323 0.7071685
693.67    -506.5089 -609.9278 0.7071837
693.68    -506.3763 -609.9232 0.7072026
693.69    -506.2441 -609.9187 0.707225
693.7    -506.1122 -609.9141 0.7072507
693.71    -505.9806 -609.9095 0.7072797
693.72    -505.8493 -609.9049 0.7073117
693.73    -505.7184 -609.9003 0.7073466
693.74    -505.5877 -609.8957 0.7073842
693.75    -505.4574 -609.8911 0.7074243
693.76    -505.3274 -609.8864 0.707467
693.77    -505.1978 -609.8818 0.707512
693.78    -505.0684 -609.8771 0.7075591
693.79    -504.9394 -609.8724 0.7076085
693.8    -504.8107 -609.8678 0.7076598
693.81    -504.6823 -609.8631 0.707713
693.82    -504.5542 -609.8583 0.7077681
693.83    -504.4265 -609.8536 0.7078248
693.84    -504.299 -609.8489 0.7078833
693.85    -504.1719 -609.8442 0.7079433
693.86    -504.0452 -609.8395 0.7080047
693.87    -503.9187 -609.8348 0.7080677
693.88    -503.7926 -609.8301 0.7081319
693.89    -503.6667 -609.8253 0.7081974
693.9    -503.5412 -609.8206 0.7082642
693.91    -503.416 -609.8157 0.708332
693.92    -503.2912 -609.811 0.708401
693.93    -503.1666 -609.8062 0.708471
693.94    -503.0424 -609.8015 0.7085421
693.95    -502.9185 -609.7967 0.708614
693.96    -502.7949 -609.7919 0.7086869
693.97    -502.6716 -609.7871 0.7087606
693.98    -502.5487 -609.7823 0.7088352
693.99    -502.4261 -609.7776 0.7089105
694    -502.3038 -609.7728 0.7089865
694.01    -502.1818 -609.768 0.7090631
694.02    -502.0602 -609.7632 0.7091405
694.03    -501.9388 -609.7585 0.7092185
694.04    -501.8178 -609.7537 0.7092971
694.05    -501.6971 -609.749 0.7093762
694.06    -501.5768 -609.7441 0.7094559
694.07    -501.4567 -609.7393 0.7095361
694.08    -501.337 -609.7345 0.7096168
694.09    -501.2176 -609.7297 0.7096979
694.1    -501.0984 -609.7249 0.7097795
694.11    -500.9797 -609.72 0.7098615
694.12    -500.8612 -609.7151 0.7099438
694.13    -500.7431 -609.7103 0.7100266
694.14    -500.6254 -609.7056 0.7101097
694.15    -500.5083 -609.7008 0.7101931
694.16    -500.3911 -609.696 0.7102768
694.17    -500.274 -609.6912 0.7103609
694.18    -500.1569 -609.6863 0.7104452
694.19    -500.0397 -609.6815 0.7105298
694.2    -499.9226 -609.6766 0.7106146
694.21    -499.8055 -609.6718 0.7106997
694.22    -499.6885 -609.6669 0.7107851
694.23    -499.5714 -609.662 0.7108706
694.24    -499.4543 -609.6571 0.7109564
694.25    -499.3373 -609.6522 0.7110423
694.26    -499.2203 -609.6473 0.7111285
694.27    -499.1033 -609.6425 0.7112148
694.28    -498.9863 -609.6375 0.7113013
694.29    -498.8693 -609.6326 0.7113879
694.3    -498.7523 -609.6276 0.7114747
694.31    -498.6354 -609.6226 0.7115616
694.32    -498.5185 -609.6177 0.7116486
694.33    -498.4016 -609.6127 0.7117357
694.34    -498.2847 -609.6077 0.711823
694.35    -498.1678 -609.6027 0.7119105
694.36    -498.0509 -609.5977 0.711998
694.37    -497.9341 -609.5927 0.7120856
694.38    -497.8172 -609.5876 0.7121733
694.39    -497.7004 -609.5826 0.7122611
694.4    -497.5836 -609.5776 0.7123489
694.41    -497.4667 -609.5726 0.712437
694.42    -497.3499 -609.5675 0.712525
694.43    -497.2332 -609.5624 0.712613
694.44    -497.1163 -609.5573 0.7127013
694.45    -496.9995 -609.5522 0.7127894
694.46    -496.8827 -609.5472 0.7128778
694.47    -496.7659 -609.5421 0.7129661
694.48    -496.649 -609.5369 0.7130545
694.49    -496.5322 -609.5317 0.7131429
694.5    -496.4153 -609.5266 0.7132314
694.51    -496.2984 -609.5215 0.71332
694.52    -496.1815 -609.5164 0.7134085
694.53    -496.0645 -609.5112 0.7134972
694.54    -495.9476 -609.506 0.7135859
694.55    -495.8306 -609.5008 0.7136745
694.56    -495.7137 -609.4956 0.7137632
694.57    -495.5966 -609.4904 0.7138519
694.58    -495.4796 -609.4852 0.7139406
694.59    -495.3625 -609.48 0.7140295
694.6    -495.2455 -609.4748 0.7141182
694.61    -495.1284 -609.4695 0.7142071
694.62    -495.0112 -609.4642 0.7142959
694.63    -494.8941 -609.459 0.7143848
694.64    -494.7769 -609.4537 0.7144737
694.65    -494.6597 -609.4485 0.7145626
694.66    -494.5424 -609.4432 0.7146515
694.67    -494.4252 -609.4379 0.7147404
694.68    -494.3079 -609.4326 0.7148293
694.69    -494.1906 -609.4272 0.7149183
694.7    -494.0732 -609.4219 0.7150072
694.71    -493.9558 -609.4166 0.7150957
694.72    -493.8384 -609.4113 0.7151837
694.73    -493.7209 -609.4059 0.7152712
694.74    -493.6034 -609.4005 0.7153583
694.75    -493.4858 -609.3951 0.715445
694.76    -493.3683 -609.3898 0.7155292
694.77    -493.2506 -609.3844 0.7156111
694.78    -493.133 -609.379 0.7156908
694.79    -493.0153 -609.3736 0.7157684
694.8    -492.8975 -609.3681 0.715844
694.81    -492.7797 -609.3627 0.7159149
694.82    -492.6619 -609.3572 0.7159812
694.83    -492.544 -609.3518 0.7160432
694.84    -492.4261 -609.3464 0.7161012
694.85    -492.3082 -609.3409 0.7161553
694.86    -492.1902 -609.3353 0.7162026
694.87    -492.0722 -609.3298 0.7162433
694.88    -491.9541 -609.3243 0.716278
694.89    -491.836 -609.3188 0.7163067
694.9    -491.7178 -609.3134 0.7163299
694.91    -491.5996 -609.3078 0.7163479
694.92    -491.4814 -609.3022 0.7163589
694.93    -491.3631 -609.2966 0.7163632
694.94    -491.2447 -609.2911 0.7163612
694.95    -491.1263 -609.2855 0.7163532
694.96    -491.0079 -609.28 0.7163393
694.97    -490.8894 -609.2744 0.7163201
694.98    -490.7709 -609.2687 0.7162956
694.99    -490.6523 -609.2631 0.7162662
695    -490.5337 -609.2574 0.7162321
695.01    -490.415 -609.2518 0.7161936
695.02    -490.2963 -609.2462 0.7161508
695.03    -490.1776 -609.2405 0.716104
695.04    -490.0587 -609.2347 0.7160535
695.05    -489.9398 -609.2291 0.7159992
695.06    -489.8209 -609.2234 0.7159415
695.07    -489.7019 -609.2177 0.7158806
695.08    -489.5829 -609.212 0.7158165
695.09    -489.4638 -609.2062 0.7157495
695.1    -489.3447 -609.2004 0.7156796
695.11    -489.2255 -609.1947 0.7156072
695.12    -489.1062 -609.189 0.7155321
695.13    -488.9869 -609.1832 0.7154546
695.14    -488.8676 -609.1775 0.7153748
695.15    -488.7482 -609.1717 0.7152928
695.16    -488.6287 -609.1659 0.7152086
695.17    -488.5092 -609.16 0.7151226
695.18    -488.3897 -609.1542 0.7150346
695.19    -488.2701 -609.1484 0.7149448
695.2    -488.1504 -609.1426 0.7148533
695.21    -488.0307 -609.1368 0.7147602
695.22    -487.911 -609.131 0.7146655
695.23    -487.7912 -609.1252 0.7145693
695.24    -487.6713 -609.1193 0.7144718
695.25    -487.5514 -609.1135 0.7143728
695.26    -487.4314 -609.1076 0.7142726
695.27    -487.3114 -609.1017 0.7141712
695.28    -487.1913 -609.0959 0.7140686
695.29    -487.0712 -609.09 0.7139649
695.3    -486.951 -609.0842 0.7138602
695.31    -486.8308 -609.0783 0.7137545
695.32    -486.7105 -609.0724 0.7136479
695.33    -486.5902 -609.0666 0.7135403
695.34    -486.4698 -609.0607 0.7134319
695.35    -486.3494 -609.0549 0.7133226
695.36    -486.2289 -609.049 0.7132127
695.37    -486.1084 -609.0432 0.7131019
695.38    -485.9878 -609.0372 0.7129906
695.39    -485.8672 -609.0313 0.7128786
695.4    -485.7465 -609.0254 0.7127661
695.41    -485.6257 -609.0195 0.7126529
695.42    -485.5049 -609.0135 0.7125393
695.43    -485.3841 -609.0076 0.7124251
695.44    -485.2632 -609.0017 0.7123103
695.45    -485.1423 -608.9958 0.7121952
695.46    -485.0213 -608.9899 0.7120796
695.47    -484.9003 -608.984 0.7119637
695.48    -484.7792 -608.9781 0.7118475
695.49    -484.6581 -608.9722 0.711731
695.5    -484.5368 -608.9662 0.7116142
695.51    -484.4156 -608.9603 0.7114971
695.52    -484.2943 -608.9545 0.7113803
695.53    -484.1729 -608.9487 0.7112638
695.54    -484.0515 -608.9428 0.7111474
695.55    -483.9301 -608.937 0.7110313
695.56    -483.8086 -608.9312 0.7109161
695.57    -483.687 -608.9253 0.7108015
695.58    -483.5654 -608.9194 0.7106878
695.59    -483.4438 -608.9137 0.7105746
695.6    -483.322 -608.9079 0.7104621
695.61    -483.2003 -608.9021 0.710351
695.62    -483.0785 -608.8964 0.7102414
695.63    -482.9566 -608.8906 0.7101329
695.64    -482.8347 -608.8848 0.7100258
695.65    -482.7127 -608.879 0.7099198
695.66    -482.5907 -608.8732 0.7098159
695.67    -482.4686 -608.8675 0.7097139
695.68    -482.3465 -608.8618 0.7096139
695.69    -482.2243 -608.856 0.7095156
695.7    -482.1021 -608.8503 0.7094191
695.71    -481.9799 -608.8446 0.7093251
695.72    -481.8575 -608.8389 0.7092336
695.73    -481.7352 -608.8333 0.7091445
695.74    -481.6127 -608.8276 0.7090577
695.75    -481.4902 -608.822 0.7089729
695.76    -481.3677 -608.8163 0.7088912
695.77    -481.2452 -608.8107 0.7088121
695.78    -481.1226 -608.8051 0.7087358
695.79    -480.9999 -608.7996 0.708662
695.8    -480.8771 -608.7939 0.7085906
695.81    -480.7544 -608.7885 0.7085221
695.82    -480.6315 -608.7829 0.7084563
695.83    -480.5086 -608.7773 0.708393
695.84    -480.3857 -608.7719 0.7083322
695.85    -480.2627 -608.7664 0.7082738
695.86    -480.1396 -608.7609 0.7082175
695.87    -480.0166 -608.7554 0.7081633
695.88    -479.8934 -608.75 0.7081113
695.89    -479.7702 -608.7446 0.708061
695.9    -479.647 -608.7391 0.7080126
695.91    -479.5237 -608.7338 0.7079659
695.92    -479.4003 -608.7283 0.7079207
695.93    -479.2769 -608.723 0.7078772
695.94    -479.1535 -608.7177 0.7078351
695.95    -479.03 -608.7123 0.7077944
695.96    -478.9064 -608.707 0.707755
695.97    -478.7828 -608.7017 0.7077169
695.98    -478.6592 -608.6964 0.7076799
695.99    -478.5355 -608.6911 0.7076441
696    -478.4118 -608.6859 0.7076093
696.01    -478.288 -608.6807 0.7075756
696.02    -478.1642 -608.6754 0.7075428
696.03    -478.0403 -608.6703 0.7075109
696.04    -477.9164 -608.6651 0.7074799
696.05    -477.7924 -608.6599 0.7074496
696.06    -477.6684 -608.6548 0.7074202
696.07    -477.5443 -608.6497 0.7073916
696.08    -477.4202 -608.6446 0.7073635
696.09    -477.2961 -608.6395 0.7073362
696.1    -477.1719 -608.6344 0.7073095
696.11    -477.0476 -608.6294 0.7072833
696.12    -476.9233 -608.6243 0.7072578
696.13    -476.799 -608.6194 0.7072328
696.14    -476.6746 -608.6144 0.7072083
696.15    -476.5502 -608.6094 0.7071843
696.16    -476.4257 -608.6045 0.7071608
696.17    -476.3012 -608.5995 0.7071378
696.18    -476.1767 -608.5947 0.7071152
696.19    -476.0521 -608.5898 0.7070932
696.2    -475.9275 -608.585 0.7070715
696.21    -475.8029 -608.5801 0.7070509
696.22    -475.6782 -608.5754 0.7070313
696.23    -475.5534 -608.5706 0.7070125
696.24    -475.4286 -608.5659 0.7069947
696.25    -475.3038 -608.5611 0.7069776
696.26    -475.1789 -608.5564 0.7069614
696.27    -475.054 -608.5517 0.706947
696.28    -474.9291 -608.5471 0.7069345
696.29    -474.8041 -608.5424 0.7069236
696.3    -474.679 -608.5377 0.7069144
696.31    -474.554 -608.5331 0.7069075
696.32    -474.4289 -608.5286 0.7069029
696.33    -474.3037 -608.524 0.7069004
696.34    -474.1786 -608.5195 0.7069
696.35    -474.0533 -608.515 0.7069016
696.36    -473.9281 -608.5105 0.7069058
696.37    -473.8028 -608.506 0.7069126
696.38    -473.6774 -608.5016 0.7069219
696.39    -473.552 -608.4972 0.7069334
696.4    -473.4266 -608.4928 0.7069471
696.41    -473.3011 -608.4885 0.7069632
696.42    -473.1757 -608.4841 0.7069818
696.43    -473.0501 -608.4798 0.7070025
696.44    -472.9245 -608.4755 0.7070254
696.45    -472.7989 -608.4712 0.7070503
696.46    -472.6732 -608.4669 0.7070771
696.47    -472.5475 -608.4627 0.7071058
696.48    -472.4218 -608.4584 0.707136
696.49    -472.296 -608.4543 0.7071681
696.5    -472.1702 -608.4501 0.7072017
696.51    -472.0443 -608.4459 0.7072366
696.52    -471.9184 -608.4418 0.7072731
696.53    -471.7925 -608.4377 0.7073109
696.54    -471.6665 -608.4335 0.7073499
696.55    -471.5405 -608.4294 0.7073902
696.56    -471.4145 -608.4254 0.7074315
696.57    -471.2884 -608.4213 0.7074741
696.58    -471.1623 -608.4174 0.7075176
696.59    -471.0361 -608.4133 0.7075621
696.6    -470.9099 -608.4093 0.7076076
696.61    -470.7837 -608.4054 0.7076539
696.62    -470.6574 -608.4014 0.7077011
696.63    -470.5311 -608.3975 0.7077491
696.64    -470.4047 -608.3936 0.7077979
696.65    -470.2783 -608.3897 0.7078474
696.66    -470.1519 -608.3859 0.7078976
696.67    -470.0254 -608.382 0.7079484
696.68    -469.8989 -608.3782 0.7079999
696.69    -469.7723 -608.3744 0.708052
696.7    -469.6457 -608.3706 0.7081047
696.71    -469.519 -608.3668 0.7081579
696.72    -469.3924 -608.3631 0.7082115
696.73    -469.2657 -608.3594 0.7082658
696.74    -469.1389 -608.3557 0.7083204
696.75    -469.0121 -608.352 0.7083755
696.76    -468.8853 -608.3483 0.708431
696.77    -468.7584 -608.3447 0.7084869
696.78    -468.6315 -608.3411 0.7085431
696.79    -468.5046 -608.3374 0.7085997
696.8    -468.3776 -608.3338 0.7086566
696.81    -468.2506 -608.3303 0.7087139
696.82    -468.1235 -608.3267 0.7087715
696.83    -467.9964 -608.3231 0.7088293
696.84    -467.8693 -608.3196 0.7088875
696.85    -467.7421 -608.3161 0.7089458
696.86    -467.6149 -608.3126 0.7090045
696.87    -467.4876 -608.3092 0.7090634
696.88    -467.3604 -608.3057 0.7091225
696.89    -467.233 -608.3022 0.7091818
696.9    -467.1056 -608.2989 0.7092413
696.91    -466.9782 -608.2955 0.7093011
696.92    -466.8508 -608.2921 0.7093609
696.93    -466.7233 -608.2888 0.7094209
696.94    -466.5958 -608.2854 0.7094812
696.95    -466.4682 -608.282 0.7095415
696.96    -466.3406 -608.2787 0.709602
696.97    -466.213 -608.2755 0.7096626
696.98    -466.0853 -608.2722 0.7097232
696.99    -465.9576 -608.2689 0.7097841
697    -465.8298 -608.2657 0.7098449
697.01    -465.702 -608.2625 0.7099057
697.02    -465.5742 -608.2592 0.7099664
697.03    -465.4464 -608.256 0.7100269
697.04    -465.3185 -608.2529 0.7100872
697.05    -465.1905 -608.2497 0.7101476
697.06    -465.0625 -608.2466 0.7102075
697.07    -464.9345 -608.2435 0.7102672
697.08    -464.8065 -608.2404 0.7103266
697.09    -464.6783 -608.2372 0.7103857
697.1    -464.5502 -608.2342 0.7104447
697.11    -464.4221 -608.2311 0.7105034
697.12    -464.2939 -608.2281 0.7105618
697.13    -464.1656 -608.2251 0.71062
697.14    -464.0373 -608.222 0.710678
697.15    -463.909 -608.2191 0.7107357
697.16    -463.7806 -608.2161 0.7107931
697.17    -463.6523 -608.2131 0.7108499
697.18    -463.5238 -608.2102 0.7109065
697.19    -463.3953 -608.2073 0.7109628
697.2    -463.2668 -608.2044 0.7110187
697.21    -463.1383 -608.2015 0.7110737
697.22    -463.0097 -608.1986 0.7111281
697.23    -462.8811 -608.1958 0.7111815
697.24    -462.7524 -608.1929 0.7112343
697.25    -462.6237 -608.1901 0.7112864
697.26    -462.495 -608.1873 0.711337
697.27    -462.3662 -608.1845 0.7113861
697.28    -462.2374 -608.1817 0.7114339
697.29    -462.1086 -608.1789 0.7114804
697.3    -461.9796 -608.1762 0.7115256
697.31    -461.8507 -608.1735 0.7115686
697.32    -461.7218 -608.1707 0.7116094
697.33    -461.5928 -608.168 0.7116482
697.34    -461.4637 -608.1653 0.7116852
697.35    -461.3347 -608.1627 0.7117202
697.36    -461.2056 -608.16 0.7117525
697.37    -461.0764 -608.1574 0.7117825
697.38    -460.9472 -608.1548 0.7118099
697.39    -460.818 -608.1522 0.7118351
697.4    -460.6888 -608.1496 0.7118582
697.41    -460.5595 -608.147 0.7118782
697.42    -460.4301 -608.1445 0.7118955
697.43    -460.3008 -608.142 0.7119102
697.44    -460.1714 -608.1394 0.7119223
697.45    -460.0419 -608.1369 0.7119321
697.46    -459.9125 -608.1344 0.7119393
697.47    -459.783 -608.132 0.711944
697.48    -459.6534 -608.1295 0.7119464
697.49    -459.5238 -608.127 0.7119466
697.5    -459.3942 -608.1246 0.7119447
697.51    -459.2646 -608.1222 0.7119408
697.52    -459.1349 -608.1198 0.7119351
697.53    -459.0051 -608.1174 0.7119276
697.54    -458.8754 -608.1151 0.7119184
697.55    -458.7455 -608.1127 0.7119076
697.56    -458.6157 -608.1103 0.7118952
697.57    -458.4859 -608.108 0.7118814
697.58    -458.356 -608.1057 0.7118662
697.59    -458.226 -608.1034 0.7118497
697.6    -458.096 -608.1011 0.7118319
697.61    -457.966 -608.0989 0.711813
697.62    -457.836 -608.0966 0.7117928
697.63    -457.7059 -608.0944 0.7117717
697.64    -457.5758 -608.0922 0.7117495
697.65    -457.4456 -608.09 0.7117264
697.66    -457.3155 -608.0878 0.7117023
697.67    -457.1853 -608.0857 0.7116774
697.68    -457.055 -608.0836 0.7116516
697.69    -456.9247 -608.0814 0.711625
697.7    -456.7944 -608.0793 0.7115977
697.71    -456.6641 -608.0772 0.7115698
697.72    -456.5337 -608.0751 0.7115411
697.73    -456.4033 -608.0731 0.7115116
697.74    -456.2729 -608.071 0.7114816
697.75    -456.1424 -608.069 0.7114511
697.76    -456.012 -608.067 0.7114201
697.77    -455.8815 -608.065 0.7113883
697.78    -455.7509 -608.063 0.7113562
697.79    -455.6203 -608.061 0.7113236
697.8    -455.4897 -608.0591 0.7112905
697.81    -455.3591 -608.0571 0.711257
697.82    -455.2284 -608.0552 0.7112231
697.83    -455.0977 -608.0533 0.7111887
697.84    -454.967 -608.0515 0.711154
697.85    -454.8363 -608.0496 0.711119
697.86    -454.7056 -608.0477 0.7110836
697.87    -454.5749 -608.0459 0.7110478
697.88    -454.4441 -608.0441 0.7110118
697.89    -454.3133 -608.0422 0.7109755
697.9    -454.1825 -608.0405 0.7109389
697.91    -454.0517 -608.0387 0.710902
697.92    -453.9208 -608.0369 0.7108648
697.93    -453.7899 -608.0352 0.7108276
697.94    -453.659 -608.0334 0.7107899
697.95    -453.528 -608.0317 0.7107521
697.96    -453.3971 -608.03 0.7107141
697.97    -453.2661 -608.0284 0.7106759
697.98    -453.1351 -608.0267 0.7106373
697.99    -453.004 -608.0251 0.7105985
698    -452.873 -608.0235 0.7105595
698.01    -452.7419 -608.0219 0.7105203
698.02    -452.6108 -608.0203 0.7104807
698.03    -452.4796 -608.0187 0.7104409
698.04    -452.3485 -608.0172 0.7104009
698.05    -452.2173 -608.0156 0.7103606
698.06    -452.0861 -608.014 0.7103202
698.07    -451.9548 -608.0126 0.7102795
698.08    -451.8236 -608.011 0.7102386
698.09    -451.6923 -608.0096 0.7101974
698.1    -451.561 -608.0082 0.7101561
698.11    -451.4297 -608.0067 0.7101145
698.12    -451.2984 -608.0052 0.7100729
698.13    -451.1671 -608.0039 0.710031
698.14    -451.0357 -608.0025 0.709989
698.15    -450.9043 -608.0011 0.7099468
698.16    -450.7729 -607.9997 0.7099045
698.17    -450.6414 -607.9984 0.709862
698.18    -450.5099 -607.9971 0.7098194
698.19    -450.3784 -607.9957 0.7097767
698.2    -450.2469 -607.9945 0.7097338
698.21    -450.1154 -607.9932 0.7096908
698.22    -449.9839 -607.9919 0.7096478
698.23    -449.8523 -607.9907 0.7096046
698.24    -449.7207 -607.9895 0.7095613
698.25    -449.5891 -607.9883 0.7095179
