2603.96    -655.2644 -614.5089 0.7159622
2603.97    -655.1316 -614.5054 0.7162105
2603.98    -654.9988 -614.5019 0.7164565
2603.99    -654.866 -614.4984 0.7167004
2604    -654.7332 -614.4949 0.7169422
2604.01    -654.6003 -614.4914 0.7171773
2604.02    -654.4675 -614.4878 0.7174061
2604.03    -654.3347 -614.4843 0.717629
2604.04    -654.2019 -614.4807 0.7178462
2604.05    -654.069 -614.4771 0.718058
2604.06    -653.9362 -614.4734 0.7182602
2604.07    -653.8034 -614.4698 0.7184532
2604.08    -653.6707 -614.4661 0.7186374
2604.09    -653.5378 -614.4624 0.7188135
2604.1    -653.4049 -614.4587 0.7189818
2604.11    -653.2721 -614.455 0.7191392
2604.12    -653.1392 -614.4513 0.7192863
2604.13    -653.0063 -614.4475 0.7194237
2604.14    -652.8735 -614.4438 0.7195518
2604.15    -652.7406 -614.4399 0.7196713
2604.16    -652.6077 -614.4362 0.7197797
2604.17    -652.4749 -614.4323 0.7198773
2604.18    -652.342 -614.4285 0.719965
2604.19    -652.2091 -614.4246 0.7200434
2604.2    -652.0762 -614.4207 0.7201127
2604.21    -651.9434 -614.4169 0.7201737
2604.22    -651.8105 -614.4129 0.7202242
2604.23    -651.6776 -614.409 0.7202648
2604.24    -651.5447 -614.405 0.7202961
2604.25    -651.4119 -614.4011 0.7203186
2604.26    -651.2789 -614.3971 0.7203328
2604.27    -651.1461 -614.3931 0.7203379
2604.28    -651.0132 -614.389 0.7203346
2604.29    -650.8802 -614.385 0.7203231
2604.3    -650.7473 -614.3809 0.7203041
2604.31    -650.6144 -614.3769 0.7202772
2604.32    -650.4816 -614.3728 0.7202427
2604.33    -650.3486 -614.3687 0.720201
2604.34    -650.2157 -614.3646 0.7201526
2604.35    -650.0828 -614.3604 0.7200978
2604.36    -649.9498 -614.3562 0.7200361
2604.37    -649.8169 -614.3521 0.7199677
2604.38    -649.684 -614.3479 0.7198932
2604.39    -649.551 -614.3436 0.7198128
2604.4    -649.4181 -614.3394 0.7197266
2604.41    -649.2852 -614.3352 0.7196343
2604.42    -649.1522 -614.3309 0.7195361
2604.43    -649.0193 -614.3266 0.7194322
2604.44    -648.8864 -614.3223 0.7193229
2604.45    -648.7534 -614.3181 0.7192087
2604.46    -648.6205 -614.3137 0.7190891
2604.47    -648.4875 -614.3093 0.7189646
2604.48    -648.3546 -614.305 0.7188354
2604.49    -648.2217 -614.3006 0.7187017
2604.5    -648.0887 -614.2962 0.7185637
2604.51    -647.9557 -614.2917 0.7184217
2604.52    -647.8228 -614.2874 0.7182758
2604.53    -647.6898 -614.2829 0.7181264
2604.54    -647.5568 -614.2784 0.7179735
2604.55    -647.4238 -614.2739 0.7178172
2604.56    -647.2908 -614.2695 0.7176579
2604.57    -647.1578 -614.265 0.7174956
2604.58    -647.0248 -614.2605 0.7173306
2604.59    -646.8918 -614.256 0.7171629
2604.6    -646.7588 -614.2515 0.7169927
2604.61    -646.6258 -614.2469 0.7168201
2604.62    -646.4928 -614.2424 0.7166455
2604.63    -646.3598 -614.2379 0.7164688
2604.64    -646.2268 -614.2333 0.7162901
2604.65    -646.0938 -614.2287 0.7161096
2604.66    -645.9608 -614.2241 0.715928
2604.67    -645.8278 -614.2195 0.7157452
2604.68    -645.6948 -614.215 0.7155611
2604.69    -645.5618 -614.2104 0.715376
2604.7    -645.4288 -614.2057 0.7151899
2604.71    -645.2957 -614.2011 0.7150028
2604.72    -645.1627 -614.1964 0.7148159
2604.73    -645.0297 -614.1918 0.7146291
2604.74    -644.8966 -614.1871 0.7144423
2604.75    -644.7635 -614.1825 0.7142556
2604.76    -644.6305 -614.1779 0.71407
2604.77    -644.4974 -614.1732 0.7138854
2604.78    -644.3644 -614.1686 0.7137018
2604.79    -644.2313 -614.1639 0.7135191
2604.8    -644.0983 -614.1592 0.7133372
2604.81    -643.9652 -614.1545 0.7131575
2604.82    -643.8322 -614.1498 0.7129798
2604.83    -643.6991 -614.1451 0.7128041
2604.84    -643.566 -614.1404 0.7126302
2604.85    -643.433 -614.1357 0.7124581
2604.86    -643.2999 -614.131 0.7122894
2604.87    -643.1669 -614.1263 0.7121241
2604.88    -643.0338 -614.1216 0.7119619
2604.89    -642.9007 -614.1169 0.7118026
2604.9    -642.7676 -614.1122 0.7116461
2604.91    -642.6345 -614.1074 0.711494
2604.92    -642.5015 -614.1027 0.7113461
2604.93    -642.3683 -614.0979 0.7112021
2604.94    -642.2352 -614.0931 0.7110619
2604.95    -642.1021 -614.0884 0.7109251
2604.96    -641.969 -614.0836 0.7107934
2604.97    -641.8359 -614.0789 0.7106665
2604.98    -641.7028 -614.0741 0.710544
2604.99    -641.5696 -614.0693 0.7104258
2605    -641.4365 -614.0646 0.7103117
2605.01    -641.3034 -614.0598 0.7102031
2605.02    -641.1703 -614.0551 0.7100998
2605.03    -641.0372 -614.0503 0.7100014
2605.04    -640.9041 -614.0455 0.7099078
2605.05    -640.7709 -614.0408 0.7098184
2605.06    -640.6378 -614.0359 0.7097347
2605.07    -640.5047 -614.0311 0.7096562
2605.08    -640.3716 -614.0263 0.7095827
2605.09    -640.2384 -614.0215 0.7095138
2605.1    -640.1052 -614.0167 0.7094494
2605.11    -639.9721 -614.0118 0.7093903
2605.12    -639.8389 -614.007 0.7093366
2605.13    -639.7057 -614.0022 0.7092875
2605.14    -639.5726 -613.9974 0.7092431
2605.15    -639.4394 -613.9926 0.7092031
2605.16    -639.3062 -613.9877 0.7091684
2605.17    -639.173 -613.9829 0.7091386
2605.18    -639.0399 -613.9781 0.7091137
2605.19    -638.9067 -613.9733 0.7090932
2605.2    -638.7735 -613.9684 0.7090769
2605.21    -638.6403 -613.9636 0.7090656
2605.22    -638.5071 -613.9588 0.7090588
2605.23    -638.374 -613.9539 0.7090563
2605.24    -638.2408 -613.9491 0.7090579
2605.25    -638.1075 -613.9443 0.7090633
2605.26    -637.9744 -613.9395 0.7090726
2605.27    -637.8412 -613.9346 0.7090858
2605.28    -637.708 -613.9297 0.7091025
2605.29    -637.5748 -613.9248 0.7091224
2605.3    -637.4415 -613.9199 0.7091455
2605.31    -637.3083 -613.915 0.7091717
2605.32    -637.175 -613.9102 0.7092006
2605.33    -637.0418 -613.9053 0.7092322
2605.34    -636.9086 -613.9004 0.7092664
2605.35    -636.7753 -613.8955 0.709303
2605.36    -636.6421 -613.8906 0.7093418
2605.37    -636.5089 -613.8857 0.7093828
2605.38    -636.3756 -613.8808 0.7094258
2605.39    -636.2424 -613.8759 0.7094707
2605.4    -636.1091 -613.871 0.7095174
2605.41    -635.9759 -613.866 0.7095659
2605.42    -635.8427 -613.8611 0.709616
2605.43    -635.7094 -613.8561 0.7096676
2605.44    -635.5762 -613.8512 0.7097208
2605.45    -635.4429 -613.8462 0.7097753
2605.46    -635.3096 -613.8412 0.7098311
2605.47    -635.1764 -613.8363 0.7098882
2605.48    -635.0431 -613.8314 0.7099464
2605.49    -634.9098 -613.8264 0.7100058
2605.5    -634.7765 -613.8214 0.7100662
2605.51    -634.6432 -613.8164 0.7101275
2605.52    -634.5099 -613.8113 0.71019
2605.53    -634.3766 -613.8063 0.7102532
2605.54    -634.2433 -613.8013 0.7103175
2605.55    -634.11 -613.7963 0.7103825
2605.56    -633.9767 -613.7913 0.7104483
2605.57    -633.8434 -613.7863 0.710515
2605.58    -633.7101 -613.7812 0.7105826
2605.59    -633.5768 -613.7761 0.710651
2605.6    -633.4435 -613.7711 0.7107202
2605.61    -633.3102 -613.766 0.7107908
2605.62    -633.1769 -613.7609 0.7108625
2605.63    -633.0436 -613.7558 0.7109354
2605.64    -632.9103 -613.7507 0.7110093
2605.65    -632.7769 -613.7457 0.7110844
2605.66    -632.6436 -613.7405 0.7111615
2605.67    -632.5103 -613.7354 0.7112407
2605.68    -632.377 -613.7302 0.7113217
2605.69    -632.2436 -613.7251 0.7114046
2605.7    -632.1102 -613.72 0.7114891
2605.71    -631.9769 -613.7148 0.7115754
2605.72    -631.8435 -613.7097 0.7116647
2605.73    -631.7101 -613.7045 0.7117572
2605.74    -631.5768 -613.6993 0.7118526
2605.75    -631.4434 -613.6941 0.7119507
2605.76    -631.3101 -613.6889 0.7120513
2605.77    -631.1767 -613.6837 0.7121553
2605.78    -631.0433 -613.6785 0.7122623
2605.79    -630.91 -613.6732 0.7123721
2605.8    -630.7766 -613.668 0.7124847
2605.81    -630.6432 -613.6627 0.7126001
2605.82    -630.5099 -613.6574 0.7127182
2605.83    -630.3765 -613.6522 0.7128386
2605.84    -630.2432 -613.6469 0.7129616
2605.85    -630.1097 -613.6416 0.7130867
2605.86    -629.9764 -613.6363 0.7132139
2605.87    -629.843 -613.6309 0.7133432
2605.88    -629.7097 -613.6256 0.7134742
2605.89    -629.5762 -613.6203 0.7136071
2605.9    -629.4429 -613.615 0.7137415
2605.91    -629.3095 -613.6096 0.7138774
2605.92    -629.1761 -613.6042 0.7140148
2605.93    -629.0427 -613.5988 0.7141534
2605.94    -628.9092 -613.5934 0.7142933
2605.95    -628.7758 -613.5881 0.7144343
2605.96    -628.6424 -613.5826 0.7145754
2605.97    -628.509 -613.5772 0.7147167
2605.98    -628.3755 -613.5718 0.7148581
2605.99    -628.2421 -613.5663 0.7149996
2606    -628.1087 -613.5609 0.7151412
2606.01    -627.9753 -613.5555 0.7152798
2606.02    -627.8419 -613.55 0.7154155
2606.03    -627.7084 -613.5445 0.7155484
2606.04    -627.575 -613.539 0.7156788
2606.05    -627.4415 -613.5335 0.7158066
2606.06    -627.3081 -613.528 0.7159283
2606.07    -627.1747 -613.5225 0.7160442
2606.08    -627.0413 -613.517 0.7161547
2606.09    -626.9078 -613.5114 0.7162599
2606.1    -626.7743 -613.5059 0.7163603
2606.11    -626.6409 -613.5003 0.7164529
2606.12    -626.5074 -613.4948 0.7165382
2606.13    -626.3739 -613.4891 0.7166166
2606.14    -626.2404 -613.4836 0.7166886
2606.15    -626.1069 -613.478 0.7167544
2606.16    -625.9734 -613.4724 0.7168144
2606.17    -625.84 -613.4667 0.716867
2606.18    -625.7065 -613.4611 0.7169128
2606.19    -625.573 -613.4554 0.7169521
2606.2    -625.4395 -613.4498 0.7169852
2606.21    -625.306 -613.4442 0.7170123
2606.22    -625.1725 -613.4385 0.7170341
2606.23    -625.0391 -613.4328 0.7170506
2606.24    -624.9056 -613.4271 0.7170621
2606.25    -624.7721 -613.4214 0.717069
2606.26    -624.6386 -613.4157 0.7170714
2606.27    -624.5051 -613.41 0.7170696
2606.28    -624.3716 -613.4043 0.717064
2606.29    -624.2381 -613.3986 0.7170545
2606.3    -624.1046 -613.3928 0.7170415
2606.31    -623.971 -613.3871 0.7170252
2606.32    -623.8375 -613.3813 0.7170057
2606.33    -623.704 -613.3755 0.7169832
2606.34    -623.5704 -613.3698 0.7169579
2606.35    -623.4369 -613.364 0.7169299
2606.36    -623.3033 -613.3582 0.7168992
2606.37    -623.1698 -613.3524 0.7168661
2606.38    -623.0363 -613.3466 0.7168307
2606.39    -622.9027 -613.3407 0.7167931
2606.4    -622.7692 -613.3349 0.7167533
2606.41    -622.6356 -613.329 0.7167115
2606.42    -622.5021 -613.3232 0.7166678
2606.43    -622.3685 -613.3173 0.7166221
2606.44    -622.235 -613.3115 0.7165746
2606.45    -622.1014 -613.3056 0.7165255
2606.46    -621.9679 -613.2997 0.7164748
2606.47    -621.8344 -613.2938 0.7164225
2606.48    -621.7008 -613.2878 0.7163689
2606.49    -621.5673 -613.2819 0.7163137
2606.5    -621.4337 -613.276 0.7162573
2606.51    -621.3001 -613.2701 0.7161996
2606.52    -621.1666 -613.2642 0.7161408
2606.53    -621.033 -613.2582 0.7160808
2606.54    -620.8994 -613.2522 0.7160197
2606.55    -620.7657 -613.2462 0.7159577
2606.56    -620.6321 -613.2402 0.7158947
2606.57    -620.4985 -613.2343 0.7158307
2606.58    -620.3649 -613.2283 0.715766
2606.59    -620.2313 -613.2223 0.7157003
2606.6    -620.0977 -613.2162 0.7156338
2606.61    -619.9641 -613.2102 0.7155666
2606.62    -619.8305 -613.2042 0.7154987
2606.63    -619.6969 -613.1981 0.7154301
2606.64    -619.5633 -613.1921 0.7153609
2606.65    -619.4297 -613.186 0.715291
2606.66    -619.2961 -613.18 0.7152206
2606.67    -619.1625 -613.1739 0.7151495
2606.68    -619.0289 -613.1678 0.7150778
2606.69    -618.8953 -613.1617 0.7150056
2606.7    -618.7616 -613.1556 0.7149328
2606.71    -618.628 -613.1495 0.7148593
2606.72    -618.4944 -613.1434 0.7147851
2606.73    -618.3607 -613.1373 0.7147102
2606.74    -618.2271 -613.1311 0.7146348
2606.75    -618.0934 -613.125 0.7145588
2606.76    -617.9597 -613.1188 0.7144821
2606.77    -617.826 -613.1127 0.7144049
2606.78    -617.6924 -613.1065 0.7143269
2606.79    -617.5587 -613.1003 0.7142484
2606.8    -617.425 -613.0942 0.7141692
2606.81    -617.2914 -613.088 0.7140895
2606.82    -617.1577 -613.0818 0.7140092
2606.83    -617.024 -613.0756 0.7139284
2606.84    -616.8904 -613.0695 0.7138472
2606.85    -616.7567 -613.0633 0.7137654
2606.86    -616.623 -613.0571 0.7136832
2606.87    -616.4894 -613.0508 0.7136007
2606.88    -616.3557 -613.0446 0.7135177
2606.89    -616.222 -613.0384 0.7134344
2606.9    -616.0884 -613.0322 0.7133507
2606.91    -615.9547 -613.0259 0.7132667
2606.92    -615.821 -613.0197 0.7131824
2606.93    -615.6874 -613.0135 0.7130978
2606.94    -615.5537 -613.0073 0.7130129
2606.95    -615.42 -613.001 0.7129276
2606.96    -615.2863 -612.9948 0.7128425
2606.97    -615.1526 -612.9886 0.7127574
2606.98    -615.019 -612.9824 0.7126723
2606.99    -614.8853 -612.9761 0.7125873
2607    -614.7516 -612.9699 0.7125022
2607.01    -614.6179 -612.9637 0.7124181
2607.02    -614.4843 -612.9574 0.7123351
2607.03    -614.3506 -612.9511 0.7122527
2607.04    -614.2169 -612.9448 0.7121712
2607.05    -614.0831 -612.9385 0.7120905
2607.06    -613.9495 -612.9323 0.7120122
2607.07    -613.8158 -612.926 0.7119359
2607.08    -613.6821 -612.9197 0.7118619
2607.09    -613.5484 -612.9134 0.7117898
2607.1    -613.4147 -612.9071 0.7117196
2607.11    -613.281 -612.9008 0.7116532
2607.12    -613.1473 -612.8945 0.7115903
2607.13    -613.0136 -612.8882 0.711531
2607.14    -612.8799 -612.882 0.7114748
2607.15    -612.7462 -612.8757 0.7114217
2607.16    -612.6124 -612.8694 0.7113714
2607.17    -612.4788 -612.8631 0.7113259
2607.18    -612.345 -612.8568 0.7112851
2607.19    -612.2113 -612.8505 0.7112485
2607.2    -612.0776 -612.8442 0.7112159
2607.21    -611.9439 -612.838 0.7111883
2607.22    -611.8102 -612.8317 0.7111655
2607.23    -611.6765 -612.8254 0.7111472
2607.24    -611.5427 -612.8191 0.7111332
2607.25    -611.409 -612.8129 0.7111232
2607.26    -611.2753 -612.8066 0.7111169
2607.27    -611.1415 -612.8003 0.7111146
2607.28    -611.0078 -612.7941 0.7111161
2607.29    -610.8741 -612.7878 0.711121
2607.3    -610.7404 -612.7816 0.7111292
2607.31    -610.6066 -612.7754 0.7111406
2607.32    -610.4729 -612.7692 0.711155
2607.33    -610.3392 -612.763 0.7111722
2607.34    -610.2054 -612.7568 0.7111921
2607.35    -610.0717 -612.7505 0.7112144
2607.36    -609.938 -612.7443 0.7112392
2607.37    -609.8043 -612.7381 0.7112662
2607.38    -609.6705 -612.7319 0.7112953
2607.39    -609.5368 -612.7256 0.7113264
2607.4    -609.4031 -612.7195 0.7113595
2607.41    -609.2693 -612.7133 0.7113944
2607.42    -609.1356 -612.7072 0.7114309
2607.43    -609.0019 -612.701 0.7114691
2607.44    -608.8682 -612.6948 0.7115088
2607.45    -608.7344 -612.6887 0.71155
2607.46    -608.6007 -612.6826 0.7115925
2607.47    -608.467 -612.6764 0.7116362
2607.48    -608.3333 -612.6702 0.7116809
2607.49    -608.1995 -612.6641 0.7117267
2607.5    -608.0658 -612.6579 0.7117735
2607.51    -607.9321 -612.6519 0.7118211
2607.52    -607.7983 -612.6458 0.7118692
2607.53    -607.6646 -612.6396 0.7119178
2607.54    -607.5309 -612.6335 0.7119666
2607.55    -607.3972 -612.6274 0.7120159
2607.56    -607.2634 -612.6214 0.7120649
2607.57    -607.1297 -612.6153 0.7121139
2607.58    -606.996 -612.6093 0.7121626
2607.59    -606.8622 -612.6032 0.7122112
2607.6    -606.7285 -612.5972 0.7122598
2607.61    -606.5948 -612.5912 0.7123076
2607.62    -606.4611 -612.5851 0.7123546
2607.63    -606.3273 -612.5791 0.712401
2607.64    -606.1936 -612.5731 0.7124468
2607.65    -606.0599 -612.5671 0.712492
2607.66    -605.9261 -612.5612 0.7125362
2607.67    -605.7924 -612.5552 0.7125795
2607.68    -605.6587 -612.5492 0.7126219
2607.69    -605.525 -612.5433 0.7126635
2607.7    -605.3912 -612.5373 0.7127044
2607.71    -605.2574 -612.5314 0.7127445
2607.72    -605.1237 -612.5255 0.7127839
2607.73    -604.99 -612.5196 0.7128227
2607.74    -604.8563 -612.5137 0.7128609
2607.75    -604.7225 -612.5078 0.7128985
2607.76    -604.5887 -612.5019 0.7129355
2607.77    -604.4549 -612.4961 0.712972
2607.78    -604.3212 -612.4902 0.713008
2607.79    -604.1874 -612.4844 0.7130436
2607.8    -604.0536 -612.4785 0.7130786
2607.81    -603.9199 -612.4728 0.7131132
2607.82    -603.7861 -612.467 0.7131475
2607.83    -603.6523 -612.4612 0.7131814
2607.84    -603.5186 -612.4554 0.713215
2607.85    -603.3848 -612.4496 0.7132481
2607.86    -603.251 -612.4438 0.713281
2607.87    -603.1173 -612.4381 0.7133136
2607.88    -602.9835 -612.4324 0.7133459
2607.89    -602.8497 -612.4266 0.7133778
2607.9    -602.7159 -612.421 0.7134095
2607.91    -602.5822 -612.4152 0.7134406
2607.92    -602.4484 -612.4095 0.7134711
2607.93    -602.3146 -612.4039 0.7135009
2607.94    -602.1808 -612.3983 0.7135303
2607.95    -602.0471 -612.3926 0.7135592
2607.96    -601.9133 -612.3869 0.7135864
2607.97    -601.7795 -612.3812 0.7136123
2607.98    -601.6457 -612.3755 0.7136366
2607.99    -601.5119 -612.37 0.7136596
2608    -601.3781 -612.3644 0.7136813
2608.01    -601.2444 -612.3588 0.7137004
2608.02    -601.1106 -612.3531 0.7137169
2608.03    -600.9768 -612.3475 0.7137311
2608.04    -600.843 -612.3419 0.7137429
2608.05    -600.7092 -612.3364 0.7137526
2608.06    -600.5755 -612.3309 0.7137591
2608.07    -600.4418 -612.3253 0.7137623
2608.08    -600.308 -612.3198 0.7137628
2608.09    -600.1742 -612.3142 0.7137604
2608.1    -600.0404 -612.3087 0.7137554
2608.11    -599.9067 -612.3032 0.7137471
2608.12    -599.7729 -612.2977 0.7137359
2608.13    -599.6392 -612.2922 0.7137217
2608.14    -599.5055 -612.2867 0.7137049
2608.15    -599.3717 -612.2813 0.7136854
2608.16    -599.2379 -612.2758 0.7136635
2608.17    -599.1042 -612.2703 0.7136393
2608.18    -598.9705 -612.2649 0.7136128
2608.19    -598.8367 -612.2595 0.7135841
2608.2    -598.703 -612.2541 0.7135534
2608.21    -598.5693 -612.2487 0.7135208
2608.22    -598.4355 -612.2432 0.7134864
2608.23    -598.3018 -612.2378 0.7134502
2608.24    -598.1681 -612.2324 0.7134124
2608.25    -598.0344 -612.2271 0.713373
2608.26    -597.9006 -612.2217 0.7133322
2608.27    -597.7669 -612.2163 0.7132899
2608.28    -597.6332 -612.211 0.7132463
2608.29    -597.4995 -612.2056 0.7132016
2608.3    -597.3657 -612.2003 0.7131555
2608.31    -597.232 -612.1949 0.7131084
2608.32    -597.0983 -612.1896 0.7130602
2608.33    -596.9645 -612.1843 0.713011
2608.34    -596.8308 -612.179 0.7129607
2608.35    -596.6971 -612.1737 0.7129096
2608.36    -596.5634 -612.1684 0.7128576
2608.37    -596.4297 -612.1631 0.7128048
2608.38    -596.296 -612.1578 0.7127512
2608.39    -596.1623 -612.1526 0.7126969
2608.4    -596.0286 -612.1473 0.7126418
2608.41    -595.8949 -612.1421 0.7125861
2608.42    -595.7612 -612.1368 0.7125297
2608.43    -595.6276 -612.1316 0.7124728
2608.44    -595.4939 -612.1263 0.7124153
2608.45    -595.3602 -612.1211 0.7123572
2608.46    -595.2266 -612.1158 0.7122988
2608.47    -595.0929 -612.1107 0.7122398
2608.48    -594.9592 -612.1055 0.7121804
2608.49    -594.8256 -612.1003 0.7121207
2608.5    -594.6919 -612.0952 0.7120606
2608.51    -594.5582 -612.09 0.7120006
2608.52    -594.4246 -612.0848 0.7119406
2608.53    -594.2909 -612.0796 0.7118806
2608.54    -594.1572 -612.0744 0.7118207
2608.55    -594.0236 -612.0693 0.7117607
2608.56    -593.8899 -612.0642 0.7117009
2608.57    -593.7562 -612.0591 0.711642
2608.58    -593.6226 -612.054 0.7115841
2608.59    -593.4889 -612.0488 0.711527
2608.6    -593.3552 -612.0437 0.7114709
2608.61    -593.2216 -612.0386 0.7114156
2608.62    -593.088 -612.0335 0.7113617
2608.63    -592.9543 -612.0284 0.7113092
2608.64    -592.8207 -612.0234 0.711258
2608.65    -592.6871 -612.0184 0.711208
2608.66    -592.5535 -612.0133 0.7111592
2608.67    -592.4199 -612.0082 0.7111118
2608.68    -592.2863 -612.0032 0.7110654
2608.69    -592.1526 -611.9981 0.7110201
2608.7    -592.019 -611.9931 0.7109759
2608.71    -591.8854 -611.9882 0.7109326
2608.72    -591.7518 -611.9832 0.7108903
2608.73    -591.6182 -611.9781 0.7108488
2608.74    -591.4846 -611.9731 0.7108082
2608.75    -591.351 -611.9681 0.7107683
2608.76    -591.2174 -611.9631 0.7107291
2608.77    -591.0838 -611.9583 0.7106907
2608.78    -590.9502 -611.9533 0.7106529
2608.79    -590.8166 -611.9484 0.7106157
2608.8    -590.683 -611.9434 0.7105791
2608.81    -590.5494 -611.9385 0.7105432
2608.82    -590.4159 -611.9336 0.7105076
2608.83    -590.2823 -611.9287 0.7104726
2608.84    -590.1488 -611.9238 0.7104381
2608.85    -590.0153 -611.9189 0.710404
2608.86    -589.8817 -611.9141 0.7103704
2608.87    -589.7482 -611.9092 0.7103372
2608.88    -589.6146 -611.9044 0.7103042
2608.89    -589.4811 -611.8995 0.7102716
2608.9    -589.3475 -611.8947 0.7102394
2608.91    -589.214 -611.8898 0.7102075
2608.92    -589.0804 -611.885 0.7101759
2608.93    -588.9469 -611.8802 0.7101445
2608.94    -588.8134 -611.8754 0.7101134
2608.95    -588.6798 -611.8706 0.7100826
2608.96    -588.5463 -611.8658 0.710052
2608.97    -588.4128 -611.8611 0.7100216
2608.98    -588.2794 -611.8564 0.7099913
2608.99    -588.1458 -611.8516 0.7099613
2609    -588.0123 -611.8469 0.7099315
2609.01    -587.8788 -611.8422 0.7099018
2609.02    -587.7453 -611.8375 0.7098722
2609.03    -587.6118 -611.8328 0.7098429
2609.04    -587.4783 -611.8281 0.7098136
2609.05    -587.3448 -611.8234 0.7097844
2609.06    -587.2114 -611.8188 0.7097555
2609.07    -587.0779 -611.8142 0.7097266
2609.08    -586.9444 -611.8096 0.7096977
2609.09    -586.8109 -611.8049 0.7096691
2609.1    -586.6774 -611.8003 0.7096404
2609.11    -586.544 -611.7958 0.709612
2609.12    -586.4106 -611.7912 0.7095835
2609.13    -586.2771 -611.7866 0.7095551
2609.14    -586.1436 -611.782 0.7095268
2609.15    -586.0101 -611.7775 0.7094985
2609.16    -585.8767 -611.7729 0.7094703
2609.17    -585.7433 -611.7684 0.7094422
2609.18    -585.6099 -611.7639 0.7094141
2609.19    -585.4764 -611.7595 0.709386
2609.2    -585.343 -611.7549 0.709358
2609.21    -585.2096 -611.7504 0.7093301
2609.22    -585.0762 -611.746 0.7093021
2609.23    -584.9427 -611.7415 0.7092742
2609.24    -584.8093 -611.7371 0.7092463
2609.25    -584.6759 -611.7327 0.7092184
2609.26    -584.5425 -611.7282 0.7091906
2609.27    -584.4091 -611.7238 0.7091628
2609.28    -584.2756 -611.7194 0.709135
2609.29    -584.1422 -611.715 0.7091072
2609.3    -584.0088 -611.7106 0.7090794
2609.31    -583.8754 -611.7062 0.7090517
2609.32    -583.7421 -611.7018 0.709024
2609.33    -583.6087 -611.6974 0.7089962
2609.34    -583.4753 -611.6932 0.7089685
2609.35    -583.342 -611.6888 0.7089409
2609.36    -583.2086 -611.6845 0.7089131
2609.37    -583.0753 -611.6802 0.7088855
2609.38    -582.9419 -611.6758 0.7088578
2609.39    -582.8085 -611.6716 0.7088301
2609.4    -582.6752 -611.6674 0.7088024
2609.41    -582.5418 -611.6631 0.7087747
2609.42    -582.4084 -611.6588 0.708747
2609.43    -582.2751 -611.6545 0.7087193
2609.44    -582.1417 -611.6503 0.7086916
2609.45    -582.0084 -611.6461 0.7086639
2609.46    -581.8751 -611.6419 0.7086362
2609.47    -581.7418 -611.6377 0.7086084
2609.48    -581.6085 -611.6335 0.7085808
2609.49    -581.4752 -611.6293 0.7085531
2609.5    -581.3419 -611.6251 0.7085253
2609.51    -581.2086 -611.6209 0.7084976
2609.52    -581.0753 -611.6168 0.7084699
2609.53    -580.942 -611.6127 0.7084421
2609.54    -580.8087 -611.6085 0.7084144
2609.55    -580.6754 -611.6044 0.7083866
2609.56    -580.5421 -611.6002 0.7083588
2609.57    -580.4088 -611.5961 0.708331
2609.58    -580.2755 -611.5921 0.7083032
2609.59    -580.1422 -611.588 0.7082754
2609.6    -580.0089 -611.5839 0.7082476
2609.61    -579.8756 -611.5798 0.7082198
2609.62    -579.7424 -611.5757 0.7081919
2609.63    -579.6091 -611.5717 0.708164
2609.64    -579.4759 -611.5677 0.7081362
2609.65    -579.3426 -611.5637 0.7081082
2609.66    -579.2094 -611.5597 0.7080804
2609.67    -579.0761 -611.5557 0.7080525
2609.68    -578.9429 -611.5516 0.7080245
2609.69    -578.8096 -611.5476 0.7079965
2609.7    -578.6764 -611.5436 0.7079686
2609.71    -578.5432 -611.5397 0.7079406
2609.72    -578.4099 -611.5358 0.7079126
2609.73    -578.2766 -611.5318 0.7078846
2609.74    -578.1434 -611.5278 0.7078566
2609.75    -578.0101 -611.5239 0.7078286
2609.76    -577.877 -611.5199 0.7078005
2609.77    -577.7438 -611.516 0.7077724
2609.78    -577.6106 -611.5121 0.7077444
2609.79    -577.4774 -611.5082 0.7077162
2609.8    -577.3441 -611.5043 0.7076882
2609.81    -577.2109 -611.5004 0.70766
2609.82    -577.0778 -611.4965 0.7076318
2609.83    -576.9446 -611.4926 0.7076036
2609.84    -576.8114 -611.4888 0.7075755
2609.85    -576.6782 -611.4849 0.7075472
2609.86    -576.545 -611.4811 0.7075191
2609.87    -576.4119 -611.4773 0.7074908
2609.88    -576.2787 -611.4734 0.7074625
2609.89    -576.1455 -611.4696 0.7074342
2609.9    -576.0123 -611.4658 0.707406
2609.91    -575.8792 -611.462 0.7073778
2609.92    -575.746 -611.4582 0.7073494
2609.93    -575.6129 -611.4544 0.7073211
2609.94    -575.4797 -611.4507 0.7072927
2609.95    -575.3465 -611.4469 0.7072644
2609.96    -575.2134 -611.4431 0.707236
2609.97    -575.0803 -611.4393 0.7072076
2609.98    -574.9471 -611.4356 0.7071792
2609.99    -574.814 -611.4319 0.7071507
2610    -574.6809 -611.4282 0.7071223
2610.01    -574.5478 -611.4245 0.7070938
2610.02    -574.4147 -611.4208 0.7070654
2610.03    -574.2816 -611.4171 0.7070369
2610.04    -574.1484 -611.4133 0.7070084
2610.05    -574.0153 -611.4097 0.7069799
2610.06    -573.8823 -611.406 0.7069513
2610.07    -573.7491 -611.4023 0.7069228
2610.08    -573.616 -611.3987 0.7068942
2610.09    -573.4829 -611.3951 0.7068656
2610.1    -573.3498 -611.3914 0.706837
2610.11    -573.2167 -611.3878 0.7068084
2610.12    -573.0837 -611.3841 0.7067798
2610.13    -572.9506 -611.3805 0.7067511
2610.14    -572.8176 -611.3769 0.7067224
2610.15    -572.6845 -611.3733 0.7066938
2610.16    -572.5515 -611.3698 0.7066651
2610.17    -572.4184 -611.3661 0.7066364
2610.18    -572.2853 -611.3625 0.7066076
2610.19    -572.1523 -611.3589 0.7065789
2610.2    -572.0192 -611.3554 0.7065502
2610.21    -571.8862 -611.3519 0.7065214
2610.22    -571.7531 -611.3484 0.7064925
2610.23    -571.6201 -611.3448 0.7064638
2610.24    -571.487 -611.3413 0.706435
2610.25    -571.3539 -611.3378 0.7064061
2610.26    -571.2209 -611.3343 0.7063773
2610.27    -571.088 -611.3308 0.7063484
2610.28    -570.955 -611.3273 0.7063196
2610.29    -570.822 -611.3239 0.7062907
2610.3    -570.689 -611.3204 0.7062617
2610.31    -570.556 -611.317 0.7062327
2610.32    -570.423 -611.3135 0.7062039
2610.33    -570.29 -611.3101 0.7061749
2610.34    -570.157 -611.3067 0.7061459
2610.35    -570.024 -611.3033 0.706117
2610.36    -569.891 -611.2999 0.7060879
2610.37    -569.758 -611.2964 0.7060589
2610.38    -569.625 -611.293 0.70603
2610.39    -569.492 -611.2897 0.7060009
2610.4    -569.359 -611.2864 0.7059718
2610.41    -569.226 -611.283 0.7059427
2610.42    -569.093 -611.2797 0.7059137
2610.43    -568.96 -611.2763 0.7058846
2610.44    -568.827 -611.2729 0.7058554
2610.45    -568.694 -611.2697 0.7058263
2610.46    -568.561 -611.2664 0.7057971
2610.47    -568.428 -611.2631 0.705768
2610.48    -568.295 -611.2598 0.7057389
2610.49    -568.162 -611.2566 0.7057096
2610.5    -568.0291 -611.2534 0.7056804
2610.51    -567.8961 -611.2501 0.7056512
2610.52    -567.7631 -611.2469 0.705622
2610.53    -567.6301 -611.2437 0.7055927
2610.54    -567.4971 -611.2405 0.7055634
2610.55    -567.3641 -611.2372 0.7055342
2610.56    -567.2312 -611.2341 0.7055048
2610.57    -567.0983 -611.2309 0.7054756
2610.58    -566.9653 -611.2278 0.7054462
2610.59    -566.8323 -611.2246 0.7054169
2610.6    -566.6993 -611.2214 0.7053875
2610.61    -566.5663 -611.2183 0.7053581
2610.62    -566.4334 -611.2152 0.7053288
2610.63    -566.3005 -611.2122 0.7052994
2610.64    -566.1675 -611.209 0.70527
2610.65    -566.0345 -611.2059 0.7052405
2610.66    -565.9016 -611.2028 0.7052111
2610.67    -565.7686 -611.1998 0.7051816
2610.68    -565.6357 -611.1968 0.7051522
2610.69    -565.5027 -611.1937 0.7051227
2610.7    -565.3698 -611.1907 0.7050931
2610.71    -565.2368 -611.1876 0.7050636
2610.72    -565.1039 -611.1847 0.7050341
2610.73    -564.9709 -611.1817 0.7050046
2610.74    -564.838 -611.1787 0.7049751
2610.75    -564.7051 -611.1757 0.7049455
2610.76    -564.5721 -611.1728 0.7049159
2610.77    -564.4392 -611.1699 0.7048863
2610.78    -564.3063 -611.1669 0.7048568
2610.79    -564.1733 -611.164 0.7048271
2610.8    -564.0404 -611.1611 0.7047974
2610.81    -563.9075 -611.1582 0.7047678
2610.82    -563.7745 -611.1553 0.7047381
2610.83    -563.6416 -611.1525 0.7047085
2610.84    -563.5087 -611.1497 0.7046788
2610.85    -563.3757 -611.1468 0.704649
2610.86    -563.2428 -611.144 0.7046193
2610.87    -563.1099 -611.1412 0.7045895
2610.88    -562.9769 -611.1384 0.7045598
2610.89    -562.844 -611.1356 0.7045301
2610.9    -562.7111 -611.1328 0.7045003
2610.91    -562.5781 -611.1301 0.7044705
2610.92    -562.4452 -611.1273 0.7044407
2610.93    -562.3123 -611.1246 0.7044109
2610.94    -562.1793 -611.1219 0.704381
2610.95    -562.0464 -611.1191 0.7043511
2610.96    -561.9135 -611.1165 0.7043213
2610.97    -561.7805 -611.1138 0.7042914
2610.98    -561.6476 -611.1111 0.7042615
2610.99    -561.5146 -611.1085 0.7042316
2611    -561.3817 -611.1058 0.7042017
2611.01    -561.2487 -611.1031 0.7041717
2611.02    -561.1158 -611.1006 0.7041418
2611.03    -560.9828 -611.098 0.7041118
2611.04    -560.8499 -611.0953 0.7040819
2611.05    -560.7169 -611.0927 0.7040519
2611.06    -560.584 -611.0902 0.7040218
2611.07    -560.451 -611.0876 0.7039918
2611.08    -560.3181 -611.0851 0.7039617
2611.09    -560.1852 -611.0825 0.7039317
2611.1    -560.0522 -611.08 0.7039016
2611.11    -559.9193 -611.0775 0.7038716
2611.12    -559.7863 -611.075 0.7038414
2611.13    -559.6534 -611.0724 0.7038114
2611.14    -559.5204 -611.0699 0.7037813
2611.15    -559.3874 -611.0674 0.7037512
2611.16    -559.2545 -611.065 0.703721
2611.17    -559.1215 -611.0626 0.7036909
2611.18    -558.9886 -611.0601 0.7036607
2611.19    -558.8556 -611.0577 0.7036306
2611.2    -558.7226 -611.0552 0.7036004
2611.21    -558.5897 -611.0528 0.7035701
2611.22    -558.4567 -611.0504 0.7035398
2611.23    -558.3237 -611.048 0.7035097
2611.24    -558.1907 -611.0457 0.7034795
2611.25    -558.0577 -611.0433 0.7034492
2611.26    -557.9247 -611.0409 0.7034189
2611.27    -557.7917 -611.0385 0.7033886
2611.28    -557.6587 -611.0362 0.7033582
2611.29    -557.5257 -611.0338 0.703328
2611.3    -557.3927 -611.0315 0.7032977
2611.31    -557.2597 -611.0292 0.7032673
2611.32    -557.1267 -611.0269 0.7032369
2611.33    -556.9937 -611.0245 0.7032065
2611.34    -556.8607 -611.0222 0.7031761
2611.35    -556.7276 -611.0199 0.7031457
2611.36    -556.5945 -611.0176 0.7031153
2611.37    -556.4615 -611.0154 0.7030849
2611.38    -556.3284 -611.0131 0.7030544
2611.39    -556.1954 -611.0109 0.703024
2611.4    -556.0623 -611.0086 0.7029935
2611.41    -555.9293 -611.0063 0.7029631
2611.42    -555.7962 -611.0041 0.7029325
2611.43    -555.6631 -611.0018 0.702902
2611.44    -555.53 -610.9996 0.7028715
2611.45    -555.3969 -610.9974 0.7028409
2611.46    -555.2639 -610.9953 0.7028104
2611.47    -555.1307 -610.9931 0.7027798
2611.48    -554.9976 -610.9909 0.7027493
2611.49    -554.8645 -610.9887 0.7027187
2611.5    -554.7314 -610.9865 0.702688
2611.51    -554.5983 -610.9843 0.7026574
2611.52    -554.4651 -610.9821 0.7026268
2611.53    -554.332 -610.98 0.7025962
2611.54    -554.1988 -610.9778 0.7025655
2611.55    -554.0656 -610.9757 0.7025348
2611.56    -553.9324 -610.9736 0.7025041
2611.57    -553.7993 -610.9714 0.7024734
2611.58    -553.6661 -610.9694 0.7024427
2611.59    -553.5329 -610.9672 0.7024119
2611.6    -553.3997 -610.9651 0.7023813
2611.61    -553.2664 -610.963 0.7023504
2611.62    -553.1332 -610.9609 0.7023197
2611.63    -553 -610.9588 0.702289
2611.64    -552.8668 -610.9567 0.7022581
2611.65    -552.7335 -610.9547 0.7022273
2611.66    -552.6003 -610.9526 0.7021964
2611.67    -552.467 -610.9505 0.7021656
2611.68    -552.3338 -610.9484 0.7021348
2611.69    -552.2006 -610.9464 0.7021039
2611.7    -552.0673 -610.9443 0.702073
2611.71    -551.934 -610.9423 0.7020421
2611.72    -551.8007 -610.9402 0.7020112
2611.73    -551.6674 -610.9382 0.7019803
2611.74    -551.5341 -610.9362 0.7019494
2611.75    -551.4008 -610.9341 0.7019184
2611.76    -551.2675 -610.9321 0.7018874
2611.77    -551.1342 -610.9301 0.7018564
2611.78    -551.0009 -610.9281 0.7018255
2611.79    -550.8676 -610.9261 0.7017944
2611.8    -550.7343 -610.9241 0.7017635
2611.81    -550.601 -610.9221 0.7017325
2611.82    -550.4677 -610.92 0.7017014
2611.83    -550.3344 -610.918 0.7016703
2611.84    -550.201 -610.916 0.7016393
2611.85    -550.0676 -610.914 0.7016082
2611.86    -549.9343 -610.9121 0.7015771
2611.87    -549.801 -610.9102 0.701546
2611.88    -549.6676 -610.9082 0.7015149
2611.89    -549.5342 -610.9063 0.7014838
2611.9    -549.4009 -610.9043 0.7014526
2611.91    -549.2675 -610.9023 0.7014214
2611.92    -549.1342 -610.9004 0.7013903
2611.93    -549.0008 -610.8984 0.7013591
2611.94    -548.8674 -610.8965 0.7013279
2611.95    -548.7341 -610.8945 0.7012966
2611.96    -548.6007 -610.8926 0.7012655
2611.97    -548.4673 -610.8906 0.7012342
2611.98    -548.334 -610.8887 0.701203
2611.99    -548.2006 -610.8867 0.7011718
2612    -548.0673 -610.8848 0.7011404
2612.01    -547.9339 -610.8828 0.7011091
2612.02    -547.8005 -610.8809 0.7010779
2612.03    -547.6672 -610.8789 0.7010465
2612.04    -547.5339 -610.877 0.7010152
2612.05    -547.4006 -610.875 0.7009839
2612.06    -547.2673 -610.873 0.7009526
2612.07    -547.134 -610.8711 0.7009214
2612.08    -547.0007 -610.8691 0.70089
2612.09    -546.8674 -610.8672 0.7008587
2612.1    -546.7341 -610.8652 0.7008274
2612.11    -546.6008 -610.8633 0.7007961
2612.12    -546.4676 -610.8613 0.7007648
2612.13    -546.3344 -610.8594 0.7007335
2612.14    -546.2011 -610.8574 0.7007021
2612.15    -546.0679 -610.8555 0.7006708
2612.16    -545.9347 -610.8535 0.7006395
2612.17    -545.8015 -610.8516 0.7006082
2612.18    -545.6683 -610.8496 0.7005768
2612.19    -545.5352 -610.8477 0.7005455
2612.2    -545.402 -610.8457 0.7005141
2612.21    -545.2688 -610.8438 0.7004828
2612.22    -545.1357 -610.8417 0.7004515
2612.23    -545.0026 -610.8398 0.7004201
2612.24    -544.8694 -610.8378 0.7003887
2612.25    -544.7363 -610.8359 0.7003573
2612.26    -544.6032 -610.8339 0.7003258
2612.27    -544.4702 -610.832 0.7002944
2612.28    -544.3371 -610.83 0.700263
2612.29    -544.204 -610.8281 0.7002316
2612.3    -544.071 -610.8261 0.7002002
2612.31    -543.9379 -610.8242 0.7001688
2612.32    -543.8049 -610.8222 0.7001374
2612.33    -543.6719 -610.8203 0.700106
2612.34    -543.5389 -610.8183 0.7000746
2612.35    -543.4059 -610.8163 0.7000434
2612.36    -543.273 -610.8143 0.7000122
2612.37    -543.1401 -610.8124 0.6999813
2612.38    -543.0071 -610.8104 0.6999506
2612.39    -542.8742 -610.8085 0.6999201
2612.4    -542.7413 -610.8065 0.6998897
2612.41    -542.6083 -610.8046 0.6998594
2612.42    -542.4754 -610.8026 0.6998304
2612.43    -542.3425 -610.8006 0.6998025
2612.44    -542.2097 -610.7986 0.6997757
2612.45    -542.0768 -610.7965 0.6997499
2612.46    -541.9439 -610.7945 0.6997265
2612.47    -541.811 -610.7925 0.6997054
2612.48    -541.6782 -610.7905 0.6996865
2612.49    -541.5454 -610.7885 0.6996695
2612.5    -541.4126 -610.7864 0.6996546
2612.51    -541.2798 -610.7844 0.6996439
2612.52    -541.1471 -610.7823 0.6996369
2612.53    -541.0143 -610.7803 0.6996337
2612.54    -540.8816 -610.7782 0.699634
2612.55    -540.7488 -610.7761 0.6996377
2612.56    -540.6161 -610.774 0.6996464
2612.57    -540.4835 -610.7719 0.6996599
2612.58    -540.3508 -610.7698 0.6996779
2612.59    -540.2181 -610.7678 0.6997003
2612.6    -540.0854 -610.7657 0.6997268
2612.61    -539.9528 -610.7635 0.6997571
2612.62    -539.8201 -610.7614 0.6997929
2612.63    -539.6875 -610.7592 0.6998338
2612.64    -539.5549 -610.7571 0.6998795
2612.65    -539.4224 -610.7549 0.6999298
2612.66    -539.2898 -610.7528 0.6999846
2612.67    -539.1573 -610.7506 0.7000441
2612.68    -539.0248 -610.7484 0.7001082
2612.69    -538.8923 -610.7462 0.7001765
2612.7    -538.7598 -610.744 0.700249
2612.71    -538.6273 -610.7418 0.7003255
2612.72    -538.4949 -610.7396 0.7004057
2612.73    -538.3624 -610.7374 0.7004896
2612.74    -538.23 -610.7351 0.700577
2612.75    -538.0975 -610.7328 0.7006676
2612.76    -537.9651 -610.7305 0.7007615
2612.77    -537.8327 -610.7283 0.7008584
2612.78    -537.7003 -610.726 0.700958
2612.79    -537.5679 -610.7237 0.7010605
2612.8    -537.4355 -610.7214 0.7011656
2612.81    -537.3032 -610.7191 0.7012732
2612.82    -537.1709 -610.7167 0.7013832
2612.83    -537.0386 -610.7144 0.7014954
2612.84    -536.9063 -610.712 0.7016098
2612.85    -536.774 -610.7097 0.7017263
2612.86    -536.6418 -610.7072 0.7018448
2612.87    -536.5096 -610.7048 0.7019652
2612.88    -536.3774 -610.7025 0.7020873
2612.89    -536.2452 -610.7 0.7022112
2612.9    -536.113 -610.6975 0.7023366
2612.91    -535.9808 -610.6951 0.7024637
2612.92    -535.8487 -610.6926 0.7025923
2612.93    -535.7166 -610.6901 0.7027223
2612.94    -535.5844 -610.6876 0.7028536
2612.95    -535.4523 -610.6851 0.7029862
2612.96    -535.3202 -610.6824 0.7031201
2612.97    -535.1881 -610.6799 0.7032551
2612.98    -535.056 -610.6773 0.7033913
2612.99    -534.924 -610.6746 0.7035285
2613    -534.7919 -610.672 0.7036667
2613.01    -534.6599 -610.6693 0.703806
2613.02    -534.5279 -610.6666 0.7039461
2613.03    -534.3959 -610.6639 0.7040872
2613.04    -534.2639 -610.6612 0.7042291
2613.05    -534.132 -610.6584 0.7043718
2613.06    -534 -610.6556 0.7045151
2613.07    -533.8681 -610.6528 0.7046592
2613.08    -533.7362 -610.65 0.704804
2613.09    -533.6043 -610.6472 0.7049494
2613.1    -533.4724 -610.6443 0.7050955
2613.11    -533.3406 -610.6414 0.7052422
2613.12    -533.2087 -610.6385 0.7053894
2613.13    -533.0769 -610.6356 0.7055372
2613.14    -532.9451 -610.6327 0.7056855
2613.15    -532.8132 -610.6297 0.7058343
2613.16    -532.6815 -610.6267 0.7059835
2613.17    -532.5497 -610.6237 0.7061332
2613.18    -532.4179 -610.6206 0.7062833
2613.19    -532.2862 -610.6176 0.7064337
2613.2    -532.1545 -610.6144 0.7065845
2613.21    -532.0228 -610.6113 0.7067357
2613.22    -531.8911 -610.6082 0.7068872
2613.23    -531.7594 -610.6049 0.7070391
2613.24    -531.6277 -610.6017 0.7071912
2613.25    -531.496 -610.5984 0.7073436
2613.26    -531.3643 -610.5952 0.7074963
2613.27    -531.2325 -610.5919 0.7076492
2613.28    -531.1008 -610.5885 0.7078024
2613.29    -530.9691 -610.5851 0.7079557
2613.3    -530.8373 -610.5817 0.7081093
2613.31    -530.7056 -610.5782 0.7082632
2613.32    -530.5739 -610.5748 0.7084172
2613.33    -530.4421 -610.5714 0.7085713
2613.34    -530.3102 -610.5678 0.7087257
2613.35    -530.1784 -610.5643 0.7088802
2613.36    -530.0466 -610.5607 0.7090348
2613.37    -529.9147 -610.5571 0.7091896
2613.38    -529.7828 -610.5535 0.7093445
2613.39    -529.6509 -610.5498 0.7094996
2613.4    -529.519 -610.5461 0.7096547
2613.41    -529.387 -610.5423 0.7098101
2613.42    -529.2551 -610.5386 0.7099655
2613.43    -529.123 -610.5347 0.710121
2613.44    -528.991 -610.5308 0.7102766
2613.45    -528.8589 -610.527 0.7104323
2613.46    -528.7267 -610.523 0.710588
2613.47    -528.5946 -610.519 0.7107439
2613.48    -528.4625 -610.515 0.7108998
2613.49    -528.3303 -610.5109 0.7110558
2613.5    -528.198 -610.5068 0.7112117
2613.51    -528.0657 -610.5026 0.7113678
2613.52    -527.9334 -610.4984 0.711524
2613.53    -527.8011 -610.4941 0.7116801
2613.54    -527.6687 -610.4899 0.7118363
2613.55    -527.5363 -610.4855 0.7119925
2613.56    -527.4038 -610.4811 0.7121488
2613.57    -527.2713 -610.4767 0.7123051
2613.58    -527.1387 -610.4722 0.7124614
2613.59    -527.0061 -610.4677 0.7126177
2613.6    -526.8734 -610.4631 0.712774
2613.61    -526.7407 -610.4584 0.7129304
2613.62    -526.608 -610.4537 0.7130867
2613.63    -526.4752 -610.449 0.7132431
2613.64    -526.3423 -610.4443 0.7133995
2613.65    -526.2094 -610.4395 0.7135559
2613.66    -526.0765 -610.4346 0.7137123
2613.67    -525.9435 -610.4296 0.7138687
2613.68    -525.8105 -610.4246 0.7140251
2613.69    -525.6774 -610.4196 0.7141815
2613.7    -525.5443 -610.4146 0.7143378
2613.71    -525.4111 -610.4094 0.7144942
2613.72    -525.2779 -610.4042 0.7146504
2613.73    -525.1447 -610.399 0.7148066
2613.74    -525.0114 -610.3937 0.7149627
2613.75    -524.878 -610.3883 0.7151188
2613.76    -524.7446 -610.3829 0.7152742
2613.77    -524.6111 -610.3775 0.7154291
2613.78    -524.4776 -610.372 0.7155835
2613.79    -524.3441 -610.3665 0.7157374
2613.8    -524.2104 -610.3608 0.7158908
2613.81    -524.0768 -610.3552 0.7160422
2613.82    -523.9431 -610.3494 0.7161916
2613.83    -523.8093 -610.3437 0.7163393
2613.84    -523.6755 -610.3379 0.7164852
2613.85    -523.5416 -610.332 0.7166295
2613.86    -523.4077 -610.3261 0.7167699
2613.87    -523.2737 -610.3201 0.7169067
2613.88    -523.1397 -610.3141 0.71704
2613.89    -523.0056 -610.308 0.7171699
2613.9    -522.8715 -610.3018 0.7172968
2613.91    -522.7374 -610.2956 0.7174187
2613.92    -522.6031 -610.2894 0.7175358
2613.93    -522.4689 -610.2831 0.7176484
2613.94    -522.3345 -610.2767 0.7177566
2613.95    -522.2001 -610.2703 0.7178609
2613.96    -522.0657 -610.2639 0.7179595
2613.97    -521.9313 -610.2573 0.7180529
2613.98    -521.7968 -610.2507 0.7181413
2613.99    -521.6622 -610.2441 0.7182248
2614    -521.5275 -610.2374 0.7183037
2614.01    -521.3929 -610.2306 0.7183769
2614.02    -521.2582 -610.2238 0.7184445
2614.03    -521.1234 -610.2169 0.7185066
2614.04    -520.9886 -610.21 0.7185638
2614.05    -520.8537 -610.203 0.7186161
2614.06    -520.7188 -610.196 0.7186628
2614.07    -520.5839 -610.1889 0.7187041
2614.08    -520.4489 -610.1818 0.7187403
2614.09    -520.3138 -610.1746 0.7187718
2614.1    -520.1787 -610.1673 0.7187985
2614.11    -520.0436 -610.16 0.7188197
2614.12    -519.9084 -610.1526 0.7188359
2614.13    -519.7731 -610.1451 0.7188471
2614.14    -519.6378 -610.1376 0.7188536
2614.15    -519.5024 -610.1301 0.7188556
2614.16    -519.3671 -610.1226 0.718852
2614.17    -519.2316 -610.1149 0.7188432
2614.18    -519.0961 -610.1072 0.7188292
2614.19    -518.9606 -610.0995 0.7188103
2614.2    -518.825 -610.0917 0.7187868
2614.21    -518.6893 -610.0839 0.7187577
2614.22    -518.5536 -610.0759 0.7187232
2614.23    -518.4179 -610.068 0.7186834
2614.24    -518.2821 -610.06 0.7186388
2614.25    -518.1462 -610.0519 0.7185896
2614.26    -518.0104 -610.0439 0.7185358
2614.27    -517.8745 -610.0357 0.7184769
2614.28    -517.7385 -610.0275 0.7184132
2614.29    -517.6024 -610.0192 0.7183448
2614.3    -517.4663 -610.0109 0.718272
2614.31    -517.3301 -610.0025 0.7181948
2614.32    -517.194 -609.9941 0.7181136
2614.33    -517.0577 -609.9857 0.7180284
2614.34    -516.9214 -609.9771 0.7179393
2614.35    -516.7851 -609.9685 0.7178466
2614.36    -516.6487 -609.96 0.7177503
2614.37    -516.5123 -609.9513 0.7176508
2614.38    -516.3759 -609.9426 0.7175481
2614.39    -516.2393 -609.9338 0.7174422
2614.4    -516.1027 -609.925 0.7173335
2614.41    -515.9661 -609.9162 0.717222
2614.42    -515.8294 -609.9073 0.7171078
2614.43    -515.6927 -609.8984 0.7169912
2614.44    -515.5559 -609.8894 0.7168722
2614.45    -515.4191 -609.8804 0.716751
2614.46    -515.2822 -609.8713 0.7166282
2614.47    -515.1454 -609.8622 0.7165037
2614.48    -515.0084 -609.8531 0.7163779
2614.49    -514.8714 -609.8439 0.7162505
2614.5    -514.7343 -609.8347 0.7161218
2614.51    -514.5972 -609.8254 0.7159931
2614.52    -514.4601 -609.8161 0.7158644
2614.53    -514.3229 -609.8067 0.7157359
2614.54    -514.1856 -609.7974 0.7156073
2614.55    -514.0483 -609.7879 0.7154788
2614.56    -513.9109 -609.7785 0.7153517
2614.57    -513.7736 -609.769 0.7152261
2614.58    -513.6361 -609.7595 0.7151019
2614.59    -513.4986 -609.7499 0.7149791
2614.6    -513.361 -609.7403 0.7148575
2614.61    -513.2234 -609.7307 0.714738
2614.62    -513.0858 -609.721 0.7146207
2614.63    -512.9481 -609.7114 0.7145054
2614.64    -512.8104 -609.7016 0.7143921
2614.65    -512.6725 -609.6919 0.7142806
2614.66    -512.5347 -609.6821 0.7141708
2614.67    -512.3968 -609.6723 0.7140633
2614.68    -512.2589 -609.6625 0.7139579
2614.69    -512.1208 -609.6526 0.7138546
2614.7    -511.9828 -609.6428 0.7137532
2614.71    -511.8447 -609.6328 0.7136537
2614.72    -511.7066 -609.6229 0.7135561
2614.73    -511.5684 -609.6129 0.7134602
2614.74    -511.4301 -609.6029 0.713366
2614.75    -511.2918 -609.5929 0.7132733
2614.76    -511.1534 -609.5828 0.7131822
2614.77    -511.015 -609.5727 0.7130926
2614.78    -510.8766 -609.5626 0.7130043
2614.79    -510.738 -609.5525 0.7129173
2614.8    -510.5995 -609.5424 0.7128315
2614.81    -510.4609 -609.5322 0.712747
2614.82    -510.3223 -609.5219 0.7126635
2614.83    -510.1836 -609.5117 0.7125812
2614.84    -510.0448 -609.5015 0.7124998
2614.85    -509.906 -609.4912 0.7124195
2614.86    -509.7672 -609.481 0.7123401
2614.87    -509.6283 -609.4706 0.7122615
2614.88    -509.4893 -609.4603 0.7121838
2614.89    -509.3503 -609.45 0.7121069
2614.9    -509.2112 -609.4396 0.7120308
2614.91    -509.0722 -609.4292 0.7119554
2614.92    -508.933 -609.4188 0.7118807
2614.93    -508.7939 -609.4084 0.7118067
2614.94    -508.6546 -609.3979 0.7117333
2614.95    -508.5153 -609.3875 0.7116605
2614.96    -508.376 -609.377 0.7115883
2614.97    -508.2366 -609.3665 0.7115166
2614.98    -508.0972 -609.356 0.7114454
2614.99    -507.9577 -609.3455 0.7113748
2615    -507.8181 -609.335 0.7113046
2615.01    -507.6786 -609.3244 0.7112349
2615.02    -507.5389 -609.3138 0.7111656
2615.03    -507.3993 -609.3033 0.7110967
2615.04    -507.2595 -609.2927 0.7110282
2615.05    -507.1197 -609.2821 0.7109601
2615.06    -506.9799 -609.2715 0.7108923
2615.07    -506.84 -609.2609 0.7108249
2615.08    -506.7001 -609.2502 0.7107577
2615.09    -506.5601 -609.2396 0.710691
2615.1    -506.4201 -609.229 0.7106244
2615.11    -506.28 -609.2184 0.7105581
2615.12    -506.1399 -609.2078 0.7104922
2615.13    -505.9997 -609.1971 0.7104264
2615.14    -505.8595 -609.1864 0.710361
2615.15    -505.7192 -609.1757 0.7102957
2615.16    -505.5789 -609.165 0.7102308
2615.17    -505.4385 -609.1544 0.7101659
2615.18    -505.298 -609.1437 0.7101012
2615.19    -505.1576 -609.1331 0.7100369
2615.2    -505.017 -609.1224 0.7099726
2615.21    -504.8764 -609.1117 0.7099086
2615.22    -504.7358 -609.1011 0.7098446
2615.23    -504.5951 -609.0905 0.7097809
2615.24    -504.4544 -609.0799 0.7097173
2615.25    -504.3136 -609.0693 0.7096538
2615.26    -504.1727 -609.0587 0.7095905
2615.27    -504.0319 -609.0481 0.7095273
2615.28    -503.891 -609.0375 0.7094641
2615.29    -503.75 -609.0269 0.7094011
2615.3    -503.6089 -609.0163 0.7093384
2615.31    -503.4679 -609.0057 0.7092755
2615.32    -503.3268 -608.9951 0.7092128
2615.33    -503.1856 -608.9846 0.7091503
2615.34    -503.0444 -608.9741 0.7090878
2615.35    -502.9032 -608.9636 0.7090255
2615.36    -502.7618 -608.953 0.7089632
2615.37    -502.6205 -608.9425 0.708901
2615.38    -502.4791 -608.932 0.7088389
2615.39    -502.3377 -608.9216 0.7087768
2615.4    -502.1962 -608.9111 0.7087148
2615.41    -502.0546 -608.9007 0.7086529
2615.42    -501.913 -608.8903 0.708591
2615.43    -501.7714 -608.8799 0.7085293
2615.44    -501.6297 -608.8696 0.7084675
2615.45    -501.4879 -608.8592 0.7084059
2615.46    -501.3461 -608.8489 0.7083443
2615.47    -501.2043 -608.8386 0.7082827
2615.48    -501.0624 -608.8282 0.7082211
2615.49    -500.9205 -608.818 0.7081597
2615.5    -500.7786 -608.8077 0.7080982
2615.51    -500.6366 -608.7975 0.7080368
2615.52    -500.4945 -608.7873 0.7079754
2615.53    -500.3524 -608.7771 0.7079141
2615.54    -500.2102 -608.767 0.7078528
2615.55    -500.068 -608.7568 0.7077915
2615.56    -499.9258 -608.7467 0.7077303
2615.57    -499.7835 -608.7366 0.7076691
2615.58    -499.6412 -608.7266 0.7076079
2615.59    -499.4988 -608.7166 0.7075468
2615.6    -499.3564 -608.7066 0.7074857
2615.61    -499.2139 -608.6967 0.7074246
2615.62    -499.0714 -608.6868 0.7073635
2615.63    -498.9288 -608.6768 0.7073025
2615.64    -498.7862 -608.667 0.7072415
2615.65    -498.6435 -608.6572 0.7071805
2615.66    -498.5008 -608.6474 0.7071195
2615.67    -498.3581 -608.6376 0.7070585
2615.68    -498.2153 -608.6279 0.7069976
2615.69    -498.0725 -608.6183 0.7069367
2615.7    -497.9296 -608.6086 0.7068757
2615.71    -497.7867 -608.5991 0.7068149
2615.72    -497.6437 -608.5895 0.706754
2615.73    -497.5007 -608.58 0.7066931
2615.74    -497.3577 -608.5705 0.7066323
2615.75    -497.2146 -608.561 0.7065715
2615.76    -497.0715 -608.5516 0.7065107
2615.77    -496.9283 -608.5423 0.7064498
2615.78    -496.7851 -608.5329 0.706389
2615.79    -496.6419 -608.5236 0.7063282
2615.8    -496.4986 -608.5144 0.7062674
2615.81    -496.3553 -608.5052 0.7062066
2615.82    -496.2119 -608.496 0.7061459
2615.83    -496.0685 -608.4869 0.7060851
2615.84    -495.9251 -608.4778 0.7060244
2615.85    -495.7816 -608.4688 0.7059637
2615.86    -495.6381 -608.4598 0.7059029
2615.87    -495.4946 -608.4509 0.7058422
2615.88    -495.351 -608.442 0.7057815
2615.89    -495.2074 -608.4331 0.7057208
2615.9    -495.0638 -608.4243 0.7056601
2615.91    -494.9201 -608.4155 0.7055994
2615.92    -494.7764 -608.4067 0.7055387
2615.93    -494.6327 -608.3981 0.705478
2615.94    -494.4889 -608.3895 0.7054173
2615.95    -494.3451 -608.3809 0.7053567
2615.96    -494.2012 -608.3723 0.705296
2615.97    -494.0574 -608.3638 0.7052354
2615.98    -493.9135 -608.3553 0.7051748
2615.99    -493.7695 -608.3469 0.7051143
2616    -493.6255 -608.3386 0.7050537
2616.01    -493.4815 -608.3303 0.7049934
2616.02    -493.3375 -608.322 0.7049332
2616.03    -493.1934 -608.3138 0.7048731
2616.04    -493.0493 -608.3055 0.7048132
2616.05    -492.9051 -608.2974 0.7047535
2616.06    -492.761 -608.2894 0.7046944
2616.07    -492.6168 -608.2813 0.7046357
2616.08    -492.4725 -608.2733 0.7045776
2616.09    -492.3282 -608.2654 0.70452
2616.1    -492.1839 -608.2575 0.7044629
2616.11    -492.0396 -608.2496 0.7044067
2616.12    -491.8952 -608.2418 0.7043513
2616.13    -491.7508 -608.2341 0.7042968
2616.14    -491.6064 -608.2264 0.704243
2616.15    -491.4619 -608.2188 0.70419
2616.16    -491.3174 -608.2112 0.7041379
2616.17    -491.1728 -608.2036 0.7040867
2616.18    -491.0283 -608.1961 0.7040362
2616.19    -490.8837 -608.1886 0.7039866
2616.2    -490.739 -608.1812 0.7039377
2616.21    -490.5944 -608.1739 0.7038895
2616.22    -490.4497 -608.1666 0.7038419
2616.23    -490.305 -608.1594 0.703795
2616.24    -490.1603 -608.1522 0.7037487
2616.25    -490.0155 -608.145 0.7037029
2616.26    -489.8707 -608.1379 0.7036577
2616.27    -489.7259 -608.1309 0.7036132
2616.28    -489.5811 -608.1238 0.703569
2616.29    -489.4362 -608.1169 0.7035253
2616.3    -489.2912 -608.11 0.7034822
2616.31    -489.1463 -608.1031 0.7034395
2616.32    -489.0013 -608.0964 0.7033972
2616.33    -488.8564 -608.0897 0.7033553
2616.34    -488.7113 -608.0829 0.7033138
2616.35    -488.5663 -608.0762 0.7032726
2616.36    -488.4212 -608.0696 0.7032318
2616.37    -488.2762 -608.0631 0.7031914
2616.38    -488.131 -608.0566 0.7031512
2616.39    -487.9859 -608.0502 0.7031114
2616.4    -487.8407 -608.0439 0.7030718
2616.41    -487.6955 -608.0375 0.7030326
2616.42    -487.5503 -608.0313 0.7029936
2616.43    -487.4051 -608.025 0.7029548
2616.44    -487.2598 -608.0188 0.7029163
2616.45    -487.1145 -608.0127 0.7028781
2616.46    -486.9692 -608.0067 0.70284
2616.47    -486.8239 -608.0007 0.7028021
2616.48    -486.6785 -607.9947 0.7027645
2616.49    -486.5331 -607.9888 0.7027271
2616.5    -486.3877 -607.9829 0.7026898
2616.51    -486.2423 -607.9771 0.7026526
2616.52    -486.0969 -607.9713 0.7026157
2616.53    -485.9514 -607.9656 0.702579
2616.54    -485.806 -607.96 0.7025423
2616.55    -485.6605 -607.9544 0.7025058
2616.56    -485.515 -607.9489 0.7024695
2616.57    -485.3694 -607.9434 0.7024335
2616.58    -485.2238 -607.9379 0.7023975
2616.59    -485.0782 -607.9326 0.7023618
2616.6    -484.9326 -607.9272 0.7023261
2616.61    -484.787 -607.9219 0.7022908
2616.62    -484.6413 -607.9167 0.7022558
2616.63    -484.4956 -607.9116 0.702221
2616.64    -484.3499 -607.9064 0.7021865
2616.65    -484.2041 -607.9014 0.7021522
2616.66    -484.0583 -607.8964 0.7021181
2616.67    -483.9125 -607.8914 0.7020842
2616.68    -483.7668 -607.8865 0.7020507
2616.69    -483.6209 -607.8817 0.7020178
2616.7    -483.4751 -607.8769 0.7019853
2616.71    -483.3292 -607.8721 0.7019532
2616.72    -483.1833 -607.8674 0.7019216
2616.73    -483.0374 -607.8628 0.7018904
2616.74    -482.8915 -607.8582 0.7018596
2616.75    -482.7455 -607.8537 0.7018292
2616.76    -482.5996 -607.8492 0.7017992
2616.77    -482.4536 -607.8448 0.7017695
2616.78    -482.3075 -607.8404 0.7017401
2616.79    -482.1615 -607.8361 0.7017111
2616.8    -482.0154 -607.8318 0.7016824
2616.81    -481.8693 -607.8276 0.701654
2616.82    -481.7232 -607.8234 0.7016258
2616.83    -481.5771 -607.8193 0.7015979
2616.84    -481.4309 -607.8152 0.7015703
2616.85    -481.2847 -607.8112 0.701543
2616.86    -481.1385 -607.8072 0.7015159
2616.87    -480.9923 -607.8033 0.7014889
2616.88    -480.8461 -607.7994 0.7014623
2616.89    -480.6998 -607.7955 0.7014357
2616.9    -480.5535 -607.7917 0.7014094
2616.91    -480.4072 -607.788 0.7013834
2616.92    -480.2609 -607.7844 0.7013574
2616.93    -480.1146 -607.7807 0.7013316
2616.94    -479.9682 -607.7771 0.701306
2616.95    -479.8218 -607.7736 0.7012805
2616.96    -479.6754 -607.77 0.7012552
2616.97    -479.529 -607.7666 0.70123
2616.98    -479.3825 -607.7632 0.701205
2616.99    -479.2361 -607.7598 0.70118
2617    -479.0895 -607.7565 0.7011552
2617.01    -478.943 -607.7532 0.7011305
2617.02    -478.7965 -607.75 0.701106
2617.03    -478.6499 -607.7468 0.7010815
2617.04    -478.5033 -607.7437 0.7010572
2617.05    -478.3567 -607.7406 0.7010329
2617.06    -478.2101 -607.7375 0.7010087
2617.07    -478.0635 -607.7345 0.7009846
2617.08    -477.9168 -607.7315 0.7009606
2617.09    -477.7701 -607.7286 0.7009367
2617.1    -477.6234 -607.7257 0.7009128
2617.11    -477.4767 -607.7228 0.7008891
2617.12    -477.3299 -607.72 0.7008654
2617.13    -477.1831 -607.7172 0.7008417
2617.14    -477.0363 -607.7145 0.7008182
2617.15    -476.8895 -607.7118 0.7007947
2617.16    -476.7426 -607.7092 0.7007713
2617.17    -476.5958 -607.7066 0.7007478
2617.18    -476.4489 -607.704 0.7007245
2617.19    -476.302 -607.7015 0.7007012
2617.2    -476.1551 -607.699 0.7006779
2617.21    -476.0081 -607.6965 0.7006547
2617.22    -475.8611 -607.6941 0.7006316
2617.23    -475.7142 -607.6917 0.7006085
2617.24    -475.5672 -607.6893 0.7005854
2617.25    -475.4201 -607.6871 0.7005624
2617.26    -475.2731 -607.6848 0.7005393
2617.27    -475.126 -607.6826 0.7005163
2617.28    -474.9789 -607.6804 0.7004933
2617.29    -474.8318 -607.6782 0.7004704
2617.3    -474.6847 -607.6761 0.7004474
2617.31    -474.5375 -607.674 0.7004244
2617.32    -474.3904 -607.6719 0.7004014
2617.33    -474.2432 -607.6699 0.7003784
2617.34    -474.096 -607.6679 0.7003553
2617.35    -473.9488 -607.6659 0.7003323
2617.36    -473.8016 -607.664 0.7003092
2617.37    -473.6544 -607.6621 0.7002862
2617.38    -473.5071 -607.6602 0.7002632
2617.39    -473.3598 -607.6584 0.7002401
2617.4    -473.2125 -607.6566 0.700217
2617.41    -473.0652 -607.6549 0.7001939
2617.42    -472.9179 -607.6531 0.7001708
2617.43    -472.7705 -607.6514 0.7001476
2617.44    -472.6232 -607.6498 0.7001244
2617.45    -472.4758 -607.6481 0.7001011
2617.46    -472.3284 -607.6465 0.7000776
2617.47    -472.181 -607.6449 0.700054
2617.48    -472.0336 -607.6433 0.7000302
2617.49    -471.8861 -607.6417 0.7000062
2617.5    -471.7387 -607.6403 0.6999822
2617.51    -471.5912 -607.6387 0.6999578
2617.52    -471.4437 -607.6373 0.6999335
2617.53    -471.2962 -607.6359 0.6999089
2617.54    -471.1487 -607.6344 0.6998842
2617.55    -471.0011 -607.633 0.6998594
2617.56    -470.8536 -607.6317 0.6998345
2617.57    -470.7061 -607.6303 0.6998094
2617.58    -470.5585 -607.629 0.6997842
2617.59    -470.4109 -607.6276 0.6997589
2617.6    -470.2632 -607.6264 0.6997335
2617.61    -470.1156 -607.6251 0.6997079
2617.62    -469.968 -607.6239 0.6996823
2617.63    -469.8203 -607.6227 0.6996565
2617.64    -469.6727 -607.6215 0.6996307
2617.65    -469.525 -607.6204 0.6996047
2617.66    -469.3773 -607.6192 0.6995788
2617.67    -469.2296 -607.6181 0.6995527
2617.68    -469.0818 -607.6171 0.6995265
2617.69    -468.9341 -607.616 0.6995003
2617.7    -468.7863 -607.6149 0.699474
2617.71    -468.6386 -607.6139 0.6994476
2617.72    -468.4908 -607.6129 0.6994212
2617.73    -468.343 -607.6119 0.6993947
2617.74    -468.1953 -607.611 0.6993681
2617.75    -468.0474 -607.61 0.6993415
2617.76    -467.8996 -607.6091 0.6993148
2617.77    -467.7518 -607.6082 0.6992881
2617.78    -467.604 -607.6073 0.6992614
2617.79    -467.4561 -607.6064 0.6992345
2617.8    -467.3083 -607.6056 0.6992077
2617.81    -467.1604 -607.6048 0.6991808
2617.82    -467.0125 -607.6039 0.6991539
2617.83    -466.8647 -607.6031 0.699127
2617.84    -466.7168 -607.6024 0.6991
2617.85    -466.5689 -607.6016 0.6990729
2617.86    -466.4211 -607.6009 0.6990458
2617.87    -466.2732 -607.6002 0.6990188
2617.88    -466.1253 -607.5994 0.6989917
2617.89    -465.9774 -607.5987 0.6989645
2617.9    -465.8295 -607.598 0.6989373
2617.91    -465.6816 -607.5974 0.6989101
2617.92    -465.5337 -607.5967 0.6988828
2617.93    -465.3858 -607.5961 0.6988556
2617.94    -465.2379 -607.5955 0.6988283
2617.95    -465.09 -607.5949 0.698801
2617.96    -464.9421 -607.5944 0.6987739
2617.97    -464.7943 -607.5938 0.6987467
2617.98    -464.6464 -607.5933 0.6987197
2617.99    -464.4984 -607.5927 0.6986929
2618    -464.3505 -607.5922 0.698666
2618.01    -464.2026 -607.5917 0.6986397
2618.02    -464.0547 -607.5912 0.6986139
2618.03    -463.9068 -607.5908 0.6985885
2618.04    -463.7589 -607.5903 0.6985636
2618.05    -463.611 -607.5898 0.6985391
2618.06    -463.4631 -607.5894 0.698516
2618.07    -463.3152 -607.589 0.6984942
2618.08    -463.1673 -607.5886 0.6984736
2618.09    -463.0193 -607.5881 0.6984543
2618.1    -462.8714 -607.5877 0.6984361
2618.11    -462.7235 -607.5873 0.6984206
2618.12    -462.5756 -607.5869 0.6984078
2618.13    -462.4277 -607.5865 0.6983975
2618.14    -462.2798 -607.5862 0.6983895
2618.15    -462.1318 -607.5858 0.6983836
2618.16    -461.9839 -607.5854 0.6983819
2618.17    -461.836 -607.5851 0.6983839
2618.18    -461.688 -607.5848 0.6983895
2618.19    -461.5401 -607.5844 0.6983986
2618.2    -461.3921 -607.5841 0.698411
2618.21    -461.2442 -607.5838 0.6984278
2618.22    -461.0963 -607.5835 0.698449
2618.23    -460.9483 -607.5832 0.698474
2618.24    -460.8004 -607.5829 0.698503
2618.25    -460.6524 -607.5826 0.6985357
2618.26    -460.5045 -607.5823 0.6985722
2618.27    -460.3565 -607.582 0.6986123
2618.28    -460.2086 -607.5816 0.6986561
2618.29    -460.0606 -607.5813 0.6987032
2618.3    -459.9127 -607.581 0.6987534
2618.31    -459.7647 -607.5807 0.6988067
2618.32    -459.6168 -607.5804 0.6988629
2618.33    -459.4688 -607.5801 0.6989219
2618.34    -459.3208 -607.5798 0.6989835
2618.35    -459.1729 -607.5795 0.6990476
2618.36    -459.0249 -607.5792 0.6991141
2618.37    -458.8769 -607.5788 0.699183
2618.38    -458.7289 -607.5785 0.6992541
2618.39    -458.581 -607.5782 0.6993272
2618.4    -458.433 -607.5779 0.6994023
2618.41    -458.285 -607.5776 0.6994792
2618.42    -458.1371 -607.5773 0.699558
2618.43    -457.9891 -607.5769 0.6996385
2618.44    -457.8411 -607.5766 0.6997207
2618.45    -457.6931 -607.5763 0.6998044
2618.46    -457.5452 -607.576 0.6998897
2618.47    -457.3972 -607.5757 0.6999763
2618.48    -457.2492 -607.5753 0.7000644
2618.49    -457.1012 -607.575 0.7001536
2618.5    -456.9532 -607.5746 0.7002441
2618.51    -456.8052 -607.5742 0.7003359
2618.52    -456.6573 -607.5738 0.7004287
2618.53    -456.5093 -607.5734 0.7005225
2618.54    -456.3613 -607.5731 0.7006175
2618.55    -456.2133 -607.5727 0.7007134
2618.56    -456.0653 -607.5723 0.7008101
2618.57    -455.9173 -607.5719 0.7009078
2618.58    -455.7693 -607.5715 0.7010063
2618.59    -455.6213 -607.571 0.7011055
2618.6    -455.4733 -607.5706 0.7012057
2618.61    -455.3253 -607.5701 0.7013063
2618.62    -455.1774 -607.5697 0.7014077
2618.63    -455.0294 -607.5692 0.7015096
2618.64    -454.8813 -607.5687 0.7016121
2618.65    -454.7333 -607.5682 0.701715
2618.66    -454.5854 -607.5677 0.7018183
2618.67    -454.4373 -607.5672 0.7019217
2618.68    -454.2893 -607.5667 0.7020252
2618.69    -454.1413 -607.5661 0.7021291
2618.7    -453.9933 -607.5656 0.702233
2618.71    -453.8453 -607.565 0.7023371
2618.72    -453.6973 -607.5645 0.7024404
2618.73    -453.5493 -607.5638 0.7025427
2618.74    -453.4012 -607.5632 0.7026443
2618.75    -453.2532 -607.5626 0.7027451
2618.76    -453.1052 -607.562 0.7028442
2618.77    -452.9572 -607.5613 0.7029417
2618.78    -452.8092 -607.5607 0.7030378
2618.79    -452.6611 -607.5599 0.7031323
2618.8    -452.5131 -607.5593 0.7032254
2618.81    -452.3651 -607.5586 0.7033173
2618.82    -452.217 -607.5578 0.7034068
2618.83    -452.069 -607.5571 0.7034939
2618.84    -451.921 -607.5563 0.7035789
2618.85    -451.7729 -607.5555 0.7036619
2618.86    -451.6249 -607.5547 0.7037426
2618.87    -451.4769 -607.554 0.7038211
2618.88    -451.3289 -607.5531 0.7038976
2618.89    -451.1808 -607.5523 0.703972
2618.9    -451.0328 -607.5515 0.7040446
2618.91    -450.8848 -607.5505 0.7041155
2618.92    -450.7368 -607.5497 0.7041845
2618.93    -450.5887 -607.5488 0.7042518
2618.94    -450.4407 -607.5478 0.7043176
2618.95    -450.2926 -607.5469 0.7043819
2618.96    -450.1446 -607.546 0.7044448
2618.97    -449.9966 -607.5449 0.7045062
2618.98    -449.8485 -607.5439 0.7045663
2618.99    -449.7005 -607.543 0.7046252
2619    -449.5524 -607.5419 0.7046829
2619.01    -449.4044 -607.5408 0.7047394
2619.02    -449.2563 -607.5398 0.7047948
2619.03    -449.1083 -607.5386 0.7048491
2619.04    -448.9602 -607.5375 0.7049024
2619.05    -448.8122 -607.5364 0.7049546
2619.06    -448.6641 -607.5353 0.7050057
2619.07    -448.5161 -607.5341 0.7050555
2619.08    -448.368 -607.5329 0.7051044
2619.09    -448.22 -607.5317 0.705152
2619.1    -448.0719 -607.5305 0.7051988
2619.11    -447.9239 -607.5292 0.7052438
2619.12    -447.7758 -607.528 0.7052872
2619.13    -447.6277 -607.5267 0.7053289
2619.14    -447.4797 -607.5254 0.7053692
