2164.27    -648.7386 -613.9271 0.7119167
2164.28    -648.593 -613.9186 0.7119344
2164.29    -648.4474 -613.9102 0.711951
2164.3    -648.3018 -613.9018 0.7119668
2164.31    -648.1561 -613.8934 0.7119817
2164.32    -648.0105 -613.8849 0.7119958
2164.33    -647.8649 -613.8765 0.7120087
2164.34    -647.7192 -613.8681 0.7120202
2164.35    -647.5736 -613.8597 0.7120306
2164.36    -647.428 -613.8513 0.7120399
2164.37    -647.2823 -613.8428 0.7120481
2164.38    -647.1367 -613.8344 0.7120549
2164.39    -646.9911 -613.826 0.7120603
2164.4    -646.8455 -613.8176 0.7120645
2164.41    -646.6998 -613.8091 0.7120674
2164.42    -646.5542 -613.8007 0.7120691
2164.43    -646.4086 -613.7923 0.7120695
2164.44    -646.2629 -613.7839 0.7120685
2164.45    -646.1173 -613.7755 0.7120663
2164.46    -645.9717 -613.7671 0.712063
2164.47    -645.826 -613.7587 0.7120584
2164.48    -645.6805 -613.7502 0.7120528
2164.49    -645.5349 -613.7418 0.7120461
2164.5    -645.3893 -613.7334 0.7120383
2164.51    -645.2438 -613.725 0.7120297
2164.52    -645.0982 -613.7166 0.7120202
2164.53    -644.9526 -613.7083 0.7120097
2164.54    -644.8071 -613.6999 0.7119983
2164.55    -644.6616 -613.6915 0.7119862
2164.56    -644.5161 -613.6832 0.7119733
2164.57    -644.3706 -613.6749 0.7119597
2164.58    -644.2251 -613.6665 0.7119454
2164.59    -644.0796 -613.6582 0.7119305
2164.6    -643.9341 -613.6499 0.711915
2164.61    -643.7887 -613.6417 0.7118988
2164.62    -643.6432 -613.6334 0.7118822
2164.63    -643.4978 -613.6251 0.7118649
2164.64    -643.3524 -613.6168 0.7118472
2164.65    -643.2069 -613.6085 0.7118289
2164.66    -643.0615 -613.6003 0.7118102
2164.67    -642.9161 -613.5921 0.711791
2164.68    -642.7708 -613.5839 0.7117714
2164.69    -642.6254 -613.5757 0.7117513
2164.7    -642.48 -613.5675 0.7117309
2164.71    -642.3347 -613.5593 0.7117101
2164.72    -642.1894 -613.5512 0.7116889
2164.73    -642.0441 -613.543 0.7116673
2164.74    -641.8988 -613.5349 0.7116454
2164.75    -641.7535 -613.5269 0.7116232
2164.76    -641.6083 -613.5187 0.7116007
2164.77    -641.463 -613.5106 0.711578
2164.78    -641.3177 -613.5026 0.7115549
2164.79    -641.1725 -613.4946 0.7115316
2164.8    -641.0273 -613.4866 0.7115081
2164.81    -640.8821 -613.4786 0.7114843
2164.82    -640.7369 -613.4706 0.7114603
2164.83    -640.5918 -613.4626 0.7114362
2164.84    -640.4467 -613.4547 0.7114117
2164.85    -640.3015 -613.4468 0.7113871
2164.86    -640.1564 -613.4388 0.7113623
2164.87    -640.0112 -613.431 0.7113374
2164.88    -639.8661 -613.4231 0.7113122
2164.89    -639.7211 -613.4153 0.711287
2164.9    -639.576 -613.4074 0.7112616
2164.91    -639.4309 -613.3997 0.7112361
2164.92    -639.2859 -613.3918 0.7112104
2164.93    -639.1409 -613.3841 0.7111846
2164.94    -638.9958 -613.3764 0.7111586
2164.95    -638.8509 -613.3687 0.7111326
2164.96    -638.7059 -613.361 0.7111065
2164.97    -638.561 -613.3533 0.7110803
2164.98    -638.4161 -613.3457 0.7110539
2164.99    -638.2712 -613.3381 0.7110274
2165    -638.1263 -613.3305 0.7110009
2165.01    -637.9813 -613.3229 0.7109744
2165.02    -637.8364 -613.3154 0.7109477
2165.03    -637.6916 -613.3078 0.7109209
2165.04    -637.5468 -613.3004 0.7108941
2165.05    -637.4019 -613.2928 0.7108672
2165.06    -637.2571 -613.2854 0.7108403
2165.07    -637.1122 -613.278 0.7108133
2165.08    -636.9674 -613.2706 0.7107862
2165.09    -636.8226 -613.2632 0.710759
2165.1    -636.6779 -613.2559 0.7107319
2165.11    -636.5331 -613.2485 0.7107046
2165.12    -636.3884 -613.2412 0.7106774
2165.13    -636.2437 -613.2339 0.71065
2165.14    -636.0989 -613.2267 0.7106227
2165.15    -635.9542 -613.2194 0.7105952
2165.16    -635.8096 -613.2122 0.7105678
2165.17    -635.6649 -613.205 0.7105403
2165.18    -635.5203 -613.1978 0.7105128
2165.19    -635.3757 -613.1907 0.7104852
2165.2    -635.2311 -613.1835 0.7104576
2165.21    -635.0865 -613.1765 0.71043
2165.22    -634.9419 -613.1694 0.7104024
2165.23    -634.7974 -613.1623 0.7103748
2165.24    -634.6528 -613.1553 0.7103471
2165.25    -634.5083 -613.1483 0.7103195
2165.26    -634.3638 -613.1413 0.7102919
2165.27    -634.2192 -613.1343 0.7102643
2165.28    -634.0748 -613.1273 0.7102368
2165.29    -633.9303 -613.1204 0.7102095
2165.3    -633.7858 -613.1135 0.7101822
2165.31    -633.6414 -613.1066 0.7101551
2165.32    -633.4969 -613.0998 0.7101281
2165.33    -633.3525 -613.093 0.7101015
2165.34    -633.2081 -613.0861 0.7100751
2165.35    -633.0637 -613.0794 0.710049
2165.36    -632.9193 -613.0726 0.7100232
2165.37    -632.7749 -613.0659 0.7099977
2165.38    -632.6306 -613.0592 0.7099727
2165.39    -632.4862 -613.0525 0.7099482
2165.4    -632.3419 -613.0458 0.709924
2165.41    -632.1976 -613.0392 0.7099003
2165.42    -632.0533 -613.0325 0.709877
2165.43    -631.9091 -613.0259 0.7098541
2165.44    -631.7649 -613.0194 0.7098316
2165.45    -631.6207 -613.0128 0.7098095
2165.46    -631.4764 -613.0063 0.7097879
2165.47    -631.3322 -612.9998 0.7097666
2165.48    -631.188 -612.9933 0.7097456
2165.49    -631.0439 -612.9869 0.7097251
2165.5    -630.8997 -612.9805 0.7097048
2165.51    -630.7556 -612.9741 0.7096848
2165.52    -630.6114 -612.9677 0.7096651
2165.53    -630.4673 -612.9612 0.7096457
2165.54    -630.3232 -612.955 0.7096266
2165.55    -630.1791 -612.9486 0.7096078
2165.56    -630.035 -612.9423 0.7095891
2165.57    -629.8909 -612.9361 0.7095707
2165.58    -629.7468 -612.9298 0.7095525
2165.59    -629.6028 -612.9236 0.7095345
2165.6    -629.4587 -612.9174 0.7095166
2165.61    -629.3148 -612.9113 0.7094989
2165.62    -629.1708 -612.9052 0.7094815
2165.63    -629.0268 -612.899 0.7094641
2165.64    -628.8829 -612.8929 0.7094468
2165.65    -628.739 -612.8868 0.7094296
2165.66    -628.595 -612.8808 0.7094124
2165.67    -628.4511 -612.8748 0.7093953
2165.68    -628.3073 -612.8688 0.7093781
2165.69    -628.1634 -612.8628 0.7093608
2165.7    -628.0195 -612.8569 0.7093436
2165.71    -627.8757 -612.8509 0.7093261
2165.72    -627.7318 -612.845 0.7093086
2165.73    -627.588 -612.8391 0.7092908
2165.74    -627.4442 -612.8333 0.7092728
2165.75    -627.3004 -612.8274 0.7092545
2165.76    -627.1566 -612.8216 0.709236
2165.77    -627.0128 -612.8158 0.7092172
2165.78    -626.8691 -612.8101 0.709198
2165.79    -626.7253 -612.8043 0.7091783
2165.8    -626.5816 -612.7985 0.7091582
2165.81    -626.4379 -612.7928 0.7091377
2165.82    -626.2943 -612.7872 0.7091167
2165.83    -626.1506 -612.7816 0.7090954
2165.84    -626.007 -612.7759 0.7090734
2165.85    -625.8633 -612.7703 0.7090508
2165.86    -625.7197 -612.7647 0.7090276
2165.87    -625.5761 -612.7591 0.7090037
2165.88    -625.4325 -612.7535 0.7089794
2165.89    -625.2889 -612.748 0.7089542
2165.9    -625.1454 -612.7425 0.7089282
2165.91    -625.0018 -612.737 0.7089015
2165.92    -624.8583 -612.7316 0.708874
2165.93    -624.7148 -612.7261 0.7088457
2165.94    -624.5713 -612.7206 0.7088165
2165.95    -624.4278 -612.7153 0.7087865
2165.96    -624.2843 -612.7098 0.7087559
2165.97    -624.1408 -612.7045 0.7087244
2165.98    -623.9974 -612.6991 0.708692
2165.99    -623.8539 -612.6938 0.7086588
2166    -623.7105 -612.6885 0.7086246
2166.01    -623.5671 -612.6832 0.7085897
2166.02    -623.4238 -612.6779 0.7085541
2166.03    -623.2804 -612.6727 0.7085176
2166.04    -623.137 -612.6674 0.7084801
2166.05    -622.9937 -612.6622 0.7084419
2166.06    -622.8504 -612.657 0.7084028
2166.07    -622.7071 -612.6519 0.7083629
2166.08    -622.5638 -612.6467 0.7083223
2166.09    -622.4206 -612.6415 0.708281
2166.1    -622.2773 -612.6364 0.7082388
2166.11    -622.1341 -612.6313 0.708196
2166.12    -621.9908 -612.6262 0.7081527
2166.13    -621.8476 -612.6211 0.7081087
2166.14    -621.7044 -612.6161 0.7080641
2166.15    -621.5612 -612.611 0.708019
2166.16    -621.418 -612.606 0.7079733
2166.17    -621.2748 -612.601 0.7079272
2166.18    -621.1317 -612.5961 0.7078808
2166.19    -620.9886 -612.5911 0.7078344
2166.2    -620.8455 -612.5861 0.7077877
2166.21    -620.7024 -612.5812 0.7077408
2166.22    -620.5593 -612.5763 0.7076939
2166.23    -620.4163 -612.5714 0.7076474
2166.24    -620.2732 -612.5665 0.7076012
2166.25    -620.1302 -612.5616 0.7075555
2166.26    -619.9872 -612.5568 0.7075102
2166.27    -619.8442 -612.552 0.7074651
2166.28    -619.7012 -612.5472 0.7074207
2166.29    -619.5583 -612.5424 0.7073769
2166.3    -619.4153 -612.5376 0.7073337
2166.31    -619.2724 -612.5329 0.7072909
2166.32    -619.1295 -612.5281 0.7072487
2166.33    -618.9866 -612.5234 0.7072071
2166.34    -618.8437 -612.5187 0.707166
2166.35    -618.7008 -612.514 0.7071253
2166.36    -618.5579 -612.5093 0.7070851
2166.37    -618.415 -612.5046 0.7070454
2166.38    -618.2722 -612.5 0.707006
2166.39    -618.1294 -612.4954 0.7069671
2166.4    -617.9866 -612.4908 0.7069286
2166.41    -617.8438 -612.4861 0.7068903
2166.42    -617.701 -612.4816 0.7068524
2166.43    -617.5583 -612.477 0.7068149
2166.44    -617.4156 -612.4724 0.7067777
2166.45    -617.2729 -612.4679 0.7067409
2166.46    -617.1302 -612.4634 0.7067042
2166.47    -616.9875 -612.4589 0.7066678
2166.48    -616.8448 -612.4543 0.7066318
2166.49    -616.7022 -612.4498 0.7065958
2166.5    -616.5596 -612.4454 0.7065602
2166.51    -616.4169 -612.441 0.7065248
2166.52    -616.2743 -612.4365 0.7064896
2166.53    -616.1317 -612.4321 0.7064546
2166.54    -615.9891 -612.4277 0.7064198
2166.55    -615.8466 -612.4233 0.7063851
2166.56    -615.704 -612.4189 0.7063506
2166.57    -615.5614 -612.4146 0.7063162
2166.58    -615.4189 -612.4102 0.7062821
2166.59    -615.2763 -612.4059 0.706248
2166.6    -615.1338 -612.4016 0.7062141
2166.61    -614.9913 -612.3973 0.7061803
2166.62    -614.8489 -612.393 0.7061466
2166.63    -614.7064 -612.3887 0.706113
2166.64    -614.564 -612.3845 0.7060795
2166.65    -614.4216 -612.3802 0.7060461
2166.66    -614.2792 -612.376 0.7060129
2166.67    -614.1368 -612.3718 0.7059797
2166.68    -613.9945 -612.3676 0.705947
2166.69    -613.8522 -612.3634 0.705915
2166.7    -613.7098 -612.3592 0.7058834
2166.71    -613.5675 -612.355 0.7058524
2166.72    -613.4252 -612.3508 0.7058218
2166.73    -613.2829 -612.3467 0.7057917
2166.74    -613.1406 -612.3425 0.7057621
2166.75    -612.9984 -612.3384 0.7057331
2166.76    -612.8561 -612.3343 0.7057043
2166.77    -612.7139 -612.3302 0.7056761
2166.78    -612.5717 -612.3261 0.7056482
2166.79    -612.4294 -612.322 0.7056208
2166.8    -612.2873 -612.318 0.7055936
2166.81    -612.1451 -612.3139 0.7055668
2166.82    -612.003 -612.3099 0.7055402
2166.83    -611.8608 -612.3058 0.705514
2166.84    -611.7188 -612.3018 0.705488
2166.85    -611.5767 -612.2978 0.7054624
2166.86    -611.4346 -612.2938 0.7054369
2166.87    -611.2925 -612.2898 0.7054118
2166.88    -611.1504 -612.2858 0.7053868
2166.89    -611.0084 -612.2819 0.7053621
2166.9    -610.8663 -612.2779 0.7053376
2166.91    -610.7243 -612.2739 0.7053132
2166.92    -610.5823 -612.27 0.7052891
2166.93    -610.4403 -612.2661 0.7052651
2166.94    -610.2983 -612.2621 0.7052413
2166.95    -610.1564 -612.2583 0.7052175
2166.96    -610.0144 -612.2544 0.7051939
2166.97    -609.8725 -612.2505 0.7051705
2166.98    -609.7306 -612.2466 0.7051471
2166.99    -609.5887 -612.2427 0.7051238
2167    -609.4468 -612.2388 0.7051005
2167.01    -609.305 -612.235 0.7050773
2167.02    -609.1631 -612.2311 0.7050542
2167.03    -609.0214 -612.2273 0.7050309
2167.04    -608.8796 -612.2235 0.7050077
2167.05    -608.7378 -612.2197 0.7049844
2167.06    -608.596 -612.2159 0.7049611
2167.07    -608.4542 -612.2121 0.7049376
2167.08    -608.3124 -612.2083 0.7049142
2167.09    -608.1707 -612.2045 0.7048906
2167.1    -608.029 -612.2007 0.704867
2167.11    -607.8873 -612.197 0.7048433
2167.12    -607.7455 -612.1932 0.7048195
2167.13    -607.6039 -612.1895 0.7047956
2167.14    -607.4622 -612.1858 0.7047716
2167.15    -607.3206 -612.1821 0.7047475
2167.16    -607.179 -612.1783 0.7047233
2167.17    -607.0374 -612.1746 0.704699
2167.18    -606.8958 -612.1709 0.7046747
2167.19    -606.7542 -612.1672 0.7046502
2167.2    -606.6127 -612.1635 0.7046257
2167.21    -606.4711 -612.1598 0.7046012
2167.22    -606.3296 -612.1561 0.7045765
2167.23    -606.188 -612.1525 0.7045518
2167.24    -606.0466 -612.1488 0.7045271
2167.25    -605.9051 -612.1452 0.7045022
2167.26    -605.7636 -612.1415 0.7044772
2167.27    -605.6221 -612.1379 0.7044522
2167.28    -605.4807 -612.1342 0.7044271
2167.29    -605.3393 -612.1306 0.704402
2167.3    -605.1979 -612.127 0.7043768
2167.31    -605.0565 -612.1234 0.7043515
2167.32    -604.9151 -612.1198 0.7043262
2167.33    -604.7737 -612.1162 0.7043008
2167.34    -604.6324 -612.1126 0.7042753
2167.35    -604.4911 -612.109 0.7042499
2167.36    -604.3498 -612.1055 0.7042244
2167.37    -604.2085 -612.1019 0.7041987
2167.38    -604.0672 -612.0983 0.7041731
2167.39    -603.926 -612.0948 0.7041475
2167.4    -603.7847 -612.0912 0.7041217
2167.41    -603.6435 -612.0877 0.704096
2167.42    -603.5023 -612.0842 0.7040702
2167.43    -603.361 -612.0806 0.7040443
2167.44    -603.2198 -612.0771 0.7040184
2167.45    -603.0787 -612.0735 0.7039925
2167.46    -602.9375 -612.07 0.7039665
2167.47    -602.7963 -612.0665 0.7039405
2167.48    -602.6552 -612.0631 0.7039144
2167.49    -602.5141 -612.0596 0.7038882
2167.5    -602.373 -612.0562 0.7038621
2167.51    -602.2319 -612.0527 0.7038358
2167.52    -602.0908 -612.0492 0.7038096
2167.53    -601.9498 -612.0457 0.7037833
2167.54    -601.8087 -612.0422 0.703757
2167.55    -601.6677 -612.0388 0.7037305
2167.56    -601.5267 -612.0353 0.7037041
2167.57    -601.3857 -612.0319 0.7036775
2167.58    -601.2448 -612.0284 0.7036509
2167.59    -601.1039 -612.025 0.7036243
2167.6    -600.963 -612.0217 0.7035975
2167.61    -600.822 -612.0182 0.7035708
2167.62    -600.6811 -612.0148 0.703544
2167.63    -600.5402 -612.0114 0.703517
2167.64    -600.3994 -612.008 0.7034901
2167.65    -600.2585 -612.0046 0.7034632
2167.66    -600.1176 -612.0012 0.7034361
2167.67    -599.9767 -611.9977 0.703409
2167.68    -599.8359 -611.9943 0.7033818
2167.69    -599.6951 -611.9909 0.7033544
2167.7    -599.5543 -611.9875 0.7033269
2167.71    -599.4136 -611.9841 0.7032993
2167.72    -599.2728 -611.9807 0.7032716
2167.73    -599.1321 -611.9772 0.7032437
2167.74    -598.9914 -611.9738 0.7032156
2167.75    -598.8507 -611.9704 0.7031874
2167.76    -598.71 -611.9669 0.7031589
2167.77    -598.5693 -611.9635 0.7031303
2167.78    -598.4287 -611.9601 0.7031015
2167.79    -598.2881 -611.9566 0.7030724
2167.8    -598.1475 -611.9531 0.7030431
2167.81    -598.0068 -611.9496 0.7030135
2167.82    -597.8662 -611.9461 0.7029838
2167.83    -597.7256 -611.9426 0.7029539
2167.84    -597.5851 -611.9391 0.7029237
2167.85    -597.4445 -611.9357 0.7028934
2167.86    -597.304 -611.9322 0.7028629
2167.87    -597.1635 -611.9286 0.7028322
2167.88    -597.0229 -611.9252 0.7028012
2167.89    -596.8825 -611.9216 0.7027702
2167.9    -596.7421 -611.9181 0.702739
2167.91    -596.6016 -611.9145 0.7027075
2167.92    -596.4612 -611.9109 0.7026759
2167.93    -596.3207 -611.9074 0.7026442
2167.94    -596.1804 -611.9038 0.7026123
2167.95    -596.04 -611.9003 0.7025804
2167.96    -595.8996 -611.8967 0.7025483
2167.97    -595.7592 -611.893 0.702516
2167.98    -595.6189 -611.8894 0.7024836
2167.99    -595.4786 -611.8858 0.7024512
2168    -595.3383 -611.8821 0.7024186
2168.01    -595.1979 -611.8785 0.7023859
2168.02    -595.0577 -611.8748 0.7023531
2168.03    -594.9174 -611.8711 0.7023202
2168.04    -594.7772 -611.8674 0.7022873
2168.05    -594.637 -611.8638 0.7022541
2168.06    -594.4968 -611.86 0.702221
2168.07    -594.3566 -611.8563 0.7021877
2168.08    -594.2164 -611.8525 0.7021545
2168.09    -594.0763 -611.8488 0.7021213
2168.1    -593.9362 -611.845 0.7020881
2168.11    -593.796 -611.8412 0.7020549
2168.12    -593.6559 -611.8374 0.7020217
2168.13    -593.5157 -611.8336 0.7019885
2168.14    -593.3757 -611.8298 0.7019554
2168.15    -593.2356 -611.8259 0.7019224
2168.16    -593.0956 -611.822 0.7018896
2168.17    -592.9556 -611.8182 0.7018569
2168.18    -592.8156 -611.8143 0.7018243
2168.19    -592.6755 -611.8103 0.7017919
2168.2    -592.5356 -611.8064 0.7017599
2168.21    -592.3956 -611.8024 0.7017282
2168.22    -592.2557 -611.7985 0.7016966
2168.23    -592.1158 -611.7944 0.7016653
2168.24    -591.9759 -611.7905 0.7016344
2168.25    -591.836 -611.7864 0.7016037
2168.26    -591.6961 -611.7823 0.7015732
2168.27    -591.5562 -611.7783 0.701543
2168.28    -591.4164 -611.7742 0.7015131
2168.29    -591.2766 -611.7701 0.7014834
2168.3    -591.1367 -611.766 0.7014539
2168.31    -590.9969 -611.7618 0.7014245
2168.32    -590.8571 -611.7576 0.7013955
2168.33    -590.7173 -611.7534 0.7013665
2168.34    -590.5776 -611.7492 0.7013377
2168.35    -590.4379 -611.7449 0.7013091
2168.36    -590.2982 -611.7407 0.7012807
2168.37    -590.1584 -611.7364 0.7012525
2168.38    -590.0187 -611.7321 0.7012244
2168.39    -589.8791 -611.7278 0.7011964
2168.4    -589.7394 -611.7234 0.7011685
2168.41    -589.5998 -611.7191 0.7011408
2168.42    -589.4601 -611.7147 0.7011132
2168.43    -589.3205 -611.7103 0.7010857
2168.44    -589.1809 -611.7059 0.7010583
2168.45    -589.0413 -611.7014 0.7010311
2168.46    -588.9017 -611.697 0.7010038
2168.47    -588.7622 -611.6924 0.7009768
2168.48    -588.6227 -611.6879 0.7009498
2168.49    -588.4832 -611.6833 0.7009228
2168.5    -588.3437 -611.6788 0.700896
2168.51    -588.2042 -611.6742 0.7008692
2168.52    -588.0648 -611.6696 0.7008424
2168.53    -587.9254 -611.6649 0.7008158
2168.54    -587.7859 -611.6603 0.7007892
2168.55    -587.6465 -611.6556 0.7007627
2168.56    -587.5071 -611.6509 0.7007362
2168.57    -587.3677 -611.6462 0.7007098
2168.58    -587.2284 -611.6414 0.7006834
2168.59    -587.0891 -611.6367 0.7006571
2168.6    -586.9497 -611.6318 0.7006309
2168.61    -586.8104 -611.627 0.7006047
2168.62    -586.6711 -611.6221 0.7005786
2168.63    -586.5318 -611.6173 0.7005525
2168.64    -586.3925 -611.6124 0.7005265
2168.65    -586.2533 -611.6075 0.7005005
2168.66    -586.1141 -611.6025 0.7004746
2168.67    -585.9749 -611.5975 0.7004486
2168.68    -585.8357 -611.5926 0.7004227
2168.69    -585.6965 -611.5875 0.7003968
2168.7    -585.5574 -611.5825 0.700371
2168.71    -585.4182 -611.5774 0.7003452
2168.72    -585.2791 -611.5723 0.7003195
2168.73    -585.14 -611.5672 0.7002938
2168.74    -585.0009 -611.562 0.7002682
2168.75    -584.8618 -611.5569 0.7002428
2168.76    -584.7227 -611.5516 0.7002173
2168.77    -584.5837 -611.5464 0.700192
2168.78    -584.4446 -611.5411 0.7001668
2168.79    -584.3057 -611.5359 0.7001419
2168.8    -584.1667 -611.5306 0.7001174
2168.81    -584.0277 -611.5253 0.7000932
2168.82    -583.8888 -611.52 0.7000693
2168.83    -583.7499 -611.5145 0.7000462
2168.84    -583.611 -611.5092 0.7000237
2168.85    -583.472 -611.5037 0.700002
2168.86    -583.3331 -611.4983 0.6999807
2168.87    -583.1942 -611.4928 0.6999602
2168.88    -583.0554 -611.4873 0.6999402
2168.89    -582.9165 -611.4818 0.6999213
2168.9    -582.7776 -611.4763 0.6999034
2168.91    -582.6389 -611.4707 0.6998865
2168.92    -582.5001 -611.4651 0.6998705
2168.93    -582.3613 -611.4595 0.6998558
2168.94    -582.2225 -611.4538 0.6998425
2168.95    -582.0838 -611.4482 0.6998304
2168.96    -581.9451 -611.4425 0.6998195
2168.97    -581.8063 -611.4368 0.6998098
2168.98    -581.6677 -611.4311 0.6998015
2168.99    -581.529 -611.4253 0.6997947
2169    -581.3903 -611.4196 0.6997891
2169.01    -581.2516 -611.4138 0.6997849
2169.02    -581.113 -611.408 0.6997819
2169.03    -580.9744 -611.4022 0.6997802
2169.04    -580.8358 -611.3964 0.6997799
2169.05    -580.6971 -611.3906 0.6997808
2169.06    -580.5586 -611.3848 0.6997828
2169.07    -580.42 -611.3789 0.6997859
2169.08    -580.2815 -611.373 0.6997902
2169.09    -580.143 -611.3672 0.6997955
2169.1    -580.0045 -611.3613 0.6998018
2169.11    -579.866 -611.3553 0.6998091
2169.12    -579.7275 -611.3494 0.6998173
2169.13    -579.5891 -611.3435 0.6998264
2169.14    -579.4507 -611.3376 0.6998363
2169.15    -579.3123 -611.3316 0.699847
2169.16    -579.1738 -611.3256 0.6998585
2169.17    -579.0354 -611.3196 0.6998708
2169.18    -578.897 -611.3136 0.6998837
2169.19    -578.7587 -611.3076 0.6998974
2169.2    -578.6203 -611.3016 0.6999118
2169.21    -578.482 -611.2956 0.6999267
2169.22    -578.3437 -611.2896 0.6999424
2169.23    -578.2054 -611.2835 0.6999586
2169.24    -578.0671 -611.2775 0.6999757
2169.25    -577.9289 -611.2714 0.6999934
2169.26    -577.7906 -611.2653 0.700012
2169.27    -577.6524 -611.2592 0.7000312
2169.28    -577.5142 -611.2531 0.7000513
2169.29    -577.376 -611.247 0.7000725
2169.3    -577.2379 -611.2409 0.7000944
2169.31    -577.0997 -611.2348 0.7001172
2169.32    -576.9615 -611.2287 0.7001408
2169.33    -576.8234 -611.2225 0.7001655
2169.34    -576.6852 -611.2164 0.7001911
2169.35    -576.5471 -611.2102 0.7002176
2169.36    -576.4091 -611.204 0.700245
2169.37    -576.271 -611.1979 0.7002734
2169.38    -576.1329 -611.1917 0.7003027
2169.39    -575.9949 -611.1855 0.7003328
2169.4    -575.8569 -611.1794 0.7003638
2169.41    -575.7189 -611.1732 0.7003956
2169.42    -575.5809 -611.167 0.7004283
2169.43    -575.443 -611.1608 0.7004617
2169.44    -575.3051 -611.1545 0.7004958
2169.45    -575.1671 -611.1483 0.7005307
2169.46    -575.0292 -611.1421 0.7005662
2169.47    -574.8912 -611.1359 0.7006025
2169.48    -574.7533 -611.1296 0.7006392
2169.49    -574.6154 -611.1234 0.7006766
2169.5    -574.4775 -611.1172 0.7007146
2169.51    -574.3397 -611.111 0.7007531
2169.52    -574.2018 -611.1047 0.7007921
2169.53    -574.064 -611.0985 0.7008315
2169.54    -573.9262 -611.0923 0.7008715
2169.55    -573.7885 -611.0861 0.700912
2169.56    -573.6507 -611.0798 0.7009528
2169.57    -573.5129 -611.0736 0.7009941
2169.58    -573.3752 -611.0674 0.7010358
2169.59    -573.2375 -611.0612 0.7010778
2169.6    -573.0999 -611.055 0.7011202
2169.61    -572.9622 -611.0488 0.701163
2169.62    -572.8245 -611.0425 0.7012061
2169.63    -572.6868 -611.0363 0.7012495
2169.64    -572.5492 -611.0301 0.7012932
2169.65    -572.4116 -611.0239 0.7013372
2169.66    -572.2739 -611.0176 0.7013816
2169.67    -572.1363 -611.0114 0.701426
2169.68    -571.9987 -611.0051 0.7014709
2169.69    -571.8611 -610.9988 0.701516
2169.7    -571.7236 -610.9926 0.7015613
2169.71    -571.586 -610.9863 0.7016069
2169.72    -571.4484 -610.98 0.7016527
2169.73    -571.3109 -610.9737 0.7016987
2169.74    -571.1734 -610.9674 0.7017448
2169.75    -571.0359 -610.9611 0.7017911
2169.76    -570.8984 -610.9548 0.7018377
2169.77    -570.7608 -610.9485 0.7018844
2169.78    -570.6233 -610.9423 0.7019313
2169.79    -570.4858 -610.936 0.7019784
2169.8    -570.3482 -610.9297 0.7020255
2169.81    -570.2106 -610.9234 0.7020729
2169.82    -570.0731 -610.9171 0.7021204
2169.83    -569.9355 -610.9108 0.702168
2169.84    -569.7979 -610.9045 0.7022159
2169.85    -569.6603 -610.8983 0.7022638
2169.86    -569.5226 -610.892 0.7023118
2169.87    -569.385 -610.8857 0.7023599
2169.88    -569.2474 -610.8794 0.7024082
2169.89    -569.1097 -610.8732 0.7024565
2169.9    -568.972 -610.8669 0.702505
2169.91    -568.8344 -610.8606 0.7025536
2169.92    -568.6967 -610.8543 0.7026022
2169.93    -568.559 -610.848 0.702651
2169.94    -568.4213 -610.8417 0.7026998
2169.95    -568.2835 -610.8354 0.7027488
2169.96    -568.1458 -610.8292 0.7027978
2169.97    -568.008 -610.8229 0.7028469
2169.98    -567.8702 -610.8167 0.702896
2169.99    -567.7325 -610.8104 0.7029452
2170    -567.5947 -610.8041 0.7029946
2170.01    -567.4568 -610.7979 0.703044
2170.02    -567.319 -610.7916 0.7030934
2170.03    -567.1812 -610.7853 0.7031429
2170.04    -567.0434 -610.779 0.7031925
2170.05    -566.9056 -610.7727 0.7032421
2170.06    -566.7677 -610.7664 0.7032918
2170.07    -566.6298 -610.7601 0.7033416
2170.08    -566.4919 -610.7538 0.7033914
2170.09    -566.3541 -610.7476 0.7034413
2170.1    -566.2162 -610.7413 0.7034912
2170.11    -566.0782 -610.735 0.7035411
2170.12    -565.9403 -610.7287 0.7035912
2170.13    -565.8024 -610.7224 0.7036412
2170.14    -565.6644 -610.7161 0.7036912
2170.15    -565.5265 -610.7098 0.7037414
2170.16    -565.3885 -610.7036 0.7037916
2170.17    -565.2505 -610.6973 0.7038418
2170.18    -565.1125 -610.691 0.7038921
2170.19    -564.9745 -610.6846 0.7039423
2170.2    -564.8365 -610.6783 0.7039927
2170.21    -564.6984 -610.6719 0.704043
2170.22    -564.5604 -610.6656 0.7040935
2170.23    -564.4223 -610.6592 0.7041439
2170.24    -564.2842 -610.6529 0.7041944
2170.25    -564.1462 -610.6465 0.7042449
2170.26    -564.0081 -610.6401 0.7042954
2170.27    -563.8699 -610.6337 0.704346
2170.28    -563.7318 -610.6273 0.7043965
2170.29    -563.5937 -610.6208 0.7044471
2170.3    -563.4556 -610.6144 0.7044976
2170.31    -563.3174 -610.608 0.7045481
2170.32    -563.1792 -610.6016 0.7045986
2170.33    -563.041 -610.595 0.704649
2170.34    -562.9028 -610.5886 0.7046994
2170.35    -562.7646 -610.5821 0.7047496
2170.36    -562.6265 -610.5755 0.7048
2170.37    -562.4882 -610.569 0.70485
2170.38    -562.35 -610.5624 0.7049
2170.39    -562.2118 -610.5558 0.7049499
2170.4    -562.0735 -610.5493 0.7049994
2170.41    -561.9353 -610.5426 0.7050489
2170.42    -561.797 -610.536 0.7050982
2170.43    -561.6588 -610.5294 0.7051473
2170.44    -561.5204 -610.5227 0.7051961
2170.45    -561.3821 -610.516 0.7052447
2170.46    -561.2438 -610.5093 0.705293
2170.47    -561.1055 -610.5025 0.7053411
2170.48    -560.9672 -610.4958 0.7053889
2170.49    -560.8288 -610.489 0.7054363
2170.5    -560.6904 -610.4822 0.7054834
2170.51    -560.5521 -610.4753 0.7055303
2170.52    -560.4137 -610.4684 0.705577
2170.53    -560.2753 -610.4615 0.705623
2170.54    -560.1369 -610.4545 0.7056687
2170.55    -559.9985 -610.4475 0.705714
2170.56    -559.86 -610.4406 0.7057588
2170.57    -559.7216 -610.4335 0.7058033
2170.58    -559.5831 -610.4264 0.7058473
2170.59    -559.4446 -610.4193 0.7058907
2170.6    -559.3062 -610.4122 0.7059336
2170.61    -559.1677 -610.405 0.7059761
2170.62    -559.0292 -610.3977 0.7060182
2170.63    -558.8907 -610.3904 0.7060596
2170.64    -558.7521 -610.3831 0.7061005
2170.65    -558.6136 -610.3758 0.7061409
2170.66    -558.475 -610.3685 0.7061808
2170.67    -558.3365 -610.361 0.7062202
2170.68    -558.1979 -610.3536 0.706259
2170.69    -558.0594 -610.3461 0.7062972
2170.7    -557.9208 -610.3385 0.7063349
2170.71    -557.7822 -610.3309 0.7063722
2170.72    -557.6436 -610.3233 0.7064089
2170.73    -557.5049 -610.3156 0.7064452
2170.74    -557.3664 -610.3079 0.7064809
2170.75    -557.2277 -610.3002 0.7065161
2170.76    -557.0891 -610.2924 0.706551
2170.77    -556.9504 -610.2845 0.7065854
2170.78    -556.8117 -610.2766 0.7066194
2170.79    -556.673 -610.2687 0.7066531
2170.8    -556.5344 -610.2607 0.7066863
2170.81    -556.3956 -610.2526 0.7067192
2170.82    -556.2569 -610.2446 0.7067518
2170.83    -556.1182 -610.2365 0.706784
2170.84    -555.9794 -610.2283 0.706816
2170.85    -555.8407 -610.22 0.7068475
2170.86    -555.7019 -610.2117 0.7068789
2170.87    -555.5631 -610.2034 0.7069101
2170.88    -555.4243 -610.1951 0.7069409
2170.89    -555.2855 -610.1866 0.7069715
2170.9    -555.1468 -610.1782 0.7070018
2170.91    -555.008 -610.1697 0.707032
2170.92    -554.8691 -610.1611 0.7070619
2170.93    -554.7303 -610.1525 0.7070916
2170.94    -554.5914 -610.1439 0.707121
2170.95    -554.4526 -610.1351 0.7071502
2170.96    -554.3137 -610.1264 0.7071792
2170.97    -554.1749 -610.1176 0.707208
2170.98    -554.036 -610.1088 0.7072365
2170.99    -553.8972 -610.0999 0.7072648
2171    -553.7582 -610.0909 0.707293
2171.01    -553.6193 -610.082 0.7073209
2171.02    -553.4804 -610.0729 0.7073487
2171.03    -553.3415 -610.0639 0.7073764
2171.04    -553.2026 -610.0547 0.7074037
2171.05    -553.0637 -610.0456 0.707431
2171.06    -552.9247 -610.0364 0.7074582
2171.07    -552.7858 -610.0271 0.7074852
2171.08    -552.6468 -610.0178 0.707512
2171.09    -552.5078 -610.0085 0.7075385
2171.1    -552.3688 -609.9991 0.7075648
2171.11    -552.2299 -609.9896 0.7075908
2171.12    -552.0908 -609.9801 0.7076166
2171.13    -551.9518 -609.9705 0.7076423
2171.14    -551.8127 -609.961 0.7076673
2171.15    -551.6737 -609.9514 0.7076917
2171.16    -551.5347 -609.9417 0.7077156
2171.17    -551.3956 -609.9319 0.7077389
2171.18    -551.2566 -609.9221 0.7077612
2171.19    -551.1176 -609.9123 0.7077824
2171.2    -550.9785 -609.9024 0.7078025
2171.21    -550.8395 -609.8925 0.7078217
2171.22    -550.7004 -609.8825 0.7078398
2171.23    -550.5615 -609.8725 0.7078562
2171.24    -550.4224 -609.8624 0.7078708
2171.25    -550.2834 -609.8524 0.7078837
2171.26    -550.1443 -609.8422 0.707895
2171.27    -550.0053 -609.832 0.7079048
2171.28    -549.8663 -609.8217 0.7079121
2171.29    -549.7272 -609.8115 0.7079175
2171.3    -549.5882 -609.8011 0.7079207
2171.31    -549.4492 -609.7907 0.707922
2171.32    -549.3101 -609.7803 0.7079214
2171.33    -549.1711 -609.7698 0.7079186
2171.34    -549.032 -609.7593 0.707914
2171.35    -548.893 -609.7488 0.7079074
2171.36    -548.754 -609.7382 0.7078989
2171.37    -548.6149 -609.7275 0.7078887
2171.38    -548.4759 -609.7169 0.7078769
2171.39    -548.3369 -609.7062 0.7078634
2171.4    -548.1978 -609.6954 0.7078483
2171.41    -548.0588 -609.6847 0.7078319
2171.42    -547.9198 -609.6738 0.7078139
2171.43    -547.7808 -609.663 0.7077947
2171.44    -547.6417 -609.6521 0.7077741
2171.45    -547.5027 -609.6412 0.7077523
2171.46    -547.3636 -609.6302 0.7077293
2171.47    -547.2246 -609.6191 0.7077051
2171.48    -547.0856 -609.6082 0.7076799
2171.49    -546.9465 -609.597 0.7076536
2171.5    -546.8075 -609.586 0.7076263
2171.51    -546.6685 -609.5749 0.707598
2171.52    -546.5294 -609.5637 0.7075688
2171.53    -546.3904 -609.5526 0.7075387
2171.54    -546.2514 -609.5413 0.7075078
2171.55    -546.1124 -609.5301 0.707476
2171.56    -545.9733 -609.5189 0.7074434
2171.57    -545.8343 -609.5075 0.7074101
2171.58    -545.6953 -609.4962 0.7073762
2171.59    -545.5563 -609.4849 0.7073417
2171.6    -545.4173 -609.4734 0.7073066
2171.61    -545.2783 -609.4621 0.7072709
2171.62    -545.1392 -609.4507 0.7072347
2171.63    -545.0002 -609.4393 0.7071982
2171.64    -544.8613 -609.4278 0.7071613
2171.65    -544.7223 -609.4163 0.707124
2171.66    -544.5833 -609.4048 0.7070865
2171.67    -544.4442 -609.3934 0.7070486
2171.68    -544.3052 -609.3818 0.7070106
2171.69    -544.1663 -609.3703 0.7069723
2171.7    -544.0273 -609.3588 0.7069341
2171.71    -543.8883 -609.3472 0.7068956
2171.72    -543.7493 -609.3356 0.7068571
2171.73    -543.6104 -609.324 0.7068187
2171.74    -543.4714 -609.3124 0.7067804
2171.75    -543.3324 -609.3008 0.7067422
2171.76    -543.1934 -609.2892 0.7067041
2171.77    -543.0544 -609.2776 0.7066661
2171.78    -542.9155 -609.2659 0.7066283
2171.79    -542.7765 -609.2543 0.7065908
2171.8    -542.6375 -609.2426 0.7065535
2171.81    -542.4985 -609.231 0.7065165
2171.82    -542.3596 -609.2193 0.7064797
2171.83    -542.2206 -609.2077 0.7064431
2171.84    -542.0816 -609.196 0.7064068
2171.85    -541.9426 -609.1844 0.7063708
2171.86    -541.8036 -609.1727 0.706335
2171.87    -541.6647 -609.1611 0.7062994
2171.88    -541.5257 -609.1495 0.7062641
2171.89    -541.3868 -609.1378 0.7062289
2171.9    -541.2479 -609.1263 0.706194
2171.91    -541.1089 -609.1147 0.7061593
2171.92    -540.97 -609.1031 0.7061247
2171.93    -540.8311 -609.0916 0.7060904
2171.94    -540.6922 -609.08 0.7060562
2171.95    -540.5533 -609.0685 0.7060222
2171.96    -540.4144 -609.057 0.7059883
2171.97    -540.2755 -609.0455 0.7059546
2171.98    -540.1365 -609.034 0.705921
2171.99    -539.9976 -609.0225 0.7058876
2172    -539.8587 -609.011 0.7058543
2172.01    -539.7198 -608.9996 0.7058211
2172.02    -539.5809 -608.9882 0.705788
2172.03    -539.442 -608.9769 0.7057551
2172.04    -539.3031 -608.9655 0.7057223
2172.05    -539.1642 -608.9542 0.7056895
2172.06    -539.0254 -608.9429 0.7056569
2172.07    -538.8865 -608.9316 0.7056244
2172.08    -538.7477 -608.9204 0.705592
2172.09    -538.6089 -608.9092 0.7055596
2172.1    -538.4701 -608.8981 0.7055274
2172.11    -538.3313 -608.887 0.7054952
2172.12    -538.1925 -608.876 0.7054631
2172.13    -538.0537 -608.8649 0.705431
2172.14    -537.915 -608.8539 0.7053993
2172.15    -537.7762 -608.843 0.7053676
2172.16    -537.6375 -608.8321 0.7053361
2172.17    -537.4987 -608.8212 0.7053047
2172.18    -537.36 -608.8104 0.7052736
2172.19    -537.2214 -608.7996 0.7052424
2172.2    -537.0827 -608.7888 0.7052115
2172.21    -536.944 -608.7782 0.7051806
2172.22    -536.8054 -608.7675 0.7051498
2172.23    -536.6667 -608.7569 0.7051191
2172.24    -536.5281 -608.7463 0.7050886
2172.25    -536.3895 -608.7358 0.7050581
2172.26    -536.2509 -608.7255 0.7050277
2172.27    -536.1122 -608.7151 0.7049975
2172.28    -535.9736 -608.7048 0.7049674
2172.29    -535.8351 -608.6945 0.7049373
2172.3    -535.6965 -608.6843 0.7049074
2172.31    -535.558 -608.6741 0.7048776
2172.32    -535.4194 -608.6639 0.7048479
2172.33    -535.2809 -608.6539 0.7048184
2172.34    -535.1425 -608.6439 0.7047891
2172.35    -535.004 -608.634 0.7047599
2172.36    -534.8655 -608.6241 0.7047309
2172.37    -534.727 -608.6143 0.7047021
2172.38    -534.5885 -608.6046 0.7046734
2172.39    -534.45 -608.5948 0.7046449
2172.4    -534.3116 -608.5853 0.7046165
2172.41    -534.1732 -608.5757 0.7045885
2172.42    -534.0347 -608.5662 0.7045605
2172.43    -533.8963 -608.5569 0.7045328
2172.44    -533.7579 -608.5475 0.7045053
2172.45    -533.6196 -608.5383 0.7044778
2172.46    -533.4812 -608.5291 0.7044507
2172.47    -533.3428 -608.52 0.7044237
2172.48    -533.2045 -608.5109 0.704397
2172.49    -533.0662 -608.5019 0.7043704
2172.5    -532.9279 -608.493 0.704344
2172.51    -532.7895 -608.4842 0.7043177
2172.52    -532.6512 -608.4754 0.7042916
2172.53    -532.5129 -608.4667 0.7042657
2172.54    -532.3746 -608.4581 0.70424
2172.55    -532.2363 -608.4495 0.7042143
2172.56    -532.0981 -608.441 0.7041889
2172.57    -531.9598 -608.4326 0.7041635
2172.58    -531.8216 -608.4243 0.7041383
2172.59    -531.6833 -608.416 0.7041134
2172.6    -531.5452 -608.4078 0.7040885
2172.61    -531.407 -608.3998 0.7040637
2172.62    -531.2688 -608.3917 0.7040391
2172.63    -531.1306 -608.3837 0.7040145
2172.64    -530.9924 -608.3759 0.7039902
2172.65    -530.8542 -608.3681 0.703966
2172.66    -530.7161 -608.3604 0.7039418
2172.67    -530.578 -608.3527 0.7039178
2172.68    -530.4399 -608.3452 0.703894
2172.69    -530.3018 -608.3377 0.7038704
2172.7    -530.1637 -608.3303 0.7038468
2172.71    -530.0256 -608.3229 0.7038234
2172.72    -529.8876 -608.3157 0.7038002
2172.73    -529.7495 -608.3085 0.7037772
2172.74    -529.6115 -608.3014 0.7037544
2172.75    -529.4734 -608.2944 0.7037316
2172.76    -529.3354 -608.2875 0.7037086
2172.77    -529.1974 -608.2806 0.7036883
2172.78    -529.0594 -608.2737 0.7036681
2172.79    -528.9214 -608.2671 0.7036479
2172.8    -528.7834 -608.2604 0.7036278
2172.81    -528.6455 -608.2539 0.7036077
2172.82    -528.5076 -608.2474 0.7035877
2172.83    -528.3696 -608.241 0.7035679
2172.84    -528.2318 -608.2347 0.7035481
2172.85    -528.0939 -608.2285 0.7035284
2172.86    -527.956 -608.2224 0.7035089
2172.87    -527.8181 -608.2163 0.7034895
2172.88    -527.6802 -608.2103 0.7034702
2172.89    -527.5424 -608.2045 0.7034509
2172.9    -527.4046 -608.1986 0.7034318
2172.91    -527.2668 -608.1928 0.7034127
2172.92    -527.129 -608.1872 0.7033938
2172.93    -526.9911 -608.1816 0.7033749
2172.94    -526.8534 -608.1761 0.7033561
2172.95    -526.7156 -608.1707 0.7033374
2172.96    -526.5779 -608.1653 0.7033188
2172.97    -526.4401 -608.16 0.7033002
2172.98    -526.3024 -608.1548 0.7032818
2172.99    -526.1647 -608.1498 0.7032633
2173    -526.027 -608.1447 0.7032449
2173.01    -525.8893 -608.1398 0.7032266
2173.02    -525.7516 -608.1349 0.7032083
2173.03    -525.614 -608.1301 0.7031901
2173.04    -525.4763 -608.1254 0.703172
2173.05    -525.3387 -608.1208 0.7031539
2173.06    -525.201 -608.1162 0.7031358
2173.07    -525.0634 -608.1117 0.7031179
2173.08    -524.9258 -608.1074 0.7031
2173.09    -524.7883 -608.103 0.7030821
2173.1    -524.6507 -608.0988 0.7030643
2173.11    -524.5131 -608.0946 0.7030465
2173.12    -524.3755 -608.0905 0.7030287
2173.13    -524.238 -608.0865 0.7030109
2173.14    -524.1005 -608.0825 0.7029932
2173.15    -523.963 -608.0787 0.7029755
2173.16    -523.8255 -608.075 0.7029577
2173.17    -523.688 -608.0712 0.70294
2173.18    -523.5506 -608.0676 0.7029223
2173.19    -523.4131 -608.0641 0.7029046
2173.2    -523.2757 -608.0606 0.7028871
2173.21    -523.1383 -608.0572 0.7028694
2173.22    -523.0009 -608.0539 0.7028517
2173.23    -522.8635 -608.0507 0.7028341
2173.24    -522.7262 -608.0475 0.7028165
2173.25    -522.5889 -608.0444 0.7027993
2173.26    -522.4515 -608.0414 0.702782
2173.27    -522.3142 -608.0385 0.7027649
2173.28    -522.1769 -608.0356 0.7027482
2173.29    -522.0397 -608.0328 0.7027316
2173.3    -521.9024 -608.0302 0.7027153
2173.31    -521.7651 -608.0275 0.7026991
2173.32    -521.6279 -608.025 0.7026833
2173.33    -521.4907 -608.0225 0.7026678
2173.34    -521.3535 -608.0201 0.7026528
2173.35    -521.2162 -608.0178 0.7026382
2173.36    -521.079 -608.0156 0.702624
2173.37    -520.9418 -608.0134 0.7026101
2173.38    -520.8047 -608.0113 0.7025967
2173.39    -520.6675 -608.0093 0.7025837
2173.4    -520.5304 -608.0073 0.7025713
2173.41    -520.3932 -608.0055 0.7025593
2173.42    -520.2562 -608.0037 0.7025479
2173.43    -520.1191 -608.002 0.7025369
2173.44    -519.982 -608.0003 0.7025265
2173.45    -519.845 -607.9988 0.7025166
2173.46    -519.7079 -607.9973 0.7025071
2173.47    -519.5709 -607.9958 0.702498
2173.48    -519.434 -607.9945 0.7024896
2173.49    -519.297 -607.9933 0.7024817
2173.5    -519.16 -607.9921 0.7024742
2173.51    -519.0231 -607.9909 0.7024673
2173.52    -518.8861 -607.9899 0.7024608
2173.53    -518.7492 -607.989 0.7024549
2173.54    -518.6123 -607.988 0.7024496
2173.55    -518.4754 -607.9872 0.7024448
2173.56    -518.3385 -607.9864 0.7024405
2173.57    -518.2016 -607.9857 0.7024367
2173.58    -518.0648 -607.9852 0.7024338
2173.59    -517.9279 -607.9846 0.7024316
2173.6    -517.7911 -607.9841 0.7024302
2173.61    -517.6543 -607.9837 0.7024295
2173.62    -517.5175 -607.9833 0.7024296
2173.63    -517.3807 -607.9831 0.7024309
2173.64    -517.244 -607.9828 0.7024334
2173.65    -517.1073 -607.9827 0.7024371
2173.66    -516.9706 -607.9827 0.7024419
2173.67    -516.8339 -607.9827 0.7024477
2173.68    -516.6972 -607.9827 0.7024552
2173.69    -516.5605 -607.9828 0.7024645
2173.7    -516.4239 -607.983 0.7024754
2173.71    -516.2872 -607.9833 0.7024878
2173.72    -516.1505 -607.9836 0.7025017
2173.73    -516.0139 -607.9839 0.7025177
2173.74    -515.8772 -607.9843 0.7025358
2173.75    -515.7405 -607.9847 0.7025559
2173.76    -515.6038 -607.9852 0.7025778
2173.77    -515.467 -607.9858 0.7026016
2173.78    -515.3303 -607.9864 0.7026275
2173.79    -515.1936 -607.9869 0.7026557
2173.8    -515.0568 -607.9876 0.7026859
2173.81    -514.92 -607.9883 0.7027181
2173.82    -514.7832 -607.9891 0.7027522
2173.83    -514.6464 -607.9899 0.702788
2173.84    -514.5095 -607.9907 0.702826
2173.85    -514.3727 -607.9916 0.702866
2173.86    -514.2358 -607.9924 0.7029079
2173.87    -514.0988 -607.9934 0.7029516
2173.88    -513.9619 -607.9943 0.7029971
2173.89    -513.8249 -607.9954 0.7030445
2173.9    -513.6879 -607.9963 0.7030936
2173.91    -513.5508 -607.9974 0.7031445
2173.92    -513.4138 -607.9984 0.7031969
2173.93    -513.2767 -607.9995 0.7032511
2173.94    -513.1396 -608.0007 0.703307
2173.95    -513.0024 -608.0018 0.7033643
2173.96    -512.8652 -608.003 0.7034231
2173.97    -512.728 -608.0042 0.7034833
2173.98    -512.5908 -608.0054 0.7035448
2173.99    -512.4535 -608.0066 0.7036077
2174    -512.3162 -608.0078 0.7036719
2174.01    -512.1788 -608.009 0.7037373
2174.02    -512.0414 -608.0103 0.703804
2174.03    -511.9041 -608.0116 0.7038718
2174.04    -511.7666 -608.0129 0.7039409
2174.05    -511.6291 -608.0142 0.704011
2174.06    -511.4916 -608.0155 0.7040821
2174.07    -511.354 -608.0168 0.7041543
2174.08    -511.2164 -608.0182 0.7042276
2174.09    -511.0788 -608.0195 0.7043018
2174.1    -510.9411 -608.0208 0.704377
2174.11    -510.8033 -608.0222 0.7044531
2174.12    -510.6655 -608.0234 0.7045301
2174.13    -510.5277 -608.0248 0.7046081
2174.14    -510.3899 -608.0262 0.7046871
2174.15    -510.252 -608.0276 0.7047669
2174.16    -510.114 -608.0289 0.7048476
2174.17    -509.976 -608.0303 0.7049292
2174.18    -509.838 -608.0316 0.7050117
2174.19    -509.7 -608.033 0.7050951
2174.2    -509.5619 -608.0342 0.7051794
2174.21    -509.4237 -608.0356 0.7052645
2174.22    -509.2855 -608.0369 0.7053504
2174.23    -509.1472 -608.0382 0.7054371
2174.24    -509.0089 -608.0395 0.7055246
2174.25    -508.8706 -608.0408 0.7056128
2174.26    -508.7322 -608.0421 0.7057019
2174.27    -508.5938 -608.0433 0.7057917
2174.28    -508.4554 -608.0446 0.7058823
2174.29    -508.3168 -608.0458 0.7059736
2174.3    -508.1783 -608.0471 0.7060655
2174.31    -508.0397 -608.0483 0.706158
2174.32    -507.901 -608.0494 0.7062512
2174.33    -507.7623 -608.0506 0.706345
2174.34    -507.6236 -608.0518 0.7064393
2174.35    -507.4848 -608.0529 0.7065341
2174.36    -507.3459 -608.054 0.7066295
2174.37    -507.2071 -608.0552 0.7067253
2174.38    -507.0681 -608.0562 0.7068216
2174.39    -506.9292 -608.0573 0.7069184
2174.4    -506.7901 -608.0583 0.7070156
2174.41    -506.651 -608.0593 0.7071131
2174.42    -506.5119 -608.0602 0.7072111
2174.43    -506.3727 -608.0612 0.7073095
2174.44    -506.2335 -608.0621 0.7074082
2174.45    -506.0942 -608.063 0.7075072
2174.46    -505.9549 -608.0638 0.7076066
2174.47    -505.8155 -608.0647 0.7077062
2174.48    -505.6761 -608.0655 0.7078062
2174.49    -505.5366 -608.0662 0.7079064
2174.5    -505.3971 -608.067 0.7080069
2174.51    -505.2575 -608.0677 0.7081077
2174.52    -505.1179 -608.0684 0.7082086
2174.53    -504.9782 -608.069 0.7083099
2174.54    -504.8385 -608.0696 0.7084113
2174.55    -504.6987 -608.0702 0.708513
2174.56    -504.5589 -608.0707 0.7086148
2174.57    -504.4191 -608.0712 0.7087169
2174.58    -504.2792 -608.0717 0.708819
2174.59    -504.1392 -608.0722 0.7089213
2174.6    -503.9992 -608.0726 0.7090237
2174.61    -503.8592 -608.073 0.7091261
2174.62    -503.7191 -608.0733 0.7092288
2174.63    -503.5789 -608.0737 0.7093314
2174.64    -503.4387 -608.0739 0.709434
2174.65    -503.2985 -608.0742 0.7095367
2174.66    -503.1582 -608.0743 0.7096394
2174.67    -503.0178 -608.0745 0.7097422
2174.68    -502.8774 -608.0746 0.7098448
2174.69    -502.737 -608.0747 0.7099474
2174.7    -502.5965 -608.0747 0.7100499
2174.71    -502.456 -608.0747 0.7101524
2174.72    -502.3154 -608.0747 0.7102548
2174.73    -502.1747 -608.0746 0.7103572
2174.74    -502.0341 -608.0745 0.7104594
2174.75    -501.8933 -608.0743 0.7105615
2174.76    -501.7525 -608.0741 0.7106635
2174.77    -501.6117 -608.0739 0.7107654
2174.78    -501.4708 -608.0735 0.710867
2174.79    -501.3299 -608.0732 0.7109684
2174.8    -501.1889 -608.0728 0.7110696
2174.81    -501.0479 -608.0724 0.7111705
2174.82    -500.9068 -608.072 0.7112712
2174.83    -500.7657 -608.0715 0.7113714
2174.84    -500.6245 -608.0709 0.711471
2174.85    -500.4833 -608.0703 0.7115702
2174.86    -500.3421 -608.0697 0.7116688
2174.87    -500.2007 -608.069 0.7117671
2174.88    -500.0594 -608.0683 0.7118642
2174.89    -499.918 -608.0675 0.7119604
2174.9    -499.7766 -608.0667 0.7120554
2174.91    -499.635 -608.0659 0.7121497
2174.92    -499.4935 -608.065 0.7122431
2174.93    -499.3519 -608.064 0.7123355
2174.94    -499.2102 -608.063 0.7124264
2174.95    -499.0685 -608.062 0.7125156
2174.96    -498.9268 -608.061 0.7126035
2174.97    -498.785 -608.0598 0.7126898
2174.98    -498.6432 -608.0587 0.7127748
2174.99    -498.5013 -608.0574 0.7128578
2175    -498.3594 -608.0562 0.712939
2175.01    -498.2174 -608.0549 0.7130184
2175.02    -498.0754 -608.0536 0.7130961
2175.03    -497.9333 -608.0522 0.7131718
2175.04    -497.7912 -608.0508 0.7132457
2175.05    -497.649 -608.0494 0.7133178
2175.06    -497.5068 -608.0479 0.7133881
2175.07    -497.3646 -608.0463 0.7134569
2175.08    -497.2222 -608.0448 0.713524
2175.09    -497.0799 -608.0432 0.7135893
2175.1    -496.9375 -608.0415 0.7136528
2175.11    -496.795 -608.0399 0.7137146
2175.12    -496.6525 -608.0381 0.7137747
2175.13    -496.51 -608.0363 0.713833
2175.14    -496.3674 -608.0345 0.7138895
2175.15    -496.2248 -608.0327 0.7139442
2175.16    -496.0821 -608.0309 0.7139973
2175.17    -495.9394 -608.029 0.7140489
2175.18    -495.7966 -608.0271 0.7140985
2175.19    -495.6538 -608.0251 0.7141461
2175.2    -495.5109 -608.0232 0.7141919
2175.21    -495.368 -608.0212 0.7142361
2175.22    -495.225 -608.0192 0.7142785
2175.23    -495.082 -608.0172 0.7143186
2175.24    -494.9389 -608.015 0.7143567
2175.25    -494.7958 -608.0129 0.7143926
2175.26    -494.6527 -608.0108 0.7144265
2175.27    -494.5095 -608.0086 0.7144586
2175.28    -494.3662 -608.0064 0.7144881
2175.29    -494.223 -608.0042 0.714515
2175.3    -494.0796 -608.0019 0.7145395
2175.31    -493.9362 -607.9996 0.7145617
2175.32    -493.7928 -607.9973 0.7145817
2175.33    -493.6493 -607.995 0.7145989
2175.34    -493.5058 -607.9926 0.7146133
2175.35    -493.3622 -607.9902 0.7146251
2175.36    -493.2186 -607.9878 0.7146344
2175.37    -493.0749 -607.9854 0.7146413
2175.38    -492.9312 -607.9829 0.7146453
2175.39    -492.7875 -607.9803 0.7146465
2175.4    -492.6437 -607.9778 0.7146452
2175.41    -492.4998 -607.9753 0.7146414
2175.42    -492.3559 -607.9728 0.7146351
2175.43    -492.2119 -607.9702 0.7146267
2175.44    -492.068 -607.9676 0.7146156
2175.45    -491.9239 -607.9649 0.7146022
2175.46    -491.7798 -607.9623 0.7145864
2175.47    -491.6357 -607.9596 0.7145684
2175.48    -491.4915 -607.9569 0.7145482
2175.49    -491.3473 -607.9542 0.714526
2175.5    -491.203 -607.9515 0.7145016
2175.51    -491.0587 -607.9487 0.7144752
2175.52    -490.9143 -607.946 0.7144469
2175.53    -490.7699 -607.9432 0.7144167
2175.54    -490.6255 -607.9404 0.7143848
2175.55    -490.481 -607.9376 0.7143511
2175.56    -490.3364 -607.9348 0.7143158
2175.57    -490.1918 -607.9319 0.7142789
2175.58    -490.0471 -607.929 0.7142406
2175.59    -489.9025 -607.9261 0.7142007
2175.6    -489.7577 -607.9233 0.7141595
2175.61    -489.6129 -607.9203 0.714117
2175.62    -489.4681 -607.9174 0.7140732
2175.63    -489.3232 -607.9144 0.7140283
2175.64    -489.1783 -607.9115 0.7139821
2175.65    -489.0334 -607.9085 0.7139349
2175.66    -488.8884 -607.9055 0.7138866
2175.67    -488.7433 -607.9025 0.7138372
2175.68    -488.5982 -607.8995 0.713787
2175.69    -488.4531 -607.8965 0.7137358
2175.7    -488.3079 -607.8935 0.7136837
2175.71    -488.1626 -607.8904 0.7136309
2175.72    -488.0173 -607.8874 0.7135772
2175.73    -487.872 -607.8843 0.7135227
2175.74    -487.7266 -607.8813 0.7134675
2175.75    -487.5812 -607.8782 0.7134116
2175.76    -487.4357 -607.8752 0.713355
2175.77    -487.2902 -607.8721 0.7132977
2175.78    -487.1447 -607.869 0.7132398
2175.79    -486.9991 -607.8658 0.7131814
2175.8    -486.8534 -607.8627 0.7131225
2175.81    -486.7077 -607.8596 0.7130629
2175.82    -486.5619 -607.8565 0.7130028
2175.83    -486.4161 -607.8534 0.7129422
2175.84    -486.2703 -607.8503 0.7128813
2175.85    -486.1244 -607.8472 0.7128198
2175.86    -485.9785 -607.8441 0.7127579
2175.87    -485.8325 -607.8409 0.7126955
2175.88    -485.6865 -607.8378 0.7126328
2175.89    -485.5404 -607.8347 0.7125697
2175.9    -485.3943 -607.8316 0.7125062
2175.91    -485.2481 -607.8285 0.7124424
2175.92    -485.1019 -607.8254 0.7123782
2175.93    -484.9557 -607.8223 0.7123138
2175.94    -484.8094 -607.8192 0.7122492
2175.95    -484.663 -607.8161 0.7121844
2175.96    -484.5166 -607.813 0.7121195
2175.97    -484.3702 -607.8099 0.7120543
2175.98    -484.2237 -607.8068 0.7119892
2175.99    -484.0771 -607.8037 0.7119243
2176    -483.9306 -607.8006 0.7118596
2176.01    -483.7839 -607.7975 0.7117952
2176.02    -483.6373 -607.7944 0.7117311
2176.03    -483.4906 -607.7913 0.7116676
2176.04    -483.3438 -607.7882 0.7116049
2176.05    -483.197 -607.7852 0.7115428
2176.06    -483.0502 -607.7822 0.7114814
2176.07    -482.9033 -607.7791 0.7114207
2176.08    -482.7563 -607.7761 0.7113612
2176.09    -482.6094 -607.773 0.7113029
2176.1    -482.4623 -607.77 0.7112459
2176.11    -482.3152 -607.767 0.71119
2176.12    -482.1681 -607.7639 0.7111353
2176.13    -482.021 -607.7609 0.7110823
2176.14    -481.8737 -607.7579 0.7110309
2176.15    -481.7265 -607.7549 0.7109812
2176.16    -481.5792 -607.752 0.710933
2176.17    -481.4318 -607.749 0.7108862
2176.18    -481.2845 -607.746 0.7108413
2176.19    -481.137 -607.743 0.7107981
2176.2    -480.9895 -607.7401 0.7107567
2176.21    -480.842 -607.7372 0.7107167
2176.22    -480.6944 -607.7343 0.7106785
2176.23    -480.5468 -607.7314 0.7106417
2176.24    -480.3992 -607.7285 0.7106066
2176.25    -480.2515 -607.7255 0.7105731
2176.26    -480.1037 -607.7226 0.710541
2176.27    -479.9559 -607.7198 0.7105103
2176.28    -479.808 -607.7169 0.7104809
2176.29    -479.6602 -607.7141 0.7104529
2176.3    -479.5122 -607.7112 0.7104261
2176.31    -479.3642 -607.7084 0.7104006
2176.32    -479.2162 -607.7056 0.7103762
2176.33    -479.0681 -607.7028 0.7103531
2176.34    -478.92 -607.7 0.7103313
2176.35    -478.7719 -607.6972 0.7103108
2176.36    -478.6236 -607.6944 0.7102914
2176.37    -478.4754 -607.6917 0.7102732
2176.38    -478.3271 -607.6889 0.7102564
2176.39    -478.1787 -607.6862 0.710241
2176.4    -478.0304 -607.6834 0.710227
2176.41    -477.8819 -607.6807 0.710214
2176.42    -477.7334 -607.678 0.7102023
2176.43    -477.5849 -607.6753 0.7101922
2176.44    -477.4364 -607.6726 0.7101834
2176.45    -477.2878 -607.67 0.7101761
2176.46    -477.1391 -607.6673 0.7101701
2176.47    -476.9904 -607.6646 0.7101653
2176.48    -476.8416 -607.6619 0.7101622
2176.49    -476.6929 -607.6593 0.7101604
2176.5    -476.544 -607.6567 0.7101601
2176.51    -476.3951 -607.6541 0.7101612
2176.52    -476.2462 -607.6515 0.7101635
2176.53    -476.0973 -607.6489 0.7101673
2176.54    -475.9482 -607.6462 0.7101724
2176.55    -475.7992 -607.6437 0.7101787
2176.56    -475.6501 -607.6412 0.7101862
2176.57    -475.5009 -607.6386 0.710195
2176.58    -475.3517 -607.636 0.7102049
2176.59    -475.2025 -607.6335 0.7102158
2176.6    -475.0532 -607.6309 0.7102278
2176.61    -474.9039 -607.6284 0.7102407
2176.62    -474.7545 -607.6259 0.7102545
2176.63    -474.6051 -607.6234 0.7102693
2176.64    -474.4556 -607.6208 0.710285
2176.65    -474.3061 -607.6184 0.7103015
2176.66    -474.1566 -607.6159 0.7103187
2176.67    -474.007 -607.6134 0.7103367
2176.68    -473.8573 -607.611 0.7103555
2176.69    -473.7076 -607.6085 0.7103749
2176.7    -473.5579 -607.6061 0.7103949
2176.71    -473.4081 -607.6036 0.7104155
2176.72    -473.2583 -607.6012 0.7104369
2176.73    -473.1085 -607.5988 0.7104587
2176.74    -472.9586 -607.5963 0.7104812
2176.75    -472.8086 -607.5939 0.7105041
2176.76    -472.6586 -607.5915 0.7105275
2176.77    -472.5086 -607.5891 0.7105514
2176.78    -472.3585 -607.5868 0.7105758
2176.79    -472.2084 -607.5844 0.7106006
2176.8    -472.0582 -607.582 0.7106258
2176.81    -471.908 -607.5797 0.7106515
2176.82    -471.7578 -607.5773 0.7106776
2176.83    -471.6075 -607.5749 0.7107038
2176.84    -471.4571 -607.5725 0.7107306
2176.85    -471.3067 -607.5701 0.7107577
2176.86    -471.1563 -607.5678 0.7107852
2176.87    -471.0058 -607.5655 0.7108129
2176.88    -470.8553 -607.5632 0.7108409
2176.89    -470.7047 -607.5609 0.7108692
2176.9    -470.5541 -607.5585 0.7108978
2176.91    -470.4035 -607.5562 0.7109267
2176.92    -470.2528 -607.5539 0.7109557
2176.93    -470.102 -607.5516 0.7109851
2176.94    -469.9512 -607.5493 0.7110146
2176.95    -469.8004 -607.5469 0.7110443
2176.96    -469.6495 -607.5446 0.711074
2176.97    -469.4986 -607.5423 0.7111038
2176.98    -469.3476 -607.54 0.7111335
2176.99    -469.1966 -607.5378 0.711163
2177    -469.0456 -607.5355 0.7111925
2177.01    -468.8945 -607.5333 0.7112219
2177.02    -468.7434 -607.531 0.7112513
2177.03    -468.5922 -607.5287 0.71128
2177.04    -468.441 -607.5265 0.7113082
2177.05    -468.2898 -607.5243 0.711336
2177.06    -468.1385 -607.522 0.7113632
2177.07    -467.9872 -607.5198 0.71139
2177.08    -467.8358 -607.5175 0.7114156
2177.09    -467.6844 -607.5153 0.7114401
2177.1    -467.533 -607.5131 0.7114637
2177.11    -467.3815 -607.5109 0.7114863
2177.12    -467.23 -607.5087 0.7115079
2177.13    -467.0784 -607.5065 0.7115286
2177.14    -466.9268 -607.5043 0.7115478
2177.15    -466.7752 -607.5021 0.7115654
2177.16    -466.6235 -607.4999 0.7115815
2177.17    -466.4718 -607.4977 0.7115963
2177.18    -466.3201 -607.4955 0.7116092
2177.19    -466.1683 -607.4933 0.7116203
2177.2    -466.0164 -607.4912 0.7116297
2177.21    -465.8646 -607.4891 0.7116376
2177.22    -465.7126 -607.4869 0.7116439
2177.23    -465.5607 -607.4848 0.7116483
2177.24    -465.4088 -607.4827 0.711651
2177.25    -465.2567 -607.4805 0.7116521
2177.26    -465.1047 -607.4784 0.7116516
2177.27    -464.9525 -607.4763 0.7116496
2177.28    -464.8004 -607.4742 0.711646
2177.29    -464.6483 -607.4722 0.711641
2177.3    -464.496 -607.4701 0.7116346
2177.31    -464.3438 -607.468 0.7116268
2177.32    -464.1915 -607.466 0.7116178
2177.33    -464.0392 -607.4639 0.7116075
2177.34    -463.8868 -607.4619 0.711596
2177.35    -463.7344 -607.4599 0.7115835
2177.36    -463.582 -607.4579 0.7115699
2177.37    -463.4295 -607.4559 0.7115552
2177.38    -463.277 -607.4539 0.7115395
2177.39    -463.1245 -607.452 0.7115229
2177.4    -462.9719 -607.4501 0.7115054
2177.41    -462.8193 -607.4481 0.7114869
2177.42    -462.6667 -607.4462 0.7114677
2177.43    -462.514 -607.4443 0.7114477
2177.44    -462.3613 -607.4424 0.711427
2177.45    -462.2086 -607.4406 0.7114055
2177.46    -462.0558 -607.4387 0.7113833
2177.47    -461.903 -607.4369 0.7113604
2177.48    -461.7502 -607.4351 0.7113369
2177.49    -461.5974 -607.4333 0.7113128
2177.5    -461.4445 -607.4315 0.7112881
2177.51    -461.2916 -607.4297 0.7112628
2177.52    -461.1387 -607.428 0.711237
2177.53    -460.9857 -607.4262 0.7112107
2177.54    -460.8328 -607.4246 0.7111839
2177.55    -460.6798 -607.4229 0.7111566
2177.56    -460.5268 -607.4211 0.7111289
2177.57    -460.3737 -607.4195 0.7111007
2177.58    -460.2207 -607.4178 0.7110721
2177.59    -460.0676 -607.4163 0.7110431
2177.6    -459.9145 -607.4146 0.7110137
2177.61    -459.7614 -607.4131 0.7109839
2177.62    -459.6082 -607.4115 0.7109538
2177.63    -459.455 -607.4099 0.7109228
2177.64    -459.3018 -607.4084 0.7108909
2177.65    -459.1486 -607.4069 0.7108584
2177.66    -458.9954 -607.4055 0.7108252
2177.67    -458.8421 -607.404 0.7107912
2177.68    -458.6888 -607.4026 0.7107556
2177.69    -458.5355 -607.4012 0.7107185
2177.7    -458.3821 -607.3998 0.7106799
2177.71    -458.2287 -607.3984 0.7106398
2177.72    -458.0753 -607.3972 0.7105982
2177.73    -457.9219 -607.3958 0.7105544
2177.74    -457.7685 -607.3945 0.7105083
2177.75    -457.6151 -607.3932 0.7104601
2177.76    -457.4616 -607.392 0.7104097
2177.77    -457.3081 -607.3908 0.7103574
2177.78    -457.1546 -607.3896 0.7103025
2177.79    -457.0011 -607.3884 0.7102453
2177.8    -456.8475 -607.3873 0.7101857
2177.81    -456.6939 -607.3862 0.7101238
2177.82    -456.5403 -607.3851 0.7100599
2177.83    -456.3867 -607.384 0.7099939
2177.84    -456.233 -607.383 0.7099259
2177.85    -456.0793 -607.382 0.709856
2177.86    -455.9256 -607.381 0.7097843
2177.87    -455.7719 -607.3801 0.7097108
2177.88    -455.6181 -607.3791 0.7096362
2177.89    -455.4643 -607.3782 0.7095604
2177.9    -455.3105 -607.3774 0.7094835
2177.91    -455.1567 -607.3765 0.7094056
2177.92    -455.0029 -607.3757 0.7093267
2177.93    -454.849 -607.3749 0.7092475
2177.94    -454.6952 -607.3742 0.7091682
2177.95    -454.5413 -607.3735 0.7090886
2177.96    -454.3873 -607.3728 0.7090088
2177.97    -454.2334 -607.3721 0.7089288
2177.98    -454.0794 -607.3715 0.7088495
2177.99    -453.9254 -607.3709 0.7087708
2178    -453.7714 -607.3704 0.7086926
2178.01    -453.6174 -607.3698 0.7086149
2178.02    -453.4633 -607.3693 0.7085377
2178.03    -453.3093 -607.3688 0.7084619
2178.04    -453.1552 -607.3684 0.7083872
2178.05    -453.0011 -607.368 0.7083138
2178.06    -452.847 -607.3676 0.7082415
2178.07    -452.6928 -607.3672 0.7081703
2178.08    -452.5387 -607.3669 0.7081006
2178.09    -452.3845 -607.3666 0.7080324
2178.1    -452.2303 -607.3664 0.7079657
2178.11    -452.0761 -607.3661 0.7079002
2178.12    -451.9218 -607.366 0.7078361
2178.13    -451.7676 -607.3658 0.7077733
2178.14    -451.6133 -607.3657 0.7077118
2178.15    -451.4591 -607.3656 0.7076516
2178.16    -451.3048 -607.3655 0.7075925
2178.17    -451.1505 -607.3655 0.7075347
2178.18    -450.9962 -607.3654 0.7074779
2178.19    -450.8418 -607.3655 0.7074221
2178.2    -450.6875 -607.3655 0.7073674
2178.21    -450.5331 -607.3656 0.7073135
2178.22    -450.3787 -607.3657 0.7072606
2178.23    -450.2244 -607.3658 0.7072086
2178.24    -450.07 -607.366 0.7071574
2178.25    -449.9156 -607.3662 0.7071071
2178.26    -449.7611 -607.3664 0.7070577
2178.27    -449.6067 -607.3667 0.7070089
2178.28    -449.4523 -607.367 0.7069612
2178.29    -449.2978 -607.3674 0.7069144
2178.3    -449.1434 -607.3677 0.7068685
2178.31    -448.9889 -607.3682 0.7068234
2178.32    -448.8344 -607.3686 0.7067791
2178.33    -448.68 -607.3691 0.7067361
2178.34    -448.5255 -607.3696 0.7066942
2178.35    -448.371 -607.3701 0.7066535
2178.36    -448.2165 -607.3707 0.7066138
2178.37    -448.062 -607.3713 0.7065752
2178.38    -447.9075 -607.3719 0.7065381
2178.39    -447.753 -607.3726 0.7065026
2178.4    -447.5984 -607.3732 0.7064686
2178.41    -447.4439 -607.374 0.7064359
2178.42    -447.2894 -607.3747 0.7064046
2178.43    -447.1348 -607.3755 0.7063753
2178.44    -446.9803 -607.3763 0.7063479
2178.45    -446.8257 -607.3771 0.7063224
2178.46    -446.6712 -607.378 0.7062987
2178.47    -446.5166 -607.3789 0.7062767
2178.48    -446.3621 -607.3798 0.7062571
2178.49    -446.2075 -607.3808 0.70624
2178.5    -446.0529 -607.3818 0.7062252
2178.51    -445.8984 -607.3828 0.7062126
2178.52    -445.7438 -607.3839 0.7062021
2178.53    -445.5893 -607.3849 0.7061946
2178.54    -445.4347 -607.386 0.7061899
2178.55    -445.2801 -607.3871 0.706188
2178.56    -445.1255 -607.3882 0.7061887
2178.57    -444.971 -607.3894 0.7061918
2178.58    -444.8164 -607.3906 0.7061981
2178.59    -444.6619 -607.3918 0.7062075
2178.6    -444.5073 -607.3931 0.7062197
2178.61    -444.3528 -607.3943 0.7062347
2178.62    -444.1982 -607.3956 0.7062524
2178.63    -444.0436 -607.3969 0.7062729
2178.64    -443.8891 -607.3982 0.7062963
2178.65    -443.7346 -607.3995 0.7063222
2178.66    -443.58 -607.4009 0.7063506
2178.67    -443.4254 -607.4023 0.7063815
2178.68    -443.2709 -607.4037 0.7064148
2178.69    -443.1164 -607.4052 0.7064502
2178.7    -442.9618 -607.4066 0.7064878
2178.71    -442.8073 -607.408 0.7065274
2178.72    -442.6527 -607.4095 0.706569
2178.73    -442.4982 -607.411 0.7066125
2178.74    -442.3437 -607.4125 0.7066577
2178.75    -442.1892 -607.4141 0.7067047
2178.76    -442.0347 -607.4156 0.7067534
2178.77    -441.8801 -607.4171 0.7068036
2178.78    -441.7256 -607.4187 0.7068554
2178.79    -441.5711 -607.4203 0.7069087
2178.8    -441.4166 -607.4219 0.7069634
2178.81    -441.2621 -607.4235 0.7070193
2178.82    -441.1075 -607.4252 0.7070767
2178.83    -440.9531 -607.4268 0.7071352
2178.84    -440.7986 -607.4285 0.707195
2178.85    -440.6441 -607.4301 0.7072558
2178.86    -440.4896 -607.4318 0.7073178
2178.87    -440.3351 -607.4335 0.7073808
2178.88    -440.1806 -607.4352 0.7074448
2178.89    -440.0261 -607.437 0.7075097
2178.9    -439.8716 -607.4387 0.7075754
2178.91    -439.7171 -607.4404 0.7076421
2178.92    -439.5627 -607.4422 0.7077095
2178.93    -439.4082 -607.444 0.7077777
2178.94    -439.2538 -607.4457 0.7078466
2178.95    -439.0993 -607.4475 0.7079163
2178.96    -438.9449 -607.4493 0.7079866
2178.97    -438.7904 -607.451 0.7080575
2178.98    -438.636 -607.4528 0.7081291
2178.99    -438.4815 -607.4547 0.7082012
2179    -438.3271 -607.4565 0.7082738
2179.01    -438.1727 -607.4583 0.7083468
2179.02    -438.0183 -607.4601 0.7084203
