1902.93    -644.7713 -614.3591 0.7056811
1902.94    -644.6412 -614.3547 0.7055671
1902.95    -644.511 -614.3503 0.705453
1902.96    -644.3808 -614.3458 0.7053391
1902.97    -644.2506 -614.3414 0.7052252
1902.98    -644.1204 -614.3369 0.7051114
1902.99    -643.9902 -614.3325 0.7049976
1903    -643.86 -614.328 0.7048838
1903.01    -643.7297 -614.3235 0.7047701
1903.02    -643.5995 -614.3191 0.7046565
1903.03    -643.4692 -614.3146 0.7045429
1903.04    -643.339 -614.3102 0.7044295
1903.05    -643.2087 -614.3057 0.7043165
1903.06    -643.0784 -614.3013 0.7042036
1903.07    -642.9481 -614.2968 0.7040911
1903.08    -642.8178 -614.2924 0.7039793
1903.09    -642.6875 -614.2879 0.7038682
1903.1    -642.5571 -614.2834 0.703758
1903.11    -642.4268 -614.2789 0.7036484
1903.12    -642.2964 -614.2745 0.7035395
1903.13    -642.166 -614.27 0.7034322
1903.14    -642.0356 -614.2656 0.7033264
1903.15    -641.9052 -614.2611 0.7032219
1903.16    -641.7748 -614.2567 0.7031188
1903.17    -641.6443 -614.2522 0.703017
1903.18    -641.5139 -614.2477 0.7029162
1903.19    -641.3834 -614.2433 0.7028188
1903.2    -641.2529 -614.2388 0.7027243
1903.21    -641.1224 -614.2344 0.7026326
1903.22    -640.9919 -614.2299 0.7025437
1903.23    -640.8614 -614.2255 0.7024589
1903.24    -640.7308 -614.221 0.702378
1903.25    -640.6003 -614.2166 0.702301
1903.26    -640.4697 -614.2121 0.7022273
1903.27    -640.3391 -614.2076 0.7021571
1903.28    -640.2085 -614.2031 0.7020923
1903.29    -640.0779 -614.1986 0.7020325
1903.3    -639.9473 -614.1941 0.7019776
1903.31    -639.8166 -614.1896 0.7019273
1903.32    -639.6859 -614.1851 0.7018812
1903.33    -639.5552 -614.1805 0.7018409
1903.34    -639.4246 -614.176 0.7018058
1903.35    -639.2938 -614.1715 0.7017758
1903.36    -639.1631 -614.167 0.7017506
1903.37    -639.0323 -614.1625 0.7017301
1903.38    -638.9016 -614.158 0.7017147
1903.39    -638.7709 -614.1534 0.7017044
1903.4    -638.6401 -614.1489 0.7016987
1903.41    -638.5093 -614.1443 0.7016976
1903.42    -638.3784 -614.1398 0.7017007
1903.43    -638.2476 -614.1353 0.7017083
1903.44    -638.1168 -614.1307 0.7017202
1903.45    -637.9859 -614.1262 0.7017361
1903.46    -637.855 -614.1216 0.7017558
1903.47    -637.7242 -614.117 0.7017795
1903.48    -637.5933 -614.1124 0.7018068
1903.49    -637.4623 -614.1078 0.7018376
1903.5    -637.3314 -614.1033 0.7018717
1903.51    -637.2004 -614.0986 0.7019089
1903.52    -637.0695 -614.0941 0.7019492
1903.53    -636.9385 -614.0895 0.7019926
1903.54    -636.8075 -614.0849 0.702039
1903.55    -636.6765 -614.0803 0.7020882
1903.56    -636.5454 -614.0757 0.7021402
1903.57    -636.4144 -614.0712 0.7021946
1903.58    -636.2833 -614.0665 0.7022516
1903.59    -636.1522 -614.0619 0.702311
1903.6    -636.0211 -614.0573 0.7023728
1903.61    -635.89 -614.0526 0.7024367
1903.62    -635.7589 -614.0479 0.7025027
1903.63    -635.6277 -614.0433 0.7025707
1903.64    -635.4965 -614.0386 0.7026405
1903.65    -635.3654 -614.034 0.7027122
1903.66    -635.2341 -614.0294 0.7027855
1903.67    -635.1029 -614.0247 0.7028605
1903.68    -634.9717 -614.0201 0.7029368
1903.69    -634.8405 -614.0154 0.7030144
1903.7    -634.7092 -614.0108 0.7030933
1903.71    -634.5779 -614.0062 0.7031735
1903.72    -634.4466 -614.0015 0.7032547
1903.73    -634.3153 -613.9969 0.7033368
1903.74    -634.184 -613.9922 0.7034196
1903.75    -634.0526 -613.9876 0.7035033
1903.76    -633.9213 -613.983 0.7035876
1903.77    -633.7899 -613.9783 0.7036723
1903.78    -633.6586 -613.9737 0.7037576
1903.79    -633.5272 -613.9691 0.7038432
1903.8    -633.3958 -613.9644 0.7039292
1903.81    -633.2643 -613.9598 0.7040156
1903.82    -633.1329 -613.9551 0.7041023
1903.83    -633.0015 -613.9505 0.7041894
1903.84    -632.87 -613.9459 0.7042767
1903.85    -632.7385 -613.9412 0.7043644
1903.86    -632.6071 -613.9366 0.7044523
1903.87    -632.4756 -613.9319 0.7045404
1903.88    -632.3441 -613.9272 0.7046288
1903.89    -632.2126 -613.9225 0.7047173
1903.9    -632.0811 -613.9178 0.7048061
1903.91    -631.9495 -613.9131 0.7048951
1903.92    -631.818 -613.9084 0.7049842
1903.93    -631.6865 -613.9037 0.7050736
1903.94    -631.5549 -613.899 0.7051631
1903.95    -631.4233 -613.8943 0.7052528
1903.96    -631.2917 -613.8896 0.7053426
1903.97    -631.16 -613.8849 0.7054325
1903.98    -631.0284 -613.8802 0.7055227
1903.99    -630.8968 -613.8755 0.7056129
1904    -630.7651 -613.8708 0.7057033
1904.01    -630.6335 -613.8661 0.7057937
1904.02    -630.5018 -613.8615 0.7058843
1904.03    -630.3701 -613.8568 0.7059751
1904.04    -630.2384 -613.8521 0.7060658
1904.05    -630.1067 -613.8474 0.7061568
1904.06    -629.975 -613.8427 0.7062477
1904.07    -629.8433 -613.838 0.706339
1904.08    -629.7115 -613.8333 0.7064305
1904.09    -629.5797 -613.8286 0.7065222
1904.1    -629.4479 -613.8239 0.7066141
1904.11    -629.3162 -613.8192 0.7067062
1904.12    -629.1843 -613.8145 0.7067985
1904.13    -629.0525 -613.8099 0.7068914
1904.14    -628.9207 -613.8052 0.7069846
1904.15    -628.7888 -613.8006 0.7070784
1904.16    -628.6569 -613.796 0.7071726
1904.17    -628.525 -613.7913 0.7072672
1904.18    -628.3931 -613.7867 0.7073627
1904.19    -628.2612 -613.782 0.7074591
1904.2    -628.1293 -613.7774 0.7075562
1904.21    -627.9974 -613.7728 0.7076541
1904.22    -627.8654 -613.7682 0.7077527
1904.23    -627.7335 -613.7635 0.7078524
1904.24    -627.6015 -613.7589 0.7079531
1904.25    -627.4695 -613.7543 0.7080547
1904.26    -627.3375 -613.7496 0.7081572
1904.27    -627.2055 -613.745 0.7082605
1904.28    -627.0735 -613.7404 0.7083651
1904.29    -626.9415 -613.7357 0.7084707
1904.3    -626.8094 -613.7311 0.7085773
1904.31    -626.6774 -613.7264 0.708685
1904.32    -626.5453 -613.7218 0.7087936
1904.33    -626.4132 -613.7172 0.7089031
1904.34    -626.2811 -613.7125 0.7090135
1904.35    -626.149 -613.7079 0.7091247
1904.36    -626.017 -613.7032 0.7092367
1904.37    -625.8848 -613.6987 0.7093493
1904.38    -625.7527 -613.694 0.7094628
1904.39    -625.6206 -613.6894 0.7095766
1904.4    -625.4885 -613.6848 0.7096911
1904.41    -625.3563 -613.6801 0.7098061
1904.42    -625.2242 -613.6755 0.7099212
1904.43    -625.092 -613.6709 0.7100363
1904.44    -624.9598 -613.6663 0.7101514
1904.45    -624.8276 -613.6617 0.7102666
1904.46    -624.6954 -613.6572 0.7103819
1904.47    -624.5632 -613.6526 0.7104961
1904.48    -624.431 -613.648 0.7106094
1904.49    -624.2988 -613.6434 0.7107217
1904.5    -624.1666 -613.6389 0.7108331
1904.51    -624.0343 -613.6343 0.7109438
1904.52    -623.902 -613.6298 0.7110519
1904.53    -623.7698 -613.6252 0.7111579
1904.54    -623.6375 -613.6206 0.7112617
1904.55    -623.5052 -613.616 0.7113634
1904.56    -623.3729 -613.6115 0.7114632
1904.57    -623.2407 -613.6069 0.7115591
1904.58    -623.1083 -613.6023 0.7116514
1904.59    -622.976 -613.5977 0.7117403
1904.6    -622.8437 -613.5931 0.7118259
1904.61    -622.7113 -613.5886 0.7119084
1904.62    -622.5789 -613.584 0.711988
1904.63    -622.4465 -613.5795 0.7120629
1904.64    -622.3141 -613.575 0.7121333
1904.65    -622.1818 -613.5704 0.7121994
1904.66    -622.0494 -613.566 0.7122616
1904.67    -621.9169 -613.5615 0.71232
1904.68    -621.7845 -613.5569 0.7123736
1904.69    -621.6521 -613.5524 0.7124228
1904.7    -621.5197 -613.5479 0.7124677
1904.71    -621.3872 -613.5434 0.7125087
1904.72    -621.2548 -613.5389 0.7125458
1904.73    -621.1223 -613.5344 0.7125785
1904.74    -620.9899 -613.5298 0.712607
1904.75    -620.8574 -613.5253 0.7126316
1904.76    -620.7249 -613.5208 0.7126524
1904.77    -620.5923 -613.5163 0.7126697
1904.78    -620.4598 -613.5118 0.7126831
1904.79    -620.3273 -613.5073 0.7126929
1904.8    -620.1948 -613.5028 0.7126992
1904.81    -620.0622 -613.4984 0.7127023
1904.82    -619.9296 -613.4939 0.7127022
1904.83    -619.7971 -613.4894 0.7126984
1904.84    -619.6645 -613.485 0.7126911
1904.85    -619.5319 -613.4805 0.7126805
1904.86    -619.3993 -613.4761 0.7126666
1904.87    -619.2667 -613.4716 0.7126487
1904.88    -619.1341 -613.4672 0.7126271
1904.89    -619.0015 -613.4627 0.7126019
1904.9    -618.8688 -613.4583 0.7125733
1904.91    -618.7362 -613.4538 0.7125414
1904.92    -618.6036 -613.4493 0.7125055
1904.93    -618.4709 -613.4449 0.7124658
1904.94    -618.3383 -613.4405 0.7124224
1904.95    -618.2056 -613.436 0.7123756
1904.96    -618.0729 -613.4316 0.7123256
1904.97    -617.9402 -613.4271 0.7122718
1904.98    -617.8075 -613.4227 0.7122146
1904.99    -617.6748 -613.4182 0.7121541
1905    -617.5421 -613.4138 0.7120904
1905.01    -617.4093 -613.4093 0.7120238
1905.02    -617.2766 -613.4048 0.7119542
1905.03    -617.1438 -613.4004 0.7118819
1905.04    -617.011 -613.3959 0.7118071
1905.05    -616.8782 -613.3915 0.7117298
1905.06    -616.7454 -613.387 0.7116501
1905.07    -616.6126 -613.3825 0.7115682
1905.08    -616.4798 -613.3781 0.7114842
1905.09    -616.347 -613.3736 0.7113982
1905.1    -616.2142 -613.3691 0.7113104
1905.11    -616.0813 -613.3647 0.7112209
1905.12    -615.9484 -613.3602 0.7111296
1905.13    -615.8156 -613.3557 0.7110368
1905.14    -615.6827 -613.3511 0.7109425
1905.15    -615.5499 -613.3466 0.7108468
1905.16    -615.417 -613.342 0.7107497
1905.17    -615.2841 -613.3375 0.7106514
1905.18    -615.1512 -613.333 0.710552
1905.19    -615.0184 -613.3285 0.7104515
1905.2    -614.8855 -613.3239 0.7103503
1905.21    -614.7526 -613.3194 0.710248
1905.22    -614.6196 -613.3148 0.7101448
1905.23    -614.4868 -613.3102 0.7100412
1905.24    -614.3538 -613.3057 0.7099372
1905.25    -614.2209 -613.301 0.7098327
1905.26    -614.088 -613.2964 0.7097278
1905.27    -613.955 -613.2919 0.7096226
1905.28    -613.8221 -613.2873 0.7095169
1905.29    -613.6891 -613.2827 0.7094116
1905.3    -613.5562 -613.278 0.7093068
1905.31    -613.4232 -613.2734 0.7092022
1905.32    -613.2902 -613.2687 0.709098
1905.33    -613.1573 -613.264 0.7089948
1905.34    -613.0243 -613.2594 0.7088926
1905.35    -612.8913 -613.2548 0.7087913
1905.36    -612.7583 -613.25 0.7086908
1905.37    -612.6253 -613.2453 0.7085911
1905.38    -612.4923 -613.2406 0.7084932
1905.39    -612.3593 -613.2358 0.7083971
1905.4    -612.2263 -613.2311 0.7083026
1905.41    -612.0933 -613.2264 0.7082096
1905.42    -611.9603 -613.2216 0.7081181
1905.43    -611.8273 -613.2168 0.7080291
1905.44    -611.6943 -613.212 0.7079424
1905.45    -611.5612 -613.2073 0.7078581
1905.46    -611.4282 -613.2024 0.7077758
1905.47    -611.2951 -613.1976 0.7076965
1905.48    -611.162 -613.1927 0.70762
1905.49    -611.029 -613.1879 0.7075462
1905.5    -610.8959 -613.183 0.7074749
1905.51    -610.7628 -613.1782 0.707406
1905.52    -610.6297 -613.1732 0.7073395
1905.53    -610.4966 -613.1683 0.707276
1905.54    -610.3635 -613.1635 0.7072154
1905.55    -610.2304 -613.1584 0.7071575
1905.56    -610.0973 -613.1535 0.7071022
1905.57    -609.9642 -613.1486 0.7070494
1905.58    -609.8311 -613.1436 0.7069996
1905.59    -609.6979 -613.1385 0.7069525
1905.6    -609.5648 -613.1335 0.7069082
1905.61    -609.4316 -613.1285 0.7068663
1905.62    -609.2984 -613.1235 0.7068267
1905.63    -609.1652 -613.1185 0.7067901
1905.64    -609.032 -613.1134 0.706756
1905.65    -608.8989 -613.1083 0.7067245
1905.66    -608.7657 -613.1032 0.7066953
1905.67    -608.6325 -613.0981 0.7066689
1905.68    -608.4993 -613.093 0.706645
1905.69    -608.3661 -613.0878 0.7066235
1905.7    -608.2328 -613.0827 0.7066042
1905.71    -608.0996 -613.0775 0.7065873
1905.72    -607.9664 -613.0723 0.7065728
1905.73    -607.8331 -613.0671 0.7065609
1905.74    -607.6999 -613.062 0.7065512
1905.75    -607.5666 -613.0567 0.7065437
1905.76    -607.4333 -613.0515 0.7065384
1905.77    -607.3 -613.0462 0.7065356
1905.78    -607.1667 -613.041 0.7065352
1905.79    -607.0334 -613.0356 0.7065371
1905.8    -606.9001 -613.0303 0.7065412
1905.81    -606.7668 -613.025 0.7065474
1905.82    -606.6335 -613.0197 0.7065561
1905.83    -606.5001 -613.0143 0.7065673
1905.84    -606.3668 -613.009 0.7065808
1905.85    -606.2334 -613.0036 0.7065964
1905.86    -606.1 -612.9982 0.7066142
1905.87    -605.9667 -612.9928 0.7066343
1905.88    -605.8333 -612.9874 0.7066568
1905.89    -605.6999 -612.9819 0.7066813
1905.9    -605.5665 -612.9764 0.706708
1905.91    -605.433 -612.971 0.7067366
1905.92    -605.2996 -612.9655 0.7067671
1905.93    -605.1661 -612.96 0.7067996
1905.94    -605.0327 -612.9545 0.7068341
1905.95    -604.8992 -612.949 0.7068705
1905.96    -604.7657 -612.9434 0.7069086
1905.97    -604.6322 -612.9379 0.7069486
1905.98    -604.4987 -612.9323 0.7069904
1905.99    -604.3652 -612.9267 0.7070338
1906    -604.2316 -612.9211 0.7070788
1906.01    -604.0981 -612.9155 0.7071253
1906.02    -603.9645 -612.9098 0.7071734
1906.03    -603.831 -612.9042 0.7072229
1906.04    -603.6974 -612.8985 0.7072737
1906.05    -603.5638 -612.8928 0.7073259
1906.06    -603.4302 -612.8871 0.7073792
1906.07    -603.2966 -612.8814 0.7074337
1906.08    -603.163 -612.8757 0.7074893
1906.09    -603.0293 -612.8699 0.7075461
1906.1    -602.8956 -612.8641 0.7076038
1906.11    -602.762 -612.8584 0.7076625
1906.12    -602.6283 -612.8526 0.707722
1906.13    -602.4946 -612.8468 0.7077825
1906.14    -602.3609 -612.8409 0.7078438
1906.15    -602.2272 -612.8351 0.7079059
1906.16    -602.0934 -612.8293 0.7079687
1906.17    -601.9597 -612.8234 0.7080322
1906.18    -601.8259 -612.8175 0.7080964
1906.19    -601.6921 -612.8116 0.7081609
1906.2    -601.5583 -612.8057 0.7082258
1906.21    -601.4246 -612.7998 0.7082912
1906.22    -601.2907 -612.7938 0.7083571
1906.23    -601.1569 -612.7879 0.708423
1906.24    -601.0231 -612.7819 0.708489
1906.25    -600.8892 -612.7759 0.708555
1906.26    -600.7554 -612.7699 0.7086211
1906.27    -600.6215 -612.7639 0.7086868
1906.28    -600.4876 -612.7579 0.7087522
1906.29    -600.3537 -612.7518 0.7088173
1906.3    -600.2198 -612.7457 0.7088822
1906.31    -600.0859 -612.7397 0.7089466
1906.32    -599.952 -612.7336 0.7090105
1906.33    -599.818 -612.7275 0.7090738
1906.34    -599.684 -612.7214 0.7091365
1906.35    -599.55 -612.7152 0.7091987
1906.36    -599.4161 -612.709 0.7092604
1906.37    -599.2821 -612.7029 0.7093213
1906.38    -599.1481 -612.6967 0.7093814
1906.39    -599.014 -612.6905 0.7094408
1906.4    -598.88 -612.6843 0.7094994
1906.41    -598.7459 -612.678 0.7095574
1906.42    -598.6118 -612.6718 0.7096149
1906.43    -598.4777 -612.6655 0.7096713
1906.44    -598.3436 -612.6593 0.7097269
1906.45    -598.2095 -612.653 0.7097816
1906.46    -598.0754 -612.6467 0.7098355
1906.47    -597.9413 -612.6404 0.7098883
1906.48    -597.8071 -612.6341 0.70994
1906.49    -597.673 -612.6277 0.7099904
1906.5    -597.5388 -612.6214 0.71004
1906.51    -597.4046 -612.615 0.7100886
1906.52    -597.2704 -612.6086 0.7101355
1906.53    -597.1362 -612.6023 0.7101811
1906.54    -597.002 -612.5959 0.7102252
1906.55    -596.8678 -612.5895 0.710268
1906.56    -596.7335 -612.583 0.7103095
1906.57    -596.5993 -612.5766 0.7103491
1906.58    -596.465 -612.5702 0.7103869
1906.59    -596.3307 -612.5638 0.7104229
1906.6    -596.1965 -612.5573 0.7104572
1906.61    -596.0621 -612.5508 0.71049
1906.62    -595.9279 -612.5443 0.7105206
1906.63    -595.7935 -612.5378 0.7105491
1906.64    -595.6592 -612.5314 0.7105758
1906.65    -595.5248 -612.5249 0.7106006
1906.66    -595.3904 -612.5184 0.7106237
1906.67    -595.256 -612.512 0.7106451
1906.68    -595.1216 -612.5055 0.7106643
1906.69    -594.9872 -612.499 0.7106816
1906.7    -594.8528 -612.4925 0.7106968
1906.71    -594.7184 -612.486 0.7107102
1906.72    -594.5839 -612.4794 0.7107214
1906.73    -594.4495 -612.4729 0.7107307
1906.74    -594.315 -612.4664 0.7107381
1906.75    -594.1805 -612.4598 0.7107437
1906.76    -594.046 -612.4533 0.7107475
1906.77    -593.9115 -612.4468 0.7107494
1906.78    -593.777 -612.4402 0.7107493
1906.79    -593.6425 -612.4338 0.7107475
1906.8    -593.5079 -612.4272 0.710744
1906.81    -593.3733 -612.4207 0.7107388
1906.82    -593.2387 -612.4142 0.7107317
1906.83    -593.1041 -612.4077 0.710723
1906.84    -592.9695 -612.4011 0.7107125
1906.85    -592.8349 -612.3947 0.7107004
1906.86    -592.7003 -612.3881 0.7106867
1906.87    -592.5656 -612.3817 0.7106717
1906.88    -592.431 -612.3752 0.7106551
1906.89    -592.2963 -612.3687 0.710637
1906.9    -592.1616 -612.3623 0.7106174
1906.91    -592.0269 -612.3558 0.7105966
1906.92    -591.8922 -612.3494 0.7105744
1906.93    -591.7575 -612.3429 0.7105511
1906.94    -591.6228 -612.3365 0.7105267
1906.95    -591.488 -612.33 0.7105011
1906.96    -591.3533 -612.3235 0.7104745
1906.97    -591.2185 -612.3171 0.7104471
1906.98    -591.0837 -612.3107 0.7104189
1906.99    -590.9489 -612.3042 0.71039
1907    -590.8141 -612.2977 0.7103604
1907.01    -590.6793 -612.2913 0.7103301
1907.02    -590.5444 -612.285 0.7102993
1907.03    -590.4096 -612.2786 0.7102681
1907.04    -590.2747 -612.2722 0.7102364
1907.05    -590.1398 -612.2658 0.7102044
1907.06    -590.0049 -612.2594 0.7101719
1907.07    -589.8701 -612.253 0.7101392
1907.08    -589.7352 -612.2466 0.7101063
1907.09    -589.6002 -612.2403 0.7100731
1907.1    -589.4653 -612.2339 0.7100396
1907.11    -589.3303 -612.2276 0.7100059
1907.12    -589.1954 -612.2213 0.709972
1907.13    -589.0604 -612.215 0.709938
1907.14    -588.9254 -612.2086 0.7099038
1907.15    -588.7903 -612.2023 0.7098693
1907.16    -588.6553 -612.196 0.7098347
1907.17    -588.5203 -612.1898 0.7098001
1907.18    -588.3853 -612.1835 0.7097654
1907.19    -588.2502 -612.1772 0.7097307
1907.2    -588.1151 -612.171 0.7096959
1907.21    -587.98 -612.1647 0.7096611
1907.22    -587.8449 -612.1584 0.7096266
1907.23    -587.7098 -612.1522 0.7095922
1907.24    -587.5746 -612.1461 0.7095579
1907.25    -587.4395 -612.1398 0.7095238
1907.26    -587.3043 -612.1336 0.7094899
1907.27    -587.1692 -612.1275 0.7094564
1907.28    -587.034 -612.1213 0.7094234
1907.29    -586.8988 -612.1152 0.7093908
1907.3    -586.7636 -612.109 0.7093587
1907.31    -586.6284 -612.1029 0.709327
1907.32    -586.4931 -612.0968 0.709296
1907.33    -586.3578 -612.0907 0.7092657
1907.34    -586.2226 -612.0846 0.7092361
1907.35    -586.0873 -612.0786 0.7092072
1907.36    -585.952 -612.0724 0.709179
1907.37    -585.8167 -612.0664 0.7091516
1907.38    -585.6813 -612.0604 0.7091251
1907.39    -585.546 -612.0544 0.7090995
1907.4    -585.4106 -612.0483 0.7090747
1907.41    -585.2753 -612.0424 0.7090508
1907.42    -585.1399 -612.0364 0.7090279
1907.43    -585.0045 -612.0305 0.7090061
1907.44    -584.8691 -612.0245 0.7089851
1907.45    -584.7337 -612.0185 0.7089652
1907.46    -584.5983 -612.0126 0.7089461
1907.47    -584.4628 -612.0067 0.7089282
1907.48    -584.3274 -612.0008 0.7089115
1907.49    -584.1919 -611.9949 0.7088959
1907.5    -584.0564 -611.9891 0.7088813
1907.51    -583.9209 -611.9832 0.7088677
1907.52    -583.7854 -611.9774 0.7088555
1907.53    -583.6499 -611.9716 0.7088447
1907.54    -583.5143 -611.9657 0.7088352
1907.55    -583.3788 -611.9599 0.708827
1907.56    -583.2432 -611.9541 0.7088199
1907.57    -583.1077 -611.9484 0.7088144
1907.58    -582.9721 -611.9426 0.7088104
1907.59    -582.8364 -611.9368 0.7088079
1907.6    -582.7008 -611.9311 0.7088067
1907.61    -582.5652 -611.9254 0.7088068
1907.62    -582.4296 -611.9197 0.7088086
1907.63    -582.2939 -611.914 0.7088121
1907.64    -582.1582 -611.9084 0.7088169
1907.65    -582.0225 -611.9027 0.7088233
1907.66    -581.8868 -611.897 0.7088311
1907.67    -581.751 -611.8914 0.7088402
1907.68    -581.6153 -611.8858 0.708851
1907.69    -581.4796 -611.8802 0.7088634
1907.7    -581.3438 -611.8746 0.7088774
1907.71    -581.208 -611.869 0.7088928
1907.72    -581.0722 -611.8635 0.7089096
1907.73    -580.9364 -611.8579 0.7089282
1907.74    -580.8006 -611.8524 0.7089484
1907.75    -580.6648 -611.8468 0.7089702
1907.76    -580.5289 -611.8413 0.7089934
1907.77    -580.3931 -611.8358 0.7090181
1907.78    -580.2572 -611.8303 0.7090445
1907.79    -580.1213 -611.8248 0.7090725
1907.8    -579.9854 -611.8193 0.7091021
1907.81    -579.8495 -611.8139 0.7091331
1907.82    -579.7136 -611.8084 0.709166
1907.83    -579.5776 -611.803 0.7092005
1907.84    -579.4417 -611.7975 0.7092366
1907.85    -579.3057 -611.7921 0.7092743
1907.86    -579.1697 -611.7867 0.7093134
1907.87    -579.0338 -611.7813 0.7093541
1907.88    -578.8978 -611.7759 0.7093963
1907.89    -578.7618 -611.7705 0.70944
1907.9    -578.6257 -611.7651 0.7094851
1907.91    -578.4897 -611.7598 0.7095315
1907.92    -578.3536 -611.7544 0.7095791
1907.93    -578.2176 -611.749 0.7096281
1907.94    -578.0815 -611.7437 0.7096782
1907.95    -577.9454 -611.7384 0.7097297
1907.96    -577.8093 -611.7331 0.7097821
1907.97    -577.6731 -611.7278 0.7098356
1907.98    -577.537 -611.7225 0.7098902
1907.99    -577.4008 -611.7172 0.7099457
1908    -577.2646 -611.7119 0.7100021
1908.01    -577.1285 -611.7066 0.7100595
1908.02    -576.9923 -611.7014 0.7101176
1908.03    -576.8561 -611.6962 0.7101765
1908.04    -576.7199 -611.6909 0.7102362
1908.05    -576.5837 -611.6857 0.7102966
1908.06    -576.4474 -611.6804 0.7103577
1908.07    -576.3112 -611.6752 0.7104194
1908.08    -576.1749 -611.6699 0.7104818
1908.09    -576.0386 -611.6647 0.7105448
1908.1    -575.9023 -611.6595 0.7106082
1908.11    -575.766 -611.6544 0.7106723
1908.12    -575.6296 -611.6492 0.7107368
1908.13    -575.4933 -611.644 0.7108019
1908.14    -575.3569 -611.6389 0.7108673
1908.15    -575.2206 -611.6337 0.7109333
1908.16    -575.0842 -611.6285 0.7109996
1908.17    -574.9478 -611.6234 0.7110664
1908.18    -574.8113 -611.6182 0.7111334
1908.19    -574.6749 -611.6131 0.7112007
1908.2    -574.5385 -611.608 0.7112684
1908.21    -574.402 -611.6028 0.7113361
1908.22    -574.2656 -611.5977 0.7114043
1908.23    -574.1291 -611.5926 0.7114725
1908.24    -573.9926 -611.5875 0.7115408
1908.25    -573.8561 -611.5824 0.7116091
1908.26    -573.7195 -611.5773 0.7116776
1908.27    -573.583 -611.5723 0.7117461
1908.28    -573.4465 -611.5672 0.7118144
1908.29    -573.3099 -611.5621 0.7118824
1908.3    -573.1733 -611.5571 0.7119501
1908.31    -573.0367 -611.552 0.7120177
1908.32    -572.9001 -611.5469 0.7120849
1908.33    -572.7635 -611.5419 0.7121515
1908.34    -572.627 -611.5368 0.7122174
1908.35    -572.4903 -611.5317 0.7122828
1908.36    -572.3536 -611.5267 0.7123474
1908.37    -572.217 -611.5217 0.7124116
1908.38    -572.0803 -611.5167 0.7124742
1908.39    -571.9436 -611.5117 0.7125355
1908.4    -571.8069 -611.5067 0.7125955
1908.41    -571.6702 -611.5017 0.7126541
1908.42    -571.5334 -611.4967 0.7127107
1908.43    -571.3967 -611.4917 0.7127653
1908.44    -571.2599 -611.4867 0.712818
1908.45    -571.1232 -611.4817 0.7128689
1908.46    -570.9864 -611.4767 0.7129182
1908.47    -570.8496 -611.4717 0.7129644
1908.48    -570.7128 -611.4667 0.7130078
1908.49    -570.576 -611.4617 0.7130486
1908.5    -570.4391 -611.4567 0.7130868
1908.51    -570.3023 -611.4518 0.7131227
1908.52    -570.1654 -611.4468 0.7131563
1908.53    -570.0285 -611.4419 0.7131861
1908.54    -569.8916 -611.437 0.7132122
1908.55    -569.7547 -611.4321 0.7132348
1908.56    -569.6177 -611.4271 0.7132542
1908.57    -569.4808 -611.4222 0.7132705
1908.58    -569.3438 -611.4172 0.7132822
1908.59    -569.2068 -611.4124 0.7132894
1908.6    -569.0699 -611.4075 0.7132925
1908.61    -568.9329 -611.4026 0.7132916
1908.62    -568.7958 -611.3978 0.7132869
1908.63    -568.6588 -611.3929 0.7132773
1908.64    -568.5218 -611.388 0.7132629
1908.65    -568.3847 -611.3832 0.7132438
1908.66    -568.2476 -611.3784 0.7132207
1908.67    -568.1105 -611.3735 0.7131933
1908.68    -567.9734 -611.3688 0.7131621
1908.69    -567.8363 -611.364 0.7131264
1908.7    -567.6992 -611.3591 0.7130863
1908.71    -567.562 -611.3544 0.7130423
1908.72    -567.4249 -611.3497 0.7129944
1908.73    -567.2877 -611.3449 0.7129427
1908.74    -567.1506 -611.3401 0.7128876
1908.75    -567.0134 -611.3354 0.7128291
1908.76    -566.8762 -611.3307 0.7127674
1908.77    -566.739 -611.326 0.7127026
1908.78    -566.6017 -611.3213 0.7126349
1908.79    -566.4645 -611.3166 0.7125645
1908.8    -566.3272 -611.312 0.7124914
1908.81    -566.1899 -611.3073 0.7124158
1908.82    -566.0526 -611.3026 0.7123378
1908.83    -565.9153 -611.298 0.7122575
1908.84    -565.778 -611.2934 0.712175
1908.85    -565.6407 -611.2888 0.7120904
1908.86    -565.5034 -611.2841 0.7120038
1908.87    -565.366 -611.2796 0.7119154
1908.88    -565.2286 -611.275 0.7118251
1908.89    -565.0912 -611.2704 0.7117332
1908.9    -564.9538 -611.2659 0.7116395
1908.91    -564.8163 -611.2614 0.7115443
1908.92    -564.6789 -611.2568 0.7114475
1908.93    -564.5414 -611.2524 0.7113494
1908.94    -564.404 -611.2479 0.7112499
1908.95    -564.2665 -611.2433 0.7111492
1908.96    -564.129 -611.2388 0.7110472
1908.97    -563.9915 -611.2344 0.710944
1908.98    -563.854 -611.23 0.7108396
1908.99    -563.7165 -611.2255 0.7107342
1909    -563.579 -611.2211 0.7106279
1909.01    -563.4414 -611.2167 0.7105205
1909.02    -563.3038 -611.2123 0.7104121
1909.03    -563.1663 -611.2079 0.7103029
1909.04    -563.0287 -611.2036 0.7101929
1909.05    -562.8911 -611.1992 0.7100821
1909.06    -562.7534 -611.1948 0.7099704
1909.07    -562.6158 -611.1906 0.7098581
1909.08    -562.4781 -611.1862 0.709745
1909.09    -562.3405 -611.1819 0.7096314
1909.1    -562.2028 -611.1777 0.7095169
1909.11    -562.0651 -611.1734 0.709402
1909.12    -561.9274 -611.1691 0.7092865
1909.13    -561.7897 -611.165 0.7091704
1909.14    -561.652 -611.1608 0.7090538
1909.15    -561.5142 -611.1566 0.7089366
1909.16    -561.3764 -611.1524 0.708819
1909.17    -561.2386 -611.1483 0.708701
1909.18    -561.1008 -611.1441 0.7085825
1909.19    -560.963 -611.1401 0.7084635
1909.2    -560.8252 -611.136 0.7083442
1909.21    -560.6874 -611.1319 0.7082244
1909.22    -560.5495 -611.1279 0.7081044
1909.23    -560.4116 -611.1239 0.707984
1909.24    -560.2737 -611.1199 0.7078632
1909.25    -560.1359 -611.116 0.7077422
1909.26    -559.9979 -611.1121 0.707621
1909.27    -559.86 -611.1082 0.7074995
1909.28    -559.722 -611.1043 0.7073781
1909.29    -559.5841 -611.1004 0.7072565
1909.3    -559.4462 -611.0966 0.707135
1909.31    -559.3082 -611.0928 0.7070135
1909.32    -559.1702 -611.0891 0.706892
1909.33    -559.0322 -611.0853 0.7067708
1909.34    -558.8942 -611.0816 0.70665
1909.35    -558.7562 -611.0779 0.7065296
1909.36    -558.6181 -611.0742 0.7064094
1909.37    -558.48 -611.0706 0.7062896
1909.38    -558.342 -611.067 0.7061706
1909.39    -558.2039 -611.0634 0.7060524
1909.4    -558.0658 -611.0598 0.7059348
1909.41    -557.9277 -611.0563 0.7058179
1909.42    -557.7896 -611.0527 0.7057021
1909.43    -557.6514 -611.0493 0.7055872
1909.44    -557.5133 -611.0458 0.7054732
1909.45    -557.3751 -611.0424 0.7053599
1909.46    -557.2369 -611.039 0.7052476
1909.47    -557.0988 -611.0356 0.7051361
1909.48    -556.9606 -611.0323 0.7050254
1909.49    -556.8223 -611.0289 0.7049156
1909.5    -556.6841 -611.0256 0.7048065
1909.51    -556.5458 -611.0224 0.7046981
1909.52    -556.4075 -611.0191 0.7045904
1909.53    -556.2693 -611.0159 0.7044834
1909.54    -556.131 -611.0127 0.704377
1909.55    -555.9927 -611.0096 0.7042712
1909.56    -555.8544 -611.0064 0.7041659
1909.57    -555.7161 -611.0033 0.7040612
1909.58    -555.5777 -611.0002 0.703957
1909.59    -555.4393 -610.9971 0.7038532
1909.6    -555.301 -610.9941 0.7037499
1909.61    -555.1625 -610.9911 0.703647
1909.62    -555.0241 -610.9882 0.7035444
1909.63    -554.8857 -610.9852 0.7034423
1909.64    -554.7473 -610.9822 0.7033405
1909.65    -554.6088 -610.9793 0.7032391
1909.66    -554.4703 -610.9764 0.703138
1909.67    -554.3318 -610.9736 0.7030373
1909.68    -554.1934 -610.9707 0.7029368
1909.69    -554.0549 -610.968 0.7028366
1909.7    -553.9164 -610.9651 0.7027366
1909.71    -553.7778 -610.9624 0.7026369
1909.72    -553.6393 -610.9597 0.7025375
1909.73    -553.5007 -610.957 0.7024382
1909.74    -553.3622 -610.9543 0.7023391
1909.75    -553.2236 -610.9516 0.7022403
1909.76    -553.085 -610.949 0.7021416
1909.77    -552.9464 -610.9464 0.7020431
1909.78    -552.8077 -610.9438 0.7019447
1909.79    -552.6691 -610.9412 0.7018466
1909.8    -552.5305 -610.9387 0.7017485
1909.81    -552.3918 -610.9362 0.7016506
1909.82    -552.2531 -610.9337 0.7015529
1909.83    -552.1144 -610.9312 0.7014552
1909.84    -551.9758 -610.9288 0.7013578
1909.85    -551.837 -610.9263 0.7012603
1909.86    -551.6983 -610.924 0.7011631
1909.87    -551.5596 -610.9216 0.7010658
1909.88    -551.4208 -610.9192 0.7009687
1909.89    -551.282 -610.9169 0.7008716
1909.9    -551.1432 -610.9146 0.7007747
1909.91    -551.0045 -610.9123 0.7006778
1909.92    -550.8657 -610.9101 0.700581
1909.93    -550.7269 -610.9078 0.7004843
1909.94    -550.588 -610.9056 0.7003876
1909.95    -550.4492 -610.9035 0.700291
1909.96    -550.3103 -610.9013 0.7001944
1909.97    -550.1714 -610.8992 0.7000979
1909.98    -550.0325 -610.8971 0.7000017
1909.99    -549.8936 -610.895 0.6999056
1910    -549.7547 -610.8929 0.6998098
1910.01    -549.6158 -610.8909 0.6997142
1910.02    -549.4768 -610.8889 0.6996188
1910.03    -549.3378 -610.8868 0.6995243
1910.04    -549.1989 -610.8849 0.6994307
1910.05    -549.0599 -610.8829 0.6993381
1910.06    -548.9208 -610.881 0.6992462
1910.07    -548.7818 -610.8791 0.6991552
1910.08    -548.6428 -610.8772 0.6990665
1910.09    -548.5037 -610.8753 0.6989803
1910.1    -548.3647 -610.8734 0.6988963
1910.11    -548.2256 -610.8716 0.6988143
1910.12    -548.0865 -610.8698 0.6987345
1910.13    -547.9474 -610.8679 0.6986585
1910.14    -547.8083 -610.8661 0.6985863
1910.15    -547.6692 -610.8644 0.6985178
1910.16    -547.53 -610.8626 0.6984527
1910.17    -547.3909 -610.8608 0.6983907
1910.18    -547.2517 -610.8591 0.698334
1910.19    -547.1125 -610.8574 0.6982822
1910.2    -546.9733 -610.8557 0.6982351
1910.21    -546.8341 -610.8539 0.6981924
1910.22    -546.6949 -610.8522 0.698154
1910.23    -546.5557 -610.8505 0.6981195
1910.24    -546.4164 -610.8488 0.6980907
1910.25    -546.2772 -610.8472 0.6980672
1910.26    -546.1379 -610.8456 0.6980488
1910.27    -545.9986 -610.8439 0.6980356
1910.28    -545.8593 -610.8423 0.6980274
1910.29    -545.72 -610.8406 0.6980239
1910.3    -545.5807 -610.839 0.6980249
1910.31    -545.4413 -610.8373 0.6980301
1910.32    -545.302 -610.8357 0.6980395
1910.33    -545.1627 -610.8341 0.6980528
1910.34    -545.0233 -610.8325 0.6980699
1910.35    -544.8839 -610.8309 0.6980906
1910.36    -544.7445 -610.8293 0.6981145
1910.37    -544.6051 -610.8278 0.6981419
1910.38    -544.4657 -610.8261 0.6981723
1910.39    -544.3262 -610.8245 0.6982056
1910.4    -544.1868 -610.8229 0.6982418
1910.41    -544.0473 -610.8214 0.6982807
1910.42    -543.9078 -610.8198 0.6983221
1910.43    -543.7684 -610.8182 0.6983659
1910.44    -543.6288 -610.8166 0.6984119
1910.45    -543.4893 -610.815 0.6984602
1910.46    -543.3498 -610.8134 0.6985106
1910.47    -543.2102 -610.8118 0.698563
1910.48    -543.0707 -610.8102 0.6986173
1910.49    -542.9311 -610.8086 0.6986734
1910.5    -542.7915 -610.807 0.6987311
1910.51    -542.6519 -610.8054 0.6987906
1910.52    -542.5123 -610.8038 0.6988516
1910.53    -542.3727 -610.8022 0.6989141
1910.54    -542.2331 -610.8006 0.6989778
1910.55    -542.0934 -610.799 0.699043
1910.56    -541.9538 -610.7974 0.6991094
1910.57    -541.8141 -610.7958 0.699177
1910.58    -541.6744 -610.7942 0.6992456
1910.59    -541.5347 -610.7926 0.6993153
1910.6    -541.395 -610.791 0.6993859
1910.61    -541.2552 -610.7892 0.6994575
1910.62    -541.1155 -610.7876 0.6995299
1910.63    -540.9758 -610.7859 0.699603
1910.64    -540.836 -610.7842 0.6996769
1910.65    -540.6962 -610.7826 0.6997514
1910.66    -540.5564 -610.7809 0.6998265
1910.67    -540.4166 -610.7792 0.6999023
1910.68    -540.2767 -610.7775 0.6999785
1910.69    -540.1369 -610.7758 0.7000551
1910.7    -539.997 -610.774 0.7001323
1910.71    -539.8571 -610.7723 0.7002097
1910.72    -539.7172 -610.7706 0.7002876
1910.73    -539.5773 -610.7687 0.7003658
1910.74    -539.4374 -610.767 0.7004443
1910.75    -539.2974 -610.7652 0.7005231
1910.76    -539.1575 -610.7634 0.7006022
1910.77    -539.0175 -610.7615 0.7006814
1910.78    -538.8776 -610.7597 0.7007611
1910.79    -538.7375 -610.7578 0.7008408
1910.8    -538.5975 -610.756 0.7009209
1910.81    -538.4575 -610.7541 0.7010012
1910.82    -538.3174 -610.7522 0.7010816
1910.83    -538.1774 -610.7503 0.7011623
1910.84    -538.0373 -610.7484 0.701243
1910.85    -537.8972 -610.7464 0.7013241
1910.86    -537.7571 -610.7444 0.7014052
1910.87    -537.6169 -610.7424 0.7014866
1910.88    -537.4768 -610.7405 0.7015681
1910.89    -537.3366 -610.7384 0.7016497
1910.9    -537.1964 -610.7364 0.7017315
1910.91    -537.0561 -610.7343 0.7018135
1910.92    -536.9158 -610.7323 0.7018954
1910.93    -536.7755 -610.7302 0.7019776
1910.94    -536.6352 -610.7281 0.7020598
1910.95    -536.4948 -610.726 0.7021422
1910.96    -536.3544 -610.7238 0.7022247
1910.97    -536.2139 -610.7217 0.7023072
1910.98    -536.0735 -610.7195 0.7023899
1910.99    -535.933 -610.7173 0.7024726
1911    -535.7924 -610.7151 0.7025555
1911.01    -535.6519 -610.713 0.7026384
1911.02    -535.5112 -610.7107 0.7027214
1911.03    -535.3706 -610.7084 0.7028044
1911.04    -535.2299 -610.7061 0.7028875
1911.05    -535.0892 -610.7039 0.7029705
1911.06    -534.9485 -610.7016 0.7030535
1911.07    -534.8077 -610.6992 0.7031366
1911.08    -534.667 -610.6969 0.7032195
1911.09    -534.5262 -610.6946 0.7033023
1911.1    -534.3853 -610.6923 0.7033849
1911.11    -534.2444 -610.6898 0.7034675
1911.12    -534.1036 -610.6874 0.7035496
1911.13    -533.9626 -610.6851 0.7036314
1911.14    -533.8217 -610.6826 0.7037128
1911.15    -533.6807 -610.6802 0.703794
1911.16    -533.5396 -610.6777 0.7038749
1911.17    -533.3986 -610.6753 0.7039555
1911.18    -533.2574 -610.6728 0.7040355
1911.19    -533.1163 -610.6703 0.7041149
1911.2    -532.9752 -610.6678 0.7041937
1911.21    -532.834 -610.6653 0.704272
1911.22    -532.6927 -610.6628 0.7043499
1911.23    -532.5515 -610.6602 0.7044268
1911.24    -532.4102 -610.6576 0.7045026
1911.25    -532.2689 -610.655 0.7045776
1911.26    -532.1276 -610.6525 0.7046517
1911.27    -531.9861 -610.6498 0.7047249
1911.28    -531.8447 -610.6472 0.704797
1911.29    -531.7033 -610.6446 0.7048678
1911.3    -531.5618 -610.6419 0.7049376
1911.31    -531.4203 -610.6393 0.7050064
1911.32    -531.2787 -610.6367 0.7050741
1911.33    -531.1372 -610.634 0.7051405
1911.34    -530.9956 -610.6313 0.7052054
1911.35    -530.8539 -610.6287 0.705269
1911.36    -530.7123 -610.626 0.7053313
1911.37    -530.5706 -610.6233 0.7053925
1911.38    -530.4288 -610.6205 0.7054521
1911.39    -530.287 -610.6178 0.7055104
1911.4    -530.1453 -610.6151 0.7055674
1911.41    -530.0034 -610.6123 0.7056231
1911.42    -529.8615 -610.6096 0.7056776
1911.43    -529.7196 -610.6068 0.7057307
1911.44    -529.5777 -610.604 0.7057822
1911.45    -529.4357 -610.6012 0.7058324
1911.46    -529.2937 -610.5984 0.7058813
1911.47    -529.1517 -610.5956 0.7059286
1911.48    -529.0096 -610.5928 0.7059747
1911.49    -528.8676 -610.5898 0.7060193
1911.5    -528.7254 -610.587 0.7060627
1911.51    -528.5833 -610.5842 0.7061049
1911.52    -528.4411 -610.5814 0.7061458
1911.53    -528.2989 -610.5785 0.7061855
1911.54    -528.1566 -610.5756 0.7062239
1911.55    -528.0143 -610.5728 0.7062613
1911.56    -527.872 -610.5699 0.7062977
1911.57    -527.7297 -610.567 0.706333
1911.58    -527.5873 -610.5641 0.7063673
1911.59    -527.4449 -610.5612 0.7064006
1911.6    -527.3024 -610.5583 0.706433
1911.61    -527.1599 -610.5554 0.7064645
1911.62    -527.0174 -610.5524 0.7064952
1911.63    -526.8749 -610.5495 0.7065252
1911.64    -526.7323 -610.5465 0.7065544
1911.65    -526.5897 -610.5436 0.706583
1911.66    -526.447 -610.5406 0.706611
1911.67    -526.3044 -610.5376 0.7066387
1911.68    -526.1617 -610.5346 0.7066662
1911.69    -526.0189 -610.5316 0.7066934
1911.7    -525.8762 -610.5286 0.7067204
1911.71    -525.7333 -610.5256 0.7067472
1911.72    -525.5905 -610.5226 0.7067746
1911.73    -525.4476 -610.5196 0.7068025
1911.74    -525.3047 -610.5165 0.7068309
1911.75    -525.1618 -610.5135 0.7068598
1911.76    -525.0189 -610.5104 0.7068892
1911.77    -524.8759 -610.5074 0.7069191
1911.78    -524.7328 -610.5043 0.7069503
1911.79    -524.5898 -610.5013 0.7069829
1911.8    -524.4467 -610.4982 0.7070168
1911.81    -524.3036 -610.4952 0.7070518
1911.82    -524.1605 -610.4921 0.7070885
1911.83    -524.0173 -610.4891 0.7071268
1911.84    -523.8741 -610.486 0.7071666
1911.85    -523.7308 -610.4829 0.7072078
1911.86    -523.5875 -610.4798 0.7072504
1911.87    -523.4442 -610.4767 0.7072942
1911.88    -523.3009 -610.4736 0.7073394
1911.89    -523.1575 -610.4705 0.7073858
1911.9    -523.0141 -610.4673 0.7074332
1911.91    -522.8707 -610.4642 0.7074819
1911.92    -522.7272 -610.4611 0.7075316
1911.93    -522.5837 -610.458 0.707582
1911.94    -522.4401 -610.4549 0.7076332
1911.95    -522.2966 -610.4518 0.7076852
1911.96    -522.153 -610.4487 0.7077378
1911.97    -522.0093 -610.4456 0.7077912
1911.98    -521.8656 -610.4425 0.7078449
1911.99    -521.7219 -610.4395 0.7078991
1912    -521.5782 -610.4365 0.7079536
1912.01    -521.4344 -610.4334 0.7080084
1912.02    -521.2906 -610.4304 0.7080636
1912.03    -521.1469 -610.4273 0.7081186
1912.04    -521.003 -610.4243 0.7081732
1912.05    -520.8591 -610.4213 0.7082275
1912.06    -520.7152 -610.4182 0.7082816
1912.07    -520.5713 -610.4152 0.7083355
1912.08    -520.4274 -610.4121 0.7083885
1912.09    -520.2834 -610.4091 0.7084408
1912.1    -520.1393 -610.4061 0.7084922
1912.11    -519.9953 -610.4031 0.7085429
1912.12    -519.8512 -610.4001 0.708593
1912.13    -519.7071 -610.3971 0.7086415
1912.14    -519.563 -610.3942 0.7086885
1912.15    -519.4188 -610.3912 0.7087341
1912.16    -519.2746 -610.3882 0.7087783
1912.17    -519.1304 -610.3852 0.7088213
1912.18    -518.9861 -610.3823 0.7088622
1912.19    -518.8419 -610.3793 0.7089011
1912.2    -518.6976 -610.3764 0.7089381
1912.21    -518.5532 -610.3735 0.7089735
1912.22    -518.4089 -610.3706 0.7090073
1912.23    -518.2645 -610.3677 0.7090393
1912.24    -518.1201 -610.3647 0.7090694
1912.25    -517.9756 -610.3619 0.7090979
1912.26    -517.8312 -610.359 0.7091247
1912.27    -517.6867 -610.3561 0.7091499
1912.28    -517.5422 -610.3533 0.7091735
1912.29    -517.3977 -610.3505 0.7091957
1912.3    -517.2532 -610.3477 0.7092165
1912.31    -517.1086 -610.3448 0.7092359
1912.32    -516.964 -610.3421 0.7092541
1912.33    -516.8194 -610.3393 0.7092713
1912.34    -516.6748 -610.3365 0.7092873
1912.35    -516.5302 -610.3339 0.7093023
1912.36    -516.3855 -610.3311 0.7093163
1912.37    -516.2408 -610.3284 0.7093293
1912.38    -516.0961 -610.3257 0.7093414
1912.39    -515.9514 -610.3231 0.7093527
1912.4    -515.8066 -610.3204 0.7093631
1912.41    -515.6618 -610.3178 0.7093729
1912.42    -515.517 -610.3152 0.7093818
1912.43    -515.3723 -610.3126 0.70939
1912.44    -515.2274 -610.3101 0.7093976
1912.45    -515.0826 -610.3076 0.7094043
1912.46    -514.9377 -610.305 0.7094106
1912.47    -514.7928 -610.3026 0.7094163
1912.48    -514.6479 -610.3 0.7094213
1912.49    -514.5031 -610.2976 0.7094258
1912.5    -514.3581 -610.2952 0.7094297
1912.51    -514.2131 -610.2928 0.7094332
1912.52    -514.0682 -610.2903 0.7094361
1912.53    -513.9232 -610.288 0.7094387
1912.54    -513.7782 -610.2856 0.7094408
1912.55    -513.6332 -610.2834 0.7094424
1912.56    -513.4882 -610.2811 0.7094437
1912.57    -513.3431 -610.2788 0.7094446
1912.58    -513.1981 -610.2766 0.7094452
1912.59    -513.053 -610.2744 0.7094455
1912.6    -512.908 -610.2722 0.7094454
1912.61    -512.7629 -610.27 0.7094451
1912.62    -512.6178 -610.2679 0.7094445
1912.63    -512.4727 -610.2657 0.7094439
1912.64    -512.3275 -610.2637 0.709443
1912.65    -512.1824 -610.2616 0.709442
1912.66    -512.0372 -610.2596 0.7094409
1912.67    -511.8919 -610.2576 0.7094396
1912.68    -511.7467 -610.2556 0.7094383
1912.69    -511.6015 -610.2536 0.709437
1912.7    -511.4563 -610.2517 0.7094357
1912.71    -511.311 -610.2498 0.7094343
1912.72    -511.1658 -610.2479 0.709433
1912.73    -511.0205 -610.2461 0.7094319
1912.74    -510.8752 -610.2442 0.709431
1912.75    -510.7299 -610.2424 0.7094302
1912.76    -510.5846 -610.2406 0.7094297
1912.77    -510.4392 -610.2389 0.7094293
1912.78    -510.2939 -610.2371 0.7094291
1912.79    -510.1486 -610.2355 0.7094292
1912.8    -510.0032 -610.2338 0.7094295
1912.81    -509.8578 -610.2321 0.70943
1912.82    -509.7124 -610.2305 0.7094308
1912.83    -509.567 -610.2288 0.7094317
1912.84    -509.4215 -610.2273 0.7094328
1912.85    -509.2761 -610.2257 0.7094342
1912.86    -509.1306 -610.2242 0.7094358
1912.87    -508.9851 -610.2227 0.7094375
1912.88    -508.8397 -610.2213 0.7094393
1912.89    -508.6942 -610.2198 0.7094413
1912.9    -508.5487 -610.2184 0.7094435
1912.91    -508.4032 -610.217 0.7094458
1912.92    -508.2577 -610.2156 0.7094483
1912.93    -508.1122 -610.2143 0.7094508
1912.94    -507.9666 -610.213 0.7094535
1912.95    -507.821 -610.2117 0.7094563
1912.96    -507.6755 -610.2104 0.7094592
1912.97    -507.5299 -610.2092 0.7094623
1912.98    -507.3843 -610.208 0.7094654
1912.99    -507.2387 -610.2068 0.7094687
1913    -507.0931 -610.2057 0.709472
1913.01    -506.9475 -610.2045 0.7094754
1913.02    -506.8018 -610.2034 0.7094789
1913.03    -506.6562 -610.2023 0.7094825
1913.04    -506.5106 -610.2012 0.7094862
1913.05    -506.3649 -610.2002 0.7094899
1913.06    -506.2192 -610.1992 0.7094938
1913.07    -506.0735 -610.1981 0.7094977
1913.08    -505.9279 -610.1972 0.7095017
1913.09    -505.7822 -610.1962 0.7095059
1913.1    -505.6364 -610.1953 0.70951
1913.11    -505.4907 -610.1944 0.7095142
1913.12    -505.345 -610.1935 0.7095185
1913.13    -505.1992 -610.1926 0.7095228
1913.14    -505.0535 -610.1917 0.7095273
1913.15    -504.9077 -610.1909 0.7095317
1913.16    -504.762 -610.1901 0.7095363
1913.17    -504.6162 -610.1893 0.7095408
1913.18    -504.4704 -610.1885 0.7095454
1913.19    -504.3246 -610.1877 0.7095501
1913.2    -504.1788 -610.187 0.7095549
1913.21    -504.033 -610.1862 0.7095597
1913.22    -503.8871 -610.1855 0.7095646
1913.23    -503.7412 -610.1848 0.7095696
1913.24    -503.5954 -610.1841 0.7095746
1913.25    -503.4495 -610.1835 0.7095798
1913.26    -503.3036 -610.1828 0.7095851
1913.27    -503.1576 -610.1821 0.7095904
1913.28    -503.0117 -610.1815 0.709596
1913.29    -502.8658 -610.1809 0.7096018
1913.3    -502.7198 -610.1803 0.7096079
1913.31    -502.5738 -610.1797 0.7096141
1913.32    -502.4278 -610.1792 0.7096205
1913.33    -502.2818 -610.1786 0.7096274
1913.34    -502.1357 -610.1781 0.7096347
1913.35    -501.9897 -610.1776 0.7096425
1913.36    -501.8436 -610.1771 0.7096508
1913.37    -501.6975 -610.1766 0.7096595
1913.38    -501.5514 -610.1761 0.7096686
1913.39    -501.4053 -610.1756 0.7096785
1913.4    -501.2591 -610.1752 0.7096891
1913.41    -501.113 -610.1747 0.7097003
1913.42    -500.9668 -610.1743 0.7097124
1913.43    -500.8206 -610.1739 0.7097252
1913.44    -500.6744 -610.1735 0.7097388
1913.45    -500.5282 -610.173 0.7097532
1913.46    -500.3819 -610.1727 0.7097682
1913.47    -500.2357 -610.1723 0.7097843
1913.48    -500.0894 -610.1719 0.7098011
1913.49    -499.9431 -610.1716 0.7098188
1913.5    -499.7968 -610.1712 0.7098374
1913.51    -499.6504 -610.1709 0.7098567
1913.52    -499.504 -610.1707 0.7098768
1913.53    -499.3576 -610.1703 0.7098979
1913.54    -499.2112 -610.17 0.70992
1913.55    -499.0648 -610.1697 0.709943
1913.56    -498.9183 -610.1694 0.7099669
1913.57    -498.7719 -610.1691 0.7099921
1913.58    -498.6254 -610.1689 0.7100182
1913.59    -498.4789 -610.1686 0.7100454
1913.6    -498.3323 -610.1684 0.7100736
1913.61    -498.1858 -610.1682 0.7101029
1913.62    -498.0392 -610.1679 0.7101333
1913.63    -497.8927 -610.1677 0.7101647
1913.64    -497.7461 -610.1674 0.7101973
1913.65    -497.5994 -610.1672 0.7102309
1913.66    -497.4528 -610.167 0.7102655
1913.67    -497.3061 -610.1668 0.710301
1913.68    -497.1594 -610.1666 0.7103375
1913.69    -497.0127 -610.1664 0.7103749
1913.7    -496.866 -610.1663 0.710413
1913.71    -496.7192 -610.1661 0.7104521
1913.72    -496.5725 -610.1659 0.7104919
1913.73    -496.4257 -610.1657 0.7105324
1913.74    -496.2789 -610.1655 0.7105737
1913.75    -496.132 -610.1653 0.7106156
1913.76    -495.9852 -610.1652 0.7106582
1913.77    -495.8383 -610.165 0.7107013
1913.78    -495.6915 -610.1648 0.7107452
1913.79    -495.5446 -610.1646 0.7107896
1913.8    -495.3976 -610.1644 0.7108345
1913.81    -495.2506 -610.1642 0.7108799
1913.82    -495.1037 -610.1641 0.7109259
1913.83    -494.9567 -610.1639 0.7109723
1913.84    -494.8097 -610.1636 0.7110191
1913.85    -494.6627 -610.1634 0.7110664
1913.86    -494.5156 -610.1631 0.7111142
1913.87    -494.3685 -610.1629 0.7111622
1913.88    -494.2214 -610.1627 0.7112107
1913.89    -494.0743 -610.1624 0.7112594
1913.9    -493.9272 -610.1621 0.7113085
1913.91    -493.7801 -610.1619 0.7113579
1913.92    -493.6329 -610.1616 0.7114073
1913.93    -493.4857 -610.1613 0.7114567
1913.94    -493.3385 -610.161 0.7115061
1913.95    -493.1913 -610.1607 0.7115555
1913.96    -493.044 -610.1604 0.711605
1913.97    -492.8968 -610.16 0.711654
1913.98    -492.7495 -610.1597 0.7117025
1913.99    -492.6022 -610.1594 0.7117506
1914    -492.4548 -610.1591 0.7117983
1914.01    -492.3075 -610.1587 0.7118456
1914.02    -492.1601 -610.1583 0.7118919
1914.03    -492.0127 -610.1579 0.7119373
1914.04    -491.8653 -610.1575 0.7119818
1914.05    -491.7179 -610.1572 0.7120254
1914.06    -491.5704 -610.1567 0.7120682
1914.07    -491.423 -610.1563 0.7121096
1914.08    -491.2755 -610.1558 0.7121499
1914.09    -491.128 -610.1553 0.7121888
1914.1    -490.9804 -610.1548 0.7122265
1914.11    -490.8329 -610.1543 0.7122632
1914.12    -490.6853 -610.1538 0.7122986
1914.13    -490.5378 -610.1533 0.7123327
1914.14    -490.3901 -610.1527 0.7123657
1914.15    -490.2425 -610.1522 0.7123975
1914.16    -490.0948 -610.1516 0.7124282
1914.17    -489.9472 -610.151 0.7124579
1914.18    -489.7995 -610.1503 0.7124866
1914.19    -489.6518 -610.1497 0.7125143
1914.2    -489.5041 -610.149 0.7125413
1914.21    -489.3563 -610.1484 0.7125673
1914.22    -489.2086 -610.1477 0.7125928
1914.23    -489.0608 -610.147 0.7126177
1914.24    -488.913 -610.1462 0.712642
1914.25    -488.7652 -610.1454 0.7126659
1914.26    -488.6173 -610.1447 0.7126893
1914.27    -488.4695 -610.1439 0.7127124
1914.28    -488.3217 -610.1431 0.7127352
1914.29    -488.1738 -610.1422 0.7127578
1914.3    -488.0259 -610.1414 0.71278
1914.31    -487.878 -610.1404 0.712802
1914.32    -487.73 -610.1396 0.7128237
1914.33    -487.5821 -610.1386 0.7128453
1914.34    -487.4341 -610.1377 0.7128666
1914.35    -487.2862 -610.1367 0.7128877
1914.36    -487.1382 -610.1357 0.7129087
1914.37    -486.9902 -610.1346 0.7129294
1914.38    -486.8422 -610.1336 0.7129495
1914.39    -486.6942 -610.1326 0.7129687
1914.4    -486.5462 -610.1314 0.7129874
1914.41    -486.3982 -610.1303 0.7130054
1914.42    -486.2502 -610.1292 0.7130217
1914.43    -486.1022 -610.128 0.7130366
1914.44    -485.9542 -610.1268 0.7130501
1914.45    -485.8061 -610.1255 0.7130621
1914.46    -485.6581 -610.1243 0.7130728
1914.47    -485.51 -610.123 0.7130823
1914.48    -485.362 -610.1217 0.7130888
1914.49    -485.214 -610.1204 0.7130924
1914.5    -485.066 -610.1191 0.7130934
1914.51    -484.918 -610.1177 0.7130918
1914.52    -484.77 -610.1163 0.7130878
1914.53    -484.622 -610.1149 0.71308
1914.54    -484.474 -610.1135 0.7130684
1914.55    -484.326 -610.1121 0.7130535
1914.56    -484.1781 -610.1106 0.7130352
1914.57    -484.0302 -610.1091 0.7130137
1914.58    -483.8822 -610.1076 0.7129892
1914.59    -483.7343 -610.1061 0.7129612
1914.6    -483.5864 -610.1045 0.7129297
1914.61    -483.4385 -610.103 0.7128951
1914.62    -483.2907 -610.1014 0.7128574
1914.63    -483.1429 -610.0997 0.7128167
1914.64    -482.9951 -610.0981 0.7127734
1914.65    -482.8473 -610.0965 0.7127274
1914.66    -482.6995 -610.0948 0.7126788
1914.67    -482.5517 -610.0931 0.7126284
1914.68    -482.404 -610.0914 0.7125762
1914.69    -482.2562 -610.0897 0.7125223
1914.7    -482.1085 -610.088 0.7124668
1914.71    -481.9608 -610.0862 0.7124097
1914.72    -481.8131 -610.0844 0.7123519
1914.73    -481.6654 -610.0826 0.7122933
1914.74    -481.5178 -610.0807 0.712234
1914.75    -481.3701 -610.0789 0.7121739
1914.76    -481.2225 -610.0771 0.7121133
1914.77    -481.0749 -610.0752 0.7120526
1914.78    -480.9273 -610.0732 0.7119921
1914.79    -480.7797 -610.0714 0.7119315
1914.8    -480.6322 -610.0694 0.7118711
1914.81    -480.4846 -610.0674 0.7118107
1914.82    -480.3371 -610.0654 0.7117509
1914.83    -480.1896 -610.0635 0.7116916
1914.84    -480.0421 -610.0615 0.7116328
1914.85    -479.8946 -610.0594 0.7115746
1914.86    -479.7472 -610.0574 0.7115169
1914.87    -479.5997 -610.0553 0.7114596
1914.88    -479.4523 -610.0532 0.7114029
1914.89    -479.3049 -610.0511 0.7113466
1914.9    -479.1575 -610.049 0.7112908
1914.91    -479.0101 -610.0469 0.7112356
1914.92    -478.8628 -610.0447 0.7111806
1914.93    -478.7154 -610.0425 0.7111261
1914.94    -478.5681 -610.0403 0.7110721
1914.95    -478.4208 -610.0381 0.7110183
1914.96    -478.2735 -610.0358 0.7109651
1914.97    -478.1262 -610.0336 0.710912
1914.98    -477.9789 -610.0313 0.7108593
1914.99    -477.8317 -610.0291 0.7108069
1915    -477.6844 -610.0267 0.7107547
1915.01    -477.5372 -610.0244 0.7107027
1915.02    -477.39 -610.022 0.7106511
1915.03    -477.2428 -610.0197 0.7105996
1915.04    -477.0956 -610.0172 0.7105483
1915.05    -476.9485 -610.0148 0.7104973
1915.06    -476.8013 -610.0124 0.7104463
1915.07    -476.6542 -610.0099 0.7103956
1915.08    -476.5071 -610.0074 0.710345
1915.09    -476.36 -610.0049 0.7102947
1915.1    -476.213 -610.0024 0.7102444
1915.11    -476.0659 -609.9999 0.7101942
1915.12    -475.9188 -609.9973 0.7101442
1915.13    -475.7718 -609.9948 0.7100942
1915.14    -475.6248 -609.9921 0.7100441
1915.15    -475.4778 -609.9895 0.7099942
1915.16    -475.3308 -609.9869 0.7099442
1915.17    -475.1839 -609.9842 0.7098943
1915.18    -475.037 -609.9815 0.7098444
1915.19    -474.89 -609.9788 0.7097945
1915.2    -474.7431 -609.9761 0.7097446
1915.21    -474.5962 -609.9733 0.7096947
1915.22    -474.4494 -609.9705 0.7096449
1915.23    -474.3025 -609.9678 0.7095953
1915.24    -474.1557 -609.965 0.7095457
1915.25    -474.0089 -609.9622 0.7094962
1915.26    -473.8621 -609.9594 0.7094468
1915.27    -473.7153 -609.9565 0.7093976
1915.28    -473.5685 -609.9536 0.7093484
1915.29    -473.4217 -609.9507 0.7093
1915.3    -473.275 -609.9479 0.7092524
1915.31    -473.1283 -609.9449 0.7092056
1915.32    -472.9815 -609.942 0.7091595
1915.33    -472.8349 -609.939 0.7091147
1915.34    -472.6882 -609.936 0.7090711
1915.35    -472.5415 -609.933 0.7090288
1915.36    -472.3949 -609.9299 0.7089875
1915.37    -472.2483 -609.9269 0.7089472
1915.38    -472.1017 -609.9238 0.7089087
1915.39    -471.9551 -609.9207 0.7088717
1915.4    -471.8085 -609.9176 0.708836
1915.41    -471.6619 -609.9145 0.7088017
1915.42    -471.5154 -609.9113 0.7087691
1915.43    -471.3689 -609.9081 0.708738
1915.44    -471.2224 -609.9049 0.7087083
1915.45    -471.0759 -609.9017 0.70868
1915.46    -470.9294 -609.8984 0.708653
1915.47    -470.783 -609.8951 0.7086273
1915.48    -470.6368 -609.8918 0.7086029
1915.49    -470.4911 -609.8885 0.7085797
1915.5    -470.3456 -609.8852 0.7085576
1915.51    -470.2004 -609.8819 0.7085366
1915.52    -470.0556 -609.8785 0.7085161
1915.53    -469.9111 -609.8751 0.7084962
1915.54    -469.767 -609.8717 0.7084767
1915.55    -469.6231 -609.8683 0.7084576
1915.56    -469.4796 -609.8648 0.7084391
1915.57    -469.3363 -609.8614 0.708421
1915.58    -469.1935 -609.858 0.7084015
1915.59    -469.0509 -609.8544 0.7083806
1915.6    -468.9086 -609.851 0.7083585
1915.61    -468.7667 -609.8474 0.7083352
1915.62    -468.625 -609.8439 0.7083108
1915.63    -468.4837 -609.8403 0.7082834
1915.64    -468.3428 -609.8367 0.7082532
1915.65    -468.2021 -609.8331 0.7082204
1915.66    -468.0618 -609.8295 0.708185
1915.67    -467.9218 -609.8259 0.7081454
1915.68    -467.7821 -609.8223 0.7081018
1915.69    -467.6427 -609.8185 0.7080543
1915.7    -467.5037 -609.8149 0.7080032
1915.71    -467.365 -609.8112 0.7079486
1915.72    -467.2266 -609.8074 0.70789
1915.73    -467.0885 -609.8036 0.7078278
1915.74    -466.9507 -609.7999 0.707762
1915.75    -466.8133 -609.796 0.7076929
1915.76    -466.6761 -609.7922 0.7076204
1915.77    -466.5393 -609.7883 0.7075455
1915.78    -466.4029 -609.7844 0.7074682
1915.79    -466.2667 -609.7805 0.7073888
1915.8    -466.1309 -609.7766 0.7073072
1915.81    -465.9953 -609.7725 0.7072235
1915.82    -465.8601 -609.7686 0.7071393
1915.83    -465.7253 -609.7645 0.7070544
1915.84    -465.5907 -609.7604 0.706969
1915.85    -465.4565 -609.7563 0.7068831
1915.86    -465.3226 -609.7523 0.7067966
1915.87    -465.189 -609.7481 0.7067111
1915.88    -465.0558 -609.7439 0.7066267
1915.89    -464.9228 -609.7397 0.7065432
1915.9    -464.7902 -609.7355 0.7064607
1915.91    -464.6579 -609.7312 0.706379
1915.92    -464.5259 -609.7269 0.7062982
1915.93    -464.3942 -609.7225 0.7062197
1915.94    -464.2629 -609.7181 0.7061434
1915.95    -464.1319 -609.7137 0.7060692
1915.96    -464.0012 -609.7094 0.705997
1915.97    -463.8708 -609.7049 0.7059268
1915.98    -463.7407 -609.7004 0.7058585
1915.99    -463.611 -609.6959 0.7057931
1916    -463.4816 -609.6913 0.7057306
1916.01    -463.3526 -609.6867 0.7056708
1916.02    -463.2243 -609.6821 0.7056136
1916.03    -463.096 -609.6774 0.7055596
1916.04    -462.9677 -609.6727 0.7055085
1916.05    -462.8394 -609.668 0.7054603
1916.06    -462.7112 -609.6633 0.7054149
1916.07    -462.5829 -609.6584 0.7053721
1916.08    -462.4547 -609.6536 0.7053323
1916.09    -462.3266 -609.6486 0.7052956
1916.1    -462.1984 -609.6437 0.7052615
1916.11    -462.0702 -609.6387 0.7052302
1916.12    -461.9421 -609.6336 0.7052014
1916.13    -461.814 -609.6285 0.7051753
1916.14    -461.6859 -609.6234 0.7051517
1916.15    -461.5578 -609.6182 0.7051305
1916.16    -461.4297 -609.6129 0.7051116
1916.17    -461.3017 -609.6076 0.7050949
1916.18    -461.1736 -609.6023 0.7050803
1916.19    -461.0456 -609.597 0.7050676
1916.2    -460.9176 -609.5916 0.705057
1916.21    -460.7896 -609.5861 0.7050481
1916.22    -460.6617 -609.5805 0.7050406
1916.23    -460.5338 -609.575 0.7050344
1916.24    -460.4058 -609.5693 0.7050293
1916.25    -460.2779 -609.5637 0.7050254
1916.26    -460.15 -609.5579 0.7050226
1916.27    -460.0222 -609.5522 0.70502
1916.28    -459.8943 -609.5464 0.7050175
1916.29    -459.7664 -609.5405 0.7050152
1916.3    -459.6386 -609.5346 0.7050132
1916.31    -459.5108 -609.5286 0.7050112
1916.32    -459.383 -609.5226 0.7050095
1916.33    -459.2552 -609.5166 0.7050066
1916.34    -459.1275 -609.5105 0.7050027
1916.35    -458.9997 -609.5043 0.704998
1916.36    -458.872 -609.4981 0.7049922
1916.37    -458.7443 -609.4919 0.7049856
1916.38    -458.6166 -609.4856 0.704978
1916.39    -458.4889 -609.4792 0.7049686
1916.4    -458.3613 -609.4728 0.7049574
1916.41    -458.2336 -609.4664 0.7049444
1916.42    -458.106 -609.46 0.7049296
1916.43    -457.9784 -609.4534 0.7049127
1916.44    -457.8508 -609.4468 0.7048936
1916.45    -457.7232 -609.4402 0.7048723
1916.46    -457.5956 -609.4335 0.7048491
1916.47    -457.4679 -609.4267 0.704824
1916.48    -457.3402 -609.4199 0.7047966
1916.49    -457.2126 -609.4131 0.7047668
1916.5    -457.0848 -609.4062 0.7047348
1916.51    -456.9571 -609.3992 0.7047008
1916.52    -456.8293 -609.3922 0.7046647
1916.53    -456.7015 -609.3851 0.7046266
1916.54    -456.5737 -609.378 0.7045867
1916.55    -456.4458 -609.3708 0.704545
1916.56    -456.3179 -609.3636 0.7045014
1916.57    -456.1899 -609.3564 0.7044565
1916.58    -456.062 -609.3491 0.7044104
1916.59    -455.934 -609.3417 0.704363
1916.6    -455.8059 -609.3343 0.7043145
1916.61    -455.6779 -609.3268 0.7042649
1916.62    -455.5497 -609.3193 0.7042142
1916.63    -455.4216 -609.3117 0.7041624
1916.64    -455.2934 -609.3041 0.7041109
1916.65    -455.1652 -609.2964 0.7040596
1916.66    -455.0369 -609.2886 0.7040085
1916.67    -454.9086 -609.2808 0.7039575
1916.68    -454.7803 -609.2729 0.7039077
1916.69    -454.6519 -609.2651 0.7038589
1916.7    -454.5234 -609.2571 0.7038112
1916.71    -454.395 -609.2492 0.7037644
1916.72    -454.2665 -609.2411 0.7037196
1916.73    -454.1379 -609.233 0.7036766
1916.74    -454.0093 -609.2249 0.7036355
1916.75    -453.8806 -609.2167 0.703596
1916.76    -453.7519 -609.2085 0.7035582
1916.77    -453.6232 -609.2002 0.703523
1916.78    -453.4944 -609.1919 0.7034903
1916.79    -453.3655 -609.1835 0.70346
1916.8    -453.2367 -609.1751 0.7034319
1916.81    -453.1077 -609.1666 0.7034061
1916.82    -452.9787 -609.1581 0.7033833
1916.83    -452.8496 -609.1496 0.7033632
1916.84    -452.7205 -609.141 0.7033461
1916.85    -452.5913 -609.1323 0.7033315
1916.86    -452.4621 -609.1237 0.7033194
1916.87    -452.3329 -609.1149 0.7033104
1916.88    -452.2035 -609.1061 0.7033044
1916.89    -452.0741 -609.0974 0.7033011
1916.9    -451.9447 -609.0885 0.7033007
1916.91    -451.8152 -609.0796 0.7033027
1916.92    -451.6856 -609.0707 0.7033074
1916.93    -451.556 -609.0617 0.7033146
1916.94    -451.4263 -609.0527 0.7033242
1916.95    -451.2966 -609.0436 0.7033362
1916.96    -451.1667 -609.0345 0.7033502
1916.97    -451.0369 -609.0254 0.7033665
1916.98    -450.907 -609.0162 0.7033846
1916.99    -450.7769 -609.007 0.7034044
1917    -450.6469 -608.9978 0.703426
1917.01    -450.5168 -608.9885 0.7034492
1917.02    -450.3866 -608.9792 0.703474
1917.03    -450.2563 -608.9698 0.7034997
1917.04    -450.126 -608.9604 0.7035265
1917.05    -449.9956 -608.951 0.7035542
1917.06    -449.8651 -608.9416 0.7035828
1917.07    -449.7346 -608.9321 0.7036123
1917.08    -449.604 -608.9227 0.7036415
1917.09    -449.4734 -608.9132 0.7036705
1917.1    -449.3427 -608.9036 0.7036993
1917.11    -449.2119 -608.8941 0.7037279
1917.12    -449.081 -608.8846 0.7037563
1917.13    -448.9501 -608.875 0.703783
1917.14    -448.8192 -608.8654 0.7038081
1917.15    -448.6881 -608.8558 0.7038317
1917.16    -448.557 -608.8462 0.7038537
