738.84    -667.1893 -615.6337 0.7050289
738.85    -667.0529 -615.6267 0.7049949
738.86    -666.9163 -615.6197 0.7049608
738.87    -666.7797 -615.6127 0.7049267
738.88    -666.6431 -615.6055 0.7048927
738.89    -666.5063 -615.5984 0.7048586
738.9    -666.3696 -615.5912 0.7048246
738.91    -666.2328 -615.584 0.7047905
738.92    -666.096 -615.5767 0.7047564
738.93    -665.9591 -615.5695 0.7047223
738.94    -665.8221 -615.5621 0.7046883
738.95    -665.6852 -615.5548 0.7046542
738.96    -665.5482 -615.5474 0.7046201
738.97    -665.4111 -615.5399 0.704586
738.98    -665.274 -615.5325 0.7045519
738.99    -665.1368 -615.525 0.704518
739    -664.9996 -615.5175 0.7044839
739.01    -664.8623 -615.5099 0.7044498
739.02    -664.725 -615.5023 0.7044157
739.03    -664.5877 -615.4948 0.7043817
739.04    -664.4503 -615.4871 0.7043476
739.05    -664.3129 -615.4794 0.7043136
739.06    -664.1755 -615.4717 0.7042795
739.07    -664.038 -615.464 0.7042454
739.08    -663.9005 -615.4562 0.7042113
739.09    -663.7629 -615.4484 0.7041772
739.1    -663.6253 -615.4407 0.7041431
739.11    -663.4877 -615.4329 0.704109
739.12    -663.35 -615.425 0.7040749
739.13    -663.2123 -615.4171 0.7040409
739.14    -663.0745 -615.4092 0.7040067
739.15    -662.9368 -615.4014 0.7039726
739.16    -662.799 -615.3934 0.7039386
739.17    -662.6611 -615.3855 0.7039044
739.18    -662.5233 -615.3776 0.7038704
739.19    -662.3854 -615.3696 0.7038362
739.2    -662.2475 -615.3616 0.7038022
739.21    -662.1096 -615.3536 0.7037681
739.22    -661.9716 -615.3456 0.703734
739.23    -661.8336 -615.3376 0.7036999
739.24    -661.6956 -615.3297 0.7036658
739.25    -661.5576 -615.3216 0.7036318
739.26    -661.4196 -615.3135 0.7035977
739.27    -661.2816 -615.3055 0.7035636
739.28    -661.1435 -615.2974 0.7035295
739.29    -661.0054 -615.2894 0.7034954
739.3    -660.8673 -615.2814 0.7034613
739.31    -660.7292 -615.2733 0.7034273
739.32    -660.5911 -615.2653 0.7033932
739.33    -660.4529 -615.2572 0.7033591
739.34    -660.3147 -615.2491 0.703325
739.35    -660.1765 -615.2411 0.7032909
739.36    -660.0383 -615.2331 0.7032568
739.37    -659.9001 -615.225 0.7032228
739.38    -659.762 -615.217 0.7031887
739.39    -659.6238 -615.209 0.7031547
739.4    -659.4855 -615.2009 0.7031206
739.41    -659.3474 -615.1929 0.7030865
739.42    -659.2092 -615.1849 0.7030525
739.43    -659.071 -615.1769 0.7030184
739.44    -658.9328 -615.1688 0.7029843
739.45    -658.7946 -615.1608 0.7029502
739.46    -658.6564 -615.1528 0.7029161
739.47    -658.5182 -615.1447 0.7028821
739.48    -658.3801 -615.1368 0.7028481
739.49    -658.2419 -615.1288 0.7028139
739.5    -658.1036 -615.1208 0.7027799
739.51    -657.9655 -615.1129 0.7027458
739.52    -657.8274 -615.1049 0.7027117
739.53    -657.6893 -615.097 0.7026777
739.54    -657.5511 -615.0891 0.7026436
739.55    -657.413 -615.0812 0.7026095
739.56    -657.2749 -615.0733 0.7025755
739.57    -657.1368 -615.0654 0.7025415
739.58    -656.9987 -615.0576 0.7025074
739.59    -656.8605 -615.0497 0.7024733
739.6    -656.7224 -615.0419 0.7024393
739.61    -656.5843 -615.0341 0.7024052
739.62    -656.4462 -615.0264 0.7023712
739.63    -656.308 -615.0186 0.7023373
739.64    -656.1699 -615.0109 0.7023033
739.65    -656.0318 -615.0031 0.7022696
739.66    -655.8937 -614.9954 0.7022359
739.67    -655.7556 -614.9877 0.7022022
739.68    -655.6174 -614.9801 0.7021685
739.69    -655.4792 -614.9725 0.702135
739.7    -655.3411 -614.9648 0.7021015
739.71    -655.2029 -614.9573 0.702068
739.72    -655.0647 -614.9496 0.7020346
739.73    -654.9265 -614.9421 0.7020013
739.74    -654.7883 -614.9346 0.7019681
739.75    -654.65 -614.9271 0.7019348
739.76    -654.5117 -614.9196 0.7019015
739.77    -654.3734 -614.9121 0.7018683
739.78    -654.2351 -614.9047 0.7018353
739.79    -654.0967 -614.8973 0.7018021
739.8    -653.9583 -614.8899 0.7017691
739.81    -653.8199 -614.8826 0.701736
739.82    -653.6814 -614.8752 0.7017031
739.83    -653.5429 -614.8679 0.7016702
739.84    -653.4043 -614.8606 0.7016372
739.85    -653.2657 -614.8534 0.7016044
739.86    -653.127 -614.8462 0.7015715
739.87    -652.9883 -614.8389 0.7015388
739.88    -652.8495 -614.8318 0.7015061
739.89    -652.7106 -614.8246 0.7014734
739.9    -652.5717 -614.8175 0.7014408
739.91    -652.4327 -614.8104 0.7014082
739.92    -652.2937 -614.8033 0.7013758
739.93    -652.1546 -614.7963 0.7013434
739.94    -652.0154 -614.7892 0.7013111
739.95    -651.8762 -614.7823 0.7012789
739.96    -651.7369 -614.7753 0.7012468
739.97    -651.5975 -614.7684 0.701215
739.98    -651.4581 -614.7615 0.7011834
739.99    -651.3185 -614.7546 0.7011522
740    -651.179 -614.7477 0.7011212
740.01    -651.0392 -614.741 0.7010904
740.02    -650.8995 -614.7341 0.7010602
740.03    -650.7597 -614.7274 0.7010305
740.04    -650.6198 -614.7207 0.7010012
740.05    -650.4799 -614.714 0.7009724
740.06    -650.3398 -614.7073 0.7009445
740.07    -650.1998 -614.7007 0.7009174
740.08    -650.0596 -614.6941 0.700891
740.09    -649.9193 -614.6875 0.7008653
740.1    -649.779 -614.6809 0.7008403
740.11    -649.6386 -614.6744 0.7008163
740.12    -649.4982 -614.6678 0.7007934
740.13    -649.3576 -614.6614 0.7007714
740.14    -649.217 -614.655 0.7007502
740.15    -649.0763 -614.6485 0.7007299
740.16    -648.9355 -614.6422 0.7007104
740.17    -648.7947 -614.6357 0.7006918
740.18    -648.6539 -614.6295 0.7006743
740.19    -648.5129 -614.6231 0.7006576
740.2    -648.3718 -614.6168 0.7006418
740.21    -648.2307 -614.6105 0.7006267
740.22    -648.0895 -614.6043 0.7006125
740.23    -647.9482 -614.5981 0.700599
740.24    -647.8069 -614.5919 0.7005862
740.25    -647.6655 -614.5858 0.700574
740.26    -647.524 -614.5797 0.7005626
740.27    -647.3824 -614.5735 0.7005517
740.28    -647.2408 -614.5674 0.7005414
740.29    -647.0992 -614.5613 0.7005316
740.3    -646.9574 -614.5552 0.7005224
740.31    -646.8156 -614.5493 0.7005136
740.32    -646.6737 -614.5432 0.7005053
740.33    -646.5317 -614.5372 0.7004975
740.34    -646.3897 -614.5313 0.7004901
740.35    -646.2476 -614.5253 0.7004831
740.36    -646.1053 -614.5193 0.7004764
740.37    -645.9631 -614.5134 0.7004701
740.38    -645.8207 -614.5075 0.7004642
740.39    -645.6783 -614.5016 0.7004586
740.4    -645.5359 -614.4957 0.7004532
740.41    -645.3933 -614.4899 0.7004482
740.42    -645.2507 -614.484 0.7004434
740.43    -645.108 -614.4781 0.7004389
740.44    -644.9653 -614.4723 0.7004347
740.45    -644.8224 -614.4665 0.7004307
740.46    -644.6796 -614.4607 0.7004269
740.47    -644.5366 -614.455 0.7004234
740.48    -644.3936 -614.4492 0.70042
740.49    -644.2504 -614.4434 0.7004168
740.5    -644.1072 -614.4377 0.7004138
740.51    -643.964 -614.4319 0.700411
740.52    -643.8207 -614.4262 0.7004083
740.53    -643.6773 -614.4205 0.7004057
740.54    -643.5338 -614.4148 0.7004033
740.55    -643.3903 -614.4091 0.7004009
740.56    -643.2466 -614.4034 0.7003987
740.57    -643.103 -614.3978 0.7003966
740.58    -642.9592 -614.3921 0.7003945
740.59    -642.8154 -614.3864 0.7003924
740.6    -642.6715 -614.3808 0.7003904
740.61    -642.5275 -614.3752 0.7003884
740.62    -642.3835 -614.3696 0.7003862
740.63    -642.2394 -614.364 0.7003839
740.64    -642.0952 -614.3583 0.7003813
740.65    -641.951 -614.3527 0.7003787
740.66    -641.8066 -614.3471 0.7003759
740.67    -641.6623 -614.3415 0.7003726
740.68    -641.5178 -614.3359 0.7003688
740.69    -641.3733 -614.3304 0.7003646
740.7    -641.2287 -614.3248 0.7003599
740.71    -641.084 -614.3193 0.7003546
740.72    -640.9393 -614.3137 0.7003486
740.73    -640.7946 -614.3082 0.7003419
740.74    -640.6497 -614.3026 0.7003347
740.75    -640.5048 -614.2971 0.7003268
740.76    -640.3598 -614.2915 0.7003182
740.77    -640.2147 -614.2859 0.7003086
740.78    -640.0696 -614.2804 0.7002983
740.79    -639.9244 -614.2748 0.7002873
740.8    -639.7791 -614.2693 0.7002755
740.81    -639.6337 -614.2637 0.7002631
740.82    -639.4883 -614.2582 0.7002499
740.83    -639.3428 -614.2526 0.7002357
740.84    -639.1973 -614.2471 0.7002207
740.85    -639.0516 -614.2415 0.7002049
740.86    -638.9059 -614.236 0.7001882
740.87    -638.7602 -614.2304 0.7001706
740.88    -638.6144 -614.2248 0.7001521
740.89    -638.4685 -614.2192 0.7001328
740.9    -638.3225 -614.2137 0.7001129
740.91    -638.1765 -614.2081 0.7000919
740.92    -638.0304 -614.2026 0.7000701
740.93    -637.8842 -614.197 0.7000477
740.94    -637.738 -614.1915 0.7000244
740.95    -637.5917 -614.1859 0.7000004
740.96    -637.4453 -614.1804 0.6999756
740.97    -637.2988 -614.1748 0.6999502
740.98    -637.1523 -614.1693 0.6999241
740.99    -637.0057 -614.1637 0.6998973
741    -636.8591 -614.1581 0.69987
741.01    -636.7123 -614.1526 0.6998422
741.02    -636.5656 -614.147 0.6998137
741.03    -636.4187 -614.1414 0.6997848
741.04    -636.2718 -614.1359 0.6997553
741.05    -636.1248 -614.1303 0.6997254
741.06    -635.9778 -614.1248 0.6996951
741.07    -635.8307 -614.1192 0.6996642
741.08    -635.6835 -614.1136 0.6996331
741.09    -635.5362 -614.108 0.6996016
741.1    -635.3889 -614.1024 0.6995696
741.11    -635.2415 -614.0967 0.6995375
741.12    -635.094 -614.0911 0.6995049
741.13    -634.9465 -614.0854 0.6994719
741.14    -634.7989 -614.0798 0.6994388
741.15    -634.6512 -614.0742 0.6994053
741.16    -634.5035 -614.0686 0.6993716
741.17    -634.3557 -614.063 0.6993378
741.18    -634.2078 -614.0573 0.6993037
741.19    -634.0599 -614.0516 0.6992695
741.2    -633.9119 -614.046 0.6992352
741.21    -633.7638 -614.0402 0.6992006
741.22    -633.6157 -614.0345 0.6991662
741.23    -633.4675 -614.0289 0.6991318
741.24    -633.3192 -614.0231 0.6990975
741.25    -633.1708 -614.0174 0.6990632
741.26    -633.0224 -614.0117 0.699029
741.27    -632.874 -614.0059 0.698995
741.28    -632.7254 -614.0001 0.6989614
741.29    -632.5768 -613.9943 0.6989281
741.3    -632.4281 -613.9885 0.6988949
741.31    -632.2794 -613.9827 0.6988623
741.32    -632.1306 -613.9769 0.6988304
741.33    -631.9817 -613.971 0.6987988
741.34    -631.8328 -613.9651 0.6987678
741.35    -631.6838 -613.9592 0.6987373
741.36    -631.5347 -613.9534 0.6987076
741.37    -631.3856 -613.9474 0.6986784
741.38    -631.2364 -613.9415 0.6986499
741.39    -631.0871 -613.9355 0.6986222
741.4    -630.9377 -613.9296 0.698595
741.41    -630.7883 -613.9236 0.6985685
741.42    -630.6389 -613.9176 0.6985427
741.43    -630.4894 -613.9116 0.6985176
741.44    -630.3398 -613.9056 0.6984931
741.45    -630.1901 -613.8995 0.6984692
741.46    -630.0404 -613.8935 0.6984459
741.47    -629.8906 -613.8874 0.6984233
741.48    -629.7408 -613.8813 0.6984012
741.49    -629.5908 -613.8752 0.6983795
741.5    -629.4408 -613.8691 0.6983584
741.51    -629.2908 -613.863 0.6983379
741.52    -629.1406 -613.8569 0.6983179
741.53    -628.9904 -613.8506 0.6982985
741.54    -628.8401 -613.8445 0.6982795
741.55    -628.6898 -613.8383 0.698261
741.56    -628.5394 -613.8322 0.6982431
741.57    -628.389 -613.8259 0.6982259
741.58    -628.2385 -613.8198 0.6982093
741.59    -628.0879 -613.8135 0.6981932
741.6    -627.9373 -613.8073 0.6981776
741.61    -627.7866 -613.8011 0.698163
741.62    -627.6358 -613.7948 0.6981492
741.63    -627.485 -613.7886 0.6981363
741.64    -627.3341 -613.7823 0.6981241
741.65    -627.1832 -613.7761 0.6981127
741.66    -627.0322 -613.7699 0.6981028
741.67    -626.8811 -613.7637 0.6980942
741.68    -626.73 -613.7574 0.698087
741.69    -626.5788 -613.7512 0.6980811
741.7    -626.4275 -613.745 0.6980764
741.71    -626.2762 -613.7388 0.6980737
741.72    -626.1248 -613.7326 0.698073
741.73    -625.9734 -613.7264 0.6980742
741.74    -625.8218 -613.7202 0.6980771
741.75    -625.6702 -613.7139 0.6980818
741.76    -625.5186 -613.7077 0.698089
741.77    -625.3669 -613.7015 0.6980985
741.78    -625.2151 -613.6953 0.6981102
741.79    -625.0633 -613.6891 0.6981241
741.8    -624.9114 -613.6829 0.69814
741.81    -624.7595 -613.6767 0.6981587
741.82    -624.6075 -613.6705 0.6981799
741.83    -624.4554 -613.6643 0.6982036
741.84    -624.3032 -613.6581 0.6982297
741.85    -624.151 -613.6519 0.698258
741.86    -623.9988 -613.6457 0.6982889
741.87    -623.8464 -613.6395 0.6983224
741.88    -623.694 -613.6332 0.6983582
741.89    -623.5416 -613.6271 0.6983962
741.9    -623.389 -613.6209 0.6984363
741.91    -623.2365 -613.6148 0.6984786
741.92    -623.0839 -613.6086 0.698523
741.93    -622.9312 -613.6025 0.6985694
741.94    -622.7785 -613.5964 0.6986176
741.95    -622.6257 -613.5902 0.6986676
741.96    -622.4729 -613.5842 0.6987191
741.97    -622.32 -613.5781 0.6987724
741.98    -622.1671 -613.572 0.6988271
741.99    -622.014 -613.5659 0.6988833
742    -621.861 -613.5599 0.6989408
742.01    -621.7078 -613.5538 0.6989997
742.02    -621.5547 -613.5479 0.6990598
742.03    -621.4015 -613.5418 0.699121
742.04    -621.2482 -613.5358 0.6991833
742.05    -621.095 -613.5298 0.6992466
742.06    -620.9417 -613.5239 0.699311
742.07    -620.7884 -613.5179 0.6993762
742.08    -620.635 -613.512 0.6994424
742.09    -620.4816 -613.506 0.6995094
742.1    -620.3282 -613.5001 0.6995772
742.11    -620.1747 -613.4942 0.6996458
742.12    -620.0212 -613.4883 0.6997151
742.13    -619.8677 -613.4825 0.6997851
742.14    -619.7141 -613.4766 0.6998557
742.15    -619.5605 -613.4708 0.6999269
742.16    -619.4069 -613.465 0.6999987
742.17    -619.2532 -613.4592 0.700071
742.18    -619.0995 -613.4534 0.7001439
742.19    -618.9457 -613.4477 0.7002172
742.2    -618.7919 -613.442 0.7002911
742.21    -618.6381 -613.4362 0.7003654
742.22    -618.4843 -613.4305 0.70044
742.23    -618.3304 -613.4249 0.7005152
742.24    -618.1765 -613.4193 0.7005906
742.25    -618.0226 -613.4136 0.7006664
742.26    -617.8687 -613.408 0.7007426
742.27    -617.7147 -613.4024 0.700819
742.28    -617.5606 -613.3968 0.7008958
742.29    -617.4066 -613.3912 0.7009728
742.3    -617.2524 -613.3857 0.7010502
742.31    -617.0983 -613.3801 0.7011277
742.32    -616.9442 -613.3747 0.7012056
742.33    -616.7899 -613.3692 0.7012836
742.34    -616.6357 -613.3637 0.7013619
742.35    -616.4814 -613.3583 0.7014403
742.36    -616.3271 -613.3529 0.701519
742.37    -616.1727 -613.3475 0.7015978
742.38    -616.0183 -613.3422 0.7016768
742.39    -615.8638 -613.3368 0.7017561
742.4    -615.7093 -613.3314 0.7018354
742.41    -615.5547 -613.3262 0.7019148
742.42    -615.4001 -613.3209 0.7019944
742.43    -615.2455 -613.3156 0.7020742
742.44    -615.0908 -613.3104 0.702154
742.45    -614.936 -613.3051 0.702234
742.46    -614.7812 -613.2999 0.7023141
742.47    -614.6263 -613.2947 0.7023944
742.48    -614.4714 -613.2896 0.7024747
742.49    -614.3165 -613.2844 0.7025551
742.5    -614.1614 -613.2793 0.7026355
742.51    -614.0064 -613.2742 0.7027161
742.52    -613.8513 -613.2691 0.7027967
742.53    -613.6962 -613.264 0.7028775
742.54    -613.541 -613.259 0.7029582
742.55    -613.3857 -613.254 0.7030391
742.56    -613.2303 -613.249 0.7031199
742.57    -613.075 -613.244 0.7032009
742.58    -612.9195 -613.239 0.7032819
742.59    -612.764 -613.2341 0.7033629
742.6    -612.6084 -613.2291 0.7034441
742.61    -612.4528 -613.2243 0.7035252
742.62    -612.2971 -613.2194 0.7036065
742.63    -612.1412 -613.2145 0.7036877
742.64    -611.9854 -613.2098 0.703769
742.65    -611.8295 -613.205 0.7038503
742.66    -611.6736 -613.2001 0.7039317
742.67    -611.5176 -613.1954 0.704013
742.68    -611.3615 -613.1907 0.7040944
742.69    -611.2054 -613.1859 0.7041759
742.7    -611.0492 -613.1813 0.7042574
742.71    -610.8929 -613.1766 0.7043388
742.72    -610.7366 -613.1719 0.7044203
742.73    -610.5803 -613.1673 0.7045019
742.74    -610.4238 -613.1627 0.7045834
742.75    -610.2673 -613.158 0.7046649
742.76    -610.1107 -613.1535 0.7047465
742.77    -609.9541 -613.1489 0.7048281
742.78    -609.7974 -613.1443 0.7049097
742.79    -609.6407 -613.1398 0.7049913
742.8    -609.4838 -613.1354 0.705073
742.81    -609.3269 -613.1309 0.7051547
742.82    -609.17 -613.1264 0.7052363
742.83    -609.013 -613.122 0.7053179
742.84    -608.8559 -613.1176 0.7053996
742.85    -608.6987 -613.1132 0.7054813
742.86    -608.5415 -613.1088 0.705563
742.87    -608.3843 -613.1044 0.7056446
742.88    -608.2269 -613.1001 0.7057264
742.89    -608.0695 -613.0958 0.705808
742.9    -607.912 -613.0915 0.7058897
742.91    -607.7546 -613.0872 0.7059714
742.92    -607.597 -613.083 0.7060531
742.93    -607.4393 -613.0787 0.7061348
742.94    -607.2816 -613.0745 0.7062165
742.95    -607.1238 -613.0704 0.7062982
742.96    -606.966 -613.0662 0.70638
742.97    -606.8081 -613.062 0.7064617
742.98    -606.6501 -613.0579 0.7065433
742.99    -606.4921 -613.0538 0.7066251
743    -606.334 -613.0497 0.7067068
743.01    -606.1759 -613.0457 0.7067885
743.02    -606.0177 -613.0416 0.7068701
743.03    -605.8594 -613.0375 0.7069518
743.04    -605.7011 -613.0336 0.7070335
743.05    -605.5427 -613.0295 0.7071152
743.06    -605.3843 -613.0256 0.7071969
743.07    -605.2258 -613.0217 0.7072785
743.08    -605.0672 -613.0177 0.7073603
743.09    -604.9086 -613.0138 0.7074419
743.1    -604.7499 -613.0099 0.7075236
743.11    -604.5911 -613.006 0.7076053
743.12    -604.4323 -613.0022 0.707687
743.13    -604.2734 -612.9984 0.7077687
743.14    -604.1145 -612.9946 0.7078504
743.15    -603.9555 -612.9907 0.7079322
743.16    -603.7964 -612.9869 0.7080139
743.17    -603.6373 -612.9832 0.7080956
743.18    -603.4781 -612.9794 0.7081773
743.19    -603.3189 -612.9756 0.7082591
743.2    -603.1595 -612.9719 0.7083408
743.21    -603.0002 -612.9683 0.7084226
743.22    -602.8408 -612.9645 0.7085043
743.23    -602.6813 -612.9608 0.708586
743.24    -602.5217 -612.9572 0.7086678
743.25    -602.362 -612.9535 0.7087495
743.26    -602.2023 -612.9499 0.7088313
743.27    -602.0426 -612.9462 0.708913
743.28    -601.8828 -612.9426 0.7089947
743.29    -601.7229 -612.939 0.7090765
743.3    -601.5629 -612.9354 0.7091582
743.31    -601.4029 -612.9318 0.70924
743.32    -601.2429 -612.9282 0.7093217
743.33    -601.0827 -612.9246 0.7094034
743.34    -600.9225 -612.921 0.7094852
743.35    -600.7622 -612.9174 0.7095669
743.36    -600.6019 -612.9138 0.7096487
743.37    -600.4415 -612.9102 0.7097303
743.38    -600.281 -612.9067 0.709812
743.39    -600.1205 -612.9031 0.7098936
743.4    -599.9599 -612.8996 0.7099752
743.41    -599.7993 -612.8961 0.7100567
743.42    -599.6386 -612.8925 0.7101381
743.43    -599.4778 -612.889 0.7102196
743.44    -599.317 -612.8854 0.7103009
743.45    -599.1561 -612.8819 0.7103823
743.46    -598.9952 -612.8784 0.7104636
743.47    -598.8342 -612.8748 0.7105448
743.48    -598.6732 -612.8712 0.7106261
743.49    -598.512 -612.8677 0.7107072
743.5    -598.3508 -612.8641 0.7107884
743.51    -598.1896 -612.8606 0.7108694
743.52    -598.0283 -612.857 0.7109505
743.53    -597.8669 -612.8535 0.7110315
743.54    -597.7055 -612.8499 0.7111126
743.55    -597.544 -612.8463 0.7111934
743.56    -597.3824 -612.8427 0.7112744
743.57    -597.2208 -612.8391 0.7113551
743.58    -597.0591 -612.8354 0.7114356
743.59    -596.8974 -612.8318 0.711516
743.6    -596.7356 -612.8282 0.7115962
743.61    -596.5738 -612.8245 0.7116761
743.62    -596.4119 -612.8209 0.7117555
743.63    -596.2499 -612.8173 0.7118347
743.64    -596.0878 -612.8135 0.7119135
743.65    -595.9257 -612.8099 0.7119919
743.66    -595.7636 -612.8062 0.7120696
743.67    -595.6014 -612.8025 0.7121467
743.68    -595.4391 -612.7988 0.712223
743.69    -595.2768 -612.795 0.7122988
743.7    -595.1144 -612.7913 0.7123738
743.71    -594.952 -612.7876 0.7124478
743.72    -594.7895 -612.7838 0.7125207
743.73    -594.6269 -612.7801 0.7125927
743.74    -594.4642 -612.7762 0.7126635
743.75    -594.3015 -612.7725 0.7127336
743.76    -594.1388 -612.7687 0.7128021
743.77    -593.976 -612.7648 0.7128694
743.78    -593.8131 -612.761 0.7129353
743.79    -593.6501 -612.7571 0.7130002
743.8    -593.4871 -612.7533 0.7130638
743.81    -593.324 -612.7495 0.7131264
743.82    -593.1609 -612.7455 0.7131874
743.83    -592.9978 -612.7417 0.7132469
743.84    -592.8345 -612.7378 0.7133051
743.85    -592.6712 -612.7339 0.7133619
743.86    -592.5078 -612.7299 0.7134174
743.87    -592.3444 -612.726 0.7134714
743.88    -592.181 -612.7221 0.7135238
743.89    -592.0175 -612.7182 0.7135748
743.9    -591.8538 -612.7142 0.7136245
743.91    -591.6901 -612.7103 0.7136729
743.92    -591.5264 -612.7063 0.7137197
743.93    -591.3627 -612.7023 0.713765
743.94    -591.1989 -612.6984 0.7138088
743.95    -591.035 -612.6944 0.7138512
743.96    -590.871 -612.6904 0.7138923
743.97    -590.707 -612.6863 0.7139317
743.98    -590.5429 -612.6823 0.7139696
743.99    -590.3788 -612.6782 0.7140061
744    -590.2146 -612.6742 0.7140412
744.01    -590.0504 -612.6701 0.7140749
744.02    -589.886 -612.666 0.714107
744.03    -589.7217 -612.6619 0.7141375
744.04    -589.5573 -612.6578 0.7141666
744.05    -589.3928 -612.6537 0.7141942
744.06    -589.2282 -612.6496 0.7142206
744.07    -589.0636 -612.6454 0.7142454
744.08    -588.8989 -612.6413 0.7142687
744.09    -588.7342 -612.6371 0.7142905
744.1    -588.5694 -612.633 0.714311
744.11    -588.4045 -612.6288 0.7143301
744.12    -588.2396 -612.6246 0.714348
744.13    -588.0746 -612.6204 0.7143646
744.14    -587.9096 -612.6161 0.71438
744.15    -587.7445 -612.6119 0.7143943
744.16    -587.5793 -612.6077 0.7144076
744.17    -587.4141 -612.6034 0.7144198
744.18    -587.2488 -612.5991 0.7144312
744.19    -587.0835 -612.5948 0.7144416
744.2    -586.9181 -612.5906 0.7144512
744.21    -586.7527 -612.5863 0.71446
744.22    -586.5872 -612.582 0.714468
744.23    -586.4216 -612.5778 0.7144753
744.24    -586.2559 -612.5734 0.7144819
744.25    -586.0902 -612.5691 0.7144879
744.26    -585.9245 -612.5648 0.7144932
744.27    -585.7587 -612.5604 0.7144978
744.28    -585.5928 -612.5561 0.7145019
744.29    -585.4269 -612.5518 0.7145054
744.3    -585.2609 -612.5474 0.7145085
744.31    -585.0948 -612.5431 0.714511
744.32    -584.9287 -612.5388 0.7145128
744.33    -584.7626 -612.5344 0.714514
744.34    -584.5964 -612.5301 0.7145147
744.35    -584.4301 -612.5257 0.7145147
744.36    -584.2637 -612.5213 0.7145143
744.37    -584.0973 -612.5169 0.7145131
744.38    -583.9308 -612.5125 0.7145114
744.39    -583.7643 -612.5081 0.714509
744.4    -583.5978 -612.5038 0.7145061
744.41    -583.4312 -612.4994 0.7145023
744.42    -583.2645 -612.4951 0.7144978
744.43    -583.0977 -612.4907 0.7144925
744.44    -582.9309 -612.4864 0.7144865
744.45    -582.764 -612.4821 0.7144798
744.46    -582.5971 -612.4777 0.714472
744.47    -582.4301 -612.4734 0.7144632
744.48    -582.2631 -612.4691 0.7144533
744.49    -582.0959 -612.4648 0.7144426
744.5    -581.9288 -612.4604 0.7144309
744.51    -581.7615 -612.4561 0.7144178
744.52    -581.5942 -612.4518 0.7144035
744.53    -581.4269 -612.4475 0.7143879
744.54    -581.2595 -612.4432 0.7143712
744.55    -581.092 -612.4388 0.7143534
744.56    -580.9244 -612.4346 0.7143345
744.57    -580.7568 -612.4302 0.7143145
744.58    -580.5892 -612.426 0.7142933
744.59    -580.4214 -612.4217 0.7142711
744.6    -580.2537 -612.4175 0.7142479
744.61    -580.0858 -612.4132 0.7142237
744.62    -579.918 -612.4089 0.7141986
744.63    -579.7501 -612.4047 0.7141727
744.64    -579.582 -612.4005 0.7141459
744.65    -579.4139 -612.3962 0.7141183
744.66    -579.2458 -612.3919 0.71409
744.67    -579.0777 -612.3876 0.7140611
744.68    -578.9095 -612.3834 0.7140315
744.69    -578.7412 -612.3792 0.7140012
744.7    -578.5729 -612.3749 0.7139703
744.71    -578.4045 -612.3706 0.7139389
744.72    -578.236 -612.3663 0.7139069
744.73    -578.0675 -612.3621 0.7138745
744.74    -577.8989 -612.3578 0.7138414
744.75    -577.7303 -612.3536 0.7138081
744.76    -577.5616 -612.3493 0.7137742
744.77    -577.3928 -612.345 0.7137399
744.78    -577.224 -612.3408 0.7137052
744.79    -577.0551 -612.3365 0.7136703
744.8    -576.8862 -612.3323 0.7136348
744.81    -576.7172 -612.3281 0.7135991
744.82    -576.5481 -612.3239 0.713563
744.83    -576.379 -612.3196 0.7135267
744.84    -576.2098 -612.3154 0.71349
744.85    -576.0405 -612.3112 0.7134531
744.86    -575.8712 -612.307 0.7134159
744.87    -575.7019 -612.3028 0.7133784
744.88    -575.5325 -612.2986 0.7133408
744.89    -575.363 -612.2944 0.7133029
744.9    -575.1935 -612.2903 0.7132648
744.91    -575.0239 -612.2861 0.7132265
744.92    -574.8542 -612.282 0.7131881
744.93    -574.6846 -612.2778 0.7131494
744.94    -574.5148 -612.2737 0.7131106
744.95    -574.345 -612.2695 0.7130716
744.96    -574.1752 -612.2654 0.7130325
744.97    -574.0052 -612.2613 0.7129933
744.98    -573.8353 -612.2572 0.7129538
744.99    -573.6652 -612.2531 0.7129143
745    -573.4951 -612.2491 0.7128747
745.01    -573.325 -612.245 0.7128349
745.02    -573.1547 -612.2409 0.712795
745.03    -572.9844 -612.2368 0.7127551
745.04    -572.8141 -612.2327 0.712715
745.05    -572.6437 -612.2286 0.7126749
745.06    -572.4733 -612.2245 0.7126346
745.07    -572.3028 -612.2205 0.7125943
745.08    -572.1323 -612.2164 0.7125538
745.09    -571.9617 -612.2123 0.7125133
745.1    -571.791 -612.2082 0.7124728
745.11    -571.6202 -612.2041 0.7124321
745.12    -571.4494 -612.2 0.7123914
745.13    -571.2786 -612.1959 0.7123506
745.14    -571.1077 -612.1918 0.7123098
745.15    -570.9367 -612.1877 0.7122688
745.16    -570.7657 -612.1836 0.7122278
745.17    -570.5946 -612.1794 0.7121868
745.18    -570.4235 -612.1752 0.7121457
745.19    -570.2523 -612.1711 0.7121045
745.2    -570.081 -612.1669 0.7120633
745.21    -569.9097 -612.1628 0.7120221
745.22    -569.7384 -612.1585 0.7119808
745.23    -569.567 -612.1543 0.7119395
745.24    -569.3955 -612.1501 0.7118981
745.25    -569.2239 -612.1458 0.7118567
745.26    -569.0523 -612.1416 0.7118152
745.27    -568.8807 -612.1374 0.7117739
745.28    -568.709 -612.1331 0.7117326
745.29    -568.5372 -612.1288 0.7116913
745.3    -568.3654 -612.1245 0.71165
745.31    -568.1935 -612.1202 0.7116089
745.32    -568.0216 -612.1159 0.711568
745.33    -567.8496 -612.1116 0.7115271
745.34    -567.6776 -612.1072 0.7114863
745.35    -567.5054 -612.1029 0.7114457
745.36    -567.3333 -612.0985 0.7114052
745.37    -567.1611 -612.0942 0.7113648
745.38    -566.9888 -612.0897 0.7113248
745.39    -566.8165 -612.0853 0.7112851
745.4    -566.6442 -612.0809 0.7112455
745.41    -566.4717 -612.0765 0.7112064
745.42    -566.2993 -612.0721 0.7111678
745.43    -566.1267 -612.0676 0.7111295
745.44    -565.9541 -612.0631 0.7110915
745.45    -565.7814 -612.0587 0.7110538
745.46    -565.6087 -612.0541 0.7110168
745.47    -565.4359 -612.0496 0.7109804
745.48    -565.2631 -612.045 0.7109444
745.49    -565.0901 -612.0405 0.7109088
745.5    -564.9172 -612.0358 0.7108738
745.51    -564.7442 -612.0313 0.7108393
745.52    -564.5712 -612.0266 0.7108052
745.53    -564.3981 -612.0219 0.7107717
745.54    -564.225 -612.0173 0.7107387
745.55    -564.0518 -612.0125 0.7107061
745.56    -563.8785 -612.0078 0.7106739
745.57    -563.7051 -612.0031 0.7106422
745.58    -563.5317 -611.9983 0.7106107
745.59    -563.3583 -611.9935 0.7105798
745.6    -563.1848 -611.9886 0.7105491
745.61    -563.0112 -611.9838 0.7105189
745.62    -562.8376 -611.9789 0.710489
745.63    -562.664 -611.9741 0.7104595
745.64    -562.4903 -611.9691 0.7104304
745.65    -562.3165 -611.9642 0.7104016
745.66    -562.1427 -611.9592 0.7103732
745.67    -561.9688 -611.9542 0.710345
745.68    -561.7949 -611.9492 0.7103173
745.69    -561.6208 -611.9441 0.7102898
745.7    -561.4468 -611.939 0.7102626
745.71    -561.2727 -611.9339 0.7102358
745.72    -561.0986 -611.9288 0.7102094
745.73    -560.9244 -611.9236 0.7101833
745.74    -560.7501 -611.9184 0.7101575
745.75    -560.5758 -611.9131 0.710132
745.76    -560.4014 -611.9079 0.710107
745.77    -560.227 -611.9026 0.7100824
745.78    -560.0525 -611.8973 0.7100581
745.79    -559.8779 -611.8919 0.7100342
745.8    -559.7033 -611.8865 0.7100107
745.81    -559.5287 -611.8811 0.7099877
745.82    -559.354 -611.8757 0.7099653
745.83    -559.1793 -611.8702 0.7099434
745.84    -559.0045 -611.8647 0.709922
745.85    -558.8296 -611.8591 0.7099009
745.86    -558.6547 -611.8536 0.7098804
745.87    -558.4797 -611.848 0.7098604
745.88    -558.3046 -611.8423 0.7098411
745.89    -558.1295 -611.8367 0.7098224
745.9    -557.9543 -611.831 0.7098043
745.91    -557.7792 -611.8252 0.709787
745.92    -557.6039 -611.8195 0.7097704
745.93    -557.4286 -611.8136 0.7097544
745.94    -557.2533 -611.8078 0.7097391
745.95    -557.0779 -611.8019 0.7097243
745.96    -556.9024 -611.796 0.7097102
745.97    -556.7269 -611.7901 0.7096967
745.98    -556.5513 -611.7841 0.709684
745.99    -556.3756 -611.7781 0.7096718
746    -556.1999 -611.7721 0.7096603
746.01    -556.0241 -611.7661 0.7096494
746.02    -555.8483 -611.7599 0.7096392
746.03    -555.6725 -611.7538 0.7096296
746.04    -555.4966 -611.7476 0.7096207
746.05    -555.3206 -611.7414 0.7096123
746.06    -555.1446 -611.7351 0.7096044
746.07    -554.9685 -611.7289 0.7095972
746.08    -554.7924 -611.7225 0.7095907
746.09    -554.6161 -611.7162 0.7095848
746.1    -554.4399 -611.7098 0.7095794
746.11    -554.2636 -611.7034 0.7095747
746.12    -554.0873 -611.6968 0.7095706
746.13    -553.9109 -611.6904 0.7095671
746.14    -553.7345 -611.6838 0.7095641
746.15    -553.558 -611.6772 0.7095616
746.16    -553.3815 -611.6706 0.7095599
746.17    -553.2049 -611.6639 0.7095585
746.18    -553.0283 -611.6572 0.7095577
746.19    -552.8516 -611.6504 0.7095574
746.2    -552.6748 -611.6436 0.7095575
746.21    -552.498 -611.6367 0.7095582
746.22    -552.3211 -611.6299 0.7095594
746.23    -552.1442 -611.6229 0.709561
746.24    -551.9672 -611.6159 0.7095631
746.25    -551.7901 -611.6089 0.7095656
746.26    -551.613 -611.6018 0.7095685
746.27    -551.4359 -611.5947 0.7095718
746.28    -551.2587 -611.5875 0.7095757
746.29    -551.0815 -611.5803 0.7095798
746.3    -550.9042 -611.5729 0.7095844
746.31    -550.7269 -611.5656 0.7095894
746.32    -550.5495 -611.5583 0.7095949
746.33    -550.3721 -611.5508 0.7096009
746.34    -550.1946 -611.5433 0.7096073
746.35    -550.017 -611.5358 0.7096141
746.36    -549.8394 -611.5281 0.7096213
746.37    -549.6618 -611.5204 0.7096292
746.38    -549.4841 -611.5128 0.7096379
746.39    -549.3064 -611.5051 0.7096472
746.4    -549.1286 -611.4973 0.7096572
746.41    -548.9507 -611.4894 0.7096682
746.42    -548.7728 -611.4814 0.7096801
746.43    -548.5949 -611.4734 0.7096928
746.44    -548.4169 -611.4654 0.7097065
746.45    -548.2388 -611.4573 0.7097209
746.46    -548.0607 -611.4491 0.7097367
746.47    -547.8825 -611.4409 0.7097537
746.48    -547.7043 -611.4326 0.7097719
746.49    -547.526 -611.4242 0.7097911
746.5    -547.3477 -611.4158 0.7098115
746.51    -547.1693 -611.4073 0.7098334
746.52    -546.9909 -611.3987 0.7098568
746.53    -546.8124 -611.3901 0.7098815
746.54    -546.6339 -611.3815 0.7099075
746.55    -546.4553 -611.3727 0.7099347
746.56    -546.2767 -611.364 0.7099633
746.57    -546.0981 -611.3551 0.7099934
746.58    -545.9194 -611.3462 0.7100247
746.59    -545.7406 -611.3372 0.7100572
746.6    -545.5618 -611.3282 0.7100909
746.61    -545.3829 -611.319 0.7101257
746.62    -545.204 -611.3098 0.7101616
746.63    -545.0251 -611.3005 0.7101985
746.64    -544.8461 -611.2911 0.7102364
746.65    -544.667 -611.2817 0.7102751
746.66    -544.4879 -611.2723 0.7103147
746.67    -544.3087 -611.2628 0.7103551
746.68    -544.1295 -611.2532 0.7103963
746.69    -543.9503 -611.2435 0.7104382
746.7    -543.7709 -611.2338 0.7104808
746.71    -543.5916 -611.2241 0.7105241
746.72    -543.4122 -611.2142 0.710568
746.73    -543.2327 -611.2043 0.7106125
746.74    -543.0532 -611.1945 0.7106575
746.75    -542.8737 -611.1844 0.7107031
746.76    -542.694 -611.1744 0.7107491
746.77    -542.5143 -611.1642 0.7107958
746.78    -542.3347 -611.1541 0.7108427
746.79    -542.155 -611.144 0.7108902
746.8    -541.9752 -611.1337 0.7109381
746.81    -541.7953 -611.1234 0.7109863
746.82    -541.6154 -611.1131 0.7110349
746.83    -541.4354 -611.1027 0.7110839
746.84    -541.2553 -611.0922 0.7111332
746.85    -541.0753 -611.0817 0.7111828
746.86    -540.8951 -611.0712 0.7112327
746.87    -540.715 -611.0606 0.7112829
746.88    -540.5347 -611.05 0.7113333
746.89    -540.3544 -611.0394 0.711384
746.9    -540.1741 -611.0286 0.7114349
746.91    -539.9937 -611.0179 0.7114861
746.92    -539.8133 -611.0071 0.7115374
746.93    -539.6328 -610.9963 0.7115887
746.94    -539.4523 -610.9855 0.7116402
746.95    -539.2717 -610.9747 0.7116917
746.96    -539.091 -610.9637 0.7117434
746.97    -538.9103 -610.9528 0.7117949
746.98    -538.7296 -610.9419 0.7118465
746.99    -538.5488 -610.9309 0.7118979
747    -538.368 -610.9199 0.7119492
747.01    -538.1871 -610.9089 0.7120004
747.02    -538.0062 -610.8979 0.7120513
747.03    -537.8253 -610.8869 0.7121021
747.04    -537.6442 -610.8759 0.7121527
747.05    -537.4631 -610.8649 0.7122031
747.06    -537.282 -610.8538 0.712253
747.07    -537.1008 -610.8428 0.7123024
747.08    -536.9196 -610.8317 0.7123513
747.09    -536.7383 -610.8206 0.7123997
747.1    -536.557 -610.8096 0.7124476
747.11    -536.3756 -610.7985 0.7124952
747.12    -536.1942 -610.7874 0.7125416
747.13    -536.0126 -610.7764 0.712587
747.14    -535.831 -610.7653 0.7126313
747.15    -535.6494 -610.7543 0.7126747
747.16    -535.4677 -610.7432 0.7127172
747.17    -535.2859 -610.7321 0.7127582
747.18    -535.1042 -610.7211 0.7127978
747.19    -534.9224 -610.7101 0.712836
747.2    -534.7405 -610.6992 0.712873
747.21    -534.5585 -610.6882 0.712908
747.22    -534.3766 -610.6772 0.7129411
747.23    -534.1946 -610.6663 0.7129726
747.24    -534.0125 -610.6555 0.7130024
747.25    -533.8304 -610.6447 0.7130307
747.26    -533.6482 -610.6339 0.7130566
747.27    -533.4659 -610.623 0.7130803
747.28    -533.2836 -610.6123 0.7131021
747.29    -533.1012 -610.6016 0.7131218
747.3    -532.9188 -610.5909 0.7131397
747.31    -532.7363 -610.5803 0.7131558
747.32    -532.5538 -610.5696 0.7131693
747.33    -532.3712 -610.559 0.7131804
747.34    -532.1886 -610.5485 0.7131891
747.35    -532.0059 -610.538 0.7131955
747.36    -531.8232 -610.5276 0.7131999
747.37    -531.6404 -610.5173 0.7132017
747.38    -531.4575 -610.507 0.7132012
747.39    -531.2746 -610.4968 0.7131985
747.4    -531.0916 -610.4865 0.7131936
747.41    -530.9086 -610.4763 0.7131867
747.42    -530.7256 -610.4662 0.7131777
747.43    -530.5424 -610.4562 0.7131669
747.44    -530.3593 -610.4462 0.7131542
747.45    -530.176 -610.4363 0.7131398
747.46    -529.9927 -610.4265 0.7131238
747.47    -529.8094 -610.4166 0.7131063
747.48    -529.626 -610.4069 0.7130873
747.49    -529.4425 -610.3972 0.7130669
747.5    -529.259 -610.3876 0.7130452
747.51    -529.0754 -610.3781 0.7130222
747.52    -528.8918 -610.3687 0.712998
747.53    -528.7082 -610.3593 0.7129728
747.54    -528.5245 -610.35 0.7129464
747.55    -528.3407 -610.3408 0.7129191
747.56    -528.1569 -610.3317 0.7128907
747.57    -527.973 -610.3226 0.7128615
747.58    -527.7891 -610.3136 0.7128313
747.59    -527.6052 -610.3047 0.7128003
747.6    -527.4211 -610.2958 0.7127686
747.61    -527.2371 -610.2871 0.7127361
747.62    -527.0529 -610.2784 0.7127029
747.63    -526.8687 -610.2699 0.712669
747.64    -526.6844 -610.2614 0.7126343
747.65    -526.5001 -610.253 0.7125992
747.66    -526.3158 -610.2446 0.7125633
747.67    -526.1314 -610.2365 0.7125269
747.68    -525.947 -610.2283 0.71249
747.69    -525.7625 -610.2203 0.7124526
747.7    -525.5779 -610.2123 0.7124146
747.71    -525.3932 -610.2045 0.7123762
747.72    -525.2086 -610.1967 0.7123373
747.73    -525.0238 -610.189 0.7122981
747.74    -524.839 -610.1815 0.7122583
747.75    -524.6541 -610.174 0.7122182
747.76    -524.4692 -610.1666 0.7121779
747.77    -524.2842 -610.1592 0.712137
747.78    -524.0992 -610.152 0.7120959
747.79    -523.9142 -610.1449 0.7120544
747.8    -523.7291 -610.1378 0.7120126
747.81    -523.5439 -610.1309 0.7119705
747.82    -523.3588 -610.124 0.711928
747.83    -523.1735 -610.1172 0.7118851
747.84    -522.9882 -610.1106 0.7118421
747.85    -522.8029 -610.104 0.7117986
747.86    -522.6174 -610.0975 0.7117548
747.87    -522.4319 -610.0911 0.7117106
747.88    -522.2464 -610.0848 0.711666
747.89    -522.0608 -610.0785 0.7116212
747.9    -521.8751 -610.0723 0.7115761
747.91    -521.6894 -610.0662 0.7115306
747.92    -521.5037 -610.0603 0.7114848
747.93    -521.3179 -610.0544 0.7114388
747.94    -521.132 -610.0486 0.7113924
747.95    -520.9461 -610.0428 0.7113457
747.96    -520.7602 -610.0372 0.7112988
747.97    -520.5742 -610.0317 0.7112517
747.98    -520.3882 -610.0262 0.7112042
747.99    -520.2021 -610.0209 0.7111565
748    -520.0159 -610.0156 0.7111087
748.01    -519.8297 -610.0104 0.7110607
748.02    -519.6434 -610.0054 0.7110124
748.03    -519.4572 -610.0004 0.710964
748.04    -519.2708 -609.9954 0.7109154
748.05    -519.0844 -609.9906 0.7108666
748.06    -518.8979 -609.9858 0.7108177
748.07    -518.7114 -609.9811 0.7107685
748.08    -518.5248 -609.9766 0.7107193
748.09    -518.3382 -609.972 0.7106699
748.1    -518.1515 -609.9675 0.7106204
748.11    -517.9648 -609.9631 0.7105708
748.12    -517.778 -609.9588 0.710521
748.13    -517.5912 -609.9545 0.7104712
748.14    -517.4043 -609.9504 0.7104211
748.15    -517.2173 -609.9463 0.7103711
748.16    -517.0304 -609.9422 0.7103209
748.17    -516.8434 -609.9382 0.7102706
748.18    -516.6563 -609.9341 0.7102202
748.19    -516.4692 -609.9302 0.7101697
748.2    -516.282 -609.9263 0.7101192
748.21    -516.0948 -609.9225 0.7100686
748.22    -515.9075 -609.9186 0.7100179
748.23    -515.7202 -609.9149 0.7099671
748.24    -515.5328 -609.9111 0.7099162
748.25    -515.3454 -609.9075 0.7098653
748.26    -515.1579 -609.9038 0.7098144
748.27    -514.9704 -609.9002 0.7097633
748.28    -514.7828 -609.8967 0.7097123
748.29    -514.5952 -609.8931 0.7096612
748.3    -514.4075 -609.8896 0.70961
748.31    -514.2198 -609.8861 0.7095587
748.32    -514.032 -609.8827 0.7095075
748.33    -513.8441 -609.8793 0.7094561
748.34    -513.6563 -609.8759 0.7094047
748.35    -513.4683 -609.8726 0.7093533
748.36    -513.2803 -609.8693 0.7093019
748.37    -513.0923 -609.866 0.7092506
748.38    -512.9042 -609.8627 0.7091993
748.39    -512.716 -609.8594 0.709148
748.4    -512.5278 -609.8562 0.7090968
748.41    -512.3395 -609.853 0.709046
748.42    -512.1512 -609.8498 0.7089955
748.43    -511.9629 -609.8467 0.7089452
748.44    -511.7745 -609.8436 0.7088953
748.45    -511.586 -609.8404 0.7088457
748.46    -511.3976 -609.8373 0.708797
748.47    -511.209 -609.8342 0.7087493
748.48    -511.0204 -609.8311 0.7087026
748.49    -510.8318 -609.828 0.7086566
748.5    -510.6431 -609.825 0.7086114
748.51    -510.4543 -609.8218 0.7085681
748.52    -510.2656 -609.8188 0.7085264
748.53    -510.0768 -609.8157 0.7084862
748.54    -509.8878 -609.8127 0.7084475
748.55    -509.6989 -609.8097 0.7084103
748.56    -509.5099 -609.8066 0.7083754
748.57    -509.3209 -609.8036 0.7083426
748.58    -509.1318 -609.8006 0.7083118
748.59    -508.9427 -609.7976 0.7082831
748.6    -508.7535 -609.7946 0.7082561
748.61    -508.5642 -609.7916 0.7082308
748.62    -508.375 -609.7885 0.7082083
748.63    -508.1857 -609.7855 0.7081883
748.64    -507.9963 -609.7824 0.7081708
748.65    -507.8069 -609.7794 0.7081556
748.66    -507.6175 -609.7762 0.7081425
748.67    -507.428 -609.7732 0.7081325
748.68    -507.2386 -609.7701 0.7081255
748.69    -507.0491 -609.767 0.7081211
748.7    -506.8596 -609.764 0.7081193
748.71    -506.6701 -609.7609 0.7081206
748.72    -506.4806 -609.7578 0.7081248
748.73    -506.2911 -609.7546 0.7081317
748.74    -506.1016 -609.7515 0.7081413
748.75    -505.9121 -609.7484 0.7081533
748.76    -505.7226 -609.7452 0.7081681
748.77    -505.5332 -609.7421 0.7081856
748.78    -505.3437 -609.7388 0.7082056
748.79    -505.1543 -609.7357 0.7082279
748.8    -504.9648 -609.7325 0.7082525
748.81    -504.7755 -609.7292 0.7082793
748.82    -504.5861 -609.7261 0.7083081
748.83    -504.3967 -609.7228 0.708339
748.84    -504.2074 -609.7195 0.7083716
748.85    -504.0181 -609.7163 0.7084061
748.86    -503.8288 -609.7131 0.7084423
748.87    -503.6395 -609.7098 0.70848
748.88    -503.4502 -609.7065 0.7085193
748.89    -503.261 -609.7032 0.70856
748.9    -503.0717 -609.6999 0.7086021
748.91    -502.8825 -609.6966 0.7086455
748.92    -502.6934 -609.6933 0.70869
748.93    -502.5042 -609.6899 0.7087359
748.94    -502.315 -609.6865 0.7087829
748.95    -502.1259 -609.6832 0.7088308
748.96    -501.9368 -609.6798 0.7088796
748.97    -501.7477 -609.6764 0.7089291
748.98    -501.5587 -609.673 0.7089792
748.99    -501.3696 -609.6695 0.7090301
749    -501.1805 -609.6661 0.7090815
749.01    -500.9915 -609.6626 0.7091335
749.02    -500.8025 -609.6591 0.7091854
749.03    -500.6136 -609.6556 0.709237
749.04    -500.4246 -609.6521 0.7092884
749.05    -500.2357 -609.6485 0.7093397
749.06    -500.0467 -609.645 0.7093909
749.07    -499.8578 -609.6414 0.7094407
749.08    -499.6689 -609.6378 0.7094892
749.09    -499.4801 -609.6342 0.7095364
749.1    -499.2912 -609.6306 0.7095826
749.11    -499.1024 -609.6269 0.7096267
749.12    -498.9136 -609.6232 0.7096689
749.13    -498.7249 -609.6196 0.7097094
749.14    -498.5361 -609.6158 0.7097481
749.15    -498.3473 -609.6121 0.7097853
749.16    -498.1586 -609.6083 0.7098209
749.17    -497.9699 -609.6046 0.7098537
749.18    -497.7812 -609.6008 0.7098839
749.19    -497.5925 -609.597 0.7099114
749.2    -497.4039 -609.5933 0.7099366
749.21    -497.2152 -609.5894 0.7099594
749.22    -497.0266 -609.5855 0.709979
749.23    -496.838 -609.5817 0.7099956
749.24    -496.6494 -609.5778 0.7100091
749.25    -496.4609 -609.5738 0.7100199
749.26    -496.2724 -609.5699 0.7100271
749.27    -496.0839 -609.566 0.7100307
749.28    -495.8954 -609.562 0.7100311
749.29    -495.7069 -609.558 0.7100283
749.3    -495.5184 -609.554 0.7100225
749.31    -495.33 -609.55 0.7100133
749.32    -495.1416 -609.5459 0.7100007
749.33    -494.9532 -609.5419 0.709985
749.34    -494.7648 -609.5378 0.7099663
749.35    -494.5764 -609.5337 0.7099448
749.36    -494.3881 -609.5295 0.7099199
749.37    -494.1998 -609.5254 0.7098917
749.38    -494.0115 -609.5212 0.7098603
749.39    -493.8232 -609.517 0.7098262
749.4    -493.6349 -609.5129 0.7097892
749.41    -493.4467 -609.5087 0.7097489
749.42    -493.2585 -609.5044 0.7097054
749.43    -493.0703 -609.5002 0.709659
749.44    -492.8821 -609.4959 0.7096096
749.45    -492.6939 -609.4916 0.7095575
749.46    -492.5058 -609.4873 0.7095025
749.47    -492.3177 -609.483 0.7094443
749.48    -492.1296 -609.4786 0.7093834
749.49    -491.9415 -609.4742 0.7093199
749.5    -491.7534 -609.4698 0.7092539
749.51    -491.5653 -609.4655 0.7091853
749.52    -491.3773 -609.4611 0.7091143
749.53    -491.1893 -609.4566 0.709041
749.54    -491.0013 -609.4521 0.7089655
749.55    -490.8133 -609.4477 0.708888
749.56    -490.6254 -609.4432 0.7088085
749.57    -490.4375 -609.4387 0.7087271
749.58    -490.2495 -609.4342 0.7086439
749.59    -490.0616 -609.4297 0.7085591
749.6    -489.8737 -609.4252 0.7084725
749.61    -489.6859 -609.4206 0.7083846
749.62    -489.4981 -609.416 0.708295
749.63    -489.3103 -609.4114 0.7082042
749.64    -489.1225 -609.4068 0.708112
749.65    -488.9347 -609.4022 0.7080186
749.66    -488.7469 -609.3975 0.7079239
749.67    -488.5592 -609.3929 0.7078282
749.68    -488.3715 -609.3882 0.7077313
749.69    -488.1837 -609.3835 0.7076334
749.7    -487.996 -609.3788 0.7075346
749.71    -487.8084 -609.3741 0.7074348
749.72    -487.6207 -609.3694 0.7073342
749.73    -487.4331 -609.3646 0.7072327
749.74    -487.2455 -609.3599 0.7071303
749.75    -487.0579 -609.355 0.7070272
749.76    -486.8703 -609.3503 0.7069234
749.77    -486.6828 -609.3455 0.7068189
749.78    -486.4953 -609.3407 0.7067137
749.79    -486.3077 -609.3359 0.7066079
749.8    -486.1202 -609.3311 0.7065015
749.81    -485.9328 -609.3262 0.7063945
749.82    -485.7453 -609.3214 0.706287
749.83    -485.5579 -609.3166 0.706179
749.84    -485.3705 -609.3117 0.7060704
749.85    -485.183 -609.3068 0.7059613
749.86    -484.9957 -609.3019 0.705852
749.87    -484.8083 -609.2971 0.7057421
749.88    -484.621 -609.2922 0.7056317
749.89    -484.4337 -609.2873 0.705521
749.9    -484.2463 -609.2824 0.7054099
749.91    -484.0591 -609.2775 0.7052987
749.92    -483.8718 -609.2726 0.7051871
749.93    -483.6845 -609.2677 0.7050753
749.94    -483.4973 -609.2628 0.7049633
749.95    -483.3101 -609.2578 0.7048511
749.96    -483.1229 -609.2529 0.7047386
749.97    -482.9357 -609.2479 0.7046264
749.98    -482.7485 -609.243 0.7045144
749.99    -482.5614 -609.2381 0.7044027
750    -482.3743 -609.2332 0.7042911
750.01    -482.1872 -609.2282 0.7041803
750.02    -482.0001 -609.2233 0.7040703
750.03    -481.813 -609.2183 0.7039608
750.04    -481.626 -609.2134 0.7038521
750.05    -481.439 -609.2084 0.7037439
750.06    -481.252 -609.2034 0.703637
750.07    -481.065 -609.1984 0.7035311
750.08    -480.8781 -609.1934 0.7034264
750.09    -480.6911 -609.1884 0.7033227
750.1    -480.5042 -609.1834 0.7032199
750.11    -480.3173 -609.1784 0.7031186
750.12    -480.1304 -609.1733 0.7030187
750.13    -479.9435 -609.1683 0.70292
750.14    -479.7567 -609.1632 0.7028224
750.15    -479.5698 -609.1581 0.7027261
750.16    -479.383 -609.1531 0.7026312
750.17    -479.1962 -609.1479 0.7025378
750.18    -479.0094 -609.1428 0.7024456
750.19    -478.8227 -609.1376 0.7023546
750.2    -478.6359 -609.1325 0.7022647
750.21    -478.4492 -609.1273 0.7021763
750.22    -478.2625 -609.1221 0.7020894
750.23    -478.0758 -609.1169 0.7020036
750.24    -477.8892 -609.1116 0.7019191
750.25    -477.7025 -609.1064 0.7018358
750.26    -477.5159 -609.1011 0.7017538
750.27    -477.3293 -609.0958 0.7016733
750.28    -477.1427 -609.0904 0.7015939
750.29    -476.9561 -609.0851 0.701516
750.3    -476.7696 -609.0797 0.7014391
750.31    -476.5831 -609.0743 0.7013638
750.32    -476.3966 -609.0688 0.7012899
750.33    -476.2101 -609.0634 0.7012175
750.34    -476.0236 -609.0579 0.7011464
750.35    -475.8372 -609.0524 0.7010766
750.36    -475.6507 -609.0469 0.7010078
750.37    -475.4643 -609.0413 0.700941
750.38    -475.278 -609.0356 0.7008758
750.39    -475.0916 -609.03 0.7008123
750.4    -474.9052 -609.0244 0.7007504
750.41    -474.7189 -609.0186 0.7006905
750.42    -474.5326 -609.0129 0.7006326
750.43    -474.3463 -609.0071 0.7005767
750.44    -474.1601 -609.0013 0.7005225
750.45    -473.9738 -608.9955 0.70047
750.46    -473.7876 -608.9896 0.7004197
750.47    -473.6014 -608.9836 0.7003715
750.48    -473.4152 -608.9776 0.7003252
750.49    -473.2291 -608.9716 0.7002807
750.5    -473.0429 -608.9655 0.7002379
750.51    -472.8568 -608.9594 0.7001972
750.52    -472.6707 -608.9532 0.7001582
750.53    -472.4846 -608.947 0.7001209
750.54    -472.2986 -608.9407 0.7000853
750.55    -472.1125 -608.9344 0.7000512
750.56    -471.9265 -608.9281 0.7000188
750.57    -471.7405 -608.9217 0.6999879
750.58    -471.5545 -608.9153 0.6999586
750.59    -471.3686 -608.9088 0.6999305
750.6    -471.1826 -608.9023 0.6999039
750.61    -470.9967 -608.8957 0.6998788
750.62    -470.8108 -608.889 0.6998551
750.63    -470.6249 -608.8823 0.6998327
750.64    -470.4391 -608.8755 0.6998118
750.65    -470.2532 -608.8687 0.699792
750.66    -470.0674 -608.8618 0.6997733
750.67    -469.8816 -608.8548 0.6997566
750.68    -469.6959 -608.8478 0.6997415
750.69    -469.5101 -608.8407 0.6997282
750.7    -469.3244 -608.8336 0.6997164
750.71    -469.1387 -608.8264 0.6997061
750.72    -468.953 -608.8192 0.6996982
750.73    -468.7673 -608.812 0.6996923
750.74    -468.5817 -608.8046 0.6996886
750.75    -468.3961 -608.7972 0.6996868
750.76    -468.2104 -608.7898 0.6996869
750.77    -468.0249 -608.7822 0.6996899
750.78    -467.8394 -608.7747 0.6996956
750.79    -467.6538 -608.767 0.699704
750.8    -467.4683 -608.7593 0.6997148
750.81    -467.2828 -608.7516 0.699729
750.82    -467.0974 -608.7438 0.6997463
750.83    -466.9119 -608.7359 0.6997666
750.84    -466.7265 -608.728 0.6997898
750.85    -466.541 -608.72 0.6998156
750.86    -466.3557 -608.7119 0.6998447
750.87    -466.1703 -608.7038 0.6998767
750.88    -465.985 -608.6957 0.6999115
750.89    -465.7997 -608.6874 0.699949
750.9    -465.6144 -608.6791 0.6999891
750.91    -465.4291 -608.6708 0.7000317
750.92    -465.2438 -608.6624 0.7000767
750.93    -465.0586 -608.6539 0.700124
750.94    -464.8734 -608.6453 0.7001736
750.95    -464.6882 -608.6367 0.7002253
750.96    -464.503 -608.6281 0.700279
750.97    -464.3179 -608.6194 0.7003346
750.98    -464.1328 -608.6106 0.7003921
750.99    -463.9477 -608.6017 0.7004513
751    -463.7626 -608.5929 0.700512
751.01    -463.5776 -608.5839 0.7005745
751.02    -463.3925 -608.5749 0.7006384
751.03    -463.2076 -608.5659 0.7007037
751.04    -463.0226 -608.5568 0.7007705
751.05    -462.8376 -608.5476 0.7008384
751.06    -462.6526 -608.5385 0.7009077
751.07    -462.4677 -608.5292 0.7009779
751.08    -462.2828 -608.5198 0.7010492
751.09    -462.0979 -608.5105 0.7011214
751.1    -461.9131 -608.501 0.7011945
751.11    -461.7282 -608.4916 0.701268
751.12    -461.5434 -608.4821 0.7013419
751.13    -461.3587 -608.4726 0.7014161
751.14    -461.1739 -608.463 0.7014906
751.15    -460.9891 -608.4534 0.7015655
751.16    -460.8044 -608.4437 0.7016407
751.17    -460.6197 -608.434 0.7017151
751.18    -460.435 -608.4243 0.7017887
751.19    -460.2503 -608.4145 0.7018617
751.2    -460.0657 -608.4047 0.701934
751.21    -459.8811 -608.3948 0.7020046
751.22    -459.6965 -608.3849 0.7020736
751.23    -459.5119 -608.3749 0.7021411
751.24    -459.3273 -608.365 0.7022071
751.25    -459.1428 -608.355 0.7022718
751.26    -458.9583 -608.345 0.7023352
751.27    -458.7738 -608.3349 0.702396
751.28    -458.5893 -608.3248 0.7024543
751.29    -458.4048 -608.3146 0.7025105
751.3    -458.2204 -608.3044 0.7025644
751.31    -458.0359 -608.2943 0.702615
751.32    -457.8516 -608.2841 0.7026627
751.33    -457.6672 -608.2738 0.7027076
751.34    -457.4828 -608.2635 0.7027497
751.35    -457.2985 -608.2532 0.7027892
751.36    -457.1142 -608.2429 0.7028251
751.37    -456.9299 -608.2326 0.7028577
751.38    -456.7456 -608.2223 0.7028869
751.39    -456.5613 -608.2119 0.7029132
751.4    -456.3771 -608.2016 0.7029365
751.41    -456.1929 -608.1912 0.7029562
751.42    -456.0087 -608.1808 0.7029725
751.43    -455.8245 -608.1704 0.7029856
751.44    -455.6403 -608.16 0.7029955
751.45    -455.4562 -608.1496 0.7030026
751.46    -455.2721 -608.1392 0.7030063
751.47    -455.088 -608.1288 0.7030067
751.48    -454.9039 -608.1183 0.7030041
751.49    -454.7198 -608.108 0.7029986
751.5    -454.5357 -608.0975 0.7029903
751.51    -454.3517 -608.0871 0.7029791
751.52    -454.1677 -608.0767 0.7029652
751.53    -453.9837 -608.0663 0.7029487
751.54    -453.7997 -608.0559 0.7029297
751.55    -453.6157 -608.0455 0.7029084
751.56    -453.4318 -608.0351 0.7028846
751.57    -453.2479 -608.0247 0.7028585
751.58    -453.064 -608.0143 0.7028301
751.59    -452.8801 -608.0039 0.7027996
751.6    -452.6962 -607.9935 0.7027671
751.61    -452.5124 -607.9832 0.7027324
751.62    -452.3286 -607.9728 0.7026956
751.63    -452.1447 -607.9625 0.7026569
751.64    -451.9609 -607.9521 0.7026162
751.65    -451.7771 -607.9418 0.7025739
751.66    -451.5934 -607.9316 0.7025297
751.67    -451.4096 -607.9213 0.7024835
751.68    -451.2259 -607.9111 0.7024354
751.69    -451.0422 -607.9009 0.7023853
751.7    -450.8585 -607.8907 0.7023333
751.71    -450.6748 -607.8806 0.7022793
751.72    -450.4911 -607.8704 0.7022231
751.73    -450.3075 -607.8603 0.7021649
751.74    -450.1239 -607.8502 0.7021049
751.75    -449.9403 -607.8402 0.7020429
751.76    -449.7567 -607.8302 0.7019793
751.77    -449.5731 -607.8203 0.7019133
751.78    -449.3895 -607.8104 0.7018451
751.79    -449.206 -607.8005 0.7017749
751.8    -449.0225 -607.7906 0.7017026
751.81    -448.839 -607.7809 0.701628
751.82    -448.6555 -607.7711 0.7015512
751.83    -448.472 -607.7614 0.7014723
751.84    -448.2885 -607.7518 0.7013913
751.85    -448.1051 -607.7422 0.7013084
751.86    -447.9217 -607.7326 0.7012236
751.87    -447.7383 -607.7231 0.7011368
751.88    -447.5549 -607.7136 0.7010484
751.89    -447.3715 -607.7042 0.7009581
751.9    -447.1881 -607.6949 0.7008663
751.91    -447.0048 -607.6856 0.7007729
751.92    -446.8214 -607.6763 0.700678
751.93    -446.6381 -607.6671 0.7005817
751.94    -446.4548 -607.658 0.7004842
751.95    -446.2715 -607.6489 0.7003852
751.96    -446.0882 -607.6399 0.7002852
751.97    -445.905 -607.6309 0.7001839
751.98    -445.7218 -607.622 0.7000816
751.99    -445.5385 -607.6132 0.6999782
752    -445.3553 -607.6044 0.6998738
752.01    -445.1722 -607.5957 0.6997685
752.02    -444.989 -607.587 0.6996624
752.03    -444.8059 -607.5784 0.6995555
752.04    -444.6227 -607.5699 0.6994477
752.05    -444.4396 -607.5615 0.6993393
752.06    -444.2565 -607.553 0.6992301
752.07    -444.0734 -607.5447 0.6991206
752.08    -443.8903 -607.5364 0.6990108
752.09    -443.7073 -607.5283 0.6989007
752.1    -443.5242 -607.5202 0.6987903
752.11    -443.3412 -607.5121 0.6986801
752.12    -443.1582 -607.5042 0.6985702
752.13    -442.9753 -607.4962 0.6984606
752.14    -442.7923 -607.4883 0.6983511
752.15    -442.6093 -607.4807 0.6982419
752.16    -442.4264 -607.473 0.6981329
752.17    -442.2434 -607.4653 0.6980253
752.18    -442.0605 -607.4578 0.697919
752.19    -441.8776 -607.4503 0.6978139
752.2    -441.6947 -607.443 0.69771
752.21    -441.5118 -607.4357 0.6976072
752.22    -441.329 -607.4284 0.697507
752.23    -441.1462 -607.4213 0.697409
752.24    -440.9634 -607.4142 0.6973132
752.25    -440.7806 -607.4072 0.6972196
752.26    -440.5978 -607.4003 0.6971279
752.27    -440.415 -607.3935 0.69704
752.28    -440.2323 -607.3867 0.6969554
752.29    -440.0496 -607.3801 0.696874
752.3    -439.8669 -607.3735 0.6967958
752.31    -439.6842 -607.367 0.6967216
752.32    -439.5015 -607.3606 0.6966511
752.33    -439.3188 -607.3542 0.6965844
752.34    -439.1362 -607.3481 0.6965211
752.35    -438.9535 -607.3419 0.6964611
752.36    -438.7709 -607.3358 0.6964054
752.37    -438.5883 -607.3298 0.6963537
752.38    -438.4058 -607.324 0.6963059
752.39    -438.2232 -607.3182 0.6962619
752.4    -438.0406 -607.3124 0.6962213
752.41    -437.8581 -607.3068 0.696185
752.42    -437.6756 -607.3013 0.6961528
752.43    -437.4931 -607.2959 0.6961245
752.44    -437.3106 -607.2905 0.6960998
