1671.59    -646.1541 -615.1169 0.7019697
1671.6    -646.0201 -615.1104 0.7019448
1671.61    -645.886 -615.1039 0.7019198
1671.62    -645.752 -615.0974 0.7018946
1671.63    -645.618 -615.0908 0.7018694
1671.64    -645.4841 -615.0843 0.7018441
1671.65    -645.3501 -615.0777 0.7018187
1671.66    -645.2161 -615.071 0.7017932
1671.67    -645.0822 -615.0644 0.7017676
1671.68    -644.9482 -615.0577 0.7017419
1671.69    -644.8143 -615.0511 0.7017162
1671.7    -644.6804 -615.0444 0.7016904
1671.71    -644.5465 -615.0377 0.7016646
1671.72    -644.4127 -615.0309 0.7016387
1671.73    -644.2788 -615.0242 0.7016127
1671.74    -644.145 -615.0175 0.7015866
1671.75    -644.0112 -615.0107 0.7015604
1671.76    -643.8774 -615.0038 0.7015344
1671.77    -643.7436 -614.997 0.7015082
1671.78    -643.6099 -614.9902 0.7014819
1671.79    -643.4761 -614.9833 0.7014555
1671.8    -643.3424 -614.9765 0.7014291
1671.81    -643.2087 -614.9695 0.7014027
1671.82    -643.075 -614.9626 0.7013762
1671.83    -642.9413 -614.9557 0.7013495
1671.84    -642.8077 -614.9489 0.7013227
1671.85    -642.674 -614.942 0.7012959
1671.86    -642.5403 -614.935 0.701269
1671.87    -642.4067 -614.928 0.7012419
1671.88    -642.2731 -614.921 0.7012145
1671.89    -642.1395 -614.9141 0.701187
1671.9    -642.0059 -614.9071 0.7011594
1671.91    -641.8724 -614.9001 0.7011315
1671.92    -641.7388 -614.8931 0.7011033
1671.93    -641.6053 -614.886 0.7010748
1671.94    -641.4718 -614.879 0.7010459
1671.95    -641.3383 -614.8719 0.7010167
1671.96    -641.2048 -614.8649 0.7009872
1671.97    -641.0714 -614.8579 0.7009572
1671.98    -640.938 -614.8509 0.7009269
1671.99    -640.8046 -614.8438 0.7008962
1672    -640.6711 -614.8367 0.7008651
1672.01    -640.5377 -614.8297 0.7008337
1672.02    -640.4044 -614.8226 0.700802
1672.03    -640.271 -614.8155 0.70077
1672.04    -640.1376 -614.8084 0.7007375
1672.05    -640.0043 -614.8013 0.7007049
1672.06    -639.8709 -614.7943 0.7006719
1672.07    -639.7376 -614.7872 0.7006388
1672.08    -639.6043 -614.7801 0.7006059
1672.09    -639.471 -614.7729 0.7005733
1672.1    -639.3378 -614.7658 0.7005411
1672.11    -639.2045 -614.7587 0.7005093
1672.12    -639.0713 -614.7515 0.7004787
1672.13    -638.9381 -614.7444 0.7004494
1672.14    -638.8049 -614.7372 0.7004214
1672.15    -638.6718 -614.7301 0.7003945
1672.16    -638.5386 -614.723 0.7003686
1672.17    -638.4055 -614.7158 0.7003458
1672.18    -638.2723 -614.7087 0.7003257
1672.19    -638.1392 -614.7015 0.7003083
1672.2    -638.0061 -614.6944 0.7002934
1672.21    -637.873 -614.6873 0.7002809
1672.22    -637.7399 -614.6801 0.7002728
1672.23    -637.6069 -614.673 0.7002689
1672.24    -637.4738 -614.6658 0.700269
1672.25    -637.3408 -614.6587 0.7002729
1672.26    -637.2077 -614.6516 0.7002804
1672.27    -637.0747 -614.6445 0.7002932
1672.28    -636.9417 -614.6373 0.7003112
1672.29    -636.8087 -614.6302 0.7003339
1672.3    -636.6757 -614.623 0.7003613
1672.31    -636.5427 -614.6159 0.700393
1672.32    -636.4098 -614.6088 0.7004305
1672.33    -636.2769 -614.6016 0.7004734
1672.34    -636.1439 -614.5945 0.7005215
1672.35    -636.011 -614.5873 0.7005746
1672.36    -635.8781 -614.5802 0.7006325
1672.37    -635.7451 -614.5731 0.7006956
1672.38    -635.6122 -614.5659 0.7007637
1672.39    -635.4792 -614.5588 0.7008365
1672.4    -635.3462 -614.5516 0.7009139
1672.41    -635.2132 -614.5446 0.7009955
1672.42    -635.0802 -614.5374 0.7010813
1672.43    -634.9472 -614.5303 0.7011711
1672.44    -634.8141 -614.5231 0.7012646
1672.45    -634.6811 -614.516 0.7013617
1672.46    -634.548 -614.5089 0.7014622
1672.47    -634.415 -614.5017 0.7015659
1672.48    -634.2819 -614.4946 0.7016726
1672.49    -634.1488 -614.4874 0.7017822
1672.5    -634.0157 -614.4803 0.7018945
1672.51    -633.8826 -614.4731 0.7020095
1672.52    -633.7495 -614.466 0.702127
1672.53    -633.6163 -614.4589 0.7022467
1672.54    -633.4831 -614.4518 0.7023685
1672.55    -633.3499 -614.4446 0.7024925
1672.56    -633.2167 -614.4375 0.7026185
1672.57    -633.0834 -614.4304 0.7027465
1672.58    -632.9502 -614.4232 0.7028759
1672.59    -632.817 -614.4161 0.7030067
1672.6    -632.6837 -614.4089 0.7031389
1672.61    -632.5504 -614.4018 0.7032724
1672.62    -632.4171 -614.3947 0.703407
1672.63    -632.2838 -614.3875 0.7035426
1672.64    -632.1505 -614.3804 0.7036791
1672.65    -632.0172 -614.3733 0.7038166
1672.66    -631.8838 -614.3661 0.703955
1672.67    -631.7504 -614.359 0.704094
1672.68    -631.6171 -614.3519 0.7042336
1672.69    -631.4837 -614.3448 0.704374
1672.7    -631.3503 -614.3377 0.7045147
1672.71    -631.2169 -614.3306 0.7046561
1672.72    -631.0834 -614.3235 0.7047974
1672.73    -630.95 -614.3165 0.7049387
1672.74    -630.8165 -614.3094 0.70508
1672.75    -630.683 -614.3023 0.7052212
1672.76    -630.5495 -614.2952 0.7053625
1672.77    -630.416 -614.2882 0.7055028
1672.78    -630.2825 -614.2811 0.7056422
1672.79    -630.1489 -614.274 0.7057807
1672.8    -630.0153 -614.267 0.7059184
1672.81    -629.8817 -614.2599 0.7060553
1672.82    -629.748 -614.2528 0.7061915
1672.83    -629.6144 -614.2457 0.7063257
1672.84    -629.4807 -614.2386 0.7064578
1672.85    -629.3469 -614.2316 0.7065881
1672.86    -629.2131 -614.2245 0.7067167
1672.87    -629.0793 -614.2174 0.7068424
1672.88    -628.9455 -614.2104 0.7069656
1672.89    -628.8116 -614.2033 0.7070862
1672.9    -628.6777 -614.1963 0.7072045
1672.91    -628.5438 -614.1893 0.7073204
1672.92    -628.4099 -614.1823 0.707433
1672.93    -628.2759 -614.1752 0.7075425
1672.94    -628.1418 -614.1682 0.7076489
1672.95    -628.0078 -614.1612 0.7077524
1672.96    -627.8737 -614.1542 0.7078531
1672.97    -627.7396 -614.1472 0.7079504
1672.98    -627.6055 -614.1401 0.7080441
1672.99    -627.4713 -614.1332 0.7081346
1673    -627.337 -614.1262 0.7082219
1673.01    -627.2028 -614.1191 0.7083063
1673.02    -627.0685 -614.1121 0.708388
1673.03    -626.9341 -614.1051 0.7084654
1673.04    -626.7998 -614.0981 0.708539
1673.05    -626.6654 -614.0911 0.7086088
1673.06    -626.5309 -614.084 0.708675
1673.07    -626.3965 -614.077 0.7087368
1673.08    -626.262 -614.07 0.7087944
1673.09    -626.1275 -614.063 0.7088479
1673.1    -625.9929 -614.056 0.7088975
1673.11    -625.8583 -614.0491 0.7089434
1673.12    -625.7236 -614.0421 0.7089854
1673.13    -625.589 -614.0352 0.7090238
1673.14    -625.4543 -614.0282 0.7090585
1673.15    -625.3195 -614.0212 0.7090899
1673.16    -625.1847 -614.0143 0.7091181
1673.17    -625.0499 -614.0073 0.7091433
1673.18    -624.915 -614.0004 0.7091656
1673.19    -624.7802 -613.9934 0.7091852
1673.2    -624.6452 -613.9865 0.7092022
1673.21    -624.5102 -613.9795 0.7092167
1673.22    -624.3752 -613.9726 0.7092288
1673.23    -624.2401 -613.9656 0.7092388
1673.24    -624.105 -613.9587 0.7092466
1673.25    -623.9699 -613.9517 0.7092525
1673.26    -623.8347 -613.9448 0.7092565
1673.27    -623.6995 -613.9378 0.7092587
1673.28    -623.5643 -613.9308 0.7092592
1673.29    -623.429 -613.9239 0.709258
1673.3    -623.2937 -613.9169 0.7092552
1673.31    -623.1583 -613.91 0.7092509
1673.32    -623.0229 -613.9031 0.7092451
1673.33    -622.8875 -613.8962 0.7092381
1673.34    -622.752 -613.8893 0.7092298
1673.35    -622.6165 -613.8824 0.7092202
1673.36    -622.481 -613.8755 0.7092094
1673.37    -622.3454 -613.8687 0.7091975
1673.38    -622.2098 -613.8618 0.7091845
1673.39    -622.0741 -613.8549 0.7091705
1673.4    -621.9384 -613.848 0.7091554
1673.41    -621.8027 -613.8411 0.7091395
1673.42    -621.6669 -613.8342 0.7091227
1673.43    -621.5311 -613.8273 0.709105
1673.44    -621.3953 -613.8204 0.7090865
1673.45    -621.2593 -613.8134 0.7090673
1673.46    -621.1234 -613.8065 0.7090473
1673.47    -620.9874 -613.7995 0.7090269
1673.48    -620.8513 -613.7925 0.709006
1673.49    -620.7153 -613.7856 0.7089847
1673.5    -620.5792 -613.7786 0.708963
1673.51    -620.443 -613.7717 0.7089408
1673.52    -620.3068 -613.7647 0.7089185
1673.53    -620.1706 -613.7578 0.708896
1673.54    -620.0343 -613.7508 0.7088734
1673.55    -619.898 -613.7438 0.7088505
1673.56    -619.7617 -613.7369 0.7088274
1673.57    -619.6253 -613.7299 0.7088044
1673.58    -619.4889 -613.7229 0.7087813
1673.59    -619.3524 -613.7159 0.7087582
1673.6    -619.2159 -613.709 0.708735
1673.61    -619.0793 -613.702 0.7087117
1673.62    -618.9427 -613.6951 0.7086884
1673.63    -618.806 -613.6881 0.7086653
1673.64    -618.6694 -613.6811 0.7086421
1673.65    -618.5327 -613.6741 0.708619
1673.66    -618.3959 -613.667 0.708596
1673.67    -618.2591 -613.66 0.7085732
1673.68    -618.1223 -613.653 0.7085505
1673.69    -617.9854 -613.6459 0.7085278
1673.7    -617.8484 -613.6389 0.7085053
1673.71    -617.7114 -613.6319 0.708483
1673.72    -617.5744 -613.6249 0.7084609
1673.73    -617.4374 -613.6178 0.708439
1673.74    -617.3003 -613.6107 0.7084174
1673.75    -617.1631 -613.6036 0.708396
1673.76    -617.0259 -613.5966 0.7083747
1673.77    -616.8887 -613.5895 0.708354
1673.78    -616.7515 -613.5824 0.7083336
1673.79    -616.6142 -613.5753 0.7083136
1673.8    -616.4769 -613.5682 0.708294
1673.81    -616.3395 -613.561 0.7082747
1673.82    -616.2021 -613.5539 0.7082561
1673.83    -616.0646 -613.5468 0.7082383
1673.84    -615.9271 -613.5396 0.7082211
1673.85    -615.7896 -613.5324 0.7082045
1673.86    -615.652 -613.5253 0.7081886
1673.87    -615.5145 -613.5181 0.7081735
1673.88    -615.3768 -613.5109 0.7081593
1673.89    -615.2391 -613.5037 0.7081459
1673.9    -615.1014 -613.4965 0.7081333
1673.91    -614.9636 -613.4893 0.7081214
1673.92    -614.8257 -613.4821 0.7081107
1673.93    -614.6879 -613.4749 0.7081012
1673.94    -614.55 -613.4675 0.7080926
1673.95    -614.412 -613.4603 0.7080851
1673.96    -614.274 -613.453 0.7080786
1673.97    -614.136 -613.4457 0.7080737
1673.98    -613.998 -613.4385 0.7080704
1673.99    -613.8599 -613.4312 0.7080685
1674    -613.7217 -613.4238 0.7080683
1674.01    -613.5836 -613.4165 0.7080693
1674.02    -613.4454 -613.4092 0.7080727
1674.03    -613.3071 -613.4019 0.7080783
1674.04    -613.1688 -613.3945 0.7080861
1674.05    -613.0305 -613.3871 0.7080958
1674.06    -612.8921 -613.3797 0.7081075
1674.07    -612.7537 -613.3723 0.7081221
1674.08    -612.6152 -613.3649 0.7081396
1674.09    -612.4767 -613.3575 0.7081597
1674.1    -612.3382 -613.35 0.7081823
1674.11    -612.1996 -613.3426 0.7082072
1674.12    -612.061 -613.3351 0.7082356
1674.13    -611.9223 -613.3276 0.708267
1674.14    -611.7836 -613.3202 0.7083014
1674.15    -611.6449 -613.3127 0.7083387
1674.16    -611.5061 -613.3052 0.7083788
1674.17    -611.3673 -613.2977 0.708422
1674.18    -611.2285 -613.2901 0.7084683
1674.19    -611.0895 -613.2825 0.7085174
1674.2    -610.9506 -613.275 0.7085694
1674.21    -610.8116 -613.2674 0.708624
1674.22    -610.6727 -613.2598 0.7086815
1674.23    -610.5336 -613.2522 0.7087415
1674.24    -610.3945 -613.2446 0.7088041
1674.25    -610.2554 -613.2369 0.7088692
1674.26    -610.1162 -613.2293 0.7089365
1674.27    -609.977 -613.2216 0.709006
1674.28    -609.8378 -613.2139 0.7090777
1674.29    -609.6985 -613.2062 0.7091514
1674.3    -609.5591 -613.1985 0.709227
1674.31    -609.4197 -613.1908 0.7093046
1674.32    -609.2803 -613.1831 0.7093838
1674.33    -609.1409 -613.1754 0.7094648
1674.34    -609.0015 -613.1676 0.7095475
1674.35    -608.8619 -613.1599 0.7096316
1674.36    -608.7224 -613.152 0.7097173
1674.37    -608.5828 -613.1443 0.7098044
1674.38    -608.4431 -613.1365 0.7098929
1674.39    -608.3035 -613.1287 0.7099828
1674.4    -608.1638 -613.1208 0.7100739
1674.41    -608.024 -613.113 0.7101663
1674.42    -607.8842 -613.1052 0.71026
1674.43    -607.7444 -613.0973 0.710355
1674.44    -607.6045 -613.0894 0.7104511
1674.45    -607.4646 -613.0815 0.7105484
1674.46    -607.3246 -613.0737 0.7106469
1674.47    -607.1846 -613.0658 0.7107462
1674.48    -607.0446 -613.0578 0.7108471
1674.49    -606.9045 -613.0499 0.7109494
1674.5    -606.7644 -613.0419 0.7110529
1674.51    -606.6243 -613.034 0.7111576
1674.52    -606.4841 -613.0261 0.711264
1674.53    -606.3439 -613.0181 0.7113718
1674.54    -606.2037 -613.0101 0.711481
1674.55    -606.0634 -613.0021 0.7115917
1674.56    -605.923 -612.9941 0.7117037
1674.57    -605.7826 -612.9861 0.7118168
1674.58    -605.6422 -612.9781 0.7119317
1674.59    -605.5018 -612.97 0.7120481
1674.6    -605.3613 -612.962 0.712166
1674.61    -605.2207 -612.9539 0.7122852
1674.62    -605.0801 -612.9459 0.7124059
1674.63    -604.9395 -612.9378 0.712528
1674.64    -604.7989 -612.9297 0.7126515
1674.65    -604.6582 -612.9216 0.7127764
1674.66    -604.5175 -612.9135 0.7129024
1674.67    -604.3766 -612.9053 0.7130296
1674.68    -604.2358 -612.8972 0.7131579
1674.69    -604.095 -612.8891 0.7132874
1674.7    -603.9541 -612.881 0.7134178
1674.71    -603.8132 -612.8728 0.7135492
1674.72    -603.6722 -612.8646 0.7136815
1674.73    -603.5313 -612.8564 0.7138148
1674.74    -603.3902 -612.8483 0.7139488
1674.75    -603.2491 -612.8401 0.7140837
1674.76    -603.108 -612.8319 0.7142194
1674.77    -602.9669 -612.8237 0.7143558
1674.78    -602.8257 -612.8154 0.7144928
1674.79    -602.6844 -612.8072 0.7146305
1674.8    -602.5432 -612.799 0.7147689
1674.81    -602.4019 -612.7907 0.7149078
1674.82    -602.2605 -612.7825 0.7150473
1674.83    -602.1191 -612.7742 0.7151873
1674.84    -601.9777 -612.766 0.7153279
1674.85    -601.8362 -612.7577 0.7154689
1674.86    -601.6947 -612.7494 0.7156104
1674.87    -601.5532 -612.7411 0.7157524
1674.88    -601.4116 -612.7328 0.7158947
1674.89    -601.27 -612.7245 0.7160375
1674.9    -601.1284 -612.7162 0.7161806
1674.91    -600.9866 -612.7079 0.7163241
1674.92    -600.8449 -612.6995 0.7164677
1674.93    -600.7031 -612.6911 0.7166117
1674.94    -600.5613 -612.6827 0.7167558
1674.95    -600.4195 -612.6744 0.7169001
1674.96    -600.2776 -612.666 0.7170447
1674.97    -600.1357 -612.6577 0.7171893
1674.98    -599.9937 -612.6493 0.7173342
1674.99    -599.8517 -612.6409 0.7174792
1675    -599.7097 -612.6326 0.7176244
1675.01    -599.5676 -612.6241 0.7177696
1675.02    -599.4255 -612.6157 0.7179151
1675.03    -599.2833 -612.6073 0.7180606
1675.04    -599.1411 -612.5989 0.7182063
1675.05    -598.9989 -612.5905 0.7183521
1675.06    -598.8566 -612.582 0.7184979
1675.07    -598.7143 -612.5736 0.7186439
1675.08    -598.572 -612.5652 0.7187899
1675.09    -598.4296 -612.5568 0.7189361
1675.1    -598.2871 -612.5483 0.7190823
1675.11    -598.1447 -612.5397 0.7192286
1675.12    -598.0021 -612.5313 0.7193749
1675.13    -597.8596 -612.5228 0.7195213
1675.14    -597.717 -612.5143 0.7196677
1675.15    -597.5743 -612.5058 0.7198142
1675.16    -597.4316 -612.4973 0.7199608
1675.17    -597.2889 -612.4888 0.7201075
1675.18    -597.1462 -612.4803 0.7202541
1675.19    -597.0034 -612.4719 0.7204008
1675.2    -596.8605 -612.4634 0.7205474
1675.21    -596.7177 -612.4548 0.7206942
1675.22    -596.5748 -612.4463 0.720841
1675.23    -596.4318 -612.4377 0.7209878
1675.24    -596.2888 -612.4292 0.7211346
1675.25    -596.1458 -612.4207 0.7212815
1675.26    -596.0026 -612.4121 0.7214283
1675.27    -595.8595 -612.4036 0.7215753
1675.28    -595.7163 -612.395 0.7217224
1675.29    -595.5731 -612.3865 0.7218695
1675.3    -595.4299 -612.3779 0.7220167
1675.31    -595.2866 -612.3694 0.722164
1675.32    -595.1432 -612.3608 0.7223112
1675.33    -594.9999 -612.3522 0.7224585
1675.34    -594.8564 -612.3436 0.7226056
1675.35    -594.713 -612.335 0.7227528
1675.36    -594.5694 -612.3264 0.7229
1675.37    -594.4258 -612.3178 0.723046
1675.38    -594.2822 -612.3092 0.723191
1675.39    -594.1385 -612.3006 0.723335
1675.4    -593.9949 -612.292 0.7234781
1675.41    -593.8511 -612.2834 0.7236204
1675.42    -593.7073 -612.2748 0.7237597
1675.43    -593.5635 -612.2662 0.7238961
1675.44    -593.4197 -612.2576 0.7240299
1675.45    -593.2758 -612.249 0.7241611
1675.46    -593.1318 -612.2403 0.72429
1675.47    -592.9878 -612.2316 0.7244143
1675.48    -592.8438 -612.223 0.7245342
1675.49    -592.6996 -612.2143 0.7246498
1675.5    -592.5555 -612.2056 0.7247617
1675.51    -592.4113 -612.197 0.7248697
1675.52    -592.267 -612.1883 0.724972
1675.53    -592.1227 -612.1796 0.725069
1675.54    -591.9784 -612.171 0.725161
1675.55    -591.834 -612.1623 0.725248
1675.56    -591.6895 -612.1536 0.7253305
1675.57    -591.545 -612.145 0.7254066
1675.58    -591.4005 -612.1363 0.7254767
1675.59    -591.2559 -612.1276 0.7255409
1675.6    -591.1113 -612.1189 0.7255997
1675.61    -590.9666 -612.1102 0.7256532
1675.62    -590.8219 -612.1014 0.7257005
1675.63    -590.6771 -612.0927 0.7257418
1675.64    -590.5323 -612.084 0.7257775
1675.65    -590.3875 -612.0753 0.7258077
1675.66    -590.2426 -612.0665 0.7258328
1675.67    -590.0976 -612.0578 0.7258517
1675.68    -589.9526 -612.0491 0.7258648
1675.69    -589.8076 -612.0403 0.7258722
1675.7    -589.6625 -612.0316 0.7258742
1675.71    -589.5173 -612.0229 0.7258711
1675.72    -589.3721 -612.0142 0.7258627
1675.73    -589.2269 -612.0054 0.725849
1675.74    -589.0817 -611.9967 0.7258303
1675.75    -588.9363 -611.988 0.725807
1675.76    -588.791 -611.9792 0.7257791
1675.77    -588.6456 -611.9704 0.7257469
1675.78    -588.5001 -611.9616 0.7257107
1675.79    -588.3546 -611.9528 0.7256705
1675.8    -588.209 -611.944 0.7256267
1675.81    -588.0634 -611.9352 0.7255793
1675.82    -587.9178 -611.9265 0.7255285
1675.83    -587.7721 -611.9177 0.7254745
1675.84    -587.6263 -611.9089 0.7254173
1675.85    -587.4805 -611.9001 0.7253572
1675.86    -587.3347 -611.8913 0.7252944
1675.87    -587.1887 -611.8825 0.7252287
1675.88    -587.0428 -611.8737 0.7251606
1675.89    -586.8968 -611.8649 0.72509
1675.9    -586.7507 -611.8561 0.725017
1675.91    -586.6046 -611.8474 0.7249418
1675.92    -586.4585 -611.8386 0.7248644
1675.93    -586.3123 -611.8298 0.724785
1675.94    -586.1661 -611.821 0.7247036
1675.95    -586.0198 -611.8122 0.7246202
1675.96    -585.8734 -611.8034 0.724535
1675.97    -585.7271 -611.7946 0.7244476
1675.98    -585.5806 -611.7858 0.724358
1675.99    -585.4341 -611.777 0.7242663
1676    -585.2876 -611.7682 0.7241726
1676.01    -585.141 -611.7595 0.724077
1676.02    -584.9944 -611.7507 0.7239785
1676.03    -584.8477 -611.7419 0.7238772
1676.04    -584.701 -611.7332 0.7237731
1676.05    -584.5542 -611.7244 0.7236665
1676.06    -584.4074 -611.7156 0.7235575
1676.07    -584.2606 -611.7068 0.723445
1676.08    -584.1136 -611.698 0.7233292
1676.09    -583.9667 -611.6892 0.7232103
1676.1    -583.8197 -611.6804 0.7230883
1676.11    -583.6727 -611.6717 0.7229635
1676.12    -583.5256 -611.6629 0.722836
1676.13    -583.3784 -611.6541 0.7227053
1676.14    -583.2313 -611.6453 0.7225717
1676.15    -583.084 -611.6365 0.7224353
1676.16    -582.9368 -611.6277 0.7222961
1676.17    -582.7895 -611.619 0.7221544
1676.18    -582.6422 -611.6102 0.7220102
1676.19    -582.4948 -611.6014 0.7218636
1676.2    -582.3473 -611.5927 0.7217148
1676.21    -582.1998 -611.5839 0.7215639
1676.22    -582.0522 -611.5752 0.7214108
1676.23    -581.9047 -611.5665 0.7212558
1676.24    -581.757 -611.5577 0.721099
1676.25    -581.6093 -611.549 0.7209403
1676.26    -581.4616 -611.5403 0.7207799
1676.27    -581.3138 -611.5316 0.7206178
1676.28    -581.166 -611.5229 0.7204542
1676.29    -581.0182 -611.5142 0.7202891
1676.3    -580.8703 -611.5054 0.7201226
1676.31    -580.7224 -611.4967 0.7199547
1676.32    -580.5744 -611.488 0.7197855
1676.33    -580.4264 -611.4793 0.719615
1676.34    -580.2783 -611.4706 0.7194433
1676.35    -580.1301 -611.4619 0.7192705
1676.36    -579.9819 -611.4531 0.7190966
1676.37    -579.8337 -611.4445 0.7189216
1676.38    -579.6855 -611.4358 0.7187456
1676.39    -579.5372 -611.4272 0.7185685
1676.4    -579.3888 -611.4185 0.7183905
1676.41    -579.2404 -611.4099 0.7182116
1676.42    -579.092 -611.4012 0.7180318
1676.43    -578.9435 -611.3925 0.717851
1676.44    -578.795 -611.3839 0.7176692
1676.45    -578.6465 -611.3753 0.7174867
1676.46    -578.4979 -611.3667 0.7173033
1676.47    -578.3492 -611.3581 0.7171192
1676.48    -578.2006 -611.3495 0.7169343
1676.49    -578.0518 -611.3409 0.7167486
1676.5    -577.903 -611.3323 0.7165623
1676.51    -577.7542 -611.3238 0.7163755
1676.52    -577.6053 -611.3152 0.7161878
1676.53    -577.4564 -611.3068 0.7159997
1676.54    -577.3074 -611.2982 0.7158109
1676.55    -577.1583 -611.2897 0.7156217
1676.56    -577.0092 -611.2813 0.7154318
1676.57    -576.8601 -611.2728 0.7152415
1676.58    -576.7109 -611.2643 0.7150508
1676.59    -576.5617 -611.256 0.7148599
1676.6    -576.4125 -611.2476 0.7146686
1676.61    -576.2632 -611.2392 0.7144771
1676.62    -576.1138 -611.2308 0.7142856
1676.63    -575.9644 -611.2224 0.7140942
1676.64    -575.815 -611.2141 0.7139027
1676.65    -575.6655 -611.2057 0.7137112
1676.66    -575.516 -611.1975 0.7135198
1676.67    -575.3664 -611.1892 0.7133284
1676.68    -575.2168 -611.181 0.7131376
1676.69    -575.0671 -611.1727 0.7129474
1676.7    -574.9174 -611.1645 0.7127579
1676.71    -574.7676 -611.1563 0.7125689
1676.72    -574.6178 -611.1481 0.7123805
1676.73    -574.468 -611.1399 0.712193
1676.74    -574.3181 -611.1318 0.7120065
1676.75    -574.1681 -611.1236 0.7118208
1676.76    -574.0181 -611.1155 0.711636
1676.77    -573.868 -611.1074 0.7114522
1676.78    -573.718 -611.0994 0.7112696
1676.79    -573.5678 -611.0913 0.7110878
1676.8    -573.4176 -611.0833 0.7109069
1676.81    -573.2674 -611.0753 0.710727
1676.82    -573.1171 -611.0674 0.7105478
1676.83    -572.9668 -611.0594 0.7103701
1676.84    -572.8165 -611.0515 0.7101935
1676.85    -572.666 -611.0436 0.7100181
1676.86    -572.5156 -611.0357 0.7098439
1676.87    -572.3651 -611.0279 0.7096711
1676.88    -572.2146 -611.02 0.7094999
1676.89    -572.064 -611.0123 0.7093298
1676.9    -571.9134 -611.0045 0.7091612
1676.91    -571.7627 -610.9968 0.7089936
1676.92    -571.612 -610.989 0.7088279
1676.93    -571.4612 -610.9813 0.7086638
1676.94    -571.3104 -610.9737 0.7085013
1676.95    -571.1595 -610.966 0.7083402
1676.96    -571.0086 -610.9584 0.7081805
1676.97    -570.8577 -610.9508 0.7080231
1676.98    -570.7067 -610.9433 0.7078677
1676.99    -570.5556 -610.9357 0.7077143
1677    -570.4045 -610.9283 0.7075627
1677.01    -570.2534 -610.9208 0.7074129
1677.02    -570.1022 -610.9134 0.7072654
1677.03    -569.9509 -610.906 0.7071198
1677.04    -569.7997 -610.8986 0.7069764
1677.05    -569.6484 -610.8913 0.7068348
1677.06    -569.497 -610.8839 0.7066951
1677.07    -569.3456 -610.8766 0.7065573
1677.08    -569.1942 -610.8694 0.7064215
1677.09    -569.0427 -610.8621 0.7062875
1677.1    -568.8912 -610.8549 0.7061553
1677.11    -568.7396 -610.8477 0.7060246
1677.12    -568.588 -610.8406 0.7058955
1677.13    -568.4363 -610.8335 0.705768
1677.14    -568.2845 -610.8265 0.705642
1677.15    -568.1328 -610.8195 0.7055174
1677.16    -567.9809 -610.8124 0.7053941
1677.17    -567.829 -610.8055 0.7052721
1677.18    -567.6771 -610.7985 0.7051515
1677.19    -567.5251 -610.7916 0.7050321
1677.2    -567.3731 -610.7848 0.7049139
1677.21    -567.2211 -610.7779 0.7047968
1677.22    -567.069 -610.7711 0.7046814
1677.23    -566.9167 -610.7643 0.7045674
1677.24    -566.7646 -610.7576 0.704455
1677.25    -566.6124 -610.751 0.704344
1677.26    -566.4601 -610.7443 0.7042342
1677.27    -566.3078 -610.7377 0.7041267
1677.28    -566.1555 -610.7311 0.7040214
1677.29    -566.0031 -610.7245 0.7039181
1677.3    -565.8506 -610.7181 0.7038167
1677.31    -565.6981 -610.7116 0.7037172
1677.32    -565.5455 -610.7051 0.7036208
1677.33    -565.3929 -610.6988 0.7035272
1677.34    -565.2403 -610.6924 0.7034366
1677.35    -565.0876 -610.6861 0.7033485
1677.36    -564.9349 -610.6798 0.703263
1677.37    -564.7821 -610.6736 0.7031811
1677.38    -564.6293 -610.6674 0.7031028
1677.39    -564.4764 -610.6612 0.7030279
1677.4    -564.3235 -610.6551 0.7029561
1677.41    -564.1706 -610.6489 0.7028875
1677.42    -564.0176 -610.6429 0.7028227
1677.43    -563.8646 -610.6369 0.7027619
1677.44    -563.7115 -610.6309 0.7027047
1677.45    -563.5584 -610.6249 0.7026508
1677.46    -563.4052 -610.6191 0.7026004
1677.47    -563.252 -610.6132 0.7025543
1677.48    -563.0988 -610.6074 0.7025125
1677.49    -562.9454 -610.6016 0.7024747
1677.5    -562.7921 -610.5958 0.7024407
1677.51    -562.6387 -610.5901 0.7024104
1677.52    -562.4854 -610.5845 0.7023849
1677.53    -562.3319 -610.5789 0.7023641
1677.54    -562.1784 -610.5733 0.7023476
1677.55    -562.0248 -610.5678 0.7023354
1677.56    -561.8713 -610.5623 0.7023271
1677.57    -561.7177 -610.5568 0.7023234
1677.58    -561.5641 -610.5515 0.702324
1677.59    -561.4104 -610.5461 0.7023287
1677.6    -561.2567 -610.5407 0.7023374
1677.61    -561.103 -610.5355 0.7023499
1677.62    -560.9492 -610.5302 0.702366
1677.63    -560.7955 -610.525 0.7023855
1677.64    -560.6417 -610.5198 0.7024083
1677.65    -560.4879 -610.5146 0.7024343
1677.66    -560.334 -610.5095 0.7024632
1677.67    -560.1802 -610.5045 0.702495
1677.68    -560.0264 -610.4995 0.7025293
1677.69    -559.8726 -610.4944 0.7025658
1677.7    -559.7188 -610.4895 0.7026045
1677.71    -559.5651 -610.4846 0.7026455
1677.72    -559.4113 -610.4797 0.7026884
1677.73    -559.2576 -610.4749 0.7027333
1677.74    -559.1039 -610.4701 0.7027799
1677.75    -558.9502 -610.4654 0.7028283
1677.76    -558.7965 -610.4606 0.7028785
1677.77    -558.6429 -610.456 0.7029301
1677.78    -558.4893 -610.4514 0.7029833
1677.79    -558.3356 -610.4467 0.703038
1677.8    -558.182 -610.4422 0.7030941
1677.81    -558.0284 -610.4376 0.7031515
1677.82    -557.8748 -610.4332 0.70321
1677.83    -557.7213 -610.4287 0.7032698
1677.84    -557.5677 -610.4243 0.7033309
1677.85    -557.4141 -610.4199 0.7033929
1677.86    -557.2606 -610.4156 0.7034561
1677.87    -557.1071 -610.4113 0.7035202
1677.88    -556.9536 -610.407 0.7035853
1677.89    -556.8 -610.4028 0.7036511
1677.9    -556.6466 -610.3986 0.7037179
1677.91    -556.4932 -610.3944 0.7037855
1677.92    -556.3397 -610.3903 0.7038537
1677.93    -556.1863 -610.3862 0.7039225
1677.94    -556.033 -610.3822 0.7039918
1677.95    -555.8796 -610.3782 0.7040616
1677.96    -555.7262 -610.3742 0.704132
1677.97    -555.5729 -610.3702 0.7042025
1677.98    -555.4196 -610.3663 0.7042734
1677.99    -555.2662 -610.3624 0.7043446
1678    -555.1129 -610.3586 0.7044159
1678.01    -554.9596 -610.3548 0.7044876
1678.02    -554.8063 -610.351 0.7045589
1678.03    -554.6531 -610.3473 0.70463
1678.04    -554.4998 -610.3436 0.7047008
1678.05    -554.3466 -610.3399 0.7047714
1678.06    -554.1934 -610.3362 0.7048419
1678.07    -554.0402 -610.3326 0.704911
1678.08    -553.8873 -610.329 0.7049792
1678.09    -553.7348 -610.3254 0.7050462
1678.1    -553.5826 -610.3219 0.7051123
1678.11    -553.4307 -610.3184 0.7051773
1678.12    -553.2791 -610.3149 0.7052403
1678.13    -553.1279 -610.3115 0.7053012
1678.14    -552.9769 -610.308 0.7053602
1678.15    -552.8263 -610.3047 0.7054173
1678.16    -552.676 -610.3013 0.7054726
1678.17    -552.526 -610.298 0.7055264
1678.18    -552.3763 -610.2947 0.7055771
1678.19    -552.227 -610.2914 0.7056251
1678.2    -552.078 -610.2882 0.7056704
1678.21    -551.9293 -610.285 0.7057132
1678.22    -551.7809 -610.2818 0.7057526
1678.23    -551.6329 -610.2786 0.7057887
1678.24    -551.4852 -610.2756 0.7058219
1678.25    -551.3378 -610.2725 0.705852
1678.26    -551.1907 -610.2693 0.7058793
1678.27    -551.0439 -610.2663 0.7059031
1678.28    -550.8975 -610.2632 0.7059235
1678.29    -550.7514 -610.2603 0.7059407
1678.3    -550.6056 -610.2573 0.7059549
1678.31    -550.4601 -610.2544 0.7059661
1678.32    -550.3149 -610.2515 0.7059738
1678.33    -550.1701 -610.2485 0.7059781
1678.34    -550.0256 -610.2457 0.7059792
1678.35    -549.8813 -610.2428 0.7059773
1678.36    -549.7374 -610.24 0.7059724
1678.37    -549.5939 -610.2372 0.705964
1678.38    -549.4506 -610.2344 0.7059522
1678.39    -549.3077 -610.2317 0.7059371
1678.4    -549.165 -610.2289 0.7059189
1678.41    -549.0227 -610.2262 0.7058978
1678.42    -548.8807 -610.2235 0.7058732
1678.43    -548.7391 -610.2208 0.7058451
1678.44    -548.5977 -610.2181 0.7058137
1678.45    -548.4567 -610.2155 0.7057793
1678.46    -548.316 -610.213 0.7057419
1678.47    -548.1757 -610.2103 0.7057012
1678.48    -548.0356 -610.2078 0.7056571
1678.49    -547.8959 -610.2052 0.70561
1678.5    -547.7565 -610.2026 0.7055599
1678.51    -547.6174 -610.2001 0.705507
1678.52    -547.4786 -610.1976 0.705451
1678.53    -547.3402 -610.1951 0.7053921
1678.54    -547.2021 -610.1926 0.7053303
1678.55    -547.0643 -610.1902 0.7052658
1678.56    -546.9268 -610.1877 0.7051986
1678.57    -546.7896 -610.1854 0.705129
1678.58    -546.6528 -610.183 0.7050569
1678.59    -546.5162 -610.1806 0.7049826
1678.6    -546.38 -610.1782 0.704906
1678.61    -546.2441 -610.1758 0.7048274
1678.62    -546.1085 -610.1735 0.7047467
1678.63    -545.9733 -610.1712 0.7046642
1678.64    -545.8383 -610.1689 0.7045797
1678.65    -545.7037 -610.1666 0.7044935
1678.66    -545.5694 -610.1642 0.7044057
1678.67    -545.4354 -610.162 0.7043163
1678.68    -545.3018 -610.1597 0.7042253
1678.69    -545.1685 -610.1575 0.7041328
1678.7    -545.0355 -610.1552 0.704039
1678.71    -544.9028 -610.1531 0.7039437
1678.72    -544.7704 -610.1509 0.7038472
1678.73    -544.6384 -610.1487 0.7037495
1678.74    -544.5067 -610.1465 0.7036507
1678.75    -544.3757 -610.1443 0.7035507
1678.76    -544.2448 -610.1422 0.7034497
1678.77    -544.114 -610.1401 0.7033476
1678.78    -543.9831 -610.1379 0.7032445
1678.79    -543.8522 -610.1358 0.7031406
1678.8    -543.7214 -610.1337 0.7030358
1678.81    -543.5905 -610.1315 0.70293
1678.82    -543.4597 -610.1294 0.7028235
1678.83    -543.3289 -610.1273 0.7027164
1678.84    -543.1981 -610.1252 0.7026085
1678.85    -543.0673 -610.1231 0.7025002
1678.86    -542.9365 -610.121 0.7023911
1678.87    -542.8057 -610.119 0.7022818
1678.88    -542.675 -610.1169 0.7021718
1678.89    -542.5443 -610.1149 0.7020616
1678.9    -542.4136 -610.1128 0.7019508
1678.91    -542.2829 -610.1107 0.7018398
1678.92    -542.1522 -610.1086 0.7017283
1678.93    -542.0215 -610.1066 0.7016169
1678.94    -541.8909 -610.1045 0.7015055
1678.95    -541.7603 -610.1025 0.7013941
1678.96    -541.6297 -610.1005 0.7012826
1678.97    -541.4991 -610.0984 0.7011716
1678.98    -541.3686 -610.0964 0.701061
1678.99    -541.238 -610.0944 0.7009506
1679    -541.1075 -610.0924 0.7008405
1679.01    -540.9769 -610.0904 0.7007307
1679.02    -540.8464 -610.0884 0.7006217
1679.03    -540.7159 -610.0864 0.7005134
1679.04    -540.5854 -610.0844 0.7004058
1679.05    -540.4548 -610.0823 0.7002989
1679.06    -540.3243 -610.0803 0.7001927
1679.07    -540.1937 -610.0784 0.7000876
1679.08    -540.0632 -610.0764 0.6999839
1679.09    -539.9326 -610.0744 0.6998812
1679.1    -539.8019 -610.0724 0.6997796
1679.11    -539.6712 -610.0705 0.6996791
1679.12    -539.5405 -610.0685 0.6995796
1679.13    -539.4097 -610.0666 0.6994821
1679.14    -539.2789 -610.0646 0.6993868
1679.15    -539.1481 -610.0627 0.6992933
1679.16    -539.0172 -610.0607 0.6992016
1679.17    -538.8864 -610.0588 0.6991126
1679.18    -538.7554 -610.0568 0.699026
1679.19    -538.6245 -610.0549 0.6989418
1679.2    -538.4934 -610.0529 0.6988597
1679.21    -538.3624 -610.051 0.6987797
1679.22    -538.2313 -610.049 0.6987025
1679.23    -538.1002 -610.0471 0.698628
1679.24    -537.969 -610.0451 0.6985559
1679.25    -537.8378 -610.0432 0.6984862
1679.26    -537.7065 -610.0412 0.6984187
1679.27    -537.5752 -610.0392 0.6983542
1679.28    -537.4438 -610.0373 0.6982924
1679.29    -537.3124 -610.0353 0.6982331
1679.3    -537.181 -610.0334 0.6981763
1679.31    -537.0496 -610.0314 0.6981219
1679.32    -536.9181 -610.0295 0.6980703
1679.33    -536.7866 -610.0275 0.6980216
1679.34    -536.655 -610.0257 0.6979754
1679.35    -536.5233 -610.0238 0.6979318
1679.36    -536.3916 -610.0219 0.6978905
1679.37    -536.2599 -610.02 0.6978521
1679.38    -536.1281 -610.0181 0.6978166
1679.39    -535.9963 -610.0162 0.6977836
1679.4    -535.8644 -610.0143 0.6977534
1679.41    -535.7325 -610.0125 0.6977254
1679.42    -535.6006 -610.0106 0.6977007
1679.43    -535.4686 -610.0087 0.6976789
1679.44    -535.3366 -610.0068 0.6976601
1679.45    -535.2045 -610.0049 0.6976439
1679.46    -535.0724 -610.003 0.6976305
1679.47    -534.9402 -610.0011 0.6976209
1679.48    -534.808 -609.9992 0.6976151
1679.49    -534.6758 -609.9973 0.6976129
1679.5    -534.5435 -609.9954 0.6976141
1679.51    -534.4111 -609.9935 0.6976186
1679.52    -534.2786 -609.9916 0.6976276
1679.53    -534.1461 -609.9897 0.697641
1679.54    -534.0136 -609.9879 0.6976584
1679.55    -533.881 -609.9859 0.6976797
1679.56    -533.7484 -609.9839 0.6977047
1679.57    -533.6157 -609.982 0.6977344
1679.58    -533.483 -609.98 0.6977683
1679.59    -533.3502 -609.978 0.6978064
1679.6    -533.2173 -609.9761 0.6978483
1679.61    -533.0844 -609.9741 0.697894
1679.62    -532.9514 -609.9722 0.6979434
1679.63    -532.8184 -609.9702 0.6979963
1679.64    -532.6853 -609.9683 0.6980526
1679.65    -532.5522 -609.9663 0.6981122
1679.66    -532.4189 -609.9644 0.6981751
1679.67    -532.2857 -609.9624 0.6982409
1679.68    -532.1524 -609.9604 0.6983095
1679.69    -532.019 -609.9585 0.6983808
1679.7    -531.8856 -609.9565 0.6984548
1679.71    -531.7521 -609.9546 0.6985313
1679.72    -531.6186 -609.9526 0.6986101
1679.73    -531.485 -609.9507 0.6986912
1679.74    -531.3513 -609.9487 0.6987745
1679.75    -531.2176 -609.9468 0.6988598
1679.76    -531.0838 -609.9448 0.6989471
1679.77    -530.95 -609.9428 0.6990363
1679.78    -530.8161 -609.9409 0.6991271
1679.79    -530.6822 -609.9389 0.6992195
1679.8    -530.5482 -609.937 0.6993135
1679.81    -530.4141 -609.935 0.6994088
1679.82    -530.28 -609.933 0.6995054
1679.83    -530.1458 -609.931 0.6996029
1679.84    -530.0116 -609.929 0.6997015
1679.85    -529.8773 -609.9269 0.6998011
1679.86    -529.743 -609.9249 0.6999016
1679.87    -529.6086 -609.9229 0.7000027
1679.88    -529.4741 -609.9208 0.7001041
1679.89    -529.3396 -609.9188 0.7002061
1679.9    -529.205 -609.9168 0.7003085
1679.91    -529.0704 -609.9148 0.7004113
1679.92    -528.9357 -609.9128 0.7005146
1679.93    -528.8009 -609.9108 0.7006176
1679.94    -528.6661 -609.9088 0.7007204
1679.95    -528.5312 -609.9067 0.7008229
1679.96    -528.3962 -609.9047 0.7009253
1679.97    -528.2613 -609.9026 0.7010267
1679.98    -528.1263 -609.9006 0.7011273
1679.99    -527.9911 -609.8985 0.7012271
1680    -527.856 -609.8964 0.701326
1680.01    -527.7207 -609.8943 0.7014241
1680.02    -527.5854 -609.8922 0.7015206
1680.03    -527.4501 -609.8901 0.7016154
1680.04    -527.3148 -609.8881 0.7017086
1680.05    -527.1793 -609.886 0.7018003
1680.06    -527.0438 -609.8839 0.7018906
1680.07    -526.9083 -609.8818 0.7019787
1680.08    -526.7726 -609.8797 0.7020646
1680.09    -526.637 -609.8776 0.7021484
1680.1    -526.5012 -609.8754 0.7022302
1680.11    -526.3654 -609.8732 0.7023101
1680.12    -526.2296 -609.8711 0.7023875
1680.13    -526.0936 -609.869 0.7024623
1680.14    -525.9576 -609.8668 0.7025347
1680.15    -525.8216 -609.8647 0.7026048
1680.16    -525.6855 -609.8625 0.7026728
1680.17    -525.5493 -609.8603 0.7027386
1680.18    -525.4131 -609.858 0.7028015
1680.19    -525.2769 -609.8558 0.7028617
1680.2    -525.1406 -609.8536 0.7029192
1680.21    -525.0043 -609.8514 0.7029743
1680.22    -524.8679 -609.8492 0.7030264
1680.23    -524.7314 -609.847 0.7030756
1680.24    -524.5948 -609.8447 0.7031221
1680.25    -524.4583 -609.8424 0.7031662
1680.26    -524.3216 -609.8401 0.7032077
1680.27    -524.1849 -609.8379 0.7032462
1680.28    -524.0481 -609.8356 0.7032816
1680.29    -523.9113 -609.8333 0.7033143
1680.3    -523.7744 -609.8309 0.7033443
1680.31    -523.6374 -609.8286 0.7033716
1680.32    -523.5004 -609.8263 0.703396
1680.33    -523.3634 -609.824 0.7034173
1680.34    -523.2263 -609.8216 0.7034358
1680.35    -523.0892 -609.8192 0.7034518
1680.36    -522.952 -609.8168 0.703465
1680.37    -522.8147 -609.8145 0.7034752
1680.38    -522.6774 -609.812 0.7034825
1680.39    -522.54 -609.8096 0.7034869
1680.4    -522.4025 -609.8073 0.7034887
1680.41    -522.265 -609.8048 0.7034879
1680.42    -522.1274 -609.8023 0.703484
1680.43    -521.9898 -609.7999 0.7034773
1680.44    -521.8521 -609.7974 0.7034678
1680.45    -521.7144 -609.795 0.7034558
1680.46    -521.5765 -609.7925 0.7034413
1680.47    -521.4387 -609.7899 0.7034242
1680.48    -521.3008 -609.7874 0.7034045
1680.49    -521.1629 -609.7849 0.7033824
1680.5    -521.0249 -609.7824 0.7033581
1680.51    -520.8868 -609.7798 0.7033316
1680.52    -520.7487 -609.7772 0.703303
1680.53    -520.6105 -609.7747 0.7032723
1680.54    -520.4723 -609.772 0.7032397
1680.55    -520.334 -609.7694 0.7032053
1680.56    -520.1956 -609.7668 0.7031692
1680.57    -520.0573 -609.7642 0.7031314
1680.58    -519.9188 -609.7615 0.7030919
1680.59    -519.7803 -609.7589 0.703051
1680.6    -519.6418 -609.7562 0.7030086
1680.61    -519.5032 -609.7535 0.7029648
1680.62    -519.3645 -609.7507 0.7029197
1680.63    -519.2258 -609.748 0.7028733
1680.64    -519.087 -609.7453 0.7028257
1680.65    -518.9481 -609.7426 0.7027769
1680.66    -518.8092 -609.7397 0.7027271
1680.67    -518.6702 -609.737 0.7026761
1680.68    -518.5313 -609.7342 0.7026241
1680.69    -518.3922 -609.7314 0.7025712
1680.7    -518.2531 -609.7285 0.7025173
1680.71    -518.114 -609.7257 0.7024626
1680.72    -517.9747 -609.7228 0.702407
1680.73    -517.8354 -609.7199 0.7023506
1680.74    -517.6961 -609.717 0.7022935
1680.75    -517.5567 -609.7142 0.7022355
1680.76    -517.4172 -609.7112 0.7021769
1680.77    -517.2777 -609.7083 0.7021176
1680.78    -517.1382 -609.7053 0.7020576
1680.79    -516.9986 -609.7024 0.7019971
1680.8    -516.8589 -609.6995 0.7019359
1680.81    -516.7192 -609.6964 0.7018742
1680.82    -516.5794 -609.6934 0.701812
1680.83    -516.4396 -609.6904 0.7017492
1680.84    -516.2997 -609.6874 0.7016859
1680.85    -516.1597 -609.6843 0.7016222
1680.86    -516.0197 -609.6813 0.701558
1680.87    -515.8797 -609.6782 0.7014935
1680.88    -515.7396 -609.6752 0.7014286
1680.89    -515.5995 -609.672 0.7013634
1680.9    -515.4593 -609.6689 0.7012978
1680.91    -515.319 -609.6658 0.7012321
1680.92    -515.1787 -609.6626 0.7011661
1680.93    -515.0383 -609.6594 0.7010999
1680.94    -514.8979 -609.6562 0.7010336
1680.95    -514.7574 -609.653 0.700967
1680.96    -514.6168 -609.6498 0.7009004
1680.97    -514.4762 -609.6465 0.7008336
1680.98    -514.3356 -609.6432 0.7007669
1680.99    -514.1949 -609.64 0.7007002
1681    -514.0541 -609.6367 0.7006335
1681.01    -513.9133 -609.6334 0.7005669
1681.02    -513.7725 -609.6301 0.7005007
1681.03    -513.6315 -609.6268 0.7004347
1681.04    -513.4905 -609.6234 0.7003691
1681.05    -513.3495 -609.62 0.7003037
1681.06    -513.2084 -609.6166 0.7002386
1681.07    -513.0673 -609.6133 0.7001743
1681.08    -512.9261 -609.6099 0.7001106
1681.09    -512.7849 -609.6064 0.7000476
1681.1    -512.6436 -609.603 0.6999851
1681.11    -512.5022 -609.5995 0.6999233
1681.12    -512.3608 -609.5961 0.6998627
1681.13    -512.2193 -609.5925 0.6998034
1681.14    -512.0778 -609.5891 0.6997453
1681.15    -511.9362 -609.5856 0.6996882
1681.16    -511.7946 -609.582 0.6996322
1681.17    -511.6529 -609.5784 0.6995781
1681.18    -511.5112 -609.5749 0.6995259
1681.19    -511.3694 -609.5713 0.6994755
1681.2    -511.2275 -609.5677 0.6994268
1681.21    -511.0856 -609.564 0.6993797
1681.22    -510.9437 -609.5604 0.6993349
1681.23    -510.8017 -609.5568 0.6992922
1681.24    -510.6596 -609.5531 0.6992517
1681.25    -510.5175 -609.5494 0.6992131
1681.26    -510.3753 -609.5457 0.6991764
1681.27    -510.2331 -609.542 0.6991427
1681.28    -510.0909 -609.5383 0.6991116
1681.29    -509.9485 -609.5345 0.6990832
1681.3    -509.8061 -609.5308 0.6990573
1681.31    -509.6637 -609.527 0.6990337
1681.32    -509.5212 -609.5232 0.6990138
1681.33    -509.3786 -609.5194 0.6989976
1681.34    -509.2361 -609.5156 0.6989846
1681.35    -509.0934 -609.5117 0.6989748
1681.36    -508.9507 -609.5079 0.6989681
1681.37    -508.808 -609.504 0.6989658
1681.38    -508.6652 -609.5001 0.6989678
1681.39    -508.5224 -609.4962 0.6989738
1681.4    -508.3795 -609.4923 0.6989836
1681.41    -508.2365 -609.4884 0.698997
1681.42    -508.0936 -609.4844 0.6990151
1681.43    -507.9506 -609.4805 0.6990379
1681.44    -507.8075 -609.4765 0.699065
1681.45    -507.6644 -609.4725 0.6990961
1681.46    -507.5212 -609.4686 0.6991312
1681.47    -507.378 -609.4645 0.699171
1681.48    -507.2347 -609.4604 0.6992154
1681.49    -507.0914 -609.4564 0.699264
1681.5    -506.9481 -609.4524 0.6993167
1681.51    -506.8047 -609.4482 0.6993733
1681.52    -506.6613 -609.4442 0.6994345
1681.53    -506.5178 -609.4401 0.6994999
1681.54    -506.3742 -609.436 0.6995695
1681.55    -506.2307 -609.4318 0.699643
1681.56    -506.087 -609.4276 0.6997201
1681.57    -505.9433 -609.4235 0.6998013
1681.58    -505.7996 -609.4193 0.6998862
1681.59    -505.6559 -609.4151 0.6999748
1681.6    -505.512 -609.4108 0.7000667
1681.61    -505.3681 -609.4066 0.7001621
1681.62    -505.2242 -609.4024 0.7002608
1681.63    -505.0803 -609.3981 0.7003627
1681.64    -504.9363 -609.3939 0.700468
1681.65    -504.7922 -609.3895 0.7005762
1681.66    -504.6481 -609.3853 0.7006872
1681.67    -504.504 -609.3809 0.7008015
1681.68    -504.3598 -609.3766 0.7009188
1681.69    -504.2156 -609.3723 0.7010389
1681.7    -504.0713 -609.3679 0.7011617
1681.71    -503.9269 -609.3635 0.7012871
1681.72    -503.7826 -609.3591 0.7014153
1681.73    -503.6382 -609.3547 0.7015461
1681.74    -503.4937 -609.3503 0.7016793
1681.75    -503.3492 -609.3458 0.7018148
1681.76    -503.2047 -609.3413 0.7019526
1681.77    -503.0601 -609.3369 0.7020928
1681.78    -502.9154 -609.3324 0.7022352
1681.79    -502.7707 -609.3279 0.7023797
1681.8    -502.626 -609.3234 0.7025263
1681.81    -502.4812 -609.3188 0.7026747
1681.82    -502.3364 -609.3143 0.7028251
1681.83    -502.1915 -609.3098 0.7029774
1681.84    -502.0466 -609.3053 0.7031314
1681.85    -501.9016 -609.3008 0.7032872
1681.86    -501.7566 -609.2962 0.7034445
1681.87    -501.6116 -609.2916 0.7036035
1681.88    -501.4665 -609.287 0.7037641
1681.89    -501.3214 -609.2824 0.7039262
1681.9    -501.1762 -609.2778 0.7040898
1681.91    -501.031 -609.2733 0.7042546
1681.92    -500.8858 -609.2687 0.7044208
1681.93    -500.7405 -609.2641 0.7045882
1681.94    -500.5952 -609.2595 0.7047569
1681.95    -500.4498 -609.2548 0.7049266
1681.96    -500.3044 -609.2502 0.7050974
1681.97    -500.159 -609.2455 0.7052692
1681.98    -500.0135 -609.2409 0.705442
1681.99    -499.868 -609.2363 0.7056156
1682    -499.7224 -609.2316 0.7057902
1682.01    -499.5768 -609.227 0.7059655
1682.02    -499.4311 -609.2224 0.7061417
1682.03    -499.2854 -609.2177 0.7063185
1682.04    -499.1397 -609.213 0.7064959
1682.05    -498.9939 -609.2083 0.7066741
1682.06    -498.8481 -609.2036 0.7068529
1682.07    -498.7022 -609.1989 0.7070321
1682.08    -498.5563 -609.1942 0.7072119
1682.09    -498.4104 -609.1895 0.7073921
1682.1    -498.2644 -609.1848 0.7075728
1682.11    -498.1184 -609.1801 0.7077538
1682.12    -497.9723 -609.1755 0.7079352
1682.13    -497.8262 -609.1708 0.7081169
1682.14    -497.6801 -609.1661 0.7082989
1682.15    -497.5339 -609.1614 0.7084811
1682.16    -497.3877 -609.1567 0.7086636
1682.17    -497.2414 -609.152 0.7088456
1682.18    -497.0951 -609.1473 0.7090271
1682.19    -496.9488 -609.1426 0.7092082
1682.2    -496.8024 -609.1379 0.7093889
1682.21    -496.6559 -609.1332 0.7095692
1682.22    -496.5095 -609.1285 0.7097481
1682.23    -496.3629 -609.1238 0.7099257
1682.24    -496.2164 -609.1191 0.710102
1682.25    -496.0698 -609.1143 0.7102771
1682.26    -495.9232 -609.1096 0.7104512
1682.27    -495.7765 -609.1048 0.7106231
1682.28    -495.6298 -609.1 0.7107928
1682.29    -495.483 -609.0953 0.7109607
1682.3    -495.3362 -609.0905 0.7111265
1682.31    -495.1894 -609.0858 0.7112906
1682.32    -495.0425 -609.0811 0.7114516
1682.33    -494.8956 -609.0764 0.7116098
1682.34    -494.7486 -609.0717 0.7117653
1682.35    -494.6016 -609.067 0.7119182
1682.36    -494.4545 -609.0623 0.7120686
1682.37    -494.3074 -609.0576 0.712215
1682.38    -494.1603 -609.0529 0.7123578
1682.39    -494.0132 -609.0482 0.7124969
1682.4    -493.8659 -609.0435 0.7126328
1682.41    -493.7187 -609.0388 0.7127655
1682.42    -493.5714 -609.0342 0.7128935
1682.43    -493.424 -609.0295 0.7130171
1682.44    -493.2767 -609.0248 0.7131366
1682.45    -493.1292 -609.0201 0.713252
1682.46    -492.9818 -609.0154 0.7133638
1682.47    -492.8343 -609.0107 0.7134705
1682.48    -492.6868 -609.006 0.7135726
1682.49    -492.5392 -609.0013 0.7136703
1682.5    -492.3916 -608.9966 0.7137637
1682.51    -492.2439 -608.9919 0.7138531
1682.52    -492.0962 -608.9872 0.713937
1682.53    -491.9485 -608.9825 0.7140158
1682.54    -491.8007 -608.9778 0.7140896
1682.55    -491.6529 -608.9731 0.7141587
1682.56    -491.505 -608.9684 0.7142233
1682.57    -491.3571 -608.9637 0.7142817
1682.58    -491.2092 -608.9591 0.7143343
1682.59    -491.0612 -608.9544 0.7143815
1682.6    -490.9132 -608.9498 0.7144232
1682.61    -490.7652 -608.9451 0.71446
1682.62    -490.6171 -608.9405 0.7144903
1682.63    -490.469 -608.9359 0.7145144
1682.64    -490.3208 -608.9312 0.7145326
1682.65    -490.1725 -608.9266 0.714545
1682.66    -490.0243 -608.922 0.7145522
1682.67    -489.8759 -608.9174 0.7145543
1682.68    -489.7276 -608.9127 0.7145494
1682.69    -489.5792 -608.9081 0.7145381
1682.7    -489.4308 -608.9034 0.7145206
1682.71    -489.2823 -608.8988 0.7144972
1682.72    -489.1338 -608.8942 0.7144681
1682.73    -488.9853 -608.8896 0.7144327
1682.74    -488.8367 -608.8851 0.7143912
1682.75    -488.688 -608.8805 0.714344
1682.76    -488.5394 -608.8759 0.7142912
1682.77    -488.3907 -608.8714 0.7142328
1682.78    -488.2419 -608.8668 0.7141691
1682.79    -488.0932 -608.8623 0.7141002
1682.8    -487.9443 -608.8578 0.7140265
1682.81    -487.7955 -608.8533 0.7139482
1682.82    -487.6466 -608.8488 0.7138653
1682.83    -487.4977 -608.8443 0.7137782
1682.84    -487.3487 -608.8398 0.7136869
1682.85    -487.1996 -608.8354 0.7135919
1682.86    -487.0505 -608.831 0.7134931
1682.87    -486.9014 -608.8265 0.7133906
1682.88    -486.7523 -608.8221 0.713285
1682.89    -486.6031 -608.8176 0.7131761
1682.9    -486.4538 -608.8132 0.7130641
1682.91    -486.3045 -608.8089 0.7129492
1682.92    -486.1552 -608.8045 0.7128315
1682.93    -486.0059 -608.8001 0.7127113
1682.94    -485.8565 -608.7957 0.712589
1682.95    -485.707 -608.7914 0.7124643
1682.96    -485.5576 -608.7871 0.7123375
1682.97    -485.4081 -608.7828 0.7122093
1682.98    -485.2585 -608.7784 0.7120798
1682.99    -485.1089 -608.7742 0.711949
1683    -484.9593 -608.7699 0.711817
1683.01    -484.8096 -608.7656 0.7116837
1683.02    -484.6599 -608.7614 0.7115494
1683.03    -484.5101 -608.7571 0.7114154
1683.04    -484.3604 -608.7529 0.7112814
1683.05    -484.2105 -608.7487 0.7111478
1683.06    -484.0606 -608.7445 0.7110143
1683.07    -483.9107 -608.7403 0.7108817
1683.08    -483.7608 -608.7361 0.7107497
1683.09    -483.6108 -608.7319 0.7106185
1683.1    -483.4608 -608.7278 0.7104879
1683.11    -483.3107 -608.7237 0.710358
1683.12    -483.1606 -608.7195 0.7102293
1683.13    -483.0105 -608.7154 0.7101017
1683.14    -482.8603 -608.7114 0.7099752
1683.15    -482.7101 -608.7073 0.7098499
1683.16    -482.5598 -608.7032 0.7097256
1683.17    -482.4095 -608.6991 0.7096021
1683.18    -482.2592 -608.6951 0.7094807
1683.19    -482.1088 -608.6911 0.7093611
1683.2    -481.9584 -608.6871 0.7092432
1683.21    -481.808 -608.6831 0.7091269
1683.22    -481.6575 -608.6791 0.7090133
1683.23    -481.507 -608.6752 0.7089021
1683.24    -481.3565 -608.6712 0.7087932
1683.25    -481.2059 -608.6673 0.7086865
1683.26    -481.0553 -608.6634 0.7085819
1683.27    -480.9047 -608.6595 0.708481
1683.28    -480.754 -608.6556 0.7083834
1683.29    -480.6033 -608.6517 0.7082893
1683.3    -480.4526 -608.6479 0.7081982
1683.31    -480.3018 -608.644 0.7081103
1683.32    -480.151 -608.6403 0.7080268
1683.33    -480.0002 -608.6364 0.7079477
1683.34    -479.8493 -608.6326 0.7078726
1683.35    -479.6984 -608.6289 0.7078013
1683.36    -479.5475 -608.6251 0.7077339
1683.37    -479.3965 -608.6213 0.7076716
1683.38    -479.2455 -608.6176 0.7076142
1683.39    -479.0945 -608.614 0.7075615
1683.4    -478.9435 -608.6102 0.7075133
1683.41    -478.7923 -608.6065 0.7074693
1683.42    -478.6412 -608.6028 0.7074308
1683.43    -478.4901 -608.5992 0.7073973
1683.44    -478.3389 -608.5956 0.7073687
1683.45    -478.1876 -608.5919 0.7073447
1683.46    -478.0363 -608.5884 0.7073251
1683.47    -477.8851 -608.5848 0.7073108
1683.48    -477.7337 -608.5812 0.7073016
1683.49    -477.5824 -608.5776 0.7072971
1683.5    -477.431 -608.574 0.7072973
1683.51    -477.2795 -608.5705 0.707302
1683.52    -477.1281 -608.567 0.7073115
1683.53    -476.9766 -608.5634 0.7073255
1683.54    -476.825 -608.5599 0.7073442
1683.55    -476.6735 -608.5565 0.707367
1683.56    -476.5219 -608.553 0.7073938
1683.57    -476.3702 -608.5495 0.7074248
1683.58    -476.2186 -608.546 0.7074599
1683.59    -476.0669 -608.5425 0.7074988
1683.6    -475.9152 -608.5392 0.7075414
1683.61    -475.7634 -608.5358 0.7075874
1683.62    -475.6116 -608.5323 0.7076368
1683.63    -475.4598 -608.5289 0.7076894
1683.64    -475.3079 -608.5255 0.707745
1683.65    -475.156 -608.5222 0.7078035
1683.66    -475.0041 -608.5188 0.7078648
1683.67    -474.8522 -608.5155 0.7079288
1683.68    -474.7003 -608.5121 0.7079953
1683.69    -474.5483 -608.5088 0.7080643
1683.7    -474.3963 -608.5054 0.7081355
1683.71    -474.2442 -608.5021 0.708209
1683.72    -474.0922 -608.4988 0.7082848
1683.73    -473.9401 -608.4955 0.7083626
1683.74    -473.788 -608.4922 0.7084426
1683.75    -473.6359 -608.489 0.7085244
1683.76    -473.4837 -608.4858 0.7086082
1683.77    -473.3316 -608.4825 0.7086937
1683.78    -473.1794 -608.4793 0.7087809
1683.79    -473.0272 -608.4761 0.7088698
1683.8    -472.8749 -608.4728 0.7089601
1683.81    -472.7226 -608.4696 0.709052
1683.82    -472.5703 -608.4664 0.7091453
1683.83    -472.418 -608.4633 0.70924
1683.84    -472.2657 -608.4601 0.7093359
1683.85    -472.1133 -608.457 0.709433
1683.86    -471.9609 -608.4538 0.7095314
1683.87    -471.8085 -608.4506 0.7096308
1683.88    -471.6561 -608.4474 0.7097313
1683.89    -471.5037 -608.4443 0.7098328
1683.9    -471.3512 -608.4412 0.7099353
1683.91    -471.1987 -608.4381 0.7100387
1683.92    -471.0462 -608.435 0.710143
1683.93    -470.8937 -608.4319 0.7102482
1683.94    -470.7411 -608.4288 0.7103542
1683.95    -470.5885 -608.4257 0.710461
1683.96    -470.4359 -608.4227 0.7105686
1683.97    -470.2833 -608.4196 0.710677
1683.98    -470.1307 -608.4166 0.710786
1683.99    -469.978 -608.4135 0.7108957
1684    -469.8253 -608.4105 0.7110062
1684.01    -469.6726 -608.4074 0.7111173
1684.02    -469.5199 -608.4044 0.711229
1684.03    -469.3672 -608.4013 0.7113414
1684.04    -469.2144 -608.3983 0.7114543
1684.05    -469.0616 -608.3953 0.7115678
1684.06    -468.9088 -608.3923 0.7116817
1684.07    -468.756 -608.3893 0.7117962
1684.08    -468.6032 -608.3864 0.711911
1684.09    -468.4503 -608.3834 0.7120264
1684.1    -468.2975 -608.3804 0.7121422
1684.11    -468.1445 -608.3774 0.7122584
1684.12    -467.9916 -608.3745 0.7123749
1684.13    -467.8387 -608.3715 0.7124919
1684.14    -467.6858 -608.3686 0.7126091
1684.15    -467.5328 -608.3657 0.7127267
1684.16    -467.3798 -608.3627 0.7128446
1684.17    -467.2267 -608.3598 0.7129626
1684.18    -467.0737 -608.3569 0.7130807
1684.19    -466.9207 -608.3539 0.713199
1684.2    -466.7676 -608.351 0.7133173
1684.21    -466.6145 -608.3481 0.7134358
1684.22    -466.4614 -608.3452 0.7135538
1684.23    -466.3083 -608.3423 0.7136714
1684.24    -466.1551 -608.3395 0.7137887
1684.25    -466.002 -608.3366 0.7139055
1684.26    -465.8488 -608.3337 0.7140221
1684.27    -465.6957 -608.3309 0.7141377
1684.28    -465.5425 -608.328 0.7142526
1684.29    -465.3894 -608.3251 0.7143667
1684.3    -465.2363 -608.3223 0.71448
1684.31    -465.0832 -608.3195 0.7145926
1684.32    -464.9301 -608.3167 0.714704
1684.33    -464.7771 -608.3138 0.7148138
1684.34    -464.624 -608.3111 0.7149225
1684.35    -464.471 -608.3083 0.71503
1684.36    -464.318 -608.3055 0.7151362
1684.37    -464.165 -608.3027 0.7152408
1684.38    -464.012 -608.2999 0.7153437
1684.39    -463.859 -608.2972 0.715445
1684.4    -463.7061 -608.2944 0.7155449
1684.41    -463.5531 -608.2917 0.7156433
1684.42    -463.4002 -608.289 0.71574
1684.43    -463.2473 -608.2863 0.7158349
1684.44    -463.0945 -608.2835 0.7159283
1684.45    -462.9416 -608.2808 0.7160202
1684.46    -462.7887 -608.2781 0.7161107
1684.47    -462.6359 -608.2755 0.7161993
1684.48    -462.4831 -608.2728 0.7162862
1684.49    -462.3303 -608.2701 0.7163715
1684.5    -462.1775 -608.2675 0.7164553
1684.51    -462.0247 -608.2648 0.7165375
1684.52    -461.872 -608.2621 0.7166177
1684.53    -461.7192 -608.2596 0.716696
1684.54    -461.5665 -608.257 0.7167724
1684.55    -461.4138 -608.2543 0.716847
1684.56    -461.2611 -608.2517 0.71692
1684.57    -461.1085 -608.2491 0.7169901
1684.58    -460.9558 -608.2465 0.7170575
1684.59    -460.8032 -608.244 0.7171224
1684.6    -460.6505 -608.2415 0.7171849
1684.61    -460.4979 -608.2389 0.7172451
1684.62    -460.3453 -608.2363 0.7173017
1684.63    -460.1928 -608.2338 0.7173549
1684.64    -460.0402 -608.2313 0.7174049
1684.65    -459.8877 -608.2288 0.7174518
1684.66    -459.7351 -608.2263 0.7174959
1684.67    -459.5826 -608.2238 0.7175355
1684.68    -459.4301 -608.2214 0.717571
1684.69    -459.2777 -608.2189 0.7176026
1684.7    -459.1252 -608.2165 0.7176305
1684.71    -458.9727 -608.2141 0.7176548
1684.72    -458.8203 -608.2116 0.7176742
1684.73    -458.6679 -608.2092 0.7176888
1684.74    -458.5155 -608.2068 0.7176989
1684.75    -458.3632 -608.2044 0.7177048
1684.76    -458.2108 -608.202 0.7177066
1684.77    -458.0584 -608.1996 0.7177026
1684.78    -457.9061 -608.1973 0.7176931
1684.79    -457.7538 -608.1949 0.7176784
1684.8    -457.6015 -608.1926 0.7176588
1684.81    -457.4492 -608.1903 0.7176344
1684.82    -457.2969 -608.188 0.7176054
1684.83    -457.1447 -608.1857 0.7175699
1684.84    -456.9924 -608.1834 0.7175282
1684.85    -456.8402 -608.1812 0.7174805
1684.86    -456.688 -608.1789 0.717427
1684.87    -456.5358 -608.1767 0.7173682
1684.88    -456.3836 -608.1744 0.7173021
1684.89    -456.2315 -608.1722 0.7172292
1684.9    -456.0793 -608.17 0.7171498
1684.91    -455.9272 -608.1679 0.7170641
1684.92    -455.7751 -608.1657 0.7169725
1684.93    -455.623 -608.1635 0.7168729
1684.94    -455.4709 -608.1614 0.7167659
1684.95    -455.3189 -608.1593 0.7166517
1684.96    -455.1668 -608.1572 0.7165307
1684.97    -455.0148 -608.155 0.7164016
1684.98    -454.8628 -608.153 0.7162647
1684.99    -454.7108 -608.1509 0.7161206
1685    -454.5589 -608.1489 0.7159694
1685.01    -454.4069 -608.1468 0.7158116
1685.02    -454.2549 -608.1448 0.7156473
1685.03    -454.103 -608.1428 0.7154749
1685.04    -453.9511 -608.1408 0.7152948
1685.05    -453.7992 -608.1388 0.7151075
1685.06    -453.6473 -608.1368 0.7149131
1685.07    -453.4955 -608.1349 0.7147114
1685.08    -453.3437 -608.133 0.7145028
1685.09    -453.1918 -608.131 0.7142875
1685.1    -453.04 -608.1292 0.7140658
1685.11    -452.8882 -608.1273 0.713838
1685.12    -452.7365 -608.1254 0.7136045
1685.13    -452.5847 -608.1236 0.7133654
1685.14    -452.433 -608.1218 0.7131209
1685.15    -452.2812 -608.12 0.7128715
1685.16    -452.1295 -608.1182 0.7126172
1685.17    -451.9778 -608.1165 0.7123583
1685.18    -451.8261 -608.1147 0.7120951
1685.19    -451.6745 -608.113 0.7118277
1685.2    -451.5228 -608.1114 0.7115564
1685.21    -451.3712 -608.1097 0.7112812
1685.22    -451.2195 -608.108 0.7110024
1685.23    -451.068 -608.1064 0.7107205
1685.24    -450.9164 -608.1048 0.7104357
1685.25    -450.7648 -608.1033 0.7101481
1685.26    -450.6133 -608.1017 0.7098578
1685.27    -450.4617 -608.1001 0.7095657
1685.28    -450.3102 -608.0986 0.709272
1685.29    -450.1587 -608.0971 0.7089765
1685.3    -450.0072 -608.0956 0.7086796
1685.31    -449.8557 -608.0942 0.7083811
1685.32    -449.7043 -608.0927 0.7080823
1685.33    -449.5529 -608.0913 0.7077835
1685.34    -449.4015 -608.0899 0.7074845
1685.35    -449.2501 -608.0886 0.7071853
1685.36    -449.0987 -608.0872 0.7068858
1685.37    -448.9473 -608.0859 0.7065881
1685.38    -448.796 -608.0846 0.706292
1685.39    -448.6446 -608.0833 0.7059975
1685.4    -448.4933 -608.0821 0.7057044
1685.41    -448.342 -608.0808 0.7054126
1685.42    -448.1907 -608.0797 0.7051243
1685.43    -448.0394 -608.0784 0.7048394
1685.44    -447.8882 -608.0773 0.7045577
1685.45    -447.7369 -608.0761 0.7042789
1685.46    -447.5857 -608.075 0.7040031
1685.47    -447.4345 -608.0739 0.7037324
1685.48    -447.2833 -608.0728 0.7034664
1685.49    -447.1321 -608.0717 0.703205
1685.5    -446.981 -608.0706 0.702948
1685.51    -446.8298 -608.0696 0.7026951
1685.52    -446.6787 -608.0686 0.7024488
1685.53    -446.5276 -608.0676 0.7022086
1685.54    -446.3765 -608.0666 0.7019743
1685.55    -446.2254 -608.0657 0.7017455
1685.56    -446.0744 -608.0647 0.7015222
