294.52    -649.4716 -614.3416 0.7049463
294.53    -649.3424 -614.3346 0.7048584
294.54    -649.2131 -614.3276 0.7047703
294.55    -649.0839 -614.3206 0.7046822
294.56    -648.9545 -614.3135 0.704594
294.57    -648.8252 -614.3064 0.7045059
294.58    -648.6958 -614.2993 0.7044176
294.59    -648.5663 -614.2922 0.7043293
294.6    -648.4369 -614.2852 0.7042412
294.61    -648.3074 -614.278 0.7041532
294.62    -648.1779 -614.2709 0.7040654
294.63    -648.0483 -614.2637 0.7039778
294.64    -647.9186 -614.2566 0.7038903
294.65    -647.789 -614.2493 0.7038036
294.66    -647.6593 -614.2421 0.7037178
294.67    -647.5296 -614.2349 0.7036327
294.68    -647.3998 -614.2277 0.7035483
294.69    -647.2701 -614.2205 0.7034655
294.7    -647.1403 -614.2133 0.7033841
294.71    -647.0104 -614.206 0.7033042
294.72    -646.8806 -614.1987 0.7032254
294.73    -646.7507 -614.1915 0.703148
294.74    -646.6207 -614.1841 0.7030716
294.75    -646.4908 -614.1769 0.7029973
294.76    -646.3608 -614.1696 0.7029247
294.77    -646.2308 -614.1622 0.7028541
294.78    -646.1007 -614.1549 0.702785
294.79    -645.9706 -614.1476 0.7027175
294.8    -645.8406 -614.1403 0.7026518
294.81    -645.7104 -614.1329 0.7025879
294.82    -645.5803 -614.1255 0.7025256
294.83    -645.4501 -614.1181 0.7024649
294.84    -645.3199 -614.1107 0.7024057
294.85    -645.1897 -614.1033 0.7023479
294.86    -645.0594 -614.0959 0.7022913
294.87    -644.9291 -614.0885 0.702236
294.88    -644.7988 -614.0811 0.7021818
294.89    -644.6685 -614.0736 0.7021282
294.9    -644.5382 -614.0662 0.7020752
294.91    -644.4078 -614.0587 0.7020226
294.92    -644.2775 -614.0513 0.7019707
294.93    -644.1471 -614.0438 0.7019191
294.94    -644.0168 -614.0364 0.701867
294.95    -643.8864 -614.0289 0.7018145
294.96    -643.756 -614.0214 0.7017615
294.97    -643.6256 -614.0139 0.701708
294.98    -643.4952 -614.0063 0.7016543
294.99    -643.3647 -613.9988 0.7016
295    -643.2343 -613.9913 0.7015442
295.01    -643.1039 -613.9838 0.7014866
295.02    -642.9734 -613.9763 0.7014278
295.03    -642.843 -613.9688 0.7013675
295.04    -642.7126 -613.9613 0.7013049
295.05    -642.5823 -613.9538 0.7012401
295.06    -642.4519 -613.9462 0.7011734
295.07    -642.3215 -613.9387 0.7011047
295.08    -642.191 -613.9311 0.7010342
295.09    -642.0606 -613.9235 0.7009621
295.1    -641.9302 -613.916 0.7008879
295.11    -641.7999 -613.9083 0.7008116
295.12    -641.6695 -613.9008 0.7007334
295.13    -641.5391 -613.8932 0.7006534
295.14    -641.4088 -613.8856 0.7005717
295.15    -641.2784 -613.8781 0.7004884
295.16    -641.148 -613.8705 0.7004033
295.17    -641.0176 -613.8629 0.7003162
295.18    -640.8873 -613.8553 0.7002274
295.19    -640.757 -613.8478 0.7001367
295.2    -640.6266 -613.8402 0.7000442
295.21    -640.4962 -613.8326 0.6999501
295.22    -640.3658 -613.8251 0.6998544
295.23    -640.2355 -613.8175 0.6997573
295.24    -640.1052 -613.8099 0.6996583
295.25    -639.9749 -613.8024 0.6995577
295.26    -639.8445 -613.7948 0.6994554
295.27    -639.7142 -613.7872 0.6993515
295.28    -639.5839 -613.7797 0.6992463
295.29    -639.4536 -613.7721 0.6991394
295.3    -639.3233 -613.7645 0.6990307
295.31    -639.193 -613.757 0.6989204
295.32    -639.0627 -613.7495 0.6988087
295.33    -638.9324 -613.7419 0.6986957
295.34    -638.8021 -613.7344 0.6985811
295.35    -638.6718 -613.7269 0.6984652
295.36    -638.5414 -613.7194 0.6983481
295.37    -638.4111 -613.7119 0.6982298
295.38    -638.2808 -613.7044 0.6981103
295.39    -638.1505 -613.697 0.6979898
295.4    -638.0203 -613.6896 0.6978683
295.41    -637.89 -613.6821 0.6977459
295.42    -637.7598 -613.6747 0.6976226
295.43    -637.6295 -613.6673 0.6974985
295.44    -637.4993 -613.6599 0.6973737
295.45    -637.369 -613.6526 0.6972485
295.46    -637.2388 -613.6452 0.6971226
295.47    -637.1085 -613.6378 0.6969963
295.48    -636.9783 -613.6306 0.6968695
295.49    -636.848 -613.6232 0.6967428
295.5    -636.7178 -613.616 0.6966162
295.51    -636.5875 -613.6086 0.6964896
295.52    -636.4573 -613.6014 0.6963631
295.53    -636.327 -613.5942 0.6962367
295.54    -636.1968 -613.587 0.6961116
295.55    -636.0667 -613.5798 0.6959876
295.56    -635.9365 -613.5726 0.6958647
295.57    -635.8063 -613.5654 0.695743
295.58    -635.6761 -613.5583 0.6956221
295.59    -635.5458 -613.5512 0.6955023
295.6    -635.4156 -613.5441 0.695385
295.61    -635.2855 -613.5371 0.6952701
295.62    -635.1553 -613.53 0.6951575
295.63    -635.0251 -613.523 0.695047
295.64    -634.8949 -613.516 0.6949384
295.65    -634.7647 -613.509 0.6948342
295.66    -634.6345 -613.5021 0.6947341
295.67    -634.5043 -613.4952 0.6946378
295.68    -634.3742 -613.4883 0.694545
295.69    -634.2441 -613.4816 0.6944577
295.7    -634.114 -613.4748 0.6943753
295.71    -633.9838 -613.468 0.6942976
295.72    -633.8536 -613.4613 0.6942242
295.73    -633.7235 -613.4547 0.6941552
295.74    -633.5934 -613.448 0.69409
295.75    -633.4633 -613.4414 0.6940308
295.76    -633.3333 -613.4349 0.6939773
295.77    -633.2032 -613.4283 0.693929
295.78    -633.0731 -613.4218 0.6938857
295.79    -632.9431 -613.4154 0.6938471
295.8    -632.813 -613.409 0.6938149
295.81    -632.683 -613.4026 0.6937888
295.82    -632.553 -613.3964 0.6937684
295.83    -632.423 -613.3901 0.6937534
295.84    -632.293 -613.3839 0.6937448
295.85    -632.163 -613.3777 0.6937423
295.86    -632.033 -613.3716 0.6937454
295.87    -631.903 -613.3655 0.6937539
295.88    -631.773 -613.3594 0.6937674
295.89    -631.6431 -613.3535 0.6937863
295.9    -631.5131 -613.3475 0.6938104
295.91    -631.3832 -613.3416 0.6938394
295.92    -631.2532 -613.3358 0.6938728
295.93    -631.1233 -613.33 0.6939106
295.94    -630.9934 -613.3243 0.6939526
295.95    -630.8635 -613.3185 0.6939985
295.96    -630.7336 -613.3129 0.6940482
295.97    -630.6037 -613.3073 0.6941014
295.98    -630.4738 -613.3017 0.694158
295.99    -630.3439 -613.2961 0.6942177
296    -630.2141 -613.2906 0.6942806
296.01    -630.0842 -613.2852 0.6943461
296.02    -629.9543 -613.2798 0.6944145
296.03    -629.8244 -613.2745 0.6944853
296.04    -629.6945 -613.2692 0.6945586
296.05    -629.5646 -613.2639 0.6946341
296.06    -629.4348 -613.2587 0.6947125
296.07    -629.305 -613.2536 0.6947936
296.08    -629.1752 -613.2485 0.6948773
296.09    -629.0453 -613.2434 0.6949634
296.1    -628.9155 -613.2384 0.6950523
296.11    -628.7857 -613.2335 0.6951439
296.12    -628.6559 -613.2285 0.6952379
296.13    -628.5261 -613.2236 0.6953343
296.14    -628.3962 -613.2188 0.6954328
296.15    -628.2665 -613.2141 0.6955341
296.16    -628.1367 -613.2093 0.6956377
296.17    -628.007 -613.2045 0.6957436
296.18    -627.8772 -613.1999 0.6958517
296.19    -627.7474 -613.1953 0.695962
296.2    -627.6177 -613.1907 0.6960744
296.21    -627.4879 -613.1862 0.6961887
296.22    -627.3582 -613.1816 0.696305
296.23    -627.2284 -613.1771 0.696423
296.24    -627.0986 -613.1727 0.6965426
296.25    -626.9689 -613.1683 0.696664
296.26    -626.8392 -613.1639 0.6967872
296.27    -626.7095 -613.1597 0.6969119
296.28    -626.5798 -613.1554 0.6970381
296.29    -626.4501 -613.1511 0.6971656
296.3    -626.3204 -613.1469 0.6972949
296.31    -626.1907 -613.1427 0.6974258
296.32    -626.061 -613.1386 0.6975583
296.33    -625.9313 -613.1345 0.6976923
296.34    -625.8016 -613.1304 0.6978277
296.35    -625.672 -613.1263 0.6979645
296.36    -625.5424 -613.1224 0.6981027
296.37    -625.4127 -613.1183 0.6982421
296.38    -625.2831 -613.1144 0.6983827
296.39    -625.1534 -613.1105 0.6985244
296.4    -625.0238 -613.1067 0.698667
296.41    -624.8942 -613.1028 0.6988105
296.42    -624.7646 -613.0991 0.6989549
296.43    -624.6351 -613.0953 0.6991002
296.44    -624.5055 -613.0915 0.699246
296.45    -624.376 -613.0878 0.6993924
296.46    -624.2465 -613.0841 0.6995394
296.47    -624.1169 -613.0804 0.6996868
296.48    -623.9874 -613.0768 0.6998346
296.49    -623.858 -613.0732 0.6999827
296.5    -623.7285 -613.0696 0.7001312
296.51    -623.5991 -613.0661 0.70028
296.52    -623.4696 -613.0626 0.700429
296.53    -623.3401 -613.059 0.7005782
296.54    -623.2107 -613.0556 0.7007278
296.55    -623.0813 -613.0521 0.7008773
296.56    -622.9519 -613.0486 0.7010269
296.57    -622.8225 -613.0452 0.7011765
296.58    -622.6931 -613.0419 0.7013262
296.59    -622.5638 -613.0385 0.7014756
296.6    -622.4344 -613.0352 0.7016249
296.61    -622.3051 -613.0318 0.701774
296.62    -622.1758 -613.0284 0.7019229
296.63    -622.0464 -613.0252 0.7020717
296.64    -621.9172 -613.0219 0.7022204
296.65    -621.7879 -613.0186 0.7023683
296.66    -621.6586 -613.0154 0.7025155
296.67    -621.5294 -613.0121 0.7026621
296.68    -621.4002 -613.0089 0.702808
296.69    -621.271 -613.0057 0.7029529
296.7    -621.1418 -613.0025 0.7030967
296.71    -621.0126 -612.9994 0.7032396
296.72    -620.8835 -612.9962 0.7033815
296.73    -620.7543 -612.993 0.7035225
296.74    -620.6252 -612.9899 0.7036628
296.75    -620.4961 -612.9868 0.7038016
296.76    -620.367 -612.9836 0.7039392
296.77    -620.2379 -612.9805 0.7040756
296.78    -620.1088 -612.9774 0.7042109
296.79    -619.9798 -612.9743 0.7043447
296.8    -619.8508 -612.9713 0.7044772
296.81    -619.7217 -612.9682 0.7046084
296.82    -619.5927 -612.9651 0.7047385
296.83    -619.4637 -612.9621 0.7048675
296.84    -619.3347 -612.959 0.7049952
296.85    -619.2057 -612.956 0.7051216
296.86    -619.0768 -612.9529 0.7052469
296.87    -618.9478 -612.95 0.7053711
296.88    -618.8188 -612.947 0.7054942
296.89    -618.6899 -612.944 0.7056161
296.9    -618.561 -612.941 0.7057368
296.91    -618.4321 -612.938 0.7058563
296.92    -618.3033 -612.935 0.7059748
296.93    -618.1744 -612.932 0.7060924
296.94    -618.0456 -612.929 0.7062086
296.95    -617.9168 -612.926 0.7063236
296.96    -617.788 -612.923 0.7064376
296.97    -617.6592 -612.92 0.7065504
296.98    -617.5305 -612.9171 0.7066622
296.99    -617.4017 -612.9142 0.7067728
297    -617.273 -612.9113 0.7068821
297.01    -617.1443 -612.9083 0.7069903
297.02    -617.0156 -612.9054 0.7070974
297.03    -616.8868 -612.9025 0.7072035
297.04    -616.7582 -612.8995 0.7073083
297.05    -616.6295 -612.8966 0.7074119
297.06    -616.5009 -612.8937 0.7075145
297.07    -616.3722 -612.8907 0.7076158
297.08    -616.2435 -612.8878 0.7077162
297.09    -616.1149 -612.8849 0.7078153
297.1    -615.9863 -612.882 0.707913
297.11    -615.8577 -612.879 0.7080097
297.12    -615.7291 -612.8761 0.7081051
297.13    -615.6006 -612.8731 0.7081996
297.14    -615.472 -612.8702 0.7082925
297.15    -615.3435 -612.8672 0.7083843
297.16    -615.215 -612.8643 0.7084746
297.17    -615.0865 -612.8614 0.7085638
297.18    -614.9581 -612.8585 0.7086518
297.19    -614.8296 -612.8555 0.7087384
297.2    -614.7012 -612.8526 0.7088237
297.21    -614.5728 -612.8497 0.7089077
297.22    -614.4443 -612.8467 0.7089906
297.23    -614.3159 -612.8438 0.7090724
297.24    -614.1876 -612.8409 0.7091528
297.25    -614.0592 -612.8379 0.7092319
297.26    -613.9308 -612.835 0.7093099
297.27    -613.8025 -612.832 0.7093868
297.28    -613.6741 -612.8291 0.7094626
297.29    -613.5458 -612.8262 0.7095373
297.3    -613.4175 -612.8232 0.7096109
297.31    -613.2892 -612.8203 0.7096834
297.32    -613.1609 -612.8174 0.709755
297.33    -613.0327 -612.8145 0.7098256
297.34    -612.9044 -612.8115 0.7098952
297.35    -612.7762 -612.8086 0.7099637
297.36    -612.6479 -612.8057 0.7100312
297.37    -612.5198 -612.8027 0.7100979
297.38    -612.3916 -612.7997 0.7101637
297.39    -612.2634 -612.7967 0.7102283
297.4    -612.1353 -612.7937 0.7102919
297.41    -612.0071 -612.7907 0.7103544
297.42    -611.879 -612.7877 0.7104158
297.43    -611.7509 -612.7847 0.7104765
297.44    -611.6229 -612.7817 0.7105358
297.45    -611.4948 -612.7787 0.7105939
297.46    -611.3668 -612.7758 0.7106509
297.47    -611.2387 -612.7728 0.7107068
297.48    -611.1107 -612.7697 0.7107617
297.49    -610.9827 -612.7667 0.7108151
297.5    -610.8547 -612.7637 0.7108671
297.51    -610.7267 -612.7607 0.7109179
297.52    -610.5987 -612.7578 0.7109675
297.53    -610.4707 -612.7548 0.7110158
297.54    -610.3428 -612.7518 0.7110627
297.55    -610.2148 -612.7488 0.7111081
297.56    -610.0869 -612.7457 0.7111521
297.57    -609.959 -612.7427 0.7111948
297.58    -609.8311 -612.7396 0.7112363
297.59    -609.7032 -612.7365 0.7112761
297.6    -609.5754 -612.7335 0.7113144
297.61    -609.4476 -612.7304 0.7113513
297.62    -609.3198 -612.7274 0.7113869
297.63    -609.192 -612.7243 0.7114211
297.64    -609.0641 -612.7213 0.7114538
297.65    -608.9364 -612.7182 0.7114851
297.66    -608.8087 -612.7151 0.7115151
297.67    -608.6809 -612.7121 0.7115437
297.68    -608.5532 -612.709 0.7115712
297.69    -608.4255 -612.7059 0.7115974
297.7    -608.2978 -612.7028 0.7116224
297.71    -608.1701 -612.6996 0.7116461
297.72    -608.0424 -612.6965 0.711669
297.73    -607.9147 -612.6934 0.7116907
297.74    -607.7871 -612.6903 0.7117115
297.75    -607.6595 -612.6872 0.7117313
297.76    -607.5319 -612.6841 0.7117503
297.77    -607.4042 -612.6809 0.7117685
297.78    -607.2766 -612.6778 0.7117859
297.79    -607.149 -612.6747 0.7118026
297.8    -607.0215 -612.6715 0.7118186
297.81    -606.8939 -612.6683 0.7118338
297.82    -606.7664 -612.6652 0.7118486
297.83    -606.6389 -612.662 0.7118626
297.84    -606.5114 -612.6588 0.7118762
297.85    -606.384 -612.6556 0.7118891
297.86    -606.2565 -612.6524 0.7119015
297.87    -606.1291 -612.6492 0.7119136
297.88    -606.0016 -612.6461 0.7119251
297.89    -605.8743 -612.6428 0.7119363
297.9    -605.7469 -612.6396 0.7119471
297.91    -605.6195 -612.6363 0.7119574
297.92    -605.4921 -612.6331 0.7119675
297.93    -605.3647 -612.6298 0.7119772
297.94    -605.2374 -612.6266 0.7119866
297.95    -605.1101 -612.6234 0.7119957
297.96    -604.9828 -612.6201 0.7120045
297.97    -604.8555 -612.6168 0.7120131
297.98    -604.7281 -612.6135 0.7120213
297.99    -604.6009 -612.6102 0.7120293
298    -604.4736 -612.6069 0.7120371
298.01    -604.3464 -612.6036 0.7120448
298.02    -604.2192 -612.6003 0.7120522
298.03    -604.092 -612.5969 0.7120594
298.04    -603.9648 -612.5936 0.7120665
298.05    -603.8376 -612.5903 0.7120734
298.06    -603.7104 -612.5869 0.7120801
298.07    -603.5833 -612.5836 0.7120867
298.08    -603.4562 -612.5801 0.7120931
298.09    -603.329 -612.5768 0.7120994
298.1    -603.202 -612.5734 0.7121056
298.11    -603.0749 -612.5701 0.7121116
298.12    -602.9478 -612.5667 0.7121176
298.13    -602.8207 -612.5634 0.7121234
298.14    -602.6937 -612.56 0.7121291
298.15    -602.5667 -612.5566 0.7121348
298.16    -602.4396 -612.5532 0.7121403
298.17    -602.3126 -612.5497 0.7121457
298.18    -602.1856 -612.5463 0.7121512
298.19    -602.0587 -612.5429 0.7121565
298.2    -601.9317 -612.5395 0.7121617
298.21    -601.8047 -612.5361 0.7121669
298.22    -601.6778 -612.5327 0.712172
298.23    -601.5509 -612.5292 0.712177
298.24    -601.424 -612.5258 0.712182
298.25    -601.2971 -612.5223 0.7121869
298.26    -601.1703 -612.5188 0.7121919
298.27    -601.0435 -612.5153 0.7121967
298.28    -600.9166 -612.5118 0.7122015
298.29    -600.7898 -612.5084 0.7122063
298.3    -600.663 -612.5049 0.7122111
298.31    -600.5363 -612.5014 0.7122158
298.32    -600.4095 -612.4979 0.7122207
298.33    -600.2827 -612.4944 0.7122254
298.34    -600.1559 -612.4909 0.7122302
298.35    -600.0292 -612.4874 0.7122351
298.36    -599.9025 -612.4839 0.71224
298.37    -599.7758 -612.4803 0.7122449
298.38    -599.6491 -612.4768 0.7122498
298.39    -599.5225 -612.4733 0.7122549
298.4    -599.3958 -612.4697 0.7122599
298.41    -599.2692 -612.4662 0.712265
298.42    -599.1425 -612.4626 0.7122702
298.43    -599.0159 -612.459 0.7122754
298.44    -598.8893 -612.4555 0.7122806
298.45    -598.7628 -612.452 0.7122859
298.46    -598.6362 -612.4484 0.7122912
298.47    -598.5096 -612.4448 0.7122965
298.48    -598.3831 -612.4412 0.7123019
298.49    -598.2566 -612.4376 0.7123073
298.5    -598.1301 -612.434 0.7123128
298.51    -598.0036 -612.4304 0.7123183
298.52    -597.8771 -612.4268 0.7123238
298.53    -597.7507 -612.4231 0.7123293
298.54    -597.6243 -612.4194 0.7123349
298.55    -597.4979 -612.4158 0.7123405
298.56    -597.3715 -612.4121 0.7123463
298.57    -597.2451 -612.4084 0.7123519
298.58    -597.1187 -612.4048 0.7123576
298.59    -596.9922 -612.4011 0.7123633
298.6    -596.8659 -612.3974 0.7123691
298.61    -596.7396 -612.3937 0.7123749
298.62    -596.6132 -612.39 0.7123807
298.63    -596.4869 -612.3862 0.7123865
298.64    -596.3606 -612.3825 0.7123924
298.65    -596.2343 -612.3787 0.7123982
298.66    -596.108 -612.375 0.7124041
298.67    -595.9818 -612.3713 0.71241
298.68    -595.8555 -612.3675 0.7124159
298.69    -595.7293 -612.3637 0.7124219
298.7    -595.6031 -612.3599 0.7124279
298.71    -595.4769 -612.3561 0.7124338
298.72    -595.3508 -612.3523 0.7124398
298.73    -595.2246 -612.3485 0.7124458
298.74    -595.0984 -612.3447 0.7124518
298.75    -594.9724 -612.3408 0.7124579
298.76    -594.8463 -612.337 0.7124639
298.77    -594.7202 -612.3331 0.71247
298.78    -594.5941 -612.3293 0.7124761
298.79    -594.468 -612.3254 0.7124821
298.8    -594.3419 -612.3215 0.7124882
298.81    -594.2159 -612.3176 0.7124944
298.82    -594.0898 -612.3137 0.7125006
298.83    -593.9638 -612.3098 0.7125069
298.84    -593.8378 -612.3058 0.7125131
298.85    -593.7118 -612.3019 0.7125195
298.86    -593.5858 -612.298 0.7125258
298.87    -593.4598 -612.2941 0.7125322
298.88    -593.3339 -612.29 0.7125387
298.89    -593.208 -612.2861 0.7125453
298.9    -593.0821 -612.2821 0.7125519
298.91    -592.9562 -612.278 0.7125586
298.92    -592.8304 -612.274 0.7125654
298.93    -592.7045 -612.27 0.7125723
298.94    -592.5787 -612.2659 0.7125793
298.95    -592.4529 -612.2618 0.7125864
298.96    -592.3271 -612.2578 0.7125936
298.97    -592.2013 -612.2537 0.7126008
298.98    -592.0755 -612.2495 0.7126082
298.99    -591.9498 -612.2454 0.7126156
299    -591.824 -612.2413 0.7126231
299.01    -591.6983 -612.2371 0.7126306
299.02    -591.5726 -612.2329 0.7126383
299.03    -591.4468 -612.2287 0.712646
299.04    -591.3212 -612.2244 0.7126538
299.05    -591.1955 -612.2202 0.7126616
299.06    -591.0698 -612.2159 0.7126696
299.07    -590.9442 -612.2117 0.7126775
299.08    -590.8185 -612.2074 0.7126855
299.09    -590.6929 -612.2031 0.7126936
299.1    -590.5673 -612.1987 0.7127017
299.11    -590.4418 -612.1943 0.7127098
299.12    -590.3162 -612.19 0.7127181
299.13    -590.1907 -612.1857 0.7127263
299.14    -590.0652 -612.1812 0.7127346
299.15    -589.9397 -612.1768 0.7127429
299.16    -589.8142 -612.1724 0.7127513
299.17    -589.6887 -612.1679 0.7127597
299.18    -589.5632 -612.1634 0.7127681
299.19    -589.4377 -612.1589 0.7127765
299.2    -589.3123 -612.1544 0.712785
299.21    -589.1869 -612.1498 0.7127935
299.22    -589.0615 -612.1453 0.7128021
299.23    -588.936 -612.1407 0.7128106
299.24    -588.8107 -612.1361 0.7128193
299.25    -588.6853 -612.1315 0.7128279
299.26    -588.5599 -612.1268 0.7128366
299.27    -588.4346 -612.1221 0.7128453
299.28    -588.3093 -612.1175 0.712854
299.29    -588.184 -612.1127 0.7128627
299.3    -588.0587 -612.108 0.7128714
299.31    -587.9334 -612.1033 0.7128802
299.32    -587.8082 -612.0985 0.7128891
299.33    -587.6829 -612.0937 0.7128978
299.34    -587.5577 -612.0889 0.7129067
299.35    -587.4325 -612.084 0.7129155
299.36    -587.3073 -612.0792 0.7129244
299.37    -587.1821 -612.0742 0.7129332
299.38    -587.0569 -612.0693 0.7129421
299.39    -586.9319 -612.0644 0.7129511
299.4    -586.8068 -612.0594 0.71296
299.41    -586.6816 -612.0544 0.712969
299.42    -586.5565 -612.0495 0.7129779
299.43    -586.4314 -612.0444 0.7129869
299.44    -586.3063 -612.0394 0.7129959
299.45    -586.1812 -612.0343 0.7130049
299.46    -586.056 -612.0292 0.7130139
299.47    -585.9309 -612.0241 0.7130229
299.48    -585.8058 -612.019 0.713032
299.49    -585.6807 -612.0138 0.713041
299.5    -585.5555 -612.0086 0.7130501
299.51    -585.4304 -612.0034 0.7130592
299.52    -585.3052 -611.9981 0.7130682
299.53    -585.1801 -611.9928 0.7130773
299.54    -585.0549 -611.9875 0.7130864
299.55    -584.9297 -611.9822 0.7130955
299.56    -584.8044 -611.9769 0.7131047
299.57    -584.6792 -611.9714 0.7131138
299.58    -584.554 -611.9661 0.7131229
299.59    -584.4287 -611.9606 0.7131321
299.6    -584.3034 -611.9551 0.7131413
299.61    -584.1781 -611.9496 0.7131504
299.62    -584.0527 -611.9442 0.7131597
299.63    -583.9274 -611.9386 0.7131689
299.64    -583.802 -611.933 0.713178
299.65    -583.6766 -611.9274 0.7131871
299.66    -583.5511 -611.9218 0.7131962
299.67    -583.4257 -611.9161 0.7132052
299.68    -583.3002 -611.9105 0.7132142
299.69    -583.1746 -611.9047 0.7132231
299.7    -583.0491 -611.899 0.7132314
299.71    -582.9235 -611.8932 0.7132392
299.72    -582.7979 -611.8873 0.7132464
299.73    -582.6723 -611.8815 0.7132531
299.74    -582.5466 -611.8756 0.7132593
299.75    -582.421 -611.8698 0.713264
299.76    -582.2953 -611.8638 0.7132674
299.77    -582.1696 -611.8578 0.7132695
299.78    -582.0438 -611.8518 0.7132704
299.79    -581.9181 -611.8457 0.7132691
299.8    -581.7924 -611.8396 0.7132657
299.81    -581.6666 -611.8335 0.7132604
299.82    -581.5407 -611.8273 0.7132532
299.83    -581.4149 -611.8211 0.7132443
299.84    -581.2889 -611.8149 0.7132336
299.85    -581.163 -611.8086 0.7132213
299.86    -581.037 -611.8022 0.7132072
299.87    -580.9111 -611.7959 0.7131915
299.88    -580.785 -611.7895 0.7131743
299.89    -580.659 -611.783 0.7131556
299.9    -580.533 -611.7765 0.7131356
299.91    -580.4069 -611.77 0.7131143
299.92    -580.2808 -611.7634 0.7130918
299.93    -580.1546 -611.7568 0.7130682
299.94    -580.0284 -611.7501 0.7130436
299.95    -579.9022 -611.7433 0.7130182
299.96    -579.776 -611.7365 0.712992
299.97    -579.6497 -611.7297 0.7129648
299.98    -579.5234 -611.7228 0.712937
299.99    -579.3971 -611.7158 0.7129085
300    -579.2708 -611.7088 0.7128795
300.01    -579.1444 -611.7017 0.7128502
300.02    -579.018 -611.6945 0.7128204
300.03    -578.8915 -611.6874 0.7127902
300.04    -578.765 -611.6802 0.7127597
300.05    -578.6385 -611.6729 0.7127293
300.06    -578.512 -611.6656 0.7126991
300.07    -578.3854 -611.6582 0.712669
300.08    -578.2587 -611.6507 0.7126388
300.09    -578.1321 -611.6432 0.7126089
300.1    -578.0054 -611.6356 0.7125796
300.11    -577.8787 -611.628 0.712551
300.12    -577.7519 -611.6203 0.712523
300.13    -577.6251 -611.6125 0.7124956
300.14    -577.4982 -611.6047 0.7124691
300.15    -577.3715 -611.5968 0.7124434
300.16    -577.2446 -611.5888 0.7124184
300.17    -577.1176 -611.5808 0.7123942
300.18    -576.9906 -611.5728 0.7123706
300.19    -576.8636 -611.5646 0.7123479
300.2    -576.7366 -611.5564 0.7123258
300.21    -576.6095 -611.5482 0.7123043
300.22    -576.4824 -611.5398 0.7122834
300.23    -576.3552 -611.5314 0.7122632
300.24    -576.228 -611.523 0.7122434
300.25    -576.1007 -611.5145 0.712224
300.26    -575.9735 -611.5059 0.7122051
300.27    -575.8462 -611.4973 0.7121866
300.28    -575.7188 -611.4886 0.7121685
300.29    -575.5914 -611.4799 0.7121504
300.3    -575.464 -611.4709 0.7121324
300.31    -575.3365 -611.462 0.7121143
300.32    -575.209 -611.4531 0.7120963
300.33    -575.0815 -611.444 0.7120784
300.34    -574.9539 -611.4349 0.7120605
300.35    -574.8263 -611.4257 0.7120419
300.36    -574.6987 -611.4164 0.7120228
300.37    -574.571 -611.407 0.712003
300.38    -574.4433 -611.3976 0.7119827
300.39    -574.3156 -611.3881 0.7119613
300.4    -574.1877 -611.3785 0.7119389
300.41    -574.0599 -611.3688 0.7119157
300.42    -573.932 -611.3591 0.7118916
300.43    -573.8041 -611.3493 0.7118667
300.44    -573.6762 -611.3394 0.7118405
300.45    -573.5482 -611.3294 0.7118131
300.46    -573.4202 -611.3193 0.7117845
300.47    -573.2921 -611.3092 0.711755
300.48    -573.1639 -611.299 0.7117245
300.49    -573.0358 -611.2887 0.7116925
300.5    -572.9076 -611.2783 0.7116593
300.51    -572.7794 -611.2678 0.711625
300.52    -572.6511 -611.2573 0.7115895
300.53    -572.5228 -611.2466 0.7115529
300.54    -572.3944 -611.2359 0.7115145
300.55    -572.266 -611.2251 0.7114744
300.56    -572.1376 -611.2142 0.7114326
300.57    -572.0091 -611.2032 0.7113894
300.58    -571.8806 -611.1922 0.7113445
300.59    -571.7521 -611.181 0.7112972
300.6    -571.6235 -611.1698 0.7112473
300.61    -571.4948 -611.1585 0.7111952
300.62    -571.3661 -611.1471 0.7111408
300.63    -571.2374 -611.1356 0.7110842
300.64    -571.1086 -611.124 0.7110243
300.65    -570.9799 -611.1124 0.7109613
300.66    -570.851 -611.1006 0.7108952
300.67    -570.7221 -611.0888 0.7108263
300.68    -570.5931 -611.0768 0.7107545
300.69    -570.4641 -611.0649 0.7106802
300.7    -570.3351 -611.0527 0.7106022
300.71    -570.206 -611.0406 0.7105206
300.72    -570.0769 -611.0283 0.7104356
300.73    -569.9477 -611.0159 0.7103473
300.74    -569.8184 -611.0034 0.710256
300.75    -569.6891 -610.9908 0.7101613
300.76    -569.5598 -610.9782 0.7100634
300.77    -569.4304 -610.9655 0.7099624
300.78    -569.3011 -610.9527 0.7098585
300.79    -569.1716 -610.9398 0.7097517
300.8    -569.0421 -610.9268 0.7096423
300.81    -568.9126 -610.9137 0.7095303
300.82    -568.783 -610.9006 0.7094159
300.83    -568.6534 -610.8873 0.7092991
300.84    -568.5237 -610.874 0.7091802
300.85    -568.394 -610.8605 0.709059
300.86    -568.2643 -610.8469 0.7089359
300.87    -568.1345 -610.8333 0.7088108
300.88    -568.0046 -610.8196 0.7086838
300.89    -567.8748 -610.8058 0.7085552
300.9    -567.7448 -610.7919 0.7084248
300.91    -567.6148 -610.7779 0.7082928
300.92    -567.4847 -610.7638 0.7081593
300.93    -567.3546 -610.7496 0.7080243
300.94    -567.2245 -610.7354 0.7078883
300.95    -567.0943 -610.7209 0.7077515
300.96    -566.9641 -610.7065 0.7076138
300.97    -566.8337 -610.692 0.7074752
300.98    -566.7034 -610.6774 0.7073359
300.99    -566.5729 -610.6627 0.7071968
301    -566.4425 -610.6479 0.7070581
301.01    -566.312 -610.633 0.7069197
301.02    -566.1814 -610.618 0.7067815
301.03    -566.0508 -610.603 0.7066436
301.04    -565.9201 -610.5878 0.706507
301.05    -565.7894 -610.5726 0.706372
301.06    -565.6586 -610.5573 0.7062383
301.07    -565.5278 -610.5418 0.7061057
301.08    -565.3969 -610.5263 0.7059744
301.09    -565.266 -610.5107 0.7058442
301.1    -565.135 -610.495 0.7057157
301.11    -565.004 -610.4792 0.7055886
301.12    -564.8729 -610.4634 0.7054629
301.13    -564.7418 -610.4474 0.7053386
301.14    -564.6107 -610.4314 0.7052156
301.15    -564.4794 -610.4153 0.7050937
301.16    -564.3482 -610.399 0.7049727
301.17    -564.2169 -610.3828 0.7048526
301.18    -564.0854 -610.3665 0.7047334
301.19    -563.954 -610.35 0.7046151
301.2    -563.8226 -610.3335 0.7044968
301.21    -563.691 -610.3169 0.7043787
301.22    -563.5595 -610.3002 0.7042606
301.23    -563.4279 -610.2834 0.7041427
301.24    -563.2962 -610.2665 0.7040243
301.25    -563.1645 -610.2496 0.7039054
301.26    -563.0327 -610.2326 0.7037861
301.27    -562.9009 -610.2155 0.7036664
301.28    -562.769 -610.1984 0.7035463
301.29    -562.6371 -610.1812 0.7034255
301.3    -562.5052 -610.1639 0.7033042
301.31    -562.3732 -610.1465 0.7031823
301.32    -562.2411 -610.129 0.7030597
301.33    -562.1089 -610.1115 0.7029366
301.34    -561.9768 -610.0939 0.7028131
301.35    -561.8446 -610.0762 0.7026892
301.36    -561.7123 -610.0585 0.7025648
301.37    -561.58 -610.0408 0.7024401
301.38    -561.4476 -610.023 0.702315
301.39    -561.3152 -610.0051 0.7021899
301.4    -561.1828 -609.9872 0.7020647
301.41    -561.0503 -609.9692 0.7019394
301.42    -560.9178 -609.9511 0.7018141
301.43    -560.7852 -609.933 0.7016886
301.44    -560.6525 -609.9149 0.7015637
301.45    -560.5197 -609.8966 0.7014394
301.46    -560.3869 -609.8784 0.7013155
301.47    -560.2541 -609.86 0.7011922
301.48    -560.1212 -609.8417 0.7010693
301.49    -559.9883 -609.8233 0.7009481
301.5    -559.8553 -609.8049 0.7008284
301.51    -559.7222 -609.7864 0.7007104
301.52    -559.5891 -609.7679 0.7005937
301.53    -559.4559 -609.7493 0.7004784
301.54    -559.3228 -609.7307 0.7003657
301.55    -559.1895 -609.7121 0.7002555
301.56    -559.0562 -609.6934 0.7001476
301.57    -558.9229 -609.6747 0.700042
301.58    -558.7895 -609.656 0.6999385
301.59    -558.656 -609.6373 0.6998381
301.6    -558.5225 -609.6184 0.6997406
301.61    -558.3889 -609.5995 0.6996459
301.62    -558.2552 -609.5807 0.699554
301.63    -558.1215 -609.5618 0.6994644
301.64    -557.9877 -609.5429 0.6993783
301.65    -557.8539 -609.524 0.6992956
301.66    -557.7201 -609.505 0.6992159
301.67    -557.5861 -609.486 0.6991394
301.68    -557.4521 -609.467 0.6990656
301.69    -557.318 -609.448 0.6989946
301.7    -557.1839 -609.429 0.6989278
301.71    -557.0497 -609.41 0.6988648
301.72    -556.9155 -609.3909 0.6988056
301.73    -556.7813 -609.3718 0.69875
301.74    -556.6469 -609.3527 0.6986991
301.75    -556.5125 -609.3336 0.6986526
301.76    -556.3781 -609.3145 0.6986104
301.77    -556.2435 -609.2955 0.6985723
301.78    -556.1089 -609.2763 0.6985381
301.79    -555.9743 -609.2572 0.6985076
301.8    -555.8396 -609.238 0.6984815
301.81    -555.7048 -609.2189 0.6984596
301.82    -555.57 -609.1998 0.6984416
301.83    -555.4351 -609.1807 0.6984273
301.84    -555.3002 -609.1616 0.698417
301.85    -555.1651 -609.1424 0.6984106
301.86    -555.03 -609.1233 0.6984076
301.87    -554.8949 -609.1042 0.6984081
301.88    -554.7597 -609.085 0.6984118
301.89    -554.6245 -609.066 0.6984189
301.9    -554.4891 -609.0469 0.6984293
301.91    -554.3538 -609.0278 0.698443
301.92    -554.2183 -609.0088 0.6984596
301.93    -554.0828 -608.9897 0.6984791
301.94    -553.9472 -608.9708 0.6985013
301.95    -553.8116 -608.9518 0.6985261
301.96    -553.6759 -608.9329 0.6985533
301.97    -553.5401 -608.9139 0.6985828
301.98    -553.4042 -608.895 0.6986146
301.99    -553.2684 -608.8762 0.6986485
302    -553.1324 -608.8573 0.6986843
302.01    -552.9963 -608.8385 0.698722
302.02    -552.8602 -608.8197 0.6987616
302.03    -552.7239 -608.801 0.6988029
302.04    -552.5877 -608.7822 0.6988459
302.05    -552.4514 -608.7635 0.6988903
302.06    -552.3149 -608.7449 0.6989362
302.07    -552.1784 -608.7263 0.6989836
302.08    -552.0417 -608.7077 0.6990322
302.09    -551.9051 -608.6891 0.6990822
302.1    -551.7684 -608.6706 0.6991333
302.11    -551.6316 -608.6521 0.6991857
302.12    -551.4947 -608.6337 0.6992391
302.13    -551.3577 -608.6153 0.6992935
302.14    -551.2206 -608.5969 0.6993489
302.15    -551.0836 -608.5787 0.6994052
302.16    -550.9464 -608.5604 0.6994625
302.17    -550.8091 -608.5422 0.6995205
302.18    -550.6718 -608.524 0.6995794
302.19    -550.5344 -608.5059 0.6996389
302.2    -550.3968 -608.4879 0.6996992
302.21    -550.2592 -608.4699 0.6997602
302.22    -550.1216 -608.452 0.6998218
302.23    -549.9838 -608.4341 0.6998839
302.24    -549.846 -608.4163 0.6999467
302.25    -549.7081 -608.3986 0.7000099
302.26    -549.5701 -608.3809 0.7000737
302.27    -549.4321 -608.3633 0.7001379
302.28    -549.2939 -608.3458 0.7002025
302.29    -549.1558 -608.3283 0.7002675
302.3    -549.0175 -608.3109 0.7003329
302.31    -548.8791 -608.2935 0.7003986
302.32    -548.7407 -608.2762 0.7004645
302.33    -548.6022 -608.259 0.7005308
302.34    -548.4636 -608.2419 0.7005973
302.35    -548.3249 -608.2249 0.7006641
302.36    -548.1861 -608.2078 0.700731
302.37    -548.0473 -608.1909 0.7007982
302.38    -547.9084 -608.1741 0.7008654
302.39    -547.7694 -608.1574 0.7009329
302.4    -547.6304 -608.1407 0.7010004
302.41    -547.4912 -608.1241 0.7010681
302.42    -547.352 -608.1077 0.7011358
302.43    -547.2127 -608.0913 0.7012038
302.44    -547.0734 -608.075 0.7012717
302.45    -546.9339 -608.0588 0.7013397
302.46    -546.7944 -608.0427 0.7014078
302.47    -546.6548 -608.0267 0.7014759
302.48    -546.5151 -608.0108 0.701544
302.49    -546.3754 -607.995 0.7016122
302.5    -546.2355 -607.9792 0.7016804
302.51    -546.0956 -607.9636 0.7017485
302.52    -545.9556 -607.9481 0.7018166
302.53    -545.8155 -607.9326 0.7018848
302.54    -545.6754 -607.9173 0.7019529
302.55    -545.5351 -607.9022 0.7020209
302.56    -545.3948 -607.887 0.702089
302.57    -545.2544 -607.872 0.7021569
302.58    -545.114 -607.8571 0.7022247
302.59    -544.9734 -607.8424 0.7022925
302.6    -544.8328 -607.8277 0.7023603
302.61    -544.6921 -607.8131 0.7024279
302.62    -544.5513 -607.7986 0.7024955
302.63    -544.4105 -607.7844 0.702563
302.64    -544.2695 -607.7701 0.7026303
302.65    -544.1285 -607.756 0.7026976
302.66    -543.9874 -607.742 0.7027649
302.67    -543.8463 -607.7281 0.7028319
302.68    -543.705 -607.7143 0.7028989
302.69    -543.5637 -607.7007 0.7029657
302.7    -543.4224 -607.6871 0.7030324
302.71    -543.2809 -607.6737 0.7030991
302.72    -543.1395 -607.6604 0.7031656
302.73    -542.9978 -607.6472 0.7032319
302.74    -542.8561 -607.6341 0.7032982
302.75    -542.7144 -607.6211 0.7033643
302.76    -542.5726 -607.6082 0.7034303
302.77    -542.4308 -607.5955 0.7034962
302.78    -542.2888 -607.5829 0.7035618
302.79    -542.1467 -607.5704 0.7036274
302.8    -542.0046 -607.558 0.7036929
302.81    -541.8625 -607.5458 0.7037581
302.82    -541.7203 -607.5336 0.7038225
302.83    -541.578 -607.5216 0.7038879
302.84    -541.4356 -607.5097 0.7039554
302.85    -541.2932 -607.498 0.7040224
302.86    -541.1506 -607.4863 0.7040893
302.87    -541.0081 -607.4747 0.7041561
302.88    -540.8654 -607.4633 0.7042226
302.89    -540.7227 -607.452 0.7042888
302.9    -540.58 -607.4409 0.7043549
302.91    -540.4371 -607.4298 0.7044206
302.92    -540.2942 -607.4189 0.7044863
302.93    -540.1512 -607.4081 0.7045516
302.94    -540.0082 -607.3974 0.7046168
302.95    -539.8652 -607.3868 0.7046818
302.96    -539.722 -607.3765 0.7047464
302.97    -539.5789 -607.3661 0.7048109
302.98    -539.4356 -607.356 0.7048752
302.99    -539.2922 -607.3459 0.7049393
303    -539.1489 -607.3359 0.7050033
303.01    -539.0054 -607.3261 0.7050672
303.02    -538.8619 -607.3164 0.7051308
303.03    -538.7184 -607.3068 0.7051943
303.04    -538.5748 -607.2973 0.7052576
303.05    -538.4311 -607.2879 0.7053207
303.06    -538.2874 -607.2786 0.7053835
303.07    -538.1436 -607.2695 0.7054461
303.08    -537.9998 -607.2604 0.7055085
303.09    -537.8559 -607.2515 0.7055708
303.1    -537.712 -607.2427 0.7056327
303.11    -537.568 -607.2341 0.7056944
303.12    -537.424 -607.2255 0.7057559
303.13    -537.2798 -607.217 0.7058172
303.14    -537.1357 -607.2086 0.7058783
303.15    -536.9915 -607.2003 0.7059389
303.16    -536.8473 -607.1922 0.7059991
303.17    -536.703 -607.1841 0.706059
303.18    -536.5587 -607.1761 0.7061185
303.19    -536.4144 -607.1683 0.7061777
303.2    -536.27 -607.1606 0.7062361
303.21    -536.1255 -607.153 0.7062939
303.22    -535.9811 -607.1454 0.706351
303.23    -535.8365 -607.138 0.7064076
303.24    -535.692 -607.1307 0.7064636
303.25    -535.5474 -607.1234 0.706519
303.26    -535.4028 -607.1163 0.7065739
303.27    -535.2582 -607.1093 0.7066283
303.28    -535.1135 -607.1023 0.7066821
303.29    -534.9688 -607.0955 0.7067357
303.3    -534.824 -607.0887 0.7067888
303.31    -534.6792 -607.082 0.7068415
303.32    -534.5344 -607.0755 0.7068939
303.33    -534.3895 -607.069 0.706946
303.34    -534.2446 -607.0626 0.7069976
303.35    -534.0997 -607.0563 0.707049
303.36    -533.9547 -607.0502 0.7071001
303.37    -533.8098 -607.0441 0.707151
303.38    -533.6647 -607.038 0.7072017
303.39    -533.5197 -607.0321 0.707252
303.4    -533.3746 -607.0263 0.7073022
303.41    -533.2296 -607.0206 0.7073522
303.42    -533.0844 -607.0149 0.7074019
303.43    -532.9392 -607.0093 0.7074516
303.44    -532.7941 -607.0038 0.707501
303.45    -532.6489 -606.9985 0.7075502
303.46    -532.5036 -606.9932 0.7075994
303.47    -532.3583 -606.988 0.7076484
303.48    -532.213 -606.9828 0.7076973
303.49    -532.0677 -606.9778 0.7077459
303.5    -531.9224 -606.9728 0.7077944
303.51    -531.777 -606.968 0.7078425
303.52    -531.6316 -606.9631 0.7078906
303.53    -531.4861 -606.9585 0.7079384
303.54    -531.3407 -606.9539 0.7079858
303.55    -531.1952 -606.9493 0.7080328
303.56    -531.0497 -606.9448 0.7080794
303.57    -530.9041 -606.9404 0.7081257
303.58    -530.7585 -606.936 0.7081715
303.59    -530.613 -606.9318 0.7082169
303.6    -530.4673 -606.9276 0.7082617
303.61    -530.3217 -606.9234 0.7083059
303.62    -530.176 -606.9193 0.7083496
303.63    -530.0303 -606.9153 0.7083929
303.64    -529.8846 -606.9113 0.7084352
303.65    -529.7389 -606.9074 0.7084766
303.66    -529.5931 -606.9036 0.7085171
303.67    -529.4473 -606.8999 0.7085569
303.68    -529.3015 -606.8962 0.7085958
303.69    -529.1556 -606.8926 0.708634
303.7    -529.0098 -606.889 0.708671
303.71    -528.8639 -606.8856 0.7087067
303.72    -528.718 -606.8821 0.7087412
303.73    -528.572 -606.8788 0.7087747
303.74    -528.4261 -606.8754 0.7088068
303.75    -528.2801 -606.8721 0.7088374
303.76    -528.1341 -606.8688 0.7088668
303.77    -527.9881 -606.8656 0.708895
303.78    -527.842 -606.8625 0.7089221
303.79    -527.696 -606.8594 0.7089481
303.8    -527.5499 -606.8564 0.7089729
303.81    -527.4038 -606.8535 0.7089965
303.82    -527.2577 -606.8505 0.7090191
303.83    -527.1116 -606.8477 0.7090406
303.84    -526.9655 -606.8449 0.7090611
303.85    -526.8193 -606.8421 0.7090807
303.86    -526.6731 -606.8394 0.7090995
303.87    -526.5269 -606.8367 0.7091174
303.88    -526.3807 -606.8342 0.7091345
303.89    -526.2344 -606.8316 0.7091508
303.9    -526.0882 -606.8291 0.7091664
303.91    -525.942 -606.8266 0.7091814
303.92    -525.7957 -606.8242 0.7091957
303.93    -525.6494 -606.8218 0.7092094
303.94    -525.5031 -606.8195 0.7092226
303.95    -525.3568 -606.8172 0.7092353
303.96    -525.2104 -606.815 0.7092474
303.97    -525.064 -606.8128 0.7092591
303.98    -524.9177 -606.8107 0.7092702
303.99    -524.7713 -606.8085 0.709281
304    -524.6249 -606.8065 0.7092915
304.01    -524.4785 -606.8044 0.7093014
304.02    -524.332 -606.8025 0.7093111
304.03    -524.1855 -606.8005 0.7093204
304.04    -524.0391 -606.7986 0.7093293
304.05    -523.8926 -606.7968 0.7093379
304.06    -523.7461 -606.795 0.7093463
304.07    -523.5995 -606.7932 0.7093543
304.08    -523.453 -606.7914 0.7093623
304.09    -523.3065 -606.7897 0.7093698
304.1    -523.1599 -606.788 0.7093771
304.11    -523.0133 -606.7864 0.7093843
304.12    -522.8667 -606.7847 0.7093912
304.13    -522.7201 -606.7832 0.7093979
304.14    -522.5734 -606.7816 0.7094044
304.15    -522.4268 -606.7801 0.7094108
304.16    -522.2801 -606.7787 0.709417
304.17    -522.1334 -606.7772 0.7094229
304.18    -521.9867 -606.7759 0.7094288
304.19    -521.84 -606.7745 0.7094346
304.2    -521.6932 -606.7732 0.7094402
304.21    -521.5464 -606.7719 0.7094457
304.22    -521.3997 -606.7706 0.709451
304.23    -521.2528 -606.7693 0.7094562
304.24    -521.106 -606.7681 0.7094614
304.25    -520.9592 -606.767 0.7094664
304.26    -520.8123 -606.7659 0.7094713
304.27    -520.6654 -606.7648 0.7094762
304.28    -520.5185 -606.7637 0.7094809
304.29    -520.3715 -606.7627 0.7094855
304.3    -520.2246 -606.7617 0.7094902
304.31    -520.0776 -606.7607 0.7094947
304.32    -519.9307 -606.7598 0.7094991
304.33    -519.7836 -606.7589 0.7095035
304.34    -519.6366 -606.758 0.7095078
304.35    -519.4896 -606.7572 0.7095121
304.36    -519.3425 -606.7564 0.7095163
304.37    -519.1954 -606.7557 0.7095205
304.38    -519.0483 -606.7549 0.7095246
304.39    -518.9012 -606.7543 0.7095286
304.4    -518.7541 -606.7536 0.7095327
304.41    -518.6069 -606.7531 0.7095366
304.42    -518.4597 -606.7525 0.7095405
304.43    -518.3125 -606.752 0.7095445
304.44    -518.1653 -606.7515 0.7095484
304.45    -518.0181 -606.751 0.7095522
304.46    -517.8708 -606.7507 0.709556
304.47    -517.7235 -606.7504 0.7095597
304.48    -517.5762 -606.7501 0.7095635
304.49    -517.4288 -606.7498 0.7095672
304.5    -517.2815 -606.7496 0.7095709
304.51    -517.1341 -606.7495 0.7095746
304.52    -516.9867 -606.7495 0.7095782
304.53    -516.8392 -606.7493 0.7095819
304.54    -516.6918 -606.7493 0.7095855
304.55    -516.5444 -606.7494 0.7095891
304.56    -516.3969 -606.7495 0.7095926
304.57    -516.2494 -606.7496 0.7095961
304.58    -516.1019 -606.7498 0.7095996
304.59    -515.9543 -606.75 0.709603
304.6    -515.8067 -606.7502 0.7096065
304.61    -515.6591 -606.7505 0.7096099
304.62    -515.5115 -606.7509 0.7096133
304.63    -515.3638 -606.7512 0.7096166
304.64    -515.2162 -606.7516 0.7096201
304.65    -515.0685 -606.7521 0.7096233
304.66    -514.9208 -606.7526 0.7096267
304.67    -514.7731 -606.7532 0.70963
304.68    -514.6254 -606.7538 0.7096332
304.69    -514.4776 -606.7544 0.7096365
304.7    -514.3298 -606.755 0.7096397
304.71    -514.1821 -606.7557 0.7096429
304.72    -514.0342 -606.7565 0.7096462
304.73    -513.8864 -606.7573 0.7096494
304.74    -513.7385 -606.758 0.7096526
304.75    -513.5906 -606.7589 0.7096558
304.76    -513.4427 -606.7598 0.709659
304.77    -513.2949 -606.7607 0.7096621
304.78    -513.1469 -606.7616 0.7096653
304.79    -512.999 -606.7626 0.7096685
304.8    -512.851 -606.7635 0.7096716
304.81    -512.7031 -606.7646 0.7096748
304.82    -512.5551 -606.7657 0.7096779
304.83    -512.407 -606.7668 0.7096811
304.84    -512.259 -606.768 0.7096843
304.85    -512.111 -606.7692 0.7096874
304.86    -511.963 -606.7704 0.7096905
304.87    -511.815 -606.7717 0.7096936
304.88    -511.6669 -606.773 0.7096967
304.89    -511.5188 -606.7743 0.7096997
304.9    -511.3708 -606.7757 0.7097027
304.91    -511.2227 -606.7771 0.7097058
304.92    -511.0745 -606.7786 0.7097088
304.93    -510.9264 -606.78 0.7097118
304.94    -510.7783 -606.7815 0.7097148
304.95    -510.6301 -606.7831 0.7097178
304.96    -510.482 -606.7846 0.7097207
304.97    -510.3338 -606.7863 0.7097237
304.98    -510.1856 -606.7879 0.7097266
304.99    -510.0374 -606.7896 0.7097296
305    -509.8892 -606.7913 0.7097325
305.01    -509.741 -606.793 0.7097354
305.02    -509.5927 -606.7949 0.7097383
305.03    -509.4445 -606.7966 0.7097413
305.04    -509.2962 -606.7985 0.7097442
305.05    -509.1479 -606.8004 0.7097471
305.06    -508.9996 -606.8022 0.70975
305.07    -508.8513 -606.8041 0.7097529
305.08    -508.703 -606.8062 0.7097558
305.09    -508.5547 -606.8081 0.7097587
305.1    -508.4063 -606.8101 0.7097616
305.11    -508.258 -606.8122 0.7097644
305.12    -508.1096 -606.8143 0.7097673
305.13    -507.9612 -606.8163 0.7097703
305.14    -507.8128 -606.8185 0.7097731
305.15    -507.6644 -606.8207 0.709776
305.16    -507.516 -606.8228 0.7097789
305.17    -507.3676 -606.825 0.7097818
305.18    -507.2191 -606.8273 0.7097846
305.19    -507.0706 -606.8295 0.7097875
305.2    -506.9222 -606.8318 0.7097905
305.21    -506.7737 -606.834 0.7097935
305.22    -506.6252 -606.8364 0.7097966
305.23    -506.4767 -606.8387 0.7097997
305.24    -506.3282 -606.8411 0.7098029
305.25    -506.1796 -606.8434 0.709806
305.26    -506.0311 -606.8458 0.7098093
305.27    -505.8825 -606.8482 0.7098125
305.28    -505.7339 -606.8506 0.7098159
305.29    -505.5853 -606.853 0.7098191
305.3    -505.4367 -606.8553 0.7098225
305.31    -505.2881 -606.8578 0.7098259
305.32    -505.1395 -606.8602 0.7098293
305.33    -504.9908 -606.8627 0.7098327
305.34    -504.8422 -606.8651 0.7098362
305.35    -504.6935 -606.8676 0.7098397
305.36    -504.5448 -606.87 0.7098432
305.37    -504.3961 -606.8724 0.7098467
305.38    -504.2474 -606.8749 0.7098503
305.39    -504.0987 -606.8774 0.7098539
305.4    -503.95 -606.8799 0.7098575
305.41    -503.8012 -606.8824 0.709861
305.42    -503.6524 -606.8849 0.7098647
305.43    -503.5037 -606.8874 0.7098684
305.44    -503.3549 -606.8899 0.709872
305.45    -503.2061 -606.8923 0.7098756
305.46    -503.0573 -606.8949 0.7098793
305.47    -502.9084 -606.8975 0.7098831
305.48    -502.7596 -606.9 0.7098868
305.49    -502.6107 -606.9026 0.7098905
305.5    -502.4619 -606.9052 0.7098942
305.51    -502.313 -606.9077 0.7098981
305.52    -502.1641 -606.9102 0.7099018
305.53    -502.0152 -606.9128 0.7099056
305.54    -501.8663 -606.9154 0.7099094
305.55    -501.7174 -606.918 0.7099132
305.56    -501.5684 -606.9207 0.7099169
305.57    -501.4195 -606.9233 0.7099208
305.58    -501.2705 -606.9259 0.7099246
305.59    -501.1215 -606.9285 0.7099283
305.6    -500.9725 -606.9312 0.7099319
305.61    -500.8235 -606.9337 0.7099354
305.62    -500.6745 -606.9364 0.7099387
305.63    -500.5255 -606.9391 0.709942
305.64    -500.3764 -606.9418 0.7099448
305.65    -500.2274 -606.9445 0.7099469
305.66    -500.0783 -606.9471 0.7099485
305.67    -499.9292 -606.9499 0.7099497
305.68    -499.7801 -606.9526 0.7099503
305.69    -499.631 -606.9553 0.7099499
305.7    -499.4818 -606.9579 0.7099485
305.71    -499.3327 -606.9606 0.7099462
305.72    -499.1835 -606.9633 0.709943
305.73    -499.0344 -606.966 0.7099389
305.74    -498.8852 -606.9687 0.7099341
305.75    -498.736 -606.9714 0.7099285
305.76    -498.5868 -606.9741 0.7099222
305.77    -498.4376 -606.9767 0.7099153
305.78    -498.2883 -606.9794 0.7099077
305.79    -498.1391 -606.9821 0.7099004
305.8    -497.9898 -606.9848 0.7098933
305.81    -497.8405 -606.9875 0.7098867
305.82    -497.6913 -606.9902 0.7098802
305.83    -497.5419 -606.9929 0.709874
305.84    -497.3926 -606.9954 0.7098697
305.85    -497.2433 -606.998 0.7098672
305.86    -497.094 -607.0007 0.7098663
305.87    -496.9446 -607.0033 0.709867
305.88    -496.7952 -607.0059 0.7098692
305.89    -496.6459 -607.0085 0.7098744
305.9    -496.4965 -607.0111 0.7098823
305.91    -496.3471 -607.0137 0.7098929
305.92    -496.1977 -607.0163 0.7099059
305.93    -496.0482 -607.0189 0.7099214
305.94    -495.8988 -607.0214 0.70994
305.95    -495.7493 -607.0239 0.7099614
305.96    -495.5999 -607.0265 0.7099857
305.97    -495.4503 -607.0291 0.7100127
305.98    -495.3008 -607.0316 0.7100422
305.99    -495.1513 -607.0341 0.7100743
306    -495.0018 -607.0367 0.710109
306.01    -494.8523 -607.0392 0.7101462
306.02    -494.7027 -607.0418 0.7101858
306.03    -494.5532 -607.0443 0.7102275
306.04    -494.4036 -607.0468 0.7102717
306.05    -494.254 -607.0493 0.7103181
306.06    -494.1044 -607.0518 0.7103667
306.07    -493.9548 -607.0543 0.7104173
306.08    -493.8051 -607.0568 0.7104697
306.09    -493.6555 -607.0593 0.7105244
306.1    -493.5058 -607.0618 0.7105812
306.11    -493.3562 -607.0643 0.71064
306.12    -493.2065 -607.0668 0.7107005
306.13    -493.0568 -607.0692 0.7107629
306.14    -492.9071 -607.0717 0.7108275
306.15    -492.7574 -607.0742 0.7108939
306.16    -492.6076 -607.0766 0.7109624
306.17    -492.4579 -607.079 0.7110326
306.18    -492.3081 -607.0815 0.7111047
306.19    -492.1583 -607.0839 0.7111783
306.2    -492.0085 -607.0863 0.7112537
306.21    -491.8587 -607.0887 0.7113305
306.22    -491.7089 -607.0911 0.711409
306.23    -491.559 -607.0935 0.7114888
306.24    -491.4092 -607.0959 0.7115698
306.25    -491.2593 -607.0983 0.7116517
306.26    -491.1095 -607.1006 0.7117346
306.27    -490.9596 -607.103 0.7118185
306.28    -490.8097 -607.1053 0.7119032
306.29    -490.6597 -607.1077 0.7119887
306.3    -490.5098 -607.11 0.7120742
306.31    -490.3599 -607.1123 0.7121595
306.32    -490.2099 -607.1146 0.7122447
306.33    -490.06 -607.1169 0.7123299
306.34    -489.91 -607.1192 0.7124141
306.35    -489.76 -607.1215 0.7124972
306.36    -489.61 -607.1238 0.7125795
306.37    -489.46 -607.1261 0.7126608
306.38    -489.3099 -607.1284 0.7127415
306.39    -489.1599 -607.1306 0.7128204
306.4    -489.0099 -607.1329 0.7128979
306.41    -488.8598 -607.1351 0.7129739
306.42    -488.7097 -607.1373 0.7130486
306.43    -488.5596 -607.1396 0.7131219
306.44    -488.4095 -607.1418 0.7131937
306.45    -488.2594 -607.144 0.7132638
306.46    -488.1092 -607.1462 0.7133326
306.47    -487.9591 -607.1484 0.7133999
306.48    -487.8089 -607.1506 0.7134659
306.49    -487.6588 -607.1527 0.7135305
306.5    -487.5086 -607.1549 0.7135938
306.51    -487.3584 -607.157 0.7136557
306.52    -487.2082 -607.1592 0.7137163
306.53    -487.0579 -607.1613 0.7137758
306.54    -486.9077 -607.1635 0.7138337
306.55    -486.7574 -607.1656 0.7138905
306.56    -486.6072 -607.1677 0.7139459
306.57    -486.4569 -607.1697 0.7140002
306.58    -486.3066 -607.1718 0.7140533
306.59    -486.1563 -607.1739 0.7141047
306.6    -486.006 -607.176 0.7141544
306.61    -485.8557 -607.178 0.7142026
306.62    -485.7053 -607.1801 0.7142493
306.63    -485.555 -607.1821 0.7142947
306.64    -485.4046 -607.1841 0.7143378
306.65    -485.2542 -607.1861 0.7143788
306.66    -485.1039 -607.1881 0.7144178
306.67    -484.9534 -607.1901 0.7144549
306.68    -484.803 -607.1921 0.7144902
306.69    -484.6526 -607.1941 0.7145237
306.7    -484.5021 -607.196 0.7145543
306.71    -484.3517 -607.198 0.714582
306.72    -484.2012 -607.2 0.714607
306.73    -484.0507 -607.2019 0.7146295
306.74    -483.9002 -607.2039 0.7146479
306.75    -483.7497 -607.2057 0.7146626
306.76    -483.5992 -607.2077 0.7146738
306.77    -483.4486 -607.2096 0.7146816
306.78    -483.298 -607.2115 0.7146862
306.79    -483.1475 -607.2134 0.7146862
306.8    -482.9969 -607.2153 0.7146819
306.81    -482.8463 -607.2172 0.7146735
306.82    -482.6957 -607.219 0.714661
306.83    -482.5451 -607.2209 0.7146448
306.84    -482.3945 -607.2228 0.714624
306.85    -482.2439 -607.2246 0.7145988
306.86    -482.0932 -607.2264 0.7145694
306.87    -481.9425 -607.2283 0.714536
306.88    -481.7918 -607.2301 0.7144988
306.89    -481.6412 -607.2319 0.7144576
306.9    -481.4905 -607.2337 0.7144126
306.91    -481.3398 -607.2355 0.7143641
306.92    -481.189 -607.2373 0.7143122
306.93    -481.0383 -607.2391 0.7142571
306.94    -480.8875 -607.2408 0.7141988
306.95    -480.7368 -607.2426 0.7141375
306.96    -480.586 -607.2444 0.7140735
306.97    -480.4352 -607.246 0.7140068
306.98    -480.2844 -607.2477 0.7139376
306.99    -480.1335 -607.2495 0.713866
307    -479.9827 -607.2512 0.713792
307.01    -479.8319 -607.2528 0.7137159
307.02    -479.681 -607.2544 0.7136376
307.03    -479.5301 -607.256 0.7135573
307.04    -479.3792 -607.2577 0.7134751
307.05    -479.2284 -607.2593 0.7133909
307.06    -479.0775 -607.2608 0.7133049
307.07    -478.9265 -607.2624 0.7132171
307.08    -478.7756 -607.2639 0.7131277
307.09    -478.6246 -607.2654 0.7130364
307.1    -478.4737 -607.2669 0.7129434
307.11    -478.3227 -607.2684 0.7128489
307.12    -478.1717 -607.2698 0.7127529
307.13    -478.0207 -607.2713 0.7126552
307.14    -477.8697 -607.2727 0.7125564
307.15    -477.7187 -607.2741 0.7124559
307.16    -477.5677 -607.2755 0.712354
307.17    -477.4166 -607.2769 0.7122508
307.18    -477.2655 -607.2783 0.7121463
307.19    -477.1144 -607.2795 0.7120405
307.2    -476.9634 -607.2809 0.7119337
307.21    -476.8123 -607.2822 0.7118257
307.22    -476.6612 -607.2834 0.7117167
307.23    -476.51 -607.2847 0.7116066
307.24    -476.3589 -607.2859 0.7114956
307.25    -476.2078 -607.2872 0.7113837
307.26    -476.0566 -607.2885 0.7112709
307.27    -475.9055 -607.2896 0.7111572
307.28    -475.7543 -607.2908 0.7110428
307.29    -475.6031 -607.292 0.7109278
307.3    -475.4519 -607.2931 0.7108122
307.31    -475.3008 -607.2943 0.7106959
307.32    -475.1496 -607.2953 0.7105791
307.33    -474.9984 -607.2964 0.7104618
307.34    -474.8471 -607.2975 0.710344
307.35    -474.6959 -607.2986 0.7102259
307.36    -474.5447 -607.2996 0.7101078
307.37    -474.3935 -607.3007 0.7099895
307.38    -474.2422 -607.3016 0.7098712
307.39    -474.091 -607.3027 0.7097532
307.4    -473.9398 -607.3036 0.7096354
307.41    -473.7885 -607.3046 0.709518
307.42    -473.6372 -607.3055 0.7094007
307.43    -473.486 -607.3065 0.7092838
307.44    -473.3347 -607.3073 0.7091677
307.45    -473.1834 -607.3082 0.7090526
307.46    -473.0321 -607.3091 0.7089383
307.47    -472.8808 -607.31 0.7088248
307.48    -472.7295 -607.3108 0.7087121
307.49    -472.5782 -607.3116 0.7086011
307.5    -472.4269 -607.3125 0.7084917
307.51    -472.2756 -607.3133 0.708384
307.52    -472.1243 -607.314 0.7082778
307.53    -471.9729 -607.3148 0.7081729
307.54    -471.8216 -607.3156 0.7080706
307.55    -471.6703 -607.3163 0.7079707
307.56    -471.519 -607.317 0.7078733
307.57    -471.3676 -607.3177 0.707778
307.58    -471.2163 -607.3184 0.7076848
307.59    -471.065 -607.319 0.7075947
307.6    -470.9136 -607.3197 0.7075077
307.61    -470.7623 -607.3203 0.7074234
307.62    -470.611 -607.3209 0.7073418
307.63    -470.4596 -607.3215 0.7072628
307.64    -470.3083 -607.3221 0.707187
307.65    -470.157 -607.3228 0.7071145
307.66    -470.0057 -607.3232 0.707045
307.67    -469.8544 -607.3238 0.7069783
307.68    -469.7031 -607.3243 0.7069144
307.69    -469.5518 -607.3249 0.7068529
307.7    -469.4005 -607.3254 0.7067942
307.71    -469.2492 -607.3259 0.7067381
307.72    -469.098 -607.3263 0.7066843
307.73    -468.9467 -607.3268 0.7066328
307.74    -468.7954 -607.3272 0.7065835
307.75    -468.6442 -607.3276 0.7065356
307.76    -468.4929 -607.3281 0.7064894
307.77    -468.3417 -607.3285 0.7064444
307.78    -468.1904 -607.3288 0.7064007
307.79    -468.0392 -607.3292 0.7063583
307.8    -467.888 -607.3295 0.7063156
307.81    -467.7368 -607.3299 0.7062726
307.82    -467.5855 -607.3303 0.7062294
307.83    -467.4343 -607.3306 0.7061861
307.84    -467.2831 -607.3308 0.7061411
307.85    -467.132 -607.3311 0.7060944
307.86    -466.9808 -607.3314 0.7060465
307.87    -466.8296 -607.3317 0.7059971
307.88    -466.6784 -607.3319 0.7059464
307.89    -466.5273 -607.3322 0.7058937
307.9    -466.3761 -607.3324 0.7058389
307.91    -466.2249 -607.3326 0.7057822
307.92    -466.0738 -607.3328 0.7057238
307.93    -465.9227 -607.3329 0.7056635
307.94    -465.7716 -607.3331 0.7056019
307.95    -465.6205 -607.3333 0.705539
307.96    -465.4694 -607.3335 0.7054748
307.97    -465.3183 -607.3336 0.7054095
307.98    -465.1672 -607.3337 0.7053429
307.99    -465.0162 -607.3338 0.7052768
308    -464.8651 -607.3339 0.705211
308.01    -464.7141 -607.334 0.7051455
308.02    -464.563 -607.3342 0.7050803
308.03    -464.4119 -607.3342 0.7050155
308.04    -464.2609 -607.3343 0.704953
308.05    -464.1099 -607.3344 0.7048928
308.06    -463.9588 -607.3344 0.7048349
308.07    -463.8078 -607.3344 0.7047791
308.08    -463.6568 -607.3345 0.7047253
308.09    -463.5058 -607.3345 0.7046754
308.1    -463.3548 -607.3345 0.7046294
308.11    -463.2038 -607.3345 0.7045869
308.12    -463.0528 -607.3345 0.7045479
308.13    -462.9018 -607.3345 0.7045121
308.14    -462.7508 -607.3344 0.7044795
308.15    -462.5999 -607.3344 0.7044512
308.16    -462.4489 -607.3343 0.704427
308.17    -462.298 -607.3342 0.7044068
308.18    -462.1471 -607.3342 0.7043903
308.19    -461.9961 -607.3341 0.7043775
308.2    -461.8452 -607.334 0.7043678
308.21    -461.6943 -607.3339 0.7043611
308.22    -461.5434 -607.3337 0.7043575
308.23    -461.3925 -607.3336 0.7043566
308.24    -461.2416 -607.3335 0.7043583
308.25    -461.0907 -607.3334 0.7043613
308.26    -460.9398 -607.3333 0.7043656
308.27    -460.7889 -607.3331 0.7043709
308.28    -460.6381 -607.3329 0.7043774
308.29    -460.4873 -607.3326 0.7043835
308.3    -460.3365 -607.3325 0.7043892
308.31    -460.1856 -607.3323 0.7043946
308.32    -460.0348 -607.3321 0.7043996
308.33    -459.884 -607.3318 0.7044044
308.34    -459.7332 -607.3316 0.7044088
308.35    -459.5824 -607.3314 0.704413
308.36    -459.4316 -607.3311 0.7044147
308.37    -459.2809 -607.3308 0.704414
308.38    -459.1301 -607.3306 0.7044112
308.39    -458.9794 -607.3303 0.7044054
308.4    -458.8286 -607.33 0.7043969
308.41    -458.6779 -607.3297 0.7043857
308.42    -458.5272 -607.3293 0.704372
308.43    -458.3765 -607.329 0.7043559
308.44    -458.2258 -607.3287 0.7043374
308.45    -458.0752 -607.3284 0.7043165
308.46    -457.9245 -607.3281 0.7042934
308.47    -457.7739 -607.3277 0.7042682
308.48    -457.6232 -607.3273 0.7042412
308.49    -457.4726 -607.327 0.7042126
308.5    -457.322 -607.3266 0.7041828
308.51    -457.1714 -607.3262 0.7041517
308.52    -457.0209 -607.3258 0.7041196
308.53    -456.8703 -607.3254 0.7040863
308.54    -456.7198 -607.3251 0.704053
308.55    -456.5693 -607.3247 0.7040198
308.56    -456.4188 -607.3243 0.7039866
308.57    -456.2683 -607.324 0.7039534
308.58    -456.1178 -607.3235 0.7039202
308.59    -455.9673 -607.3231 0.7038881
308.6    -455.8169 -607.3227 0.7038568
308.61    -455.6665 -607.3223 0.7038265
308.62    -455.5161 -607.3218 0.7037971
308.63    -455.3657 -607.3214 0.7037684
308.64    -455.2153 -607.321 0.7037411
308.65    -455.065 -607.3205 0.7037149
308.66    -454.9146 -607.32 0.7036899
308.67    -454.7643 -607.3195 0.703666
308.68    -454.614 -607.319 0.7036432
308.69    -454.4637 -607.3185 0.7036214
308.7    -454.3134 -607.318 0.7036005
308.71    -454.1632 -607.3175 0.7035805
308.72    -454.0129 -607.317 0.7035614
308.73    -453.8627 -607.3164 0.7035432
308.74    -453.7125 -607.3159 0.7035257
308.75    -453.5623 -607.3153 0.7035088
308.76    -453.4121 -607.3147 0.7034925
308.77    -453.262 -607.3141 0.7034768
308.78    -453.1118 -607.3135 0.7034617
308.79    -452.9617 -607.3129 0.7034471
308.8    -452.8116 -607.3123 0.7034323
308.81    -452.6615 -607.3117 0.7034174
308.82    -452.5114 -607.311 0.7034022
308.83    -452.3613 -607.3104 0.703387
308.84    -452.2112 -607.3098 0.7033715
308.85    -452.0612 -607.3091 0.703355
308.86    -451.9112 -607.3084 0.7033375
308.87    -451.7612 -607.3077 0.703319
308.88    -451.6112 -607.307 0.7032995
308.89    -451.4612 -607.3063 0.703278
308.9    -451.3113 -607.3056 0.7032546
308.91    -451.1614 -607.3049 0.7032294
308.92    -451.0114 -607.3041 0.7032024
308.93    -450.8615 -607.3033 0.7031738
308.94    -450.7117 -607.3026 0.7031426
308.95    -450.5618 -607.3018 0.703109
308.96    -450.412 -607.301 0.703073
308.97    -450.2621 -607.3002 0.7030348
308.98    -450.1123 -607.2994 0.7029945
308.99    -449.9625 -607.2986 0.7029517
309    -449.8127 -607.2977 0.7029064
309.01    -449.6629 -607.2968 0.7028588
309.02    -449.5132 -607.296 0.7028091
309.03    -449.3634 -607.2951 0.7027572
309.04    -449.2137 -607.2942 0.7027035
309.05    -449.0641 -607.2933 0.7026477
309.06    -448.9144 -607.2924 0.7025902
309.07    -448.7647 -607.2914 0.702531
309.08    -448.615 -607.2905 0.7024701
309.09    -448.4654 -607.2895 0.702408
309.1    -448.3158 -607.2885 0.702345
309.11    -448.1662 -607.2875 0.7022808
309.12    -448.0166 -607.2865 0.7022156
309.13    -447.867 -607.2855 0.7021495
309.14    -447.7175 -607.2844 0.7020833
309.15    -447.5679 -607.2834 0.7020169
309.16    -447.4184 -607.2823 0.7019504
309.17    -447.2689 -607.2813 0.7018838
309.18    -447.1194 -607.2802 0.7018171
309.19    -446.97 -607.2791 0.7017511
309.2    -446.8205 -607.278 0.701686
309.21    -446.6711 -607.2768 0.7016215
309.22    -446.5217 -607.2756 0.7015578
309.23    -446.3723 -607.2745 0.7014946
309.24    -446.2228 -607.2733 0.7014321
309.25    -446.0735 -607.2721 0.7013712
309.26    -445.9241 -607.2709 0.7013117
309.27    -445.7748 -607.2697 0.7012537
309.28    -445.6255 -607.2684 0.7011968
309.29    -445.4761 -607.2672 0.7011412
309.3    -445.3268 -607.2659 0.7010872
309.31    -445.1776 -607.2646 0.7010347
309.32    -445.0283 -607.2634 0.7009836
309.33    -444.8791 -607.262 0.7009338
309.34    -444.7299 -607.2607 0.7008855
309.35    -444.5807 -607.2595 0.7008386
309.36    -444.4315 -607.2582 0.7007932
309.37    -444.2823 -607.2568 0.700749
309.38    -444.1331 -607.2554 0.700706
309.39    -443.984 -607.2541 0.7006645
309.4    -443.8349 -607.2527 0.7006243
309.41    -443.6858 -607.2514 0.7005853
309.42    -443.5367 -607.2501 0.7005475
309.43    -443.3876 -607.2487 0.7005108
309.44    -443.2385 -607.2473 0.7004755
309.45    -443.0895 -607.2458 0.7004416
309.46    -442.9405 -607.2444 0.7004089
309.47    -442.7914 -607.243 0.7003773
309.48    -442.6424 -607.2416 0.7003469
309.49    -442.4934 -607.2402 0.7003175
309.5    -442.3445 -607.2387 0.7002895
309.51    -442.1955 -607.2372 0.700263
309.52    -442.0466 -607.2358 0.7002376
309.53    -441.8977 -607.2343 0.7002136
309.54    -441.7488 -607.2328 0.7001913
309.55    -441.5999 -607.2314 0.7001705
309.56    -441.451 -607.2299 0.7001515
309.57    -441.3022 -607.2285 0.7001339
309.58    -441.1534 -607.2269 0.7001177
309.59    -441.0045 -607.2254 0.7001036
309.6    -440.8557 -607.2239 0.7000913
309.61    -440.707 -607.2224 0.7000809
309.62    -440.5582 -607.2208 0.7000721
309.63    -440.4094 -607.2193 0.700065
309.64    -440.2607 -607.2178 0.7000599
309.65    -440.112 -607.2162 0.7000566
309.66    -439.9633 -607.2147 0.700055
309.67    -439.8146 -607.2132 0.7000551
309.68    -439.6659 -607.2117 0.7000567
309.69    -439.5173 -607.2101 0.7000599
309.7    -439.3687 -607.2086 0.7000647
309.71    -439.22 -607.2071 0.7000707
309.72    -439.0714 -607.2056 0.7000782
309.73    -438.9228 -607.204 0.7000868
309.74    -438.7742 -607.2025 0.7000968
309.75    -438.6257 -607.201 0.7001079
309.76    -438.4771 -607.1995 0.70012
309.77    -438.3286 -607.198 0.7001332
309.78    -438.1801 -607.1965 0.7001474
309.79    -438.0316 -607.1949 0.7001625
309.8    -437.8831 -607.1934 0.7001784
309.81    -437.7346 -607.1919 0.7001952
309.82    -437.5862 -607.1904 0.7002127
309.83    -437.4378 -607.1889 0.700231
