884.56    -649.0621 -614.1183 0.7018856
884.57    -648.9338 -614.1146 0.7018529
884.58    -648.8055 -614.111 0.7018209
884.59    -648.6772 -614.1074 0.7017895
884.6    -648.5489 -614.1037 0.7017586
884.61    -648.4206 -614.1 0.7017303
884.62    -648.2923 -614.0964 0.7017041
884.63    -648.164 -614.0927 0.7016801
884.64    -648.0356 -614.0891 0.7016582
884.65    -647.9073 -614.0854 0.7016405
884.66    -647.7791 -614.0818 0.7016268
884.67    -647.6507 -614.0782 0.7016169
884.68    -647.5223 -614.0746 0.7016107
884.69    -647.394 -614.071 0.7016078
884.7    -647.2657 -614.0674 0.70161
884.71    -647.1373 -614.0638 0.701617
884.72    -647.009 -614.0602 0.7016284
884.73    -646.8806 -614.0566 0.7016442
884.74    -646.7523 -614.053 0.7016639
884.75    -646.6239 -614.0494 0.7016879
884.76    -646.4955 -614.0458 0.7017156
884.77    -646.3672 -614.0422 0.7017471
884.78    -646.2388 -614.0386 0.7017822
884.79    -646.1105 -614.0351 0.7018205
884.8    -645.9821 -614.0316 0.7018619
884.81    -645.8538 -614.0281 0.7019063
884.82    -645.7254 -614.0245 0.7019534
884.83    -645.597 -614.021 0.7020031
884.84    -645.4687 -614.0175 0.7020553
884.85    -645.3403 -614.0139 0.7021096
884.86    -645.212 -614.0104 0.702166
884.87    -645.0836 -614.0068 0.7022242
884.88    -644.9553 -614.0033 0.7022843
884.89    -644.8268 -613.9998 0.702346
884.9    -644.6985 -613.9962 0.7024087
884.91    -644.5701 -613.9927 0.7024723
884.92    -644.4417 -613.9891 0.702537
884.93    -644.3133 -613.9856 0.7026024
884.94    -644.1849 -613.9821 0.7026687
884.95    -644.0565 -613.9785 0.702735
884.96    -643.9281 -613.975 0.7028012
884.97    -643.7997 -613.9716 0.7028674
884.98    -643.6713 -613.9681 0.7029336
884.99    -643.5428 -613.9646 0.7029998
885    -643.4144 -613.9611 0.7030655
885.01    -643.286 -613.9576 0.7031306
885.02    -643.1576 -613.9542 0.7031953
885.03    -643.0292 -613.9507 0.7032595
885.04    -642.9008 -613.9472 0.7033234
885.05    -642.7723 -613.9437 0.7033867
885.06    -642.6439 -613.9402 0.7034498
885.07    -642.5155 -613.9368 0.7035124
885.08    -642.3871 -613.9333 0.7035748
885.09    -642.2587 -613.9298 0.7036368
885.1    -642.1302 -613.9263 0.7036985
885.11    -642.0018 -613.9229 0.70376
885.12    -641.8734 -613.9194 0.7038211
885.13    -641.745 -613.9159 0.703882
885.14    -641.6165 -613.9124 0.7039428
885.15    -641.4881 -613.9089 0.7040032
885.16    -641.3597 -613.9055 0.7040635
885.17    -641.2312 -613.902 0.7041236
885.18    -641.1027 -613.8985 0.7041835
885.19    -640.9742 -613.895 0.7042432
885.2    -640.8458 -613.8915 0.7043031
885.21    -640.7173 -613.8881 0.7043632
885.22    -640.5889 -613.8846 0.7044234
885.23    -640.4604 -613.8811 0.7044837
885.24    -640.3319 -613.8776 0.7045441
885.25    -640.2034 -613.8741 0.7046057
885.26    -640.075 -613.8707 0.7046683
885.27    -639.9465 -613.8672 0.7047319
885.28    -639.818 -613.8637 0.7047965
885.29    -639.6895 -613.8602 0.7048619
885.3    -639.5609 -613.8568 0.7049282
885.31    -639.4324 -613.8533 0.7049964
885.32    -639.3038 -613.8498 0.7050664
885.33    -639.1753 -613.8463 0.7051381
885.34    -639.0468 -613.8428 0.7052115
885.35    -638.9182 -613.8394 0.7052865
885.36    -638.7897 -613.8359 0.705363
885.37    -638.6611 -613.8324 0.7054411
885.38    -638.5325 -613.8289 0.7055205
885.39    -638.4039 -613.8254 0.7056012
885.4    -638.2753 -613.822 0.7056831
885.41    -638.1467 -613.8185 0.7057662
885.42    -638.018 -613.815 0.7058504
885.43    -637.8893 -613.8115 0.7059355
885.44    -637.7607 -613.808 0.7060217
885.45    -637.632 -613.8046 0.7061083
885.46    -637.5034 -613.8011 0.7061956
885.47    -637.3746 -613.7976 0.7062834
885.48    -637.2459 -613.7941 0.7063716
885.49    -637.1172 -613.7906 0.7064603
885.5    -636.9884 -613.7871 0.7065494
885.51    -636.8597 -613.7836 0.7066383
885.52    -636.7309 -613.78 0.7067269
885.53    -636.6021 -613.7765 0.7068154
885.54    -636.4733 -613.7729 0.7069035
885.55    -636.3445 -613.7694 0.7069915
885.56    -636.2156 -613.7659 0.7070794
885.57    -636.0868 -613.7623 0.7071653
885.58    -635.9579 -613.7587 0.7072496
885.59    -635.829 -613.7552 0.7073323
885.6    -635.7001 -613.7516 0.7074123
885.61    -635.5712 -613.7481 0.7074899
885.62    -635.4423 -613.7446 0.7075651
885.63    -635.3134 -613.741 0.7076382
885.64    -635.1844 -613.7374 0.7077091
885.65    -635.0554 -613.7338 0.7077782
885.66    -634.9263 -613.7302 0.7078443
885.67    -634.7973 -613.7266 0.7079078
885.68    -634.6682 -613.723 0.7079689
885.69    -634.5391 -613.7194 0.7080275
885.7    -634.41 -613.7158 0.7080834
885.71    -634.2809 -613.7121 0.7081367
885.72    -634.1517 -613.7085 0.7081876
885.73    -634.0225 -613.7048 0.708236
885.74    -633.8933 -613.7012 0.7082824
885.75    -633.7641 -613.6975 0.7083262
885.76    -633.6349 -613.6938 0.7083676
885.77    -633.5056 -613.6901 0.7084069
885.78    -633.3763 -613.6865 0.7084439
885.79    -633.2469 -613.6828 0.708479
885.8    -633.1175 -613.6791 0.7085119
885.81    -632.9881 -613.6754 0.7085429
885.82    -632.8586 -613.6717 0.7085719
885.83    -632.7291 -613.6679 0.708599
885.84    -632.5996 -613.6642 0.7086244
885.85    -632.4701 -613.6605 0.7086481
885.86    -632.3405 -613.6567 0.7086702
885.87    -632.2109 -613.653 0.7086907
885.88    -632.0812 -613.6492 0.7087097
885.89    -631.9515 -613.6454 0.7087273
885.9    -631.8218 -613.6416 0.7087436
885.91    -631.6921 -613.6378 0.7087587
885.92    -631.5623 -613.634 0.7087725
885.93    -631.4324 -613.6302 0.7087852
885.94    -631.3026 -613.6263 0.7087969
885.95    -631.1727 -613.6225 0.7088075
885.96    -631.0427 -613.6187 0.7088172
885.97    -630.9127 -613.6148 0.7088261
885.98    -630.7827 -613.611 0.708834
885.99    -630.6526 -613.6071 0.7088411
886    -630.5226 -613.6032 0.7088475
886.01    -630.3925 -613.5993 0.7088531
886.02    -630.2623 -613.5954 0.708858
886.03    -630.1321 -613.5915 0.7088623
886.04    -630.0018 -613.5875 0.7088659
886.05    -629.8716 -613.5836 0.708869
886.06    -629.7413 -613.5797 0.7088715
886.07    -629.6109 -613.5757 0.7088735
886.08    -629.4805 -613.5718 0.708875
886.09    -629.35 -613.5677 0.708876
886.1    -629.2195 -613.5638 0.7088766
886.11    -629.0891 -613.5598 0.7088767
886.12    -628.9585 -613.5558 0.7088764
886.13    -628.8279 -613.5518 0.7088757
886.14    -628.6972 -613.5477 0.7088746
886.15    -628.5665 -613.5436 0.7088733
886.16    -628.4359 -613.5396 0.7088714
886.17    -628.3051 -613.5356 0.708869
886.18    -628.1743 -613.5315 0.7088662
886.19    -628.0435 -613.5274 0.708863
886.2    -627.9126 -613.5233 0.7088589
886.21    -627.7817 -613.5192 0.708854
886.22    -627.6508 -613.5151 0.7088483
886.23    -627.5198 -613.5109 0.708842
886.24    -627.3887 -613.5068 0.7088349
886.25    -627.2577 -613.5026 0.7088267
886.26    -627.1266 -613.4984 0.7088173
886.27    -626.9954 -613.4943 0.7088069
886.28    -626.8643 -613.4901 0.7087955
886.29    -626.733 -613.4859 0.7087831
886.3    -626.6018 -613.4816 0.7087692
886.31    -626.4705 -613.4774 0.7087538
886.32    -626.3392 -613.4732 0.7087371
886.33    -626.2078 -613.469 0.7087191
886.34    -626.0764 -613.4647 0.7086999
886.35    -625.9449 -613.4604 0.7086795
886.36    -625.8134 -613.4561 0.7086577
886.37    -625.6819 -613.4518 0.7086347
886.38    -625.5503 -613.4476 0.7086105
886.39    -625.4186 -613.4433 0.7085852
886.4    -625.287 -613.439 0.7085587
886.41    -625.1553 -613.4346 0.7085313
886.42    -625.0236 -613.4302 0.7085028
886.43    -624.8918 -613.4259 0.7084734
886.44    -624.7599 -613.4216 0.7084431
886.45    -624.6281 -613.4172 0.708412
886.46    -624.4962 -613.4128 0.70838
886.47    -624.3642 -613.4083 0.7083474
886.48    -624.2322 -613.4039 0.7083141
886.49    -624.1002 -613.3995 0.7082801
886.5    -623.9682 -613.3951 0.7082454
886.51    -623.8361 -613.3907 0.7082102
886.52    -623.704 -613.3862 0.7081743
886.53    -623.5719 -613.3817 0.7081379
886.54    -623.4397 -613.3773 0.708101
886.55    -623.3075 -613.3728 0.7080636
886.56    -623.1752 -613.3683 0.7080258
886.57    -623.043 -613.3638 0.7079875
886.58    -622.9106 -613.3593 0.7079487
886.59    -622.7783 -613.3547 0.7079096
886.6    -622.6459 -613.3502 0.7078701
886.61    -622.5135 -613.3456 0.7078303
886.62    -622.381 -613.3411 0.70779
886.63    -622.2485 -613.3365 0.7077495
886.64    -622.116 -613.3319 0.7077087
886.65    -621.9835 -613.3273 0.7076675
886.66    -621.8509 -613.3227 0.7076261
886.67    -621.7183 -613.3181 0.7075845
886.68    -621.5856 -613.3135 0.7075426
886.69    -621.4529 -613.3088 0.7075005
886.7    -621.3203 -613.3042 0.7074581
886.71    -621.1875 -613.2995 0.7074155
886.72    -621.0547 -613.2949 0.7073727
886.73    -620.9219 -613.2902 0.7073298
886.74    -620.789 -613.2855 0.7072866
886.75    -620.6561 -613.2808 0.7072433
886.76    -620.5232 -613.2761 0.7071998
886.77    -620.3903 -613.2714 0.7071561
886.78    -620.2573 -613.2667 0.7071124
886.79    -620.1242 -613.262 0.7070684
886.8    -619.9911 -613.2573 0.7070244
886.81    -619.8581 -613.2526 0.7069802
886.82    -619.725 -613.2478 0.7069359
886.83    -619.5919 -613.243 0.7068915
886.84    -619.4587 -613.2383 0.706847
886.85    -619.3255 -613.2335 0.7068024
886.86    -619.1923 -613.2288 0.7067577
886.87    -619.059 -613.224 0.7067128
886.88    -618.9257 -613.2192 0.7066679
886.89    -618.7924 -613.2144 0.706623
886.9    -618.659 -613.2097 0.7065779
886.91    -618.5256 -613.2048 0.7065328
886.92    -618.3922 -613.2 0.7064876
886.93    -618.2588 -613.1952 0.7064423
886.94    -618.1253 -613.1904 0.7063969
886.95    -617.9918 -613.1855 0.7063515
886.96    -617.8583 -613.1807 0.7063061
886.97    -617.7247 -613.1759 0.7062606
886.98    -617.5911 -613.1711 0.706215
886.99    -617.4575 -613.1663 0.7061694
887    -617.3238 -613.1614 0.7061237
887.01    -617.1901 -613.1566 0.706078
887.02    -617.0564 -613.1517 0.7060323
887.03    -616.9227 -613.1469 0.7059864
887.04    -616.7889 -613.142 0.7059406
887.05    -616.6551 -613.1371 0.7058948
887.06    -616.5212 -613.1322 0.7058489
887.07    -616.3874 -613.1273 0.7058029
887.08    -616.2535 -613.1224 0.7057569
887.09    -616.1196 -613.1176 0.7057109
887.1    -615.9856 -613.1127 0.7056649
887.11    -615.8516 -613.1078 0.7056188
887.12    -615.7176 -613.1029 0.7055727
887.13    -615.5836 -613.098 0.7055266
887.14    -615.4495 -613.0931 0.7054804
887.15    -615.3153 -613.0883 0.7054343
887.16    -615.1812 -613.0833 0.7053884
887.17    -615.047 -613.0784 0.7053428
887.18    -614.9128 -613.0734 0.7052975
887.19    -614.7786 -613.0685 0.7052525
887.2    -614.6443 -613.0635 0.7052087
887.21    -614.5101 -613.0586 0.7051663
887.22    -614.3757 -613.0536 0.7051252
887.23    -614.2414 -613.0487 0.7050851
887.24    -614.107 -613.0438 0.7050462
887.25    -613.9726 -613.0388 0.7050096
887.26    -613.8382 -613.0339 0.7049753
887.27    -613.7037 -613.0289 0.7049429
887.28    -613.5693 -613.024 0.7049127
887.29    -613.4348 -613.019 0.7048842
887.3    -613.3002 -613.0141 0.7048588
887.31    -613.1656 -613.0092 0.7048361
887.32    -613.0311 -613.0042 0.7048161
887.33    -612.8964 -612.9993 0.7047985
887.34    -612.7618 -612.9943 0.7047834
887.35    -612.6271 -612.9894 0.7047704
887.36    -612.4924 -612.9844 0.7047606
887.37    -612.3576 -612.9795 0.7047535
887.38    -612.2228 -612.9745 0.7047489
887.39    -612.088 -612.9696 0.704747
887.4    -611.9532 -612.9647 0.7047475
887.41    -611.8184 -612.9597 0.7047503
887.42    -611.6835 -612.9548 0.7047554
887.43    -611.5485 -612.9498 0.7047628
887.44    -611.4136 -612.9448 0.7047721
887.45    -611.2786 -612.9398 0.7047833
887.46    -611.1436 -612.9348 0.7047965
887.47    -611.0086 -612.9297 0.7048113
887.48    -610.8735 -612.9247 0.7048278
887.49    -610.7384 -612.9197 0.7048459
887.5    -610.6033 -612.9147 0.7048655
887.51    -610.4681 -612.9097 0.7048863
887.52    -610.3329 -612.9047 0.7049086
887.53    -610.1978 -612.8997 0.7049322
887.54    -610.0625 -612.8947 0.7049569
887.55    -609.9272 -612.8898 0.7049828
887.56    -609.792 -612.8848 0.7050096
887.57    -609.6567 -612.8798 0.7050377
887.58    -609.5213 -612.8748 0.7050665
887.59    -609.3859 -612.8698 0.7050964
887.6    -609.2505 -612.8647 0.7051271
887.61    -609.1151 -612.8597 0.7051587
887.62    -608.9796 -612.8547 0.705191
887.63    -608.8441 -612.8497 0.705224
887.64    -608.7086 -612.8447 0.7052578
887.65    -608.573 -612.8397 0.7052923
887.66    -608.4374 -612.8347 0.7053273
887.67    -608.3018 -612.8297 0.705363
887.68    -608.1662 -612.8247 0.7053992
887.69    -608.0305 -612.8197 0.7054361
887.7    -607.8948 -612.8147 0.7054732
887.71    -607.7592 -612.8097 0.7055107
887.72    -607.6234 -612.8047 0.7055486
887.73    -607.4876 -612.7997 0.7055868
887.74    -607.3518 -612.7947 0.7056253
887.75    -607.216 -612.7897 0.7056636
887.76    -607.0801 -612.7847 0.7057019
887.77    -606.9443 -612.7797 0.7057401
887.78    -606.8083 -612.7747 0.7057781
887.79    -606.6724 -612.7697 0.7058159
887.8    -606.5364 -612.7646 0.7058533
887.81    -606.4004 -612.7596 0.7058902
887.82    -606.2643 -612.7546 0.7059266
887.83    -606.1283 -612.7496 0.7059625
887.84    -605.9922 -612.7446 0.7059981
887.85    -605.8561 -612.7396 0.7060329
887.86    -605.72 -612.7346 0.706067
887.87    -605.5838 -612.7296 0.7061004
887.88    -605.4476 -612.7246 0.7061332
887.89    -605.3113 -612.7196 0.7061654
887.9    -605.1751 -612.7146 0.7061964
887.91    -605.0388 -612.7096 0.7062261
887.92    -604.9025 -612.7046 0.7062547
887.93    -604.7662 -612.6996 0.7062821
887.94    -604.6298 -612.6946 0.7063086
887.95    -604.4933 -612.6896 0.7063329
887.96    -604.3569 -612.6846 0.7063549
887.97    -604.2205 -612.6796 0.706375
887.98    -604.084 -612.6746 0.7063932
887.99    -603.9474 -612.6696 0.7064096
888    -603.8109 -612.6646 0.7064229
888.01    -603.6744 -612.6596 0.7064332
888.02    -603.5378 -612.6546 0.7064409
888.03    -603.4011 -612.6496 0.7064459
888.04    -603.2645 -612.6446 0.7064484
888.05    -603.1278 -612.6396 0.706448
888.06    -602.9911 -612.6346 0.7064447
888.07    -602.8544 -612.6296 0.7064388
888.08    -602.7176 -612.6246 0.7064304
888.09    -602.5808 -612.6196 0.7064196
888.1    -602.444 -612.6145 0.7064067
888.11    -602.3071 -612.6095 0.7063915
888.12    -602.1702 -612.6045 0.7063742
888.13    -602.0333 -612.5995 0.7063551
888.14    -601.8964 -612.5945 0.7063341
888.15    -601.7594 -612.5895 0.7063113
888.16    -601.6224 -612.5845 0.7062869
888.17    -601.4854 -612.5795 0.706261
888.18    -601.3484 -612.5745 0.7062335
888.19    -601.2113 -612.5695 0.7062046
888.2    -601.0742 -612.5644 0.7061745
888.21    -600.9371 -612.5593 0.706143
888.22    -600.8 -612.5543 0.7061103
888.23    -600.6628 -612.5492 0.7060764
888.24    -600.5256 -612.5441 0.7060416
888.25    -600.3884 -612.5391 0.7060057
888.26    -600.2511 -612.534 0.7059688
888.27    -600.1138 -612.5289 0.7059309
888.28    -599.9765 -612.5239 0.7058924
888.29    -599.8392 -612.5187 0.7058529
888.3    -599.7018 -612.5137 0.7058125
888.31    -599.5645 -612.5086 0.7057715
888.32    -599.4271 -612.5035 0.7057298
888.33    -599.2896 -612.4985 0.7056873
888.34    -599.1521 -612.4934 0.7056442
888.35    -599.0146 -612.4883 0.7056006
888.36    -598.8771 -612.4833 0.7055563
888.37    -598.7395 -612.4782 0.7055116
888.38    -598.6019 -612.4731 0.7054663
888.39    -598.4643 -612.468 0.7054206
888.4    -598.3267 -612.4629 0.7053742
888.41    -598.189 -612.4578 0.7053277
888.42    -598.0513 -612.4526 0.7052811
888.43    -597.9136 -612.4474 0.7052342
888.44    -597.7759 -612.4423 0.7051871
888.45    -597.6381 -612.4372 0.7051404
888.46    -597.5004 -612.4321 0.7050938
888.47    -597.3625 -612.4269 0.7050475
888.48    -597.2247 -612.4218 0.7050015
888.49    -597.0868 -612.4167 0.7049556
888.5    -596.9489 -612.4116 0.70491
888.51    -596.8109 -612.4064 0.7048653
888.52    -596.673 -612.4012 0.7048215
888.53    -596.535 -612.396 0.7047784
888.54    -596.397 -612.3908 0.7047361
888.55    -596.2589 -612.3856 0.7046946
888.56    -596.1208 -612.3804 0.7046541
888.57    -595.9828 -612.3752 0.7046144
888.58    -595.8447 -612.3701 0.7045757
888.59    -595.7065 -612.3649 0.7045379
888.6    -595.5684 -612.3597 0.7045007
888.61    -595.4302 -612.3545 0.7044643
888.62    -595.292 -612.3493 0.7044287
888.63    -595.1537 -612.3441 0.7043939
888.64    -595.0154 -612.3388 0.7043597
888.65    -594.8771 -612.3336 0.704326
888.66    -594.7388 -612.3283 0.7042929
888.67    -594.6005 -612.3231 0.7042605
888.68    -594.4621 -612.3178 0.7042285
888.69    -594.3237 -612.3126 0.7041971
888.7    -594.1852 -612.3073 0.7041662
888.71    -594.0468 -612.3021 0.7041356
888.72    -593.9083 -612.2968 0.7041055
888.73    -593.7698 -612.2916 0.7040759
888.74    -593.6313 -612.2862 0.7040466
888.75    -593.4927 -612.2809 0.7040178
888.76    -593.3542 -612.2756 0.7039895
888.77    -593.2156 -612.2703 0.7039617
888.78    -593.077 -612.265 0.7039344
888.79    -592.9383 -612.2596 0.7039075
888.8    -592.7996 -612.2543 0.7038816
888.81    -592.6609 -612.249 0.7038565
888.82    -592.5222 -612.2435 0.7038322
888.83    -592.3834 -612.2382 0.7038087
888.84    -592.2446 -612.2328 0.703786
888.85    -592.1058 -612.2274 0.7037646
888.86    -591.967 -612.222 0.7037444
888.87    -591.8281 -612.2167 0.7037253
888.88    -591.6892 -612.2112 0.7037074
888.89    -591.5503 -612.2057 0.7036905
888.9    -591.4114 -612.2003 0.7036753
888.91    -591.2724 -612.1949 0.7036615
888.92    -591.1334 -612.1895 0.7036492
888.93    -590.9944 -612.184 0.7036381
888.94    -590.8553 -612.1785 0.7036284
888.95    -590.7163 -612.173 0.7036204
888.96    -590.5772 -612.1675 0.7036139
888.97    -590.4381 -612.162 0.7036089
888.98    -590.299 -612.1565 0.7036053
888.99    -590.1598 -612.1509 0.703603
889    -590.0206 -612.1454 0.7036025
889.01    -589.8814 -612.1398 0.7036034
889.02    -589.7422 -612.1343 0.7036058
889.03    -589.6029 -612.1287 0.7036096
889.04    -589.4636 -612.1231 0.7036148
889.05    -589.3243 -612.1176 0.7036215
889.06    -589.185 -612.1119 0.7036297
889.07    -589.0456 -612.1063 0.7036394
889.08    -588.9062 -612.1006 0.7036504
889.09    -588.7667 -612.095 0.7036627
889.1    -588.6273 -612.0894 0.7036762
889.11    -588.4878 -612.0838 0.703691
889.12    -588.3483 -612.0781 0.7037069
889.13    -588.2087 -612.0724 0.7037238
889.14    -588.0692 -612.0667 0.7037418
889.15    -587.9296 -612.061 0.7037608
889.16    -587.79 -612.0554 0.7037807
889.17    -587.6503 -612.0496 0.7038015
889.18    -587.5107 -612.0438 0.703823
889.19    -587.371 -612.0381 0.7038453
889.2    -587.2313 -612.0323 0.7038684
889.21    -587.0916 -612.0266 0.7038923
889.22    -586.9518 -612.0208 0.7039167
889.23    -586.812 -612.015 0.7039418
889.24    -586.6722 -612.0092 0.7039675
889.25    -586.5323 -612.0034 0.7039938
889.26    -586.3925 -611.9975 0.7040206
889.27    -586.2526 -611.9916 0.7040479
889.28    -586.1127 -611.9858 0.7040757
889.29    -585.9728 -611.9799 0.7041039
889.3    -585.8328 -611.9741 0.7041327
889.31    -585.6929 -611.9681 0.7041618
889.32    -585.5529 -611.9623 0.7041913
889.33    -585.4128 -611.9564 0.7042211
889.34    -585.2728 -611.9504 0.7042512
889.35    -585.1327 -611.9445 0.7042818
889.36    -584.9926 -611.9386 0.7043126
889.37    -584.8525 -611.9327 0.7043438
889.38    -584.7123 -611.9267 0.7043753
889.39    -584.5721 -611.9208 0.7044069
889.4    -584.4319 -611.9149 0.7044389
889.41    -584.2917 -611.9089 0.7044711
889.42    -584.1515 -611.903 0.7045035
889.43    -584.0112 -611.8971 0.7045361
889.44    -583.8709 -611.8912 0.704569
889.45    -583.7306 -611.8853 0.7046021
889.46    -583.5903 -611.8793 0.7046353
889.47    -583.4499 -611.8734 0.7046687
889.48    -583.3095 -611.8675 0.7047023
889.49    -583.1691 -611.8616 0.704736
889.5    -583.0287 -611.8557 0.7047698
889.51    -582.8882 -611.8498 0.7048038
889.52    -582.7478 -611.8439 0.704838
889.53    -582.6073 -611.838 0.7048722
889.54    -582.4668 -611.832 0.7049066
889.55    -582.3263 -611.8261 0.7049411
889.56    -582.1857 -611.8202 0.7049757
889.57    -582.0452 -611.8143 0.7050104
889.58    -581.9045 -611.8084 0.7050451
889.59    -581.7639 -611.8025 0.70508
889.6    -581.6233 -611.7966 0.705115
889.61    -581.4827 -611.7907 0.7051499
889.62    -581.342 -611.7848 0.7051851
889.63    -581.2013 -611.7789 0.7052203
889.64    -581.0605 -611.7729 0.7052556
889.65    -580.9199 -611.7671 0.705291
889.66    -580.7791 -611.7612 0.7053263
889.67    -580.6384 -611.7552 0.7053618
889.68    -580.4976 -611.7493 0.7053973
889.69    -580.3568 -611.7435 0.7054329
889.7    -580.2159 -611.7376 0.7054684
889.71    -580.0751 -611.7318 0.7055041
889.72    -579.9343 -611.726 0.7055398
889.73    -579.7934 -611.7201 0.7055755
889.74    -579.6525 -611.7142 0.7056113
889.75    -579.5117 -611.7084 0.7056471
889.76    -579.3707 -611.7026 0.7056829
889.77    -579.2297 -611.6968 0.7057188
889.78    -579.0888 -611.691 0.7057547
889.79    -578.9478 -611.6852 0.7057906
889.8    -578.8069 -611.6794 0.7058266
889.81    -578.6659 -611.6736 0.7058626
889.82    -578.5249 -611.6679 0.7058986
889.83    -578.3839 -611.6622 0.7059345
889.84    -578.2429 -611.6564 0.7059706
889.85    -578.1018 -611.6508 0.7060067
889.86    -577.9608 -611.645 0.7060428
889.87    -577.8197 -611.6394 0.7060789
889.88    -577.6786 -611.6337 0.706115
889.89    -577.5375 -611.6281 0.7061511
889.9    -577.3964 -611.6224 0.7061873
889.91    -577.2552 -611.6168 0.7062234
889.92    -577.1141 -611.6111 0.7062596
889.93    -576.9729 -611.6056 0.7062958
889.94    -576.8317 -611.6 0.706332
889.95    -576.6906 -611.5944 0.7063682
889.96    -576.5494 -611.5889 0.7064044
889.97    -576.4081 -611.5833 0.7064406
889.98    -576.2669 -611.5778 0.7064769
889.99    -576.1257 -611.5723 0.7065132
890    -575.9844 -611.5667 0.7065494
890.01    -575.8431 -611.5612 0.7065856
890.02    -575.7018 -611.5558 0.7066219
890.03    -575.5605 -611.5503 0.7066581
890.04    -575.4192 -611.5448 0.7066944
890.05    -575.2779 -611.5394 0.7067307
890.06    -575.1365 -611.5339 0.706767
890.07    -574.9952 -611.5285 0.7068033
890.08    -574.8538 -611.5231 0.7068396
890.09    -574.7123 -611.5177 0.7068759
890.1    -574.5709 -611.5123 0.7069122
890.11    -574.4295 -611.507 0.7069484
890.12    -574.2881 -611.5016 0.7069847
890.13    -574.1466 -611.4963 0.707021
890.14    -574.0051 -611.4909 0.7070573
890.15    -573.8636 -611.4856 0.7070935
890.16    -573.7222 -611.4803 0.7071299
890.17    -573.5807 -611.475 0.7071662
890.18    -573.4391 -611.4697 0.7072025
890.19    -573.2976 -611.4644 0.7072388
890.2    -573.1561 -611.4592 0.707275
890.21    -573.0145 -611.454 0.7073113
890.22    -572.873 -611.4487 0.7073476
890.23    -572.7314 -611.4435 0.7073839
890.24    -572.5898 -611.4383 0.7074201
890.25    -572.4482 -611.4331 0.7074562
890.26    -572.3066 -611.428 0.7074925
890.27    -572.165 -611.4228 0.7075287
890.28    -572.0233 -611.4176 0.7075648
890.29    -571.8817 -611.4125 0.7076008
890.3    -571.74 -611.4073 0.707637
890.31    -571.5983 -611.4022 0.707673
890.32    -571.4567 -611.3972 0.707709
890.33    -571.315 -611.392 0.707745
890.34    -571.1733 -611.387 0.707781
890.35    -571.0316 -611.3819 0.707817
890.36    -570.8899 -611.3768 0.7078528
890.37    -570.7482 -611.3718 0.7078887
890.38    -570.6064 -611.3667 0.7079246
890.39    -570.4647 -611.3618 0.7079604
890.4    -570.3229 -611.3568 0.7079961
890.41    -570.1812 -611.3517 0.708032
890.42    -570.0394 -611.3467 0.7080677
890.43    -569.8976 -611.3417 0.7081035
890.44    -569.7559 -611.3367 0.7081392
890.45    -569.6141 -611.3318 0.7081749
890.46    -569.4723 -611.3269 0.7082106
890.47    -569.3305 -611.322 0.7082464
890.48    -569.1887 -611.317 0.7082821
890.49    -569.0469 -611.3121 0.7083177
890.5    -568.9051 -611.3071 0.7083534
890.51    -568.7633 -611.3022 0.7083891
890.52    -568.6215 -611.2974 0.7084247
890.53    -568.4796 -611.2925 0.7084604
890.54    -568.3378 -611.2877 0.708496
890.55    -568.1959 -611.2828 0.7085317
890.56    -568.0541 -611.2779 0.7085673
890.57    -567.9122 -611.273 0.708603
890.58    -567.7704 -611.2682 0.7086386
890.59    -567.6285 -611.2634 0.7086743
890.6    -567.4866 -611.2585 0.70871
890.61    -567.3448 -611.2537 0.7087456
890.62    -567.2029 -611.2489 0.7087812
890.63    -567.061 -611.2441 0.7088169
890.64    -566.9191 -611.2393 0.7088526
890.65    -566.7772 -611.2345 0.7088883
890.66    -566.6353 -611.2297 0.7089239
890.67    -566.4933 -611.225 0.7089595
890.68    -566.3514 -611.2202 0.7089951
890.69    -566.2095 -611.2155 0.7090306
890.7    -566.0676 -611.2107 0.7090661
890.71    -565.9257 -611.2059 0.7091014
890.72    -565.7838 -611.2012 0.7091365
890.73    -565.6418 -611.1964 0.7091715
890.74    -565.4998 -611.1917 0.7092062
890.75    -565.3579 -611.1869 0.7092406
890.76    -565.2159 -611.1821 0.7092748
890.77    -565.074 -611.1774 0.7093086
890.78    -564.932 -611.1727 0.7093422
890.79    -564.79 -611.168 0.7093755
890.8    -564.6481 -611.1633 0.7094085
890.81    -564.5061 -611.1586 0.7094412
890.82    -564.3641 -611.1539 0.7094736
890.83    -564.2222 -611.1492 0.7095056
890.84    -564.0801 -611.1445 0.7095374
890.85    -563.9382 -611.1398 0.7095689
890.86    -563.7962 -611.1351 0.7096
890.87    -563.6542 -611.1304 0.7096308
890.88    -563.5121 -611.1257 0.7096613
890.89    -563.3701 -611.121 0.7096916
890.9    -563.2281 -611.1163 0.7097215
890.91    -563.0861 -611.1116 0.7097511
890.92    -562.944 -611.1069 0.7097803
890.93    -562.802 -611.1022 0.7098091
890.94    -562.66 -611.0975 0.7098376
890.95    -562.5179 -611.0928 0.7098657
890.96    -562.3759 -611.0881 0.7098933
890.97    -562.2339 -611.0835 0.7099205
890.98    -562.0919 -611.0789 0.7099473
890.99    -561.9498 -611.0742 0.7099738
891    -561.8077 -611.0696 0.7099997
891.01    -561.6657 -611.0649 0.7100254
891.02    -561.5236 -611.0603 0.7100507
891.03    -561.3815 -611.0557 0.7100757
891.04    -561.2394 -611.051 0.7101003
891.05    -561.0974 -611.0464 0.7101247
891.06    -560.9553 -611.0417 0.7101488
891.07    -560.8132 -611.0371 0.7101726
891.08    -560.6711 -611.0325 0.7101961
891.09    -560.529 -611.0278 0.7102194
891.1    -560.3869 -611.0232 0.7102426
891.11    -560.2448 -611.0186 0.7102654
891.12    -560.1027 -611.0139 0.710288
891.13    -559.9606 -611.0093 0.7103106
891.14    -559.8184 -611.0046 0.7103329
891.15    -559.6763 -611 0.710355
891.16    -559.5341 -610.9954 0.710377
891.17    -559.392 -610.9907 0.7103988
891.18    -559.2498 -610.9861 0.7104204
891.19    -559.1077 -610.9814 0.710442
891.2    -558.9655 -610.9767 0.7104634
891.21    -558.8234 -610.9721 0.7104847
891.22    -558.6812 -610.9675 0.7105058
891.23    -558.5391 -610.9628 0.7105269
891.24    -558.3969 -610.9582 0.7105478
891.25    -558.2548 -610.9536 0.7105687
891.26    -558.1126 -610.9489 0.7105895
891.27    -557.9705 -610.9443 0.7106102
891.28    -557.8282 -610.9396 0.7106308
891.29    -557.686 -610.935 0.7106513
891.3    -557.5439 -610.9304 0.7106718
891.31    -557.4017 -610.9257 0.7106922
891.32    -557.2595 -610.9211 0.7107125
891.33    -557.1172 -610.9164 0.7107328
891.34    -556.975 -610.9118 0.710753
891.35    -556.8328 -610.9072 0.7107732
891.36    -556.6906 -610.9026 0.7107933
891.37    -556.5484 -610.8979 0.7108134
891.38    -556.4061 -610.8933 0.7108334
891.39    -556.2639 -610.8887 0.7108534
891.4    -556.1216 -610.884 0.7108733
891.41    -555.9793 -610.8795 0.7108933
891.42    -555.837 -610.8749 0.7109132
891.43    -555.6948 -610.8703 0.710933
891.44    -555.5525 -610.8657 0.7109529
891.45    -555.4102 -610.8611 0.7109727
891.46    -555.2679 -610.8566 0.7109924
891.47    -555.1255 -610.852 0.7110121
891.48    -554.9832 -610.8474 0.7110319
891.49    -554.8409 -610.8429 0.7110516
891.5    -554.6985 -610.8383 0.7110713
891.51    -554.5562 -610.8337 0.711091
891.52    -554.4139 -610.8292 0.7111107
891.53    -554.2715 -610.8246 0.7111302
891.54    -554.1292 -610.82 0.7111499
891.55    -553.9868 -610.8154 0.7111695
891.56    -553.8444 -610.8109 0.7111892
891.57    -553.702 -610.8063 0.7112088
891.58    -553.5596 -610.8017 0.7112283
891.59    -553.4172 -610.7971 0.7112479
891.6    -553.2748 -610.7925 0.7112675
891.61    -553.1324 -610.788 0.711287
891.62    -552.9901 -610.7834 0.7113066
891.63    -552.8477 -610.7789 0.7113261
891.64    -552.7052 -610.7743 0.7113457
891.65    -552.5628 -610.7697 0.7113652
891.66    -552.4203 -610.7651 0.7113848
891.67    -552.2779 -610.7606 0.7114042
891.68    -552.1354 -610.756 0.7114237
891.69    -551.993 -610.7514 0.7114431
891.7    -551.8505 -610.7468 0.7114624
891.71    -551.7081 -610.7422 0.7114818
891.72    -551.5656 -610.7377 0.7115011
891.73    -551.4231 -610.7331 0.7115204
891.74    -551.2806 -610.7285 0.7115396
891.75    -551.1381 -610.7239 0.7115584
891.76    -550.9955 -610.7194 0.7115768
891.77    -550.853 -610.7148 0.7115948
891.78    -550.7105 -610.7103 0.7116125
891.79    -550.568 -610.7058 0.7116298
891.8    -550.4255 -610.7013 0.7116458
891.81    -550.283 -610.6968 0.7116607
891.82    -550.1404 -610.6923 0.7116745
891.83    -549.9978 -610.6877 0.7116871
891.84    -549.8552 -610.6832 0.7116988
891.85    -549.7126 -610.6787 0.7117082
891.86    -549.5701 -610.6742 0.7117156
891.87    -549.4275 -610.6697 0.7117208
891.88    -549.2849 -610.6652 0.7117242
891.89    -549.1423 -610.6606 0.7117257
891.9    -548.9997 -610.6561 0.7117246
891.91    -548.8571 -610.6516 0.7117209
891.92    -548.7145 -610.6471 0.711715
891.93    -548.5718 -610.6426 0.7117067
891.94    -548.4292 -610.6381 0.7116963
891.95    -548.2866 -610.6335 0.7116836
891.96    -548.1439 -610.629 0.711669
891.97    -548.0013 -610.6245 0.7116523
891.98    -547.8586 -610.62 0.7116339
891.99    -547.7159 -610.6155 0.7116136
892    -547.5733 -610.611 0.7115916
892.01    -547.4306 -610.6064 0.7115681
892.02    -547.2879 -610.6019 0.711543
892.03    -547.1452 -610.5974 0.7115164
892.04    -547.0025 -610.5929 0.7114884
892.05    -546.8598 -610.5884 0.7114592
892.06    -546.7171 -610.5839 0.7114286
892.07    -546.5744 -610.5793 0.7113969
892.08    -546.4316 -610.5748 0.711364
892.09    -546.2889 -610.5704 0.71133
892.1    -546.1461 -610.5659 0.7112949
892.11    -546.0034 -610.5615 0.711259
892.12    -545.8606 -610.557 0.711222
892.13    -545.7178 -610.5526 0.7111841
892.14    -545.5751 -610.5481 0.7111454
892.15    -545.4323 -610.5436 0.7111059
892.16    -545.2895 -610.5392 0.7110655
892.17    -545.1467 -610.5347 0.7110245
892.18    -545.0038 -610.5303 0.7109827
892.19    -544.861 -610.5258 0.7109404
892.2    -544.7182 -610.5214 0.7108972
892.21    -544.5754 -610.5169 0.7108535
892.22    -544.4326 -610.5125 0.7108092
892.23    -544.2897 -610.508 0.7107643
892.24    -544.1469 -610.5035 0.7107189
892.25    -544.004 -610.4991 0.7106731
892.26    -543.8611 -610.4946 0.7106267
892.27    -543.7182 -610.4902 0.7105799
892.28    -543.5753 -610.4857 0.7105326
892.29    -543.4324 -610.4813 0.7104849
892.3    -543.2896 -610.4768 0.7104368
892.31    -543.1467 -610.4724 0.7103883
892.32    -543.0037 -610.4679 0.7103395
892.33    -542.8608 -610.4634 0.7102903
892.34    -542.7178 -610.459 0.7102407
892.35    -542.5749 -610.4545 0.7101908
892.36    -542.4319 -610.4501 0.7101407
892.37    -542.2889 -610.4456 0.7100903
892.38    -542.1459 -610.4412 0.7100395
892.39    -542.0029 -610.4367 0.7099885
892.4    -541.8599 -610.4323 0.7099373
892.41    -541.7169 -610.4278 0.7098858
892.42    -541.5739 -610.4233 0.7098341
892.43    -541.4308 -610.4189 0.7097822
892.44    -541.2878 -610.4144 0.70973
892.45    -541.1447 -610.4099 0.7096777
892.46    -541.0016 -610.4053 0.7096253
892.47    -540.8586 -610.4008 0.7095727
892.48    -540.7155 -610.3963 0.70952
892.49    -540.5723 -610.3918 0.7094672
892.5    -540.4292 -610.3873 0.7094142
892.51    -540.2861 -610.3828 0.7093616
892.52    -540.1429 -610.3782 0.7093095
892.53    -539.9998 -610.3737 0.7092576
892.54    -539.8566 -610.3692 0.7092061
892.55    -539.7134 -610.3647 0.7091556
892.56    -539.5702 -610.3602 0.7091057
892.57    -539.427 -610.3557 0.7090569
892.58    -539.2838 -610.3511 0.7090088
892.59    -539.1405 -610.3466 0.7089614
892.6    -538.9972 -610.3421 0.7089147
892.61    -538.8539 -610.3376 0.7088693
892.62    -538.7106 -610.3331 0.7088251
892.63    -538.5673 -610.3286 0.7087819
892.64    -538.424 -610.324 0.7087399
892.65    -538.2806 -610.3195 0.708699
892.66    -538.1372 -610.315 0.7086592
892.67    -537.9938 -610.3105 0.7086204
892.68    -537.8504 -610.306 0.7085825
892.69    -537.707 -610.3015 0.7085454
892.7    -537.5635 -610.2969 0.7085094
892.71    -537.42 -610.2924 0.708474
892.72    -537.2766 -610.2879 0.7084395
892.73    -537.1331 -610.2834 0.7084058
892.74    -536.9895 -610.2789 0.7083726
892.75    -536.8459 -610.2744 0.7083403
892.76    -536.7024 -610.2698 0.7083085
892.77    -536.5588 -610.2653 0.7082773
892.78    -536.4152 -610.2608 0.7082468
892.79    -536.2715 -610.2563 0.7082167
892.8    -536.1279 -610.2518 0.7081872
892.81    -535.9843 -610.2474 0.7081583
892.82    -535.8406 -610.243 0.7081297
892.83    -535.6968 -610.2385 0.7081016
892.84    -535.5531 -610.2341 0.708074
892.85    -535.4094 -610.2296 0.7080467
892.86    -535.2656 -610.2252 0.7080199
892.87    -535.1218 -610.2207 0.7079934
892.88    -534.978 -610.2163 0.7079673
892.89    -534.8342 -610.2119 0.7079415
892.9    -534.6903 -610.2075 0.707916
892.91    -534.5464 -610.2031 0.7078909
892.92    -534.4026 -610.1988 0.707866
892.93    -534.2587 -610.1944 0.7078414
892.94    -534.1147 -610.19 0.7078171
892.95    -533.9708 -610.1857 0.707793
892.96    -533.8268 -610.1814 0.707769
892.97    -533.6829 -610.1771 0.7077454
892.98    -533.5389 -610.1727 0.707722
892.99    -533.3948 -610.1685 0.7076987
893    -533.2508 -610.1641 0.7076758
893.01    -533.1068 -610.1599 0.7076529
893.02    -532.9626 -610.1556 0.7076302
893.03    -532.8185 -610.1514 0.7076076
893.04    -532.6744 -610.1471 0.7075853
893.05    -532.5303 -610.1429 0.7075631
893.06    -532.386 -610.1387 0.7075412
893.07    -532.2419 -610.1345 0.7075196
893.08    -532.0977 -610.1303 0.7074982
893.09    -531.9534 -610.1261 0.7074769
893.1    -531.8092 -610.1219 0.7074561
893.11    -531.6649 -610.1179 0.7074357
893.12    -531.5206 -610.1137 0.7074158
893.13    -531.3763 -610.1096 0.7073962
893.14    -531.2319 -610.1055 0.707377
893.15    -531.0876 -610.1014 0.7073584
893.16    -530.9432 -610.0974 0.7073403
893.17    -530.7988 -610.0933 0.7073227
893.18    -530.6544 -610.0893 0.7073057
893.19    -530.5099 -610.0853 0.7072892
893.2    -530.3655 -610.0812 0.7072731
893.21    -530.221 -610.0773 0.7072577
893.22    -530.0765 -610.0733 0.7072431
893.23    -529.9319 -610.0694 0.707229
893.24    -529.7874 -610.0654 0.7072155
893.25    -529.6427 -610.0615 0.7072026
893.26    -529.498 -610.0577 0.7071903
893.27    -529.3534 -610.0538 0.7071787
893.28    -529.2087 -610.05 0.7071677
893.29    -529.064 -610.0461 0.7071573
893.3    -528.9192 -610.0424 0.7071474
893.31    -528.7744 -610.0385 0.7071379
893.32    -528.6296 -610.0347 0.7071291
893.33    -528.4847 -610.031 0.7071208
893.34    -528.3398 -610.0272 0.7071128
893.35    -528.1949 -610.0236 0.7071052
893.36    -528.0499 -610.0198 0.7070981
893.37    -527.9049 -610.0162 0.7070913
893.38    -527.7598 -610.0126 0.7070851
893.39    -527.6147 -610.0089 0.7070791
893.4    -527.4697 -610.0054 0.7070735
893.41    -527.3245 -610.0018 0.7070681
893.42    -527.1793 -609.9982 0.7070631
893.43    -527.0341 -609.9947 0.7070583
893.44    -526.8888 -609.9912 0.7070538
893.45    -526.7435 -609.9877 0.7070498
893.46    -526.5981 -609.9843 0.7070458
893.47    -526.4528 -609.9808 0.7070422
893.48    -526.3073 -609.9774 0.7070388
893.49    -526.1619 -609.974 0.7070356
893.5    -526.0164 -609.9706 0.7070326
893.51    -525.8708 -609.9673 0.7070297
893.52    -525.7253 -609.9639 0.7070271
893.53    -525.5797 -609.9607 0.7070245
893.54    -525.434 -609.9574 0.7070222
893.55    -525.2883 -609.9542 0.7070199
893.56    -525.1426 -609.951 0.7070176
893.57    -524.9969 -609.9478 0.7070154
893.58    -524.8511 -609.9446 0.7070131
893.59    -524.7052 -609.9415 0.707011
893.6    -524.5593 -609.9384 0.7070089
893.61    -524.4135 -609.9354 0.7070068
893.62    -524.2675 -609.9323 0.7070047
893.63    -524.1215 -609.9293 0.7070026
893.64    -523.9755 -609.9264 0.7070004
893.65    -523.8294 -609.9234 0.7069984
893.66    -523.6833 -609.9205 0.7069963
893.67    -523.5372 -609.9176 0.7069941
893.68    -523.3911 -609.9148 0.706992
893.69    -523.2448 -609.9119 0.7069897
893.7    -523.0986 -609.9092 0.7069875
893.71    -522.9523 -609.9064 0.7069852
893.72    -522.806 -609.9036 0.7069827
893.73    -522.6597 -609.9009 0.7069803
893.74    -522.5132 -609.8982 0.7069778
893.75    -522.3668 -609.8956 0.7069747
893.76    -522.2203 -609.8929 0.7069712
893.77    -522.0739 -609.8902 0.7069672
893.78    -521.9273 -609.8876 0.7069628
893.79    -521.7807 -609.885 0.7069579
893.8    -521.6341 -609.8824 0.7069513
893.81    -521.4874 -609.8799 0.7069429
893.82    -521.3408 -609.8774 0.706933
893.83    -521.194 -609.8749 0.7069216
893.84    -521.0472 -609.8724 0.7069088
893.85    -520.9005 -609.8699 0.7068925
893.86    -520.7536 -609.8675 0.7068732
893.87    -520.6068 -609.8651 0.7068509
893.88    -520.4598 -609.8627 0.7068258
893.89    -520.3129 -609.8603 0.7067979
893.9    -520.1659 -609.8579 0.7067664
893.91    -520.0189 -609.8556 0.7067313
893.92    -519.8718 -609.8533 0.7066928
893.93    -519.7247 -609.851 0.706651
893.94    -519.5776 -609.8486 0.7066063
893.95    -519.4304 -609.8464 0.7065585
893.96    -519.2832 -609.8442 0.7065079
893.97    -519.136 -609.8419 0.7064545
893.98    -518.9887 -609.8397 0.7063984
893.99    -518.8414 -609.8376 0.70634
894    -518.694 -609.8354 0.706279
894.01    -518.5466 -609.8333 0.7062158
894.02    -518.3992 -609.8311 0.7061504
894.03    -518.2518 -609.829 0.7060829
894.04    -518.1042 -609.8268 0.7060135
894.05    -517.9567 -609.8248 0.705942
894.06    -517.8092 -609.8228 0.7058689
894.07    -517.6616 -609.8207 0.7057939
894.08    -517.514 -609.8187 0.7057173
894.09    -517.3663 -609.8167 0.7056391
894.1    -517.2187 -609.8146 0.7055595
894.11    -517.071 -609.8126 0.7054785
894.12    -516.9232 -609.8107 0.7053962
894.13    -516.7754 -609.8088 0.7053127
894.14    -516.6276 -609.8068 0.7052281
894.15    -516.4797 -609.8049 0.7051424
894.16    -516.3318 -609.803 0.7050563
894.17    -516.1838 -609.8011 0.7049699
894.18    -516.0358 -609.7992 0.7048832
894.19    -515.8878 -609.7973 0.7047962
894.2    -515.7397 -609.7955 0.7047089
894.21    -515.5916 -609.7936 0.7046226
894.22    -515.4434 -609.7918 0.7045372
894.23    -515.2952 -609.79 0.7044528
894.24    -515.147 -609.7881 0.7043692
894.25    -514.9987 -609.7863 0.7042882
894.26    -514.8503 -609.7845 0.7042098
894.27    -514.702 -609.7828 0.7041336
894.28    -514.5535 -609.781 0.7040598
894.29    -514.405 -609.7792 0.7039881
894.3    -514.2565 -609.7775 0.7039205
894.31    -514.108 -609.7758 0.7038565
894.32    -513.9594 -609.7741 0.7037962
894.33    -513.8107 -609.7724 0.7037393
894.34    -513.6619 -609.7707 0.7036856
894.35    -513.5132 -609.769 0.7036368
894.36    -513.3644 -609.7673 0.7035924
894.37    -513.2156 -609.7656 0.7035524
894.38    -513.0667 -609.7639 0.7035164
894.39    -512.9178 -609.7623 0.7034844
894.4    -512.769 -609.7606 0.7034574
894.41    -512.6201 -609.759 0.703435
894.42    -512.4713 -609.7573 0.7034172
894.43    -512.3224 -609.7557 0.7034038
894.44    -512.1735 -609.754 0.7033945
894.45    -512.0247 -609.7525 0.7033895
894.46    -511.8759 -609.7509 0.7033886
894.47    -511.7271 -609.7493 0.7033916
894.48    -511.5783 -609.7477 0.7033984
894.49    -511.4296 -609.7462 0.7034088
894.5    -511.2809 -609.7446 0.7034226
894.51    -511.1322 -609.743 0.7034397
894.52    -510.9835 -609.7415 0.7034598
894.53    -510.8348 -609.7399 0.7034829
894.54    -510.6861 -609.7384 0.7035088
894.55    -510.5375 -609.7369 0.7035375
894.56    -510.3889 -609.7354 0.7035688
894.57    -510.2402 -609.7338 0.7036026
894.58    -510.0916 -609.7323 0.7036389
894.59    -509.9431 -609.7308 0.7036772
894.6    -509.7945 -609.7292 0.7037178
894.61    -509.6459 -609.7278 0.7037604
894.62    -509.4974 -609.7264 0.703805
894.63    -509.3489 -609.7249 0.7038514
894.64    -509.2004 -609.7234 0.7038996
894.65    -509.0519 -609.722 0.7039494
894.66    -508.9034 -609.7205 0.7040009
894.67    -508.755 -609.7191 0.7040539
894.68    -508.6065 -609.7176 0.7041084
894.69    -508.4581 -609.7161 0.7041643
894.7    -508.3097 -609.7147 0.7042216
894.71    -508.1613 -609.7132 0.7042801
894.72    -508.013 -609.7118 0.7043399
894.73    -507.8646 -609.7104 0.7044008
894.74    -507.7163 -609.709 0.7044629
894.75    -507.568 -609.7076 0.7045259
894.76    -507.4197 -609.7062 0.7045896
894.77    -507.2714 -609.7048 0.7046542
894.78    -507.1231 -609.7034 0.7047195
894.79    -506.9748 -609.702 0.7047856
894.8    -506.8266 -609.7006 0.7048523
894.81    -506.6784 -609.6992 0.7049196
894.82    -506.5302 -609.6978 0.7049876
894.83    -506.382 -609.6964 0.705056
894.84    -506.2338 -609.6951 0.7051252
894.85    -506.0856 -609.6937 0.7051947
894.86    -505.9375 -609.6924 0.7052648
894.87    -505.7894 -609.691 0.7053354
894.88    -505.6412 -609.6897 0.7054065
894.89    -505.4931 -609.6884 0.705478
894.9    -505.3451 -609.687 0.70555
894.91    -505.197 -609.6857 0.7056223
894.92    -505.049 -609.6843 0.705695
894.93    -504.9009 -609.683 0.7057682
894.94    -504.7529 -609.6816 0.7058416
894.95    -504.6049 -609.6803 0.7059155
894.96    -504.4572 -609.679 0.7059895
894.97    -504.3099 -609.6777 0.7060641
894.98    -504.1628 -609.6765 0.7061388
894.99    -504.0161 -609.6752 0.7062139
895    -503.8698 -609.6739 0.7062892
895.01    -503.7238 -609.6726 0.7063649
895.02    -503.578 -609.6713 0.7064407
895.03    -503.4326 -609.67 0.7065169
895.04    -503.2875 -609.6688 0.7065932
895.05    -503.1428 -609.6675 0.7066697
895.06    -502.9983 -609.6662 0.7067466
895.07    -502.8542 -609.6649 0.7068236
895.08    -502.7104 -609.6636 0.7069008
895.09    -502.5669 -609.6624 0.7069782
895.1    -502.4237 -609.6611 0.7070558
895.11    -502.2809 -609.6599 0.7071335
895.12    -502.1383 -609.6586 0.7072114
895.13    -501.9961 -609.6574 0.7072895
895.14    -501.8542 -609.6562 0.7073678
895.15    -501.7126 -609.655 0.7074462
895.16    -501.5714 -609.6537 0.7075248
895.17    -501.4305 -609.6525 0.7076035
895.18    -501.2899 -609.6513 0.7076823
895.19    -501.1496 -609.6501 0.7077613
895.2    -501.0096 -609.6488 0.7078403
895.21    -500.8699 -609.6476 0.7079194
895.22    -500.7306 -609.6464 0.7079983
895.23    -500.5916 -609.6451 0.7080773
895.24    -500.4529 -609.6439 0.7081562
895.25    -500.3145 -609.6427 0.7082342
895.26    -500.1765 -609.6415 0.7083113
895.27    -500.0388 -609.6403 0.7083876
895.28    -499.9014 -609.639 0.7084631
895.29    -499.7643 -609.6378 0.7085378
895.3    -499.6275 -609.6366 0.7086118
895.31    -499.4911 -609.6354 0.7086843
895.32    -499.3549 -609.6342 0.7087554
895.33    -499.2191 -609.6329 0.708825
895.34    -499.0836 -609.6317 0.7088934
895.35    -498.9485 -609.6304 0.7089603
895.36    -498.8136 -609.6292 0.7090259
895.37    -498.6791 -609.628 0.7090901
895.38    -498.5449 -609.6268 0.709153
895.39    -498.411 -609.6255 0.7092147
895.4    -498.2775 -609.6243 0.7092752
895.41    -498.1442 -609.6231 0.7093344
895.42    -498.0113 -609.6219 0.7093925
895.43    -497.8787 -609.6207 0.7094496
895.44    -497.7464 -609.6194 0.7095056
895.45    -497.6144 -609.6182 0.70956
895.46    -497.4828 -609.6169 0.7096131
895.47    -497.3515 -609.6157 0.7096648
895.48    -497.2205 -609.6145 0.7097152
895.49    -497.0898 -609.6133 0.7097645
895.5    -496.9595 -609.6121 0.7098114
895.51    -496.8294 -609.6108 0.7098564
895.52    -496.6997 -609.6096 0.7098994
895.53    -496.5703 -609.6084 0.7099404
895.54    -496.4412 -609.6072 0.7099797
895.55    -496.3124 -609.6059 0.7100171
895.56    -496.184 -609.6047 0.7100514
895.57    -496.0559 -609.6035 0.7100825
895.58    -495.9281 -609.6022 0.7101105
895.59    -495.8006 -609.601 0.7101358
895.6    -495.6735 -609.5998 0.7101569
895.61    -495.5466 -609.5986 0.7101738
895.62    -495.4201 -609.5974 0.7101868
895.63    -495.2939 -609.5961 0.7101961
895.64    -495.168 -609.5948 0.7102018
895.65    -495.0425 -609.5936 0.7102026
895.66    -494.9173 -609.5924 0.7101987
895.67    -494.7924 -609.5912 0.7101904
895.68    -494.6678 -609.59 0.7101777
895.69    -494.5435 -609.5887 0.7101609
895.7    -494.4195 -609.5875 0.7101393
895.71    -494.2959 -609.5863 0.7101134
895.72    -494.1726 -609.5851 0.7100832
895.73    -494.0496 -609.5838 0.7100489
895.74    -493.9269 -609.5826 0.7100107
895.75    -493.8046 -609.5814 0.7099687
895.76    -493.6826 -609.5801 0.7099231
895.77    -493.5609 -609.5789 0.7098739
895.78    -493.4395 -609.5777 0.7098215
895.79    -493.3184 -609.5765 0.7097659
895.8    -493.1976 -609.5752 0.7097071
895.81    -493.0772 -609.5739 0.7096455
895.82    -492.9571 -609.5726 0.709581
895.83    -492.8373 -609.5713 0.7095138
895.84    -492.7178 -609.57 0.709444
895.85    -492.5987 -609.5687 0.7093717
895.86    -492.4799 -609.5674 0.709297
895.87    -492.3614 -609.5662 0.70922
895.88    -492.2432 -609.5649 0.7091409
895.89    -492.1253 -609.5636 0.7090596
895.9    -492.0078 -609.5623 0.7089763
895.91    -491.8905 -609.561 0.7088909
895.92    -491.7736 -609.5597 0.7088038
895.93    -491.657 -609.5584 0.7087148
895.94    -491.5407 -609.5571 0.7086241
895.95    -491.4248 -609.5558 0.7085318
895.96    -491.3092 -609.5546 0.7084379
895.97    -491.1939 -609.5533 0.7083424
895.98    -491.0789 -609.552 0.7082455
895.99    -490.9642 -609.5507 0.7081471
896    -490.8499 -609.5494 0.7080474
896.01    -490.7358 -609.5481 0.7079464
896.02    -490.6221 -609.5468 0.7078442
896.03    -490.5087 -609.5455 0.7077407
896.04    -490.3956 -609.5443 0.7076361
896.05    -490.2829 -609.543 0.7075304
896.06    -490.1705 -609.5417 0.7074237
896.07    -490.0583 -609.5404 0.7073159
896.08    -489.9466 -609.5391 0.7072071
896.09    -489.8351 -609.5378 0.7070974
896.1    -489.7239 -609.5366 0.7069868
896.11    -489.6131 -609.5353 0.7068754
896.12    -489.5026 -609.534 0.7067631
896.13    -489.3924 -609.5327 0.70665
896.14    -489.2825 -609.5314 0.7065361
896.15    -489.1729 -609.5301 0.7064216
896.16    -489.0637 -609.5288 0.7063063
896.17    -488.9548 -609.5275 0.7061905
896.18    -488.8462 -609.5262 0.7060741
896.19    -488.7379 -609.525 0.7059571
896.2    -488.6299 -609.5237 0.7058396
896.21    -488.5223 -609.5224 0.7057217
896.22    -488.415 -609.5211 0.7056037
896.23    -488.308 -609.5198 0.7054853
896.24    -488.2013 -609.5186 0.7053668
896.25    -488.0949 -609.5173 0.7052487
896.26    -487.9889 -609.516 0.7051309
896.27    -487.8832 -609.5147 0.7050133
896.28    -487.7778 -609.5134 0.7048961
896.29    -487.6727 -609.5121 0.7047791
896.3    -487.5679 -609.5109 0.7046624
896.31    -487.4635 -609.5096 0.7045472
896.32    -487.3594 -609.5084 0.7044332
896.33    -487.2556 -609.5072 0.7043205
896.34    -487.1521 -609.506 0.7042091
896.35    -487.0489 -609.5048 0.7041004
896.36    -486.9461 -609.5035 0.703994
896.37    -486.8436 -609.5023 0.7038902
896.38    -486.7414 -609.5011 0.7037887
896.39    -486.6395 -609.4999 0.7036893
896.4    -486.5379 -609.4987 0.7035938
896.41    -486.4367 -609.4974 0.7035019
896.42    -486.3358 -609.4962 0.7034137
896.43    -486.2351 -609.495 0.7033287
896.44    -486.1348 -609.4938 0.703247
896.45    -486.0349 -609.4926 0.7031699
896.46    -485.9352 -609.4913 0.7030972
896.47    -485.8359 -609.4901 0.703029
896.48    -485.7369 -609.4889 0.7029646
896.49    -485.6382 -609.4877 0.7029043
896.5    -485.5398 -609.4865 0.7028491
896.51    -485.4417 -609.4853 0.702799
896.52    -485.344 -609.4841 0.7027538
896.53    -485.2466 -609.483 0.7027132
896.54    -485.1495 -609.4818 0.702677
896.55    -485.0527 -609.4807 0.702645
896.56    -484.9562 -609.4795 0.7026185
896.57    -484.8601 -609.4783 0.7025973
896.58    -484.7643 -609.4772 0.702581
896.59    -484.6688 -609.476 0.7025695
896.6    -484.5736 -609.4749 0.7025626
896.61    -484.4787 -609.4737 0.702561
896.62    -484.3842 -609.4725 0.7025644
896.63    -484.2899 -609.4714 0.7025726
896.64    -484.196 -609.4702 0.7025853
896.65    -484.1025 -609.4691 0.7026027
896.66    -484.0092 -609.4679 0.7026245
896.67    -483.9163 -609.4667 0.7026506
896.68    -483.8236 -609.4656 0.7026808
896.69    -483.7313 -609.4644 0.7027147
896.7    -483.6393 -609.4633 0.7027525
896.71    -483.5477 -609.4622 0.7027937
896.72    -483.4564 -609.4611 0.7028384
896.73    -483.3656 -609.46 0.7028863
896.74    -483.2748 -609.4589 0.7029374
896.75    -483.1841 -609.4578 0.7029915
896.76    -483.0934 -609.4567 0.7030484
896.77    -483.0027 -609.4556 0.7031081
896.78    -482.912 -609.4545 0.7031704
896.79    -482.8213 -609.4533 0.7032352
896.8    -482.7306 -609.4521 0.7033025
896.81    -482.6399 -609.451 0.703372
896.82    -482.5493 -609.4498 0.7034438
896.83    -482.4586 -609.4487 0.7035177
896.84    -482.368 -609.4475 0.7035937
896.85    -482.2774 -609.4464 0.7036716
896.86    -482.1868 -609.4452 0.7037515
896.87    -482.0962 -609.444 0.7038331
896.88    -482.0056 -609.4429 0.7039166
896.89    -481.9151 -609.4417 0.7040017
896.9    -481.8245 -609.4406 0.7040883
896.91    -481.734 -609.4394 0.7041767
896.92    -481.6435 -609.4382 0.7042664
896.93    -481.553 -609.437 0.7043576
896.94    -481.4625 -609.4359 0.7044502
896.95    -481.372 -609.4347 0.7045442
896.96    -481.2815 -609.4335 0.7046393
896.97    -481.1911 -609.4324 0.7047357
896.98    -481.1006 -609.4312 0.7048333
896.99    -481.0102 -609.4301 0.7049321
897    -480.9197 -609.4289 0.7050319
897.01    -480.8293 -609.4277 0.7051328
897.02    -480.739 -609.4266 0.7052346
897.03    -480.6486 -609.4254 0.7053375
897.04    -480.5582 -609.4243 0.7054413
897.05    -480.4678 -609.4231 0.7055458
897.06    -480.3775 -609.4219 0.7056512
897.07    -480.2871 -609.4207 0.7057574
897.08    -480.1968 -609.4196 0.7058643
897.09    -480.1065 -609.4184 0.7059718
897.1    -480.0162 -609.4172 0.7060793
897.11    -479.9259 -609.416 0.7061868
897.12    -479.8356 -609.4147 0.7062942
897.13    -479.7454 -609.4135 0.7064015
897.14    -479.6551 -609.4123 0.7065088
897.15    -479.5648 -609.4111 0.706614
897.16    -479.4746 -609.4098 0.706717
897.17    -479.3844 -609.4085 0.706818
897.18    -479.2941 -609.4072 0.706917
897.19    -479.2039 -609.4059 0.7070143
897.2    -479.1137 -609.4046 0.7071072
897.21    -479.0234 -609.4033 0.7071959
897.22    -478.9331 -609.4019 0.7072805
897.23    -478.8428 -609.4005 0.7073614
897.24    -478.7525 -609.3991 0.7074386
897.25    -478.6622 -609.3977 0.7075097
897.26    -478.5718 -609.3962 0.707575
897.27    -478.4814 -609.3948 0.7076348
897.28    -478.391 -609.3932 0.7076892
897.29    -478.3005 -609.3917 0.7077386
897.3    -478.21 -609.3901 0.7077819
897.31    -478.1194 -609.3886 0.7078192
897.32    -478.0289 -609.387 0.7078509
897.33    -477.9382 -609.3853 0.7078773
897.34    -477.8476 -609.3837 0.7078985
897.35    -477.7569 -609.382 0.7079146
897.36    -477.6661 -609.3802 0.7079259
897.37    -477.5753 -609.3784 0.7079327
897.38    -477.4845 -609.3766 0.7079349
897.39    -477.3936 -609.3748 0.7079329
897.4    -477.3027 -609.3729 0.7079269
897.41    -477.2117 -609.371 0.7079169
897.42    -477.1207 -609.3691 0.7079032
897.43    -477.0296 -609.3671 0.7078859
897.44    -476.9384 -609.3651 0.7078651
897.45    -476.8473 -609.3632 0.707841
897.46    -476.7561 -609.3611 0.7078138
897.47    -476.6648 -609.359 0.7077835
897.48    -476.5735 -609.3569 0.7077503
897.49    -476.4821 -609.3547 0.7077144
897.5    -476.3907 -609.3525 0.7076759
897.51    -476.2992 -609.3503 0.707635
897.52    -476.2077 -609.3481 0.7075918
897.53    -476.1161 -609.3458 0.7075465
897.54    -476.0244 -609.3435 0.707499
897.55    -475.9328 -609.3411 0.7074499
897.56    -475.8411 -609.3387 0.7073992
897.57    -475.7493 -609.3363 0.7073472
897.58    -475.6575 -609.3339 0.7072937
897.59    -475.5656 -609.3314 0.7072389
897.6    -475.4737 -609.3287 0.707184
897.61    -475.3817 -609.3262 0.7071292
897.62    -475.2896 -609.3235 0.7070745
897.63    -475.1976 -609.3209 0.7070196
897.64    -475.1054 -609.3182 0.7069648
897.65    -475.0133 -609.3155 0.706911
897.66    -474.9211 -609.3127 0.7068581
897.67    -474.8288 -609.3099 0.7068062
897.68    -474.7364 -609.3071 0.7067552
897.69    -474.644 -609.3043 0.7067049
897.7    -474.5516 -609.3013 0.7066557
897.71    -474.4592 -609.2984 0.7066074
897.72    -474.3667 -609.2954 0.70656
897.73    -474.2741 -609.2924 0.7065135
897.74    -474.1815 -609.2893 0.7064678
897.75    -474.0888 -609.2862 0.7064232
897.76    -473.9961 -609.283 0.7063797
897.77    -473.9033 -609.2798 0.7063374
897.78    -473.8105 -609.2766 0.706296
897.79    -473.7176 -609.2733 0.7062555
897.8    -473.6247 -609.27 0.7062171
897.81    -473.5317 -609.2667 0.7061807
897.82    -473.4386 -609.2632 0.7061461
897.83    -473.3455 -609.2598 0.7061133
897.84    -473.2523 -609.2563 0.7060822
897.85    -473.1592 -609.2527 0.7060535
897.86    -473.0659 -609.2492 0.7060271
897.87    -472.9726 -609.2456 0.7060028
897.88    -472.8792 -609.2419 0.7059805
897.89    -472.7857 -609.2383 0.7059603
897.9    -472.6922 -609.2346 0.7059425
897.91    -472.5986 -609.2308 0.7059271
897.92    -472.505 -609.2269 0.7059141
897.93    -472.4113 -609.2231 0.7059031
897.94    -472.3175 -609.2192 0.7058944
897.95    -472.2237 -609.2152 0.7058876
897.96    -472.1298 -609.2112 0.7058827
897.97    -472.0359 -609.2072 0.7058798
897.98    -471.9419 -609.2031 0.7058786
897.99    -471.8478 -609.1989 0.7058792
898    -471.7536 -609.1948 0.7058814
898.01    -471.6594 -609.1906 0.7058852
898.02    -471.5651 -609.1863 0.7058905
898.03    -471.4708 -609.1819 0.7058972
898.04    -471.3763 -609.1776 0.7059054
898.05    -471.2818 -609.1732 0.705915
898.06    -471.1873 -609.1688 0.7059259
898.07    -471.0927 -609.1643 0.7059382
898.08    -470.9979 -609.1598 0.7059518
898.09    -470.9031 -609.1552 0.7059665
898.1    -470.8082 -609.1506 0.7059824
898.11    -470.7133 -609.1459 0.706
898.12    -470.6183 -609.1412 0.706019
898.13    -470.5232 -609.1365 0.7060395
898.14    -470.428 -609.1317 0.7060613
898.15    -470.3328 -609.1269 0.7060845
898.16    -470.2375 -609.122 0.706109
898.17    -470.1422 -609.1171 0.7061349
898.18    -470.0467 -609.1122 0.7061617
898.19    -469.9511 -609.1072 0.7061899
898.2    -469.8555 -609.1022 0.706219
898.21    -469.7599 -609.0971 0.7062492
898.22    -469.6641 -609.092 0.7062805
898.23    -469.5682 -609.0869 0.7063127
898.24    -469.4723 -609.0817 0.7063458
898.25    -469.3763 -609.0765 0.7063799
898.26    -469.2803 -609.0713 0.7064149
898.27    -469.1841 -609.0661 0.7064508
898.28    -469.0879 -609.0608 0.7064875
898.29    -468.9916 -609.0555 0.7065249
898.3    -468.8952 -609.0501 0.7065632
898.31    -468.7987 -609.0448 0.7066026
898.32    -468.7022 -609.0394 0.7066432
898.33    -468.6056 -609.0339 0.7066848
898.34    -468.5089 -609.0285 0.7067275
898.35    -468.4121 -609.023 0.7067716
898.36    -468.3152 -609.0175 0.7068167
898.37    -468.2183 -609.012 0.7068633
898.38    -468.1213 -609.0064 0.7069109
898.39    -468.0242 -609.0008 0.7069596
898.4    -467.9271 -608.9952 0.7070101
898.41    -467.8298 -608.9895 0.7070624
898.42    -467.7325 -608.9838 0.7071162
898.43    -467.6351 -608.9781 0.7071716
898.44    -467.5376 -608.9724 0.7072284
898.45    -467.44 -608.9667 0.7072877
898.46    -467.3424 -608.9609 0.7073493
898.47    -467.2447 -608.9551 0.7074131
898.48    -467.1469 -608.9493 0.7074792
898.49    -467.049 -608.9435 0.7075472
898.5    -466.951 -608.9377 0.7076185
898.51    -466.8529 -608.9318 0.7076926
898.52    -466.7548 -608.9259 0.7077695
898.53    -466.6566 -608.92 0.7078491
898.54    -466.5583 -608.9141 0.7079314
898.55    -466.4599 -608.9081 0.7080161
898.56    -466.3615 -608.9021 0.7081038
898.57    -466.263 -608.8961 0.7081942
898.58    -466.1644 -608.8901 0.7082872
898.59    -466.0657 -608.884 0.7083827
898.6    -465.9669 -608.878 0.7084808
898.61    -465.868 -608.8719 0.7085811
898.62    -465.7691 -608.8658 0.7086837
898.63    -465.6701 -608.8597 0.7087884
898.64    -465.571 -608.8535 0.7088953
898.65    -465.4719 -608.8474 0.7090042
898.66    -465.3727 -608.8411 0.7091148
898.67    -465.2734 -608.8348 0.7092273
898.68    -465.174 -608.8286 0.7093416
898.69    -465.0745 -608.8224 0.7094575
898.7    -464.9749 -608.8161 0.7095751
898.71    -464.8753 -608.8098 0.7096938
898.72    -464.7756 -608.8035 0.7098139
898.73    -464.6758 -608.7972 0.7099351
898.74    -464.5759 -608.7908 0.7100576
898.75    -464.476 -608.7845 0.7101806
898.76    -464.376 -608.7781 0.7103044
898.77    -464.2759 -608.7717 0.710429
898.78    -464.1757 -608.7654 0.7105542
898.79    -464.0754 -608.759 0.7106801
898.8    -463.9751 -608.7526 0.7108064
898.81    -463.8747 -608.7462 0.7109334
898.82    -463.7742 -608.7397 0.711061
898.83    -463.6736 -608.7333 0.7111891
898.84    -463.573 -608.7269 0.7113177
898.85    -463.4723 -608.7205 0.7114468
898.86    -463.3715 -608.7141 0.7115764
898.87    -463.2706 -608.7076 0.7117063
898.88    -463.1696 -608.7011 0.7118368
898.89    -463.0685 -608.6946 0.7119676
898.9    -462.9674 -608.6882 0.7120986
898.91    -462.8662 -608.6817 0.7122298
898.92    -462.765 -608.6752 0.7123613
898.93    -462.6636 -608.6688 0.712493
898.94    -462.5622 -608.6623 0.7126249
898.95    -462.4607 -608.6558 0.7127564
898.96    -462.3591 -608.6494 0.7128874
898.97    -462.2574 -608.6429 0.713018
898.98    -462.1557 -608.6364 0.7131482
898.99    -462.0538 -608.6298 0.7132781
899    -461.9519 -608.6233 0.7134067
899.01    -461.85 -608.6168 0.7135341
899.02    -461.7479 -608.6103 0.7136602
899.03    -461.6458 -608.6038 0.7137853
