125.13    -651.5405 -614.9834 0.6989636
125.14    -651.4191 -614.9795 0.6989909
125.15    -651.2976 -614.9756 0.6990222
125.16    -651.1761 -614.9716 0.6990576
125.17    -651.0545 -614.9676 0.6990966
125.18    -650.9329 -614.9636 0.6991389
125.19    -650.8113 -614.9597 0.6991833
125.2    -650.6897 -614.9556 0.6992297
125.21    -650.568 -614.9515 0.6992779
125.22    -650.4463 -614.9474 0.6993278
125.23    -650.3245 -614.9434 0.6993769
125.24    -650.2028 -614.9393 0.6994255
125.25    -650.0809 -614.9352 0.6994733
125.26    -649.9591 -614.9311 0.6995206
125.27    -649.8372 -614.9269 0.6995673
125.28    -649.7153 -614.9227 0.6996109
125.29    -649.5934 -614.9186 0.699652
125.3    -649.4714 -614.9143 0.6996904
125.31    -649.3494 -614.9101 0.6997263
125.32    -649.2273 -614.9058 0.69976
125.33    -649.1052 -614.9016 0.6997891
125.34    -648.9831 -614.8973 0.6998139
125.35    -648.861 -614.893 0.6998346
125.36    -648.7388 -614.8887 0.6998515
125.37    -648.6165 -614.8843 0.6998647
125.38    -648.4943 -614.88 0.6998738
125.39    -648.372 -614.8756 0.6998791
125.4    -648.2497 -614.8712 0.6998805
125.41    -648.1273 -614.8668 0.6998786
125.42    -648.0049 -614.8623 0.6998733
125.43    -647.8824 -614.8578 0.699866
125.44    -647.76 -614.8533 0.6998568
125.45    -647.6375 -614.8488 0.6998456
125.46    -647.515 -614.8442 0.6998327
125.47    -647.3923 -614.8397 0.6998181
125.48    -647.2697 -614.8351 0.6998041
125.49    -647.147 -614.8305 0.6997909
125.5    -647.0243 -614.8258 0.6997782
125.51    -646.9016 -614.8212 0.6997662
125.52    -646.7787 -614.8165 0.6997547
125.53    -646.6559 -614.8118 0.6997461
125.54    -646.5331 -614.807 0.6997402
125.55    -646.4102 -614.8023 0.6997368
125.56    -646.2872 -614.7975 0.699736
125.57    -646.1642 -614.7927 0.6997375
125.58    -646.0412 -614.7878 0.6997429
125.59    -645.9182 -614.783 0.6997522
125.6    -645.795 -614.7781 0.6997648
125.61    -645.6719 -614.7731 0.6997809
125.62    -645.5486 -614.7682 0.6998002
125.63    -645.4254 -614.7632 0.6998227
125.64    -645.3021 -614.7583 0.6998481
125.65    -645.1788 -614.7532 0.6998765
125.66    -645.0555 -614.7482 0.6999075
125.67    -644.9321 -614.7431 0.6999412
125.68    -644.8087 -614.738 0.6999763
125.69    -644.6852 -614.7329 0.7000125
125.7    -644.5616 -614.7278 0.70005
125.71    -644.4381 -614.7226 0.7000886
125.72    -644.3145 -614.7174 0.7001283
125.73    -644.1909 -614.7122 0.7001672
125.74    -644.0673 -614.7069 0.7002054
125.75    -643.9435 -614.7016 0.7002429
125.76    -643.8198 -614.6964 0.7002798
125.77    -643.696 -614.691 0.7003161
125.78    -643.5721 -614.6857 0.7003518
125.79    -643.4483 -614.6802 0.7003843
125.8    -643.3244 -614.6749 0.7004139
125.81    -643.2004 -614.6694 0.7004406
125.82    -643.0764 -614.6639 0.7004647
125.83    -642.9524 -614.6584 0.7004862
125.84    -642.8284 -614.6528 0.7005027
125.85    -642.7043 -614.6473 0.7005143
125.86    -642.5801 -614.6417 0.7005213
125.87    -642.4559 -614.6362 0.700524
125.88    -642.3317 -614.6305 0.7005212
125.89    -642.2075 -614.6249 0.7005134
125.9    -642.0832 -614.6191 0.7005006
125.91    -641.9589 -614.6135 0.7004833
125.92    -641.8345 -614.6077 0.7004616
125.93    -641.7101 -614.602 0.7004353
125.94    -641.5856 -614.5963 0.7004048
125.95    -641.4611 -614.5904 0.7003703
125.96    -641.3366 -614.5846 0.7003319
125.97    -641.212 -614.5787 0.70029
125.98    -641.0874 -614.5729 0.7002447
125.99    -640.9628 -614.567 0.7001973
126    -640.8381 -614.561 0.7001479
126.01    -640.7133 -614.5551 0.7000965
126.02    -640.5886 -614.5491 0.7000435
126.03    -640.4638 -614.5432 0.6999905
126.04    -640.339 -614.5371 0.6999373
126.05    -640.2141 -614.5311 0.6998842
126.06    -640.0892 -614.5251 0.6998311
126.07    -639.9642 -614.519 0.6997778
126.08    -639.8392 -614.5129 0.6997268
126.09    -639.7142 -614.5068 0.6996778
126.1    -639.5891 -614.5006 0.6996306
126.11    -639.464 -614.4944 0.6995853
126.12    -639.3388 -614.4883 0.6995417
126.13    -639.2136 -614.4821 0.6995015
126.14    -639.0884 -614.4758 0.6994645
126.15    -638.9631 -614.4696 0.6994307
126.16    -638.8378 -614.4633 0.6993997
126.17    -638.7125 -614.457 0.6993715
126.18    -638.587 -614.4507 0.6993458
126.19    -638.4616 -614.4445 0.6993233
126.2    -638.3361 -614.438 0.6993037
126.21    -638.2106 -614.4317 0.6992869
126.22    -638.0851 -614.4254 0.6992728
126.23    -637.9595 -614.4189 0.6992604
126.24    -637.8339 -614.4125 0.6992497
126.25    -637.7083 -614.4061 0.6992406
126.26    -637.5825 -614.3996 0.6992331
126.27    -637.4567 -614.3931 0.699227
126.28    -637.3309 -614.3866 0.6992211
126.29    -637.2051 -614.3801 0.6992155
126.3    -637.0792 -614.3735 0.69921
126.31    -636.9533 -614.3669 0.6992049
126.32    -636.8273 -614.3604 0.6991999
126.33    -636.7014 -614.3538 0.6991946
126.34    -636.5753 -614.3472 0.699189
126.35    -636.4492 -614.3405 0.6991832
126.36    -636.3231 -614.3339 0.699177
126.37    -636.197 -614.3272 0.6991706
126.38    -636.0708 -614.3206 0.699165
126.39    -635.9446 -614.3138 0.69916
126.4    -635.8183 -614.3071 0.6991557
126.41    -635.692 -614.3004 0.6991519
126.42    -635.5656 -614.2937 0.6991486
126.43    -635.4391 -614.287 0.6991483
126.44    -635.3127 -614.2803 0.6991507
126.45    -635.1862 -614.2735 0.6991557
126.46    -635.0597 -614.2667 0.6991632
126.47    -634.9331 -614.2599 0.699173
126.48    -634.8065 -614.2531 0.699185
126.49    -634.6798 -614.2463 0.6992024
126.5    -634.5531 -614.2396 0.6992249
126.51    -634.4264 -614.2327 0.6992521
126.52    -634.2996 -614.2259 0.6992839
126.53    -634.1729 -614.2191 0.6993219
126.54    -634.046 -614.2122 0.6993657
126.55    -633.9191 -614.2054 0.6994152
126.56    -633.7922 -614.1985 0.6994699
126.57    -633.6652 -614.1917 0.6995295
126.58    -633.5383 -614.1849 0.6995956
126.59    -633.4113 -614.178 0.6996678
126.6    -633.2842 -614.1711 0.6997458
126.61    -633.157 -614.1642 0.6998291
126.62    -633.0299 -614.1573 0.6999176
126.63    -632.9027 -614.1505 0.7000117
126.64    -632.7755 -614.1436 0.7001112
126.65    -632.6483 -614.1367 0.7002157
126.66    -632.5209 -614.1298 0.700325
126.67    -632.3936 -614.1229 0.7004389
126.68    -632.2663 -614.116 0.7005571
126.69    -632.1389 -614.1091 0.7006794
126.7    -632.0115 -614.1022 0.7008054
126.71    -631.884 -614.0953 0.7009352
126.72    -631.7565 -614.0884 0.7010685
126.73    -631.629 -614.0815 0.7012051
126.74    -631.5014 -614.0746 0.7013447
126.75    -631.3738 -614.0677 0.7014871
126.76    -631.2462 -614.0609 0.7016324
126.77    -631.1185 -614.054 0.7017803
126.78    -630.9908 -614.0471 0.7019306
126.79    -630.8632 -614.0402 0.7020833
126.8    -630.7354 -614.0333 0.702238
126.81    -630.6077 -614.0264 0.702395
126.82    -630.4799 -614.0195 0.7025537
126.83    -630.3521 -614.0126 0.7027144
126.84    -630.2242 -614.0058 0.7028767
126.85    -630.0963 -613.9989 0.7030407
126.86    -629.9684 -613.992 0.7032062
126.87    -629.8405 -613.9851 0.7033731
126.88    -629.7125 -613.9782 0.7035415
126.89    -629.5845 -613.9713 0.7037106
126.9    -629.4564 -613.9645 0.7038804
126.91    -629.3284 -613.9576 0.7040509
126.92    -629.2003 -613.9507 0.704222
126.93    -629.0721 -613.9438 0.7043928
126.94    -628.944 -613.9369 0.7045633
126.95    -628.8159 -613.93 0.7047336
126.96    -628.6876 -613.9232 0.7049037
126.97    -628.5594 -613.9163 0.7050734
126.98    -628.4312 -613.9094 0.7052408
126.99    -628.3029 -613.9025 0.7054058
127    -628.1746 -613.8956 0.7055687
127.01    -628.0462 -613.8887 0.7057294
127.02    -627.9178 -613.8818 0.7058881
127.03    -627.7894 -613.8749 0.7060428
127.04    -627.661 -613.8681 0.7061934
127.05    -627.5325 -613.8613 0.7063404
127.06    -627.4041 -613.8544 0.7064839
127.07    -627.2755 -613.8476 0.7066241
127.08    -627.147 -613.8408 0.706759
127.09    -627.0184 -613.834 0.7068891
127.1    -626.8898 -613.8271 0.7070145
127.11    -626.7612 -613.8203 0.7071356
127.12    -626.6326 -613.8135 0.7072525
127.13    -626.5039 -613.8066 0.7073644
127.14    -626.3752 -613.7998 0.7074715
127.15    -626.2465 -613.793 0.7075741
127.16    -626.1178 -613.7861 0.7076725
127.17    -625.989 -613.7794 0.7077668
127.18    -625.8602 -613.7725 0.7078575
127.19    -625.7314 -613.7657 0.7079449
127.2    -625.6026 -613.759 0.7080291
127.21    -625.4738 -613.7522 0.7081103
127.22    -625.3448 -613.7454 0.7081886
127.23    -625.2159 -613.7386 0.7082643
127.24    -625.087 -613.7319 0.7083374
127.25    -624.958 -613.7252 0.7084102
127.26    -624.829 -613.7184 0.7084827
127.27    -624.7 -613.7116 0.7085552
127.28    -624.571 -613.7048 0.7086286
127.29    -624.442 -613.6981 0.7087032
127.3    -624.3129 -613.6913 0.7087787
127.31    -624.1838 -613.6845 0.7088554
127.32    -624.0546 -613.6778 0.7089328
127.33    -623.9255 -613.6711 0.7090129
127.34    -623.7963 -613.6644 0.7090955
127.35    -623.6671 -613.6577 0.7091804
127.36    -623.5379 -613.651 0.7092674
127.37    -623.4086 -613.6443 0.7093565
127.38    -623.2794 -613.6376 0.7094488
127.39    -623.1501 -613.6309 0.7095441
127.4    -623.0208 -613.6241 0.7096422
127.41    -622.8914 -613.6174 0.709743
127.42    -622.762 -613.6107 0.7098463
127.43    -622.6326 -613.604 0.7099519
127.44    -622.5032 -613.5974 0.7100601
127.45    -622.3738 -613.5907 0.7101707
127.46    -622.2443 -613.584 0.7102835
127.47    -622.1148 -613.5774 0.7103984
127.48    -621.9853 -613.5707 0.7105153
127.49    -621.8558 -613.5641 0.7106337
127.5    -621.7262 -613.5574 0.7107534
127.51    -621.5966 -613.5508 0.7108745
127.52    -621.467 -613.5441 0.7109969
127.53    -621.3375 -613.5375 0.7111195
127.54    -621.2078 -613.5309 0.7112425
127.55    -621.0782 -613.5242 0.7113658
127.56    -620.9485 -613.5176 0.7114893
127.57    -620.8188 -613.5109 0.7116131
127.58    -620.6891 -613.5043 0.7117358
127.59    -620.5593 -613.4977 0.7118576
127.6    -620.4296 -613.4911 0.7119783
127.61    -620.2997 -613.4846 0.7120982
127.62    -620.1699 -613.478 0.7122172
127.63    -620.04 -613.4714 0.7123336
127.64    -619.9102 -613.4648 0.7124476
127.65    -619.7803 -613.4583 0.7125592
127.66    -619.6505 -613.4517 0.7126688
127.67    -619.5205 -613.4451 0.7127762
127.68    -619.3906 -613.4385 0.71288
127.69    -619.2606 -613.4319 0.71298
127.7    -619.1306 -613.4253 0.7130767
127.71    -619.0006 -613.4187 0.7131703
127.72    -618.8705 -613.4122 0.7132608
127.73    -618.7405 -613.4056 0.7133468
127.74    -618.6104 -613.3991 0.7134285
127.75    -618.4803 -613.3926 0.7135063
127.76    -618.3502 -613.3861 0.7135802
127.77    -618.2201 -613.3796 0.7136505
127.78    -618.0899 -613.373 0.7137174
127.79    -617.9597 -613.3665 0.7137811
127.8    -617.8295 -613.36 0.7138405
127.81    -617.6993 -613.3535 0.7138957
127.82    -617.569 -613.3469 0.7139471
127.83    -617.4388 -613.3404 0.7139941
127.84    -617.3085 -613.3339 0.7140371
127.85    -617.1782 -613.3275 0.714076
127.86    -617.0479 -613.321 0.7141112
127.87    -616.9175 -613.3146 0.7141429
127.88    -616.7871 -613.3081 0.7141714
127.89    -616.6567 -613.3016 0.7141959
127.9    -616.5263 -613.2952 0.7142168
127.91    -616.3959 -613.2887 0.7142343
127.92    -616.2654 -613.2822 0.7142485
127.93    -616.1349 -613.2758 0.7142592
127.94    -616.0044 -613.2693 0.7142666
127.95    -615.8738 -613.2629 0.7142708
127.96    -615.7433 -613.2565 0.7142721
127.97    -615.6127 -613.2501 0.7142705
127.98    -615.4821 -613.2437 0.7142664
127.99    -615.3515 -613.2373 0.7142591
128    -615.2209 -613.2309 0.714249
128.01    -615.0902 -613.2245 0.7142361
128.02    -614.9595 -613.2181 0.7142208
128.03    -614.8288 -613.2117 0.7142029
128.04    -614.6981 -613.2053 0.7141823
128.05    -614.5673 -613.1989 0.7141589
128.06    -614.4366 -613.1926 0.714133
128.07    -614.3058 -613.1862 0.7141048
128.08    -614.175 -613.1799 0.7140737
128.09    -614.0442 -613.1736 0.7140399
128.1    -613.9133 -613.1672 0.7140035
128.11    -613.7825 -613.1609 0.7139648
128.12    -613.6516 -613.1545 0.7139238
128.13    -613.5206 -613.1482 0.7138797
128.14    -613.3897 -613.1418 0.7138329
128.15    -613.2587 -613.1355 0.7137834
128.16    -613.1277 -613.1292 0.7137313
128.17    -612.9968 -613.1229 0.7136769
128.18    -612.8658 -613.1166 0.7136196
128.19    -612.7347 -613.1104 0.7135596
128.2    -612.6037 -613.1041 0.7134972
128.21    -612.4726 -613.0978 0.7134324
128.22    -612.3415 -613.0915 0.7133653
128.23    -612.2103 -613.0852 0.7132961
128.24    -612.0792 -613.079 0.7132248
128.25    -611.948 -613.0727 0.7131515
128.26    -611.8168 -613.0664 0.7130764
128.27    -611.6856 -613.0602 0.7129995
128.28    -611.5544 -613.054 0.7129211
128.29    -611.4232 -613.0477 0.7128415
128.3    -611.2919 -613.0415 0.7127605
128.31    -611.1606 -613.0353 0.7126783
128.32    -611.0292 -613.0291 0.7125951
128.33    -610.8979 -613.0229 0.7125111
128.34    -610.7665 -613.0167 0.7124267
128.35    -610.6352 -613.0104 0.7123416
128.36    -610.5038 -613.0042 0.7122561
128.37    -610.3724 -612.998 0.71217
128.38    -610.241 -612.9919 0.7120839
128.39    -610.1095 -612.9858 0.711998
128.4    -609.978 -612.9796 0.7119121
128.41    -609.8465 -612.9734 0.7118263
128.42    -609.715 -612.9673 0.7117405
128.43    -609.5834 -612.9611 0.7116554
128.44    -609.4519 -612.955 0.711571
128.45    -609.3203 -612.9489 0.7114871
128.46    -609.1887 -612.9427 0.7114039
128.47    -609.0571 -612.9366 0.7113212
128.48    -608.9255 -612.9305 0.711239
128.49    -608.7938 -612.9244 0.7111582
128.5    -608.6622 -612.9183 0.7110785
128.51    -608.5305 -612.9122 0.711
128.52    -608.3988 -612.9061 0.7109226
128.53    -608.2671 -612.9001 0.7108462
128.54    -608.1354 -612.894 0.7107716
128.55    -608.0037 -612.8879 0.7106988
128.56    -607.8719 -612.8819 0.7106276
128.57    -607.7401 -612.8759 0.7105578
128.58    -607.6083 -612.8698 0.7104902
128.59    -607.4766 -612.8638 0.7104245
128.6    -607.3447 -612.8578 0.7103606
128.61    -607.2129 -612.8517 0.7102985
128.62    -607.0811 -612.8457 0.710238
128.63    -606.9492 -612.8397 0.7101797
128.64    -606.8173 -612.8337 0.7101234
128.65    -606.6854 -612.8278 0.7100691
128.66    -606.5535 -612.8218 0.7100165
128.67    -606.4216 -612.8159 0.7099657
128.68    -606.2896 -612.8099 0.7099166
128.69    -606.1577 -612.8039 0.7098695
128.7    -606.0257 -612.7979 0.7098244
128.71    -605.8937 -612.7919 0.7097812
128.72    -605.7617 -612.786 0.7097397
128.73    -605.6296 -612.7801 0.7096998
128.74    -605.4976 -612.7742 0.7096615
128.75    -605.3655 -612.7683 0.7096252
128.76    -605.2335 -612.7624 0.7095906
128.77    -605.1014 -612.7565 0.7095576
128.78    -604.9693 -612.7505 0.7095263
128.79    -604.8372 -612.7446 0.7094967
128.8    -604.7051 -612.7387 0.7094685
128.81    -604.5729 -612.7329 0.7094419
128.82    -604.4407 -612.7271 0.7094166
128.83    -604.3086 -612.7212 0.7093925
128.84    -604.1764 -612.7153 0.7093698
128.85    -604.0442 -612.7095 0.7093484
128.86    -603.912 -612.7036 0.709328
128.87    -603.7797 -612.6978 0.7093087
128.88    -603.6475 -612.692 0.7092904
128.89    -603.5152 -612.6862 0.7092731
128.9    -603.3829 -612.6804 0.7092566
128.91    -603.2506 -612.6746 0.7092411
128.92    -603.1183 -612.6688 0.7092263
128.93    -602.986 -612.663 0.7092123
128.94    -602.8536 -612.6572 0.7091991
128.95    -602.7213 -612.6514 0.7091866
128.96    -602.5889 -612.6456 0.7091747
128.97    -602.4565 -612.6399 0.7091634
128.98    -602.3241 -612.6342 0.7091528
128.99    -602.1917 -612.6284 0.7091429
129    -602.0592 -612.6227 0.7091336
129.01    -601.9268 -612.6169 0.7091247
129.02    -601.7943 -612.6113 0.7091164
129.03    -601.6618 -612.6055 0.7091092
129.04    -601.5293 -612.5998 0.709103
129.05    -601.3968 -612.5941 0.7090977
129.06    -601.2642 -612.5884 0.7090934
129.07    -601.1317 -612.5827 0.7090899
129.08    -600.9991 -612.5771 0.7090883
129.09    -600.8665 -612.5714 0.7090884
129.1    -600.7339 -612.5657 0.7090903
129.11    -600.6013 -612.5601 0.7090938
129.12    -600.4687 -612.5544 0.7090988
129.13    -600.3361 -612.5487 0.7091066
129.14    -600.2034 -612.5431 0.7091169
129.15    -600.0707 -612.5375 0.7091297
129.16    -599.938 -612.5319 0.7091448
129.17    -599.8054 -612.5263 0.7091622
129.18    -599.6727 -612.5207 0.7091825
129.19    -599.5399 -612.5151 0.7092056
129.2    -599.4072 -612.5095 0.7092314
129.21    -599.2744 -612.5038 0.7092597
129.22    -599.1416 -612.4984 0.7092904
129.23    -599.0089 -612.4928 0.7093236
129.24    -598.876 -612.4872 0.709359
129.25    -598.7432 -612.4817 0.7093967
129.26    -598.6103 -612.4761 0.7094363
129.27    -598.4774 -612.4706 0.709478
129.28    -598.3445 -612.465 0.7095214
129.29    -598.2117 -612.4595 0.7095665
129.3    -598.0788 -612.454 0.7096134
129.31    -597.9459 -612.4485 0.7096617
129.32    -597.8129 -612.4431 0.7097116
129.33    -597.68 -612.4376 0.7097628
129.34    -597.5471 -612.4321 0.7098153
129.35    -597.4141 -612.4266 0.709869
129.36    -597.2811 -612.4211 0.7099239
129.37    -597.1481 -612.4156 0.7099798
129.38    -597.0151 -612.4102 0.7100368
129.39    -596.882 -612.4048 0.7100947
129.4    -596.749 -612.3994 0.7101535
129.41    -596.6159 -612.3939 0.7102133
129.42    -596.4828 -612.3885 0.7102739
129.43    -596.3497 -612.3831 0.7103351
129.44    -596.2166 -612.3777 0.710397
129.45    -596.0834 -612.3723 0.7104595
129.46    -595.9503 -612.3669 0.7105228
129.47    -595.8171 -612.3615 0.7105865
129.48    -595.6839 -612.3561 0.7106507
129.49    -595.5507 -612.3508 0.7107152
129.5    -595.4175 -612.3455 0.7107803
129.51    -595.2843 -612.3401 0.7108456
129.52    -595.1511 -612.3347 0.7109113
129.53    -595.0178 -612.3294 0.7109774
129.54    -594.8846 -612.3241 0.7110435
129.55    -594.7513 -612.3188 0.7111101
129.56    -594.618 -612.3135 0.7111768
129.57    -594.4846 -612.3082 0.7112437
129.58    -594.3513 -612.3029 0.7113109
129.59    -594.218 -612.2976 0.7113782
129.6    -594.0846 -612.2923 0.7114457
129.61    -593.9512 -612.287 0.7115134
129.62    -593.8177 -612.2819 0.7115813
129.63    -593.6843 -612.2766 0.7116492
129.64    -593.5509 -612.2714 0.7117174
129.65    -593.4174 -612.2661 0.7117856
129.66    -593.2839 -612.2609 0.711854
129.67    -593.1504 -612.2556 0.7119225
129.68    -593.0169 -612.2504 0.711991
129.69    -592.8834 -612.2452 0.7120596
129.7    -592.7498 -612.24 0.7121282
129.71    -592.6162 -612.2348 0.7121968
129.72    -592.4826 -612.2296 0.7122655
129.73    -592.349 -612.2244 0.712334
129.74    -592.2154 -612.2192 0.7124025
129.75    -592.0817 -612.2141 0.7124708
129.76    -591.9481 -612.2089 0.712539
129.77    -591.8143 -612.2037 0.7126071
129.78    -591.6807 -612.1985 0.7126747
129.79    -591.5469 -612.1934 0.7127418
129.8    -591.4132 -612.1882 0.7128085
129.81    -591.2794 -612.183 0.7128748
129.82    -591.1456 -612.1779 0.7129406
129.83    -591.0118 -612.1728 0.7130054
129.84    -590.8781 -612.1677 0.713069
129.85    -590.7442 -612.1625 0.7131317
129.86    -590.6104 -612.1574 0.7131934
129.87    -590.4764 -612.1523 0.7132542
129.88    -590.3426 -612.1472 0.7133133
129.89    -590.2087 -612.142 0.7133709
129.9    -590.0748 -612.137 0.7134268
129.91    -589.9408 -612.1318 0.7134814
129.92    -589.8068 -612.1267 0.7135346
129.93    -589.6729 -612.1216 0.7135865
129.94    -589.5389 -612.1165 0.7136362
129.95    -589.4048 -612.1115 0.7136835
129.96    -589.2708 -612.1064 0.7137288
129.97    -589.1368 -612.1013 0.7137722
129.98    -589.0027 -612.0963 0.7138138
129.99    -588.8686 -612.0912 0.7138528
130    -588.7345 -612.0861 0.7138895
130.01    -588.6003 -612.0811 0.7139239
130.02    -588.4662 -612.076 0.7139564
130.03    -588.332 -612.0709 0.7139859
130.04    -588.1979 -612.0659 0.7140129
130.05    -588.0637 -612.0608 0.7140375
130.06    -587.9294 -612.0557 0.7140598
130.07    -587.7952 -612.0507 0.7140799
130.08    -587.661 -612.0456 0.714097
130.09    -587.5267 -612.0405 0.7141114
130.1    -587.3925 -612.0355 0.7141234
130.11    -587.2582 -612.0304 0.7141328
130.12    -587.1238 -612.0253 0.7141401
130.13    -586.9895 -612.0203 0.7141446
130.14    -586.8552 -612.0152 0.7141465
130.15    -586.7208 -612.0101 0.714146
130.16    -586.5864 -612.0051 0.7141432
130.17    -586.452 -612 0.7141382
130.18    -586.3176 -611.9949 0.7141308
130.19    -586.1831 -611.9899 0.7141213
130.2    -586.0486 -611.9848 0.7141097
130.21    -585.9142 -611.9797 0.7140961
130.22    -585.7797 -611.9747 0.7140808
130.23    -585.6451 -611.9696 0.7140635
130.24    -585.5106 -611.9645 0.7140444
130.25    -585.3761 -611.9595 0.7140236
130.26    -585.2415 -611.9544 0.7140014
130.27    -585.1069 -611.9493 0.7139776
130.28    -584.9724 -611.9443 0.7139524
130.29    -584.8378 -611.9392 0.7139258
130.3    -584.7031 -611.9341 0.7138979
130.31    -584.5685 -611.9291 0.7138689
130.32    -584.4338 -611.924 0.7138386
130.33    -584.2991 -611.9189 0.7138073
130.34    -584.1644 -611.9138 0.7137747
130.35    -584.0297 -611.9088 0.7137411
130.36    -583.8949 -611.9037 0.7137065
130.37    -583.7601 -611.8986 0.713671
130.38    -583.6254 -611.8936 0.7136343
130.39    -583.4906 -611.8885 0.7135965
130.4    -583.3558 -611.8834 0.7135575
130.41    -583.2209 -611.8784 0.7135177
130.42    -583.0861 -611.8733 0.7134767
130.43    -582.9512 -611.8682 0.7134344
130.44    -582.8163 -611.8632 0.7133906
130.45    -582.6815 -611.8581 0.7133456
130.46    -582.5465 -611.853 0.7132993
130.47    -582.4116 -611.848 0.7132518
130.48    -582.2766 -611.8429 0.7132026
130.49    -582.1417 -611.8378 0.7131516
130.5    -582.0067 -611.8328 0.7130989
130.51    -581.8716 -611.8277 0.7130448
130.52    -581.7366 -611.8226 0.7129892
130.53    -581.6016 -611.8176 0.7129322
130.54    -581.4665 -611.8125 0.7128733
130.55    -581.3314 -611.8074 0.7128126
130.56    -581.1964 -611.8024 0.7127501
130.57    -581.0612 -611.7973 0.7126859
130.58    -580.9261 -611.7922 0.7126201
130.59    -580.791 -611.7872 0.7125527
130.6    -580.6558 -611.7821 0.7124836
130.61    -580.5206 -611.777 0.7124132
130.62    -580.3854 -611.772 0.7123414
130.63    -580.2502 -611.7669 0.7122684
130.64    -580.1151 -611.7619 0.7121941
130.65    -579.9798 -611.7569 0.7121188
130.66    -579.8445 -611.752 0.7120424
130.67    -579.7093 -611.7469 0.711965
130.68    -579.574 -611.7419 0.7118869
130.69    -579.4387 -611.7369 0.711808
130.7    -579.3034 -611.7319 0.7117284
130.71    -579.1681 -611.7269 0.7116481
130.72    -579.0327 -611.7219 0.7115673
130.73    -578.8973 -611.7169 0.7114858
130.74    -578.762 -611.7119 0.7114042
130.75    -578.6266 -611.707 0.7113224
130.76    -578.4911 -611.702 0.7112405
130.77    -578.3557 -611.697 0.7111583
130.78    -578.2203 -611.692 0.7110761
130.79    -578.0848 -611.687 0.7109945
130.8    -577.9493 -611.6821 0.7109135
130.81    -577.8138 -611.6772 0.7108331
130.82    -577.6783 -611.6722 0.7107531
130.83    -577.5428 -611.6673 0.7106737
130.84    -577.4073 -611.6624 0.7105957
130.85    -577.2717 -611.6574 0.710519
130.86    -577.1362 -611.6525 0.7104436
130.87    -577.0005 -611.6476 0.7103693
130.88    -576.8649 -611.6426 0.7102961
130.89    -576.7293 -611.6378 0.7102252
130.9    -576.5937 -611.6329 0.7101564
130.91    -576.4581 -611.628 0.7100897
130.92    -576.3224 -611.6232 0.7100248
130.93    -576.1867 -611.6183 0.7099616
130.94    -576.051 -611.6134 0.7099015
130.95    -575.9153 -611.6085 0.709844
130.96    -575.7796 -611.6037 0.7097892
130.97    -575.6439 -611.5989 0.7097367
130.98    -575.5081 -611.5941 0.7096872
130.99    -575.3724 -611.5892 0.7096406
131    -575.2366 -611.5844 0.7095965
131.01    -575.1008 -611.5797 0.7095549
131.02    -574.965 -611.5748 0.7095156
131.03    -574.8292 -611.5701 0.7094786
131.04    -574.6934 -611.5653 0.7094444
131.05    -574.5575 -611.5606 0.7094128
131.06    -574.4216 -611.5558 0.7093838
131.07    -574.2858 -611.5511 0.7093571
131.08    -574.1499 -611.5463 0.7093335
131.09    -574.014 -611.5417 0.7093126
131.1    -573.8781 -611.537 0.7092943
131.11    -573.7422 -611.5323 0.7092785
131.12    -573.6063 -611.5276 0.709265
131.13    -573.4703 -611.523 0.7092544
131.14    -573.3344 -611.5184 0.7092465
131.15    -573.1984 -611.5137 0.709241
131.16    -573.0624 -611.5092 0.7092379
131.17    -572.9265 -611.5046 0.7092372
131.18    -572.7905 -611.5 0.7092389
131.19    -572.6544 -611.4955 0.7092431
131.2    -572.5184 -611.4909 0.7092495
131.21    -572.3823 -611.4864 0.709258
131.22    -572.2463 -611.4819 0.7092685
131.23    -572.1102 -611.4774 0.709281
131.24    -571.9741 -611.4729 0.7092952
131.25    -571.838 -611.4685 0.7093112
131.26    -571.7018 -611.4641 0.7093289
131.27    -571.5657 -611.4596 0.709348
131.28    -571.4296 -611.4552 0.7093686
131.29    -571.2935 -611.4508 0.7093906
131.3    -571.1573 -611.4465 0.7094138
131.31    -571.0211 -611.4421 0.7094383
131.32    -570.8849 -611.4377 0.7094639
131.33    -570.7487 -611.4334 0.7094902
131.34    -570.6125 -611.4291 0.7095174
131.35    -570.4763 -611.4247 0.7095453
131.36    -570.34 -611.4205 0.7095739
131.37    -570.2037 -611.4161 0.7096032
131.38    -570.0675 -611.4119 0.7096324
131.39    -569.9312 -611.4077 0.7096616
131.4    -569.7949 -611.4034 0.7096908
131.41    -569.6586 -611.3991 0.70972
131.42    -569.5223 -611.395 0.7097491
131.43    -569.386 -611.3907 0.7097772
131.44    -569.2496 -611.3865 0.7098041
131.45    -569.1133 -611.3823 0.7098302
131.46    -568.9769 -611.3782 0.7098553
131.47    -568.8405 -611.374 0.7098795
131.48    -568.704 -611.3699 0.7099029
131.49    -568.5676 -611.3657 0.7099257
131.5    -568.4312 -611.3616 0.7099459
131.51    -568.2948 -611.3575 0.7099642
131.52    -568.1583 -611.3534 0.7099805
131.53    -568.0219 -611.3493 0.7099941
131.54    -567.8854 -611.3453 0.7100051
131.55    -567.749 -611.3412 0.7100137
131.56    -567.6125 -611.3371 0.7100201
131.57    -567.476 -611.3331 0.7100244
131.58    -567.3395 -611.329 0.7100259
131.59    -567.2029 -611.325 0.7100248
131.6    -567.0664 -611.321 0.7100213
131.61    -566.9299 -611.317 0.7100154
131.62    -566.7933 -611.313 0.7100073
131.63    -566.6567 -611.309 0.7099968
131.64    -566.5201 -611.3051 0.7099838
131.65    -566.3835 -611.3011 0.7099686
131.66    -566.2469 -611.2971 0.7099515
131.67    -566.1103 -611.2932 0.7099323
131.68    -565.9737 -611.2892 0.7099109
131.69    -565.837 -611.2853 0.7098877
131.7    -565.7004 -611.2814 0.7098625
131.71    -565.5637 -611.2775 0.7098357
131.72    -565.427 -611.2736 0.7098073
131.73    -565.2903 -611.2697 0.7097772
131.74    -565.1536 -611.2658 0.7097456
131.75    -565.0168 -611.2619 0.7097126
131.76    -564.8801 -611.258 0.7096782
131.77    -564.7433 -611.2542 0.7096426
131.78    -564.6066 -611.2503 0.7096057
131.79    -564.4698 -611.2465 0.7095675
131.8    -564.333 -611.2426 0.709528
131.81    -564.1962 -611.2388 0.7094874
131.82    -564.0594 -611.2349 0.7094457
131.83    -563.9225 -611.2311 0.7094028
131.84    -563.7857 -611.2272 0.7093586
131.85    -563.6489 -611.2234 0.709313
131.86    -563.512 -611.2195 0.7092663
131.87    -563.3751 -611.2157 0.7092183
131.88    -563.2382 -611.2119 0.7091687
131.89    -563.1013 -611.208 0.7091176
131.9    -562.9644 -611.2042 0.7090648
131.91    -562.8275 -611.2004 0.709011
131.92    -562.6906 -611.1966 0.7089556
131.93    -562.5536 -611.1928 0.708899
131.94    -562.4166 -611.189 0.7088403
131.95    -562.2797 -611.1852 0.7087796
131.96    -562.1426 -611.1815 0.708717
131.97    -562.0056 -611.1777 0.7086527
131.98    -561.8686 -611.1739 0.7085856
131.99    -561.7316 -611.17 0.7085157
132    -561.5945 -611.1663 0.7084433
132.01    -561.4575 -611.1625 0.7083687
132.02    -561.3204 -611.1587 0.7082919
132.03    -561.1832 -611.1549 0.7082129
132.04    -561.0461 -611.1511 0.7081309
132.05    -560.909 -611.1473 0.7080458
132.06    -560.7719 -611.1436 0.7079582
132.07    -560.6347 -611.1398 0.7078679
132.08    -560.4975 -611.136 0.7077752
132.09    -560.3603 -611.1322 0.7076792
132.1    -560.2231 -611.1284 0.7075801
132.11    -560.0859 -611.1246 0.7074783
132.12    -559.9486 -611.1208 0.7073737
132.13    -559.8113 -611.117 0.707266
132.14    -559.6741 -611.1132 0.7071555
132.15    -559.5368 -611.1094 0.7070423
132.16    -559.3995 -611.1055 0.7069266
132.17    -559.2621 -611.1017 0.7068083
132.18    -559.1248 -611.0978 0.7066876
132.19    -558.9875 -611.094 0.7065645
132.2    -558.8501 -611.0901 0.7064391
132.21    -558.7127 -611.0862 0.7063117
132.22    -558.5753 -611.0824 0.7061822
132.23    -558.4379 -611.0786 0.7060508
132.24    -558.3005 -611.0747 0.7059177
132.25    -558.1631 -611.0709 0.7057828
132.26    -558.0256 -611.067 0.7056463
132.27    -557.8881 -611.0632 0.7055084
132.28    -557.7507 -611.0593 0.7053691
132.29    -557.6132 -611.0554 0.7052285
132.3    -557.4756 -611.0516 0.7050867
132.31    -557.3381 -611.0477 0.7049438
132.32    -557.2006 -611.0438 0.7047998
132.33    -557.063 -611.0399 0.704655
132.34    -556.9254 -611.0359 0.7045094
132.35    -556.7878 -611.032 0.7043631
132.36    -556.6502 -611.0281 0.7042161
132.37    -556.5126 -611.0242 0.7040685
132.38    -556.375 -611.0203 0.7039208
132.39    -556.2374 -611.0164 0.7037732
132.4    -556.0997 -611.0125 0.7036256
132.41    -555.962 -611.0085 0.7034779
132.42    -555.8243 -611.0046 0.7033302
132.43    -555.6865 -611.0007 0.7031825
132.44    -555.5488 -610.9967 0.7030364
132.45    -555.4111 -610.9927 0.7028917
132.46    -555.2733 -610.9887 0.7027485
132.47    -555.1355 -610.9847 0.7026066
132.48    -554.9977 -610.9808 0.702467
132.49    -554.8599 -610.9768 0.70233
132.5    -554.7221 -610.9728 0.7021951
132.51    -554.5843 -610.9689 0.7020624
132.52    -554.4464 -610.9649 0.7019316
132.53    -554.3085 -610.9608 0.7018042
132.54    -554.1707 -610.9568 0.7016799
132.55    -554.0328 -610.9528 0.7015585
132.56    -553.8948 -610.9487 0.7014399
132.57    -553.7569 -610.9447 0.7013239
132.58    -553.619 -610.9407 0.7012118
132.59    -553.481 -610.9366 0.701103
132.6    -553.343 -610.9326 0.7009977
132.61    -553.205 -610.9285 0.7008955
132.62    -553.067 -610.9244 0.7007962
132.63    -552.929 -610.9203 0.700701
132.64    -552.791 -610.9163 0.7006097
132.65    -552.653 -610.9122 0.7005219
132.66    -552.5149 -610.9081 0.7004377
132.67    -552.3768 -610.904 0.7003567
132.68    -552.2388 -610.8999 0.7002799
132.69    -552.1006 -610.8958 0.7002071
132.7    -551.9625 -610.8917 0.7001381
132.71    -551.8244 -610.8876 0.7000726
132.72    -551.6862 -610.8834 0.7000105
132.73    -551.548 -610.8793 0.6999522
132.74    -551.4099 -610.8751 0.6998978
132.75    -551.2717 -610.871 0.6998466
132.76    -551.1334 -610.8668 0.6997988
132.77    -550.9952 -610.8627 0.6997541
132.78    -550.8569 -610.8585 0.6997128
132.79    -550.7187 -610.8543 0.6996747
132.8    -550.5804 -610.8502 0.6996396
132.81    -550.4421 -610.8459 0.6996074
132.82    -550.3038 -610.8417 0.6995779
132.83    -550.1655 -610.8375 0.6995516
132.84    -550.0272 -610.8333 0.6995283
132.85    -549.8889 -610.8291 0.6995079
132.86    -549.7505 -610.8249 0.6994902
132.87    -549.6121 -610.8207 0.6994751
132.88    -549.4737 -610.8164 0.6994624
132.89    -549.3353 -610.8121 0.6994532
132.9    -549.1968 -610.8079 0.6994472
132.91    -549.0584 -610.8036 0.6994443
132.92    -548.9199 -610.7993 0.6994444
132.93    -548.7814 -610.795 0.6994471
132.94    -548.6429 -610.7908 0.6994537
132.95    -548.5045 -610.7865 0.6994638
132.96    -548.3659 -610.7822 0.6994774
132.97    -548.2274 -610.7778 0.6994941
132.98    -548.0888 -610.7735 0.6995152
132.99    -547.9503 -610.7692 0.6995405
133    -547.8117 -610.7648 0.6995695
133.01    -547.6731 -610.7605 0.6996023
133.02    -547.5345 -610.7562 0.6996385
133.03    -547.3959 -610.7518 0.6996781
133.04    -547.2573 -610.7475 0.6997221
133.05    -547.1186 -610.7431 0.6997703
133.06    -546.9799 -610.7387 0.6998224
133.07    -546.8412 -610.7343 0.6998783
133.08    -546.7025 -610.7299 0.6999378
133.09    -546.5638 -610.7255 0.7000015
133.1    -546.4251 -610.7211 0.7000693
133.11    -546.2864 -610.7167 0.7001411
133.12    -546.1476 -610.7123 0.7002164
133.13    -546.0088 -610.7079 0.7002952
133.14    -545.87 -610.7034 0.7003775
133.15    -545.7312 -610.699 0.7004632
133.16    -545.5924 -610.6945 0.700552
133.17    -545.4536 -610.6901 0.7006438
133.18    -545.3147 -610.6856 0.7007385
133.19    -545.1758 -610.6812 0.7008358
133.2    -545.037 -610.6767 0.7009357
133.21    -544.8981 -610.6722 0.701038
133.22    -544.7592 -610.6677 0.7011425
133.23    -544.6202 -610.6631 0.7012491
133.24    -544.4813 -610.6586 0.7013577
133.25    -544.3424 -610.6541 0.7014681
133.26    -544.2034 -610.6496 0.7015801
133.27    -544.0645 -610.6451 0.7016939
133.28    -543.9255 -610.6406 0.7018092
133.29    -543.7865 -610.636 0.7019258
133.3    -543.6475 -610.6315 0.7020438
133.31    -543.5084 -610.627 0.702163
133.32    -543.3694 -610.6224 0.7022835
133.33    -543.2303 -610.6179 0.7024048
133.34    -543.0912 -610.6133 0.7025269
133.35    -542.9521 -610.6088 0.7026497
133.36    -542.813 -610.6042 0.7027733
133.37    -542.6739 -610.5996 0.7028975
133.38    -542.5347 -610.595 0.7030225
133.39    -542.3956 -610.5904 0.7031472
133.4    -542.2564 -610.5858 0.7032718
133.41    -542.1172 -610.5812 0.7033963
133.42    -541.978 -610.5765 0.7035207
133.43    -541.8388 -610.5719 0.7036442
133.44    -541.6996 -610.5673 0.7037671
133.45    -541.5604 -610.5626 0.7038891
133.46    -541.4211 -610.5579 0.7040104
133.47    -541.2818 -610.5533 0.7041311
133.48    -541.1425 -610.5486 0.7042511
133.49    -541.0032 -610.544 0.7043695
133.5    -540.8639 -610.5394 0.704486
133.51    -540.7245 -610.5347 0.7046011
133.52    -540.5852 -610.53 0.7047147
133.53    -540.4459 -610.5253 0.7048261
133.54    -540.3065 -610.5206 0.7049353
133.55    -540.1671 -610.5159 0.7050424
133.56    -540.0277 -610.5112 0.7051476
133.57    -539.8883 -610.5065 0.7052511
133.58    -539.7489 -610.5018 0.7053518
133.59    -539.6094 -610.497 0.7054499
133.6    -539.47 -610.4922 0.7055457
133.61    -539.3305 -610.4875 0.7056392
133.62    -539.191 -610.4827 0.7057306
133.63    -539.0515 -610.4779 0.705819
133.64    -538.912 -610.4731 0.7059049
133.65    -538.7725 -610.4684 0.7059883
133.66    -538.6329 -610.4636 0.7060692
133.67    -538.4933 -610.4587 0.706148
133.68    -538.3538 -610.4539 0.706224
133.69    -538.2142 -610.4491 0.7062977
133.7    -538.0746 -610.4443 0.7063689
133.71    -537.9349 -610.4394 0.7064381
133.72    -537.7953 -610.4345 0.7065051
133.73    -537.6556 -610.4296 0.7065697
133.74    -537.516 -610.4247 0.706632
133.75    -537.3763 -610.4199 0.706692
133.76    -537.2366 -610.415 0.70675
133.77    -537.0969 -610.4101 0.7068061
133.78    -536.9572 -610.4052 0.7068598
133.79    -536.8175 -610.4002 0.7069113
133.8    -536.6777 -610.3953 0.7069608
133.81    -536.538 -610.3903 0.7070082
133.82    -536.3982 -610.3854 0.7070539
133.83    -536.2584 -610.3804 0.7070972
133.84    -536.1187 -610.3755 0.7071386
133.85    -535.9788 -610.3705 0.7071779
133.86    -535.839 -610.3656 0.7072153
133.87    -535.6992 -610.3605 0.707251
133.88    -535.5593 -610.3555 0.7072847
133.89    -535.4194 -610.3505 0.7073167
133.9    -535.2795 -610.3455 0.7073469
133.91    -535.1396 -610.3405 0.7073756
133.92    -534.9997 -610.3355 0.7074027
133.93    -534.8597 -610.3305 0.7074284
133.94    -534.7198 -610.3254 0.7074524
133.95    -534.5798 -610.3203 0.7074749
133.96    -534.4399 -610.3152 0.7074959
133.97    -534.2999 -610.3102 0.7075155
133.98    -534.1599 -610.3051 0.7075338
133.99    -534.0198 -610.3 0.7075503
134    -533.8798 -610.295 0.707565
134.01    -533.7398 -610.2899 0.7075781
134.02    -533.5997 -610.2847 0.7075897
134.03    -533.4597 -610.2795 0.7075994
134.04    -533.3196 -610.2744 0.7076073
134.05    -533.1796 -610.2693 0.7076135
134.06    -533.0395 -610.2642 0.7076179
134.07    -532.8994 -610.259 0.707621
134.08    -532.7593 -610.2539 0.7076222
134.09    -532.6191 -610.2487 0.7076216
134.1    -532.479 -610.2435 0.7076194
134.11    -532.3389 -610.2383 0.7076156
134.12    -532.1987 -610.2331 0.7076104
134.13    -532.0585 -610.2279 0.7076038
134.14    -531.9183 -610.2227 0.7075959
134.15    -531.7781 -610.2175 0.7075868
134.16    -531.6379 -610.2123 0.7075765
134.17    -531.4977 -610.207 0.707565
134.18    -531.3574 -610.2018 0.7075525
134.19    -531.2172 -610.1965 0.707539
134.2    -531.077 -610.1912 0.7075247
134.21    -530.9367 -610.186 0.7075093
134.22    -530.7964 -610.1807 0.7074932
134.23    -530.6562 -610.1755 0.7074763
134.24    -530.5159 -610.1702 0.7074586
134.25    -530.3757 -610.1649 0.7074402
134.26    -530.2354 -610.1595 0.7074211
134.27    -530.095 -610.1542 0.7074014
134.28    -529.9547 -610.1489 0.7073811
134.29    -529.8144 -610.1436 0.7073603
134.3    -529.6741 -610.1382 0.7073389
134.31    -529.5337 -610.1329 0.7073169
134.32    -529.3933 -610.1276 0.7072945
134.33    -529.2529 -610.1223 0.7072717
134.34    -529.1125 -610.1169 0.7072486
134.35    -528.9722 -610.1116 0.7072251
134.36    -528.8318 -610.1062 0.7072011
134.37    -528.6913 -610.1008 0.7071769
134.38    -528.5509 -610.0954 0.7071523
134.39    -528.4105 -610.09 0.7071275
134.4    -528.27 -610.0847 0.7071024
134.41    -528.1296 -610.0793 0.7070772
134.42    -527.9891 -610.0739 0.7070517
134.43    -527.8487 -610.0685 0.707026
134.44    -527.7083 -610.0632 0.7070003
134.45    -527.5677 -610.0578 0.7069744
134.46    -527.4272 -610.0524 0.7069485
134.47    -527.2867 -610.0471 0.7069224
134.48    -527.1462 -610.0417 0.7068963
134.49    -527.0057 -610.0363 0.7068702
134.5    -526.8652 -610.0309 0.7068442
134.51    -526.7247 -610.0256 0.7068182
134.52    -526.5841 -610.0202 0.7067924
134.53    -526.4435 -610.0148 0.7067665
134.54    -526.303 -610.0095 0.7067406
134.55    -526.1624 -610.0042 0.7067154
134.56    -526.0219 -609.9988 0.7066907
134.57    -525.8812 -609.9934 0.7066666
134.58    -525.7407 -609.988 0.7066436
134.59    -525.6001 -609.9827 0.7066216
134.6    -525.4595 -609.9773 0.7066005
134.61    -525.3188 -609.9719 0.7065803
134.62    -525.1782 -609.9666 0.706561
134.63    -525.0376 -609.9612 0.7065434
134.64    -524.897 -609.9558 0.7065275
134.65    -524.7563 -609.9504 0.706513
134.66    -524.6157 -609.9451 0.7065001
134.67    -524.475 -609.9398 0.7064885
134.68    -524.3343 -609.9344 0.7064794
134.69    -524.1936 -609.929 0.7064726
134.7    -524.0529 -609.9236 0.706468
134.71    -523.9122 -609.9183 0.7064656
134.72    -523.7714 -609.9129 0.7064651
134.73    -523.6307 -609.9075 0.7064673
134.74    -523.4899 -609.9022 0.7064723
134.75    -523.3492 -609.8968 0.7064798
134.76    -523.2084 -609.8915 0.7064897
134.77    -523.0676 -609.8861 0.7065018
134.78    -522.9268 -609.8807 0.7065167
134.79    -522.7859 -609.8754 0.7065343
134.8    -522.6451 -609.87 0.7065545
134.81    -522.5042 -609.8646 0.7065769
134.82    -522.3633 -609.8593 0.7066017
134.83    -522.2224 -609.8539 0.7066286
134.84    -522.0814 -609.8486 0.7066578
134.85    -521.9404 -609.8433 0.7066892
134.86    -521.7994 -609.838 0.7067229
134.87    -521.6584 -609.8327 0.7067584
134.88    -521.5173 -609.8275 0.706796
134.89    -521.3763 -609.8221 0.7068356
134.9    -521.2352 -609.8169 0.7068768
134.91    -521.0941 -609.8116 0.7069199
134.92    -520.9529 -609.8064 0.7069644
134.93    -520.8117 -609.8012 0.7070106
134.94    -520.6705 -609.796 0.7070583
134.95    -520.5293 -609.7907 0.7071073
134.96    -520.3881 -609.7856 0.7071577
134.97    -520.2468 -609.7804 0.7072093
134.98    -520.1055 -609.7752 0.7072621
134.99    -519.9641 -609.7701 0.7073161
135    -519.8228 -609.7649 0.7073712
135.01    -519.6813 -609.7598 0.7074272
135.02    -519.5399 -609.7547 0.7074842
135.03    -519.3984 -609.7496 0.7075422
135.04    -519.2568 -609.7444 0.707601
135.05    -519.1153 -609.7394 0.7076606
135.06    -518.9737 -609.7344 0.7077209
135.07    -518.832 -609.7294 0.707782
135.08    -518.6904 -609.7243 0.7078438
135.09    -518.5486 -609.7193 0.7079062
135.1    -518.4069 -609.7144 0.7079692
135.11    -518.2651 -609.7094 0.7080328
135.12    -518.1233 -609.7044 0.708097
135.13    -517.9814 -609.6995 0.7081617
135.14    -517.8396 -609.6946 0.7082268
135.15    -517.6977 -609.6896 0.7082924
135.16    -517.5557 -609.6848 0.7083584
135.17    -517.4137 -609.6799 0.7084249
135.18    -517.2717 -609.675 0.7084914
135.19    -517.1296 -609.6702 0.7085584
135.2    -516.9875 -609.6654 0.7086254
135.21    -516.8454 -609.6606 0.7086927
135.22    -516.7032 -609.6558 0.7087602
135.23    -516.561 -609.6511 0.7088274
135.24    -516.4188 -609.6464 0.7088943
135.25    -516.2766 -609.6417 0.708961
135.26    -516.1342 -609.637 0.7090275
135.27    -515.9919 -609.6323 0.7090937
135.28    -515.8495 -609.6276 0.709159
135.29    -515.7071 -609.623 0.7092233
135.3    -515.5646 -609.6184 0.7092868
135.31    -515.4221 -609.6138 0.7093494
135.32    -515.2796 -609.6093 0.7094112
135.33    -515.1371 -609.6047 0.7094715
135.34    -514.9945 -609.6002 0.7095303
135.35    -514.8519 -609.5956 0.7095878
135.36    -514.7092 -609.5911 0.7096439
135.37    -514.5665 -609.5866 0.7096989
135.38    -514.4238 -609.5821 0.7097518
135.39    -514.281 -609.5777 0.7098029
135.4    -514.1381 -609.5732 0.7098522
135.41    -513.9953 -609.5688 0.7099
135.42    -513.8524 -609.5644 0.7099462
135.43    -513.7095 -609.56 0.7099901
135.44    -513.5666 -609.5556 0.710032
135.45    -513.4236 -609.5513 0.7100719
135.46    -513.2806 -609.5469 0.7101099
135.47    -513.1376 -609.5425 0.7101463
135.48    -512.9945 -609.5382 0.710181
135.49    -512.8514 -609.5339 0.7102132
135.5    -512.7083 -609.5296 0.7102432
135.51    -512.5651 -609.5253 0.7102709
135.52    -512.4219 -609.5211 0.7102966
135.53    -512.2787 -609.5168 0.7103196
135.54    -512.1355 -609.5126 0.7103402
135.55    -511.9922 -609.5084 0.7103584
135.56    -511.8489 -609.5042 0.7103744
135.57    -511.7055 -609.4999 0.7103882
135.58    -511.5622 -609.4957 0.7103992
135.59    -511.4188 -609.4916 0.7104074
135.6    -511.2753 -609.4875 0.7104132
135.61    -511.1318 -609.4833 0.7104163
135.62    -510.9883 -609.4792 0.7104173
135.63    -510.8448 -609.475 0.7104151
135.64    -510.7012 -609.4709 0.71041
135.65    -510.5576 -609.4669 0.7104022
135.66    -510.414 -609.4628 0.7103918
135.67    -510.2703 -609.4587 0.7103791
135.68    -510.1266 -609.4547 0.7103632
135.69    -509.9829 -609.4506 0.7103445
135.7    -509.8391 -609.4465 0.7103231
135.71    -509.6953 -609.4425 0.7102991
135.72    -509.5515 -609.4385 0.7102727
135.73    -509.4077 -609.4344 0.7102436
135.74    -509.2638 -609.4304 0.7102119
135.75    -509.1199 -609.4264 0.7101776
135.76    -508.9759 -609.4224 0.710141
135.77    -508.8319 -609.4183 0.7101021
135.78    -508.688 -609.4143 0.7100611
135.79    -508.5439 -609.4103 0.710018
135.8    -508.3998 -609.4063 0.7099729
135.81    -508.2557 -609.4022 0.7099259
135.82    -508.1116 -609.3982 0.7098773
135.83    -507.9675 -609.3942 0.7098268
135.84    -507.8233 -609.3901 0.7097749
135.85    -507.679 -609.3862 0.7097214
135.86    -507.5348 -609.3822 0.7096665
135.87    -507.3905 -609.3782 0.7096103
135.88    -507.2462 -609.3743 0.7095529
135.89    -507.1018 -609.3703 0.7094944
135.9    -506.9575 -609.3663 0.709435
135.91    -506.813 -609.3623 0.7093746
135.92    -506.6686 -609.3583 0.7093135
135.93    -506.5242 -609.3542 0.7092518
135.94    -506.3797 -609.3502 0.7091898
135.95    -506.2351 -609.3462 0.7091272
135.96    -506.0906 -609.3422 0.7090642
135.97    -505.946 -609.3381 0.7090009
135.98    -505.8014 -609.334 0.7089382
135.99    -505.6567 -609.33 0.708876
136    -505.5121 -609.326 0.7088143
136.01    -505.3673 -609.322 0.708753
136.02    -505.2226 -609.3179 0.7086922
136.03    -505.0779 -609.3138 0.7086329
136.04    -504.933 -609.3098 0.7085752
136.05    -504.7882 -609.3058 0.7085187
136.06    -504.6433 -609.3016 0.7084635
136.07    -504.4984 -609.2975 0.7084097
136.08    -504.3535 -609.2935 0.708357
136.09    -504.2086 -609.2894 0.7083067
136.1    -504.0636 -609.2852 0.7082589
136.11    -503.9186 -609.2811 0.7082133
136.12    -503.7735 -609.277 0.7081698
136.13    -503.6284 -609.2729 0.7081284
136.14    -503.4834 -609.2687 0.7080895
136.15    -503.3382 -609.2646 0.7080531
136.16    -503.1931 -609.2604 0.7080191
136.17    -503.0479 -609.2562 0.7079873
136.18    -502.9026 -609.2521 0.7079576
136.19    -502.7574 -609.2479 0.7079309
136.2    -502.6121 -609.2437 0.7079069
136.21    -502.4668 -609.2394 0.7078856
136.22    -502.3214 -609.2352 0.7078667
136.23    -502.1761 -609.231 0.707851
136.24    -502.0307 -609.2268 0.7078382
136.25    -501.8853 -609.2225 0.707828
136.26    -501.7398 -609.2182 0.7078205
136.27    -501.5943 -609.2139 0.7078153
136.28    -501.4488 -609.2096 0.7078133
136.29    -501.3033 -609.2053 0.7078144
136.3    -501.1577 -609.201 0.7078183
136.31    -501.0121 -609.1966 0.7078248
136.32    -500.8664 -609.1923 0.7078339
136.33    -500.7208 -609.1879 0.7078461
136.34    -500.5751 -609.1835 0.7078614
136.35    -500.4294 -609.1791 0.7078794
136.36    -500.2836 -609.1747 0.7079
136.37    -500.1378 -609.1703 0.7079232
136.38    -499.992 -609.1658 0.7079492
136.39    -499.8462 -609.1613 0.707978
136.4    -499.7003 -609.1569 0.7080091
136.41    -499.5544 -609.1523 0.7080427
136.42    -499.4085 -609.1478 0.7080786
136.43    -499.2625 -609.1433 0.7081166
136.44    -499.1165 -609.1388 0.7081567
136.45    -498.9705 -609.1342 0.7081989
136.46    -498.8244 -609.1296 0.7082431
136.47    -498.6783 -609.125 0.7082891
136.48    -498.5322 -609.1204 0.7083368
136.49    -498.3861 -609.1157 0.7083861
136.5    -498.2399 -609.1111 0.7084371
136.51    -498.0937 -609.1064 0.7084894
136.52    -497.9475 -609.1017 0.7085432
136.53    -497.8012 -609.097 0.7085983
136.54    -497.655 -609.0923 0.7086546
136.55    -497.5087 -609.0876 0.708712
136.56    -497.3623 -609.0828 0.7087706
136.57    -497.2159 -609.078 0.7088302
136.58    -497.0695 -609.0732 0.7088908
136.59    -496.9231 -609.0684 0.7089522
136.6    -496.7766 -609.0635 0.7090144
136.61    -496.6302 -609.0587 0.7090773
136.62    -496.4836 -609.0539 0.709141
136.63    -496.3371 -609.049 0.7092051
136.64    -496.1905 -609.0441 0.7092697
136.65    -496.0439 -609.0392 0.7093347
136.66    -495.8973 -609.0342 0.7094001
136.67    -495.7506 -609.0292 0.7094659
136.68    -495.6039 -609.0243 0.7095318
136.69    -495.4572 -609.0193 0.7095979
136.7    -495.3105 -609.0142 0.7096642
136.71    -495.1637 -609.0092 0.7097308
136.72    -495.0168 -609.0042 0.7097974
136.73    -494.87 -608.999 0.7098643
136.74    -494.7232 -608.9939 0.7099313
136.75    -494.5763 -608.9888 0.7099983
136.76    -494.4294 -608.9836 0.7100655
136.77    -494.2824 -608.9784 0.710133
136.78    -494.1354 -608.9732 0.7102004
136.79    -493.9884 -608.968 0.7102679
136.8    -493.8414 -608.9627 0.7103356
136.81    -493.6943 -608.9575 0.7104032
136.82    -493.5472 -608.9521 0.710471
136.83    -493.4001 -608.9468 0.7105387
136.84    -493.253 -608.9415 0.7106062
136.85    -493.1058 -608.9362 0.7106736
136.86    -492.9586 -608.9308 0.7107407
136.87    -492.8114 -608.9254 0.7108079
136.88    -492.6641 -608.92 0.7108744
136.89    -492.5168 -608.9146 0.7109403
136.9    -492.3695 -608.9092 0.7110056
136.91    -492.2222 -608.9037 0.7110704
136.92    -492.0748 -608.8982 0.7111347
136.93    -491.9274 -608.8927 0.7111976
136.94    -491.78 -608.8871 0.7112591
136.95    -491.6325 -608.8815 0.7113195
136.96    -491.485 -608.876 0.7113787
136.97    -491.3375 -608.8704 0.7114368
136.98    -491.19 -608.8647 0.7114927
136.99    -491.0424 -608.8591 0.7115465
137    -490.8948 -608.8534 0.7115983
137.01    -490.7472 -608.8477 0.7116483
137.02    -490.5995 -608.842 0.7116966
137.03    -490.4518 -608.8362 0.711742
137.04    -490.3041 -608.8304 0.7117851
137.05    -490.1564 -608.8247 0.7118257
137.06    -490.0086 -608.8189 0.7118642
137.07    -489.8608 -608.813 0.7119004
137.08    -489.713 -608.8073 0.7119337
137.09    -489.5652 -608.8015 0.7119644
137.1    -489.4174 -608.7955 0.7119923
137.11    -489.2695 -608.7897 0.7120178
137.12    -489.1216 -608.7838 0.712041
137.13    -488.9736 -608.7778 0.7120615
137.14    -488.8257 -608.7719 0.7120793
137.15    -488.6777 -608.766 0.7120949
137.16    -488.5296 -608.7599 0.7121083
137.17    -488.3816 -608.754 0.7121194
137.18    -488.2335 -608.748 0.7121285
137.19    -488.0854 -608.7419 0.7121357
137.2    -487.9373 -608.7358 0.7121412
137.21    -487.7891 -608.7298 0.7121449
137.22    -487.6409 -608.7236 0.7121469
137.23    -487.4927 -608.7175 0.712148
137.24    -487.3445 -608.7114 0.7121478
137.25    -487.1963 -608.7052 0.7121466
137.26    -487.048 -608.699 0.7121446
137.27    -486.8997 -608.6929 0.7121415
137.28    -486.7513 -608.6866 0.712138
137.29    -486.603 -608.6804 0.7121342
137.3    -486.4546 -608.6741 0.71213
137.31    -486.3062 -608.6678 0.7121254
137.32    -486.1578 -608.6615 0.7121205
137.33    -486.0093 -608.6552 0.7121159
137.34    -485.8609 -608.6489 0.7121115
137.35    -485.7124 -608.6425 0.7121074
137.36    -485.5638 -608.6362 0.7121034
137.37    -485.4153 -608.6298 0.7120996
137.38    -485.2667 -608.6235 0.7120967
137.39    -485.1181 -608.617 0.7120945
137.4    -484.9695 -608.6106 0.7120931
137.41    -484.8209 -608.6042 0.7120925
137.42    -484.6722 -608.5978 0.7120924
137.43    -484.5235 -608.5913 0.7120936
137.44    -484.3748 -608.5848 0.7120961
137.45    -484.226 -608.5783 0.7120997
137.46    -484.0773 -608.5718 0.7121043
137.47    -483.9285 -608.5654 0.71211
137.48    -483.7797 -608.5589 0.7121172
137.49    -483.6308 -608.5524 0.7121258
137.5    -483.482 -608.5458 0.7121357
137.51    -483.3331 -608.5393 0.7121469
137.52    -483.1841 -608.5328 0.7121592
137.53    -483.0352 -608.5262 0.7121731
137.54    -482.8863 -608.5197 0.7121884
137.55    -482.7373 -608.5132 0.712205
137.56    -482.5883 -608.5067 0.7122229
137.57    -482.4392 -608.5001 0.7122419
137.58    -482.2902 -608.4936 0.7122625
137.59    -482.1411 -608.4871 0.7122846
137.6    -481.992 -608.4806 0.712308
137.61    -481.8428 -608.4741 0.7123327
137.62    -481.6937 -608.4675 0.7123587
137.63    -481.5445 -608.461 0.7123861
137.64    -481.3953 -608.4545 0.7124149
137.65    -481.2461 -608.448 0.712445
137.66    -481.0968 -608.4415 0.7124763
137.67    -480.9475 -608.4349 0.7125088
137.68    -480.7982 -608.4284 0.7125426
137.69    -480.649 -608.4219 0.7125776
137.7    -480.4996 -608.4154 0.7126137
137.71    -480.3503 -608.4089 0.7126509
137.72    -480.2009 -608.4024 0.7126891
137.73    -480.0515 -608.3959 0.7127283
137.74    -479.9022 -608.3895 0.7127683
137.75    -479.7527 -608.383 0.7128092
137.76    -479.6033 -608.3765 0.7128509
137.77    -479.4539 -608.3701 0.7128935
137.78    -479.3044 -608.3636 0.7129364
137.79    -479.1549 -608.3572 0.7129798
137.8    -479.0054 -608.3508 0.7130235
137.81    -478.8559 -608.3445 0.7130677
137.82    -478.7064 -608.3381 0.7131121
137.83    -478.5569 -608.3317 0.7131562
137.84    -478.4073 -608.3254 0.7131998
137.85    -478.2578 -608.3191 0.7132429
137.86    -478.1082 -608.3127 0.7132859
137.87    -477.9587 -608.3065 0.7133284
137.88    -477.8091 -608.3002 0.7133693
137.89    -477.6595 -608.2939 0.7134088
137.9    -477.5099 -608.2877 0.713447
137.91    -477.3604 -608.2815 0.713484
137.92    -477.2108 -608.2753 0.7135197
137.93    -477.0611 -608.2691 0.7135543
137.94    -476.9115 -608.263 0.7135861
137.95    -476.7619 -608.2568 0.7136153
137.96    -476.6123 -608.2508 0.7136421
137.97    -476.4627 -608.2448 0.7136665
137.98    -476.313 -608.2386 0.7136887
137.99    -476.1635 -608.2327 0.7137076
138    -476.0138 -608.2266 0.7137235
138.01    -475.8642 -608.2207 0.7137366
138.02    -475.7145 -608.2148 0.713747
138.03    -475.5649 -608.2089 0.7137538
138.04    -475.4153 -608.203 0.7137574
138.05    -475.2657 -608.1972 0.7137579
138.06    -475.1161 -608.1913 0.7137554
138.07    -474.9666 -608.1856 0.7137501
138.08    -474.817 -608.1799 0.7137422
138.09    -474.6674 -608.1741 0.7137309
138.1    -474.5179 -608.1685 0.7137164
138.11    -474.3684 -608.1628 0.7136989
138.12    -474.2188 -608.1572 0.7136785
138.13    -474.0694 -608.1516 0.7136548
138.14    -473.9199 -608.1461 0.7136279
138.15    -473.7704 -608.1406 0.713598
138.16    -473.6209 -608.1352 0.7135652
138.17    -473.4715 -608.1297 0.7135296
138.18    -473.3221 -608.1243 0.7134916
138.19    -473.1726 -608.119 0.7134504
138.2    -473.0232 -608.1137 0.7134063
138.21    -472.8738 -608.1084 0.7133594
138.22    -472.7245 -608.1031 0.7133096
138.23    -472.5751 -608.098 0.7132571
138.24    -472.4258 -608.0928 0.7132018
138.25    -472.2765 -608.0876 0.7131438
138.26    -472.1271 -608.0826 0.7130832
138.27    -471.9778 -608.0776 0.7130204
138.28    -471.8286 -608.0726 0.7129551
138.29    -471.6793 -608.0676 0.7128875
138.3    -471.5301 -608.0627 0.7128175
138.31    -471.3808 -608.0578 0.7127457
138.32    -471.2316 -608.053 0.7126719
138.33    -471.0824 -608.0482 0.7125961
138.34    -470.9332 -608.0435 0.7125186
138.35    -470.7841 -608.0388 0.7124394
138.36    -470.6349 -608.0341 0.7123585
138.37    -470.4857 -608.0295 0.7122762
138.38    -470.3366 -608.025 0.7121924
138.39    -470.1875 -608.0204 0.7121074
138.4    -470.0384 -608.0159 0.712021
138.41    -469.8893 -608.0115 0.7119334
138.42    -469.7402 -608.0071 0.7118447
138.43    -469.5912 -608.0028 0.7117547
138.44    -469.4422 -607.9985 0.711664
138.45    -469.2932 -607.9943 0.7115721
138.46    -469.1441 -607.9901 0.7114794
138.47    -468.9951 -607.9859 0.7113857
138.48    -468.8462 -607.9818 0.7112912
138.49    -468.6972 -607.9778 0.7111959
138.5    -468.5482 -607.9738 0.7111
138.51    -468.3993 -607.9698 0.7110032
138.52    -468.2504 -607.9659 0.7109058
138.53    -468.1015 -607.962 0.7108078
138.54    -467.9526 -607.9583 0.7107092
138.55    -467.8037 -607.9545 0.71061
138.56    -467.6549 -607.9507 0.7105104
138.57    -467.506 -607.9471 0.7104102
138.58    -467.3572 -607.9435 0.7103096
138.59    -467.2084 -607.9399 0.7102085
138.6    -467.0596 -607.9365 0.710107
138.61    -466.9109 -607.933 0.7100051
138.62    -466.7621 -607.9295 0.7099029
138.63    -466.6133 -607.9261 0.7098004
138.64    -466.4646 -607.9229 0.7096976
138.65    -466.3159 -607.9196 0.7095947
138.66    -466.1672 -607.9164 0.7094915
138.67    -466.0185 -607.9131 0.7093881
138.68    -465.8699 -607.91 0.7092848
138.69    -465.7212 -607.907 0.7091816
138.7    -465.5726 -607.904 0.7090784
138.71    -465.424 -607.9011 0.7089753
138.72    -465.2754 -607.8981 0.7088722
138.73    -465.1267 -607.8953 0.7087692
138.74    -464.9781 -607.8924 0.7086662
138.75    -464.8296 -607.8896 0.7085639
138.76    -464.681 -607.887 0.7084622
138.77    -464.5325 -607.8843 0.7083611
138.78    -464.384 -607.8818 0.708261
138.79    -464.2355 -607.8793 0.7081616
138.8    -464.087 -607.8768 0.7080631
138.81    -463.9385 -607.8743 0.7079653
138.82    -463.7901 -607.8719 0.7078681
138.83    -463.6417 -607.8696 0.7077723
138.84    -463.4933 -607.8673 0.7076776
138.85    -463.3448 -607.8651 0.707584
138.86    -463.1965 -607.863 0.7074916
138.87    -463.0481 -607.8609 0.7074001
138.88    -462.8997 -607.8588 0.7073103
138.89    -462.7514 -607.8568 0.7072219
138.9    -462.6031 -607.8549 0.7071349
138.91    -462.4548 -607.8529 0.7070493
138.92    -462.3065 -607.8511 0.7069649
138.93    -462.1583 -607.8493 0.7068822
138.94    -462.01 -607.8476 0.7068011
138.95    -461.8618 -607.8459 0.7067214
138.96    -461.7136 -607.8444 0.7066432
138.97    -461.5653 -607.8428 0.7065663
138.98    -461.4171 -607.8413 0.7064906
138.99    -461.269 -607.8398 0.7064164
139    -461.1208 -607.8384 0.7063438
139.01    -460.9726 -607.8371 0.7062724
139.02    -460.8245 -607.8358 0.7062022
139.03    -460.6764 -607.8345 0.7061337
139.04    -460.5283 -607.8334 0.7060666
139.05    -460.3802 -607.8323 0.7060008
139.06    -460.2321 -607.8312 0.7059364
139.07    -460.0841 -607.8302 0.7058733
139.08    -459.936 -607.8292 0.7058111
139.09    -459.788 -607.8283 0.7057508
139.1    -459.64 -607.8275 0.7056921
139.11    -459.492 -607.8266 0.7056347
139.12    -459.3441 -607.8259 0.7055788
139.13    -459.1961 -607.8251 0.7055245
139.14    -459.0482 -607.8245 0.7054716
139.15    -458.9003 -607.8239 0.7054203
139.16    -458.7523 -607.8232 0.7053702
139.17    -458.6045 -607.8227 0.7053215
139.18    -458.4566 -607.8222 0.7052741
139.19    -458.3087 -607.8218 0.7052279
139.2    -458.1609 -607.8214 0.705183
139.21    -458.0131 -607.821 0.7051392
139.22    -457.8653 -607.8207 0.7050965
139.23    -457.7175 -607.8204 0.7050548
139.24    -457.5697 -607.8202 0.7050142
139.25    -457.4219 -607.82 0.7049745
139.26    -457.2742 -607.8198 0.7049356
139.27    -457.1265 -607.8198 0.7048976
139.28    -456.9788 -607.8196 0.7048605
139.29    -456.8311 -607.8196 0.7048241
139.3    -456.6834 -607.8196 0.7047885
139.31    -456.5358 -607.8197 0.7047535
139.32    -456.3881 -607.8198 0.7047192
139.33    -456.2405 -607.8199 0.7046856
139.34    -456.0929 -607.8201 0.7046527
139.35    -455.9453 -607.8203 0.7046204
139.36    -455.7978 -607.8206 0.7045885
139.37    -455.6502 -607.8209 0.7045574
139.38    -455.5027 -607.8212 0.704527
139.39    -455.3551 -607.8216 0.7044972
139.4    -455.2076 -607.822 0.7044681
139.41    -455.0602 -607.8224 0.7044396
139.42    -454.9127 -607.8229 0.7044118
139.43    -454.7652 -607.8234 0.704385
139.44    -454.6178 -607.824 0.7043592
139.45    -454.4704 -607.8245 0.7043343
139.46    -454.323 -607.8252 0.7043102
139.47    -454.1756 -607.8258 0.704287
139.48    -454.0282 -607.8265 0.7042651
139.49    -453.8809 -607.8272 0.7042442
139.5    -453.7335 -607.8279 0.7042244
139.51    -453.5862 -607.8287 0.7042057
139.52    -453.4389 -607.8295 0.7041879
139.53    -453.2916 -607.8303 0.7041717
139.54    -453.1443 -607.8312 0.7041569
139.55    -452.9971 -607.8321 0.7041435
139.56    -452.8498 -607.833 0.7041314
139.57    -452.7026 -607.8339 0.7041207
139.58    -452.5554 -607.8349 0.7041117
139.59    -452.4082 -607.8359 0.7041044
139.6    -452.261 -607.8369 0.7040987
139.61    -452.1139 -607.838 0.7040945
139.62    -451.9667 -607.839 0.7040917
139.63    -451.8196 -607.84 0.7040907
139.64    -451.6725 -607.8412 0.7040915
139.65    -451.5254 -607.8423 0.704094
139.66    -451.3783 -607.8434 0.704098
139.67    -451.2312 -607.8445 0.7041035
139.68    -451.0842 -607.8457 0.7041107
139.69    -450.9372 -607.8469 0.7041196
139.7    -450.7901 -607.848 0.70413
139.71    -450.6431 -607.8492 0.7041419
139.72    -450.4961 -607.8505 0.7041551
139.73    -450.3492 -607.8517 0.7041698
139.74    -450.2022 -607.8529 0.7041859
139.75    -450.0553 -607.8541 0.7042031
139.76    -449.9083 -607.8554 0.7042217
139.77    -449.7614 -607.8567 0.7042413
139.78    -449.6145 -607.858 0.7042621
139.79    -449.4676 -607.8593 0.7042838
139.8    -449.3207 -607.8605 0.7043066
139.81    -449.1739 -607.8618 0.7043303
139.82    -449.027 -607.8631 0.7043549
139.83    -448.8802 -607.8644 0.7043805
139.84    -448.7334 -607.8657 0.7044067
139.85    -448.5866 -607.8671 0.7044337
139.86    -448.4398 -607.8684 0.7044614
139.87    -448.293 -607.8698 0.7044898
139.88    -448.1463 -607.8711 0.7045188
139.89    -447.9996 -607.8724 0.7045485
139.9    -447.8528 -607.8738 0.7045787
139.91    -447.7061 -607.8751 0.7046095
139.92    -447.5594 -607.8764 0.7046407
139.93    -447.4128 -607.8777 0.7046726
139.94    -447.2661 -607.8791 0.7047048
139.95    -447.1194 -607.8804 0.7047375
139.96    -446.9728 -607.8817 0.7047706
139.97    -446.8262 -607.8831 0.7048041
139.98    -446.6795 -607.8844 0.7048381
139.99    -446.533 -607.8857 0.7048723
140    -446.3864 -607.887 0.7049069
140.01    -446.2398 -607.8884 0.7049419
140.02    -446.0933 -607.8897 0.7049771
140.03    -445.9467 -607.8911 0.7050126
140.04    -445.8002 -607.8923 0.7050484
140.05    -445.6537 -607.8937 0.7050844
140.06    -445.5073 -607.895 0.7051207
140.07    -445.3608 -607.8963 0.7051572
140.08    -445.2143 -607.8976 0.7051939
140.09    -445.0679 -607.8989 0.7052309
140.1    -444.9215 -607.9002 0.7052681
140.11    -444.7751 -607.9014 0.7053055
140.12    -444.6287 -607.9027 0.7053429
140.13    -444.4823 -607.904 0.7053807
140.14    -444.336 -607.9052 0.7054186
140.15    -444.1897 -607.9065 0.7054566
140.16    -444.0433 -607.9077 0.7054947
140.17    -443.897 -607.9089 0.705533
140.18    -443.7507 -607.9101 0.7055715
140.19    -443.6045 -607.9113 0.7056099
140.2    -443.4582 -607.9125 0.7056484
140.21    -443.312 -607.9137 0.7056869
140.22    -443.1657 -607.9149 0.7057254
140.23    -443.0196 -607.916 0.7057638
140.24    -442.8734 -607.9171 0.7058021
140.25    -442.7272 -607.9183 0.7058402
140.26    -442.5811 -607.9194 0.7058783
140.27    -442.4349 -607.9205 0.7059161
140.28    -442.2888 -607.9216 0.7059537
140.29    -442.1427 -607.9227 0.7059908
140.3    -441.9966 -607.9237 0.7060276
140.31    -441.8505 -607.9247 0.7060639
140.32    -441.7045 -607.9258 0.7061
140.33    -441.5584 -607.9268 0.7061353
140.34    -441.4124 -607.9278 0.7061698
140.35    -441.2664 -607.9288 0.7062035
140.36    -441.1204 -607.9297 0.7062364
140.37    -440.9744 -607.9307 0.7062687
140.38    -440.8285 -607.9316 0.7062994
140.39    -440.6826 -607.9325 0.7063287
140.4    -440.5366 -607.9334 0.7063568
140.41    -440.3907 -607.9343 0.7063835
140.42    -440.2448 -607.9352 0.706409
140.43    -440.0989 -607.936 0.7064326
140.44    -439.953 -607.9369 0.7064543
140.45    -439.8072 -607.9377 0.7064742
140.46    -439.6613 -607.9385 0.7064924
140.47    -439.5155 -607.9393 0.7065091
140.48    -439.3697 -607.9401 0.7065234
140.49    -439.2239 -607.9409 0.7065355
140.5    -439.0782 -607.9416 0.7065454
140.51    -438.9324 -607.9423 0.7065535
140.52    -438.7867 -607.943 0.7065597
140.53    -438.6409 -607.9437 0.7065635
140.54    -438.4952 -607.9443 0.7065652
140.55    -438.3495 -607.9449 0.7065648
140.56    -438.2039 -607.9456 0.7065625
140.57    -438.0582 -607.9462 0.7065583
140.58    -437.9126 -607.9468 0.7065523
140.59    -437.7669 -607.9474 0.7065446
140.6    -437.6213 -607.9479 0.7065353
140.61    -437.4757 -607.9484 0.7065243
