576.32    -645.5374 -614.3153 0.6957444
576.33    -645.4236 -614.3114 0.6956582
576.34    -645.3099 -614.3075 0.6955723
576.35    -645.1961 -614.3035 0.6954868
576.36    -645.0823 -614.2996 0.6954019
576.37    -644.9685 -614.2957 0.6953173
576.38    -644.8546 -614.2918 0.6952332
576.39    -644.7407 -614.2879 0.6951493
576.4    -644.6268 -614.284 0.6950662
576.41    -644.5129 -614.2801 0.6949835
576.42    -644.3989 -614.2762 0.6949015
576.43    -644.2849 -614.2723 0.69482
576.44    -644.1708 -614.2684 0.694739
576.45    -644.0566 -614.2645 0.6946586
576.46    -643.9425 -614.2606 0.6945789
576.47    -643.8284 -614.2567 0.6944999
576.48    -643.7142 -614.2527 0.6944217
576.49    -643.5999 -614.2488 0.6943442
576.5    -643.4857 -614.2448 0.6942675
576.51    -643.3714 -614.2408 0.6941914
576.52    -643.2571 -614.2369 0.6941161
576.53    -643.1427 -614.2329 0.6940413
576.54    -643.0283 -614.2289 0.6939672
576.55    -642.9139 -614.225 0.6938936
576.56    -642.7995 -614.221 0.6938205
576.57    -642.685 -614.217 0.6937479
576.58    -642.5705 -614.2131 0.6936759
576.59    -642.4559 -614.2091 0.6936043
576.6    -642.3414 -614.2051 0.6935331
576.61    -642.2268 -614.2012 0.6934623
576.62    -642.1122 -614.1972 0.6933919
576.63    -641.9975 -614.1932 0.6933218
576.64    -641.8828 -614.1893 0.6932521
576.65    -641.7681 -614.1853 0.6931827
576.66    -641.6534 -614.1813 0.6931136
576.67    -641.5386 -614.1774 0.6930448
576.68    -641.4238 -614.1734 0.6929762
576.69    -641.3089 -614.1694 0.6929079
576.7    -641.194 -614.1655 0.6928399
576.71    -641.079 -614.1615 0.6927719
576.72    -640.9641 -614.1575 0.6927043
576.73    -640.8491 -614.1536 0.6926368
576.74    -640.7341 -614.1496 0.6925696
576.75    -640.619 -614.1456 0.6925025
576.76    -640.504 -614.1417 0.6924356
576.77    -640.3889 -614.1377 0.6923689
576.78    -640.2737 -614.1337 0.6923023
576.79    -640.1585 -614.1298 0.6922359
576.8    -640.0433 -614.1258 0.6921697
576.81    -639.9281 -614.1218 0.6921036
576.82    -639.8128 -614.1179 0.6920376
576.83    -639.6975 -614.1139 0.6919718
576.84    -639.5822 -614.1099 0.6919061
576.85    -639.4668 -614.106 0.6918405
576.86    -639.3514 -614.102 0.6917751
576.87    -639.236 -614.098 0.6917098
576.88    -639.1205 -614.0941 0.6916446
576.89    -639.005 -614.0901 0.6915795
576.9    -638.8895 -614.0861 0.6915145
576.91    -638.7739 -614.0822 0.6914496
576.92    -638.6583 -614.0782 0.6913847
576.93    -638.5427 -614.0742 0.6913201
576.94    -638.4271 -614.0703 0.6912554
576.95    -638.3114 -614.0663 0.6911909
576.96    -638.1957 -614.0624 0.6911265
576.97    -638.08 -614.0584 0.6910622
576.98    -637.9642 -614.0544 0.6909979
576.99    -637.8483 -614.0505 0.6909337
577    -637.7325 -614.0465 0.6908697
577.01    -637.6166 -614.0425 0.6908059
577.02    -637.5007 -614.0386 0.6907423
577.03    -637.3848 -614.0346 0.6906787
577.04    -637.2688 -614.0306 0.6906154
577.05    -637.1528 -614.0267 0.6905524
577.06    -637.0368 -614.0227 0.6904896
577.07    -636.9208 -614.0187 0.6904271
577.08    -636.8047 -614.0148 0.6903649
577.09    -636.6885 -614.0109 0.6903029
577.1    -636.5724 -614.0069 0.6902415
577.11    -636.4562 -614.0029 0.6901805
577.12    -636.34 -613.999 0.6901201
577.13    -636.2238 -613.9951 0.6900601
577.14    -636.1075 -613.9912 0.6900005
577.15    -635.9912 -613.9873 0.6899418
577.16    -635.8749 -613.9834 0.6898841
577.17    -635.7585 -613.9795 0.6898271
577.18    -635.6421 -613.9756 0.689771
577.19    -635.5256 -613.9717 0.6897156
577.2    -635.4092 -613.9678 0.6896615
577.21    -635.2927 -613.9639 0.6896089
577.22    -635.1761 -613.96 0.6895575
577.23    -635.0596 -613.9561 0.6895073
577.24    -634.943 -613.9522 0.6894582
577.25    -634.8264 -613.9483 0.6894111
577.26    -634.7097 -613.9444 0.6893659
577.27    -634.593 -613.9405 0.6893224
577.28    -634.4763 -613.9366 0.6892806
577.29    -634.3596 -613.9327 0.6892403
577.3    -634.2428 -613.9288 0.6892025
577.31    -634.126 -613.9249 0.689167
577.32    -634.0092 -613.921 0.6891335
577.33    -633.8923 -613.9171 0.6891022
577.34    -633.7753 -613.9132 0.6890727
577.35    -633.6584 -613.9093 0.689045
577.36    -633.5414 -613.9055 0.6890202
577.37    -633.4244 -613.9016 0.6889982
577.38    -633.3074 -613.8978 0.6889788
577.39    -633.1904 -613.8939 0.6889619
577.4    -633.0733 -613.8901 0.688948
577.41    -632.9562 -613.8862 0.6889373
577.42    -632.8391 -613.8824 0.6889294
577.43    -632.7219 -613.8786 0.6889241
577.44    -632.6046 -613.8748 0.6889213
577.45    -632.4874 -613.8709 0.6889218
577.46    -632.3701 -613.8671 0.6889254
577.47    -632.2528 -613.8632 0.6889319
577.48    -632.1354 -613.8594 0.6889412
577.49    -632.0181 -613.8555 0.6889531
577.5    -631.9007 -613.8517 0.6889681
577.51    -631.7833 -613.8478 0.688986
577.52    -631.6658 -613.844 0.6890067
577.53    -631.5483 -613.8401 0.6890301
577.54    -631.4308 -613.8363 0.6890559
577.55    -631.3132 -613.8325 0.6890841
577.56    -631.1957 -613.8286 0.6891146
577.57    -631.0781 -613.8248 0.6891472
577.58    -630.9604 -613.8209 0.6891819
577.59    -630.8428 -613.8171 0.6892185
577.6    -630.7251 -613.8132 0.6892569
577.61    -630.6074 -613.8094 0.689297
577.62    -630.4897 -613.8055 0.6893387
577.63    -630.3719 -613.8017 0.689382
577.64    -630.2541 -613.7979 0.6894266
577.65    -630.1363 -613.794 0.6894727
577.66    -630.0184 -613.7902 0.68952
577.67    -629.9006 -613.7863 0.6895686
577.68    -629.7827 -613.7825 0.6896182
577.69    -629.6647 -613.7786 0.689669
577.7    -629.5468 -613.7748 0.6897208
577.71    -629.4288 -613.7709 0.6897736
577.72    -629.3109 -613.7671 0.6898273
577.73    -629.1928 -613.7632 0.6898817
577.74    -629.0748 -613.7594 0.6899372
577.75    -628.9567 -613.7556 0.6899933
577.76    -628.8386 -613.7517 0.6900502
577.77    -628.7204 -613.7478 0.6901078
577.78    -628.6022 -613.7439 0.690166
577.79    -628.484 -613.74 0.6902248
577.8    -628.3658 -613.736 0.6902842
577.81    -628.2476 -613.7321 0.6903442
577.82    -628.1293 -613.7282 0.6904047
577.83    -628.011 -613.7243 0.6904656
577.84    -627.8926 -613.7204 0.6905271
577.85    -627.7743 -613.7165 0.690589
577.86    -627.6559 -613.7126 0.6906514
577.87    -627.5375 -613.7086 0.6907142
577.88    -627.4191 -613.7047 0.6907774
577.89    -627.3007 -613.7007 0.6908411
577.9    -627.1822 -613.6967 0.6909051
577.91    -627.0637 -613.6927 0.6909698
577.92    -626.9452 -613.6888 0.691035
577.93    -626.8267 -613.6848 0.6911008
577.94    -626.7081 -613.6808 0.6911671
577.95    -626.5895 -613.6768 0.6912342
577.96    -626.4709 -613.6727 0.6913022
577.97    -626.3522 -613.6686 0.691371
577.98    -626.2336 -613.6646 0.6914404
577.99    -626.1149 -613.6606 0.6915106
578    -625.9962 -613.6566 0.6915814
578.01    -625.8774 -613.6524 0.6916535
578.02    -625.7587 -613.6483 0.6917268
578.03    -625.6399 -613.6442 0.6918014
578.04    -625.5211 -613.6401 0.6918771
578.05    -625.4022 -613.636 0.6919546
578.06    -625.2834 -613.6319 0.6920338
578.07    -625.1645 -613.6277 0.6921148
578.08    -625.0456 -613.6235 0.6921973
578.09    -624.9266 -613.6194 0.6922812
578.1    -624.8077 -613.6152 0.6923675
578.11    -624.6887 -613.611 0.6924559
578.12    -624.5697 -613.6068 0.6925464
578.13    -624.4507 -613.6026 0.6926388
578.14    -624.3316 -613.5984 0.6927331
578.15    -624.2125 -613.5941 0.69283
578.16    -624.0934 -613.5899 0.6929293
578.17    -623.9743 -613.5857 0.6930311
578.18    -623.8552 -613.5814 0.6931351
578.19    -623.736 -613.5771 0.6932411
578.2    -623.6168 -613.5728 0.6933491
578.21    -623.4976 -613.5685 0.6934597
578.22    -623.3783 -613.5642 0.6935727
578.23    -623.259 -613.5599 0.693688
578.24    -623.1397 -613.5555 0.6938054
578.25    -623.0204 -613.5512 0.693925
578.26    -622.9011 -613.5468 0.6940465
578.27    -622.7817 -613.5425 0.6941701
578.28    -622.6623 -613.5381 0.6942954
578.29    -622.5428 -613.5338 0.6944224
578.3    -622.4234 -613.5293 0.6945511
578.31    -622.304 -613.5249 0.6946812
578.32    -622.1844 -613.5205 0.6948128
578.33    -622.0649 -613.5161 0.6949458
578.34    -621.9454 -613.5116 0.6950799
578.35    -621.8258 -613.5071 0.6952153
578.36    -621.7062 -613.5027 0.6953518
578.37    -621.5866 -613.4982 0.6954894
578.38    -621.467 -613.4937 0.6956279
578.39    -621.3473 -613.4892 0.6957675
578.4    -621.2276 -613.4847 0.6959078
578.41    -621.1079 -613.4802 0.6960491
578.42    -620.9882 -613.4756 0.696191
578.43    -620.8684 -613.4711 0.6963338
578.44    -620.7486 -613.4666 0.6964773
578.45    -620.6288 -613.462 0.6966215
578.46    -620.509 -613.4575 0.6967662
578.47    -620.3891 -613.4529 0.6969116
578.48    -620.2692 -613.4483 0.6970574
578.49    -620.1493 -613.4437 0.6972039
578.5    -620.0294 -613.4391 0.6973508
578.51    -619.9094 -613.4345 0.6974982
578.52    -619.7894 -613.4299 0.697646
578.53    -619.6694 -613.4254 0.6977942
578.54    -619.5494 -613.4208 0.6979428
578.55    -619.4293 -613.4162 0.6980917
578.56    -619.3093 -613.4116 0.6982411
578.57    -619.1891 -613.407 0.6983907
578.58    -619.069 -613.4023 0.6985406
578.59    -618.9489 -613.3977 0.6986909
578.6    -618.8287 -613.3931 0.6988415
578.61    -618.7086 -613.3884 0.6989923
578.62    -618.5884 -613.3838 0.6991433
578.63    -618.4681 -613.3792 0.6992945
578.64    -618.3479 -613.3745 0.699446
578.65    -618.2277 -613.3699 0.6995976
578.66    -618.1074 -613.3653 0.6997495
578.67    -617.9871 -613.3608 0.6999015
578.68    -617.8667 -613.3562 0.7000538
578.69    -617.7463 -613.3516 0.7002061
578.7    -617.6259 -613.347 0.7003586
578.71    -617.5055 -613.3425 0.7005113
578.72    -617.3851 -613.3379 0.7006641
578.73    -617.2646 -613.3334 0.7008171
578.74    -617.1441 -613.3288 0.7009702
578.75    -617.0236 -613.3242 0.7011233
578.76    -616.9031 -613.3196 0.7012766
578.77    -616.7825 -613.3151 0.70143
578.78    -616.6619 -613.3105 0.7015834
578.79    -616.5413 -613.306 0.701737
578.8    -616.4207 -613.3014 0.7018906
578.81    -616.3 -613.2968 0.7020443
578.82    -616.1794 -613.2922 0.7021981
578.83    -616.0587 -613.2877 0.7023519
578.84    -615.9379 -613.2831 0.7025059
578.85    -615.8171 -613.2786 0.7026598
578.86    -615.6964 -613.274 0.7028139
578.87    -615.5756 -613.2694 0.7029681
578.88    -615.4547 -613.2649 0.7031223
578.89    -615.3339 -613.2603 0.7032766
578.9    -615.213 -613.2557 0.7034309
578.91    -615.0921 -613.2512 0.7035853
578.92    -614.9712 -613.2466 0.7037397
578.93    -614.8502 -613.242 0.7038942
578.94    -614.7292 -613.2374 0.7040488
578.95    -614.6083 -613.2328 0.7042033
578.96    -614.4873 -613.2283 0.7043579
578.97    -614.3663 -613.2238 0.7045126
578.98    -614.2452 -613.2192 0.7046673
578.99    -614.1241 -613.2146 0.704822
579    -614.0031 -613.21 0.7049767
579.01    -613.882 -613.2054 0.7051316
579.02    -613.7608 -613.2009 0.7052863
579.03    -613.6396 -613.1963 0.7054412
579.04    -613.5184 -613.1917 0.705596
579.05    -613.3972 -613.1871 0.7057509
579.06    -613.276 -613.1826 0.7059057
579.07    -613.1547 -613.178 0.7060604
579.08    -613.0334 -613.1734 0.7062151
579.09    -612.9121 -613.1689 0.7063697
579.1    -612.7908 -613.1644 0.7065243
579.11    -612.6694 -613.1599 0.7066787
579.12    -612.548 -613.1554 0.7068331
579.13    -612.4266 -613.1509 0.7069874
579.14    -612.3052 -613.1464 0.7071418
579.15    -612.1838 -613.1418 0.707296
579.16    -612.0624 -613.1373 0.7074502
579.17    -611.9409 -613.1328 0.7076043
579.18    -611.8194 -613.1283 0.7077584
579.19    -611.6979 -613.1238 0.7079124
579.2    -611.5763 -613.1193 0.7080665
579.21    -611.4547 -613.1147 0.7082205
579.22    -611.3331 -613.1102 0.7083744
579.23    -611.2115 -613.1057 0.7085283
579.24    -611.0898 -613.1012 0.7086822
579.25    -610.9682 -613.0967 0.7088361
579.26    -610.8466 -613.0922 0.7089901
579.27    -610.7249 -613.0876 0.709144
579.28    -610.6031 -613.0831 0.7092979
579.29    -610.4814 -613.0786 0.7094519
579.3    -610.3596 -613.0741 0.7096059
579.31    -610.2379 -613.0696 0.7097599
579.32    -610.116 -613.0651 0.7099139
579.33    -609.9942 -613.0605 0.7100679
579.34    -609.8723 -613.056 0.710222
579.35    -609.7504 -613.0515 0.7103764
579.36    -609.6285 -613.047 0.7105314
579.37    -609.5066 -613.0425 0.7106867
579.38    -609.3846 -613.038 0.7108424
579.39    -609.2627 -613.0334 0.7109984
579.4    -609.1407 -613.0289 0.7111547
579.41    -609.0187 -613.0244 0.7113127
579.42    -608.8967 -613.0199 0.7114721
579.43    -608.7746 -613.0154 0.7116329
579.44    -608.6525 -613.0109 0.711795
579.45    -608.5304 -613.0063 0.7119584
579.46    -608.4083 -613.0018 0.7121246
579.47    -608.2861 -612.9973 0.7122936
579.48    -608.1639 -612.9928 0.712465
579.49    -608.0417 -612.9883 0.712639
579.5    -607.9196 -612.9838 0.7128164
579.51    -607.7974 -612.9792 0.7129971
579.52    -607.6751 -612.9747 0.7131811
579.53    -607.5529 -612.9702 0.7133679
579.54    -607.4305 -612.9657 0.7135575
579.55    -607.3082 -612.9612 0.7137501
579.56    -607.1859 -612.9567 0.7139457
579.57    -607.0635 -612.9521 0.7141442
579.58    -606.9412 -612.9476 0.7143451
579.59    -606.8187 -612.9431 0.7145485
579.6    -606.6964 -612.9386 0.7147537
579.61    -606.5739 -612.9341 0.7149607
579.62    -606.4515 -612.9296 0.7151693
579.63    -606.329 -612.925 0.7153795
579.64    -606.2065 -612.9205 0.7155911
579.65    -606.084 -612.916 0.7158031
579.66    -605.9614 -612.9115 0.7160152
579.67    -605.8389 -612.907 0.7162275
579.68    -605.7162 -612.9023 0.7164401
579.69    -605.5936 -612.8978 0.7166529
579.7    -605.471 -612.8932 0.7168646
579.71    -605.3484 -612.8886 0.7170755
579.72    -605.2257 -612.884 0.7172854
579.73    -605.103 -612.8795 0.7174945
579.74    -604.9803 -612.8749 0.7177029
579.75    -604.8575 -612.8702 0.7179104
579.76    -604.7348 -612.8657 0.7181158
579.77    -604.612 -612.861 0.7183191
579.78    -604.4892 -612.8564 0.7185205
579.79    -604.3663 -612.8517 0.7187201
579.8    -604.2435 -612.847 0.7189168
579.81    -604.1207 -612.8424 0.7191108
579.82    -603.9978 -612.8378 0.7193023
579.83    -603.8749 -612.8331 0.7194914
579.84    -603.752 -612.8285 0.7196782
579.85    -603.629 -612.8237 0.7198616
579.86    -603.506 -612.819 0.7200418
579.87    -603.3831 -612.8143 0.7202187
579.88    -603.26 -612.8096 0.7203928
579.89    -603.137 -612.8049 0.7205641
579.9    -603.0139 -612.8002 0.7207315
579.91    -602.8909 -612.7955 0.7208952
579.92    -602.7678 -612.7908 0.7210554
579.93    -602.6447 -612.786 0.7212124
579.94    -602.5215 -612.7813 0.7213663
579.95    -602.3983 -612.7764 0.7215173
579.96    -602.2751 -612.7717 0.721664
579.97    -602.152 -612.7669 0.7218066
579.98    -602.0287 -612.7621 0.7219456
579.99    -601.9055 -612.7573 0.722081
580    -601.7823 -612.7526 0.7222118
580.01    -601.6591 -612.7477 0.7223383
580.02    -601.5358 -612.7429 0.7224607
580.03    -601.4126 -612.7381 0.7225792
580.04    -601.2893 -612.7332 0.7226942
580.05    -601.1661 -612.7284 0.7228045
580.06    -601.0428 -612.7236 0.7229106
580.07    -600.9195 -612.7188 0.7230124
580.08    -600.7962 -612.7139 0.7231105
580.09    -600.6729 -612.709 0.723205
580.1    -600.5496 -612.704 0.723295
580.11    -600.4262 -612.6992 0.7233809
580.12    -600.3029 -612.6943 0.7234629
580.13    -600.1795 -612.6894 0.7235411
580.14    -600.0562 -612.6844 0.723616
580.15    -599.9328 -612.6794 0.7236866
580.16    -599.8094 -612.6745 0.7237533
580.17    -599.6861 -612.6696 0.7238163
580.18    -599.5627 -612.6646 0.7238756
580.19    -599.4393 -612.6597 0.7239318
580.2    -599.3159 -612.6547 0.7239839
580.21    -599.1924 -612.6497 0.7240321
580.22    -599.069 -612.6447 0.7240768
580.23    -598.9456 -612.6396 0.7241181
580.24    -598.8221 -612.6346 0.7241563
580.25    -598.6987 -612.6296 0.7241905
580.26    -598.5752 -612.6246 0.7242211
580.27    -598.4517 -612.6196 0.7242483
580.28    -598.3282 -612.6145 0.7242723
580.29    -598.2048 -612.6094 0.7242932
580.3    -598.0814 -612.6044 0.7243106
580.31    -597.9579 -612.5993 0.7243248
580.32    -597.8345 -612.5942 0.724336
580.33    -597.7111 -612.5891 0.7243442
580.34    -597.5877 -612.584 0.7243497
580.35    -597.4643 -612.5789 0.7243525
580.36    -597.3409 -612.5738 0.7243527
580.37    -597.2175 -612.5687 0.7243505
580.38    -597.0942 -612.5635 0.7243459
580.39    -596.9708 -612.5583 0.7243391
580.4    -596.8475 -612.5532 0.7243303
580.41    -596.7242 -612.5481 0.7243195
580.42    -596.601 -612.543 0.7243069
580.43    -596.4777 -612.5378 0.7242925
580.44    -596.3544 -612.5327 0.7242765
580.45    -596.2311 -612.5275 0.7242589
580.46    -596.1079 -612.5222 0.7242398
580.47    -595.9847 -612.517 0.7242193
580.48    -595.8615 -612.5118 0.7241975
580.49    -595.7382 -612.5067 0.7241744
580.5    -595.615 -612.5015 0.7241502
580.51    -595.4918 -612.4963 0.7241248
580.52    -595.3687 -612.491 0.7240983
580.53    -595.2455 -612.4857 0.7240709
580.54    -595.1223 -612.4805 0.7240424
580.55    -594.9992 -612.4752 0.7240131
580.56    -594.8761 -612.47 0.723983
580.57    -594.753 -612.4647 0.723952
580.58    -594.6299 -612.4595 0.7239202
580.59    -594.5069 -612.4542 0.7238877
580.6    -594.3839 -612.449 0.7238545
580.61    -594.2609 -612.4437 0.7238208
580.62    -594.1379 -612.4385 0.7237865
580.63    -594.0149 -612.4332 0.7237517
580.64    -593.8919 -612.4279 0.7237164
580.65    -593.769 -612.4225 0.7236808
580.66    -593.6461 -612.4172 0.723645
580.67    -593.5231 -612.4119 0.7236089
580.68    -593.4002 -612.4066 0.7235725
580.69    -593.2773 -612.4013 0.723536
580.7    -593.1544 -612.396 0.7234996
580.71    -593.0316 -612.3907 0.7234634
580.72    -592.9087 -612.3854 0.7234274
580.73    -592.7858 -612.3801 0.7233915
580.74    -592.663 -612.3748 0.7233558
580.75    -592.5402 -612.3694 0.7233208
580.76    -592.4174 -612.3641 0.7232864
580.77    -592.2946 -612.3588 0.7232528
580.78    -592.1718 -612.3535 0.7232196
580.79    -592.049 -612.3482 0.7231871
580.8    -591.9263 -612.3429 0.7231558
580.81    -591.8035 -612.3376 0.7231258
580.82    -591.6808 -612.3323 0.7230969
580.83    -591.5581 -612.327 0.7230691
580.84    -591.4354 -612.3217 0.7230423
580.85    -591.3127 -612.3163 0.7230165
580.86    -591.1901 -612.311 0.7229921
580.87    -591.0675 -612.3056 0.7229691
580.88    -590.9449 -612.3002 0.7229475
580.89    -590.8223 -612.2949 0.722927
580.9    -590.6997 -612.2895 0.7229079
580.91    -590.5771 -612.2841 0.72289
580.92    -590.4546 -612.2787 0.7228733
580.93    -590.332 -612.2733 0.7228578
580.94    -590.2095 -612.2679 0.7228433
580.95    -590.0869 -612.2625 0.7228298
580.96    -589.9644 -612.257 0.7228173
580.97    -589.8419 -612.2516 0.7228057
580.98    -589.7194 -612.2462 0.722795
580.99    -589.5969 -612.2407 0.7227851
581    -589.4745 -612.2352 0.722776
581.01    -589.3521 -612.2298 0.7227676
581.02    -589.2296 -612.2243 0.72276
581.03    -589.1072 -612.2188 0.7227529
581.04    -588.9848 -612.2133 0.7227465
581.05    -588.8624 -612.2078 0.7227407
581.06    -588.7401 -612.2023 0.7227355
581.07    -588.6177 -612.1968 0.7227308
581.08    -588.4954 -612.1913 0.7227266
581.09    -588.3731 -612.1858 0.7227229
581.1    -588.2508 -612.1802 0.7227197
581.11    -588.1285 -612.1746 0.7227166
581.12    -588.0063 -612.1691 0.7227138
581.13    -587.884 -612.1635 0.722711
581.14    -587.7618 -612.1579 0.7227085
581.15    -587.6396 -612.1523 0.7227058
581.16    -587.5174 -612.1468 0.7227029
581.17    -587.3952 -612.1412 0.7226999
581.18    -587.273 -612.1355 0.7226968
581.19    -587.1508 -612.1299 0.7226935
581.2    -587.0287 -612.1243 0.7226897
581.21    -586.9066 -612.1186 0.7226853
581.22    -586.7844 -612.113 0.7226804
581.23    -586.6623 -612.1073 0.7226751
581.24    -586.5402 -612.1016 0.7226694
581.25    -586.4181 -612.0959 0.722663
581.26    -586.296 -612.0902 0.722656
581.27    -586.174 -612.0845 0.7226485
581.28    -586.0519 -612.0789 0.7226404
581.29    -585.9299 -612.0731 0.7226318
581.3    -585.8079 -612.0674 0.7226227
581.31    -585.686 -612.0616 0.7226132
581.32    -585.564 -612.0559 0.7226031
581.33    -585.4421 -612.0501 0.7225927
581.34    -585.3201 -612.0444 0.7225819
581.35    -585.1982 -612.0386 0.7225707
581.36    -585.0764 -612.0328 0.7225592
581.37    -584.9545 -612.027 0.7225474
581.38    -584.8326 -612.0212 0.7225353
581.39    -584.7107 -612.0154 0.7225228
581.4    -584.5889 -612.0096 0.7225101
581.41    -584.467 -612.0037 0.7224972
581.42    -584.3452 -611.9978 0.722484
581.43    -584.2234 -611.9919 0.7224706
581.44    -584.1016 -611.9861 0.7224569
581.45    -583.9798 -611.9802 0.7224431
581.46    -583.858 -611.9743 0.7224291
581.47    -583.7363 -611.9684 0.722415
581.48    -583.6145 -611.9625 0.7224006
581.49    -583.4928 -611.9565 0.7223861
581.5    -583.3711 -611.9506 0.7223714
581.51    -583.2494 -611.9446 0.7223567
581.52    -583.1277 -611.9387 0.7223417
581.53    -583.0061 -611.9326 0.7223266
581.54    -582.8845 -611.9266 0.7223114
581.55    -582.7629 -611.9207 0.7222961
581.56    -582.6414 -611.9147 0.7222807
581.57    -582.5198 -611.9086 0.7222652
581.58    -582.3982 -611.9026 0.7222496
581.59    -582.2766 -611.8965 0.7222338
581.6    -582.1551 -611.8905 0.722218
581.61    -582.0336 -611.8844 0.7222022
581.62    -581.912 -611.8784 0.7221863
581.63    -581.7905 -611.8723 0.7221702
581.64    -581.669 -611.8661 0.7221541
581.65    -581.5475 -611.86 0.7221379
581.66    -581.4261 -611.8539 0.7221217
581.67    -581.3046 -611.8478 0.7221053
581.68    -581.1832 -611.8416 0.722089
581.69    -581.0618 -611.8354 0.7220725
581.7    -580.9404 -611.8292 0.722056
581.71    -580.819 -611.8231 0.7220392
581.72    -580.6976 -611.8169 0.7220222
581.73    -580.5763 -611.8107 0.7220051
581.74    -580.455 -611.8044 0.7219877
581.75    -580.3336 -611.7982 0.7219698
581.76    -580.2123 -611.7919 0.7219514
581.77    -580.0911 -611.7857 0.7219324
581.78    -579.9698 -611.7794 0.7219129
581.79    -579.8485 -611.7731 0.721893
581.8    -579.7273 -611.7668 0.7218717
581.81    -579.6061 -611.7605 0.7218492
581.82    -579.4849 -611.7542 0.7218255
581.83    -579.3636 -611.7479 0.7218008
581.84    -579.2424 -611.7415 0.7217751
581.85    -579.1213 -611.7352 0.7217473
581.86    -579.0001 -611.7288 0.7217178
581.87    -578.879 -611.7224 0.7216864
581.88    -578.7578 -611.7161 0.7216534
581.89    -578.6367 -611.7097 0.7216189
581.9    -578.5156 -611.7034 0.7215823
581.91    -578.3945 -611.697 0.7215438
581.92    -578.2734 -611.6907 0.7215035
581.93    -578.1523 -611.6843 0.7214616
581.94    -578.0313 -611.6779 0.721418
581.95    -577.9103 -611.6716 0.7213728
581.96    -577.7892 -611.6652 0.7213264
581.97    -577.6683 -611.6589 0.7212784
581.98    -577.5473 -611.6525 0.7212291
581.99    -577.4263 -611.6462 0.7211787
582    -577.3054 -611.6398 0.7211272
582.01    -577.1845 -611.6335 0.7210748
582.02    -577.0636 -611.6272 0.7210215
582.03    -576.9427 -611.6208 0.7209674
582.04    -576.8218 -611.6145 0.7209125
582.05    -576.7009 -611.6082 0.720857
582.06    -576.5801 -611.6018 0.7208011
582.07    -576.4592 -611.5955 0.7207447
582.08    -576.3384 -611.5892 0.7206879
582.09    -576.2175 -611.5829 0.7206306
582.1    -576.0967 -611.5767 0.7205736
582.11    -575.9758 -611.5704 0.7205169
582.12    -575.855 -611.5641 0.7204604
582.13    -575.7341 -611.5579 0.7204042
582.14    -575.6133 -611.5516 0.7203482
582.15    -575.4925 -611.5453 0.7202936
582.16    -575.3717 -611.5391 0.7202404
582.17    -575.2509 -611.5329 0.7201885
582.18    -575.1301 -611.5267 0.7201378
582.19    -575.0093 -611.5205 0.7200884
582.2    -574.8885 -611.5143 0.7200417
582.21    -574.7678 -611.5081 0.7199976
582.22    -574.647 -611.5019 0.7199559
582.23    -574.5262 -611.4958 0.7199166
582.24    -574.4054 -611.4896 0.7198794
582.25    -574.2846 -611.4835 0.7198463
582.26    -574.1638 -611.4774 0.719817
582.27    -574.043 -611.4712 0.7197912
582.28    -573.9222 -611.4651 0.7197688
582.29    -573.8015 -611.4589 0.7197496
582.3    -573.6806 -611.4528 0.7197348
582.31    -573.5598 -611.4468 0.7197244
582.32    -573.439 -611.4407 0.7197179
582.33    -573.3182 -611.4346 0.7197153
582.34    -573.1974 -611.4285 0.7197162
582.35    -573.0767 -611.4225 0.7197213
582.36    -572.9559 -611.4165 0.7197303
582.37    -572.8351 -611.4105 0.719743
582.38    -572.7142 -611.4044 0.7197593
582.39    -572.5934 -611.3984 0.7197788
582.4    -572.4725 -611.3925 0.7198016
582.41    -572.3517 -611.3865 0.7198274
582.42    -572.2308 -611.3806 0.7198562
582.43    -572.1099 -611.3746 0.7198877
582.44    -571.989 -611.3686 0.7199218
582.45    -571.868 -611.3627 0.7199584
582.46    -571.7471 -611.3568 0.7199973
582.47    -571.6261 -611.3509 0.7200385
582.48    -571.5051 -611.345 0.7200817
582.49    -571.384 -611.3392 0.7201269
582.5    -571.2629 -611.3333 0.7201741
582.51    -571.1418 -611.3275 0.7202229
582.52    -571.0208 -611.3217 0.7202736
582.53    -570.8996 -611.3159 0.7203257
582.54    -570.7784 -611.3101 0.7203795
582.55    -570.6572 -611.3043 0.7204345
582.56    -570.536 -611.2985 0.7204911
582.57    -570.4148 -611.2927 0.7205489
582.58    -570.2935 -611.2869 0.7206079
582.59    -570.1722 -611.2812 0.7206682
582.6    -570.0508 -611.2755 0.7207294
582.61    -569.9295 -611.2698 0.7207915
582.62    -569.8081 -611.264 0.7208546
582.63    -569.6867 -611.2583 0.7209185
582.64    -569.5652 -611.2526 0.7209833
582.65    -569.4438 -611.2469 0.7210485
582.66    -569.3223 -611.2412 0.7211143
582.67    -569.2008 -611.2355 0.7211806
582.68    -569.0793 -611.2299 0.7212473
582.69    -568.9577 -611.2242 0.7213144
582.7    -568.8361 -611.2186 0.7213814
582.71    -568.7145 -611.2129 0.7214481
582.72    -568.5929 -611.2072 0.7215145
582.73    -568.4713 -611.2015 0.7215809
582.74    -568.3495 -611.1959 0.7216471
582.75    -568.2278 -611.1903 0.7217119
582.76    -568.1061 -611.1847 0.7217755
582.77    -567.9844 -611.1791 0.7218379
582.78    -567.8625 -611.1735 0.7218992
582.79    -567.7407 -611.1679 0.7219594
582.8    -567.6188 -611.1623 0.7220187
582.81    -567.4969 -611.1567 0.7220752
582.82    -567.3751 -611.1511 0.722129
582.83    -567.2531 -611.1455 0.7221805
582.84    -567.1312 -611.14 0.7222297
582.85    -567.0092 -611.1344 0.7222754
582.86    -566.8872 -611.1288 0.722318
582.87    -566.7652 -611.1233 0.7223576
582.88    -566.6431 -611.1177 0.7223943
582.89    -566.5211 -611.1122 0.7224284
582.9    -566.399 -611.1066 0.7224591
582.91    -566.2769 -611.1011 0.7224868
582.92    -566.1547 -611.0955 0.7225115
582.93    -566.0325 -611.09 0.7225335
582.94    -565.9102 -611.0844 0.7225528
582.95    -565.788 -611.0789 0.7225695
582.96    -565.6657 -611.0734 0.7225838
582.97    -565.5434 -611.0679 0.7225959
582.98    -565.4211 -611.0624 0.7226057
582.99    -565.2987 -611.0569 0.7226135
583    -565.1763 -611.0514 0.7226193
583.01    -565.0538 -611.0459 0.7226236
583.02    -564.9314 -611.0404 0.7226264
583.03    -564.8089 -611.0349 0.7226279
583.04    -564.6864 -611.0294 0.722628
583.05    -564.5639 -611.0239 0.7226274
583.06    -564.4413 -611.0184 0.7226261
583.07    -564.3188 -611.0129 0.7226242
583.08    -564.1962 -611.0074 0.7226216
583.09    -564.0735 -611.002 0.7226185
583.1    -563.9509 -610.9965 0.7226155
583.11    -563.8282 -610.991 0.7226127
583.12    -563.7055 -610.9855 0.7226102
583.13    -563.5828 -610.98 0.7226077
583.14    -563.46 -610.9745 0.7226054
583.15    -563.3372 -610.969 0.7226045
583.16    -563.2144 -610.9635 0.7226047
583.17    -563.0915 -610.958 0.722606
583.18    -562.9686 -610.9525 0.7226084
583.19    -562.8457 -610.947 0.722612
583.2    -562.7228 -610.9415 0.7226177
583.21    -562.5999 -610.936 0.7226257
583.22    -562.4769 -610.9305 0.7226357
583.23    -562.3539 -610.925 0.7226477
583.24    -562.2308 -610.9196 0.7226615
583.25    -562.1078 -610.9141 0.7226782
583.26    -561.9847 -610.9086 0.7226978
583.27    -561.8616 -610.9031 0.72272
583.28    -561.7384 -610.8976 0.7227447
583.29    -561.6152 -610.8921 0.7227718
583.3    -561.4921 -610.8865 0.7228019
583.31    -561.3688 -610.881 0.7228348
583.32    -561.2456 -610.8755 0.7228705
583.33    -561.1223 -610.8701 0.7229086
583.34    -560.999 -610.8646 0.7229491
583.35    -560.8757 -610.8591 0.7229924
583.36    -560.7524 -610.8536 0.723038
583.37    -560.629 -610.8481 0.7230859
583.38    -560.5056 -610.8426 0.7231361
583.39    -560.3821 -610.837 0.7231884
583.4    -560.2586 -610.8315 0.7232426
583.41    -560.1351 -610.8259 0.7232987
583.42    -560.0116 -610.8204 0.7233565
583.43    -559.8881 -610.8148 0.7234161
583.44    -559.7645 -610.8093 0.7234772
583.45    -559.6409 -610.8037 0.7235398
583.46    -559.5173 -610.7982 0.7236038
583.47    -559.3936 -610.7926 0.7236692
583.48    -559.27 -610.787 0.7237357
583.49    -559.1462 -610.7815 0.7238036
583.5    -559.0225 -610.7759 0.7238724
583.51    -558.8988 -610.7703 0.7239422
583.52    -558.775 -610.7648 0.724013
583.53    -558.6512 -610.7592 0.7240846
583.54    -558.5274 -610.7536 0.7241571
583.55    -558.4036 -610.748 0.7242298
583.56    -558.2797 -610.7424 0.7243027
583.57    -558.1559 -610.7368 0.7243758
583.58    -558.032 -610.7311 0.7244492
583.59    -557.9082 -610.7255 0.7245226
583.6    -557.7844 -610.7198 0.7245952
583.61    -557.6605 -610.7142 0.7246668
583.62    -557.5367 -610.7086 0.7247378
583.63    -557.4128 -610.703 0.7248078
583.64    -557.2891 -610.6973 0.7248772
583.65    -557.1653 -610.6917 0.7249458
583.66    -557.0415 -610.686 0.7250123
583.67    -556.9177 -610.6802 0.7250767
583.68    -556.794 -610.6746 0.7251392
583.69    -556.6703 -610.6689 0.7251999
583.7    -556.5466 -610.6632 0.7252576
583.71    -556.4229 -610.6575 0.7253127
583.72    -556.2992 -610.6518 0.7253653
583.73    -556.1755 -610.6461 0.7254154
583.74    -556.0519 -610.6404 0.7254633
583.75    -555.9283 -610.6347 0.725508
583.76    -555.8047 -610.629 0.7255497
583.77    -555.6811 -610.6232 0.7255886
583.78    -555.5575 -610.6174 0.7256249
583.79    -555.4339 -610.6117 0.7256587
583.8    -555.3104 -610.606 0.7256889
583.81    -555.1868 -610.6002 0.7257158
583.82    -555.0633 -610.5944 0.7257396
583.83    -554.9398 -610.5886 0.7257605
583.84    -554.8162 -610.5828 0.7257786
583.85    -554.6927 -610.577 0.725794
583.86    -554.5692 -610.5712 0.7258059
583.87    -554.4457 -610.5654 0.7258145
583.88    -554.3223 -610.5596 0.72582
583.89    -554.1989 -610.5537 0.7258226
583.9    -554.0754 -610.5478 0.7258223
583.91    -553.952 -610.5419 0.7258185
583.92    -553.8286 -610.5361 0.7258114
583.93    -553.7053 -610.5302 0.7258011
583.94    -553.5819 -610.5243 0.7257877
583.95    -553.4586 -610.5184 0.7257707
583.96    -553.3353 -610.5126 0.72575
583.97    -553.212 -610.5067 0.7257261
583.98    -553.0887 -610.5007 0.725699
583.99    -552.9654 -610.4948 0.7256689
584    -552.8421 -610.4888 0.7256361
584.01    -552.7189 -610.4829 0.7255994
584.02    -552.5956 -610.4769 0.7255592
584.03    -552.4724 -610.4709 0.7255154
584.04    -552.3492 -610.465 0.7254686
584.05    -552.226 -610.4589 0.7254187
584.06    -552.1028 -610.4529 0.725365
584.07    -551.9796 -610.447 0.7253077
584.08    -551.8564 -610.4409 0.725247
584.09    -551.7333 -610.4348 0.7251832
584.1    -551.6102 -610.4288 0.7251157
584.11    -551.4871 -610.4227 0.7250448
584.12    -551.364 -610.4167 0.7249707
584.13    -551.241 -610.4105 0.7248935
584.14    -551.1179 -610.4044 0.7248133
584.15    -550.9949 -610.3983 0.7247301
584.16    -550.8718 -610.3922 0.7246439
584.17    -550.7488 -610.386 0.7245548
584.18    -550.6259 -610.3799 0.7244631
584.19    -550.5029 -610.3737 0.7243688
584.2    -550.3799 -610.3676 0.7242719
584.21    -550.257 -610.3613 0.7241724
584.22    -550.1341 -610.3552 0.7240704
584.23    -550.0112 -610.3489 0.7239662
584.24    -549.8882 -610.3427 0.7238598
584.25    -549.7654 -610.3364 0.7237512
584.26    -549.6425 -610.3302 0.7236405
584.27    -549.5197 -610.324 0.7235278
584.28    -549.3968 -610.3176 0.7234133
584.29    -549.2739 -610.3113 0.7232969
584.3    -549.1511 -610.3051 0.7231789
584.31    -549.0283 -610.2988 0.7230594
584.32    -548.9055 -610.2924 0.7229381
584.33    -548.7827 -610.2861 0.7228155
584.34    -548.66 -610.2798 0.7226914
584.35    -548.5372 -610.2734 0.7225661
584.36    -548.4145 -610.2671 0.7224396
584.37    -548.2918 -610.2607 0.7223119
584.38    -548.1691 -610.2543 0.7221831
584.39    -548.0464 -610.2479 0.7220532
584.4    -547.9238 -610.2415 0.7219224
584.41    -547.8012 -610.235 0.7217906
584.42    -547.6786 -610.2286 0.7216578
584.43    -547.556 -610.2222 0.7215242
584.44    -547.4333 -610.2158 0.7213898
584.45    -547.3108 -610.2094 0.7212546
584.46    -547.1882 -610.2028 0.7211187
584.47    -547.0657 -610.1964 0.7209821
584.48    -546.9431 -610.1899 0.7208449
584.49    -546.8206 -610.1834 0.7207069
584.5    -546.6981 -610.1769 0.7205685
584.51    -546.5756 -610.1703 0.7204294
584.52    -546.4531 -610.1638 0.7202898
584.53    -546.3306 -610.1572 0.7201497
584.54    -546.2081 -610.1507 0.7200091
584.55    -546.0857 -610.1442 0.719868
584.56    -545.9633 -610.1375 0.7197265
584.57    -545.8408 -610.1309 0.7195846
584.58    -545.7184 -610.1243 0.7194422
584.59    -545.5961 -610.1177 0.7192995
584.6    -545.4737 -610.1111 0.7191564
584.61    -545.3514 -610.1045 0.7190129
584.62    -545.2291 -610.0978 0.7188691
584.63    -545.1068 -610.0912 0.718725
584.64    -544.9844 -610.0845 0.7185806
584.65    -544.8622 -610.0779 0.7184359
584.66    -544.7399 -610.0712 0.718291
584.67    -544.6177 -610.0645 0.718146
584.68    -544.4954 -610.0578 0.7180007
584.69    -544.3732 -610.0511 0.7178552
584.7    -544.251 -610.0444 0.7177095
584.71    -544.1288 -610.0377 0.7175637
584.72    -544.0066 -610.0309 0.7174178
584.73    -543.8844 -610.0242 0.7172717
584.74    -543.7622 -610.0175 0.7171255
584.75    -543.6401 -610.0107 0.7169793
584.76    -543.5179 -610.004 0.7168328
584.77    -543.3958 -609.9973 0.7166862
584.78    -543.2737 -609.9905 0.7165397
584.79    -543.1516 -609.9836 0.7163929
584.8    -543.0295 -609.9769 0.7162464
584.81    -542.9075 -609.9701 0.7160999
584.82    -542.7855 -609.9633 0.7159536
584.83    -542.6635 -609.9565 0.7158075
584.84    -542.5414 -609.9498 0.7156615
584.85    -542.4195 -609.943 0.7155161
584.86    -542.2975 -609.9362 0.7153714
584.87    -542.1756 -609.9294 0.7152272
584.88    -542.0536 -609.9227 0.7150835
584.89    -541.9317 -609.9159 0.7149404
584.9    -541.8098 -609.9091 0.7147977
584.91    -541.6879 -609.9023 0.7146564
584.92    -541.566 -609.8956 0.7145165
584.93    -541.4441 -609.8888 0.7143778
584.94    -541.3222 -609.882 0.7142404
584.95    -541.2004 -609.8752 0.7141047
584.96    -541.0786 -609.8685 0.7139708
584.97    -540.9567 -609.8617 0.7138386
584.98    -540.8349 -609.8549 0.7137078
584.99    -540.7131 -609.8481 0.7135786
585    -540.5913 -609.8414 0.7134512
585.01    -540.4695 -609.8346 0.7133256
585.02    -540.3478 -609.8278 0.7132018
585.03    -540.226 -609.8209 0.7130795
585.04    -540.1043 -609.8141 0.7129586
585.05    -539.9826 -609.8073 0.7128392
585.06    -539.8609 -609.8005 0.7127215
585.07    -539.7393 -609.7938 0.7126054
585.08    -539.6176 -609.787 0.7124906
585.09    -539.496 -609.7802 0.7123772
585.1    -539.3743 -609.7734 0.7122651
585.11    -539.2527 -609.7667 0.7121543
585.12    -539.1312 -609.7599 0.7120447
585.13    -539.0096 -609.7531 0.7119362
585.14    -538.888 -609.7464 0.7118287
585.15    -538.7665 -609.7396 0.7117223
585.16    -538.645 -609.7328 0.7116167
585.17    -538.5234 -609.7261 0.7115121
585.18    -538.4019 -609.7193 0.7114083
585.19    -538.2804 -609.7125 0.7113053
585.2    -538.1589 -609.7057 0.7112031
585.21    -538.0375 -609.699 0.7111018
585.22    -537.916 -609.6922 0.7110013
585.23    -537.7946 -609.6855 0.7109015
585.24    -537.6731 -609.6787 0.7108024
585.25    -537.5517 -609.6719 0.7107043
585.26    -537.4303 -609.6652 0.7106071
585.27    -537.3089 -609.6584 0.710511
585.28    -537.1875 -609.6517 0.7104155
585.29    -537.0661 -609.645 0.7103211
585.3    -536.9448 -609.6382 0.7102279
585.31    -536.8234 -609.6316 0.710136
585.32    -536.7021 -609.6249 0.7100453
585.33    -536.5807 -609.6182 0.7099557
585.34    -536.4594 -609.6115 0.7098672
585.35    -536.3381 -609.6047 0.7097805
585.36    -536.2169 -609.598 0.7096953
585.37    -536.0956 -609.5913 0.7096117
585.38    -535.9743 -609.5847 0.7095295
585.39    -535.853 -609.5779 0.7094488
585.4    -535.7318 -609.5713 0.7093701
585.41    -535.6106 -609.5646 0.7092932
585.42    -535.4894 -609.558 0.7092182
585.43    -535.3682 -609.5513 0.7091449
585.44    -535.2469 -609.5447 0.7090732
585.45    -535.1257 -609.5381 0.7090031
585.46    -535.0046 -609.5314 0.708935
585.47    -534.8834 -609.5248 0.708869
585.48    -534.7623 -609.5181 0.7088049
585.49    -534.6411 -609.5115 0.7087427
585.5    -534.52 -609.5049 0.7086822
585.51    -534.3989 -609.4983 0.7086237
585.52    -534.2778 -609.4918 0.7085669
585.53    -534.1567 -609.4852 0.7085117
585.54    -534.0356 -609.4786 0.708458
585.55    -533.9146 -609.472 0.7084059
585.56    -533.7935 -609.4654 0.7083552
585.57    -533.6725 -609.4588 0.708306
585.58    -533.5515 -609.4523 0.7082582
585.59    -533.4304 -609.4458 0.7082115
585.6    -533.3094 -609.4393 0.7081662
585.61    -533.1884 -609.4327 0.7081221
585.62    -533.0674 -609.4262 0.7080793
585.63    -532.9465 -609.4197 0.7080377
585.64    -532.8255 -609.4131 0.7079971
585.65    -532.7046 -609.4066 0.7079581
585.66    -532.5837 -609.4001 0.7079203
585.67    -532.4628 -609.3937 0.7078838
585.68    -532.3419 -609.3872 0.7078485
585.69    -532.2209 -609.3807 0.7078143
585.7    -532.1 -609.3743 0.7077819
585.71    -531.9791 -609.3678 0.7077512
585.72    -531.8583 -609.3613 0.707722
585.73    -531.7374 -609.3549 0.7076944
585.74    -531.6166 -609.3484 0.7076682
585.75    -531.4957 -609.342 0.7076442
585.76    -531.3749 -609.3356 0.7076222
585.77    -531.254 -609.3292 0.7076021
585.78    -531.1332 -609.3228 0.7075838
585.79    -531.0124 -609.3164 0.7075674
585.8    -530.8916 -609.3101 0.7075533
585.81    -530.7708 -609.3036 0.7075414
585.82    -530.65 -609.2972 0.7075317
585.83    -530.5292 -609.2909 0.7075239
585.84    -530.4084 -609.2845 0.7075182
585.85    -530.2877 -609.2782 0.7075143
585.86    -530.167 -609.2719 0.7075123
585.87    -530.0463 -609.2656 0.707512
585.88    -529.9255 -609.2592 0.7075134
585.89    -529.8048 -609.2529 0.7075163
585.9    -529.6841 -609.2466 0.7075206
585.91    -529.5635 -609.2403 0.707526
585.92    -529.4428 -609.234 0.7075326
585.93    -529.3221 -609.2278 0.7075403
585.94    -529.2015 -609.2215 0.7075491
585.95    -529.0809 -609.2152 0.7075584
585.96    -528.9603 -609.2089 0.7075682
585.97    -528.8397 -609.2026 0.7075784
585.98    -528.7191 -609.1964 0.707589
585.99    -528.5984 -609.1902 0.7076001
586    -528.4778 -609.184 0.7076106
586.01    -528.3572 -609.1778 0.7076207
586.02    -528.2366 -609.1716 0.7076302
586.03    -528.116 -609.1653 0.7076393
586.04    -527.9954 -609.1592 0.707648
586.05    -527.8749 -609.1531 0.7076548
586.06    -527.7543 -609.1469 0.7076597
586.07    -527.6338 -609.1407 0.7076631
586.08    -527.5132 -609.1346 0.7076647
586.09    -527.3926 -609.1285 0.7076649
586.1    -527.2722 -609.1224 0.7076619
586.11    -527.1517 -609.1163 0.7076559
586.12    -527.0312 -609.1102 0.707647
586.13    -526.9107 -609.1041 0.7076356
586.14    -526.7902 -609.0981 0.7076215
586.15    -526.6697 -609.092 0.7076033
586.16    -526.5493 -609.086 0.707581
586.17    -526.4288 -609.08 0.7075549
586.18    -526.3083 -609.074 0.7075253
586.19    -526.1878 -609.0679 0.7074922
586.2    -526.0674 -609.062 0.7074543
586.21    -525.947 -609.056 0.707412
586.22    -525.8265 -609.05 0.7073654
586.23    -525.7061 -609.0441 0.7073147
586.24    -525.5857 -609.0381 0.7072602
586.25    -525.4653 -609.0322 0.7072011
586.26    -525.345 -609.0263 0.7071374
586.27    -525.2246 -609.0204 0.7070696
586.28    -525.1042 -609.0145 0.7069978
586.29    -524.9839 -609.0085 0.7069224
586.3    -524.8635 -609.0027 0.7068427
586.31    -524.7432 -608.9968 0.7067591
586.32    -524.6228 -608.9908 0.7066717
586.33    -524.5024 -608.9849 0.7065808
586.34    -524.3821 -608.9791 0.7064866
586.35    -524.2618 -608.9732 0.7063888
586.36    -524.1415 -608.9673 0.7062877
586.37    -524.0212 -608.9615 0.7061836
586.38    -523.9009 -608.9556 0.7060764
586.39    -523.7806 -608.9498 0.7059665
586.4    -523.6603 -608.944 0.7058539
586.41    -523.54 -608.9382 0.7057388
586.42    -523.4197 -608.9324 0.7056212
586.43    -523.2994 -608.9266 0.7055015
586.44    -523.1791 -608.9208 0.7053796
586.45    -523.0588 -608.915 0.7052557
586.46    -522.9386 -608.9092 0.7051298
586.47    -522.8184 -608.9035 0.7050021
586.48    -522.6981 -608.8978 0.7048726
586.49    -522.5779 -608.892 0.7047417
586.5    -522.4576 -608.8863 0.7046091
586.51    -522.3374 -608.8806 0.704475
586.52    -522.2172 -608.8748 0.7043396
586.53    -522.0969 -608.8691 0.7042028
586.54    -521.9767 -608.8634 0.7040648
586.55    -521.8564 -608.8577 0.7039257
586.56    -521.7363 -608.8519 0.7037853
586.57    -521.6161 -608.8462 0.7036439
586.58    -521.4959 -608.8405 0.7035015
586.59    -521.3757 -608.8347 0.7033581
586.6    -521.2556 -608.829 0.7032139
586.61    -521.1354 -608.8234 0.7030688
586.62    -521.0152 -608.8177 0.7029229
586.63    -520.895 -608.812 0.7027762
586.64    -520.7748 -608.8063 0.7026289
586.65    -520.6547 -608.8007 0.7024808
586.66    -520.5346 -608.795 0.7023321
586.67    -520.4145 -608.7894 0.7021827
586.68    -520.2944 -608.7838 0.7020327
586.69    -520.1743 -608.7781 0.7018823
586.7    -520.0541 -608.7725 0.7017313
586.71    -519.934 -608.7669 0.7015798
586.72    -519.8139 -608.7613 0.7014278
586.73    -519.6938 -608.7557 0.7012754
586.74    -519.5737 -608.7501 0.7011225
586.75    -519.4536 -608.7444 0.7009692
586.76    -519.3336 -608.7388 0.7008156
586.77    -519.2135 -608.7332 0.7006616
586.78    -519.0934 -608.7277 0.7005072
586.79    -518.9734 -608.7221 0.7003526
586.8    -518.8533 -608.7166 0.7001976
586.81    -518.7333 -608.711 0.7000424
586.82    -518.6132 -608.7054 0.6998869
586.83    -518.4932 -608.6999 0.699731
586.84    -518.3731 -608.6943 0.6995749
586.85    -518.2531 -608.6888 0.6994188
586.86    -518.1331 -608.6832 0.6992626
586.87    -518.0131 -608.6777 0.6991063
586.88    -517.8931 -608.6721 0.69895
586.89    -517.7731 -608.6666 0.6987936
586.9    -517.6531 -608.661 0.6986376
586.91    -517.5331 -608.6555 0.698482
586.92    -517.4131 -608.6499 0.6983268
586.93    -517.2932 -608.6444 0.6981719
586.94    -517.1732 -608.6389 0.6980174
586.95    -517.0532 -608.6334 0.6978632
586.96    -516.9332 -608.6279 0.6977105
586.97    -516.8132 -608.6224 0.6975595
586.98    -516.6932 -608.6169 0.6974097
586.99    -516.5732 -608.6115 0.6972614
587    -516.4532 -608.606 0.6971157
587.01    -516.3332 -608.6005 0.6969725
587.02    -516.2132 -608.595 0.6968317
587.03    -516.0932 -608.5895 0.6966931
587.04    -515.9732 -608.584 0.6965565
587.05    -515.8532 -608.5785 0.696422
587.06    -515.7332 -608.573 0.6962911
587.07    -515.6132 -608.5675 0.6961635
587.08    -515.4932 -608.562 0.6960391
587.09    -515.3732 -608.5565 0.6959176
587.1    -515.2532 -608.551 0.6958001
587.11    -515.1332 -608.5455 0.6956863
587.12    -515.0132 -608.54 0.6955758
587.13    -514.8932 -608.5345 0.6954688
587.14    -514.7731 -608.5291 0.6953648
587.15    -514.6531 -608.5236 0.6952646
587.16    -514.533 -608.5181 0.6951683
587.17    -514.413 -608.5126 0.6950753
587.18    -514.2929 -608.5071 0.6949856
587.19    -514.1729 -608.5016 0.6948991
587.2    -514.0528 -608.4961 0.6948161
587.21    -513.9327 -608.4906 0.6947365
587.22    -513.8126 -608.4851 0.69466
587.23    -513.6925 -608.4796 0.6945866
587.24    -513.5724 -608.4741 0.6945159
587.25    -513.4523 -608.4687 0.6944484
587.26    -513.3322 -608.4632 0.6943837
587.27    -513.212 -608.4577 0.6943218
587.28    -513.0919 -608.4522 0.6942625
587.29    -512.9717 -608.4468 0.6942056
587.3    -512.8516 -608.4413 0.6941516
587.31    -512.7314 -608.4359 0.6941001
587.32    -512.6113 -608.4305 0.6940511
587.33    -512.4911 -608.425 0.6940044
587.34    -512.3709 -608.4196 0.69396
587.35    -512.2507 -608.4142 0.6939182
587.36    -512.1306 -608.4088 0.6938788
587.37    -512.0103 -608.4033 0.6938418
587.38    -511.8901 -608.3979 0.693807
587.39    -511.7698 -608.3925 0.6937743
587.4    -511.6496 -608.387 0.6937445
587.41    -511.5294 -608.3816 0.6937172
587.42    -511.4091 -608.3762 0.6936924
587.43    -511.2889 -608.3707 0.69367
587.44    -511.1686 -608.3653 0.6936498
587.45    -511.0483 -608.3599 0.6936326
587.46    -510.9281 -608.3545 0.6936182
587.47    -510.8078 -608.3491 0.6936065
587.48    -510.6875 -608.3436 0.6935973
587.49    -510.5671 -608.3382 0.6935906
587.5    -510.4468 -608.3328 0.693586
587.51    -510.3265 -608.3273 0.6935844
587.52    -510.2061 -608.3219 0.6935858
587.53    -510.0858 -608.3165 0.6935899
587.54    -509.9655 -608.311 0.6935965
587.55    -509.8451 -608.3056 0.6936059
587.56    -509.7248 -608.3002 0.6936181
587.57    -509.6044 -608.2949 0.6936328
587.58    -509.484 -608.2895 0.69365
587.59    -509.3636 -608.2841 0.6936695
587.6    -509.2432 -608.2788 0.6936912
587.61    -509.1228 -608.2734 0.693715
587.62    -509.0024 -608.2681 0.6937408
587.63    -508.882 -608.2627 0.6937685
587.64    -508.7615 -608.2573 0.693798
587.65    -508.6411 -608.252 0.6938292
587.66    -508.5207 -608.2466 0.6938619
587.67    -508.4002 -608.2412 0.6938962
587.68    -508.2798 -608.2358 0.6939321
587.69    -508.1593 -608.2306 0.6939691
587.7    -508.0388 -608.2253 0.6940076
587.71    -507.9183 -608.22 0.6940471
587.72    -507.7978 -608.2147 0.6940877
587.73    -507.6773 -608.2094 0.6941292
587.74    -507.5568 -608.204 0.6941718
587.75    -507.4363 -608.1988 0.6942149
587.76    -507.3158 -608.1935 0.6942586
587.77    -507.1952 -608.1883 0.6943027
587.78    -507.0746 -608.183 0.6943474
587.79    -506.9541 -608.1778 0.6943926
587.8    -506.8335 -608.1726 0.694438
587.81    -506.713 -608.1674 0.6944833
587.82    -506.5924 -608.1621 0.6945288
587.83    -506.4718 -608.1569 0.6945744
587.84    -506.3512 -608.1518 0.6946201
587.85    -506.2306 -608.1466 0.6946654
587.86    -506.11 -608.1414 0.6947105
587.87    -505.9894 -608.1363 0.6947554
587.88    -505.8688 -608.1312 0.6948001
587.89    -505.7481 -608.126 0.6948446
587.9    -505.6275 -608.1209 0.6948885
587.91    -505.5069 -608.1158 0.6949321
587.92    -505.3862 -608.1108 0.694975
587.93    -505.2655 -608.1057 0.6950176
587.94    -505.1448 -608.1007 0.6950597
587.95    -505.0242 -608.0956 0.6951008
587.96    -504.9035 -608.0907 0.695141
587.97    -504.7828 -608.0857 0.6951802
587.98    -504.662 -608.0807 0.6952186
587.99    -504.5413 -608.0757 0.6952561
588    -504.4205 -608.0708 0.6952928
588.01    -504.2998 -608.0659 0.6953277
588.02    -504.179 -608.061 0.6953608
588.03    -504.0582 -608.0562 0.6953924
588.04    -503.9374 -608.0513 0.6954222
588.05    -503.8166 -608.0464 0.6954495
588.06    -503.6958 -608.0416 0.6954744
588.07    -503.575 -608.0369 0.6954971
588.08    -503.4541 -608.0321 0.6955175
588.09    -503.3333 -608.0274 0.695536
588.1    -503.2124 -608.0226 0.6955512
588.11    -503.0915 -608.018 0.6955634
588.12    -502.9706 -608.0134 0.6955729
588.13    -502.8497 -608.0087 0.6955795
588.14    -502.7287 -608.0042 0.6955836
588.15    -502.6078 -607.9995 0.6955841
588.16    -502.4868 -607.995 0.6955812
588.17    -502.3659 -607.9905 0.6955751
588.18    -502.2449 -607.986 0.6955658
588.19    -502.1239 -607.9815 0.6955538
588.2    -502.0029 -607.9771 0.6955381
588.21    -501.8819 -607.9726 0.6955189
588.22    -501.7609 -607.9682 0.6954964
588.23    -501.6398 -607.9639 0.6954709
588.24    -501.5187 -607.9595 0.6954424
588.25    -501.3977 -607.9552 0.6954107
588.26    -501.2766 -607.9509 0.6953761
588.27    -501.1555 -607.9467 0.6953387
588.28    -501.0344 -607.9424 0.6952986
588.29    -500.9132 -607.9383 0.6952559
588.3    -500.7921 -607.9341 0.6952109
588.31    -500.671 -607.93 0.6951636
588.32    -500.5498 -607.9259 0.6951142
588.33    -500.4286 -607.9219 0.6950628
588.34    -500.3074 -607.9178 0.6950093
588.35    -500.1862 -607.9138 0.6949542
588.36    -500.065 -607.9099 0.6948972
588.37    -499.9437 -607.9059 0.6948386
588.38    -499.8225 -607.902 0.6947785
588.39    -499.7012 -607.8981 0.6947169
588.4    -499.5799 -607.8943 0.6946539
588.41    -499.4586 -607.8905 0.6945895
588.42    -499.3373 -607.8867 0.6945236
588.43    -499.216 -607.8829 0.6944566
588.44    -499.0947 -607.8793 0.6943883
588.45    -498.9733 -607.8756 0.6943185
588.46    -498.852 -607.8719 0.6942475
588.47    -498.7306 -607.8683 0.6941752
588.48    -498.6092 -607.8648 0.6941017
588.49    -498.4878 -607.8613 0.6940271
588.5    -498.3664 -607.8577 0.6939514
588.51    -498.245 -607.8543 0.6938744
588.52    -498.1235 -607.8509 0.693796
588.53    -498.0021 -607.8475 0.6937166
588.54    -497.8806 -607.8441 0.6936361
588.55    -497.7591 -607.8408 0.6935543
588.56    -497.6376 -607.8376 0.6934717
588.57    -497.5161 -607.8344 0.693388
588.58    -497.3946 -607.8312 0.6933036
588.59    -497.273 -607.8279 0.6932182
588.6    -497.1515 -607.8248 0.693132
588.61    -497.0299 -607.8218 0.6930451
588.62    -496.9084 -607.8187 0.6929577
588.63    -496.7868 -607.8157 0.6928697
588.64    -496.6652 -607.8127 0.6927811
588.65    -496.5435 -607.8098 0.692692
588.66    -496.4219 -607.8069 0.6926028
588.67    -496.3003 -607.804 0.6925136
588.68    -496.1786 -607.8011 0.6924245
588.69    -496.0569 -607.7983 0.6923353
588.7    -495.9353 -607.7956 0.692247
588.71    -495.8136 -607.7929 0.6921594
588.72    -495.6919 -607.7902 0.6920724
588.73    -495.5702 -607.7875 0.6919861
588.74    -495.4484 -607.7849 0.6919005
588.75    -495.3267 -607.7823 0.6918167
588.76    -495.205 -607.7798 0.6917347
588.77    -495.0832 -607.7773 0.6916544
588.78    -494.9614 -607.7748 0.6915756
588.79    -494.8396 -607.7723 0.6914983
588.8    -494.7178 -607.77 0.691424
588.81    -494.596 -607.7676 0.6913522
588.82    -494.4742 -607.7653 0.6912831
588.83    -494.3523 -607.7629 0.6912164
588.84    -494.2304 -607.7606 0.691152
588.85    -494.1086 -607.7583 0.6910913
588.86    -493.9867 -607.7561 0.6910341
588.87    -493.8648 -607.7539 0.6909803
588.88    -493.7429 -607.7517 0.6909295
588.89    -493.6209 -607.7496 0.6908817
588.9    -493.499 -607.7474 0.6908383
588.91    -493.377 -607.7454 0.6907991
588.92    -493.2551 -607.7433 0.6907638
588.93    -493.1331 -607.7413 0.6907322
588.94    -493.0111 -607.7393 0.6907042
588.95    -492.8891 -607.7373 0.6906794
588.96    -492.7671 -607.7353 0.6906596
588.97    -492.645 -607.7334 0.6906445
588.98    -492.523 -607.7314 0.6906338
588.99    -492.4009 -607.7296 0.6906272
589    -492.2789 -607.7277 0.6906261
589.01    -492.1568 -607.726 0.69063
589.02    -492.0347 -607.7241 0.6906388
589.03    -491.9126 -607.7224 0.6906521
589.04    -491.7905 -607.7206 0.6906697
589.05    -491.6683 -607.7189 0.6906914
589.06    -491.5462 -607.7172 0.6907188
589.07    -491.424 -607.7155 0.6907515
589.08    -491.3018 -607.7139 0.6907893
589.09    -491.1797 -607.7123 0.690832
589.1    -491.0575 -607.7107 0.6908805
589.11    -490.9353 -607.7092 0.6909343
589.12    -490.813 -607.7076 0.6909934
589.13    -490.6908 -607.7061 0.6910573
589.14    -490.5685 -607.7046 0.6911257
589.15    -490.4463 -607.7031 0.6911998
589.16    -490.324 -607.7016 0.6912794
589.17    -490.2018 -607.7002 0.691364
589.18    -490.0794 -607.6988 0.6914535
589.19    -489.9571 -607.6974 0.6915473
589.2    -489.8348 -607.696 0.6916468
589.21    -489.7125 -607.6947 0.6917514
589.22    -489.5901 -607.6934 0.6918609
589.23    -489.4678 -607.6921 0.691975
589.24    -489.3454 -607.6908 0.6920935
589.25    -489.223 -607.6895 0.6922161
589.26    -489.1006 -607.6882 0.692344
589.27    -488.9782 -607.687 0.6924767
589.28    -488.8558 -607.6858 0.6926142
589.29    -488.7333 -607.6846 0.692756
589.3    -488.6109 -607.6834 0.6929028
589.31    -488.4884 -607.6822 0.6930543
589.32    -488.366 -607.681 0.6932102
589.33    -488.2435 -607.6799 0.6933702
589.34    -488.1209 -607.6787 0.6935342
589.35    -487.9984 -607.6776 0.6937028
589.36    -487.8759 -607.6765 0.6938758
589.37    -487.7534 -607.6754 0.6940528
589.38    -487.6308 -607.6743 0.6942338
589.39    -487.5082 -607.6732 0.6944184
589.4    -487.3856 -607.6721 0.6946074
589.41    -487.263 -607.671 0.6948004
589.42    -487.1404 -607.6699 0.6949973
589.43    -487.0178 -607.6688 0.6951978
589.44    -486.8951 -607.6678 0.6954017
589.45    -486.7725 -607.6668 0.6956095
589.46    -486.6498 -607.6658 0.6958212
589.47    -486.5271 -607.6647 0.6960363
589.48    -486.4044 -607.6637 0.6962548
589.49    -486.2816 -607.6627 0.6964763
589.5    -486.1589 -607.6617 0.6967016
589.51    -486.0361 -607.6608 0.6969302
589.52    -485.9134 -607.6598 0.6971621
589.53    -485.7906 -607.6588 0.6973969
589.54    -485.6677 -607.6578 0.6976346
589.55    -485.5449 -607.6569 0.6978755
589.56    -485.4221 -607.6559 0.6981195
589.57    -485.2992 -607.655 0.6983664
589.58    -485.1763 -607.6541 0.698616
589.59    -485.0534 -607.6531 0.698868
589.6    -484.9305 -607.6522 0.6991229
589.61    -484.8076 -607.6513 0.6993803
589.62    -484.6846 -607.6504 0.6996402
589.63    -484.5616 -607.6495 0.6999022
589.64    -484.4387 -607.6486 0.7001665
589.65    -484.3157 -607.6476 0.7004328
589.66    -484.1927 -607.6467 0.7007009
589.67    -484.0696 -607.6459 0.7009709
589.68    -483.9466 -607.645 0.7012427
589.69    -483.8235 -607.6442 0.701516
589.7    -483.7004 -607.6433 0.7017907
589.71    -483.5773 -607.6425 0.7020668
589.72    -483.4542 -607.6416 0.7023442
589.73    -483.331 -607.6407 0.7026229
589.74    -483.2079 -607.6399 0.7029027
589.75    -483.0847 -607.639 0.7031835
589.76    -482.9615 -607.6382 0.7034654
589.77    -482.8383 -607.6373 0.7037481
589.78    -482.715 -607.6365 0.7040317
589.79    -482.5918 -607.6356 0.7043161
589.8    -482.4685 -607.6348 0.704601
589.81    -482.3452 -607.6339 0.7048863
589.82    -482.2219 -607.6331 0.7051719
589.83    -482.0985 -607.6322 0.705458
589.84    -481.9752 -607.6313 0.7057444
589.85    -481.8518 -607.6305 0.7060302
589.86    -481.7285 -607.6296 0.7063155
589.87    -481.605 -607.6288 0.7066001
589.88    -481.4816 -607.628 0.7068843
589.89    -481.3582 -607.6272 0.707168
589.9    -481.2347 -607.6264 0.7074496
589.91    -481.1112 -607.6256 0.707729
589.92    -480.9877 -607.6248 0.7080066
589.93    -480.8642 -607.624 0.7082825
589.94    -480.7406 -607.6232 0.7085566
589.95    -480.6171 -607.6224 0.7088265
589.96    -480.4935 -607.6216 0.7090927
589.97    -480.3699 -607.6208 0.7093552
589.98    -480.2463 -607.6201 0.7096145
589.99    -480.1227 -607.6194 0.7098704
590    -479.999 -607.6187 0.7101203
590.01    -479.8753 -607.6179 0.7103647
590.02    -479.7516 -607.6172 0.7106037
590.03    -479.6279 -607.6165 0.7108377
590.04    -479.5042 -607.6157 0.7110671
590.05    -479.3804 -607.6151 0.7112889
590.06    -479.2566 -607.6144 0.7115037
590.07    -479.1328 -607.6138 0.7117118
590.08    -479.009 -607.6131 0.7119136
590.09    -478.8851 -607.6125 0.7121095
590.1    -478.7612 -607.6119 0.712297
590.11    -478.6374 -607.6113 0.7124764
590.12    -478.5135 -607.6108 0.7126483
590.13    -478.3895 -607.6102 0.7128132
590.14    -478.2656 -607.6096 0.7129714
590.15    -478.1416 -607.6091 0.7131209
590.16    -478.0176 -607.6086 0.7132621
590.17    -477.8936 -607.6081 0.7133957
590.18    -477.7695 -607.6076 0.7135219
590.19    -477.6454 -607.6071 0.7136413
590.2    -477.5214 -607.6067 0.7137524
590.21    -477.3972 -607.6062 0.7138555
590.22    -477.2731 -607.6058 0.7139512
590.23    -477.1489 -607.6054 0.7140399
590.24    -477.0247 -607.605 0.7141221
590.25    -476.9006 -607.6046 0.7141966
590.26    -476.7764 -607.6042 0.714264
590.27    -476.6521 -607.6039 0.7143247
590.28    -476.5279 -607.6036 0.714379
590.29    -476.4036 -607.6033 0.7144272
590.3    -476.2793 -607.603 0.7144688
590.31    -476.1549 -607.6028 0.7145042
590.32    -476.0306 -607.6025 0.7145338
590.33    -475.9062 -607.6023 0.7145578
590.34    -475.7818 -607.6021 0.7145767
590.35    -475.6573 -607.6019 0.7145897
590.36    -475.5329 -607.6016 0.7145972
590.37    -475.4084 -607.6015 0.7145997
590.38    -475.2839 -607.6013 0.7145972
590.39    -475.1594 -607.6011 0.7145901
590.4    -475.0348 -607.6011 0.7145779
590.41    -474.9102 -607.601 0.7145606
590.42    -474.7856 -607.6009 0.7145385
590.43    -474.661 -607.6008 0.7145121
590.44    -474.5363 -607.6008 0.7144815
590.45    -474.4117 -607.6007 0.7144459
590.46    -474.287 -607.6006 0.7144057
590.47    -474.1623 -607.6006 0.7143611
590.48    -474.0375 -607.6006 0.7143123
590.49    -473.9127 -607.6006 0.7142596
590.5    -473.7879 -607.6007 0.7142025
590.51    -473.6631 -607.6007 0.714141
590.52    -473.5383 -607.6008 0.7140757
590.53    -473.4134 -607.6009 0.7140067
590.54    -473.2885 -607.601 0.7139341
590.55    -473.1635 -607.601 0.713858
590.56    -473.0386 -607.6012 0.7137783
590.57    -472.9136 -607.6013 0.7136948
590.58    -472.7886 -607.6014 0.713608
590.59    -472.6636 -607.6016 0.713518
590.6    -472.5386 -607.6017 0.7134246
590.61    -472.4135 -607.6019 0.713328
590.62    -472.2884 -607.6021 0.7132283
590.63    -472.1633 -607.6023 0.7131258
590.64    -472.0381 -607.6025 0.7130206
590.65    -471.913 -607.6027 0.7129126
590.66    -471.7878 -607.603 0.712802
590.67    -471.6626 -607.6032 0.712689
590.68    -471.5374 -607.6035 0.7125738
590.69    -471.4121 -607.6037 0.7124563
590.7    -471.2868 -607.604 0.7123369
590.71    -471.1615 -607.6043 0.7122156
590.72    -471.0362 -607.6046 0.7120926
590.73    -470.9108 -607.6049 0.7119679
590.74    -470.7854 -607.6052 0.7118416
590.75    -470.66 -607.6055 0.7117144
590.76    -470.5346 -607.6058 0.7115863
590.77    -470.4091 -607.6062 0.7114571
590.78    -470.2836 -607.6066 0.7113272
590.79    -470.1581 -607.607 0.7111964
590.8    -470.0326 -607.6074 0.7110649
590.81    -469.907 -607.6077 0.710934
590.82    -469.7814 -607.6081 0.7108035
590.83    -469.6558 -607.6085 0.7106736
590.84    -469.5302 -607.6088 0.710544
590.85    -469.4045 -607.6092 0.7104163
590.86    -469.2789 -607.6096 0.71029
590.87    -469.1532 -607.6099 0.7101653
590.88    -469.0274 -607.6103 0.7100419
590.89    -468.9016 -607.6107 0.7099199
590.9    -468.7759 -607.611 0.7098004
590.91    -468.6501 -607.6114 0.7096834
590.92    -468.5242 -607.6117 0.7095687
590.93    -468.3983 -607.6121 0.7094561
590.94    -468.2724 -607.6124 0.7093456
590.95    -468.1465 -607.6128 0.709238
590.96    -468.0205 -607.6132 0.7091332
590.97    -467.8946 -607.6135 0.709031
590.98    -467.7686 -607.6138 0.7089313
590.99    -467.6425 -607.6142 0.708834
591    -467.5165 -607.6146 0.7087395
591.01    -467.3904 -607.6149 0.7086477
591.02    -467.2643 -607.6152 0.7085585
591.03    -467.1382 -607.6156 0.7084717
591.04    -467.012 -607.6159 0.7083871
591.05    -466.8858 -607.6162 0.7083048
591.06    -466.7596 -607.6165 0.708225
591.07    -466.6334 -607.6168 0.7081477
591.08    -466.5072 -607.6171 0.7080727
591.09    -466.3809 -607.6173 0.7080001
591.1    -466.2546 -607.6176 0.7079298
591.11    -466.1283 -607.6179 0.707862
591.12    -466.002 -607.6181 0.7077965
591.13    -465.8756 -607.6183 0.707733
591.14    -465.7492 -607.6185 0.7076716
591.15    -465.6228 -607.6188 0.7076127
591.16    -465.4963 -607.619 0.7075562
591.17    -465.3699 -607.6192 0.7075019
591.18    -465.2434 -607.6194 0.7074497
591.19    -465.1169 -607.6196 0.7073995
591.2    -464.9903 -607.6197 0.7073519
591.21    -464.8638 -607.6199 0.7073068
591.22    -464.7372 -607.6201 0.7072639
591.23    -464.6107 -607.6201 0.7072234
591.24    -464.484 -607.6202 0.7071847
591.25    -464.3574 -607.6203 0.7071487
591.26    -464.2308 -607.6204 0.7071151
591.27    -464.1041 -607.6205 0.7070839
591.28    -463.9774 -607.6205 0.7070549
591.29    -463.8507 -607.6206 0.7070278
591.3    -463.724 -607.6207 0.7070034
591.31    -463.5973 -607.6207 0.7069814
591.32    -463.4705 -607.6207 0.7069619
591.33    -463.3438 -607.6207 0.7069445
591.34    -463.2169 -607.6207 0.7069291
591.35    -463.0901 -607.6207 0.7069165
591.36    -462.9633 -607.6206 0.7069063
591.37    -462.8365 -607.6205 0.7068983
591.38    -462.7096 -607.6205 0.7068926
591.39    -462.5827 -607.6204 0.706889
591.4    -462.4558 -607.6203 0.706888
591.41    -462.3289 -607.6202 0.7068893
591.42    -462.202 -607.62 0.706893
591.43    -462.075 -607.6199 0.7068987
591.44    -461.948 -607.6197 0.7069065
591.45    -461.8211 -607.6194 0.7069165
591.46    -461.6941 -607.6193 0.7069285
591.47    -461.5671 -607.619 0.7069425
591.48    -461.4401 -607.6188 0.7069583
591.49    -461.3131 -607.6185 0.7069758
591.5    -461.1862 -607.6182 0.7069951
591.51    -461.0592 -607.618 0.7070158
591.52    -460.9322 -607.6177 0.7070381
591.53    -460.8053 -607.6173 0.7070618
591.54    -460.6783 -607.617 0.7070867
591.55    -460.5514 -607.6166 0.7071128
591.56    -460.4245 -607.6162 0.7071402
591.57    -460.2976 -607.6158 0.7071688
591.58    -460.1707 -607.6155 0.7071983
591.59    -460.0438 -607.615 0.7072289
591.6    -459.9169 -607.6146 0.7072604
591.61    -459.7901 -607.6141 0.7072927
591.62    -459.6633 -607.6136 0.707326
591.63    -459.5364 -607.6131 0.70736
591.64    -459.4096 -607.6126 0.7073947
591.65    -459.2828 -607.6121 0.7074301
591.66    -459.1561 -607.6115 0.7074663
591.67    -459.0293 -607.6109 0.707503
591.68    -458.9025 -607.6104 0.7075404
591.69    -458.7758 -607.6097 0.7075782
591.7    -458.6491 -607.6091 0.7076167
591.71    -458.5224 -607.6085 0.7076557
591.72    -458.3957 -607.6078 0.7076951
591.73    -458.269 -607.6071 0.707735
591.74    -458.1423 -607.6064 0.7077753
591.75    -458.0157 -607.6057 0.7078159
591.76    -457.889 -607.6049 0.707857
591.77    -457.7624 -607.6042 0.7078982
591.78    -457.6358 -607.6035 0.7079398
591.79    -457.5092 -607.6026 0.7079817
591.8    -457.3826 -607.6018 0.7080234
591.81    -457.256 -607.601 0.7080652
591.82    -457.1295 -607.6001 0.7081068
591.83    -457.0029 -607.5992 0.7081484
591.84    -456.8764 -607.5984 0.7081898
591.85    -456.7499 -607.5975 0.708231
591.86    -456.6234 -607.5966 0.7082717
591.87    -456.4969 -607.5956 0.7083122
591.88    -456.3705 -607.5947 0.7083523
591.89    -456.244 -607.5937 0.708392
591.9    -456.1176 -607.5927 0.7084314
591.91    -455.9912 -607.5917 0.7084704
591.92    -455.8648 -607.5906 0.7085091
591.93    -455.7384 -607.5896 0.7085475
591.94    -455.612 -607.5885 0.7085856
591.95    -455.4857 -607.5875 0.7086232
591.96    -455.3593 -607.5863 0.7086604
591.97    -455.233 -607.5852 0.7086973
591.98    -455.1067 -607.5841 0.7087338
591.99    -454.9804 -607.5829 0.7087699
592    -454.8541 -607.5817 0.7088054
592.01    -454.7278 -607.5806 0.7088403
592.02    -454.6016 -607.5793 0.7088746
592.03    -454.4753 -607.5781 0.7089084
592.04    -454.3491 -607.5768 0.7089416
592.05    -454.2229 -607.5756 0.7089744
592.06    -454.0967 -607.5743 0.7090057
592.07    -453.9705 -607.573 0.7090358
592.08    -453.8443 -607.5717 0.7090644
592.09    -453.7182 -607.5703 0.709092
592.1    -453.592 -607.569 0.7091174
592.11    -453.4659 -607.5676 0.7091408
592.12    -453.3398 -607.5662 0.7091622
592.13    -453.2137 -607.5648 0.7091818
592.14    -453.0876 -607.5633 0.7091997
592.15    -452.9616 -607.5619 0.709215
592.16    -452.8356 -607.5604 0.7092279
592.17    -452.7095 -607.5589 0.7092384
592.18    -452.5835 -607.5574 0.7092466
592.19    -452.4576 -607.5559 0.7092529
592.2    -452.3316 -607.5543 0.7092563
592.21    -452.2056 -607.5528 0.709257
592.22    -452.0797 -607.5512 0.7092552
592.23    -451.9537 -607.5496 0.7092509
592.24    -451.8278 -607.548 0.7092445
592.25    -451.7019 -607.5464 0.7092355
592.26    -451.576 -607.5447 0.7092241
592.27    -451.4501 -607.543 0.7092105
592.28    -451.3242 -607.5414 0.7091947
592.29    -451.1984 -607.5396 0.7091768
592.3    -451.0726 -607.5379 0.709157
592.31    -450.9467 -607.5361 0.7091351
592.32    -450.821 -607.5344 0.7091115
592.33    -450.6952 -607.5326 0.7090862
592.34    -450.5694 -607.5308 0.7090592
592.35    -450.4436 -607.5289 0.7090308
592.36    -450.3179 -607.5271 0.7090008
592.37    -450.1922 -607.5252 0.7089696
592.38    -450.0664 -607.5233 0.7089369
592.39    -449.9407 -607.5214 0.7089032
592.4    -449.8151 -607.5195 0.7088682
592.41    -449.6894 -607.5175 0.7088322
592.42    -449.5638 -607.5155 0.7087951
592.43    -449.4381 -607.5135 0.708757
592.44    -449.3125 -607.5115 0.7087181
592.45    -449.1869 -607.5095 0.7086783
592.46    -449.0613 -607.5074 0.7086377
592.47    -448.9357 -607.5053 0.7085963
592.48    -448.8102 -607.5032 0.7085541
592.49    -448.6846 -607.501 0.7085113
592.5    -448.5591 -607.4989 0.708468
592.51    -448.4336 -607.4968 0.7084243
592.52    -448.3081 -607.4945 0.70838
592.53    -448.1826 -607.4923 0.7083353
592.54    -448.0571 -607.4901 0.7082903
592.55    -447.9316 -607.4878 0.7082448
592.56    -447.8062 -607.4855 0.7081994
592.57    -447.6808 -607.4832 0.7081542
592.58    -447.5553 -607.4809 0.7081091
592.59    -447.4299 -607.4785 0.7080641
592.6    -447.3045 -607.4762 0.7080191
592.61    -447.1792 -607.4738 0.7079746
592.62    -447.0538 -607.4714 0.7079306
592.63    -446.9285 -607.469 0.7078869
592.64    -446.8032 -607.4666 0.7078437
592.65    -446.6778 -607.4642 0.7078007
592.66    -446.5526 -607.4617 0.7077584
592.67    -446.4273 -607.4592 0.7077163
592.68    -446.302 -607.4568 0.7076749
592.69    -446.1768 -607.4542 0.7076337
592.7    -446.0515 -607.4517 0.707593
592.71    -445.9263 -607.4492 0.7075527
592.72    -445.8011 -607.4466 0.7075127
592.73    -445.6759 -607.444 0.707473
592.74    -445.5508 -607.4415 0.7074336
592.75    -445.4256 -607.4388 0.7073945
592.76    -445.3005 -607.4362 0.7073556
592.77    -445.1754 -607.4336 0.7073168
592.78    -445.0502 -607.4309 0.7072784
592.79    -444.9251 -607.4283 0.7072401
592.8    -444.8 -607.4256 0.707202
592.81    -444.675 -607.4229 0.707164
592.82    -444.5499 -607.4202 0.7071261
592.83    -444.4249 -607.4175 0.7070884
592.84    -444.2998 -607.4147 0.7070507
592.85    -444.1748 -607.412 0.707013
592.86    -444.0499 -607.4092 0.7069752
592.87    -443.9249 -607.4064 0.7069374
592.88    -443.7999 -607.4036 0.7068995
592.89    -443.675 -607.4008 0.7068614
592.9    -443.55 -607.398 0.7068232
592.91    -443.4251 -607.3951 0.7067847
592.92    -443.3002 -607.3923 0.7067459
592.93    -443.1754 -607.3895 0.7067068
592.94    -443.0505 -607.3866 0.7066675
592.95    -442.9257 -607.3837 0.7066279
592.96    -442.8008 -607.3808 0.7065881
592.97    -442.676 -607.3779 0.7065481
592.98    -442.5512 -607.375 0.7065078
592.99    -442.4264 -607.3721 0.7064673
593    -442.3016 -607.3691 0.7064266
593.01    -442.1768 -607.3662 0.7063858
593.02    -442.0521 -607.3633 0.7063448
593.03    -441.9273 -607.3604 0.7063036
593.04    -441.8026 -607.3574 0.7062623
593.05    -441.6779 -607.3544 0.7062208
593.06    -441.5532 -607.3514 0.7061792
593.07    -441.4286 -607.3484 0.7061375
593.08    -441.3039 -607.3455 0.7060956
593.09    -441.1792 -607.3425 0.7060536
593.1    -441.0546 -607.3395 0.7060114
593.11    -440.93 -607.3365 0.7059688
593.12    -440.8054 -607.3335 0.7059259
593.13    -440.6808 -607.3305 0.7058828
593.14    -440.5562 -607.3275 0.7058394
593.15    -440.4317 -607.3244 0.7057952
593.16    -440.3072 -607.3214 0.7057505
593.17    -440.1826 -607.3183 0.7057051
593.18    -440.0581 -607.3152 0.7056591
593.19    -439.9336 -607.3122 0.7056125
593.2    -439.8091 -607.3091 0.7055648
593.21    -439.6847 -607.3061 0.705516
593.22    -439.5602 -607.303 0.7054662
593.23    -439.4358 -607.3 0.7054154
593.24    -439.3113 -607.2969 0.7053638
593.25    -439.1869 -607.2939 0.7053108
593.26    -439.0625 -607.2908 0.7052566
593.27    -438.9381 -607.2878 0.7052013
593.28    -438.8138 -607.2847 0.7051449
593.29    -438.6894 -607.2816 0.7050874
593.3    -438.5651 -607.2785 0.7050288
593.31    -438.4408 -607.2754 0.7049695
593.32    -438.3165 -607.2723 0.7049092
593.33    -438.1922 -607.2692 0.7048481
593.34    -438.0679 -607.2661 0.7047861
593.35    -437.9436 -607.2629 0.7047236
593.36    -437.8194 -607.2599 0.7046607
593.37    -437.6952 -607.2568 0.7045974
593.38    -437.5709 -607.2538 0.7045337
