195.91    -650.678 -614.6574 0.7100434
195.92    -650.545 -614.6526 0.7100607
195.93    -650.4119 -614.6478 0.7100757
195.94    -650.2787 -614.6431 0.7100884
195.95    -650.1456 -614.6383 0.710099
195.96    -650.0125 -614.6335 0.7101071
195.97    -649.8793 -614.6287 0.7101127
195.98    -649.7462 -614.6238 0.710116
195.99    -649.6129 -614.619 0.710117
196    -649.4797 -614.6142 0.7101161
196.01    -649.3464 -614.6094 0.7101131
196.02    -649.2131 -614.6046 0.7101082
196.03    -649.0798 -614.5997 0.710101
196.04    -648.9465 -614.5949 0.7100915
196.05    -648.8132 -614.5901 0.7100799
196.06    -648.6798 -614.5853 0.7100662
196.07    -648.5464 -614.5804 0.7100503
196.08    -648.4131 -614.5756 0.7100325
196.09    -648.2797 -614.5708 0.7100127
196.1    -648.1462 -614.566 0.7099911
196.11    -648.0128 -614.5612 0.7099678
196.12    -647.8794 -614.5563 0.7099429
196.13    -647.7459 -614.5514 0.7099165
196.14    -647.6124 -614.5465 0.7098887
196.15    -647.4789 -614.5416 0.7098595
196.16    -647.3453 -614.5367 0.7098289
196.17    -647.2117 -614.5319 0.7097971
196.18    -647.0782 -614.527 0.7097648
196.19    -646.9446 -614.5221 0.7097318
196.2    -646.811 -614.5172 0.7096982
196.21    -646.6774 -614.5123 0.7096648
196.22    -646.5437 -614.5074 0.7096315
196.23    -646.41 -614.5026 0.7095982
196.24    -646.2764 -614.4977 0.7095651
196.25    -646.1426 -614.4928 0.7095321
196.26    -646.0089 -614.488 0.7094991
196.27    -645.8752 -614.4831 0.7094674
196.28    -645.7414 -614.4782 0.7094365
196.29    -645.6076 -614.4733 0.7094067
196.3    -645.4738 -614.4684 0.7093778
196.31    -645.34 -614.4636 0.7093504
196.32    -645.2062 -614.4587 0.7093245
196.33    -645.0723 -614.4538 0.7093
196.34    -644.9384 -614.4489 0.7092769
196.35    -644.8045 -614.444 0.7092549
196.36    -644.6706 -614.4391 0.7092348
196.37    -644.5367 -614.4343 0.7092165
196.38    -644.4027 -614.4294 0.7091998
196.39    -644.2687 -614.4245 0.7091847
196.4    -644.1347 -614.4196 0.7091711
196.41    -644.0007 -614.4148 0.7091595
196.42    -643.8667 -614.4099 0.7091499
196.43    -643.7327 -614.405 0.7091421
196.44    -643.5986 -614.4001 0.7091361
196.45    -643.4645 -614.3953 0.7091318
196.46    -643.3304 -614.3904 0.7091296
196.47    -643.1963 -614.3855 0.7091295
196.48    -643.0621 -614.3806 0.7091314
196.49    -642.928 -614.3757 0.7091351
196.5    -642.7938 -614.3708 0.7091406
196.51    -642.6596 -614.366 0.709148
196.52    -642.5254 -614.3611 0.7091572
196.53    -642.3912 -614.3563 0.7091681
196.54    -642.2569 -614.3514 0.7091805
196.55    -642.1226 -614.3465 0.7091945
196.56    -641.9883 -614.3417 0.70921
196.57    -641.8541 -614.3369 0.7092268
196.58    -641.7197 -614.332 0.7092448
196.59    -641.5854 -614.3272 0.7092642
196.6    -641.451 -614.3224 0.7092846
196.61    -641.3166 -614.3176 0.7093062
196.62    -641.1822 -614.3127 0.7093288
196.63    -641.0478 -614.3079 0.7093523
196.64    -640.9133 -614.3032 0.7093768
196.65    -640.7789 -614.2983 0.7094021
196.66    -640.6444 -614.2935 0.7094283
196.67    -640.5099 -614.2887 0.7094553
196.68    -640.3754 -614.2839 0.709483
196.69    -640.2408 -614.2791 0.7095113
196.7    -640.1063 -614.2742 0.7095404
196.71    -639.9717 -614.2694 0.7095701
196.72    -639.8371 -614.2646 0.7096003
196.73    -639.7025 -614.2598 0.709631
196.74    -639.5679 -614.255 0.7096622
196.75    -639.4332 -614.2503 0.7096939
196.76    -639.2986 -614.2455 0.7097256
196.77    -639.1639 -614.2408 0.7097572
196.78    -639.0292 -614.236 0.7097888
196.79    -638.8945 -614.2313 0.7098204
196.8    -638.7597 -614.2265 0.709852
196.81    -638.6249 -614.2217 0.709882
196.82    -638.4902 -614.217 0.7099106
196.83    -638.3554 -614.2123 0.7099378
196.84    -638.2206 -614.2076 0.7099637
196.85    -638.0858 -614.2029 0.7099885
196.86    -637.9509 -614.1982 0.710012
196.87    -637.816 -614.1935 0.7100323
196.88    -637.6812 -614.1888 0.7100496
196.89    -637.5463 -614.1841 0.7100641
196.9    -637.4113 -614.1794 0.7100757
196.91    -637.2764 -614.1748 0.7100837
196.92    -637.1415 -614.1702 0.7100881
196.93    -637.0065 -614.1655 0.710089
196.94    -636.8715 -614.1609 0.7100869
196.95    -636.7365 -614.1563 0.7100818
196.96    -636.6015 -614.1517 0.7100733
196.97    -636.4665 -614.147 0.7100616
196.98    -636.3314 -614.1425 0.7100469
196.99    -636.1964 -614.1379 0.7100293
197    -636.0612 -614.1334 0.710009
197.01    -635.9261 -614.1288 0.7099862
197.02    -635.791 -614.1242 0.7099609
197.03    -635.6558 -614.1197 0.7099339
197.04    -635.5206 -614.1151 0.7099049
197.05    -635.3854 -614.1106 0.7098744
197.06    -635.2502 -614.1061 0.7098429
197.07    -635.1151 -614.1016 0.7098105
197.08    -634.9798 -614.0971 0.7097773
197.09    -634.8445 -614.0926 0.7097432
197.1    -634.7093 -614.0881 0.7097083
197.11    -634.574 -614.0836 0.7096727
197.12    -634.4387 -614.0792 0.709638
197.13    -634.3033 -614.0747 0.7096038
197.14    -634.168 -614.0703 0.7095703
197.15    -634.0327 -614.0658 0.7095374
197.16    -633.8973 -614.0614 0.709506
197.17    -633.7619 -614.0569 0.7094762
197.18    -633.6265 -614.0525 0.7094477
197.19    -633.4911 -614.048 0.7094205
197.2    -633.3557 -614.0436 0.7093945
197.21    -633.2202 -614.0392 0.7093698
197.22    -633.0848 -614.0348 0.7093471
197.23    -632.9493 -614.0305 0.7093267
197.24    -632.8138 -614.0261 0.709308
197.25    -632.6783 -614.0217 0.7092912
197.26    -632.5428 -614.0173 0.7092764
197.27    -632.4072 -614.0129 0.7092633
197.28    -632.2717 -614.0085 0.7092521
197.29    -632.1361 -614.0041 0.7092424
197.3    -632.0005 -613.9997 0.7092344
197.31    -631.8649 -613.9953 0.7092275
197.32    -631.7292 -613.991 0.7092218
197.33    -631.5936 -613.9866 0.7092174
197.34    -631.4579 -613.9824 0.709214
197.35    -631.3223 -613.978 0.7092116
197.36    -631.1866 -613.9737 0.7092094
197.37    -631.0509 -613.9694 0.7092074
197.38    -630.9152 -613.965 0.7092056
197.39    -630.7794 -613.9607 0.7092039
197.4    -630.6437 -613.9564 0.7092023
197.41    -630.5079 -613.952 0.7091998
197.42    -630.3722 -613.9477 0.7091963
197.43    -630.2364 -613.9434 0.7091919
197.44    -630.1006 -613.939 0.7091867
197.45    -629.9647 -613.9347 0.7091807
197.46    -629.8289 -613.9303 0.7091724
197.47    -629.6931 -613.926 0.7091619
197.48    -629.5572 -613.9216 0.7091495
197.49    -629.4213 -613.9173 0.7091353
197.5    -629.2854 -613.913 0.7091193
197.51    -629.1495 -613.9086 0.7091002
197.52    -629.0135 -613.9043 0.7090784
197.53    -628.8776 -613.9 0.709054
197.54    -628.7416 -613.8956 0.7090271
197.55    -628.6057 -613.8913 0.7089977
197.56    -628.4697 -613.887 0.708966
197.57    -628.3337 -613.8826 0.7089313
197.58    -628.1976 -613.8782 0.7088935
197.59    -628.0616 -613.8739 0.7088529
197.6    -627.9255 -613.8696 0.7088097
197.61    -627.7894 -613.8652 0.7087638
197.62    -627.6533 -613.8609 0.7087154
197.63    -627.5172 -613.8566 0.7086646
197.64    -627.3811 -613.8521 0.7086114
197.65    -627.2449 -613.8477 0.7085561
197.66    -627.1088 -613.8433 0.7084985
197.67    -626.9726 -613.8389 0.7084392
197.68    -626.8364 -613.8345 0.7083781
197.69    -626.7003 -613.8301 0.7083153
197.7    -626.564 -613.8257 0.7082508
197.71    -626.4278 -613.8213 0.7081854
197.72    -626.2916 -613.8169 0.7081192
197.73    -626.1553 -613.8125 0.7080519
197.74    -626.019 -613.808 0.707984
197.75    -625.8828 -613.8035 0.7079152
197.76    -625.7465 -613.7991 0.7078469
197.77    -625.6102 -613.7946 0.707779
197.78    -625.4738 -613.7902 0.7077116
197.79    -625.3375 -613.7856 0.7076445
197.8    -625.2011 -613.7812 0.7075777
197.81    -625.0648 -613.7767 0.7075129
197.82    -624.9284 -613.7722 0.7074496
197.83    -624.792 -613.7676 0.707388
197.84    -624.6556 -613.7631 0.7073279
197.85    -624.5191 -613.7586 0.7072693
197.86    -624.3827 -613.7541 0.7072133
197.87    -624.2462 -613.7495 0.7071598
197.88    -624.1097 -613.745 0.7071086
197.89    -623.9733 -613.7404 0.7070597
197.9    -623.8367 -613.7358 0.7070129
197.91    -623.7002 -613.7312 0.706969
197.92    -623.5637 -613.7266 0.706928
197.93    -623.4271 -613.722 0.7068895
197.94    -623.2905 -613.7175 0.7068534
197.95    -623.1539 -613.7128 0.7068197
197.96    -623.0173 -613.7081 0.7067888
197.97    -622.8807 -613.7035 0.7067607
197.98    -622.7441 -613.6989 0.7067351
197.99    -622.6075 -613.6942 0.7067119
198    -622.4708 -613.6895 0.7066911
198.01    -622.3342 -613.6848 0.7066727
198.02    -622.1975 -613.6801 0.7066565
198.03    -622.0608 -613.6754 0.7066426
198.04    -621.9241 -613.6707 0.7066306
198.05    -621.7874 -613.666 0.7066208
198.06    -621.6506 -613.6613 0.7066125
198.07    -621.5139 -613.6565 0.7066059
198.08    -621.3771 -613.6517 0.7066008
198.09    -621.2403 -613.647 0.7065971
198.1    -621.1035 -613.6422 0.7065948
198.11    -620.9666 -613.6374 0.7065939
198.12    -620.8298 -613.6326 0.7065933
198.13    -620.6929 -613.6278 0.7065931
198.14    -620.5561 -613.623 0.7065933
198.15    -620.4192 -613.6181 0.7065939
198.16    -620.2823 -613.6133 0.7065947
198.17    -620.1454 -613.6085 0.7065951
198.18    -620.0085 -613.6036 0.7065951
198.19    -619.8715 -613.5988 0.7065946
198.2    -619.7346 -613.5939 0.7065938
198.21    -619.5976 -613.589 0.7065925
198.22    -619.4606 -613.584 0.7065898
198.23    -619.3236 -613.5792 0.7065857
198.24    -619.1866 -613.5743 0.7065803
198.25    -619.0496 -613.5694 0.7065737
198.26    -618.9125 -613.5645 0.706566
198.27    -618.7755 -613.5596 0.7065563
198.28    -618.6384 -613.5546 0.7065449
198.29    -618.5013 -613.5497 0.7065318
198.3    -618.3642 -613.5447 0.7065172
198.31    -618.2271 -613.5397 0.7065008
198.32    -618.09 -613.5348 0.7064829
198.33    -617.9528 -613.5298 0.7064635
198.34    -617.8157 -613.5248 0.7064427
198.35    -617.6785 -613.5198 0.7064205
198.36    -617.5413 -613.5148 0.7063972
198.37    -617.4041 -613.5098 0.7063728
198.38    -617.2669 -613.5048 0.7063473
198.39    -617.1297 -613.4998 0.7063209
198.4    -616.9924 -613.4948 0.7062935
198.41    -616.8552 -613.4898 0.7062657
198.42    -616.7179 -613.4848 0.7062374
198.43    -616.5806 -613.4797 0.7062087
198.44    -616.4433 -613.4746 0.7061797
198.45    -616.306 -613.4695 0.7061502
198.46    -616.1686 -613.4645 0.7061212
198.47    -616.0313 -613.4594 0.7060927
198.48    -615.8939 -613.4543 0.7060646
198.49    -615.7565 -613.4493 0.7060368
198.5    -615.6191 -613.4442 0.7060094
198.51    -615.4818 -613.4391 0.7059835
198.52    -615.3444 -613.434 0.7059589
198.53    -615.2069 -613.4289 0.7059356
198.54    -615.0695 -613.4238 0.7059135
198.55    -614.932 -613.4186 0.7058926
198.56    -614.7946 -613.4135 0.7058738
198.57    -614.657 -613.4084 0.7058571
198.58    -614.5195 -613.4033 0.7058423
198.59    -614.382 -613.3981 0.7058294
198.6    -614.2444 -613.393 0.7058182
198.61    -614.1069 -613.3879 0.7058087
198.62    -613.9693 -613.3828 0.705802
198.63    -613.8317 -613.3776 0.705798
198.64    -613.6942 -613.3724 0.7057964
198.65    -613.5565 -613.3671 0.7057973
198.66    -613.4189 -613.3619 0.7058004
198.67    -613.2813 -613.3568 0.7058061
198.68    -613.1436 -613.3516 0.7058143
198.69    -613.0059 -613.3464 0.7058248
198.7    -612.8682 -613.3412 0.7058375
198.71    -612.7305 -613.336 0.7058526
198.72    -612.5928 -613.3308 0.7058696
198.73    -612.4551 -613.3256 0.7058886
198.74    -612.3173 -613.3204 0.7059094
198.75    -612.1796 -613.3152 0.7059321
198.76    -612.0418 -613.3101 0.7059564
198.77    -611.9041 -613.3049 0.7059823
198.78    -611.7662 -613.2996 0.7060096
198.79    -611.6284 -613.2944 0.7060384
198.8    -611.4906 -613.2891 0.7060685
198.81    -611.3528 -613.2839 0.7060997
198.82    -611.2149 -613.2786 0.7061322
198.83    -611.077 -613.2734 0.7061657
198.84    -610.9391 -613.2681 0.7062003
198.85    -610.8012 -613.2629 0.7062358
198.86    -610.6633 -613.2576 0.7062722
198.87    -610.5254 -613.2524 0.7063091
198.88    -610.3875 -613.2471 0.7063468
198.89    -610.2495 -613.2419 0.7063851
198.9    -610.1115 -613.2366 0.7064241
198.91    -609.9734 -613.2314 0.7064632
198.92    -609.8354 -613.2261 0.7065024
198.93    -609.6974 -613.2209 0.7065418
198.94    -609.5594 -613.2156 0.7065814
198.95    -609.4213 -613.2103 0.7066211
198.96    -609.2833 -613.205 0.7066601
198.97    -609.1452 -613.1996 0.7066987
198.98    -609.0071 -613.1943 0.7067369
198.99    -608.869 -613.189 0.7067746
199    -608.7308 -613.1837 0.7068118
199.01    -608.5927 -613.1784 0.7068478
199.02    -608.4546 -613.1731 0.7068828
199.03    -608.3164 -613.1678 0.7069166
199.04    -608.1782 -613.1625 0.7069494
199.05    -608.04 -613.1572 0.7069813
199.06    -607.9018 -613.1519 0.7070122
199.07    -607.7635 -613.1465 0.7070413
199.08    -607.6253 -613.1412 0.7070686
199.09    -607.4871 -613.1359 0.7070941
199.1    -607.3488 -613.1306 0.7071182
199.11    -607.2104 -613.1252 0.7071406
199.12    -607.0721 -613.1199 0.7071609
199.13    -606.9338 -613.1145 0.707179
199.14    -606.7955 -613.1091 0.707195
199.15    -606.6572 -613.1038 0.7072093
199.16    -606.5188 -613.0983 0.7072209
199.17    -606.3804 -613.093 0.70723
199.18    -606.2421 -613.0876 0.7072368
199.19    -606.1036 -613.0822 0.7072412
199.2    -605.9652 -613.0768 0.7072436
199.21    -605.8268 -613.0715 0.707244
199.22    -605.6884 -613.0661 0.707242
199.23    -605.5499 -613.0607 0.7072378
199.24    -605.4114 -613.0553 0.7072314
199.25    -605.2729 -613.0499 0.707223
199.26    -605.1343 -613.0444 0.7072126
199.27    -604.9958 -613.039 0.7072004
199.28    -604.8573 -613.0335 0.7071866
199.29    -604.7188 -613.0281 0.707171
199.3    -604.5802 -613.0226 0.7071539
199.31    -604.4417 -613.0172 0.7071357
199.32    -604.303 -613.0118 0.7071164
199.33    -604.1644 -613.0063 0.7070962
199.34    -604.0258 -613.0009 0.7070749
199.35    -603.8871 -612.9954 0.7070527
199.36    -603.7485 -612.9899 0.7070301
199.37    -603.6099 -612.9844 0.7070072
199.38    -603.4712 -612.9789 0.7069839
199.39    -603.3325 -612.9734 0.7069603
199.4    -603.1938 -612.9679 0.7069365
199.41    -603.0551 -612.9624 0.7069131
199.42    -602.9163 -612.9569 0.70689
199.43    -602.7776 -612.9514 0.7068673
199.44    -602.6388 -612.9459 0.706845
199.45    -602.5 -612.9404 0.706823
199.46    -602.3612 -612.9348 0.7068021
199.47    -602.2224 -612.9293 0.7067823
199.48    -602.0836 -612.9237 0.7067634
199.49    -601.9448 -612.9182 0.7067454
199.5    -601.8059 -612.9126 0.7067283
199.51    -601.6671 -612.907 0.7067126
199.52    -601.5282 -612.9015 0.7066982
199.53    -601.3893 -612.8959 0.706685
199.54    -601.2504 -612.8903 0.706673
199.55    -601.1115 -612.8847 0.7066622
199.56    -600.9725 -612.8791 0.7066528
199.57    -600.8336 -612.8735 0.7066448
199.58    -600.6947 -612.8679 0.7066383
199.59    -600.5557 -612.8622 0.706633
199.6    -600.4167 -612.8566 0.7066289
199.61    -600.2778 -612.851 0.7066263
199.62    -600.1387 -612.8453 0.7066252
199.63    -599.9997 -612.8397 0.7066255
199.64    -599.8607 -612.834 0.7066271
199.65    -599.7216 -612.8284 0.7066299
199.66    -599.5825 -612.8227 0.7066339
199.67    -599.4434 -612.817 0.7066396
199.68    -599.3043 -612.8113 0.7066469
199.69    -599.1652 -612.8057 0.7066557
199.7    -599.026 -612.7999 0.706666
199.71    -598.8868 -612.7943 0.7066777
199.72    -598.7477 -612.7886 0.7066908
199.73    -598.6085 -612.7828 0.7067053
199.74    -598.4693 -612.7771 0.7067209
199.75    -598.3301 -612.7714 0.7067379
199.76    -598.1909 -612.7656 0.7067559
199.77    -598.0516 -612.7599 0.706775
199.78    -597.9124 -612.7541 0.706795
199.79    -597.7731 -612.7484 0.706816
199.8    -597.6339 -612.7426 0.7068378
199.81    -597.4946 -612.7369 0.7068606
199.82    -597.3553 -612.7311 0.7068841
199.83    -597.2159 -612.7253 0.7069085
199.84    -597.0766 -612.7195 0.7069336
199.85    -596.9373 -612.7137 0.7069592
199.86    -596.7979 -612.7079 0.7069856
199.87    -596.6586 -612.7021 0.7070125
199.88    -596.5192 -612.6962 0.7070401
199.89    -596.3798 -612.6904 0.7070682
199.9    -596.2404 -612.6846 0.7070968
199.91    -596.1009 -612.6788 0.7071259
199.92    -595.9615 -612.673 0.7071555
199.93    -595.822 -612.6671 0.7071856
199.94    -595.6826 -612.6613 0.707216
199.95    -595.543 -612.6554 0.7072468
199.96    -595.4036 -612.6495 0.7072781
199.97    -595.264 -612.6437 0.7073097
199.98    -595.1245 -612.6378 0.7073417
199.99    -594.985 -612.632 0.7073739
200    -594.8454 -612.6261 0.7074065
200.01    -594.7059 -612.6202 0.7074393
200.02    -594.5663 -612.6143 0.7074726
200.03    -594.4267 -612.6084 0.7075059
200.04    -594.2871 -612.6025 0.7075396
200.05    -594.1475 -612.5966 0.7075734
200.06    -594.0078 -612.5906 0.7076076
200.07    -593.8682 -612.5847 0.7076419
200.08    -593.7285 -612.5788 0.7076764
200.09    -593.5888 -612.5729 0.7077111
200.1    -593.4491 -612.567 0.707746
200.11    -593.3094 -612.561 0.707781
200.12    -593.1697 -612.5551 0.7078158
200.13    -593.03 -612.5492 0.7078507
200.14    -592.8902 -612.5433 0.7078856
200.15    -592.7504 -612.5374 0.7079206
200.16    -592.6107 -612.5314 0.7079555
200.17    -592.4709 -612.5255 0.7079899
200.18    -592.3311 -612.5196 0.7080238
200.19    -592.1912 -612.5137 0.7080575
200.2    -592.0514 -612.5078 0.7080907
200.21    -591.9115 -612.5018 0.7081236
200.22    -591.7717 -612.4959 0.7081555
200.23    -591.6318 -612.49 0.7081864
200.24    -591.4919 -612.4841 0.7082165
200.25    -591.352 -612.4782 0.7082456
200.26    -591.212 -612.4723 0.708274
200.27    -591.0721 -612.4664 0.7083005
200.28    -590.9321 -612.4604 0.7083254
200.29    -590.7922 -612.4545 0.7083486
200.3    -590.6522 -612.4486 0.7083702
200.31    -590.5122 -612.4427 0.7083894
200.32    -590.3722 -612.4368 0.7084062
200.33    -590.2322 -612.4309 0.7084208
200.34    -590.0922 -612.425 0.7084333
200.35    -589.9521 -612.4191 0.7084438
200.36    -589.812 -612.4133 0.7084516
200.37    -589.6719 -612.4074 0.7084571
200.38    -589.5319 -612.4016 0.7084601
200.39    -589.3917 -612.3958 0.7084609
200.4    -589.2516 -612.3899 0.7084597
200.41    -589.1115 -612.384 0.7084563
200.42    -588.9713 -612.3782 0.708451
200.43    -588.8311 -612.3724 0.7084439
200.44    -588.6909 -612.3665 0.708435
200.45    -588.5507 -612.3607 0.7084244
200.46    -588.4105 -612.3549 0.7084123
200.47    -588.2703 -612.3491 0.7083986
200.48    -588.1301 -612.3433 0.7083837
200.49    -587.9898 -612.3375 0.7083673
200.5    -587.8495 -612.3317 0.7083498
200.51    -587.7092 -612.3259 0.708331
200.52    -587.5689 -612.3202 0.7083113
200.53    -587.4286 -612.3145 0.7082904
200.54    -587.2883 -612.3087 0.7082685
200.55    -587.1479 -612.303 0.7082457
200.56    -587.0076 -612.2973 0.708222
200.57    -586.8672 -612.2916 0.7081975
200.58    -586.7268 -612.2858 0.7081721
200.59    -586.5864 -612.2801 0.7081461
200.6    -586.446 -612.2745 0.7081193
200.61    -586.3055 -612.2688 0.7080919
200.62    -586.1651 -612.2631 0.7080637
200.63    -586.0247 -612.2575 0.7080352
200.64    -585.8842 -612.2518 0.7080062
200.65    -585.7437 -612.2462 0.7079768
200.66    -585.6031 -612.2406 0.707947
200.67    -585.4626 -612.235 0.707917
200.68    -585.3221 -612.2294 0.7078868
200.69    -585.1816 -612.2238 0.7078565
200.7    -585.041 -612.2183 0.707826
200.71    -584.9005 -612.2127 0.7077957
200.72    -584.7599 -612.2072 0.7077655
200.73    -584.6193 -612.2016 0.7077355
200.74    -584.4786 -612.1961 0.7077057
200.75    -584.338 -612.1906 0.7076761
200.76    -584.1974 -612.1851 0.7076469
200.77    -584.0568 -612.1797 0.7076182
200.78    -583.9161 -612.1742 0.70759
200.79    -583.7754 -612.1687 0.7075623
200.8    -583.6347 -612.1633 0.7075351
200.81    -583.494 -612.1579 0.7075087
200.82    -583.3533 -612.1525 0.7074831
200.83    -583.2125 -612.147 0.7074583
200.84    -583.0718 -612.1417 0.7074341
200.85    -582.931 -612.1363 0.7074107
200.86    -582.7903 -612.1309 0.7073884
200.87    -582.6495 -612.1255 0.7073671
200.88    -582.5087 -612.1202 0.7073466
200.89    -582.3679 -612.1149 0.7073271
200.9    -582.227 -612.1096 0.7073085
200.91    -582.0862 -612.1043 0.7072908
200.92    -581.9453 -612.0991 0.7072741
200.93    -581.8044 -612.0938 0.7072583
200.94    -581.6636 -612.0885 0.7072434
200.95    -581.5226 -612.0833 0.7072293
200.96    -581.3818 -612.0781 0.7072159
200.97    -581.2408 -612.0728 0.7072033
200.98    -581.0999 -612.0676 0.7071915
200.99    -580.959 -612.0624 0.7071803
201    -580.818 -612.0573 0.7071697
201.01    -580.6771 -612.0521 0.7071595
201.02    -580.5361 -612.0469 0.7071497
201.03    -580.3951 -612.0417 0.7071403
201.04    -580.2541 -612.0367 0.7071313
201.05    -580.1131 -612.0316 0.7071226
201.06    -579.9721 -612.0264 0.7071136
201.07    -579.8311 -612.0213 0.7071044
201.08    -579.69 -612.0163 0.7070949
201.09    -579.549 -612.0112 0.7070853
201.1    -579.4079 -612.0062 0.7070754
201.11    -579.2668 -612.0011 0.7070646
201.12    -579.1258 -611.996 0.7070531
201.13    -578.9847 -611.9911 0.7070407
201.14    -578.8436 -611.9861 0.7070275
201.15    -578.7025 -611.9811 0.7070136
201.16    -578.5613 -611.9761 0.7069987
201.17    -578.4202 -611.9711 0.7069827
201.18    -578.2791 -611.9662 0.7069657
201.19    -578.1379 -611.9613 0.7069477
201.2    -577.9968 -611.9564 0.7069288
201.21    -577.8557 -611.9514 0.7069091
201.22    -577.7145 -611.9465 0.7068885
201.23    -577.5733 -611.9417 0.7068671
201.24    -577.4321 -611.9368 0.706845
201.25    -577.291 -611.9319 0.7068222
201.26    -577.1498 -611.9271 0.7067986
201.27    -577.0086 -611.9222 0.7067745
201.28    -576.8674 -611.9174 0.7067497
201.29    -576.7262 -611.9127 0.7067243
201.3    -576.585 -611.9078 0.7066984
201.31    -576.4438 -611.903 0.7066717
201.32    -576.3026 -611.8983 0.7066444
201.33    -576.1613 -611.8935 0.7066165
201.34    -576.0201 -611.8888 0.7065879
201.35    -575.8788 -611.884 0.7065588
201.36    -575.7376 -611.8793 0.7065289
201.37    -575.5964 -611.8746 0.7064983
201.38    -575.4551 -611.8699 0.7064669
201.39    -575.3139 -611.8652 0.7064347
201.4    -575.1726 -611.8605 0.7064019
201.41    -575.0314 -611.8558 0.7063684
201.42    -574.8901 -611.8512 0.7063341
201.43    -574.7488 -611.8466 0.706299
201.44    -574.6075 -611.8419 0.7062632
201.45    -574.4662 -611.8373 0.7062268
201.46    -574.325 -611.8327 0.7061898
201.47    -574.1837 -611.8281 0.7061522
201.48    -574.0424 -611.8235 0.7061139
201.49    -573.9011 -611.819 0.7060752
201.5    -573.7598 -611.8144 0.706036
201.51    -573.6185 -611.8099 0.7059962
201.52    -573.4772 -611.8053 0.705956
201.53    -573.3359 -611.8008 0.7059153
201.54    -573.1945 -611.7963 0.7058743
201.55    -573.0532 -611.7917 0.7058328
201.56    -572.9119 -611.7872 0.7057909
201.57    -572.7705 -611.7828 0.7057486
201.58    -572.6292 -611.7783 0.7057061
201.59    -572.4878 -611.7738 0.7056632
201.6    -572.3464 -611.7693 0.70562
201.61    -572.2051 -611.7649 0.7055765
201.62    -572.0637 -611.7604 0.7055327
201.63    -571.9224 -611.756 0.7054886
201.64    -571.781 -611.7516 0.7054444
201.65    -571.6396 -611.7471 0.7053998
201.66    -571.4982 -611.7427 0.7053551
201.67    -571.3569 -611.7382 0.7053101
201.68    -571.2155 -611.7338 0.7052649
201.69    -571.074 -611.7293 0.7052196
201.7    -570.9326 -611.7249 0.705174
201.71    -570.7912 -611.7205 0.7051283
201.72    -570.6498 -611.7161 0.7050824
201.73    -570.5084 -611.7117 0.7050363
201.74    -570.3669 -611.7073 0.7049901
201.75    -570.2255 -611.7029 0.7049437
201.76    -570.0841 -611.6985 0.7048975
201.77    -569.9427 -611.6942 0.7048515
201.78    -569.8013 -611.6898 0.7048056
201.79    -569.6599 -611.6854 0.7047599
201.8    -569.5184 -611.681 0.7047143
201.81    -569.377 -611.6766 0.7046693
201.82    -569.2355 -611.6722 0.7046249
201.83    -569.0941 -611.6678 0.704581
201.84    -568.9526 -611.6634 0.7045377
201.85    -568.8111 -611.6589 0.7044948
201.86    -568.6696 -611.6545 0.7044524
201.87    -568.5281 -611.6501 0.704411
201.88    -568.3867 -611.6458 0.7043709
201.89    -568.2451 -611.6414 0.7043315
201.9    -568.1036 -611.637 0.7042931
201.91    -567.962 -611.6326 0.7042556
201.92    -567.8205 -611.6282 0.7042189
201.93    -567.679 -611.6238 0.7041837
201.94    -567.5374 -611.6194 0.70415
201.95    -567.3959 -611.6149 0.7041175
201.96    -567.2543 -611.6105 0.7040867
201.97    -567.1128 -611.6061 0.7040575
201.98    -566.9712 -611.6017 0.7040296
201.99    -566.8296 -611.5974 0.7040032
202    -566.688 -611.593 0.7039781
202.01    -566.5464 -611.5886 0.7039544
202.02    -566.4048 -611.5841 0.7039321
202.03    -566.2632 -611.5797 0.7039112
202.04    -566.1216 -611.5753 0.7038914
202.05    -565.9799 -611.5709 0.7038728
202.06    -565.8383 -611.5665 0.7038558
202.07    -565.6967 -611.5621 0.7038401
202.08    -565.555 -611.5576 0.7038258
202.09    -565.4133 -611.5532 0.7038128
202.1    -565.2717 -611.5487 0.7038009
202.11    -565.1299 -611.5443 0.7037902
202.12    -564.9883 -611.5398 0.7037812
202.13    -564.8466 -611.5353 0.703774
202.14    -564.7048 -611.5309 0.7037681
202.15    -564.5631 -611.5264 0.7037638
202.16    -564.4214 -611.5219 0.7037607
202.17    -564.2797 -611.5175 0.7037596
202.18    -564.1379 -611.513 0.70376
202.19    -563.9962 -611.5085 0.7037622
202.2    -563.8544 -611.5041 0.7037658
202.21    -563.7127 -611.4996 0.7037712
202.22    -563.5709 -611.4951 0.7037783
202.23    -563.4291 -611.4906 0.703787
202.24    -563.2874 -611.4861 0.7037973
202.25    -563.1456 -611.4816 0.703809
202.26    -563.0037 -611.4771 0.703822
202.27    -562.8619 -611.4725 0.7038366
202.28    -562.7202 -611.468 0.7038527
202.29    -562.5783 -611.4635 0.7038701
202.3    -562.4365 -611.459 0.7038888
202.31    -562.2946 -611.4545 0.7039088
202.32    -562.1528 -611.45 0.70393
202.33    -562.0109 -611.4454 0.7039522
202.34    -561.8691 -611.4409 0.7039756
202.35    -561.7272 -611.4363 0.704
202.36    -561.5853 -611.4318 0.7040254
202.37    -561.4434 -611.4273 0.7040517
202.38    -561.3015 -611.4228 0.7040789
202.39    -561.1596 -611.4182 0.7041068
202.4    -561.0177 -611.4136 0.7041356
202.41    -560.8758 -611.4091 0.7041652
202.42    -560.7339 -611.4045 0.7041954
202.43    -560.592 -611.3999 0.7042264
202.44    -560.45 -611.3953 0.704258
202.45    -560.308 -611.3907 0.7042902
202.46    -560.1661 -611.3862 0.7043231
202.47    -560.0241 -611.3816 0.7043564
202.48    -559.8821 -611.377 0.7043903
202.49    -559.7402 -611.3724 0.7044246
202.5    -559.5981 -611.3679 0.7044595
202.51    -559.4562 -611.3633 0.7044948
202.52    -559.3141 -611.3587 0.7045306
202.53    -559.1721 -611.3541 0.7045668
202.54    -559.0301 -611.3495 0.7046033
202.55    -558.888 -611.3449 0.7046403
202.56    -558.746 -611.3403 0.7046776
202.57    -558.6039 -611.3356 0.7047152
202.58    -558.4618 -611.331 0.7047531
202.59    -558.3197 -611.3264 0.7047914
202.6    -558.1776 -611.3217 0.7048299
202.61    -558.0355 -611.3171 0.7048687
202.62    -557.8933 -611.3124 0.7049078
202.63    -557.7512 -611.3078 0.7049472
202.64    -557.609 -611.3032 0.7049868
202.65    -557.4668 -611.2985 0.7050264
202.66    -557.3246 -611.2939 0.7050665
202.67    -557.1824 -611.2892 0.7051067
202.68    -557.0402 -611.2846 0.7051471
202.69    -556.8979 -611.2799 0.7051877
202.7    -556.7557 -611.2753 0.7052284
202.71    -556.6135 -611.2706 0.7052693
202.72    -556.4712 -611.266 0.7053103
202.73    -556.3289 -611.2614 0.7053515
202.74    -556.1866 -611.2567 0.7053929
202.75    -556.0443 -611.252 0.7054344
202.76    -555.902 -611.2473 0.7054759
202.77    -555.7597 -611.2426 0.7055176
202.78    -555.6174 -611.2379 0.7055593
202.79    -555.475 -611.2332 0.7056011
202.8    -555.3326 -611.2285 0.7056429
202.81    -555.1902 -611.2238 0.7056848
202.82    -555.0479 -611.2191 0.7057267
202.83    -554.9055 -611.2144 0.7057683
202.84    -554.7631 -611.2097 0.7058098
202.85    -554.6206 -611.205 0.7058513
202.86    -554.4781 -611.2003 0.7058927
202.87    -554.3357 -611.1956 0.7059335
202.88    -554.1932 -611.1909 0.7059738
202.89    -554.0508 -611.1861 0.7060138
202.9    -553.9083 -611.1813 0.7060533
202.91    -553.7657 -611.1765 0.7060924
202.92    -553.6232 -611.1718 0.7061306
202.93    -553.4807 -611.167 0.706168
202.94    -553.3382 -611.1622 0.7062045
202.95    -553.1956 -611.1575 0.7062403
202.96    -553.053 -611.1526 0.7062754
202.97    -552.9105 -611.1478 0.7063087
202.98    -552.7679 -611.1429 0.7063403
202.99    -552.6252 -611.1381 0.7063702
203    -552.4826 -611.1333 0.7063987
203.01    -552.34 -611.1285 0.7064257
203.02    -552.1973 -611.1235 0.7064506
203.03    -552.0547 -611.1187 0.7064735
203.04    -551.912 -611.1138 0.7064945
203.05    -551.7693 -611.1089 0.7065136
203.06    -551.6266 -611.1039 0.7065303
203.07    -551.4839 -611.099 0.7065447
203.08    -551.3412 -611.0941 0.7065569
203.09    -551.1984 -611.0891 0.7065669
203.1    -551.0557 -611.0841 0.706575
203.11    -550.9129 -611.0792 0.706581
203.12    -550.7701 -611.0742 0.706585
203.13    -550.6274 -611.0691 0.7065873
203.14    -550.4846 -611.0641 0.7065879
203.15    -550.3417 -611.0591 0.7065867
203.16    -550.1989 -611.054 0.706584
203.17    -550.0561 -611.049 0.7065799
203.18    -549.9132 -611.0439 0.7065746
203.19    -549.7703 -611.0388 0.7065681
203.2    -549.6274 -611.0337 0.7065604
203.21    -549.4845 -611.0286 0.7065516
203.22    -549.3416 -611.0234 0.706542
203.23    -549.1987 -611.0182 0.7065315
203.24    -549.0557 -611.0131 0.7065201
203.25    -548.9127 -611.0079 0.706508
203.26    -548.7697 -611.0027 0.7064952
203.27    -548.6267 -610.9974 0.7064817
203.28    -548.4837 -610.9922 0.7064677
203.29    -548.3407 -610.9869 0.706453
203.3    -548.1976 -610.9816 0.7064378
203.31    -548.0546 -610.9763 0.7064224
203.32    -547.9115 -610.9709 0.7064066
203.33    -547.7684 -610.9656 0.7063906
203.34    -547.6253 -610.9603 0.7063742
203.35    -547.4822 -610.9548 0.7063576
203.36    -547.3391 -610.9495 0.7063414
203.37    -547.1959 -610.944 0.7063255
203.38    -547.0527 -610.9385 0.70631
203.39    -546.9095 -610.933 0.7062947
203.4    -546.7663 -610.9276 0.7062798
203.41    -546.623 -610.9221 0.7062651
203.42    -546.4798 -610.9165 0.7062516
203.43    -546.3365 -610.9109 0.7062392
203.44    -546.1932 -610.9053 0.7062277
203.45    -546.05 -610.8997 0.7062173
203.46    -545.9067 -610.894 0.7062078
203.47    -545.7634 -610.8884 0.7062001
203.48    -545.62 -610.8827 0.7061943
203.49    -545.4766 -610.877 0.7061901
203.5    -545.3332 -610.8712 0.7061876
203.51    -545.1898 -610.8655 0.7061866
203.52    -545.0463 -610.8597 0.7061877
203.53    -544.9029 -610.8539 0.7061908
203.54    -544.7594 -610.848 0.7061958
203.55    -544.6159 -610.8422 0.7062027
203.56    -544.4724 -610.8362 0.7062116
203.57    -544.3289 -610.8303 0.7062223
203.58    -544.1853 -610.8243 0.7062349
203.59    -544.0417 -610.8184 0.7062492
203.6    -543.8981 -610.8123 0.7062652
203.61    -543.7545 -610.8063 0.7062826
203.62    -543.6108 -610.8002 0.7063015
203.63    -543.4672 -610.7942 0.7063219
203.64    -543.3235 -610.788 0.7063436
203.65    -543.1797 -610.7819 0.7063665
203.66    -543.036 -610.7757 0.7063906
203.67    -542.8923 -610.7695 0.7064159
203.68    -542.7485 -610.7632 0.7064423
203.69    -542.6047 -610.757 0.7064697
203.7    -542.4608 -610.7507 0.706498
203.71    -542.317 -610.7443 0.7065272
203.72    -542.1731 -610.738 0.7065573
203.73    -542.0292 -610.7316 0.7065883
203.74    -541.8853 -610.7252 0.70662
203.75    -541.7413 -610.7187 0.7066525
203.76    -541.5974 -610.7122 0.7066857
203.77    -541.4534 -610.7057 0.7067195
203.78    -541.3094 -610.6991 0.706754
203.79    -541.1654 -610.6926 0.7067891
203.8    -541.0214 -610.6859 0.7068248
203.81    -540.8773 -610.6793 0.7068609
203.82    -540.7332 -610.6726 0.7068976
203.83    -540.5891 -610.666 0.7069346
203.84    -540.4449 -610.6592 0.7069721
203.85    -540.3008 -610.6525 0.70701
203.86    -540.1567 -610.6458 0.7070481
203.87    -540.0125 -610.639 0.7070863
203.88    -539.8682 -610.6321 0.7071246
203.89    -539.724 -610.6253 0.7071631
203.9    -539.5797 -610.6184 0.7072018
203.91    -539.4354 -610.6115 0.7072405
203.92    -539.2911 -610.6046 0.7072793
203.93    -539.1467 -610.5976 0.7073174
203.94    -539.0024 -610.5906 0.7073545
203.95    -538.858 -610.5836 0.7073909
203.96    -538.7136 -610.5765 0.7074265
203.97    -538.5692 -610.5694 0.7074603
203.98    -538.4247 -610.5623 0.7074923
203.99    -538.2802 -610.5551 0.7075227
204    -538.1357 -610.5479 0.7075515
204.01    -537.9911 -610.5407 0.7075787
204.02    -537.8466 -610.5334 0.7076033
204.03    -537.7021 -610.5262 0.7076254
204.04    -537.5575 -610.5189 0.7076449
204.05    -537.4129 -610.5117 0.7076621
204.06    -537.2683 -610.5043 0.7076765
204.07    -537.1237 -610.4969 0.7076883
204.08    -536.979 -610.4896 0.7076975
204.09    -536.8343 -610.4821 0.7077043
204.1    -536.6896 -610.4747 0.707709
204.11    -536.5449 -610.4672 0.7077116
204.12    -536.4001 -610.4597 0.7077125
204.13    -536.2553 -610.4521 0.7077118
204.14    -536.1105 -610.4445 0.7077094
204.15    -535.9656 -610.437 0.7077054
204.16    -535.8208 -610.4293 0.7077013
204.17    -535.676 -610.4216 0.7076967
204.18    -535.5311 -610.4139 0.707692
204.19    -535.3862 -610.4062 0.7076871
204.2    -535.2412 -610.3984 0.7076818
204.21    -535.0963 -610.3906 0.7076764
204.22    -534.9513 -610.3828 0.7076722
204.23    -534.8063 -610.3749 0.7076695
204.24    -534.6613 -610.3671 0.7076679
204.25    -534.5162 -610.3591 0.7076676
204.26    -534.3711 -610.3512 0.7076683
204.27    -534.226 -610.3433 0.7076701
204.28    -534.081 -610.3353 0.707675
204.29    -533.9359 -610.3273 0.707683
204.3    -533.7907 -610.3193 0.7076935
204.31    -533.6456 -610.3112 0.7077077
204.32    -533.5004 -610.3031 0.7077251
204.33    -533.3552 -610.295 0.7077456
204.34    -533.2099 -610.2868 0.707769
204.35    -533.0646 -610.2787 0.7077954
204.36    -532.9194 -610.2705 0.7078245
204.37    -532.774 -610.2623 0.7078563
204.38    -532.6287 -610.2541 0.7078907
204.39    -532.4834 -610.2458 0.7079276
204.4    -532.338 -610.2375 0.7079669
204.41    -532.1926 -610.2293 0.7080078
204.42    -532.0472 -610.221 0.7080505
204.43    -531.9018 -610.2127 0.7080947
204.44    -531.7563 -610.2043 0.7081403
204.45    -531.6108 -610.196 0.7081874
204.46    -531.4654 -610.1876 0.7082348
204.47    -531.3199 -610.1793 0.7082826
204.48    -531.1744 -610.1708 0.7083306
204.49    -531.0288 -610.1624 0.7083791
204.5    -530.8832 -610.1539 0.7084278
204.51    -530.7376 -610.1454 0.7084767
204.52    -530.592 -610.137 0.7085244
204.53    -530.4464 -610.1285 0.708571
204.54    -530.3008 -610.1199 0.7086164
204.55    -530.1551 -610.1114 0.7086608
204.56    -530.0094 -610.1028 0.7087029
204.57    -529.8637 -610.0942 0.7087427
204.58    -529.718 -610.0856 0.7087805
204.59    -529.5723 -610.077 0.7088164
204.6    -529.4265 -610.0684 0.7088504
204.61    -529.2808 -610.0598 0.7088813
204.62    -529.135 -610.0511 0.7089093
204.63    -528.9892 -610.0425 0.7089345
204.64    -528.8434 -610.0338 0.7089572
204.65    -528.6975 -610.0251 0.7089774
204.66    -528.5517 -610.0165 0.7089943
204.67    -528.4058 -610.0077 0.709008
204.68    -528.2599 -609.999 0.7090189
204.69    -528.114 -609.9902 0.7090269
204.7    -527.9681 -609.9815 0.7090322
204.71    -527.8221 -609.9728 0.7090347
204.72    -527.6762 -609.964 0.7090345
204.73    -527.5303 -609.9552 0.7090318
204.74    -527.3843 -609.9464 0.7090266
204.75    -527.2383 -609.9376 0.709019
204.76    -527.0923 -609.9288 0.7090093
204.77    -526.9463 -609.92 0.7089974
204.78    -526.8002 -609.9112 0.7089835
204.79    -526.6542 -609.9023 0.7089677
204.8    -526.5081 -609.8935 0.7089502
204.81    -526.3621 -609.8846 0.7089309
204.82    -526.2159 -609.8758 0.70891
204.83    -526.0698 -609.8669 0.7088876
204.84    -525.9237 -609.8581 0.7088637
204.85    -525.7775 -609.8492 0.7088383
204.86    -525.6313 -609.8404 0.7088117
204.87    -525.4852 -609.8315 0.7087838
204.88    -525.339 -609.8227 0.7087547
204.89    -525.1927 -609.8138 0.7087244
204.9    -525.0465 -609.8049 0.708693
204.91    -524.9003 -609.796 0.7086606
204.92    -524.754 -609.787 0.7086272
204.93    -524.6077 -609.7783 0.7085928
204.94    -524.4614 -609.7694 0.7085576
204.95    -524.3151 -609.7606 0.7085214
204.96    -524.1688 -609.7517 0.7084845
204.97    -524.0225 -609.7429 0.7084467
204.98    -523.8761 -609.734 0.7084082
204.99    -523.7297 -609.7252 0.708369
205    -523.5833 -609.7164 0.7083291
205.01    -523.437 -609.7075 0.7082887
205.02    -523.2905 -609.6987 0.7082476
205.03    -523.1441 -609.6898 0.7082059
205.04    -522.9977 -609.681 0.7081637
205.05    -522.8512 -609.6722 0.708121
205.06    -522.7047 -609.6633 0.7080775
205.07    -522.5582 -609.6545 0.7080333
205.08    -522.4117 -609.6458 0.7079886
205.09    -522.2652 -609.637 0.7079431
205.1    -522.1187 -609.6282 0.7078971
205.11    -521.9721 -609.6195 0.7078496
205.12    -521.8256 -609.6107 0.7078007
205.13    -521.679 -609.6019 0.7077504
205.14    -521.5323 -609.5933 0.7076988
205.15    -521.3857 -609.5845 0.7076461
205.16    -521.2391 -609.5759 0.7075909
205.17    -521.0925 -609.5671 0.7075337
205.18    -520.9458 -609.5584 0.7074741
205.19    -520.7991 -609.5497 0.7074126
205.2    -520.6524 -609.5411 0.7073492
205.21    -520.5057 -609.5324 0.707284
205.22    -520.3589 -609.5238 0.7072158
205.23    -520.2122 -609.5151 0.7071449
205.24    -520.0654 -609.5066 0.7070712
205.25    -519.9186 -609.498 0.7069951
205.26    -519.7718 -609.4894 0.7069161
205.27    -519.625 -609.4808 0.7068344
205.28    -519.4781 -609.4723 0.7067502
205.29    -519.3313 -609.4638 0.7066634
205.3    -519.1844 -609.4553 0.7065744
205.31    -519.0376 -609.4468 0.7064832
205.32    -518.8907 -609.4383 0.7063898
205.33    -518.7438 -609.4299 0.7062944
205.34    -518.5969 -609.4214 0.7061971
205.35    -518.4499 -609.413 0.7060981
205.36    -518.3029 -609.4046 0.7059975
205.37    -518.1559 -609.3962 0.7058953
205.38    -518.009 -609.3879 0.7057917
205.39    -517.8619 -609.3795 0.7056867
205.4    -517.7149 -609.3712 0.7055805
205.41    -517.5679 -609.3629 0.7054732
205.42    -517.4208 -609.3547 0.7053647
205.43    -517.2737 -609.3464 0.7052553
205.44    -517.1266 -609.3382 0.7051449
205.45    -516.9795 -609.33 0.7050335
205.46    -516.8324 -609.3218 0.7049217
205.47    -516.6852 -609.3136 0.7048094
205.48    -516.5381 -609.3055 0.7046965
205.49    -516.3909 -609.2973 0.704583
205.5    -516.2437 -609.2892 0.7044693
205.51    -516.0964 -609.2811 0.7043559
205.52    -515.9492 -609.2731 0.7042427
205.53    -515.8019 -609.2651 0.7041298
205.54    -515.6547 -609.257 0.7040172
205.55    -515.5074 -609.2491 0.7039047
205.56    -515.3601 -609.2411 0.7037939
205.57    -515.2128 -609.2332 0.7036844
205.58    -515.0655 -609.2253 0.7035762
205.59    -514.9182 -609.2174 0.7034693
205.6    -514.7708 -609.2095 0.7033637
205.61    -514.6234 -609.2017 0.7032609
205.62    -514.476 -609.1939 0.7031608
205.63    -514.3286 -609.1862 0.7030631
205.64    -514.1811 -609.1784 0.7029681
205.65    -514.0336 -609.1707 0.7028753
205.66    -513.8862 -609.163 0.7027864
205.67    -513.7387 -609.1553 0.7027015
205.68    -513.5912 -609.1476 0.70262
205.69    -513.4437 -609.1401 0.7025421
205.7    -513.2961 -609.1324 0.7024673
205.71    -513.1486 -609.1249 0.7023972
205.72    -513.001 -609.1174 0.7023315
205.73    -512.8535 -609.1099 0.70227
205.74    -512.7059 -609.1024 0.7022125
205.75    -512.5582 -609.095 0.7021587
205.76    -512.4106 -609.0875 0.7021099
205.77    -512.2629 -609.0801 0.7020658
205.78    -512.1153 -609.0728 0.7020261
205.79    -511.9676 -609.0654 0.7019907
205.8    -511.8199 -609.0581 0.7019594
205.81    -511.6722 -609.0508 0.7019327
205.82    -511.5244 -609.0436 0.7019107
205.83    -511.3767 -609.0364 0.7018931
205.84    -511.2289 -609.0292 0.7018796
205.85    -511.0811 -609.022 0.70187
205.86    -510.9333 -609.0149 0.7018648
205.87    -510.7856 -609.0078 0.7018638
205.88    -510.6377 -609.0007 0.7018666
205.89    -510.4899 -608.9937 0.7018732
205.9    -510.342 -608.9866 0.7018834
205.91    -510.1941 -608.9796 0.7018968
205.92    -510.0462 -608.9726 0.7019136
205.93    -509.8983 -608.9656 0.7019334
205.94    -509.7504 -608.9587 0.7019564
205.95    -509.6024 -608.9518 0.701982
205.96    -509.4544 -608.9449 0.7020104
205.97    -509.3065 -608.938 0.7020413
205.98    -509.1585 -608.9312 0.7020746
205.99    -509.0105 -608.9244 0.7021103
206    -508.8624 -608.9177 0.7021481
206.01    -508.7144 -608.9109 0.702188
206.02    -508.5663 -608.9043 0.7022297
206.03    -508.4182 -608.8976 0.7022733
206.04    -508.2701 -608.891 0.7023184
206.05    -508.122 -608.8844 0.7023653
206.06    -507.9739 -608.8778 0.7024136
206.07    -507.8257 -608.8713 0.7024632
206.08    -507.6776 -608.8648 0.7025141
206.09    -507.5294 -608.8583 0.7025661
206.1    -507.3812 -608.8519 0.7026193
206.11    -507.233 -608.8454 0.7026731
206.12    -507.0848 -608.8391 0.7027276
206.13    -506.9366 -608.8326 0.7027826
206.14    -506.7883 -608.8264 0.7028383
206.15    -506.64 -608.82 0.7028945
206.16    -506.4917 -608.8138 0.7029508
206.17    -506.3434 -608.8075 0.7030072
206.18    -506.1951 -608.8013 0.7030637
206.19    -506.0468 -608.7951 0.7031205
206.2    -505.8984 -608.789 0.7031772
206.21    -505.75 -608.7828 0.7032338
206.22    -505.6017 -608.7768 0.7032905
206.23    -505.4532 -608.7707 0.703347
206.24    -505.3048 -608.7647 0.7034034
206.25    -505.1564 -608.7587 0.7034599
206.26    -505.0079 -608.7528 0.7035162
206.27    -504.8595 -608.7469 0.7035726
206.28    -504.711 -608.741 0.703629
206.29    -504.5625 -608.7352 0.7036852
206.3    -504.414 -608.7294 0.7037414
206.31    -504.2654 -608.7236 0.7037975
206.32    -504.1169 -608.7178 0.7038536
206.33    -503.9684 -608.7121 0.7039096
206.34    -503.8198 -608.7064 0.7039657
206.35    -503.6711 -608.7007 0.7040217
206.36    -503.5226 -608.6951 0.7040776
206.37    -503.3739 -608.6895 0.7041334
206.38    -503.2253 -608.684 0.7041892
206.39    -503.0766 -608.6784 0.7042449
206.4    -502.9279 -608.6729 0.7043006
206.41    -502.7793 -608.6674 0.7043561
206.42    -502.6306 -608.662 0.7044113
206.43    -502.4818 -608.6566 0.7044663
206.44    -502.3331 -608.6513 0.7045211
206.45    -502.1843 -608.6459 0.7045756
206.46    -502.0356 -608.6407 0.7046294
206.47    -501.8868 -608.6354 0.7046825
206.48    -501.738 -608.6302 0.7047347
206.49    -501.5891 -608.625 0.7047864
206.5    -501.4403 -608.6198 0.7048373
206.51    -501.2915 -608.6147 0.7048867
206.52    -501.1426 -608.6096 0.7049347
206.53    -500.9937 -608.6045 0.7049811
206.54    -500.8448 -608.5994 0.7050263
206.55    -500.6959 -608.5944 0.7050703
206.56    -500.5469 -608.5894 0.7051129
206.57    -500.398 -608.5845 0.7051533
206.58    -500.2491 -608.5795 0.7051914
206.59    -500.1001 -608.5747 0.7052276
206.6    -499.951 -608.5698 0.7052616
206.61    -499.8021 -608.5651 0.705293
206.62    -499.653 -608.5602 0.7053218
206.63    -499.504 -608.5555 0.7053483
206.64    -499.3549 -608.5508 0.7053724
206.65    -499.2059 -608.5461 0.7053944
206.66    -499.0568 -608.5414 0.7054137
206.67    -498.9077 -608.5369 0.7054304
206.68    -498.7586 -608.5322 0.7054448
206.69    -498.6094 -608.5277 0.7054569
206.7    -498.4603 -608.5231 0.7054667
206.71    -498.3111 -608.5187 0.7054745
206.72    -498.162 -608.5142 0.7054802
206.73    -498.0128 -608.5098 0.7054839
206.74    -497.8635 -608.5053 0.7054858
206.75    -497.7143 -608.501 0.7054859
206.76    -497.5651 -608.4966 0.7054844
206.77    -497.4158 -608.4924 0.7054814
206.78    -497.2665 -608.4882 0.7054768
206.79    -497.1172 -608.4839 0.7054709
206.8    -496.9679 -608.4797 0.7054636
206.81    -496.8186 -608.4755 0.705455
206.82    -496.6693 -608.4714 0.7054453
206.83    -496.5199 -608.4673 0.7054344
206.84    -496.3705 -608.4633 0.7054224
206.85    -496.2211 -608.4592 0.7054093
206.86    -496.0717 -608.4552 0.7053953
206.87    -495.9223 -608.4512 0.7053804
206.88    -495.7729 -608.4473 0.7053645
206.89    -495.6234 -608.4433 0.7053478
206.9    -495.474 -608.4395 0.7053304
206.91    -495.3245 -608.4355 0.7053121
206.92    -495.175 -608.4318 0.7052931
206.93    -495.0255 -608.428 0.7052733
206.94    -494.876 -608.4243 0.7052529
206.95    -494.7264 -608.4205 0.705232
206.96    -494.5768 -608.4169 0.7052103
206.97    -494.4273 -608.4132 0.7051881
206.98    -494.2777 -608.4096 0.7051654
206.99    -494.1281 -608.406 0.7051421
207    -493.9785 -608.4025 0.7051183
207.01    -493.8288 -608.3989 0.705094
207.02    -493.6792 -608.3954 0.7050693
207.03    -493.5295 -608.392 0.7050442
207.04    -493.3798 -608.3885 0.7050186
207.05    -493.2301 -608.3851 0.7049927
207.06    -493.0804 -608.3818 0.7049663
207.07    -492.9307 -608.3785 0.7049396
207.08    -492.7809 -608.3752 0.7049125
207.09    -492.6312 -608.3719 0.7048851
207.1    -492.4814 -608.3687 0.7048575
207.11    -492.3316 -608.3655 0.7048295
207.12    -492.1819 -608.3624 0.7048013
207.13    -492.032 -608.3593 0.7047728
207.14    -491.8822 -608.3561 0.704744
207.15    -491.7323 -608.3531 0.704715
207.16    -491.5825 -608.35 0.704686
207.17    -491.4326 -608.347 0.7046572
207.18    -491.2827 -608.3441 0.7046283
207.19    -491.1328 -608.3411 0.7045995
207.2    -490.9829 -608.3382 0.7045708
207.21    -490.8329 -608.3353 0.704542
207.22    -490.683 -608.3325 0.7045141
207.23    -490.533 -608.3297 0.7044868
207.24    -490.383 -608.3268 0.7044603
207.25    -490.233 -608.324 0.7044343
207.26    -490.083 -608.3213 0.7044089
207.27    -489.933 -608.3185 0.7043847
207.28    -489.7829 -608.3159 0.7043616
207.29    -489.6328 -608.3132 0.7043396
207.3    -489.4828 -608.3105 0.7043185
207.31    -489.3327 -608.3079 0.704299
207.32    -489.1826 -608.3053 0.7042812
207.33    -489.0324 -608.3027 0.7042649
207.34    -488.8823 -608.3002 0.70425
207.35    -488.7321 -608.2976 0.7042366
207.36    -488.582 -608.2952 0.7042251
207.37    -488.4318 -608.2927 0.7042156
207.38    -488.2816 -608.2902 0.7042079
207.39    -488.1314 -608.2877 0.7042019
207.4    -487.9812 -608.2853 0.7041977
207.41    -487.831 -608.2829 0.7041956
207.42    -487.6808 -608.2805 0.7041956
207.43    -487.5305 -608.2781 0.7041975
207.44    -487.3802 -608.2758 0.7042013
207.45    -487.2299 -608.2735 0.7042069
207.46    -487.0796 -608.2712 0.7042143
207.47    -486.9292 -608.2689 0.7042238
207.48    -486.7789 -608.2665 0.7042353
207.49    -486.6285 -608.2643 0.7042488
207.5    -486.4781 -608.262 0.7042643
207.51    -486.3278 -608.2598 0.7042815
207.52    -486.1774 -608.2576 0.7043006
207.53    -486.0269 -608.2554 0.7043214
207.54    -485.8765 -608.2532 0.704344
207.55    -485.7261 -608.251 0.7043682
207.56    -485.5756 -608.2488 0.7043939
207.57    -485.4251 -608.2467 0.704421
207.58    -485.2747 -608.2446 0.7044496
207.59    -485.1241 -608.2424 0.7044795
207.6    -484.9736 -608.2403 0.7045107
207.61    -484.8231 -608.2382 0.7045431
207.62    -484.6725 -608.2361 0.7045766
207.63    -484.522 -608.234 0.7046114
207.64    -484.3714 -608.2319 0.7046471
207.65    -484.2208 -608.2299 0.7046838
207.66    -484.0702 -608.2278 0.7047216
207.67    -483.9195 -608.2258 0.7047604
207.68    -483.7689 -608.2238 0.7048
207.69    -483.6182 -608.2217 0.7048406
207.7    -483.4675 -608.2197 0.704882
207.71    -483.3168 -608.2177 0.7049245
207.72    -483.1661 -608.2157 0.704968
207.73    -483.0153 -608.2137 0.7050124
207.74    -482.8646 -608.2117 0.7050578
207.75    -482.7138 -608.2097 0.7051041
207.76    -482.563 -608.2076 0.7051516
207.77    -482.4122 -608.2057 0.7052004
207.78    -482.2614 -608.2037 0.7052504
207.79    -482.1105 -608.2017 0.7053015
207.8    -481.9596 -608.1998 0.7053536
207.81    -481.8087 -608.1978 0.7054068
207.82    -481.6578 -608.1959 0.7054616
207.83    -481.5069 -608.1939 0.705518
207.84    -481.356 -608.192 0.7055759
207.85    -481.205 -608.19 0.7056352
207.86    -481.054 -608.188 0.705696
207.87    -480.9031 -608.186 0.7057584
207.88    -480.7521 -608.1841 0.7058225
207.89    -480.601 -608.1821 0.7058882
207.9    -480.45 -608.1802 0.7059554
207.91    -480.299 -608.1782 0.7060242
207.92    -480.1479 -608.1762 0.7060944
207.93    -479.9968 -608.1742 0.7061663
207.94    -479.8457 -608.1722 0.7062396
207.95    -479.6945 -608.1702 0.7063141
207.96    -479.5434 -608.1682 0.70639
207.97    -479.3922 -608.1661 0.7064672
207.98    -479.2411 -608.1641 0.7065454
207.99    -479.0899 -608.162 0.7066247
208    -478.9387 -608.16 0.7067052
208.01    -478.7874 -608.158 0.7067865
208.02    -478.6362 -608.1559 0.7068686
208.03    -478.485 -608.1539 0.7069517
208.04    -478.3337 -608.1519 0.7070357
208.05    -478.1824 -608.1497 0.7071203
208.06    -478.0311 -608.1476 0.7072057
208.07    -477.8798 -608.1456 0.7072912
208.08    -477.7284 -608.1435 0.7073767
208.09    -477.5771 -608.1414 0.7074623
208.1    -477.4257 -608.1393 0.7075479
208.11    -477.2743 -608.1371 0.7076328
208.12    -477.1229 -608.1349 0.707717
208.13    -476.9714 -608.1328 0.7078006
208.14    -476.82 -608.1307 0.7078834
208.15    -476.6685 -608.1285 0.7079656
208.16    -476.517 -608.1263 0.7080458
208.17    -476.3655 -608.1241 0.7081242
208.18    -476.214 -608.1219 0.7082008
208.19    -476.0625 -608.1196 0.7082756
208.2    -475.9109 -608.1174 0.7083488
208.21    -475.7594 -608.1152 0.7084187
208.22    -475.6078 -608.1129 0.7084854
208.23    -475.4562 -608.1106 0.7085491
208.24    -475.3046 -608.1083 0.7086099
208.25    -475.1529 -608.1061 0.7086682
208.26    -475.0013 -608.1037 0.7087237
208.27    -474.8496 -608.1014 0.7087747
208.28    -474.6979 -608.0991 0.7088216
208.29    -474.5462 -608.0967 0.7088644
208.3    -474.3945 -608.0943 0.7089032
208.31    -474.2427 -608.0919 0.7089373
208.32    -474.091 -608.0895 0.708967
208.33    -473.9392 -608.0871 0.7089923
208.34    -473.7874 -608.0847 0.7090135
208.35    -473.6356 -608.0822 0.7090308
208.36    -473.4838 -608.0797 0.7090436
208.37    -473.3319 -608.0773 0.7090521
208.38    -473.1801 -608.0748 0.7090566
208.39    -473.0282 -608.0722 0.7090572
208.4    -472.8763 -608.0697 0.7090541
208.41    -472.7244 -608.0671 0.7090476
208.42    -472.5725 -608.0645 0.7090379
208.43    -472.4205 -608.062 0.7090251
208.44    -472.2686 -608.0594 0.7090093
208.45    -472.1166 -608.0567 0.7089908
208.46    -471.9646 -608.0541 0.7089697
208.47    -471.8126 -608.0515 0.7089467
208.48    -471.6605 -608.0487 0.7089222
208.49    -471.5085 -608.046 0.7088962
208.5    -471.3564 -608.0433 0.7088686
208.51    -471.2043 -608.0406 0.7088397
208.52    -471.0522 -608.0378 0.7088107
208.53    -470.9001 -608.0351 0.7087817
208.54    -470.748 -608.0323 0.7087528
208.55    -470.5958 -608.0295 0.7087238
208.56    -470.4437 -608.0267 0.7086958
208.57    -470.2915 -608.0238 0.7086688
208.58    -470.1393 -608.021 0.7086427
208.59    -469.9871 -608.0181 0.7086174
208.6    -469.8348 -608.0152 0.708593
208.61    -469.6826 -608.0123 0.7085705
208.62    -469.5304 -608.0094 0.7085498
208.63    -469.3781 -608.0065 0.7085308
208.64    -469.2258 -608.0035 0.7085134
208.65    -469.0735 -608.0005 0.7084976
208.66    -468.9211 -607.9976 0.7084845
208.67    -468.7688 -607.9945 0.7084739
208.68    -468.6164 -607.9915 0.7084657
208.69    -468.4641 -607.9885 0.7084598
208.7    -468.3116 -607.9855 0.708456
208.71    -468.1592 -607.9824 0.7084554
208.72    -468.0068 -607.9793 0.7084578
208.73    -467.8544 -607.9763 0.7084631
208.74    -467.7019 -607.9731 0.7084711
208.75    -467.5494 -607.97 0.7084818
208.76    -467.3969 -607.9669 0.7084957
208.77    -467.2444 -607.9637 0.7085128
208.78    -467.0919 -607.9606 0.7085328
208.79    -466.9393 -607.9574 0.7085556
208.8    -466.7867 -607.9542 0.7085811
208.81    -466.6342 -607.951 0.7086096
208.82    -466.4816 -607.9478 0.7086408
208.83    -466.329 -607.9445 0.7086747
208.84    -466.1763 -607.9413 0.7087112
208.85    -466.0237 -607.938 0.7087501
208.86    -465.871 -607.9348 0.7087913
208.87    -465.7184 -607.9315 0.7088348
208.88    -465.5656 -607.9281 0.7088804
208.89    -465.4129 -607.9248 0.708928
208.9    -465.2602 -607.9215 0.7089777
208.91    -465.1075 -607.9182 0.7090292
208.92    -464.9547 -607.9148 0.7090825
208.93    -464.8019 -607.9114 0.7091374
208.94    -464.6491 -607.9081 0.709194
208.95    -464.4963 -607.9047 0.7092521
208.96    -464.3434 -607.9012 0.7093117
208.97    -464.1906 -607.8978 0.7093726
208.98    -464.0378 -607.8944 0.7094351
208.99    -463.8849 -607.891 0.7094987
209    -463.7319 -607.8876 0.7095636
209.01    -463.579 -607.8841 0.7096299
209.02    -463.4261 -607.8806 0.7096974
209.03    -463.2732 -607.8771 0.7097663
209.04    -463.1202 -607.8737 0.7098362
209.05    -462.9672 -607.8702 0.7099073
209.06    -462.8142 -607.8666 0.7099798
209.07    -462.6612 -607.863 0.7100538
209.08    -462.5081 -607.8595 0.710129
209.09    -462.3551 -607.856 0.7102056
209.1    -462.202 -607.8524 0.7102832
209.11    -462.049 -607.8489 0.7103627
209.12    -461.8959 -607.8453 0.7104439
209.13    -461.7428 -607.8417 0.7105267
209.14    -461.5897 -607.8381 0.710611
209.15    -461.4365 -607.8345 0.7106968
209.16    -461.2834 -607.8309 0.7107846
209.17    -461.1302 -607.8273 0.7108741
209.18    -460.977 -607.8237 0.7109655
209.19    -460.8238 -607.82 0.7110584
209.2    -460.6705 -607.8163 0.7111529
209.21    -460.5173 -607.8127 0.7112492
209.22    -460.364 -607.809 0.7113472
209.23    -460.2107 -607.8054 0.7114468
209.24    -460.0574 -607.8017 0.7115479
209.25    -459.9041 -607.798 0.7116504
209.26    -459.7508 -607.7944 0.7117543
209.27    -459.5974 -607.7906 0.7118595
209.28    -459.4441 -607.7869 0.7119659
209.29    -459.2907 -607.7832 0.7120734
209.3    -459.1373 -607.7795 0.7121821
209.31    -458.9839 -607.7758 0.7122919
209.32    -458.8305 -607.772 0.7124025
209.33    -458.677 -607.7683 0.712514
209.34    -458.5236 -607.7646 0.7126265
209.35    -458.3701 -607.7609 0.7127398
209.36    -458.2166 -607.7571 0.7128533
209.37    -458.0631 -607.7534 0.7129671
209.38    -457.9095 -607.7496 0.7130812
209.39    -457.756 -607.7458 0.7131956
209.4    -457.6024 -607.742 0.7133103
209.41    -457.4489 -607.7382 0.7134242
209.42    -457.2953 -607.7344 0.7135372
209.43    -457.1416 -607.7307 0.7136496
209.44    -456.988 -607.7269 0.7137613
209.45    -456.8344 -607.7231 0.7138724
209.46    -456.6807 -607.7193 0.7139813
209.47    -456.527 -607.7155 0.7140881
209.48    -456.3733 -607.7117 0.714193
209.49    -456.2196 -607.7079 0.714296
209.5    -456.0659 -607.7042 0.7143974
209.51    -455.9121 -607.7004 0.7144955
209.52    -455.7584 -607.6966 0.7145904
209.53    -455.6046 -607.6929 0.7146825
209.54    -455.4508 -607.6891 0.7147718
209.55    -455.2969 -607.6853 0.7148585
209.56    -455.1431 -607.6815 0.7149411
209.57    -454.9893 -607.6777 0.7150199
209.58    -454.8354 -607.674 0.715095
209.59    -454.6815 -607.6702 0.7151668
209.6    -454.5276 -607.6664 0.7152352
209.61    -454.3737 -607.6626 0.7152991
209.62    -454.2198 -607.6588 0.7153587
209.63    -454.0658 -607.655 0.7154143
209.64    -453.9119 -607.6512 0.715466
209.65    -453.7579 -607.6475 0.715514
209.66    -453.6039 -607.6437 0.7155572
209.67    -453.4499 -607.64 0.7155957
209.68    -453.2958 -607.6362 0.7156297
209.69    -453.1418 -607.6324 0.7156596
209.7    -452.9877 -607.6287 0.7156854
209.71    -452.8336 -607.6251 0.7157064
209.72    -452.6795 -607.6213 0.715723
209.73    -452.5254 -607.6176 0.7157351
209.74    -452.3712 -607.6139 0.7157432
209.75    -452.2171 -607.6102 0.7157473
209.76    -452.0629 -607.6066 0.7157469
209.77    -451.9088 -607.6029 0.7157421
209.78    -451.7545 -607.5993 0.7157332
209.79    -451.6003 -607.5956 0.7157203
209.8    -451.4461 -607.592 0.7157037
209.81    -451.2918 -607.5884 0.7156836
209.82    -451.1375 -607.5848 0.7156594
209.83    -450.9832 -607.5812 0.7156313
209.84    -450.8289 -607.5776 0.7155996
209.85    -450.6746 -607.574 0.7155644
209.86    -450.5203 -607.5704 0.7155258
209.87    -450.3659 -607.567 0.7154835
209.88    -450.2115 -607.5634 0.7154378
209.89    -450.0572 -607.5599 0.7153888
209.9    -449.9027 -607.5564 0.7153366
209.91    -449.7483 -607.5529 0.7152812
209.92    -449.5939 -607.5495 0.7152228
209.93    -449.4394 -607.546 0.7151614
209.94    -449.2849 -607.5427 0.7150971
209.95    -449.1304 -607.5392 0.71503
209.96    -448.9759 -607.5359 0.7149604
209.97    -448.8214 -607.5325 0.714888
209.98    -448.6669 -607.5291 0.714813
209.99    -448.5123 -607.5258 0.7147354
210    -448.3577 -607.5225 0.7146555
210.01    -448.2032 -607.5192 0.714573
210.02    -448.0486 -607.5159 0.714488
210.03    -447.8939 -607.5127 0.7144006
210.04    -447.7393 -607.5095 0.714311
210.05    -447.5846 -607.5063 0.7142193
210.06    -447.4299 -607.5031 0.7141256
210.07    -447.2752 -607.4999 0.7140296
210.08    -447.1205 -607.4968 0.7139315
210.09    -446.9658 -607.4937 0.7138313
210.1    -446.8111 -607.4905 0.7137291
210.11    -446.6563 -607.4875 0.7136251
210.12    -446.5016 -607.4844 0.7135193
210.13    -446.3468 -607.4814 0.7134117
210.14    -446.192 -607.4784 0.7133025
210.15    -446.0372 -607.4755 0.7131917
210.16    -445.8824 -607.4725 0.7130795
210.17    -445.7275 -607.4696 0.712966
210.18    -445.5727 -607.4667 0.7128512
210.19    -445.4178 -607.4638 0.7127352
210.2    -445.2629 -607.4609 0.7126181
210.21    -445.1081 -607.4581 0.7125002
210.22    -444.9532 -607.4553 0.7123818
210.23    -444.7982 -607.4526 0.7122627
210.24    -444.6433 -607.4498 0.7121431
210.25    -444.4883 -607.4471 0.7120228
210.26    -444.3334 -607.4445 0.7119029
210.27    -444.1784 -607.4418 0.7117834
210.28    -444.0234 -607.4392 0.7116642
210.29    -443.8684 -607.4366 0.7115453
210.3    -443.7134 -607.434 0.7114267
210.31    -443.5584 -607.4315 0.7113094
210.32    -443.4034 -607.429 0.7111934
210.33    -443.2483 -607.4265 0.7110787
210.34    -443.0932 -607.424 0.7109651
210.35    -442.9381 -607.4216 0.7108526
210.36    -442.7831 -607.4192 0.7107424
210.37    -442.628 -607.4169 0.7106342
210.38    -442.4729 -607.4145 0.7105281
210.39    -442.3177 -607.4122 0.7104237
210.4    -442.1626 -607.41 0.7103212
210.41    -442.0075 -607.4077 0.7102216
210.42    -441.8523 -607.4055 0.7101246
210.43    -441.6972 -607.4033 0.7100301
210.44    -441.542 -607.4012 0.7099381
210.45    -441.3868 -607.399 0.7098484
210.46    -441.2316 -607.397 0.7097609
210.47    -441.0764 -607.3949 0.7096766
210.48    -440.9211 -607.3929 0.7095953
210.49    -440.7659 -607.3909 0.7095169
210.5    -440.6107 -607.3889 0.7094413
210.51    -440.4554 -607.387 0.7093682
210.52    -440.3001 -607.3851 0.7092986
210.53    -440.1449 -607.3832 0.7092321
210.54    -439.9896 -607.3813 0.7091687
210.55    -439.8343 -607.3795 0.7091082
210.56    -439.679 -607.3777 0.7090505
210.57    -439.5237 -607.376 0.7089964
210.58    -439.3683 -607.3743 0.7089456
210.59    -439.213 -607.3726 0.7088981
210.6    -439.0576 -607.371 0.7088537
210.61    -438.9023 -607.3694 0.7088122
210.62    -438.7469 -607.3679 0.7087744
210.63    -438.5915 -607.3663 0.7087401
210.64    -438.4361 -607.3648 0.7087089
210.65    -438.2807 -607.3633 0.708681
210.66    -438.1254 -607.3619 0.7086568
210.67    -437.97 -607.3604 0.7086363
210.68    -437.8146 -607.3591 0.7086192
210.69    -437.6591 -607.3577 0.7086054
