1738.14    -649.4133 -614.4903 0.7094895
1738.15    -649.2816 -614.486 0.7093271
1738.16    -649.15 -614.4816 0.7091658
1738.17    -649.0184 -614.4772 0.7090055
1738.18    -648.8868 -614.4728 0.708846
1738.19    -648.7551 -614.4684 0.7086873
1738.2    -648.6235 -614.4641 0.7085294
1738.21    -648.4918 -614.4598 0.7083722
1738.22    -648.3602 -614.4554 0.7082157
1738.23    -648.2285 -614.4511 0.7080597
1738.24    -648.0969 -614.4468 0.7079042
1738.25    -647.9652 -614.4424 0.7077493
1738.26    -647.8336 -614.4381 0.7075948
1738.27    -647.7019 -614.4338 0.7074407
1738.28    -647.5703 -614.4294 0.707287
1738.29    -647.4385 -614.4252 0.7071337
1738.3    -647.3068 -614.4208 0.7069807
1738.31    -647.1751 -614.4165 0.7068279
1738.32    -647.0434 -614.4122 0.7066755
1738.33    -646.9116 -614.4078 0.7065232
1738.34    -646.7798 -614.4035 0.7063712
1738.35    -646.6481 -614.3992 0.7062194
1738.36    -646.5163 -614.3948 0.7060677
1738.37    -646.3845 -614.3904 0.7059162
1738.38    -646.2527 -614.3861 0.7057648
1738.39    -646.1208 -614.3818 0.7056137
1738.4    -645.989 -614.3774 0.7054625
1738.41    -645.8571 -614.373 0.7053114
1738.42    -645.7252 -614.3686 0.7051604
1738.43    -645.5933 -614.3641 0.7050096
1738.44    -645.4613 -614.3597 0.7048587
1738.45    -645.3293 -614.3553 0.7047078
1738.46    -645.1973 -614.351 0.7045571
1738.47    -645.0654 -614.3466 0.7044065
1738.48    -644.9333 -614.3421 0.7042561
1738.49    -644.8013 -614.3377 0.7041059
1738.5    -644.6693 -614.3333 0.7039558
1738.51    -644.5372 -614.3289 0.7038062
1738.52    -644.4052 -614.3243 0.7036572
1738.53    -644.2731 -614.3199 0.7035086
1738.54    -644.1409 -614.3154 0.7033604
1738.55    -644.0088 -614.3109 0.7032126
1738.56    -643.8766 -614.3065 0.7030659
1738.57    -643.7445 -614.302 0.7029201
1738.58    -643.6123 -614.2975 0.7027754
1738.59    -643.4801 -614.293 0.7026314
1738.6    -643.3478 -614.2885 0.7024882
1738.61    -643.2156 -614.2839 0.7023465
1738.62    -643.0834 -614.2794 0.7022062
1738.63    -642.9511 -614.2748 0.7020672
1738.64    -642.8188 -614.2703 0.7019293
1738.65    -642.6865 -614.2657 0.7017927
1738.66    -642.5541 -614.2612 0.7016576
1738.67    -642.4218 -614.2567 0.7015241
1738.68    -642.2894 -614.252 0.7013922
1738.69    -642.157 -614.2474 0.7012615
1738.7    -642.0247 -614.2429 0.7011322
1738.71    -641.8923 -614.2383 0.7010044
1738.72    -641.7598 -614.2336 0.7008781
1738.73    -641.6274 -614.2291 0.7007533
1738.74    -641.4949 -614.2244 0.7006297
1738.75    -641.3624 -614.2198 0.7005072
1738.76    -641.2299 -614.2151 0.700386
1738.77    -641.0974 -614.2104 0.700266
1738.78    -640.9648 -614.2058 0.7001473
1738.79    -640.8323 -614.2012 0.7000296
1738.8    -640.6997 -614.1964 0.699913
1738.81    -640.5671 -614.1917 0.6997974
1738.82    -640.4344 -614.187 0.6996827
1738.83    -640.3018 -614.1823 0.699569
1738.84    -640.1692 -614.1776 0.6994562
1738.85    -640.0365 -614.1729 0.6993441
1738.86    -639.9038 -614.1681 0.6992328
1738.87    -639.7711 -614.1633 0.6991221
1738.88    -639.6384 -614.1586 0.6990126
1738.89    -639.5056 -614.1538 0.698904
1738.9    -639.3729 -614.149 0.6987964
1738.91    -639.2401 -614.1442 0.6986897
1738.92    -639.1073 -614.1393 0.6985842
1738.93    -638.9745 -614.1345 0.6984801
1738.94    -638.8417 -614.1297 0.6983773
1738.95    -638.7088 -614.1249 0.6982753
1738.96    -638.5759 -614.12 0.6981746
1738.97    -638.4431 -614.1151 0.6980757
1738.98    -638.3102 -614.1102 0.6979784
1738.99    -638.1772 -614.1053 0.6978828
1739    -638.0443 -614.1005 0.6977888
1739.01    -637.9114 -614.0955 0.6976962
1739.02    -637.7784 -614.0906 0.6976058
1739.03    -637.6454 -614.0856 0.6975174
1739.04    -637.5125 -614.0807 0.6974311
1739.05    -637.3795 -614.0757 0.6973466
1739.06    -637.2464 -614.0708 0.6972637
1739.07    -637.1133 -614.0657 0.6971834
1739.08    -636.9803 -614.0607 0.6971054
1739.09    -636.8472 -614.0557 0.6970297
1739.1    -636.7141 -614.0507 0.6969559
1739.11    -636.581 -614.0457 0.6968842
1739.12    -636.4479 -614.0406 0.6968147
1739.13    -636.3148 -614.0355 0.6967475
1739.14    -636.1816 -614.0305 0.6966823
1739.15    -636.0484 -614.0254 0.696619
1739.16    -635.9152 -614.0203 0.6965579
1739.17    -635.782 -614.0153 0.6964987
1739.18    -635.6488 -614.0101 0.6964414
1739.19    -635.5156 -614.0049 0.6963858
1739.2    -635.3823 -613.9998 0.6963319
1739.21    -635.2491 -613.9947 0.6962796
1739.22    -635.1158 -613.9896 0.6962289
1739.23    -634.9825 -613.9843 0.6961796
1739.24    -634.8492 -613.9791 0.6961316
1739.25    -634.7159 -613.9739 0.6960849
1739.26    -634.5826 -613.9688 0.6960394
1739.27    -634.4492 -613.9636 0.695995
1739.28    -634.3159 -613.9583 0.6959518
1739.29    -634.1825 -613.953 0.6959094
1739.3    -634.0491 -613.9478 0.6958681
1739.31    -633.9157 -613.9425 0.6958277
1739.32    -633.7823 -613.9373 0.695788
1739.33    -633.6489 -613.932 0.6957492
1739.34    -633.5154 -613.9266 0.6957111
1739.35    -633.382 -613.9213 0.6956737
1739.36    -633.2485 -613.916 0.695637
1739.37    -633.1151 -613.9107 0.6956007
1739.38    -632.9816 -613.9054 0.6955652
1739.39    -632.848 -613.9 0.6955302
1739.4    -632.7145 -613.8946 0.6954956
1739.41    -632.5809 -613.8892 0.6954616
1739.42    -632.4474 -613.8839 0.6954279
1739.43    -632.3138 -613.8785 0.6953947
1739.44    -632.1802 -613.8731 0.6953619
1739.45    -632.0466 -613.8676 0.6953295
1739.46    -631.913 -613.8622 0.6952974
1739.47    -631.7794 -613.8568 0.6952656
1739.48    -631.6458 -613.8513 0.6952341
1739.49    -631.5121 -613.8459 0.6952029
1739.5    -631.3784 -613.8403 0.695172
1739.51    -631.2448 -613.8348 0.6951414
1739.52    -631.1111 -613.8293 0.6951109
1739.53    -630.9774 -613.8239 0.6950808
1739.54    -630.8436 -613.8184 0.6950507
1739.55    -630.7099 -613.8129 0.6950209
1739.56    -630.5762 -613.8073 0.6949913
1739.57    -630.4424 -613.8017 0.6949618
1739.58    -630.3086 -613.7961 0.6949326
1739.59    -630.1748 -613.7906 0.6949034
1739.6    -630.041 -613.785 0.6948744
1739.61    -629.9071 -613.7794 0.6948455
1739.62    -629.7733 -613.7737 0.6948168
1739.63    -629.6394 -613.7681 0.6947882
1739.64    -629.5056 -613.7625 0.6947597
1739.65    -629.3716 -613.7569 0.6947314
1739.66    -629.2377 -613.7513 0.694703
1739.67    -629.1038 -613.7455 0.6946749
1739.68    -628.9699 -613.7399 0.694647
1739.69    -628.836 -613.7342 0.694619
1739.7    -628.702 -613.7285 0.6945912
1739.71    -628.5681 -613.7228 0.6945634
1739.72    -628.4341 -613.7172 0.6945359
1739.73    -628.3001 -613.7114 0.6945084
1739.74    -628.1661 -613.7056 0.6944812
1739.75    -628.032 -613.6999 0.694454
1739.76    -627.898 -613.6942 0.6944271
1739.77    -627.764 -613.6884 0.6944003
1739.78    -627.6299 -613.6826 0.6943738
1739.79    -627.4958 -613.6768 0.6943475
1739.8    -627.3618 -613.671 0.6943213
1739.81    -627.2277 -613.6652 0.6942953
1739.82    -627.0936 -613.6594 0.6942695
1739.83    -626.9595 -613.6536 0.6942438
1739.84    -626.8253 -613.6477 0.6942185
1739.85    -626.6912 -613.6418 0.6941933
1739.86    -626.557 -613.636 0.6941683
1739.87    -626.4229 -613.6301 0.6941435
1739.88    -626.2887 -613.6243 0.6941187
1739.89    -626.1545 -613.6184 0.6940942
1739.9    -626.0203 -613.6125 0.6940699
1739.91    -625.8861 -613.6066 0.6940456
1739.92    -625.7519 -613.6007 0.6940215
1739.93    -625.6177 -613.5948 0.6939974
1739.94    -625.4835 -613.5889 0.6939735
1739.95    -625.3492 -613.5829 0.6939498
1739.96    -625.2149 -613.577 0.693926
1739.97    -625.0806 -613.5711 0.6939024
1739.98    -624.9464 -613.5652 0.6938789
1739.99    -624.8121 -613.5593 0.6938555
1740    -624.6777 -613.5533 0.6938321
1740.01    -624.5434 -613.5474 0.6938088
1740.02    -624.4091 -613.5415 0.6937856
1740.03    -624.2747 -613.5356 0.6937624
1740.04    -624.1404 -613.5297 0.6937393
1740.05    -624.006 -613.5237 0.6937163
1740.06    -623.8716 -613.5178 0.6936933
1740.07    -623.7372 -613.5119 0.6936705
1740.08    -623.6028 -613.5059 0.6936479
1740.09    -623.4684 -613.4999 0.6936255
1740.1    -623.3339 -613.494 0.6936032
1740.11    -623.1995 -613.488 0.6935811
1740.12    -623.065 -613.482 0.6935598
1740.13    -622.9305 -613.476 0.693539
1740.14    -622.7961 -613.47 0.693519
1740.15    -622.6616 -613.4641 0.6934995
1740.16    -622.5271 -613.4581 0.6934807
1740.17    -622.3926 -613.4521 0.6934632
1740.18    -622.2581 -613.4462 0.6934472
1740.19    -622.1235 -613.4402 0.6934324
1740.2    -621.989 -613.4342 0.6934188
1740.21    -621.8545 -613.4282 0.6934072
1740.22    -621.72 -613.4222 0.6933976
1740.23    -621.5854 -613.4163 0.6933896
1740.24    -621.4508 -613.4103 0.6933834
1740.25    -621.3162 -613.4043 0.6933787
1740.26    -621.1816 -613.3983 0.6933764
1740.27    -621.0471 -613.3924 0.6933762
1740.28    -620.9125 -613.3864 0.693378
1740.29    -620.7778 -613.3805 0.6933818
1740.3    -620.6432 -613.3746 0.6933873
1740.31    -620.5085 -613.3687 0.6933953
1740.32    -620.3739 -613.3627 0.6934054
1740.33    -620.2393 -613.3569 0.6934177
1740.34    -620.1046 -613.351 0.693432
1740.35    -619.9699 -613.345 0.6934481
1740.36    -619.8353 -613.3391 0.6934664
1740.37    -619.7006 -613.3332 0.6934868
1740.38    -619.5659 -613.3273 0.6935092
1740.39    -619.4312 -613.3214 0.6935335
1740.4    -619.2965 -613.3155 0.6935595
1740.41    -619.1618 -613.3096 0.6935874
1740.42    -619.0271 -613.3036 0.6936171
1740.43    -618.8924 -613.2978 0.6936485
1740.44    -618.7576 -613.2919 0.6936815
1740.45    -618.6229 -613.2861 0.6937159
1740.46    -618.4881 -613.2803 0.6937519
1740.47    -618.3533 -613.2744 0.6937892
1740.48    -618.2186 -613.2686 0.6938278
1740.49    -618.0838 -613.2627 0.6938676
1740.5    -617.949 -613.2569 0.6939086
1740.51    -617.8141 -613.251 0.6939507
1740.52    -617.6793 -613.2452 0.6939939
1740.53    -617.5445 -613.2394 0.6940379
1740.54    -617.4097 -613.2336 0.694083
1740.55    -617.2748 -613.2278 0.694129
1740.56    -617.14 -613.222 0.6941758
1740.57    -617.0052 -613.2162 0.6942233
1740.58    -616.8704 -613.2104 0.6942717
1740.59    -616.7355 -613.2047 0.6943207
1740.6    -616.6006 -613.1989 0.6943704
1740.61    -616.4657 -613.1931 0.6944209
1740.62    -616.3308 -613.1874 0.6944719
1740.63    -616.1959 -613.1816 0.6945235
1740.64    -616.061 -613.1759 0.6945756
1740.65    -615.9261 -613.1702 0.6946283
1740.66    -615.7911 -613.1644 0.6946814
1740.67    -615.6562 -613.1588 0.694735
1740.68    -615.5212 -613.153 0.6947889
1740.69    -615.3863 -613.1473 0.6948432
1740.7    -615.2513 -613.1415 0.6948978
1740.71    -615.1164 -613.1358 0.6949527
1740.72    -614.9814 -613.1301 0.6950078
1740.73    -614.8465 -613.1245 0.6950631
1740.74    -614.7115 -613.1188 0.6951186
1740.75    -614.5765 -613.1132 0.6951743
1740.76    -614.4415 -613.1075 0.6952301
1740.77    -614.3065 -613.1018 0.6952859
1740.78    -614.1714 -613.0961 0.6953416
1740.79    -614.0364 -613.0905 0.6953976
1740.8    -613.9013 -613.0848 0.6954535
1740.81    -613.7662 -613.0791 0.6955094
1740.82    -613.6312 -613.0734 0.6955653
1740.83    -613.4962 -613.0678 0.6956213
1740.84    -613.3611 -613.0622 0.6956771
1740.85    -613.226 -613.0566 0.695733
1740.86    -613.0909 -613.051 0.6957889
1740.87    -612.9559 -613.0454 0.6958447
1740.88    -612.8208 -613.0398 0.6959006
1740.89    -612.6857 -613.0342 0.6959563
1740.9    -612.5507 -613.0286 0.6960122
1740.91    -612.4156 -613.0229 0.696068
1740.92    -612.2806 -613.0173 0.696124
1740.93    -612.1456 -613.0117 0.69618
1740.94    -612.0105 -613.0061 0.6962363
1740.95    -611.8754 -613.0005 0.6962927
1740.96    -611.7404 -612.9949 0.6963491
1740.97    -611.6053 -612.9893 0.696406
1740.98    -611.4703 -612.9836 0.6964632
1740.99    -611.3353 -612.978 0.6965207
1741    -611.2003 -612.9724 0.6965786
1741.01    -611.0653 -612.9668 0.6966371
1741.02    -610.9303 -612.9612 0.6966962
1741.03    -610.7953 -612.9556 0.6967557
1741.04    -610.6603 -612.95 0.6968159
1741.05    -610.5253 -612.9444 0.6968766
1741.06    -610.3903 -612.9388 0.6969378
1741.07    -610.2553 -612.9332 0.6969998
1741.08    -610.1204 -612.9277 0.6970626
1741.09    -609.9854 -612.9221 0.6971262
1741.1    -609.8505 -612.9166 0.6971905
1741.11    -609.7155 -612.911 0.6972553
1741.12    -609.5806 -612.9055 0.6973212
1741.13    -609.4457 -612.8999 0.6973879
1741.14    -609.3109 -612.8943 0.6974554
1741.15    -609.176 -612.8888 0.6975237
1741.16    -609.0411 -612.8832 0.6975927
1741.17    -608.9063 -612.8777 0.6976627
1741.18    -608.7715 -612.8721 0.6977335
1741.19    -608.6367 -612.8666 0.6978052
1741.2    -608.5018 -612.861 0.6978775
1741.21    -608.3671 -612.8554 0.6979513
1741.22    -608.2323 -612.8499 0.6980262
1741.23    -608.0975 -612.8443 0.6981023
1741.24    -607.9628 -612.8387 0.6981795
1741.25    -607.828 -612.8332 0.6982578
1741.26    -607.6933 -612.8276 0.6983371
1741.27    -607.5586 -612.8221 0.6984181
1741.28    -607.4239 -612.8165 0.6985009
1741.29    -607.2892 -612.811 0.6985854
1741.3    -607.1546 -612.8054 0.6986714
1741.31    -607.02 -612.7999 0.6987597
1741.32    -606.8854 -612.7943 0.6988503
1741.33    -606.7508 -612.7888 0.698943
1741.34    -606.6162 -612.7832 0.6990377
1741.35    -606.4816 -612.7776 0.6991342
1741.36    -606.3471 -612.7721 0.6992334
1741.37    -606.2126 -612.7665 0.699335
1741.38    -606.0781 -612.761 0.6994389
1741.39    -605.9435 -612.7554 0.699545
1741.4    -605.809 -612.7499 0.6996531
1741.41    -605.6745 -612.7443 0.6997631
1741.42    -605.54 -612.7388 0.6998754
1741.43    -605.4056 -612.7332 0.6999897
1741.44    -605.2711 -612.7277 0.7001058
1741.45    -605.1367 -612.7221 0.7002238
1741.46    -605.0023 -612.7166 0.7003436
1741.47    -604.8679 -612.711 0.700465
1741.48    -604.7335 -612.7054 0.7005879
1741.49    -604.5991 -612.6999 0.7007123
1741.5    -604.4648 -612.6943 0.7008381
1741.51    -604.3304 -612.6888 0.7009652
1741.52    -604.1962 -612.6832 0.7010936
1741.53    -604.0619 -612.6777 0.7012233
1741.54    -603.9276 -612.6721 0.701354
1741.55    -603.7933 -612.6666 0.7014857
1741.56    -603.6591 -612.661 0.7016185
1741.57    -603.5248 -612.6555 0.7017522
1741.58    -603.3906 -612.6499 0.7018868
1741.59    -603.2564 -612.6443 0.7020223
1741.6    -603.1222 -612.6388 0.7021585
1741.61    -602.988 -612.6332 0.7022955
1741.62    -602.8538 -612.6277 0.7024333
1741.63    -602.7197 -612.6221 0.7025717
1741.64    -602.5855 -612.6166 0.7027107
1741.65    -602.4514 -612.611 0.7028502
1741.66    -602.3173 -612.6055 0.7029902
1741.67    -602.1832 -612.5999 0.7031305
1741.68    -602.0491 -612.5944 0.7032713
1741.69    -601.915 -612.5888 0.7034122
1741.7    -601.781 -612.5833 0.7035534
1741.71    -601.647 -612.5777 0.7036949
1741.72    -601.513 -612.5721 0.7038364
1741.73    -601.379 -612.5666 0.7039779
1741.74    -601.2451 -612.561 0.7041195
1741.75    -601.1111 -612.5555 0.704261
1741.76    -600.9772 -612.55 0.7044025
1741.77    -600.8433 -612.5445 0.7045438
1741.78    -600.7094 -612.5391 0.704685
1741.79    -600.5754 -612.5336 0.7048261
1741.8    -600.4415 -612.5281 0.7049671
1741.81    -600.3077 -612.5226 0.7051079
1741.82    -600.1738 -612.5171 0.7052484
1741.83    -600.04 -612.5116 0.7053888
1741.84    -599.9061 -612.5061 0.7055289
1741.85    -599.7723 -612.5006 0.7056689
1741.86    -599.6384 -612.4951 0.7058088
1741.87    -599.5046 -612.4896 0.7059482
1741.88    -599.3708 -612.4841 0.7060875
1741.89    -599.2371 -612.4786 0.7062264
1741.9    -599.1034 -612.4731 0.7063651
1741.91    -598.9697 -612.4677 0.7065035
1741.92    -598.836 -612.4622 0.7066414
1741.93    -598.7023 -612.4567 0.706779
1741.94    -598.5687 -612.4512 0.7069159
1741.95    -598.435 -612.4457 0.7070525
1741.96    -598.3013 -612.4402 0.7071887
1741.97    -598.1677 -612.4347 0.7073244
1741.98    -598.0341 -612.4292 0.7074594
1741.99    -597.9005 -612.4237 0.7075936
1742    -597.7668 -612.4182 0.707727
1742.01    -597.6332 -612.4128 0.7078596
1742.02    -597.4997 -612.4073 0.7079911
1742.03    -597.3661 -612.4019 0.7081214
1742.04    -597.2326 -612.3964 0.7082506
1742.05    -597.0991 -612.391 0.7083789
1742.06    -596.9656 -612.3856 0.7085062
1742.07    -596.8321 -612.3801 0.7086317
1742.08    -596.6986 -612.3747 0.7087556
1742.09    -596.5652 -612.3693 0.7088778
1742.1    -596.4318 -612.3638 0.7089986
1742.11    -596.2983 -612.3584 0.7091179
1742.12    -596.165 -612.353 0.709235
1742.13    -596.0316 -612.3475 0.7093501
1742.14    -595.8983 -612.3421 0.7094632
1742.15    -595.7649 -612.3367 0.7095744
1742.16    -595.6315 -612.3312 0.7096839
1742.17    -595.4982 -612.3258 0.709791
1742.18    -595.3649 -612.3204 0.7098958
1742.19    -595.2316 -612.3149 0.7099986
1742.2    -595.0983 -612.3095 0.7100994
1742.21    -594.965 -612.3041 0.7101982
1742.22    -594.8318 -612.2986 0.7102948
1742.23    -594.6985 -612.2933 0.7103892
1742.24    -594.5653 -612.2878 0.7104817
1742.25    -594.4321 -612.2825 0.7105722
1742.26    -594.2989 -612.2771 0.710661
1742.27    -594.1657 -612.2717 0.7107479
1742.28    -594.0325 -612.2664 0.7108331
1742.29    -593.8994 -612.261 0.7109169
1742.3    -593.7662 -612.2556 0.7109991
1742.31    -593.6331 -612.2502 0.7110799
1742.32    -593.5 -612.2449 0.7111593
1742.33    -593.3669 -612.2395 0.7112375
1742.34    -593.2339 -612.2341 0.7113146
1742.35    -593.1008 -612.2288 0.7113905
1742.36    -592.9678 -612.2234 0.7114652
1742.37    -592.8348 -612.218 0.711539
1742.38    -592.7018 -612.2126 0.7116117
1742.39    -592.5688 -612.2073 0.7116834
1742.4    -592.4359 -612.2019 0.7117541
1742.41    -592.3029 -612.1965 0.711824
1742.42    -592.17 -612.1912 0.7118929
1742.43    -592.037 -612.1858 0.711961
1742.44    -591.9041 -612.1805 0.7120282
1742.45    -591.7712 -612.1752 0.7120947
1742.46    -591.6382 -612.1699 0.7121603
1742.47    -591.5054 -612.1646 0.7122251
1742.48    -591.3725 -612.1593 0.712289
1742.49    -591.2396 -612.154 0.712352
1742.5    -591.1068 -612.1487 0.7124142
1742.51    -590.974 -612.1434 0.7124755
1742.52    -590.8412 -612.1381 0.712536
1742.53    -590.7084 -612.1328 0.7125956
1742.54    -590.5757 -612.1274 0.7126545
1742.55    -590.4429 -612.1221 0.7127126
1742.56    -590.3102 -612.1168 0.7127701
1742.57    -590.1775 -612.1115 0.7128268
1742.58    -590.0448 -612.1062 0.712883
1742.59    -589.9121 -612.1009 0.7129384
1742.6    -589.7794 -612.0956 0.7129934
1742.61    -589.6467 -612.0903 0.7130477
1742.62    -589.5141 -612.085 0.7131015
1742.63    -589.3815 -612.0797 0.7131549
1742.64    -589.2488 -612.0744 0.7132077
1742.65    -589.1162 -612.0692 0.7132601
1742.66    -588.9836 -612.064 0.7133121
1742.67    -588.851 -612.0587 0.7133637
1742.68    -588.7184 -612.0535 0.7134149
1742.69    -588.5859 -612.0482 0.7134658
1742.7    -588.4534 -612.043 0.7135162
1742.71    -588.3209 -612.0377 0.7135664
1742.72    -588.1884 -612.0325 0.7136164
1742.73    -588.0558 -612.0272 0.7136659
1742.74    -587.9234 -612.022 0.7137153
1742.75    -587.791 -612.0167 0.7137644
1742.76    -587.6585 -612.0115 0.7138132
1742.77    -587.5261 -612.0062 0.7138618
1742.78    -587.3937 -612.001 0.7139102
1742.79    -587.2614 -611.9957 0.7139583
1742.8    -587.129 -611.9905 0.7140063
1742.81    -586.9966 -611.9852 0.7140542
1742.82    -586.8643 -611.98 0.714102
1742.83    -586.732 -611.9749 0.7141496
1742.84    -586.5997 -611.9697 0.7141971
1742.85    -586.4673 -611.9645 0.7142444
1742.86    -586.3351 -611.9593 0.7142918
1742.87    -586.2028 -611.9542 0.7143392
1742.88    -586.0706 -611.949 0.7143866
1742.89    -585.9383 -611.9438 0.714434
1742.9    -585.806 -611.9386 0.7144814
1742.91    -585.6738 -611.9334 0.7145288
1742.92    -585.5416 -611.9282 0.7145763
1742.93    -585.4094 -611.923 0.7146241
1742.94    -585.2773 -611.9178 0.7146721
1742.95    -585.1451 -611.9127 0.7147202
1742.96    -585.013 -611.9075 0.7147685
1742.97    -584.8809 -611.9023 0.714817
1742.98    -584.7488 -611.8971 0.7148657
1742.99    -584.6167 -611.8919 0.7149146
1743    -584.4846 -611.8867 0.7149637
1743.01    -584.3525 -611.8816 0.7150129
1743.02    -584.2205 -611.8765 0.7150623
1743.03    -584.0885 -611.8713 0.7151119
1743.04    -583.9565 -611.8662 0.7151616
1743.05    -583.8245 -611.8611 0.7152115
1743.06    -583.6924 -611.856 0.7152615
1743.07    -583.5605 -611.8509 0.7153116
1743.08    -583.4285 -611.8458 0.7153619
1743.09    -583.2966 -611.8406 0.7154123
1743.1    -583.1646 -611.8355 0.7154628
1743.11    -583.0327 -611.8304 0.7155134
1743.12    -582.9008 -611.8253 0.7155642
1743.13    -582.7689 -611.8203 0.715615
1743.14    -582.637 -611.8152 0.715666
1743.15    -582.5051 -611.8101 0.715717
1743.16    -582.3733 -611.8051 0.7157682
1743.17    -582.2415 -611.8 0.7158192
1743.18    -582.1097 -611.795 0.7158702
1743.19    -581.9779 -611.7899 0.7159211
1743.2    -581.8461 -611.7849 0.715972
1743.21    -581.7144 -611.7798 0.7160228
1743.22    -581.5826 -611.7748 0.7160731
1743.23    -581.4509 -611.7698 0.7161229
1743.24    -581.3192 -611.7649 0.7161723
1743.25    -581.1875 -611.7599 0.7162213
1743.26    -581.0558 -611.7549 0.7162691
1743.27    -580.9242 -611.7499 0.716316
1743.28    -580.7925 -611.7449 0.7163619
1743.29    -580.6609 -611.7399 0.7164068
1743.3    -580.5292 -611.735 0.7164509
1743.31    -580.3976 -611.73 0.7164934
1743.32    -580.2661 -611.7251 0.7165344
1743.33    -580.1345 -611.7202 0.716574
1743.34    -580.0029 -611.7152 0.7166122
1743.35    -579.8713 -611.7103 0.7166492
1743.36    -579.7397 -611.7054 0.7166849
1743.37    -579.6082 -611.7005 0.7167188
1743.38    -579.4767 -611.6956 0.7167509
1743.39    -579.3452 -611.6907 0.7167814
1743.4    -579.2137 -611.6859 0.7168103
1743.41    -579.0823 -611.681 0.7168377
1743.42    -578.9508 -611.6761 0.7168632
1743.43    -578.8194 -611.6713 0.7168868
1743.44    -578.688 -611.6664 0.7169086
1743.45    -578.5566 -611.6616 0.7169289
1743.46    -578.4252 -611.6568 0.7169476
1743.47    -578.2938 -611.652 0.7169643
1743.48    -578.1625 -611.6472 0.7169791
1743.49    -578.0311 -611.6424 0.7169921
1743.5    -577.8998 -611.6376 0.7170035
1743.51    -577.7685 -611.6328 0.7170129
1743.52    -577.6372 -611.6281 0.7170206
1743.53    -577.5059 -611.6234 0.7170264
1743.54    -577.3746 -611.6186 0.7170306
1743.55    -577.2433 -611.6138 0.7170331
1743.56    -577.1121 -611.6091 0.7170339
1743.57    -576.9809 -611.6044 0.717033
1743.58    -576.8497 -611.5997 0.7170304
1743.59    -576.7184 -611.595 0.7170262
1743.6    -576.5872 -611.5903 0.7170206
1743.61    -576.4561 -611.5856 0.7170133
1743.62    -576.3249 -611.581 0.7170043
1743.63    -576.1937 -611.5764 0.7169937
1743.64    -576.0626 -611.5717 0.7169816
1743.65    -575.9315 -611.5671 0.7169682
1743.66    -575.8004 -611.5624 0.7169531
1743.67    -575.6693 -611.5579 0.7169364
1743.68    -575.5383 -611.5532 0.7169182
1743.69    -575.4072 -611.5486 0.7168986
1743.7    -575.2762 -611.5441 0.7168777
1743.71    -575.1451 -611.5395 0.7168555
1743.72    -575.0142 -611.535 0.7168318
1743.73    -574.8832 -611.5304 0.7168069
1743.74    -574.7522 -611.5258 0.7167806
1743.75    -574.6212 -611.5213 0.7167531
1743.76    -574.4902 -611.5168 0.7167245
1743.77    -574.3593 -611.5123 0.7166947
1743.78    -574.2284 -611.5078 0.7166638
1743.79    -574.0975 -611.5033 0.7166318
1743.8    -573.9666 -611.4988 0.7165987
1743.81    -573.8357 -611.4944 0.7165646
1743.82    -573.7048 -611.49 0.7165295
1743.83    -573.574 -611.4855 0.7164935
1743.84    -573.4431 -611.4811 0.7164565
1743.85    -573.3123 -611.4767 0.7164188
1743.86    -573.1815 -611.4724 0.7163802
1743.87    -573.0507 -611.468 0.7163409
1743.88    -572.9199 -611.4636 0.7163008
1743.89    -572.7892 -611.4592 0.71626
1743.9    -572.6584 -611.4548 0.7162184
1743.91    -572.5277 -611.4505 0.7161762
1743.92    -572.397 -611.4462 0.7161334
1743.93    -572.2662 -611.4418 0.71609
1743.94    -572.1355 -611.4375 0.716046
1743.95    -572.0048 -611.4332 0.7160015
1743.96    -571.874 -611.429 0.7159564
1743.97    -571.7433 -611.4247 0.715911
1743.98    -571.6127 -611.4204 0.715865
1743.99    -571.4819 -611.4161 0.7158185
1744    -571.3512 -611.4119 0.7157717
1744.01    -571.2205 -611.4077 0.7157243
1744.02    -571.0898 -611.4034 0.7156765
1744.03    -570.9592 -611.3992 0.7156284
1744.04    -570.8285 -611.395 0.7155797
1744.05    -570.6978 -611.3908 0.7155308
1744.06    -570.5671 -611.3867 0.7154815
1744.07    -570.4365 -611.3825 0.7154316
1744.08    -570.3058 -611.3784 0.7153812
1744.09    -570.1751 -611.3742 0.7153302
1744.1    -570.0444 -611.3701 0.7152789
1744.11    -569.9138 -611.366 0.715227
1744.12    -569.7831 -611.3619 0.7151745
1744.13    -569.6524 -611.3578 0.7151213
1744.14    -569.5217 -611.3537 0.7150676
1744.15    -569.3911 -611.3497 0.7150132
1744.16    -569.2604 -611.3456 0.7149583
1744.17    -569.1297 -611.3415 0.7149026
1744.18    -568.999 -611.3375 0.7148463
1744.19    -568.8683 -611.3334 0.7147893
1744.2    -568.7377 -611.3295 0.7147316
1744.21    -568.607 -611.3254 0.7146733
1744.22    -568.4764 -611.3214 0.7146145
1744.23    -568.3458 -611.3174 0.714555
1744.24    -568.2151 -611.3135 0.7144951
1744.25    -568.0845 -611.3096 0.7144346
1744.26    -567.9538 -611.3056 0.7143736
1744.27    -567.8232 -611.3016 0.7143124
1744.28    -567.6926 -611.2977 0.7142509
1744.29    -567.562 -611.2938 0.7141891
1744.3    -567.4313 -611.29 0.7141269
1744.31    -567.3007 -611.2861 0.7140651
1744.32    -567.17 -611.2822 0.7140036
1744.33    -567.0394 -611.2783 0.7139423
1744.34    -566.9088 -611.2745 0.7138811
1744.35    -566.7782 -611.2707 0.7138202
1744.36    -566.6476 -611.2668 0.7137602
1744.37    -566.5171 -611.263 0.7137011
1744.38    -566.3865 -611.2592 0.7136429
1744.39    -566.256 -611.2554 0.7135855
1744.4    -566.1254 -611.2516 0.7135288
1744.41    -565.9949 -611.2479 0.7134736
1744.42    -565.8643 -611.2441 0.7134197
1744.43    -565.7338 -611.2403 0.7133671
1744.44    -565.6032 -611.2366 0.7133157
1744.45    -565.4727 -611.2329 0.7132655
1744.46    -565.3422 -611.2292 0.7132164
1744.47    -565.2117 -611.2255 0.7131688
1744.48    -565.0812 -611.2217 0.7131227
1744.49    -564.9507 -611.2181 0.7130778
1744.5    -564.8202 -611.2145 0.7130345
1744.51    -564.6898 -611.2108 0.7129922
1744.52    -564.5593 -611.2072 0.7129514
1744.53    -564.4289 -611.2035 0.712912
1744.54    -564.2985 -611.2 0.7128739
1744.55    -564.1682 -611.1964 0.712837
1744.56    -564.0378 -611.1927 0.7128016
1744.57    -563.9074 -611.1891 0.7127677
1744.58    -563.7771 -611.1855 0.712735
1744.59    -563.6468 -611.182 0.7127037
1744.6    -563.5165 -611.1785 0.7126734
1744.61    -563.3862 -611.1749 0.7126447
1744.62    -563.256 -611.1714 0.7126174
1744.63    -563.1257 -611.1678 0.7125913
1744.64    -562.9955 -611.1644 0.7125664
1744.65    -562.8652 -611.1608 0.7125427
1744.66    -562.735 -611.1573 0.7125202
1744.67    -562.6048 -611.1538 0.7124993
1744.68    -562.4746 -611.1503 0.7124799
1744.69    -562.3444 -611.1469 0.7124621
1744.7    -562.2142 -611.1434 0.7124457
1744.71    -562.084 -611.14 0.7124306
1744.72    -561.9539 -611.1365 0.7124172
1744.73    -561.8238 -611.133 0.7124054
1744.74    -561.6937 -611.1295 0.7123952
1744.75    -561.5636 -611.1261 0.7123865
1744.76    -561.4335 -611.1227 0.7123792
1744.77    -561.3035 -611.1193 0.7123734
1744.78    -561.1734 -611.1158 0.712369
1744.79    -561.0434 -611.1124 0.7123658
1744.8    -560.9134 -611.109 0.7123638
1744.81    -560.7834 -611.1056 0.7123631
1744.82    -560.6534 -611.1022 0.7123635
1744.83    -560.5235 -611.0988 0.712365
1744.84    -560.3936 -611.0955 0.7123675
1744.85    -560.2636 -611.0921 0.7123711
1744.86    -560.1337 -611.0887 0.7123755
1744.87    -560.0038 -611.0854 0.7123809
1744.88    -559.874 -611.082 0.7123871
1744.89    -559.7441 -611.0787 0.7123942
1744.9    -559.6142 -611.0753 0.712402
1744.91    -559.4843 -611.072 0.7124106
1744.92    -559.3545 -611.0686 0.7124198
1744.93    -559.2247 -611.0652 0.7124298
1744.94    -559.0948 -611.0619 0.7124404
1744.95    -558.965 -611.0585 0.7124516
1744.96    -558.8352 -611.0552 0.7124634
1744.97    -558.7054 -611.0519 0.7124758
1744.98    -558.5756 -611.0486 0.7124887
1744.99    -558.4459 -611.0453 0.7125021
1745    -558.3161 -611.042 0.712516
1745.01    -558.1863 -611.0387 0.7125304
1745.02    -558.0566 -611.0354 0.7125452
1745.03    -557.9268 -611.0321 0.7125604
1745.04    -557.7971 -611.0288 0.712576
1745.05    -557.6673 -611.0255 0.7125921
1745.06    -557.5375 -611.0221 0.7126085
1745.07    -557.4078 -611.0187 0.7126252
1745.08    -557.278 -611.0154 0.7126423
1745.09    -557.1483 -611.012 0.7126597
1745.1    -557.0185 -611.0087 0.7126774
1745.11    -556.8888 -611.0053 0.7126955
1745.12    -556.7591 -611.002 0.7127138
1745.13    -556.6293 -610.9986 0.7127324
1745.14    -556.4996 -610.9952 0.7127512
1745.15    -556.3698 -610.9918 0.7127703
1745.16    -556.2401 -610.9885 0.7127896
1745.17    -556.1104 -610.9851 0.7128091
1745.18    -555.9807 -610.9817 0.7128289
1745.19    -555.851 -610.9782 0.7128489
1745.2    -555.7213 -610.9748 0.7128691
1745.21    -555.5916 -610.9714 0.7128894
1745.22    -555.4619 -610.968 0.71291
1745.23    -555.3322 -610.9645 0.7129306
1745.24    -555.2025 -610.9611 0.7129515
1745.25    -555.0728 -610.9576 0.7129726
1745.26    -554.9431 -610.9541 0.7129938
1745.27    -554.8134 -610.9506 0.7130152
1745.28    -554.6837 -610.9471 0.7130367
1745.29    -554.554 -610.9437 0.7130583
1745.3    -554.4243 -610.9401 0.7130799
1745.31    -554.2946 -610.9366 0.7131019
1745.32    -554.1649 -610.9332 0.7131239
1745.33    -554.0352 -610.9296 0.7131459
1745.34    -553.9055 -610.926 0.7131681
1745.35    -553.7758 -610.9225 0.7131905
1745.36    -553.6461 -610.9189 0.7132128
1745.37    -553.5164 -610.9153 0.7132352
1745.38    -553.3867 -610.9117 0.7132577
1745.39    -553.257 -610.9081 0.7132801
1745.4    -553.1273 -610.9045 0.7133027
1745.41    -552.9976 -610.9009 0.7133254
1745.42    -552.8679 -610.8972 0.7133481
1745.43    -552.7383 -610.8936 0.7133706
1745.44    -552.6086 -610.8899 0.7133933
1745.45    -552.4789 -610.8862 0.7134159
1745.46    -552.3492 -610.8825 0.7134385
1745.47    -552.2196 -610.8788 0.7134609
1745.48    -552.09 -610.875 0.7134833
1745.49    -551.9603 -610.8713 0.7135057
1745.5    -551.8307 -610.8676 0.713528
1745.51    -551.701 -610.8637 0.7135501
1745.52    -551.5714 -610.8599 0.713572
1745.53    -551.4418 -610.8561 0.7135938
1745.54    -551.3121 -610.8523 0.7136155
1745.55    -551.1825 -610.8484 0.713637
1745.56    -551.0529 -610.8445 0.7136578
1745.57    -550.9232 -610.8407 0.7136781
1745.58    -550.7936 -610.8369 0.7136979
1745.59    -550.6639 -610.8329 0.7137171
1745.6    -550.5343 -610.829 0.7137358
1745.61    -550.4047 -610.8251 0.7137534
1745.62    -550.275 -610.8211 0.7137699
1745.63    -550.1454 -610.8171 0.7137855
1745.64    -550.0157 -610.8132 0.7138
1745.65    -549.8861 -610.8091 0.7138136
1745.66    -549.7565 -610.8052 0.7138255
1745.67    -549.6269 -610.8011 0.7138355
1745.68    -549.4973 -610.7971 0.7138441
1745.69    -549.3676 -610.793 0.7138511
1745.7    -549.238 -610.789 0.7138567
1745.71    -549.1083 -610.7849 0.7138609
1745.72    -548.9788 -610.7808 0.7138629
1745.73    -548.8492 -610.7767 0.713863
1745.74    -548.7195 -610.7725 0.713861
1745.75    -548.5899 -610.7684 0.7138572
1745.76    -548.4603 -610.7642 0.7138512
1745.77    -548.3307 -610.7601 0.713843
1745.78    -548.2012 -610.7559 0.7138329
1745.79    -548.0716 -610.7516 0.7138208
1745.8    -547.942 -610.7474 0.7138067
1745.81    -547.8124 -610.7432 0.7137907
1745.82    -547.6829 -610.739 0.7137726
1745.83    -547.5533 -610.7347 0.7137526
1745.84    -547.4237 -610.7303 0.7137308
1745.85    -547.2941 -610.7261 0.7137072
1745.86    -547.1646 -610.7218 0.7136815
1745.87    -547.035 -610.7175 0.7136539
1745.88    -546.9054 -610.7131 0.7136242
1745.89    -546.7758 -610.7087 0.7135928
1745.9    -546.6462 -610.7043 0.7135595
1745.91    -546.5167 -610.6999 0.7135241
1745.92    -546.3871 -610.6955 0.7134866
1745.93    -546.2575 -610.6911 0.7134469
1745.94    -546.1279 -610.6866 0.7134054
1745.95    -545.9984 -610.6821 0.713362
1745.96    -545.8688 -610.6777 0.7133163
1745.97    -545.7393 -610.6732 0.7132683
1745.98    -545.6097 -610.6687 0.7132181
1745.99    -545.4802 -610.6641 0.7131658
1746    -545.3506 -610.6596 0.7131115
1746.01    -545.2211 -610.6551 0.7130546
1746.02    -545.0916 -610.6505 0.712995
1746.03    -544.962 -610.646 0.712933
1746.04    -544.8325 -610.6414 0.7128686
1746.05    -544.703 -610.6368 0.7128019
1746.06    -544.5734 -610.6322 0.7127331
1746.07    -544.4439 -610.6276 0.7126615
1746.08    -544.3144 -610.623 0.7125871
1746.09    -544.1849 -610.6183 0.71251
1746.1    -544.0554 -610.6136 0.7124305
1746.11    -543.9258 -610.609 0.712348
1746.12    -543.7963 -610.6043 0.7122629
1746.13    -543.6668 -610.5996 0.712175
1746.14    -543.5373 -610.5948 0.7120846
1746.15    -543.4078 -610.5901 0.7119918
1746.16    -543.2783 -610.5854 0.7118965
1746.17    -543.1487 -610.5806 0.7117988
1746.18    -543.0192 -610.5758 0.7116989
1746.19    -542.8897 -610.571 0.7115967
1746.2    -542.7602 -610.5662 0.7114925
1746.21    -542.6307 -610.5614 0.7113863
1746.22    -542.5012 -610.5565 0.7112782
1746.23    -542.3717 -610.5517 0.7111682
1746.24    -542.2422 -610.5469 0.7110566
1746.25    -542.1127 -610.5421 0.7109433
1746.26    -541.9832 -610.5372 0.7108284
1746.27    -541.8538 -610.5324 0.7107119
1746.28    -541.7243 -610.5275 0.7105941
1746.29    -541.5948 -610.5226 0.7104747
1746.3    -541.4653 -610.5178 0.7103542
1746.31    -541.3359 -610.5129 0.7102324
1746.32    -541.2064 -610.508 0.7101094
1746.33    -541.077 -610.5031 0.7099852
1746.34    -540.9475 -610.4982 0.70986
1746.35    -540.8181 -610.4933 0.7097338
1746.36    -540.6886 -610.4884 0.7096069
1746.37    -540.5591 -610.4835 0.7094793
1746.38    -540.4297 -610.4785 0.7093511
1746.39    -540.3002 -610.4735 0.7092223
1746.4    -540.1708 -610.4686 0.7090929
1746.41    -540.0413 -610.4636 0.7089629
1746.42    -539.9119 -610.4587 0.708833
1746.43    -539.7824 -610.4537 0.7087031
1746.44    -539.653 -610.4487 0.7085732
1746.45    -539.5235 -610.4437 0.7084433
1746.46    -539.394 -610.4387 0.7083133
1746.47    -539.2646 -610.4337 0.7081841
1746.48    -539.1351 -610.4286 0.7080554
1746.49    -539.0057 -610.4236 0.7079274
1746.5    -538.8762 -610.4186 0.7077999
1746.51    -538.7468 -610.4136 0.7076734
1746.52    -538.6174 -610.4086 0.7075477
1746.53    -538.488 -610.4035 0.707423
1746.54    -538.3585 -610.3984 0.707299
1746.55    -538.2291 -610.3934 0.7071759
1746.56    -538.0997 -610.3883 0.7070538
1746.57    -537.9703 -610.3832 0.7069327
1746.58    -537.8409 -610.3782 0.7068124
1746.59    -537.7115 -610.373 0.7066931
1746.6    -537.5821 -610.3679 0.7065746
1746.61    -537.4527 -610.3628 0.7064571
1746.62    -537.3233 -610.3577 0.7063405
1746.63    -537.1939 -610.3525 0.7062249
1746.64    -537.0645 -610.3474 0.7061101
1746.65    -536.9351 -610.3423 0.7059962
1746.66    -536.8057 -610.3372 0.705883
1746.67    -536.6763 -610.332 0.705771
1746.68    -536.5469 -610.3268 0.7056602
1746.69    -536.4175 -610.3217 0.7055503
1746.7    -536.2881 -610.3165 0.7054415
1746.71    -536.1588 -610.3113 0.7053337
1746.72    -536.0294 -610.3061 0.7052275
1746.73    -535.9 -610.3009 0.7051229
1746.74    -535.7706 -610.2957 0.7050198
1746.75    -535.6412 -610.2905 0.7049181
1746.76    -535.5118 -610.2853 0.7048178
1746.77    -535.3824 -610.2802 0.70472
1746.78    -535.253 -610.2749 0.7046245
1746.79    -535.1236 -610.2697 0.7045312
1746.8    -534.9942 -610.2644 0.70444
1746.81    -534.8648 -610.2592 0.7043508
1746.82    -534.7355 -610.2539 0.7042645
1746.83    -534.6061 -610.2487 0.7041809
1746.84    -534.4768 -610.2434 0.7040998
1746.85    -534.3474 -610.2382 0.7040212
1746.86    -534.218 -610.2329 0.7039449
1746.87    -534.0887 -610.2276 0.7038718
1746.88    -533.9594 -610.2224 0.7038019
1746.89    -533.83 -610.217 0.7037348
1746.9    -533.7007 -610.2117 0.7036704
1746.91    -533.5714 -610.2064 0.7036095
1746.92    -533.442 -610.2011 0.7035518
1746.93    -533.3127 -610.1958 0.7034973
1746.94    -533.1833 -610.1905 0.7034457
1746.95    -533.054 -610.1851 0.7033969
1746.96    -532.9247 -610.1798 0.7033508
1746.97    -532.7953 -610.1745 0.7033082
1746.98    -532.666 -610.1692 0.7032686
1746.99    -532.5367 -610.1639 0.7032323
1747    -532.4073 -610.1586 0.703199
1747.01    -532.278 -610.1532 0.7031684
1747.02    -532.1487 -610.1478 0.7031405
1747.03    -532.0193 -610.1425 0.7031161
1747.04    -531.89 -610.1371 0.7030948
1747.05    -531.7607 -610.1317 0.7030768
1747.06    -531.6313 -610.1263 0.7030618
1747.07    -531.502 -610.1209 0.7030503
1747.08    -531.3727 -610.1155 0.7030419
1747.09    -531.2433 -610.1102 0.7030365
1747.1    -531.114 -610.1048 0.7030342
1747.11    -530.9847 -610.0994 0.7030346
1747.12    -530.8554 -610.0941 0.7030384
1747.13    -530.7261 -610.0887 0.7030452
1747.14    -530.5968 -610.0833 0.7030551
1747.15    -530.4675 -610.0779 0.7030679
1747.16    -530.3381 -610.0726 0.7030834
1747.17    -530.2089 -610.0672 0.7031019
1747.18    -530.0796 -610.0618 0.7031231
1747.19    -529.9503 -610.0565 0.7031471
1747.2    -529.821 -610.0511 0.7031737
1747.21    -529.6918 -610.0457 0.7032027
1747.22    -529.5625 -610.0402 0.7032341
1747.23    -529.4332 -610.0348 0.703268
1747.24    -529.304 -610.0294 0.7033041
1747.25    -529.1747 -610.0239 0.7033423
1747.26    -529.0454 -610.0185 0.7033826
1747.27    -528.9161 -610.0131 0.7034248
1747.28    -528.7869 -610.0076 0.703469
1747.29    -528.6576 -610.0022 0.7035149
1747.3    -528.5283 -609.9968 0.7035625
1747.31    -528.399 -609.9913 0.7036118
1747.32    -528.2698 -609.9859 0.7036626
1747.33    -528.1405 -609.9805 0.703715
1747.34    -528.0112 -609.975 0.7037687
1747.35    -527.882 -609.9696 0.7038239
1747.36    -527.7527 -609.9642 0.7038803
1747.37    -527.6235 -609.9587 0.703938
1747.38    -527.4942 -609.9533 0.7039968
1747.39    -527.3649 -609.9479 0.7040569
1747.4    -527.2357 -609.9424 0.704118
1747.41    -527.1064 -609.937 0.7041802
1747.42    -526.9772 -609.9316 0.7042435
1747.43    -526.848 -609.9261 0.7043076
1747.44    -526.7188 -609.9207 0.7043727
1747.45    -526.5895 -609.9153 0.7044386
1747.46    -526.4603 -609.9099 0.7045054
1747.47    -526.3311 -609.9045 0.704573
1747.48    -526.2018 -609.899 0.7046415
1747.49    -526.0726 -609.8936 0.7047105
1747.5    -525.9434 -609.8882 0.7047803
1747.51    -525.8141 -609.8828 0.7048507
1747.52    -525.6849 -609.8773 0.7049215
1747.53    -525.5557 -609.8719 0.7049929
1747.54    -525.4265 -609.8665 0.7050647
1747.55    -525.2972 -609.861 0.705137
1747.56    -525.168 -609.8556 0.7052096
1747.57    -525.0388 -609.8502 0.7052825
1747.58    -524.9095 -609.8447 0.7053555
1747.59    -524.7803 -609.8393 0.7054288
1747.6    -524.6511 -609.8339 0.7055022
1747.61    -524.5219 -609.8284 0.7055754
1747.62    -524.3926 -609.823 0.7056484
1747.63    -524.2634 -609.8176 0.7057213
1747.64    -524.1341 -609.8121 0.705794
1747.65    -524.0048 -609.8067 0.7058665
1747.66    -523.8755 -609.8013 0.7059389
1747.67    -523.7463 -609.7958 0.7060107
1747.68    -523.617 -609.7904 0.7060819
1747.69    -523.4877 -609.785 0.7061525
1747.7    -523.3585 -609.7795 0.7062225
1747.71    -523.2291 -609.7741 0.7062921
1747.72    -523.0999 -609.7687 0.7063606
1747.73    -522.9705 -609.7632 0.7064281
1747.74    -522.8412 -609.7577 0.7064946
1747.75    -522.7119 -609.7522 0.7065603
1747.76    -522.5825 -609.7467 0.7066251
1747.77    -522.4532 -609.7412 0.7066886
1747.78    -522.3239 -609.7357 0.7067509
1747.79    -522.1945 -609.7302 0.7068121
1747.8    -522.0651 -609.7247 0.7068721
1747.81    -521.9357 -609.7192 0.7069311
1747.82    -521.8063 -609.7137 0.7069888
1747.83    -521.6769 -609.7083 0.7070454
1747.84    -521.5475 -609.7027 0.7071007
1747.85    -521.4182 -609.6972 0.7071551
1747.86    -521.2888 -609.6917 0.7072081
1747.87    -521.1594 -609.6862 0.7072598
1747.88    -521.03 -609.6807 0.7073102
1747.89    -520.9005 -609.6752 0.7073596
1747.9    -520.7711 -609.6696 0.7074078
1747.91    -520.6416 -609.664 0.7074549
1747.92    -520.5121 -609.6584 0.7075007
1747.93    -520.3827 -609.6529 0.7075449
1747.94    -520.2532 -609.6473 0.7075878
1747.95    -520.1238 -609.6418 0.7076295
1747.96    -519.9943 -609.6362 0.7076699
1747.97    -519.8648 -609.6307 0.7077089
1747.98    -519.7353 -609.6251 0.7077467
1747.99    -519.6058 -609.6195 0.7077832
1748    -519.4763 -609.6139 0.7078186
1748.01    -519.3467 -609.6083 0.7078528
1748.02    -519.2172 -609.6027 0.707886
1748.03    -519.0877 -609.597 0.7079182
1748.04    -518.9581 -609.5914 0.7079495
1748.05    -518.8286 -609.5858 0.7079798
1748.06    -518.699 -609.5801 0.7080091
1748.07    -518.5694 -609.5745 0.7080378
1748.08    -518.4398 -609.5689 0.7080657
1748.09    -518.3102 -609.5632 0.7080927
1748.1    -518.1805 -609.5576 0.7081191
1748.11    -518.0509 -609.5518 0.7081448
1748.12    -517.9213 -609.5461 0.7081698
1748.13    -517.7916 -609.5405 0.7081941
1748.14    -517.6619 -609.5348 0.7082179
1748.15    -517.5322 -609.5291 0.708241
1748.16    -517.4025 -609.5234 0.7082637
1748.17    -517.2728 -609.5176 0.7082857
1748.18    -517.1431 -609.5119 0.7083073
1748.19    -517.0134 -609.5062 0.7083284
1748.2    -516.8836 -609.5004 0.708349
1748.21    -516.7538 -609.4947 0.7083691
1748.22    -516.6241 -609.4889 0.7083889
1748.23    -516.4943 -609.4832 0.7084082
1748.24    -516.3645 -609.4774 0.7084271
1748.25    -516.2347 -609.4716 0.7084456
1748.26    -516.1049 -609.4658 0.7084638
1748.27    -515.975 -609.46 0.7084817
1748.28    -515.8452 -609.4541 0.7084993
1748.29    -515.7153 -609.4483 0.7085165
1748.3    -515.5854 -609.4425 0.7085335
1748.31    -515.4556 -609.4366 0.7085504
1748.32    -515.3257 -609.4308 0.708567
1748.33    -515.1958 -609.4249 0.7085834
1748.34    -515.0659 -609.419 0.7085995
1748.35    -514.9359 -609.4131 0.7086155
1748.36    -514.806 -609.4073 0.7086314
1748.37    -514.676 -609.4014 0.7086471
1748.38    -514.5461 -609.3955 0.7086627
1748.39    -514.4161 -609.3896 0.7086782
1748.4    -514.2861 -609.3836 0.7086934
1748.41    -514.1561 -609.3777 0.7087086
1748.42    -514.0261 -609.3718 0.7087238
1748.43    -513.896 -609.3658 0.7087387
1748.44    -513.7659 -609.3599 0.7087536
1748.45    -513.6359 -609.3539 0.7087684
1748.46    -513.5058 -609.3479 0.708783
1748.47    -513.3757 -609.3419 0.7087975
1748.48    -513.2456 -609.3359 0.708812
1748.49    -513.1155 -609.33 0.7088264
1748.5    -512.9854 -609.324 0.7088406
1748.51    -512.8552 -609.318 0.7088549
1748.52    -512.7251 -609.312 0.7088689
1748.53    -512.5949 -609.306 0.7088829
1748.54    -512.4647 -609.3 0.7088969
1748.55    -512.3345 -609.2939 0.7089106
1748.56    -512.2043 -609.2879 0.7089245
1748.57    -512.0742 -609.2819 0.7089382
1748.58    -511.9439 -609.2758 0.7089518
1748.59    -511.8137 -609.2698 0.7089654
1748.6    -511.6834 -609.2637 0.7089789
1748.61    -511.5531 -609.2577 0.7089923
1748.62    -511.4228 -609.2516 0.7090057
1748.63    -511.2925 -609.2456 0.709019
1748.64    -511.1622 -609.2396 0.7090323
1748.65    -511.0319 -609.2335 0.7090455
1748.66    -510.9015 -609.2275 0.7090586
1748.67    -510.7712 -609.2214 0.7090716
1748.68    -510.6408 -609.2154 0.7090846
1748.69    -510.5104 -609.2094 0.7090976
1748.7    -510.38 -609.2033 0.7091106
1748.71    -510.2496 -609.1973 0.7091234
1748.72    -510.1191 -609.1912 0.7091362
1748.73    -509.9887 -609.1852 0.7091489
1748.74    -509.8582 -609.1791 0.7091616
1748.75    -509.7278 -609.1731 0.7091743
1748.76    -509.5973 -609.1671 0.7091869
1748.77    -509.4668 -609.1611 0.7091994
1748.78    -509.3363 -609.155 0.7092119
1748.79    -509.2058 -609.149 0.7092244
1748.8    -509.0752 -609.1429 0.7092368
1748.81    -508.9447 -609.1369 0.7092491
1748.82    -508.8141 -609.1309 0.7092615
1748.83    -508.6835 -609.1248 0.7092736
1748.84    -508.5529 -609.1188 0.7092855
1748.85    -508.4223 -609.1127 0.7092973
1748.86    -508.2917 -609.1067 0.7093089
1748.87    -508.161 -609.1007 0.7093202
1748.88    -508.0304 -609.0947 0.7093312
1748.89    -507.8997 -609.0886 0.7093419
1748.9    -507.769 -609.0826 0.7093523
1748.91    -507.6384 -609.0765 0.7093622
1748.92    -507.5077 -609.0705 0.7093716
1748.93    -507.377 -609.0645 0.70938
1748.94    -507.2462 -609.0585 0.7093893
1748.95    -507.1154 -609.0524 0.7093995
1748.96    -506.9847 -609.0464 0.7094089
1748.97    -506.8539 -609.0405 0.7094171
1748.98    -506.7231 -609.0345 0.7094242
1748.99    -506.5923 -609.0286 0.7094303
1749    -506.4615 -609.0226 0.7094355
1749.01    -506.3306 -609.0166 0.7094397
1749.02    -506.1998 -609.0107 0.7094423
1749.03    -506.0689 -609.0047 0.7094434
1749.04    -505.938 -608.9987 0.7094432
1749.05    -505.8071 -608.9927 0.7094415
1749.06    -505.6762 -608.9868 0.709438
1749.07    -505.5453 -608.9808 0.7094326
1749.08    -505.4144 -608.9749 0.7094255
1749.09    -505.2834 -608.9689 0.7094168
1749.1    -505.1524 -608.9631 0.7094066
1749.11    -505.0214 -608.9572 0.7093948
1749.12    -504.8904 -608.9512 0.709381
1749.13    -504.7593 -608.9453 0.7093654
1749.14    -504.6283 -608.9395 0.7093479
1749.15    -504.4972 -608.9336 0.7093288
1749.16    -504.3661 -608.9277 0.7093075
1749.17    -504.235 -608.9219 0.7092844
1749.18    -504.1039 -608.9161 0.7092593
1749.19    -503.9727 -608.9102 0.7092326
1749.2    -503.8415 -608.9044 0.7092043
1749.21    -503.7102 -608.8987 0.7091744
1749.22    -503.579 -608.8929 0.7091427
1749.23    -503.4478 -608.8871 0.7091093
1749.24    -503.3165 -608.8813 0.7090744
1749.25    -503.1852 -608.8755 0.709038
1749.26    -503.0539 -608.8698 0.7090001
1749.27    -502.9225 -608.864 0.708961
1749.28    -502.7912 -608.8583 0.7089205
1749.29    -502.6598 -608.8525 0.7088789
1749.3    -502.5284 -608.8468 0.7088362
1749.31    -502.397 -608.8411 0.7087924
1749.32    -502.2655 -608.8354 0.7087475
1749.33    -502.1341 -608.8297 0.7087017
1749.34    -502.0026 -608.824 0.7086551
1749.35    -501.8711 -608.8184 0.7086076
1749.36    -501.7396 -608.8127 0.7085593
1749.37    -501.608 -608.8071 0.7085101
1749.38    -501.4765 -608.8016 0.7084603
1749.39    -501.3449 -608.796 0.7084099
1749.4    -501.2133 -608.7903 0.7083587
1749.41    -501.0816 -608.7849 0.708307
1749.42    -500.95 -608.7793 0.7082548
1749.43    -500.8183 -608.7737 0.7082019
1749.44    -500.6866 -608.7683 0.7081485
1749.45    -500.5548 -608.7628 0.7080947
1749.46    -500.4231 -608.7573 0.7080404
1749.47    -500.2913 -608.7518 0.7079856
1749.48    -500.1595 -608.7465 0.7079304
1749.49    -500.0277 -608.741 0.7078748
1749.5    -499.8959 -608.7356 0.7078189
1749.51    -499.764 -608.7302 0.7077625
1749.52    -499.6322 -608.7249 0.7077059
1749.53    -499.5003 -608.7195 0.707649
1749.54    -499.3683 -608.7142 0.7075917
1749.55    -499.2364 -608.7088 0.7075342
1749.56    -499.1044 -608.7035 0.7074763
1749.57    -498.9724 -608.6982 0.7074183
1749.58    -498.8404 -608.6929 0.70736
1749.59    -498.7084 -608.6876 0.7073013
1749.6    -498.5763 -608.6824 0.7072424
1749.61    -498.4443 -608.6772 0.7071833
1749.62    -498.3122 -608.6719 0.707124
1749.63    -498.1801 -608.6668 0.7070645
1749.64    -498.0479 -608.6616 0.7070047
1749.65    -497.9158 -608.6564 0.7069448
1749.66    -497.7836 -608.6512 0.7068846
1749.67    -497.6514 -608.6462 0.7068244
1749.68    -497.5192 -608.6411 0.7067642
1749.69    -497.3869 -608.6359 0.7067038
1749.7    -497.2546 -608.6309 0.7066433
1749.71    -497.1223 -608.6258 0.7065826
1749.72    -496.9901 -608.6207 0.7065221
1749.73    -496.8577 -608.6157 0.7064616
1749.74    -496.7254 -608.6107 0.7064012
1749.75    -496.593 -608.6057 0.7063408
1749.76    -496.4606 -608.6007 0.7062805
1749.77    -496.3282 -608.5957 0.7062204
1749.78    -496.1957 -608.5908 0.7061606
1749.79    -496.0632 -608.5859 0.7061011
1749.8    -495.9307 -608.5809 0.7060418
1749.81    -495.7982 -608.576 0.7059825
1749.82    -495.6657 -608.5712 0.7059238
1749.83    -495.5332 -608.5663 0.7058655
1749.84    -495.4006 -608.5614 0.7058074
1749.85    -495.268 -608.5566 0.7057499
1749.86    -495.1354 -608.5518 0.7056925
1749.87    -495.0027 -608.547 0.7056359
1749.88    -494.8701 -608.5422 0.70558
1749.89    -494.7374 -608.5375 0.7055246
1749.9    -494.6047 -608.5327 0.7054698
1749.91    -494.472 -608.528 0.7054154
1749.92    -494.3392 -608.5233 0.705362
1749.93    -494.2065 -608.5186 0.7053093
1749.94    -494.0737 -608.5139 0.7052575
1749.95    -493.9409 -608.5092 0.7052062
1749.96    -493.808 -608.5046 0.7051557
1749.97    -493.6752 -608.4999 0.7051061
1749.98    -493.5423 -608.4954 0.7050575
1749.99    -493.4094 -608.4907 0.7050097
1750    -493.2765 -608.4861 0.7049627
1750.01    -493.1436 -608.4816 0.7049165
1750.02    -493.0106 -608.4771 0.7048711
1750.03    -492.8777 -608.4725 0.7048267
1750.04    -492.7446 -608.4681 0.704783
1750.05    -492.6116 -608.4636 0.7047402
1750.06    -492.4785 -608.459 0.704698
1750.07    -492.3455 -608.4547 0.7046564
1750.08    -492.2124 -608.4502 0.7046155
1750.09    -492.0793 -608.4457 0.7045752
1750.1    -491.9461 -608.4414 0.7045355
1750.11    -491.813 -608.437 0.7044963
1750.12    -491.6798 -608.4326 0.7044575
1750.13    -491.5467 -608.4283 0.7044193
1750.14    -491.4135 -608.424 0.7043815
1750.15    -491.2802 -608.4196 0.7043442
1750.16    -491.1469 -608.4153 0.7043071
1750.17    -491.0137 -608.4111 0.7042705
1750.18    -490.8804 -608.4068 0.7042344
1750.19    -490.747 -608.4026 0.7041984
1750.2    -490.6137 -608.3983 0.7041628
1750.21    -490.4803 -608.3941 0.7041274
1750.22    -490.3469 -608.39 0.7040924
1750.23    -490.2135 -608.3857 0.7040576
1750.24    -490.0801 -608.3816 0.7040231
1750.25    -489.9467 -608.3774 0.7039887
1750.26    -489.8132 -608.3734 0.7039546
1750.27    -489.6797 -608.3692 0.7039207
1750.28    -489.5461 -608.3651 0.703887
1750.29    -489.4126 -608.3611 0.7038535
1750.3    -489.279 -608.357 0.70382
1750.31    -489.1454 -608.353 0.7037869
1750.32    -489.0118 -608.349 0.7037538
1750.33    -488.8782 -608.345 0.7037208
1750.34    -488.7446 -608.341 0.703688
1750.35    -488.6109 -608.3371 0.7036553
1750.36    -488.4772 -608.3331 0.7036227
1750.37    -488.3435 -608.3292 0.7035902
1750.38    -488.2098 -608.3253 0.7035578
1750.39    -488.076 -608.3214 0.7035254
1750.4    -487.9423 -608.3175 0.7034932
1750.41    -487.8085 -608.3137 0.7034611
1750.42    -487.6747 -608.3099 0.7034289
1750.43    -487.5408 -608.306 0.7033969
1750.44    -487.4069 -608.3022 0.7033648
1750.45    -487.273 -608.2985 0.703333
1750.46    -487.1391 -608.2947 0.7033011
1750.47    -487.0051 -608.291 0.7032692
1750.48    -486.8712 -608.2872 0.7032376
1750.49    -486.7372 -608.2835 0.7032059
1750.5    -486.6031 -608.2798 0.7031744
1750.51    -486.4691 -608.2761 0.7031429
1750.52    -486.3351 -608.2725 0.7031115
1750.53    -486.201 -608.2689 0.7030803
1750.54    -486.0669 -608.2652 0.7030493
1750.55    -485.9328 -608.2616 0.7030185
1750.56    -485.7986 -608.2581 0.702988
1750.57    -485.6645 -608.2545 0.7029579
1750.58    -485.5303 -608.2509 0.7029281
1750.59    -485.3961 -608.2474 0.7028987
1750.6    -485.2618 -608.2439 0.7028696
1750.61    -485.1276 -608.2404 0.702841
1750.62    -484.9933 -608.2369 0.7028131
1750.63    -484.859 -608.2335 0.7027857
1750.64    -484.7246 -608.23 0.7027588
1750.65    -484.5903 -608.2265 0.7027324
1750.66    -484.4559 -608.2231 0.7027069
1750.67    -484.3215 -608.2197 0.702682
1750.68    -484.1871 -608.2163 0.7026577
1750.69    -484.0526 -608.213 0.7026341
1750.7    -483.9181 -608.2097 0.7026111
1750.71    -483.7836 -608.2063 0.7025887
1750.72    -483.6491 -608.203 0.7025671
1750.73    -483.5145 -608.1997 0.7025461
1750.74    -483.3799 -608.1964 0.7025256
1750.75    -483.2454 -608.1931 0.7025058
1750.76    -483.1107 -608.1899 0.7024865
1750.77    -482.9761 -608.1866 0.7024678
1750.78    -482.8415 -608.1834 0.7024496
1750.79    -482.7068 -608.1802 0.702432
1750.8    -482.5721 -608.177 0.7024148
1750.81    -482.4374 -608.1738 0.7023981
1750.82    -482.3027 -608.1707 0.7023818
1750.83    -482.1679 -608.1675 0.7023659
1750.84    -482.0331 -608.1644 0.7023503
1750.85    -481.8983 -608.1613 0.7023352
1750.86    -481.7634 -608.1581 0.7023203
1750.87    -481.6286 -608.1551 0.7023058
1750.88    -481.4937 -608.152 0.7022916
1750.89    -481.3588 -608.1489 0.7022777
1750.9    -481.2238 -608.1459 0.7022641
1750.91    -481.0888 -608.1428 0.7022507
1750.92    -480.9539 -608.1398 0.7022377
1750.93    -480.8188 -608.1368 0.7022248
1750.94    -480.6838 -608.1338 0.7022123
1750.95    -480.5487 -608.1308 0.7021999
1750.96    -480.4137 -608.1278 0.7021881
1750.97    -480.2786 -608.1249 0.7021767
1750.98    -480.1434 -608.1219 0.7021657
1750.99    -480.0083 -608.119 0.7021551
1751    -479.8731 -608.1161 0.7021449
1751.01    -479.7379 -608.1132 0.7021352
1751.02    -479.6027 -608.1103 0.7021262
1751.03    -479.4674 -608.1074 0.7021176
1751.04    -479.3321 -608.1046 0.7021097
1751.05    -479.1968 -608.1017 0.7021022
1751.06    -479.0615 -608.0988 0.7020957
1751.07    -478.9262 -608.0961 0.70209
1751.08    -478.7909 -608.0933 0.7020853
1751.09    -478.6555 -608.0905 0.7020813
1751.1    -478.5201 -608.0876 0.7020782
1751.11    -478.3846 -608.0848 0.7020757
1751.12    -478.2492 -608.0822 0.7020745
1751.13    -478.1137 -608.0794 0.7020745
1751.14    -477.9782 -608.0767 0.7020756
1751.15    -477.8427 -608.0739 0.7020779
1751.16    -477.7072 -608.0712 0.7020811
1751.17    -477.5716 -608.0685 0.7020858
1751.18    -477.436 -608.0659 0.7020919
1751.19    -477.3004 -608.0632 0.7020994
1751.2    -477.1647 -608.0605 0.7021081
1751.21    -477.0291 -608.0578 0.702118
1751.22    -476.8934 -608.0552 0.7021296
1751.23    -476.7577 -608.0526 0.7021428
1751.24    -476.6219 -608.05 0.7021576
1751.25    -476.4861 -608.0474 0.7021738
1751.26    -476.3503 -608.0447 0.7021915
1751.27    -476.2145 -608.0421 0.7022104
1751.28    -476.0787 -608.0396 0.7022313
1751.29    -475.9428 -608.037 0.702254
1751.3    -475.8069 -608.0344 0.7022785
1751.31    -475.671 -608.0319 0.7023046
1751.32    -475.5351 -608.0293 0.7023327
1751.33    -475.3992 -608.0267 0.7023628
1751.34    -475.2632 -608.0242 0.7023945
1751.35    -475.1273 -608.0216 0.702428
1751.36    -474.9913 -608.019 0.7024635
1751.37    -474.8553 -608.0165 0.7025009
1751.38    -474.7192 -608.0139 0.7025402
1751.39    -474.5831 -608.0114 0.7025811
1751.4    -474.447 -608.0089 0.7026235
1751.41    -474.3109 -608.0062 0.7026678
1751.42    -474.1748 -608.0037 0.7027137
1751.43    -474.0386 -608.0011 0.7027611
1751.44    -473.9024 -607.9985 0.70281
1751.45    -473.7662 -607.996 0.7028603
1751.46    -473.6299 -607.9934 0.7029119
1751.47    -473.4937 -607.9908 0.7029647
1751.48    -473.3574 -607.9883 0.7030188
1751.49    -473.221 -607.9857 0.703074
1751.5    -473.0847 -607.9832 0.7031302
1751.51    -472.9484 -607.9806 0.7031876
1751.52    -472.812 -607.978 0.7032458
1751.53    -472.6757 -607.9754 0.7033049
1751.54    -472.5392 -607.9728 0.703365
1751.55    -472.4028 -607.9703 0.7034258
1751.56    -472.2664 -607.9677 0.7034875
1751.57    -472.1299 -607.9651 0.7035499
1751.58    -471.9934 -607.9625 0.7036131
1751.59    -471.8568 -607.96 0.7036769
1751.6    -471.7203 -607.9574 0.7037414
1751.61    -471.5837 -607.9548 0.7038063
1751.62    -471.4471 -607.9523 0.703872
1751.63    -471.3105 -607.9496 0.7039382
1751.64    -471.1738 -607.947 0.7040049
1751.65    -471.0371 -607.9444 0.7040721
1751.66    -470.9004 -607.9418 0.7041398
1751.67    -470.7637 -607.9391 0.704208
1751.68    -470.627 -607.9365 0.7042765
1751.69    -470.4902 -607.9338 0.7043455
1751.7    -470.3535 -607.9312 0.7044148
1751.71    -470.2166 -607.9285 0.7044846
1751.72    -470.0798 -607.9258 0.7045546
1751.73    -469.943 -607.9232 0.704625
1751.74    -469.8061 -607.9204 0.7046956
1751.75    -469.6692 -607.9177 0.7047667
1751.76    -469.5323 -607.915 0.704838
1751.77    -469.3953 -607.9123 0.7049095
1751.78    -469.2584 -607.9095 0.7049814
1751.79    -469.1214 -607.9068 0.7050534
1751.8    -468.9843 -607.9041 0.7051257
1751.81    -468.8473 -607.9012 0.7051982
1751.82    -468.7103 -607.8985 0.7052709
1751.83    -468.5732 -607.8958 0.7053438
1751.84    -468.4361 -607.8929 0.7054169
1751.85    -468.299 -607.8901 0.7054902
1751.86    -468.1619 -607.8873 0.7055637
1751.87    -468.0247 -607.8844 0.7056371
1751.88    -467.8876 -607.8815 0.7057107
1751.89    -467.7504 -607.8787 0.7057844
1751.9    -467.6131 -607.8757 0.7058582
1751.91    -467.4759 -607.8729 0.7059321
1751.92    -467.3386 -607.87 0.7060059
1751.93    -467.2013 -607.867 0.7060794
1751.94    -467.064 -607.8641 0.7061527
1751.95    -466.9266 -607.8611 0.7062259
1751.96    -466.7893 -607.8582 0.7062984
1751.97    -466.6519 -607.8552 0.7063701
1751.98    -466.5145 -607.8522 0.7064411
1751.99    -466.3771 -607.8491 0.7065115
1752    -466.2397 -607.8461 0.7065814
1752.01    -466.1022 -607.8431 0.7066499
1752.02    -465.9647 -607.84 0.7067173
1752.03    -465.8272 -607.8369 0.7067835
1752.04    -465.6897 -607.8338 0.7068485
1752.05    -465.5521 -607.8306 0.7069126
1752.06    -465.4145 -607.8275 0.7069756
1752.07    -465.2769 -607.8244 0.7070372
1752.08    -465.1393 -607.8212 0.7070971
1752.09    -465.0017 -607.818 0.7071558
1752.1    -464.864 -607.8148 0.707213
1752.11    -464.7263 -607.8116 0.7072691
1752.12    -464.5886 -607.8083 0.7073239
1752.13    -464.4509 -607.8051 0.7073773
1752.14    -464.3131 -607.8019 0.7074291
1752.15    -464.1754 -607.7986 0.7074797
1752.16    -464.0375 -607.7953 0.7075289
1752.17    -463.8997 -607.7921 0.7075768
1752.18    -463.7619 -607.7888 0.7076233
1752.19    -463.624 -607.7855 0.7076687
1752.2    -463.4861 -607.7822 0.7077128
1752.21    -463.3482 -607.7789 0.7077558
1752.22    -463.2103 -607.7756 0.7077976
1752.23    -463.0723 -607.7723 0.7078381
1752.24    -462.9344 -607.7689 0.7078775
1752.25    -462.7964 -607.7655 0.7079157
1752.26    -462.6583 -607.7621 0.707953
1752.27    -462.5203 -607.7588 0.7079887
1752.28    -462.3822 -607.7554 0.708023
1752.29    -462.2441 -607.7521 0.708056
1752.3    -462.106 -607.7487 0.7080877
1752.31    -461.9679 -607.7454 0.7081182
1752.32    -461.8298 -607.7419 0.708147
1752.33    -461.6917 -607.7385 0.7081743
1752.34    -461.5535 -607.7351 0.7082002
1752.35    -461.4153 -607.7317 0.7082247
1752.36    -461.2771 -607.7283 0.7082475
1752.37    -461.1389 -607.7249 0.7082686
1752.38    -461.0006 -607.7214 0.7082883
1752.39    -460.8623 -607.718 0.7083066
1752.4    -460.724 -607.7146 0.7083234
1752.41    -460.5858 -607.7112 0.7083386
1752.42    -460.4474 -607.7078 0.7083522
1752.43    -460.3091 -607.7043 0.7083643
1752.44    -460.1707 -607.701 0.708375
1752.45    -460.0323 -607.6976 0.7083844
1752.46    -459.894 -607.6942 0.7083922
1752.47    -459.7556 -607.6907 0.7083985
1752.48    -459.6172 -607.6873 0.7084036
1752.49    -459.4787 -607.6839 0.7084073
1752.5    -459.3402 -607.6805 0.7084098
1752.51    -459.2018 -607.6771 0.7084111
1752.52    -459.0633 -607.6737 0.7084111
1752.53    -458.9248 -607.6703 0.7084099
1752.54    -458.7863 -607.6669 0.7084076
1752.55    -458.6477 -607.6635 0.7084042
1752.56    -458.5092 -607.6601 0.7083997
1752.57    -458.3707 -607.6567 0.7083942
1752.58    -458.2321 -607.6533 0.7083876
1752.59    -458.0935 -607.6498 0.70838
1752.6    -457.9549 -607.6465 0.7083715
1752.61    -457.8163 -607.6431 0.708362
1752.62    -457.6776 -607.6398 0.7083516
1752.63    -457.539 -607.6365 0.7083402
1752.64    -457.4004 -607.6331 0.7083279
1752.65    -457.2617 -607.6298 0.7083148
1752.66    -457.123 -607.6265 0.7083008
1752.67    -456.9843 -607.6231 0.708286
1752.68    -456.8456 -607.6198 0.7082703
1752.69    -456.7069 -607.6166 0.7082537
1752.7    -456.5682 -607.6133 0.7082363
1752.71    -456.4295 -607.61 0.7082181
1752.72    -456.2908 -607.6068 0.7081991
1752.73    -456.152 -607.6035 0.7081794
1752.74    -456.0133 -607.6003 0.708159
1752.75    -455.8745 -607.5971 0.7081379
1752.76    -455.7358 -607.5939 0.7081161
1752.77    -455.597 -607.5907 0.7080938
1752.78    -455.4583 -607.5875 0.7080708
1752.79    -455.3195 -607.5844 0.7080473
1752.8    -455.1807 -607.5812 0.7080233
1752.81    -455.0419 -607.5781 0.7079988
1752.82    -454.9031 -607.575 0.7079738
1752.83    -454.7643 -607.5719 0.7079484
1752.84    -454.6255 -607.5688 0.7079225
1752.85    -454.4867 -607.5657 0.7078962
1752.86    -454.3479 -607.5627 0.7078695
1752.87    -454.2091 -607.5597 0.7078424
1752.88    -454.0703 -607.5566 0.7078151
1752.89    -453.9315 -607.5537 0.7077872
1752.9    -453.7927 -607.5507 0.7077591
1752.91    -453.6538 -607.5477 0.7077307
1752.92    -453.515 -607.5449 0.7077021
1752.93    -453.3762 -607.5419 0.7076732
1752.94    -453.2374 -607.5391 0.7076439
1752.95    -453.0985 -607.5361 0.7076144
1752.96    -452.9597 -607.5333 0.7075847
1752.97    -452.8209 -607.5305 0.7075548
1752.98    -452.6821 -607.5276 0.7075246
1752.99    -452.5432 -607.5248 0.7074943
1753    -452.4044 -607.522 0.7074637
1753.01    -452.2656 -607.5193 0.7074329
1753.02    -452.1268 -607.5165 0.707402
1753.03    -451.9879 -607.5139 0.7073709
1753.04    -451.8491 -607.5111 0.7073396
1753.05    -451.7103 -607.5084 0.7073082
1753.06    -451.5714 -607.5058 0.7072766
1753.07    -451.4326 -607.5031 0.7072449
1753.08    -451.2938 -607.5005 0.7072132
1753.09    -451.155 -607.4979 0.7071813
1753.1    -451.0161 -607.4952 0.7071494
1753.11    -450.8773 -607.4927 0.7071174
1753.12    -450.7385 -607.4901 0.7070854
1753.13    -450.5996 -607.4875 0.7070533
1753.14    -450.4608 -607.485 0.7070213
1753.15    -450.322 -607.4825 0.7069893
1753.16    -450.1832 -607.48 0.7069573
1753.17    -450.0444 -607.4776 0.7069255
1753.18    -449.9055 -607.4752 0.7068937
1753.19    -449.7667 -607.4728 0.706862
1753.2    -449.6279 -607.4703 0.7068304
1753.21    -449.4891 -607.468 0.7067989
1753.22    -449.3503 -607.4656 0.7067677
1753.23    -449.2115 -607.4633 0.7067367
1753.24    -449.0727 -607.4609 0.7067059
1753.25    -448.9339 -607.4587 0.7066754
1753.26    -448.795 -607.4564 0.706645
1753.27    -448.6563 -607.4541 0.706615
1753.28    -448.5175 -607.4519 0.7065853
1753.29    -448.3787 -607.4496 0.706556
1753.3    -448.2398 -607.4474 0.7065271
1753.31    -448.101 -607.4453 0.7064984
1753.32    -447.9623 -607.4431 0.7064702
1753.33    -447.8235 -607.441 0.7064423
1753.34    -447.6847 -607.4388 0.7064149
1753.35    -447.5459 -607.4368 0.7063878
1753.36    -447.4072 -607.4347 0.7063612
1753.37    -447.2684 -607.4326 0.7063352
1753.38    -447.1296 -607.4306 0.7063095
1753.39    -446.9909 -607.4286 0.7062842
1753.4    -446.8521 -607.4266 0.7062593
1753.41    -446.7134 -607.4246 0.7062349
1753.42    -446.5746 -607.4227 0.7062109
1753.43    -446.4359 -607.4207 0.7061872
1753.44    -446.2972 -607.4188 0.7061639
1753.45    -446.1584 -607.4169 0.7061409
1753.46    -446.0197 -607.415 0.7061183
1753.47    -445.8809 -607.4131 0.7060961
1753.48    -445.7422 -607.4113 0.7060743
1753.49    -445.6035 -607.4094 0.7060527
1753.5    -445.4647 -607.4076 0.7060316
1753.51    -445.326 -607.4058 0.7060107
1753.52    -445.1873 -607.4041 0.7059903
1753.53    -445.0486 -607.4023 0.7059701
1753.54    -444.9099 -607.4005 0.7059503
1753.55    -444.7712 -607.3989 0.7059308
1753.56    -444.6325 -607.3972 0.7059117
1753.57    -444.4938 -607.3954 0.705893
1753.58    -444.3551 -607.3938 0.7058747
1753.59    -444.2165 -607.3922 0.7058569
1753.6    -444.0778 -607.3905 0.7058395
1753.61    -443.9391 -607.3889 0.7058227
1753.62    -443.8005 -607.3873 0.7058066
1753.63    -443.6619 -607.3857 0.705791
1753.64    -443.5233 -607.3842 0.7057761
1753.65    -443.3847 -607.3827 0.7057617
1753.66    -443.2461 -607.3812 0.7057478
1753.67    -443.1075 -607.3796 0.705735
1753.68    -442.9689 -607.3782 0.7057232
1753.69    -442.8303 -607.3767 0.7057122
1753.7    -442.6917 -607.3752 0.7057021
1753.71    -442.5532 -607.3738 0.7056928
1753.72    -442.4146 -607.3724 0.7056848
1753.73    -442.2761 -607.371 0.705678
1753.74    -442.1376 -607.3696 0.7056723
1753.75    -441.9991 -607.3682 0.7056679
1753.76    -441.8605 -607.3669 0.7056644
1753.77    -441.722 -607.3656 0.7056625
1753.78    -441.5836 -607.3643 0.7056621
1753.79    -441.4451 -607.363 0.7056633
1753.8    -441.3066 -607.3618 0.7056657
1753.81    -441.1682 -607.3605 0.7056699
1753.82    -441.0297 -607.3592 0.7056757
1753.83    -440.8913 -607.358 0.705683
1753.84    -440.7529 -607.3568 0.7056918
1753.85    -440.6144 -607.3556 0.705702
1753.86    -440.476 -607.3544 0.7057135
1753.87    -440.3376 -607.3532 0.7057267
1753.88    -440.1992 -607.3521 0.7057415
1753.89    -440.0608 -607.3509 0.7057577
1753.9    -439.9225 -607.3497 0.7057754
1753.91    -439.7841 -607.3486 0.7057948
1753.92    -439.6458 -607.3475 0.7058156
1753.93    -439.5074 -607.3464 0.7058378
1753.94    -439.3691 -607.3453 0.7058614
1753.95    -439.2308 -607.3442 0.7058864
1753.96    -439.0925 -607.3431 0.7059126
1753.97    -438.9542 -607.342 0.7059401
1753.98    -438.8159 -607.3409 0.7059689
1753.99    -438.6776 -607.34 0.7059987
1754    -438.5393 -607.3389 0.7060298
1754.01    -438.4011 -607.3379 0.7060618
1754.02    -438.2628 -607.3369 0.7060948
1754.03    -438.1246 -607.3358 0.7061288
1754.04    -437.9864 -607.3348 0.7061638
1754.05    -437.8481 -607.3339 0.7061995
