672.99    -693.1417 -615.9858 0.7089463
673    -693.0343 -615.9828 0.7088919
673.01    -692.9268 -615.9799 0.7088373
673.02    -692.8191 -615.9767 0.7087824
673.03    -692.7114 -615.9737 0.7087271
673.04    -692.6036 -615.9706 0.7086716
673.05    -692.4957 -615.9676 0.7086159
673.06    -692.3876 -615.9645 0.70856
673.07    -692.2795 -615.9615 0.7085037
673.08    -692.1712 -615.9584 0.7084473
673.09    -692.0629 -615.9554 0.7083908
673.1    -691.9544 -615.9523 0.708334
673.11    -691.8459 -615.9492 0.708277
673.12    -691.7372 -615.946 0.7082199
673.13    -691.6285 -615.9429 0.7081627
673.14    -691.5196 -615.9398 0.7081053
673.15    -691.4106 -615.9367 0.7080476
673.16    -691.3016 -615.9336 0.7079896
673.17    -691.1924 -615.9305 0.7079312
673.18    -691.0832 -615.9274 0.7078725
673.19    -690.9738 -615.9243 0.7078136
673.2    -690.8644 -615.921 0.7077544
673.21    -690.7548 -615.9178 0.7076942
673.22    -690.6452 -615.9147 0.707633
673.23    -690.5355 -615.9115 0.7075707
673.24    -690.4256 -615.9083 0.7075077
673.25    -690.3157 -615.9052 0.7074431
673.26    -690.2056 -615.902 0.7073773
673.27    -690.0955 -615.8988 0.7073102
673.28    -689.9853 -615.8956 0.707242
673.29    -689.8749 -615.8923 0.7071726
673.3    -689.7645 -615.889 0.7071021
673.31    -689.654 -615.8858 0.7070304
673.32    -689.5434 -615.8826 0.7069578
673.33    -689.4327 -615.8793 0.7068841
673.34    -689.3218 -615.8761 0.7068096
673.35    -689.2109 -615.8729 0.7067342
673.36    -689.0999 -615.8696 0.7066579
673.37    -688.9888 -615.8663 0.7065809
673.38    -688.8776 -615.863 0.7065032
673.39    -688.7663 -615.8597 0.7064248
673.4    -688.6549 -615.8564 0.7063457
673.41    -688.5434 -615.853 0.706266
673.42    -688.4318 -615.8497 0.7061858
673.43    -688.3201 -615.8464 0.706105
673.44    -688.2083 -615.8431 0.7060237
673.45    -688.0964 -615.8397 0.705942
673.46    -687.9844 -615.8364 0.7058598
673.47    -687.8724 -615.833 0.7057773
673.48    -687.7602 -615.8297 0.7056945
673.49    -687.6479 -615.8263 0.7056113
673.5    -687.5355 -615.8229 0.7055281
673.51    -687.4231 -615.8196 0.7054451
673.52    -687.3105 -615.8162 0.7053621
673.53    -687.1979 -615.8127 0.7052791
673.54    -687.0851 -615.8093 0.7051963
673.55    -686.9723 -615.8059 0.7051134
673.56    -686.8594 -615.8025 0.7050314
673.57    -686.7463 -615.7991 0.7049503
673.58    -686.6332 -615.7957 0.7048699
673.59    -686.52 -615.7922 0.7047903
673.6    -686.4067 -615.7888 0.7047122
673.61    -686.2933 -615.7854 0.7046354
673.62    -686.1797 -615.7819 0.7045602
673.63    -686.0662 -615.7784 0.704486
673.64    -685.9525 -615.7749 0.7044132
673.65    -685.8387 -615.7714 0.7043427
673.66    -685.7248 -615.7679 0.7042743
673.67    -685.6108 -615.7645 0.7042081
673.68    -685.4968 -615.761 0.7041438
673.69    -685.3826 -615.7575 0.7040815
673.7    -685.2683 -615.754 0.704022
673.71    -685.1539 -615.7505 0.7039655
673.72    -685.0395 -615.747 0.7039115
673.73    -684.9249 -615.7435 0.70386
673.74    -684.8103 -615.7399 0.7038109
673.75    -684.6956 -615.7364 0.7037648
673.76    -684.5807 -615.7328 0.7037214
673.77    -684.4658 -615.7293 0.7036807
673.78    -684.3508 -615.7258 0.7036424
673.79    -684.2357 -615.7222 0.7036064
673.8    -684.1205 -615.7187 0.7035726
673.81    -684.0053 -615.7151 0.703541
673.82    -683.89 -615.7116 0.7035116
673.83    -683.7745 -615.7081 0.7034842
673.84    -683.659 -615.7045 0.7034585
673.85    -683.5434 -615.7009 0.7034346
673.86    -683.4277 -615.6973 0.7034123
673.87    -683.312 -615.6937 0.7033916
673.88    -683.1961 -615.6901 0.7033723
673.89    -683.0801 -615.6865 0.7033544
673.9    -682.9642 -615.6829 0.7033378
673.91    -682.8481 -615.6793 0.7033224
673.92    -682.7319 -615.6757 0.7033081
673.93    -682.6157 -615.6721 0.7032949
673.94    -682.4993 -615.6685 0.7032828
673.95    -682.3829 -615.6649 0.7032716
673.96    -682.2665 -615.6613 0.7032613
673.97    -682.15 -615.6577 0.7032518
673.98    -682.0334 -615.6541 0.7032431
673.99    -681.9167 -615.6505 0.7032352
674    -681.8 -615.6469 0.703228
674.01    -681.6832 -615.6432 0.7032214
674.02    -681.5664 -615.6396 0.7032156
674.03    -681.4495 -615.6359 0.7032103
674.04    -681.3326 -615.6323 0.7032055
674.05    -681.2157 -615.6286 0.7032014
674.06    -681.0988 -615.6249 0.7031976
674.07    -680.9818 -615.6213 0.7031943
674.08    -680.8647 -615.6176 0.7031916
674.09    -680.7476 -615.614 0.7031892
674.1    -680.6304 -615.6103 0.7031871
674.11    -680.5132 -615.6066 0.7031855
674.12    -680.3961 -615.603 0.7031842
674.13    -680.2788 -615.5994 0.7031832
674.14    -680.1615 -615.5957 0.7031826
674.15    -680.0442 -615.592 0.7031822
674.16    -679.9268 -615.5884 0.7031821
674.17    -679.8094 -615.5847 0.7031823
674.18    -679.692 -615.5811 0.7031828
674.19    -679.5745 -615.5774 0.7031834
674.2    -679.457 -615.5737 0.7031842
674.21    -679.3395 -615.5701 0.7031853
674.22    -679.2219 -615.5664 0.7031866
674.23    -679.1042 -615.5627 0.7031881
674.24    -678.9866 -615.5591 0.7031897
674.25    -678.8688 -615.5554 0.7031915
674.26    -678.7511 -615.5518 0.7031935
674.27    -678.6333 -615.5481 0.7031956
674.28    -678.5154 -615.5444 0.7031979
674.29    -678.3976 -615.5408 0.7032002
674.3    -678.2797 -615.5371 0.7032028
674.31    -678.1618 -615.5334 0.7032054
674.32    -678.0438 -615.5298 0.7032081
674.33    -677.9258 -615.5261 0.7032109
674.34    -677.8077 -615.5225 0.7032139
674.35    -677.6896 -615.5188 0.703217
674.36    -677.5715 -615.5151 0.7032201
674.37    -677.4534 -615.5115 0.7032234
674.38    -677.3351 -615.5078 0.7032267
674.39    -677.2169 -615.5042 0.7032301
674.4    -677.0986 -615.5005 0.7032337
674.41    -676.9802 -615.4968 0.7032372
674.42    -676.8619 -615.4932 0.7032409
674.43    -676.7435 -615.4895 0.7032446
674.44    -676.625 -615.4858 0.7032483
674.45    -676.5065 -615.4822 0.7032521
674.46    -676.388 -615.4785 0.703256
674.47    -676.2694 -615.4749 0.7032599
674.48    -676.1508 -615.4712 0.7032638
674.49    -676.032 -615.4675 0.7032678
674.5    -675.9133 -615.4639 0.7032719
674.51    -675.7946 -615.4601 0.703276
674.52    -675.6757 -615.4564 0.7032801
674.53    -675.5568 -615.4527 0.7032842
674.54    -675.4379 -615.449 0.7032884
674.55    -675.3189 -615.4453 0.7032925
674.56    -675.1999 -615.4415 0.7032968
674.57    -675.0808 -615.4378 0.7033011
674.58    -674.9617 -615.4341 0.7033054
674.59    -674.8425 -615.4304 0.7033097
674.6    -674.7233 -615.4266 0.703314
674.61    -674.604 -615.4229 0.7033184
674.62    -674.4847 -615.4192 0.7033228
674.63    -674.3653 -615.4155 0.7033272
674.64    -674.2458 -615.4117 0.7033316
674.65    -674.1263 -615.408 0.7033361
674.66    -674.0068 -615.4043 0.7033405
674.67    -673.8872 -615.4006 0.703345
674.68    -673.7676 -615.3969 0.7033495
674.69    -673.6479 -615.3931 0.703354
674.7    -673.5281 -615.3894 0.7033585
674.71    -673.4083 -615.3857 0.7033631
674.72    -673.2885 -615.382 0.7033677
674.73    -673.1685 -615.3783 0.7033723
674.74    -673.0485 -615.3746 0.7033768
674.75    -672.9285 -615.3708 0.7033814
674.76    -672.8084 -615.3671 0.7033861
674.77    -672.6882 -615.3634 0.7033907
674.78    -672.568 -615.3597 0.7033954
674.79    -672.4477 -615.356 0.7034
674.8    -672.3274 -615.3522 0.7034045
674.81    -672.207 -615.3485 0.703409
674.82    -672.0865 -615.3448 0.7034132
674.83    -671.966 -615.3411 0.7034175
674.84    -671.8454 -615.3373 0.7034217
674.85    -671.7248 -615.3336 0.7034253
674.86    -671.6041 -615.3299 0.7034284
674.87    -671.4833 -615.3262 0.7034311
674.88    -671.3624 -615.3224 0.7034334
674.89    -671.2415 -615.3187 0.7034352
674.9    -671.1205 -615.315 0.7034355
674.91    -670.9995 -615.3113 0.7034343
674.92    -670.8784 -615.3076 0.7034318
674.93    -670.7573 -615.3038 0.703428
674.94    -670.636 -615.3001 0.7034229
674.95    -670.5148 -615.2964 0.7034154
674.96    -670.3934 -615.2927 0.7034057
674.97    -670.272 -615.2889 0.7033937
674.98    -670.1505 -615.2852 0.7033799
674.99    -670.0289 -615.2815 0.703364
675    -669.9073 -615.2778 0.7033465
675.01    -669.7856 -615.274 0.7033262
675.02    -669.6639 -615.2704 0.7033035
675.03    -669.5421 -615.2667 0.7032784
675.04    -669.4202 -615.2629 0.7032511
675.05    -669.2982 -615.2592 0.7032216
675.06    -669.1762 -615.2555 0.7031901
675.07    -669.0541 -615.2518 0.7031567
675.08    -668.9319 -615.248 0.7031214
675.09    -668.8097 -615.2443 0.7030844
675.1    -668.6874 -615.2406 0.7030463
675.11    -668.5651 -615.2369 0.7030071
675.12    -668.4426 -615.2332 0.7029668
675.13    -668.3201 -615.2294 0.7029255
675.14    -668.1976 -615.2258 0.7028834
675.15    -668.075 -615.222 0.702841
675.16    -667.9523 -615.2184 0.7027984
675.17    -667.8295 -615.2147 0.7027556
675.18    -667.7066 -615.2111 0.7027128
675.19    -667.5837 -615.2074 0.7026696
675.2    -667.4607 -615.2037 0.7026274
675.21    -667.3376 -615.2001 0.7025859
675.22    -667.2145 -615.1964 0.7025449
675.23    -667.0912 -615.1927 0.7025048
675.24    -666.968 -615.1891 0.7024651
675.25    -666.8446 -615.1855 0.702427
675.26    -666.7212 -615.1818 0.7023902
675.27    -666.5977 -615.1782 0.7023547
675.28    -666.4741 -615.1745 0.7023204
675.29    -666.3505 -615.1708 0.7022872
675.3    -666.2267 -615.1672 0.7022555
675.31    -666.103 -615.1635 0.7022254
675.32    -665.9791 -615.1599 0.7021967
675.33    -665.8552 -615.1562 0.7021694
675.34    -665.7312 -615.1525 0.7021433
675.35    -665.6072 -615.1489 0.7021185
675.36    -665.483 -615.1453 0.7020949
675.37    -665.3588 -615.1416 0.7020726
675.38    -665.2346 -615.1379 0.7020514
675.39    -665.1102 -615.1343 0.7020313
675.4    -664.9858 -615.1306 0.7020122
675.41    -664.8614 -615.127 0.7019941
675.42    -664.7369 -615.1233 0.7019768
675.43    -664.6122 -615.1196 0.7019604
675.44    -664.4875 -615.116 0.7019448
675.45    -664.3628 -615.1123 0.70193
675.46    -664.238 -615.1086 0.7019159
675.47    -664.1131 -615.105 0.7019024
675.48    -663.9882 -615.1013 0.7018896
675.49    -663.8631 -615.0977 0.7018772
675.5    -663.738 -615.094 0.7018656
675.51    -663.6128 -615.0903 0.7018545
675.52    -663.4875 -615.0867 0.701844
675.53    -663.3622 -615.083 0.7018341
675.54    -663.2369 -615.0793 0.7018246
675.55    -663.1115 -615.0757 0.7018158
675.56    -662.986 -615.072 0.7018074
675.57    -662.8604 -615.0682 0.7017996
675.58    -662.7347 -615.0645 0.7017922
675.59    -662.609 -615.0608 0.7017854
675.6    -662.4832 -615.0571 0.7017793
675.61    -662.3574 -615.0533 0.701774
675.62    -662.2314 -615.0496 0.7017693
675.63    -662.1055 -615.0459 0.7017652
675.64    -661.9794 -615.0421 0.7017619
675.65    -661.8533 -615.0384 0.7017595
675.66    -661.7271 -615.0347 0.701758
675.67    -661.6008 -615.0309 0.7017574
675.68    -661.4745 -615.0272 0.7017576
675.69    -661.3481 -615.0235 0.7017586
675.7    -661.2216 -615.0198 0.7017605
675.71    -661.0951 -615.0161 0.7017635
675.72    -660.9685 -615.0123 0.7017673
675.73    -660.8418 -615.0086 0.7017719
675.74    -660.715 -615.0048 0.7017773
675.75    -660.5882 -615.001 0.7017835
675.76    -660.4613 -614.9973 0.7017904
675.77    -660.3344 -614.9934 0.701798
675.78    -660.2073 -614.9896 0.7018061
675.79    -660.0803 -614.9858 0.7018148
675.8    -659.9531 -614.9821 0.7018241
675.81    -659.8259 -614.9783 0.7018339
675.82    -659.6987 -614.9745 0.701844
675.83    -659.5713 -614.9706 0.7018547
675.84    -659.4438 -614.9667 0.7018658
675.85    -659.3164 -614.9629 0.7018771
675.86    -659.1888 -614.959 0.7018886
675.87    -659.0612 -614.9552 0.7019004
675.88    -658.9335 -614.9514 0.7019125
675.89    -658.8058 -614.9475 0.7019247
675.9    -658.678 -614.9435 0.7019362
675.91    -658.5501 -614.9396 0.7019472
675.92    -658.4222 -614.9357 0.7019576
675.93    -658.2941 -614.9318 0.7019674
675.94    -658.166 -614.9279 0.7019768
675.95    -658.0379 -614.924 0.701984
675.96    -657.9097 -614.92 0.7019895
675.97    -657.7814 -614.916 0.701993
675.98    -657.653 -614.912 0.701995
675.99    -657.5246 -614.908 0.7019953
676    -657.3961 -614.9041 0.7019923
676.01    -657.2676 -614.9 0.7019863
676.02    -657.139 -614.896 0.7019772
676.03    -657.0103 -614.8919 0.7019653
676.04    -656.8815 -614.8879 0.7019508
676.05    -656.7527 -614.8839 0.7019339
676.06    -656.6238 -614.8797 0.7019134
676.07    -656.4949 -614.8756 0.7018895
676.08    -656.3659 -614.8715 0.7018625
676.09    -656.2368 -614.8674 0.7018325
676.1    -656.1077 -614.8632 0.7017996
676.11    -655.9785 -614.8591 0.7017639
676.12    -655.8492 -614.8549 0.7017256
676.13    -655.7199 -614.8507 0.7016849
676.14    -655.5905 -614.8465 0.7016419
676.15    -655.4611 -614.8423 0.7015966
676.16    -655.3315 -614.838 0.7015494
676.17    -655.202 -614.8338 0.7015002
676.18    -655.0723 -614.8295 0.7014492
676.19    -654.9426 -614.8252 0.7013965
676.2    -654.8129 -614.8209 0.7013421
676.21    -654.683 -614.8167 0.7012863
676.22    -654.5532 -614.8123 0.7012291
676.23    -654.4232 -614.8079 0.7011705
676.24    -654.2932 -614.8036 0.7011106
676.25    -654.1631 -614.7991 0.7010497
676.26    -654.033 -614.7947 0.7009877
676.27    -653.9028 -614.7903 0.7009248
676.28    -653.7726 -614.7858 0.700861
676.29    -653.6423 -614.7814 0.7007964
676.3    -653.512 -614.7769 0.7007312
676.31    -653.3816 -614.7724 0.7006657
676.32    -653.2512 -614.7679 0.7005998
676.33    -653.1207 -614.7633 0.7005334
676.34    -652.9901 -614.7588 0.7004669
676.35    -652.8595 -614.7542 0.7004004
676.36    -652.7288 -614.7496 0.7003341
676.37    -652.5981 -614.745 0.7002679
676.38    -652.4673 -614.7404 0.7002019
676.39    -652.3364 -614.7357 0.7001361
676.4    -652.2056 -614.7311 0.7000708
676.41    -652.0746 -614.7264 0.7000063
676.42    -651.9437 -614.7217 0.6999422
676.43    -651.8126 -614.717 0.6998788
676.44    -651.6815 -614.7123 0.6998159
676.45    -651.5504 -614.7076 0.6997536
676.46    -651.4193 -614.7029 0.6996922
676.47    -651.288 -614.6982 0.6996315
676.48    -651.1567 -614.6934 0.6995714
676.49    -651.0254 -614.6886 0.6995119
676.5    -650.894 -614.6838 0.6994532
676.51    -650.7626 -614.6791 0.6993949
676.52    -650.6312 -614.6743 0.6993373
676.53    -650.4996 -614.6696 0.6992802
676.54    -650.368 -614.6648 0.6992236
676.55    -650.2364 -614.66 0.6991674
676.56    -650.1047 -614.6553 0.6991118
676.57    -649.9729 -614.6505 0.6990565
676.58    -649.8411 -614.6456 0.6990017
676.59    -649.7093 -614.6408 0.6989472
676.6    -649.5774 -614.636 0.6988931
676.61    -649.4454 -614.6312 0.6988395
676.62    -649.3134 -614.6263 0.6987862
676.63    -649.1813 -614.6215 0.6987333
676.64    -649.0492 -614.6167 0.6986808
676.65    -648.9171 -614.6119 0.6986291
676.66    -648.7849 -614.6071 0.698578
676.67    -648.6526 -614.6023 0.6985276
676.68    -648.5203 -614.5975 0.6984779
676.69    -648.3879 -614.5927 0.6984286
676.7    -648.2555 -614.5878 0.6983808
676.71    -648.123 -614.5829 0.6983342
676.72    -647.9905 -614.578 0.6982889
676.73    -647.858 -614.5731 0.6982446
676.74    -647.7253 -614.5683 0.6982014
676.75    -647.5927 -614.5634 0.6981602
676.76    -647.46 -614.5585 0.6981208
676.77    -647.3273 -614.5536 0.6980832
676.78    -647.1945 -614.5488 0.6980473
676.79    -647.0616 -614.5439 0.6980128
676.8    -646.9287 -614.539 0.6979804
676.81    -646.7958 -614.5342 0.6979499
676.82    -646.6628 -614.5293 0.697921
676.83    -646.5297 -614.5244 0.6978939
676.84    -646.3967 -614.5194 0.6978684
676.85    -646.2635 -614.5145 0.6978444
676.86    -646.1304 -614.5095 0.6978218
676.87    -645.9972 -614.5046 0.6978007
676.88    -645.864 -614.4996 0.6977808
676.89    -645.7307 -614.4947 0.6977623
676.9    -645.5974 -614.4897 0.6977448
676.91    -645.464 -614.4848 0.6977286
676.92    -645.3306 -614.4799 0.6977133
676.93    -645.1972 -614.475 0.6976991
676.94    -645.0637 -614.47 0.6976858
676.95    -644.9302 -614.4651 0.6976733
676.96    -644.7967 -614.4603 0.6976618
676.97    -644.6631 -614.4554 0.697651
676.98    -644.5295 -614.4505 0.697641
676.99    -644.3959 -614.4456 0.6976316
677    -644.2622 -614.4408 0.6976229
677.01    -644.1285 -614.4359 0.6976148
677.02    -643.9948 -614.431 0.6976073
677.03    -643.861 -614.4262 0.6976004
677.04    -643.7271 -614.4214 0.697594
677.05    -643.5933 -614.4166 0.697588
677.06    -643.4594 -614.4118 0.6975826
677.07    -643.3254 -614.407 0.6975776
677.08    -643.1915 -614.4022 0.697573
677.09    -643.0574 -614.3974 0.6975688
677.1    -642.9234 -614.3926 0.697565
677.11    -642.7894 -614.3879 0.6975615
677.12    -642.6553 -614.3832 0.6975585
677.13    -642.5211 -614.3784 0.6975557
677.14    -642.387 -614.3737 0.6975533
677.15    -642.2527 -614.3689 0.6975512
677.16    -642.1185 -614.3643 0.6975495
677.17    -641.9843 -614.3596 0.697548
677.18    -641.8499 -614.3549 0.6975468
677.19    -641.7156 -614.3502 0.6975459
677.2    -641.5812 -614.3455 0.6975453
677.21    -641.4468 -614.3408 0.6975451
677.22    -641.3123 -614.3362 0.6975449
677.23    -641.1778 -614.3316 0.6975451
677.24    -641.0433 -614.327 0.6975453
677.25    -640.9088 -614.3224 0.697546
677.26    -640.7742 -614.3177 0.6975468
677.27    -640.6395 -614.3131 0.6975477
677.28    -640.5049 -614.3085 0.6975489
677.29    -640.3702 -614.304 0.6975503
677.3    -640.2355 -614.2994 0.6975519
677.31    -640.1007 -614.2948 0.6975537
677.32    -639.9659 -614.2903 0.6975558
677.33    -639.8311 -614.2857 0.697558
677.34    -639.6962 -614.2811 0.6975604
677.35    -639.5613 -614.2766 0.6975632
677.36    -639.4263 -614.2722 0.6975663
677.37    -639.2914 -614.2676 0.6975698
677.38    -639.1564 -614.2631 0.6975735
677.39    -639.0213 -614.2586 0.6975775
677.4    -638.8862 -614.2542 0.6975821
677.41    -638.7511 -614.2497 0.697587
677.42    -638.616 -614.2452 0.6975922
677.43    -638.4808 -614.2408 0.6975979
677.44    -638.3455 -614.2363 0.697604
677.45    -638.2103 -614.2319 0.6976104
677.46    -638.075 -614.2275 0.6976174
677.47    -637.9397 -614.2231 0.6976247
677.48    -637.8043 -614.2187 0.6976325
677.49    -637.6689 -614.2143 0.6976406
677.5    -637.5335 -614.21 0.6976491
677.51    -637.3981 -614.2056 0.6976579
677.52    -637.2626 -614.2012 0.6976671
677.53    -637.1271 -614.1968 0.6976765
677.54    -636.9915 -614.1924 0.6976863
677.55    -636.856 -614.1881 0.6976962
677.56    -636.7203 -614.1838 0.6977064
677.57    -636.5847 -614.1795 0.6977168
677.58    -636.449 -614.1752 0.6977276
677.59    -636.3133 -614.1708 0.6977385
677.6    -636.1776 -614.1665 0.6977496
677.61    -636.0418 -614.1622 0.6977609
677.62    -635.906 -614.158 0.6977724
677.63    -635.7701 -614.1537 0.697784
677.64    -635.6343 -614.1494 0.6977958
677.65    -635.4984 -614.1451 0.6978077
677.66    -635.3625 -614.1409 0.6978198
677.67    -635.2265 -614.1367 0.697832
677.68    -635.0905 -614.1324 0.6978443
677.69    -634.9545 -614.1281 0.6978567
677.7    -634.8184 -614.1239 0.6978692
677.71    -634.6823 -614.1197 0.6978819
677.72    -634.5462 -614.1155 0.6978946
677.73    -634.41 -614.1113 0.6979074
677.74    -634.2738 -614.1071 0.6979204
677.75    -634.1376 -614.1028 0.6979333
677.76    -634.0013 -614.0986 0.6979464
677.77    -633.8651 -614.0944 0.6979595
677.78    -633.7287 -614.0902 0.6979727
677.79    -633.5923 -614.0861 0.697986
677.8    -633.456 -614.082 0.6979994
677.81    -633.3196 -614.0778 0.6980127
677.82    -633.1831 -614.0737 0.6980261
677.83    -633.0466 -614.0695 0.6980396
677.84    -632.9101 -614.0654 0.6980531
677.85    -632.7736 -614.0612 0.6980667
677.86    -632.637 -614.0571 0.6980803
677.87    -632.5004 -614.0529 0.698094
677.88    -632.3638 -614.0488 0.6981077
677.89    -632.2271 -614.0446 0.6981215
677.9    -632.0905 -614.0405 0.6981353
677.91    -631.9537 -614.0363 0.6981492
677.92    -631.817 -614.0322 0.6981631
677.93    -631.6802 -614.028 0.698177
677.94    -631.5433 -614.0239 0.698191
677.95    -631.4065 -614.0197 0.698205
677.96    -631.2696 -614.0155 0.6982191
677.97    -631.1327 -614.0114 0.6982331
677.98    -630.9957 -614.0071 0.6982473
677.99    -630.8588 -614.0029 0.6982613
678    -630.7217 -613.9987 0.6982754
678.01    -630.5847 -613.9945 0.6982896
678.02    -630.4476 -613.9903 0.6983038
678.03    -630.3105 -613.986 0.6983179
678.04    -630.1734 -613.9818 0.6983321
678.05    -630.0363 -613.9776 0.6983461
678.06    -629.899 -613.9734 0.6983597
678.07    -629.7618 -613.9692 0.6983731
678.08    -629.6246 -613.9649 0.6983862
678.09    -629.4872 -613.9607 0.698399
678.1    -629.3499 -613.9564 0.6984109
678.11    -629.2126 -613.9521 0.698422
678.12    -629.0752 -613.9478 0.6984321
678.13    -628.9378 -613.9435 0.6984415
678.14    -628.8004 -613.9393 0.6984502
678.15    -628.6629 -613.935 0.6984571
678.16    -628.5254 -613.9307 0.6984624
678.17    -628.3879 -613.9264 0.6984662
678.18    -628.2503 -613.9221 0.6984685
678.19    -628.1127 -613.9177 0.6984695
678.2    -627.975 -613.9133 0.6984683
678.21    -627.8374 -613.909 0.6984652
678.22    -627.6997 -613.9047 0.6984602
678.23    -627.562 -613.9003 0.6984535
678.24    -627.4242 -613.8959 0.698445
678.25    -627.2864 -613.8915 0.6984349
678.26    -627.1486 -613.8871 0.6984231
678.27    -627.0108 -613.8828 0.6984097
678.28    -626.8729 -613.8783 0.6983949
678.29    -626.735 -613.8739 0.6983786
678.3    -626.597 -613.8694 0.6983612
678.31    -626.4591 -613.865 0.6983425
678.32    -626.3211 -613.8605 0.6983229
678.33    -626.183 -613.856 0.6983021
678.34    -626.045 -613.8516 0.6982803
678.35    -625.9069 -613.847 0.6982578
678.36    -625.7688 -613.8425 0.6982346
678.37    -625.6307 -613.838 0.6982105
678.38    -625.4925 -613.8335 0.6981857
678.39    -625.3542 -613.8289 0.6981604
678.4    -625.216 -613.8243 0.6981345
678.41    -625.0778 -613.8198 0.698108
678.42    -624.9395 -613.8152 0.6980813
678.43    -624.8011 -613.8105 0.698054
678.44    -624.6627 -613.806 0.6980264
678.45    -624.5244 -613.8013 0.6979986
678.46    -624.3859 -613.7966 0.6979707
678.47    -624.2475 -613.792 0.6979427
678.48    -624.109 -613.7874 0.6979146
678.49    -623.9705 -613.7827 0.6978863
678.5    -623.8319 -613.7779 0.6978586
678.51    -623.6934 -613.7732 0.6978315
678.52    -623.5547 -613.7685 0.6978048
678.53    -623.4161 -613.7637 0.6977785
678.54    -623.2774 -613.7589 0.6977527
678.55    -623.1387 -613.7542 0.6977282
678.56    -622.9999 -613.7494 0.6977049
678.57    -622.8611 -613.7445 0.6976827
678.58    -622.7223 -613.7397 0.6976616
678.59    -622.5834 -613.7349 0.6976416
678.6    -622.4446 -613.73 0.6976229
678.61    -622.3057 -613.7251 0.6976056
678.62    -622.1667 -613.7202 0.6975896
678.63    -622.0277 -613.7153 0.6975748
678.64    -621.8887 -613.7104 0.6975611
678.65    -621.7496 -613.7055 0.6975487
678.66    -621.6105 -613.7006 0.6975375
678.67    -621.4714 -613.6956 0.6975274
678.68    -621.3322 -613.6907 0.6975184
678.69    -621.193 -613.6857 0.6975104
678.7    -621.0538 -613.6807 0.6975032
678.71    -620.9145 -613.6757 0.6974971
678.72    -620.7751 -613.6707 0.6974917
678.73    -620.6358 -613.6657 0.6974871
678.74    -620.4964 -613.6606 0.6974832
678.75    -620.357 -613.6556 0.6974801
678.76    -620.2175 -613.6506 0.6974777
678.77    -620.0781 -613.6455 0.6974759
678.78    -619.9385 -613.6404 0.6974748
678.79    -619.799 -613.6354 0.6974744
678.8    -619.6594 -613.6302 0.6974748
678.81    -619.5197 -613.6251 0.697476
678.82    -619.3801 -613.62 0.697478
678.83    -619.2404 -613.6149 0.6974807
678.84    -619.1006 -613.6097 0.6974841
678.85    -618.9608 -613.6046 0.6974882
678.86    -618.821 -613.5994 0.6974938
678.87    -618.6812 -613.5941 0.6975009
678.88    -618.5413 -613.5889 0.6975092
678.89    -618.4013 -613.5837 0.6975189
678.9    -618.2614 -613.5786 0.6975306
678.91    -618.1214 -613.5733 0.6975444
678.92    -617.9814 -613.5681 0.69756
678.93    -617.8413 -613.5628 0.6975774
678.94    -617.7012 -613.5576 0.6975965
678.95    -617.5611 -613.5523 0.6976172
678.96    -617.421 -613.5469 0.6976406
678.97    -617.2808 -613.5416 0.6976665
678.98    -617.1405 -613.5363 0.6976948
678.99    -617.0002 -613.531 0.6977254
679    -616.8599 -613.5257 0.6977589
679.01    -616.7196 -613.5204 0.697795
679.02    -616.5792 -613.515 0.6978337
679.03    -616.4388 -613.5096 0.6978748
679.04    -616.2983 -613.5043 0.6979182
679.05    -616.1578 -613.4989 0.6979643
679.06    -616.0173 -613.4935 0.6980126
679.07    -615.8768 -613.4881 0.6980633
679.08    -615.7361 -613.4827 0.698116
679.09    -615.5955 -613.4772 0.6981708
679.1    -615.4548 -613.4718 0.6982277
679.11    -615.314 -613.4664 0.6982865
679.12    -615.1732 -613.4609 0.698347
679.13    -615.0324 -613.4555 0.6984093
679.14    -614.8915 -613.4501 0.6984732
679.15    -614.7507 -613.4446 0.6985386
679.16    -614.6097 -613.4391 0.6986054
679.17    -614.4688 -613.4335 0.6986736
679.18    -614.3277 -613.428 0.698743
679.19    -614.1866 -613.4225 0.6988137
679.2    -614.0455 -613.4171 0.6988854
679.21    -613.9043 -613.4116 0.6989582
679.22    -613.7631 -613.406 0.699032
679.23    -613.6219 -613.4005 0.6991067
679.24    -613.4806 -613.3949 0.6991823
679.25    -613.3393 -613.3893 0.6992587
679.26    -613.1979 -613.3838 0.6993359
679.27    -613.0565 -613.3782 0.6994139
679.28    -612.9151 -613.3727 0.6994925
679.29    -612.7736 -613.3671 0.6995718
679.3    -612.6321 -613.3616 0.6996518
679.31    -612.4905 -613.356 0.6997323
679.32    -612.3489 -613.3503 0.6998134
679.33    -612.2073 -613.3447 0.6998949
679.34    -612.0656 -613.3391 0.6999769
679.35    -611.9238 -613.3335 0.7000594
679.36    -611.782 -613.3279 0.7001424
679.37    -611.6403 -613.3223 0.7002257
679.38    -611.4984 -613.3167 0.7003095
679.39    -611.3565 -613.311 0.7003935
679.4    -611.2146 -613.3055 0.700478
679.41    -611.0726 -613.2999 0.7005627
679.42    -610.9306 -613.2943 0.7006478
679.43    -610.7885 -613.2886 0.7007331
679.44    -610.6464 -613.283 0.7008187
679.45    -610.5043 -613.2774 0.7009045
679.46    -610.3621 -613.2718 0.7009906
679.47    -610.2199 -613.2662 0.701077
679.48    -610.0776 -613.2606 0.7011635
679.49    -609.9353 -613.2549 0.7012502
679.5    -609.793 -613.2493 0.7013372
679.51    -609.6506 -613.2438 0.7014242
679.52    -609.5081 -613.2382 0.7015115
679.53    -609.3657 -613.2325 0.7015989
679.54    -609.2231 -613.2269 0.7016865
679.55    -609.0806 -613.2213 0.7017742
679.56    -608.938 -613.2157 0.701862
679.57    -608.7954 -613.2101 0.70195
679.58    -608.6527 -613.2045 0.702038
679.59    -608.51 -613.1989 0.7021263
679.6    -608.3672 -613.1933 0.7022145
679.61    -608.2244 -613.1877 0.7023029
679.62    -608.0816 -613.1821 0.7023914
679.63    -607.9387 -613.1765 0.70248
679.64    -607.7958 -613.1708 0.7025686
679.65    -607.6528 -613.1652 0.7026573
679.66    -607.5098 -613.1597 0.7027461
679.67    -607.3668 -613.1541 0.702835
679.68    -607.2237 -613.1484 0.7029239
679.69    -607.0806 -613.1428 0.7030129
679.7    -606.9374 -613.1372 0.7031019
679.71    -606.7943 -613.1316 0.7031909
679.72    -606.651 -613.126 0.7032798
679.73    -606.5077 -613.1204 0.7033687
679.74    -606.3643 -613.1147 0.7034575
679.75    -606.2209 -613.1091 0.703546
679.76    -606.0775 -613.1036 0.7036343
679.77    -605.9341 -613.098 0.7037222
679.78    -605.7906 -613.0923 0.7038099
679.79    -605.647 -613.0867 0.7038972
679.8    -605.5035 -613.0811 0.7039836
679.81    -605.3599 -613.0755 0.7040692
679.82    -605.2162 -613.0699 0.7041538
679.83    -605.0725 -613.0643 0.7042378
679.84    -604.9288 -613.0587 0.7043208
679.85    -604.785 -613.053 0.7044033
679.86    -604.6412 -613.0474 0.7044838
679.87    -604.4973 -613.0418 0.7045625
679.88    -604.3534 -613.0362 0.7046396
679.89    -604.2095 -613.0306 0.704715
679.9    -604.0655 -613.025 0.7047881
679.91    -603.9215 -613.0193 0.704859
679.92    -603.7775 -613.0137 0.7049279
679.93    -603.6334 -613.0081 0.7049948
679.94    -603.4892 -613.0025 0.7050599
679.95    -603.345 -612.9969 0.7051234
679.96    -603.2007 -612.9913 0.7051848
679.97    -603.0565 -612.9857 0.7052442
679.98    -602.9122 -612.98 0.7053018
679.99    -602.7678 -612.9744 0.7053577
680    -602.6235 -612.9688 0.705412
680.01    -602.4791 -612.9632 0.7054647
680.02    -602.3346 -612.9576 0.7055159
680.03    -602.1901 -612.9519 0.7055658
680.04    -602.0455 -612.9462 0.7056142
680.05    -601.9009 -612.9406 0.7056616
680.06    -601.7563 -612.9349 0.7057078
680.07    -601.6117 -612.9292 0.7057528
680.08    -601.467 -612.9235 0.705797
680.09    -601.3222 -612.9178 0.7058401
680.1    -601.1774 -612.9121 0.7058823
680.11    -601.0326 -612.9064 0.7059235
680.12    -600.8878 -612.9008 0.705964
680.13    -600.7429 -612.8951 0.7060037
680.14    -600.5979 -612.8894 0.7060426
680.15    -600.4529 -612.8837 0.7060809
680.16    -600.308 -612.8779 0.7061185
680.17    -600.163 -612.8722 0.7061555
680.18    -600.0179 -612.8665 0.7061919
680.19    -599.8727 -612.8607 0.7062278
680.2    -599.7276 -612.855 0.7062632
680.21    -599.5825 -612.8492 0.7062981
680.22    -599.4373 -612.8434 0.7063325
680.23    -599.292 -612.8377 0.7063665
680.24    -599.1467 -612.832 0.7064002
680.25    -599.0015 -612.8262 0.7064336
680.26    -598.8561 -612.8205 0.7064669
680.27    -598.7108 -612.8148 0.7065
680.28    -598.5654 -612.809 0.706533
680.29    -598.4199 -612.8033 0.7065659
680.3    -598.2745 -612.7975 0.706599
680.31    -598.129 -612.7918 0.7066323
680.32    -597.9835 -612.7861 0.7066658
680.33    -597.8379 -612.7803 0.7066994
680.34    -597.6923 -612.7746 0.7067333
680.35    -597.5466 -612.7689 0.7067678
680.36    -597.401 -612.7631 0.7068029
680.37    -597.2553 -612.7574 0.7068386
680.38    -597.1096 -612.7516 0.7068748
680.39    -596.9639 -612.7458 0.7069117
680.4    -596.8181 -612.7401 0.7069494
680.41    -596.6723 -612.7343 0.706988
680.42    -596.5265 -612.7285 0.7070275
680.43    -596.3806 -612.7227 0.7070678
680.44    -596.2347 -612.7169 0.7071089
680.45    -596.0887 -612.7111 0.7071514
680.46    -595.9428 -612.7053 0.7071954
680.47    -595.7968 -612.6995 0.7072408
680.48    -595.6508 -612.6937 0.7072874
680.49    -595.5047 -612.6879 0.7073353
680.5    -595.3586 -612.6821 0.7073848
680.51    -595.2125 -612.6763 0.7074358
680.52    -595.0664 -612.6705 0.7074882
680.53    -594.9202 -612.6647 0.7075421
680.54    -594.774 -612.6589 0.7075972
680.55    -594.6277 -612.6531 0.7076537
680.56    -594.4815 -612.6473 0.7077114
680.57    -594.3352 -612.6415 0.7077703
680.58    -594.1888 -612.6357 0.7078304
680.59    -594.0425 -612.6299 0.7078915
680.6    -593.8961 -612.6241 0.7079536
680.61    -593.7497 -612.6183 0.7080166
680.62    -593.6033 -612.6125 0.7080805
680.63    -593.4568 -612.6068 0.7081453
680.64    -593.3102 -612.601 0.7082108
680.65    -593.1637 -612.5952 0.7082771
680.66    -593.0172 -612.5894 0.7083441
680.67    -592.8705 -612.5836 0.7084118
680.68    -592.7239 -612.5778 0.70848
680.69    -592.5772 -612.572 0.7085488
680.7    -592.4305 -612.5663 0.7086182
680.71    -592.2838 -612.5605 0.7086881
680.72    -592.137 -612.5548 0.7087585
680.73    -591.9902 -612.5491 0.7088295
680.74    -591.8433 -612.5434 0.7089007
680.75    -591.6965 -612.5377 0.7089723
680.76    -591.5496 -612.5319 0.7090442
680.77    -591.4026 -612.5262 0.7091163
680.78    -591.2556 -612.5204 0.7091887
680.79    -591.1085 -612.5147 0.7092613
680.8    -590.9615 -612.509 0.7093332
680.81    -590.8144 -612.5033 0.7094042
680.82    -590.6672 -612.4976 0.7094745
680.83    -590.52 -612.4918 0.7095441
680.84    -590.3727 -612.4861 0.7096131
680.85    -590.2255 -612.4803 0.7096796
680.86    -590.0781 -612.4746 0.7097439
680.87    -589.9308 -612.4689 0.7098058
680.88    -589.7834 -612.4633 0.7098657
680.89    -589.6359 -612.4576 0.7099237
680.9    -589.4885 -612.452 0.7099782
680.91    -589.3409 -612.4463 0.7100295
680.92    -589.1934 -612.4406 0.7100778
680.93    -589.0457 -612.4349 0.710123
680.94    -588.8981 -612.4293 0.7101656
680.95    -588.7504 -612.4236 0.7102056
680.96    -588.6026 -612.418 0.7102414
680.97    -588.4548 -612.4123 0.7102736
680.98    -588.307 -612.4067 0.7103021
680.99    -588.1591 -612.4011 0.7103272
681    -588.0112 -612.3954 0.7103484
681.01    -587.8633 -612.3899 0.7103658
681.02    -587.7153 -612.3843 0.7103796
681.03    -587.5672 -612.3787 0.7103901
681.04    -587.4191 -612.373 0.7103974
681.05    -587.271 -612.3674 0.7104014
681.06    -587.1229 -612.3619 0.7104023
681.07    -586.9747 -612.3564 0.7104
681.08    -586.8264 -612.3508 0.7103951
681.09    -586.6781 -612.3453 0.7103875
681.1    -586.5298 -612.3397 0.7103773
681.11    -586.3814 -612.3342 0.7103647
681.12    -586.233 -612.3287 0.7103499
681.13    -586.0846 -612.3232 0.710333
681.14    -585.9361 -612.3177 0.7103141
681.15    -585.7875 -612.3122 0.7102934
681.16    -585.639 -612.3068 0.7102708
681.17    -585.4904 -612.3013 0.7102466
681.18    -585.3418 -612.2958 0.7102208
681.19    -585.1931 -612.2903 0.7101935
681.2    -585.0444 -612.285 0.7101647
681.21    -584.8957 -612.2795 0.7101347
681.22    -584.7469 -612.2741 0.7101033
681.23    -584.5981 -612.2687 0.7100708
681.24    -584.4493 -612.2633 0.7100372
681.25    -584.3005 -612.2579 0.7100025
681.26    -584.1516 -612.2526 0.7099668
681.27    -584.0027 -612.2472 0.7099302
681.28    -583.8538 -612.2419 0.7098926
681.29    -583.7048 -612.2365 0.7098541
681.3    -583.5558 -612.2312 0.7098148
681.31    -583.4068 -612.2259 0.7097749
681.32    -583.2578 -612.2206 0.7097341
681.33    -583.1088 -612.2153 0.7096927
681.34    -582.9597 -612.21 0.7096506
681.35    -582.8107 -612.2048 0.709608
681.36    -582.6616 -612.1996 0.7095647
681.37    -582.5125 -612.1943 0.7095209
681.38    -582.3634 -612.1891 0.7094766
681.39    -582.2143 -612.1838 0.7094318
681.4    -582.0652 -612.1787 0.7093866
681.41    -581.916 -612.1735 0.709341
681.42    -581.7668 -612.1683 0.709295
681.43    -581.6177 -612.1631 0.7092487
681.44    -581.4684 -612.158 0.7092021
681.45    -581.3193 -612.1529 0.7091553
681.46    -581.17 -612.1478 0.7091084
681.47    -581.0208 -612.1426 0.7090613
681.48    -580.8715 -612.1375 0.7090141
681.49    -580.7222 -612.1324 0.7089667
681.5    -580.5729 -612.1274 0.7089195
681.51    -580.4236 -612.1223 0.7088726
681.52    -580.2744 -612.1172 0.7088256
681.53    -580.125 -612.1122 0.7087788
681.54    -579.9756 -612.1072 0.7087322
681.55    -579.8263 -612.1021 0.7086856
681.56    -579.6769 -612.0971 0.7086397
681.57    -579.5275 -612.0921 0.7085946
681.58    -579.3781 -612.0872 0.7085502
681.59    -579.2287 -612.0822 0.7085062
681.6    -579.0793 -612.0771 0.7084635
681.61    -578.9299 -612.0721 0.708422
681.62    -578.7804 -612.0672 0.7083816
681.63    -578.6309 -612.0623 0.7083421
681.64    -578.4814 -612.0573 0.7083037
681.65    -578.332 -612.0524 0.7082669
681.66    -578.1824 -612.0475 0.7082313
681.67    -578.0329 -612.0425 0.7081972
681.68    -577.8834 -612.0376 0.7081643
681.69    -577.7338 -612.0327 0.7081327
681.7    -577.5842 -612.0278 0.7081028
681.71    -577.4346 -612.0229 0.7080745
681.72    -577.285 -612.0181 0.7080477
681.73    -577.1354 -612.0132 0.7080224
681.74    -576.9858 -612.0083 0.7079984
681.75    -576.8362 -612.0034 0.707976
681.76    -576.6866 -611.9985 0.7079552
681.77    -576.537 -611.9937 0.7079358
681.78    -576.3875 -611.9888 0.7079176
681.79    -576.2378 -611.9839 0.7079008
681.8    -576.0882 -611.979 0.7078856
681.81    -575.9386 -611.9741 0.7078719
681.82    -575.789 -611.9692 0.7078597
681.83    -575.6394 -611.9644 0.7078489
681.84    -575.4898 -611.9595 0.7078394
681.85    -575.3402 -611.9547 0.7078316
681.86    -575.1906 -611.9499 0.7078256
681.87    -575.041 -611.9451 0.7078212
681.88    -574.8914 -611.9402 0.7078182
681.89    -574.7419 -611.9354 0.7078167
681.9    -574.5923 -611.9305 0.7078174
681.91    -574.4428 -611.9257 0.7078202
681.92    -574.2933 -611.9208 0.7078251
681.93    -574.1437 -611.916 0.7078319
681.94    -573.9943 -611.9111 0.7078404
681.95    -573.8448 -611.9061 0.7078514
681.96    -573.6953 -611.9012 0.7078648
681.97    -573.5459 -611.8964 0.7078804
681.98    -573.3965 -611.8915 0.7078983
681.99    -573.2471 -611.8866 0.707918
682    -573.0977 -611.8817 0.7079402
682.01    -572.9484 -611.8768 0.7079647
682.02    -572.799 -611.8719 0.7079914
682.03    -572.6497 -611.867 0.7080201
682.04    -572.5003 -611.8621 0.7080507
682.05    -572.351 -611.8572 0.7080835
682.06    -572.2017 -611.8523 0.7081184
682.07    -572.0524 -611.8474 0.708155
682.08    -571.9031 -611.8424 0.7081936
682.09    -571.7539 -611.8375 0.7082338
682.1    -571.6047 -611.8325 0.7082757
682.11    -571.4554 -611.8276 0.708319
682.12    -571.3063 -611.8226 0.7083639
682.13    -571.1571 -611.8176 0.7084101
682.14    -571.0079 -611.8127 0.7084576
682.15    -570.8588 -611.8076 0.7085063
682.16    -570.7097 -611.8026 0.7085563
682.17    -570.5606 -611.7976 0.7086073
682.18    -570.4115 -611.7926 0.7086594
682.19    -570.2624 -611.7875 0.7087125
682.2    -570.1133 -611.7825 0.7087665
682.21    -569.9642 -611.7775 0.7088214
682.22    -569.8152 -611.7723 0.7088771
682.23    -569.6661 -611.7673 0.7089336
682.24    -569.5172 -611.7622 0.7089908
682.25    -569.3682 -611.7571 0.7090487
682.26    -569.2192 -611.752 0.7091074
682.27    -569.0703 -611.7468 0.7091666
682.28    -568.9214 -611.7416 0.7092265
682.29    -568.7725 -611.7365 0.7092869
682.3    -568.6236 -611.7314 0.7093478
682.31    -568.4747 -611.7261 0.7094092
682.32    -568.3259 -611.7209 0.7094711
682.33    -568.177 -611.7158 0.7095335
682.34    -568.0281 -611.7105 0.7095962
682.35    -567.8793 -611.7053 0.7096594
682.36    -567.7305 -611.7 0.709723
682.37    -567.5817 -611.6947 0.7097869
682.38    -567.433 -611.6895 0.7098512
682.39    -567.2842 -611.6841 0.7099158
682.4    -567.1355 -611.6788 0.7099806
682.41    -566.9868 -611.6735 0.7100458
682.42    -566.8381 -611.6682 0.7101113
682.43    -566.6895 -611.6627 0.7101769
682.44    -566.5408 -611.6573 0.7102429
682.45    -566.3922 -611.652 0.7103091
682.46    -566.2435 -611.6465 0.7103755
682.47    -566.0949 -611.6411 0.7104421
682.48    -565.9463 -611.6356 0.7105089
682.49    -565.7977 -611.6301 0.7105758
682.5    -565.6492 -611.6246 0.710643
682.51    -565.5006 -611.6191 0.7107103
682.52    -565.3521 -611.6136 0.7107778
682.53    -565.2036 -611.608 0.7108454
682.54    -565.0551 -611.6025 0.7109132
682.55    -564.9066 -611.5969 0.7109811
682.56    -564.7582 -611.5913 0.7110491
682.57    -564.6097 -611.5857 0.7111173
682.58    -564.4613 -611.58 0.7111856
682.59    -564.3129 -611.5744 0.7112541
682.6    -564.1645 -611.5687 0.7113225
682.61    -564.0161 -611.563 0.7113911
682.62    -563.8677 -611.5573 0.7114598
682.63    -563.7194 -611.5516 0.7115285
682.64    -563.571 -611.5458 0.7115973
682.65    -563.4227 -611.5401 0.7116662
682.66    -563.2745 -611.5344 0.7117352
682.67    -563.1263 -611.5286 0.7118043
682.68    -562.978 -611.5228 0.7118735
682.69    -562.8298 -611.517 0.7119426
682.7    -562.6816 -611.5111 0.7120119
682.71    -562.5334 -611.5052 0.7120812
682.72    -562.3852 -611.4994 0.7121506
682.73    -562.237 -611.4935 0.71222
682.74    -562.0888 -611.4876 0.7122895
682.75    -561.9407 -611.4818 0.7123589
682.76    -561.7925 -611.4758 0.7124284
682.77    -561.6444 -611.4699 0.7124978
682.78    -561.4963 -611.4639 0.7125673
682.79    -561.3483 -611.458 0.7126367
682.8    -561.2002 -611.452 0.7127061
682.81    -561.0522 -611.446 0.7127753
682.82    -560.9042 -611.4401 0.7128446
682.83    -560.7562 -611.434 0.7129138
682.84    -560.6082 -611.428 0.7129828
682.85    -560.4602 -611.4219 0.7130517
682.86    -560.3123 -611.4159 0.7131203
682.87    -560.1643 -611.4099 0.7131888
682.88    -560.0164 -611.4038 0.713257
682.89    -559.8684 -611.3977 0.7133251
682.9    -559.7205 -611.3915 0.7133928
682.91    -559.5726 -611.3854 0.7134602
682.92    -559.4247 -611.3793 0.7135271
682.93    -559.2769 -611.3732 0.7135939
682.94    -559.129 -611.3671 0.7136602
682.95    -558.9811 -611.361 0.713726
682.96    -558.8332 -611.3548 0.7137913
682.97    -558.6853 -611.3486 0.7138558
682.98    -558.5374 -611.3425 0.7139199
682.99    -558.3895 -611.3363 0.7139835
683    -558.2416 -611.3301 0.7140466
683.01    -558.0938 -611.3239 0.7141088
683.02    -557.9459 -611.3176 0.7141703
683.03    -557.798 -611.3114 0.714231
683.04    -557.6501 -611.3052 0.7142909
683.05    -557.5023 -611.299 0.7143499
683.06    -557.3544 -611.2927 0.7144081
683.07    -557.2065 -611.2865 0.7144656
683.08    -557.0587 -611.2802 0.7145223
683.09    -556.9108 -611.2739 0.7145783
683.1    -556.7629 -611.2676 0.7146335
683.11    -556.615 -611.2614 0.7146879
683.12    -556.4671 -611.2551 0.7147416
683.13    -556.3192 -611.2488 0.7147947
683.14    -556.1713 -611.2425 0.7148471
683.15    -556.0234 -611.2362 0.7148987
683.16    -555.8755 -611.2299 0.7149497
683.17    -555.7277 -611.2236 0.7150001
683.18    -555.5798 -611.2172 0.7150498
683.19    -555.4319 -611.2109 0.715099
683.2    -555.284 -611.2045 0.7151474
683.21    -555.1361 -611.1982 0.7151951
683.22    -554.9882 -611.1918 0.7152422
683.23    -554.8403 -611.1855 0.7152887
683.24    -554.6923 -611.1791 0.7153345
683.25    -554.5444 -611.1728 0.7153799
683.26    -554.3964 -611.1664 0.7154241
683.27    -554.2485 -611.1601 0.7154675
683.28    -554.1005 -611.1537 0.7155099
683.29    -553.9526 -611.1474 0.7155514
683.3    -553.8046 -611.1411 0.7155922
683.31    -553.6566 -611.1347 0.7156313
683.32    -553.5087 -611.1284 0.715669
683.33    -553.3607 -611.1219 0.7157052
683.34    -553.2126 -611.1155 0.7157401
683.35    -553.0646 -611.1091 0.7157736
683.36    -552.9166 -611.1027 0.7158052
683.37    -552.7686 -611.0963 0.7158349
683.38    -552.6206 -611.0899 0.7158626
683.39    -552.4725 -611.0835 0.7158887
683.4    -552.3245 -611.0771 0.7159133
683.41    -552.1764 -611.0707 0.7159352
683.42    -552.0283 -611.0643 0.7159547
683.43    -551.8802 -611.0579 0.7159718
683.44    -551.7321 -611.0515 0.7159869
683.45    -551.584 -611.045 0.7159999
683.46    -551.4359 -611.0386 0.7160099
683.47    -551.2877 -611.0322 0.7160172
683.48    -551.1396 -611.0258 0.716022
683.49    -550.9915 -611.0194 0.7160242
683.5    -550.8433 -611.013 0.7160241
683.51    -550.6951 -611.0066 0.7160211
683.52    -550.5469 -611.0002 0.7160154
683.53    -550.3987 -610.9938 0.716007
683.54    -550.2505 -610.9874 0.7159962
683.55    -550.1024 -610.981 0.715983
683.56    -549.9541 -610.9746 0.7159676
683.57    -549.8059 -610.9682 0.7159497
683.58    -549.6577 -610.9618 0.7159294
683.59    -549.5094 -610.9554 0.7159068
683.6    -549.3611 -610.949 0.7158821
683.61    -549.2128 -610.9426 0.7158553
683.62    -549.0646 -610.9362 0.7158263
683.63    -548.9163 -610.9297 0.715795
683.64    -548.7679 -610.9233 0.7157618
683.65    -548.6196 -610.9169 0.7157267
683.66    -548.4713 -610.9105 0.7156898
683.67    -548.323 -610.9042 0.7156507
683.68    -548.1747 -610.8978 0.7156099
683.69    -548.0263 -610.8915 0.7155672
683.7    -547.8779 -610.8852 0.7155228
683.71    -547.7296 -610.8788 0.7154768
683.72    -547.5812 -610.8725 0.715429
683.73    -547.4328 -610.8661 0.7153795
683.74    -547.2844 -610.8598 0.7153284
683.75    -547.1359 -610.8535 0.7152757
683.76    -546.9875 -610.8472 0.7152216
683.77    -546.8391 -610.8408 0.715166
683.78    -546.6906 -610.8345 0.7151089
683.79    -546.5422 -610.8282 0.7150504
683.8    -546.3937 -610.822 0.7149906
683.81    -546.2452 -610.8157 0.7149296
683.82    -546.0967 -610.8094 0.7148674
683.83    -545.9482 -610.8032 0.7148041
683.84    -545.7997 -610.7969 0.7147396
683.85    -545.6512 -610.7906 0.7146742
683.86    -545.5027 -610.7844 0.7146077
683.87    -545.3541 -610.7782 0.7145404
683.88    -545.2056 -610.772 0.7144722
683.89    -545.057 -610.7657 0.7144032
683.9    -544.9084 -610.7595 0.7143334
683.91    -544.7598 -610.7534 0.7142628
683.92    -544.6112 -610.7472 0.7141915
683.93    -544.4626 -610.741 0.7141196
683.94    -544.314 -610.7349 0.714047
683.95    -544.1653 -610.7288 0.7139738
683.96    -544.0167 -610.7226 0.7139
683.97    -543.868 -610.7164 0.7138257
683.98    -543.7194 -610.7103 0.7137508
683.99    -543.5707 -610.7043 0.7136755
684    -543.422 -610.6982 0.7135997
684.01    -543.2733 -610.6921 0.7135234
684.02    -543.1246 -610.686 0.7134468
684.03    -542.976 -610.6799 0.7133697
684.04    -542.8272 -610.6739 0.7132923
684.05    -542.6785 -610.6678 0.7132145
684.06    -542.5297 -610.6619 0.7131363
684.07    -542.381 -610.6559 0.7130579
684.08    -542.2322 -610.6499 0.712979
684.09    -542.0835 -610.6439 0.7129
684.1    -541.9348 -610.638 0.7128205
684.11    -541.7859 -610.632 0.7127409
684.12    -541.6372 -610.6261 0.712661
684.13    -541.4884 -610.6202 0.712581
684.14    -541.3396 -610.6143 0.7125008
684.15    -541.1908 -610.6084 0.7124204
684.16    -541.042 -610.6025 0.7123398
684.17    -540.8932 -610.5967 0.7122591
684.18    -540.7444 -610.5908 0.7121782
684.19    -540.5955 -610.585 0.7120972
684.2    -540.4467 -610.5791 0.7120161
684.21    -540.2978 -610.5733 0.7119349
684.22    -540.1489 -610.5675 0.7118537
684.23    -540.0001 -610.5617 0.7117724
684.24    -539.8512 -610.5559 0.7116912
684.25    -539.7023 -610.5502 0.7116099
684.26    -539.5534 -610.5445 0.7115287
684.27    -539.4045 -610.5388 0.7114477
684.28    -539.2556 -610.533 0.7113671
684.29    -539.1067 -610.5273 0.7112867
684.3    -538.9578 -610.5217 0.7112066
684.31    -538.8088 -610.5161 0.7111272
684.32    -538.6599 -610.5104 0.7110485
684.33    -538.511 -610.5047 0.7109704
684.34    -538.3621 -610.4991 0.7108928
684.35    -538.2131 -610.4935 0.7108159
684.36    -538.0642 -610.4879 0.7107401
684.37    -537.9153 -610.4823 0.7106657
684.38    -537.7663 -610.4767 0.7105923
684.39    -537.6173 -610.4712 0.71052
684.4    -537.4683 -610.4656 0.7104487
684.41    -537.3193 -610.4601 0.7103783
684.42    -537.1703 -610.4545 0.7103097
684.43    -537.0214 -610.449 0.7102426
684.44    -536.8724 -610.4435 0.7101771
684.45    -536.7234 -610.438 0.710113
684.46    -536.5743 -610.4325 0.7100505
684.47    -536.4254 -610.427 0.7099898
684.48    -536.2763 -610.4216 0.7099311
684.49    -536.1273 -610.4161 0.709874
684.5    -535.9782 -610.4106 0.7098187
684.51    -535.8292 -610.4052 0.709765
684.52    -535.6801 -610.3998 0.709713
684.53    -535.5311 -610.3944 0.7096628
684.54    -535.382 -610.389 0.7096141
684.55    -535.233 -610.3836 0.7095668
684.56    -535.0839 -610.3782 0.7095211
684.57    -534.9349 -610.3729 0.7094767
684.58    -534.7858 -610.3675 0.7094336
684.59    -534.6367 -610.3622 0.7093917
684.6    -534.4875 -610.3568 0.7093509
684.61    -534.3384 -610.3515 0.7093113
684.62    -534.1893 -610.3462 0.7092727
684.63    -534.0402 -610.3409 0.7092351
684.64    -533.8911 -610.3356 0.7091984
684.65    -533.742 -610.3303 0.7091626
684.66    -533.5928 -610.325 0.7091276
684.67    -533.4437 -610.3198 0.7090933
684.68    -533.2946 -610.3145 0.7090599
684.69    -533.1454 -610.3093 0.7090272
684.7    -532.9963 -610.304 0.708995
684.71    -532.8471 -610.2988 0.7089636
684.72    -532.6979 -610.2935 0.7089327
684.73    -532.5488 -610.2883 0.7089024
684.74    -532.3996 -610.2831 0.7088727
684.75    -532.2504 -610.278 0.7088435
684.76    -532.1013 -610.2728 0.7088146
684.77    -531.9521 -610.2676 0.7087863
684.78    -531.8029 -610.2624 0.7087584
684.79    -531.6537 -610.2572 0.7087309
684.8    -531.5045 -610.252 0.7087039
684.81    -531.3552 -610.2469 0.7086771
684.82    -531.206 -610.2418 0.7086507
684.83    -531.0568 -610.2366 0.7086246
684.84    -530.9075 -610.2315 0.7085989
684.85    -530.7583 -610.2264 0.7085735
684.86    -530.6091 -610.2213 0.7085484
684.87    -530.4598 -610.2162 0.7085235
684.88    -530.3106 -610.2111 0.7084988
684.89    -530.1613 -610.206 0.7084745
684.9    -530.012 -610.2009 0.7084503
684.91    -529.8628 -610.1959 0.7084265
684.92    -529.7135 -610.1908 0.7084027
684.93    -529.5642 -610.1857 0.7083791
684.94    -529.4149 -610.1807 0.7083558
684.95    -529.2656 -610.1756 0.7083327
684.96    -529.1163 -610.1705 0.7083097
684.97    -528.967 -610.1655 0.7082869
684.98    -528.8177 -610.1604 0.7082643
684.99    -528.6685 -610.1554 0.7082419
685    -528.5191 -610.1504 0.7082195
685.01    -528.3698 -610.1454 0.7081974
685.02    -528.2204 -610.1404 0.7081754
685.03    -528.071 -610.1354 0.7081536
685.04    -527.9217 -610.1304 0.708132
685.05    -527.7723 -610.1254 0.7081107
685.06    -527.623 -610.1204 0.7080896
685.07    -527.4736 -610.1154 0.7080688
685.08    -527.3243 -610.1104 0.7080483
685.09    -527.1749 -610.1054 0.7080281
685.1    -527.0256 -610.1004 0.7080082
685.11    -526.8762 -610.0955 0.7079884
685.12    -526.7269 -610.0905 0.707969
685.13    -526.5775 -610.0856 0.7079499
685.14    -526.4282 -610.0806 0.707931
685.15    -526.2788 -610.0757 0.7079124
685.16    -526.1295 -610.0707 0.7078941
685.17    -525.9801 -610.0658 0.707876
685.18    -525.8307 -610.0609 0.7078581
685.19    -525.6814 -610.0559 0.7078404
685.2    -525.532 -610.051 0.707823
685.21    -525.3827 -610.046 0.7078058
685.22    -525.2333 -610.0411 0.7077886
685.23    -525.084 -610.0361 0.7077717
685.24    -524.9346 -610.0312 0.7077549
685.25    -524.7853 -610.0262 0.7077383
685.26    -524.6359 -610.0213 0.7077218
685.27    -524.4866 -610.0163 0.7077055
685.28    -524.3372 -610.0114 0.7076893
685.29    -524.1879 -610.0064 0.7076733
685.3    -524.0385 -610.0014 0.7076573
685.31    -523.8892 -609.9964 0.7076414
685.32    -523.7398 -609.9914 0.7076256
685.33    -523.5905 -609.9864 0.70761
685.34    -523.4411 -609.9814 0.7075943
685.35    -523.2917 -609.9763 0.7075789
685.36    -523.1424 -609.9713 0.7075635
685.37    -522.993 -609.9663 0.7075482
685.38    -522.8437 -609.9613 0.707533
685.39    -522.6943 -609.9563 0.7075179
685.4    -522.545 -609.9512 0.7075028
685.41    -522.3956 -609.9462 0.7074879
685.42    -522.2463 -609.9412 0.707473
685.43    -522.0969 -609.9362 0.7074583
685.44    -521.9476 -609.9311 0.7074435
685.45    -521.7982 -609.926 0.7074288
685.46    -521.6489 -609.9209 0.7074144
685.47    -521.4995 -609.9158 0.7074
685.48    -521.3502 -609.9108 0.7073859
685.49    -521.2008 -609.9057 0.7073718
685.5    -521.0515 -609.9006 0.7073579
685.51    -520.9021 -609.8954 0.7073445
685.52    -520.7527 -609.8903 0.7073314
685.53    -520.6034 -609.8851 0.7073187
685.54    -520.454 -609.88 0.7073064
685.55    -520.3047 -609.8749 0.7072944
685.56    -520.1553 -609.8698 0.7072831
685.57    -520.006 -609.8645 0.7072725
685.58    -519.8566 -609.8593 0.7072627
685.59    -519.7073 -609.8541 0.7072533
685.6    -519.5579 -609.8489 0.7072446
685.61    -519.4086 -609.8436 0.7072369
685.62    -519.2592 -609.8384 0.7072303
685.63    -519.1099 -609.8331 0.7072248
685.64    -518.9605 -609.8278 0.7072201
685.65    -518.8112 -609.8225 0.7072164
685.66    -518.6618 -609.8171 0.7072141
685.67    -518.5125 -609.8118 0.7072132
685.68    -518.3631 -609.8064 0.7072135
685.69    -518.2137 -609.801 0.7072151
685.7    -518.0644 -609.7957 0.7072178
685.71    -517.915 -609.7902 0.7072222
685.72    -517.7657 -609.7847 0.7072281
685.73    -517.6163 -609.7792 0.7072354
685.74    -517.467 -609.7737 0.7072442
685.75    -517.3176 -609.7682 0.7072543
685.76    -517.1683 -609.7626 0.707266
685.77    -517.0189 -609.757 0.7072795
685.78    -516.8696 -609.7515 0.7072946
685.79    -516.7202 -609.7458 0.7073111
685.8    -516.5709 -609.7402 0.707329
685.81    -516.4215 -609.7344 0.7073487
685.82    -516.2722 -609.7287 0.7073701
685.83    -516.1228 -609.723 0.7073931
685.84    -515.9734 -609.7172 0.7074175
685.85    -515.8241 -609.7115 0.7074434
685.86    -515.6747 -609.7056 0.7074708
685.87    -515.5255 -609.6998 0.7074998
685.88    -515.3761 -609.6939 0.7075301
685.89    -515.2267 -609.688 0.7075618
685.9    -515.0774 -609.6821 0.7075947
685.91    -514.928 -609.6761 0.707629
685.92    -514.7787 -609.6701 0.7076643
685.93    -514.6293 -609.6641 0.7077007
685.94    -514.48 -609.6581 0.7077382
685.95    -514.3306 -609.652 0.7077767
685.96    -514.1813 -609.6459 0.7078161
685.97    -514.0319 -609.6398 0.7078564
685.98    -513.8826 -609.6336 0.7078976
685.99    -513.7332 -609.6274 0.7079396
686    -513.5839 -609.6211 0.7079824
686.01    -513.4345 -609.6149 0.7080258
686.02    -513.2852 -609.6085 0.70807
686.03    -513.1358 -609.6022 0.7081149
686.04    -512.9865 -609.5958 0.7081603
686.05    -512.8371 -609.5894 0.7082064
686.06    -512.6877 -609.5829 0.7082531
686.07    -512.5384 -609.5765 0.7083003
686.08    -512.389 -609.57 0.708348
686.09    -512.2397 -609.5635 0.7083962
686.1    -512.0903 -609.5569 0.7084448
686.11    -511.941 -609.5503 0.708494
686.12    -511.7917 -609.5436 0.7085435
686.13    -511.6423 -609.537 0.7085935
686.14    -511.493 -609.5303 0.7086439
686.15    -511.3436 -609.5235 0.7086945
686.16    -511.1943 -609.5168 0.7087454
686.17    -511.045 -609.5099 0.7087967
686.18    -510.8957 -609.5032 0.7088482
686.19    -510.7463 -609.4963 0.7088999
686.2    -510.597 -609.4894 0.7089517
686.21    -510.4476 -609.4825 0.7090037
686.22    -510.2983 -609.4755 0.7090555
686.23    -510.149 -609.4686 0.7091074
686.24    -509.9996 -609.4615 0.7091593
686.25    -509.8503 -609.4545 0.7092111
686.26    -509.7009 -609.4474 0.709263
686.27    -509.5516 -609.4404 0.7093143
686.28    -509.4023 -609.4332 0.709365
686.29    -509.253 -609.4261 0.7094153
686.3    -509.1036 -609.4189 0.7094651
686.31    -508.9543 -609.4117 0.7095137
686.32    -508.805 -609.4045 0.7095613
686.33    -508.6557 -609.3972 0.7096078
686.34    -508.5063 -609.3899 0.7096534
686.35    -508.357 -609.3825 0.7096981
686.36    -508.2077 -609.3752 0.709741
686.37    -508.0584 -609.3678 0.7097822
686.38    -507.9091 -609.3604 0.7098216
686.39    -507.7597 -609.353 0.7098597
686.4    -507.6104 -609.3455 0.7098963
686.41    -507.4611 -609.338 0.7099308
686.42    -507.3118 -609.3305 0.7099633
686.43    -507.1625 -609.323 0.709994
686.44    -507.0132 -609.3154 0.710023
686.45    -506.8638 -609.3078 0.7100503
686.46    -506.7145 -609.3002 0.7100754
686.47    -506.5652 -609.2925 0.7100982
686.48    -506.4159 -609.2849 0.7101191
686.49    -506.2666 -609.2772 0.7101381
686.5    -506.1173 -609.2695 0.7101552
686.51    -505.968 -609.2618 0.7101707
686.52    -505.8187 -609.254 0.7101841
686.53    -505.6693 -609.2463 0.7101955
686.54    -505.52 -609.2385 0.7102051
686.55    -505.3707 -609.2306 0.710213
686.56    -505.2214 -609.2228 0.7102192
686.57    -505.0721 -609.2149 0.7102237
686.58    -504.9228 -609.207 0.7102268
686.59    -504.7735 -609.1992 0.7102283
686.6    -504.6241 -609.1912 0.7102284
686.61    -504.4748 -609.1832 0.7102272
686.62    -504.3256 -609.1753 0.7102247
686.63    -504.1763 -609.1673 0.710221
686.64    -504.0269 -609.1593 0.7102162
686.65    -503.8776 -609.1512 0.7102103
686.66    -503.7283 -609.1432 0.7102034
686.67    -503.579 -609.1351 0.7101955
686.68    -503.4297 -609.1271 0.7101866
686.69    -503.2804 -609.119 0.7101769
686.7    -503.1311 -609.1108 0.7101664
686.71    -502.9818 -609.1027 0.7101551
686.72    -502.8325 -609.0945 0.710143
686.73    -502.6832 -609.0864 0.7101302
686.74    -502.5339 -609.0782 0.7101167
686.75    -502.3846 -609.07 0.7101026
686.76    -502.2352 -609.0618 0.710088
686.77    -502.0859 -609.0535 0.7100727
686.78    -501.9366 -609.0453 0.7100569
686.79    -501.7874 -609.037 0.7100406
686.8    -501.638 -609.0288 0.7100237
686.81    -501.4887 -609.0205 0.7100064
686.82    -501.3394 -609.0122 0.7099887
686.83    -501.1901 -609.0039 0.7099705
686.84    -501.0408 -608.9956 0.7099519
686.85    -500.8915 -608.9872 0.7099329
686.86    -500.7422 -608.9789 0.7099136
686.87    -500.5929 -608.9705 0.7098939
686.88    -500.4436 -608.9622 0.7098739
686.89    -500.2943 -608.9538 0.7098535
686.9    -500.145 -608.9454 0.7098328
686.91    -499.9957 -608.9371 0.7098119
686.92    -499.8464 -608.9287 0.7097908
686.93    -499.6971 -608.9203 0.7097693
686.94    -499.5478 -608.912 0.7097476
686.95    -499.3985 -608.9036 0.7097256
686.96    -499.2491 -608.8953 0.7097033
686.97    -499.0999 -608.8869 0.709681
686.98    -498.9506 -608.8785 0.7096583
686.99    -498.8012 -608.8701 0.7096356
687    -498.6519 -608.8616 0.7096125
687.01    -498.5026 -608.8533 0.7095894
687.02    -498.3533 -608.8448 0.7095662
687.03    -498.204 -608.8364 0.709543
687.04    -498.0547 -608.828 0.7095197
687.05    -497.9053 -608.8196 0.7094965
687.06    -497.756 -608.8112 0.7094733
687.07    -497.6067 -608.8028 0.7094501
687.08    -497.4574 -608.7944 0.7094271
687.09    -497.3081 -608.7859 0.7094042
687.1    -497.1588 -608.7775 0.7093814
687.11    -497.0094 -608.7692 0.7093588
687.12    -496.8601 -608.7609 0.7093366
687.13    -496.7108 -608.7525 0.7093148
687.14    -496.5614 -608.7441 0.7092934
687.15    -496.4121 -608.7358 0.7092724
687.16    -496.2628 -608.7275 0.7092518
687.17    -496.1134 -608.7192 0.7092319
687.18    -495.9641 -608.7109 0.7092127
687.19    -495.8148 -608.7026 0.7091942
687.2    -495.6655 -608.6943 0.7091765
687.21    -495.5161 -608.6861 0.7091593
687.22    -495.3668 -608.6779 0.7091432
687.23    -495.2175 -608.6697 0.7091281
687.24    -495.0681 -608.6614 0.709114
687.25    -494.9188 -608.6532 0.7091008
687.26    -494.7695 -608.645 0.709089
687.27    -494.6201 -608.6368 0.7090786
687.28    -494.4708 -608.6287 0.7090693
687.29    -494.3215 -608.6205 0.7090613
687.3    -494.1721 -608.6125 0.7090544
687.31    -494.0228 -608.6044 0.709049
687.32    -493.8735 -608.5963 0.7090449
687.33    -493.7241 -608.5882 0.7090423
687.34    -493.5748 -608.5801 0.7090407
687.35    -493.4254 -608.5721 0.7090405
687.36    -493.2761 -608.5641 0.7090415
687.37    -493.1267 -608.5562 0.7090439
687.38    -492.9774 -608.5482 0.7090474
687.39    -492.828 -608.5402 0.7090521
687.4    -492.6786 -608.5323 0.7090579
687.41    -492.5293 -608.5244 0.7090648
687.42    -492.3799 -608.5166 0.7090727
687.43    -492.2306 -608.5087 0.7090816
687.44    -492.0812 -608.5009 0.7090914
687.45    -491.9318 -608.4931 0.7091021
687.46    -491.7824 -608.4854 0.7091137
687.47    -491.6331 -608.4776 0.709126
687.48    -491.4837 -608.4699 0.7091391
687.49    -491.3343 -608.4622 0.7091529
687.5    -491.1849 -608.4545 0.7091674
687.51    -491.0356 -608.4468 0.7091826
687.52    -490.8862 -608.4393 0.7091983
687.53    -490.7368 -608.4317 0.7092146
687.54    -490.5874 -608.4241 0.7092316
687.55    -490.438 -608.4166 0.709249
687.56    -490.2886 -608.4091 0.709267
687.57    -490.1393 -608.4017 0.7092854
687.58    -489.9899 -608.3942 0.7093043
687.59    -489.8405 -608.3868 0.7093236
687.6    -489.6911 -608.3794 0.7093433
687.61    -489.5417 -608.372 0.7093634
687.62    -489.3923 -608.3647 0.7093839
687.63    -489.2429 -608.3575 0.7094048
687.64    -489.0934 -608.3502 0.709426
687.65    -488.944 -608.343 0.7094475
687.66    -488.7946 -608.3358 0.7094694
687.67    -488.6452 -608.3287 0.7094914
687.68    -488.4958 -608.3216 0.7095138
687.69    -488.3464 -608.3145 0.7095364
687.7    -488.197 -608.3074 0.7095593
687.71    -488.0475 -608.3005 0.7095825
687.72    -487.8981 -608.2935 0.7096058
687.73    -487.7487 -608.2866 0.7096294
687.74    -487.5992 -608.2797 0.7096531
687.75    -487.4498 -608.2728 0.7096771
687.76    -487.3004 -608.266 0.7097013
687.77    -487.151 -608.2592 0.7097256
687.78    -487.0015 -608.2525 0.7097501
687.79    -486.8521 -608.2457 0.7097747
687.8    -486.7026 -608.2391 0.7097995
687.81    -486.5532 -608.2325 0.7098244
687.82    -486.4037 -608.2258 0.7098495
687.83    -486.2543 -608.2193 0.7098747
687.84    -486.1049 -608.2128 0.7099001
687.85    -485.9554 -608.2064 0.7099255
687.86    -485.8059 -608.1999 0.709951
687.87    -485.6565 -608.1935 0.7099766
687.88    -485.507 -608.1872 0.7100024
687.89    -485.3575 -608.1809 0.7100282
687.9    -485.2081 -608.1746 0.7100542
687.91    -485.0586 -608.1684 0.7100802
687.92    -484.9092 -608.1622 0.7101061
687.93    -484.7597 -608.1561 0.7101322
687.94    -484.6102 -608.15 0.7101582
687.95    -484.4608 -608.1439 0.7101843
687.96    -484.3113 -608.1379 0.7102103
687.97    -484.1618 -608.132 0.7102361
687.98    -484.0124 -608.126 0.7102618
687.99    -483.8629 -608.1201 0.7102876
688    -483.7134 -608.1143 0.7103131
688.01    -483.5639 -608.1085 0.7103384
688.02    -483.4145 -608.1027 0.7103634
688.03    -483.265 -608.097 0.7103881
688.04    -483.1155 -608.0914 0.7104125
688.05    -482.966 -608.0858 0.7104367
688.06    -482.8165 -608.0801 0.7104607
688.07    -482.667 -608.0746 0.7104841
688.08    -482.5175 -608.0691 0.7105073
688.09    -482.368 -608.0637 0.71053
688.1    -482.2184 -608.0582 0.7105524
688.11    -482.0689 -608.0528 0.7105744
688.12    -481.9194 -608.0475 0.710596
688.13    -481.7699 -608.0422 0.7106172
688.14    -481.6204 -608.0369 0.7106379
688.15    -481.4709 -608.0317 0.7106583
688.16    -481.3214 -608.0266 0.7106783
688.17    -481.1719 -608.0214 0.7106975
688.18    -481.0224 -608.0164 0.7107162
688.19    -480.8729 -608.0114 0.7107342
688.2    -480.7234 -608.0063 0.7107518
688.21    -480.5739 -608.0013 0.7107687
688.22    -480.4243 -607.9965 0.7107847
688.23    -480.2748 -607.9915 0.7107998
688.24    -480.1253 -607.9867 0.7108138
688.25    -479.9759 -607.9819 0.7108271
688.26    -479.8264 -607.9771 0.7108395
688.27    -479.6769 -607.9724 0.7108511
688.28    -479.5275 -607.9677 0.7108611
688.29    -479.378 -607.9631 0.7108696
688.3    -479.2286 -607.9586 0.7108766
688.31    -479.0792 -607.954 0.7108816
688.32    -478.9298 -607.9495 0.7108847
688.33    -478.7804 -607.9451 0.7108859
688.34    -478.631 -607.9406 0.7108854
688.35    -478.4816 -607.9363 0.7108833
688.36    -478.3323 -607.9319 0.7108787
688.37    -478.183 -607.9276 0.7108721
688.38    -478.0337 -607.9234 0.7108635
688.39    -477.8844 -607.9191 0.7108527
688.4    -477.7351 -607.915 0.7108403
688.41    -477.5858 -607.9108 0.7108258
688.42    -477.4366 -607.9067 0.7108094
688.43    -477.2874 -607.9026 0.7107912
688.44    -477.1381 -607.8987 0.7107713
688.45    -476.9889 -607.8947 0.7107497
688.46    -476.8398 -607.8907 0.7107267
688.47    -476.6906 -607.8869 0.7107021
688.48    -476.5414 -607.883 0.7106762
688.49    -476.3923 -607.8792 0.7106489
688.5    -476.2431 -607.8754 0.7106203
688.51    -476.094 -607.8716 0.7105905
688.52    -475.9449 -607.868 0.7105596
688.53    -475.7959 -607.8643 0.7105277
688.54    -475.6468 -607.8607 0.7104946
688.55    -475.4977 -607.857 0.7104605
688.56    -475.3487 -607.8535 0.7104254
688.57    -475.1997 -607.8499 0.7103896
688.58    -475.0507 -607.8464 0.7103528
688.59    -474.9017 -607.843 0.7103152
688.6    -474.7527 -607.8395 0.7102768
688.61    -474.6037 -607.8361 0.7102377
688.62    -474.4548 -607.8328 0.7101979
688.63    -474.3059 -607.8294 0.7101573
688.64    -474.157 -607.8261 0.7101162
688.65    -474.0081 -607.8228 0.7100745
688.66    -473.8592 -607.8195 0.7100322
688.67    -473.7103 -607.8163 0.7099892
688.68    -473.5615 -607.8131 0.7099459
688.69    -473.4126 -607.81 0.7099019
688.7    -473.2638 -607.8068 0.7098575
688.71    -473.115 -607.8037 0.7098126
688.72    -472.9662 -607.8007 0.7097673
688.73    -472.8175 -607.7976 0.7097215
688.74    -472.6687 -607.7946 0.7096754
688.75    -472.52 -607.7916 0.709629
688.76    -472.3712 -607.7886 0.7095821
688.77    -472.2226 -607.7857 0.7095349
688.78    -472.0739 -607.7828 0.7094874
688.79    -471.9252 -607.78 0.7094396
688.8    -471.7765 -607.7771 0.7093914
688.81    -471.6279 -607.7742 0.709343
688.82    -471.4792 -607.7715 0.7092943
688.83    -471.3306 -607.7687 0.7092453
688.84    -471.182 -607.7659 0.7091961
688.85    -471.0334 -607.7632 0.7091467
688.86    -470.8849 -607.7606 0.709097
688.87    -470.7363 -607.7579 0.7090472
688.88    -470.5878 -607.7552 0.7089971
688.89    -470.4393 -607.7526 0.7089468
688.9    -470.2908 -607.75 0.7088963
688.91    -470.1423 -607.7474 0.7088457
688.92    -469.9938 -607.7448 0.7087949
688.93    -469.8453 -607.7422 0.7087439
688.94    -469.6969 -607.7398 0.7086928
688.95    -469.5484 -607.7373 0.7086417
688.96    -469.4001 -607.7348 0.7085904
688.97    -469.2517 -607.7324 0.7085391
688.98    -469.1033 -607.73 0.7084878
688.99    -468.955 -607.7275 0.7084365
689    -468.8066 -607.7252 0.7083851
689.01    -468.6583 -607.7228 0.7083337
689.02    -468.51 -607.7204 0.7082824
689.03    -468.3617 -607.7181 0.708231
689.04    -468.2134 -607.7158 0.7081797
689.05    -468.0652 -607.7135 0.7081285
689.06    -467.9169 -607.7112 0.7080773
689.07    -467.7687 -607.709 0.7080261
689.08    -467.6205 -607.7068 0.707975
689.09    -467.4723 -607.7046 0.707924
689.1    -467.3241 -607.7024 0.7078732
689.11    -467.1759 -607.7002 0.7078223
689.12    -467.0278 -607.698 0.7077715
689.13    -466.8796 -607.6959 0.7077208
689.14    -466.7315 -607.6938 0.7076701
689.15    -466.5834 -607.6917 0.7076194
689.16    -466.4353 -607.6896 0.7075687
689.17    -466.2872 -607.6875 0.7075182
689.18    -466.1392 -607.6855 0.7074676
689.19    -465.9911 -607.6834 0.7074171
689.2    -465.8431 -607.6814 0.7073667
689.21    -465.6951 -607.6794 0.7073162
689.22    -465.5471 -607.6774 0.7072659
689.23    -465.3991 -607.6754 0.7072156
689.24    -465.2512 -607.6735 0.7071654
689.25    -465.1032 -607.6715 0.7071152
689.26    -464.9553 -607.6696 0.707065
689.27    -464.8074 -607.6676 0.7070149
689.28    -464.6595 -607.6657 0.706965
689.29    -464.5116 -607.6639 0.706915
689.3    -464.3637 -607.662 0.7068652
689.31    -464.2159 -607.6601 0.7068155
689.32    -464.0681 -607.6583 0.7067659
689.33    -463.9203 -607.6564 0.7067166
689.34    -463.7725 -607.6546 0.7066674
689.35    -463.6247 -607.6528 0.7066184
689.36    -463.4769 -607.6511 0.7065694
689.37    -463.3292 -607.6493 0.7065208
689.38    -463.1814 -607.6475 0.7064723
689.39    -463.0337 -607.6458 0.7064241
689.4    -462.886 -607.644 0.7063761
689.41    -462.7383 -607.6423 0.7063283
689.42    -462.5907 -607.6406 0.7062808
689.43    -462.4431 -607.6389 0.7062335
689.44    -462.2954 -607.6372 0.7061864
689.45    -462.1478 -607.6356 0.7061395
689.46    -462.0002 -607.6339 0.7060928
689.47    -461.8526 -607.6323 0.7060463
689.48    -461.705 -607.6307 0.7060001
689.49    -461.5575 -607.629 0.705954
689.5    -461.4099 -607.6274 0.7059081
689.51    -461.2624 -607.6259 0.7058623
689.52    -461.1149 -607.6243 0.7058167
689.53    -460.9674 -607.6227 0.7057712
689.54    -460.8199 -607.6212 0.705726
689.55    -460.6724 -607.6196 0.7056807
689.56    -460.525 -607.6181 0.7056357
689.57    -460.3775 -607.6166 0.7055907
689.58    -460.2301 -607.6151 0.7055458
689.59    -460.0827 -607.6136 0.7055011
689.6    -459.9353 -607.6121 0.7054565
689.61    -459.788 -607.6107 0.705412
689.62    -459.6406 -607.6092 0.7053676
689.63    -459.4933 -607.6077 0.7053232
689.64    -459.346 -607.6064 0.7052791
689.65    -459.1987 -607.605 0.7052349
689.66    -459.0514 -607.6036 0.7051909
689.67    -458.9041 -607.6022 0.7051471
689.68    -458.7569 -607.6008 0.7051033
689.69    -458.6096 -607.5995 0.7050596
689.7    -458.4624 -607.5981 0.705016
689.71    -458.3152 -607.5968 0.7049727
689.72    -458.168 -607.5955 0.7049293
689.73    -458.0208 -607.5942 0.704886
689.74    -457.8737 -607.593 0.704843
689.75    -457.7265 -607.5917 0.7048
689.76    -457.5794 -607.5904 0.704757
689.77    -457.4323 -607.5892 0.7047142
689.78    -457.2852 -607.588 0.7046715
689.79    -457.1381 -607.5868 0.7046288
689.8    -456.991 -607.5856 0.7045861
689.81    -456.844 -607.5845 0.7045436
689.82    -456.697 -607.5834 0.7045012
689.83    -456.55 -607.5822 0.7044587
689.84    -456.403 -607.5812 0.7044163
689.85    -456.256 -607.5801 0.7043741
689.86    -456.109 -607.579 0.7043318
689.87    -455.962 -607.5779 0.7042896
689.88    -455.8151 -607.5769 0.7042475
689.89    -455.6682 -607.5759 0.7042055
689.9    -455.5213 -607.5748 0.7041634
689.91    -455.3744 -607.5739 0.7041215
689.92    -455.2275 -607.5729 0.7040796
689.93    -455.0807 -607.572 0.7040377
689.94    -454.9338 -607.571 0.7039959
689.95    -454.787 -607.5701 0.7039542
689.96    -454.6402 -607.5692 0.7039125
689.97    -454.4934 -607.5684 0.7038708
689.98    -454.3466 -607.5674 0.7038292
689.99    -454.1999 -607.5666 0.7037877
690    -454.0531 -607.5658 0.7037461
690.01    -453.9064 -607.5649 0.7037046
690.02    -453.7597 -607.5641 0.7036631
690.03    -453.613 -607.5634 0.7036216
690.04    -453.4664 -607.5626 0.7035803
690.05    -453.3197 -607.5618 0.7035388
690.06    -453.173 -607.561 0.7034975
690.07    -453.0264 -607.5603 0.7034562
690.08    -452.8798 -607.5596 0.703415
690.09    -452.7332 -607.5588 0.7033738
690.1    -452.5866 -607.5582 0.7033328
690.11    -452.4401 -607.5575 0.7032919
690.12    -452.2935 -607.5568 0.7032511
690.13    -452.147 -607.5562 0.7032107
690.14    -452.0005 -607.5555 0.7031704
