2429.2    -644.9473 -614.2299 0.7028262
2429.21    -644.8101 -614.2243 0.702749
2429.22    -644.6727 -614.2187 0.7026716
2429.23    -644.5354 -614.213 0.7025942
2429.24    -644.3981 -614.2073 0.7025166
2429.25    -644.2607 -614.2016 0.702439
2429.26    -644.1233 -614.1959 0.7023612
2429.27    -643.9858 -614.1902 0.7022833
2429.28    -643.8484 -614.1846 0.7022054
2429.29    -643.7109 -614.1789 0.7021274
2429.3    -643.5734 -614.1731 0.7020493
2429.31    -643.4359 -614.1674 0.7019711
2429.32    -643.2983 -614.1616 0.7018928
2429.33    -643.1608 -614.1559 0.7018145
2429.34    -643.0232 -614.1501 0.701736
2429.35    -642.8856 -614.1444 0.7016575
2429.36    -642.7479 -614.1387 0.7015789
2429.37    -642.6102 -614.1329 0.7015003
2429.38    -642.4725 -614.1271 0.7014215
2429.39    -642.3348 -614.1213 0.7013427
2429.4    -642.1971 -614.1155 0.7012638
2429.41    -642.0594 -614.1097 0.7011849
2429.42    -641.9217 -614.1039 0.7011059
2429.43    -641.7839 -614.0981 0.7010268
2429.44    -641.6462 -614.0923 0.7009476
2429.45    -641.5084 -614.0865 0.7008684
2429.46    -641.3707 -614.0807 0.7007891
2429.47    -641.2328 -614.0749 0.7007097
2429.48    -641.095 -614.0691 0.7006304
2429.49    -640.9572 -614.0633 0.7005509
2429.5    -640.8194 -614.0575 0.7004713
2429.51    -640.6816 -614.0517 0.7003917
2429.52    -640.5437 -614.0458 0.700312
2429.53    -640.4058 -614.04 0.7002322
2429.54    -640.2679 -614.0341 0.7001524
2429.55    -640.1301 -614.0283 0.7000725
2429.56    -639.9922 -614.0225 0.6999925
2429.57    -639.8543 -614.0166 0.6999125
2429.58    -639.7164 -614.0107 0.6998325
2429.59    -639.5785 -614.0049 0.6997523
2429.6    -639.4406 -613.999 0.6996722
2429.61    -639.3027 -613.9932 0.6995919
2429.62    -639.1647 -613.9873 0.6995116
2429.63    -639.0268 -613.9814 0.6994312
2429.64    -638.8889 -613.9756 0.6993508
2429.65    -638.7509 -613.9697 0.6992703
2429.66    -638.613 -613.9639 0.6991897
2429.67    -638.475 -613.958 0.6991091
2429.68    -638.337 -613.9521 0.6990284
2429.69    -638.1991 -613.9464 0.698948
2429.7    -638.0611 -613.9405 0.6988676
2429.71    -637.9231 -613.9346 0.6987873
2429.72    -637.7851 -613.9288 0.6987072
2429.73    -637.6471 -613.9229 0.6986272
2429.74    -637.5091 -613.9171 0.6985484
2429.75    -637.3711 -613.9112 0.6984705
2429.76    -637.2331 -613.9053 0.6983936
2429.77    -637.095 -613.8995 0.6983176
2429.78    -636.957 -613.8937 0.6982425
2429.79    -636.819 -613.8878 0.6981698
2429.8    -636.6809 -613.882 0.6980994
2429.81    -636.5428 -613.8761 0.698031
2429.82    -636.4048 -613.8702 0.6979647
2429.83    -636.2667 -613.8644 0.6979003
2429.84    -636.1287 -613.8586 0.69784
2429.85    -635.9906 -613.8528 0.6977834
2429.86    -635.8525 -613.847 0.6977303
2429.87    -635.7144 -613.8412 0.6976807
2429.88    -635.5763 -613.8354 0.6976341
2429.89    -635.4382 -613.8297 0.6975932
2429.9    -635.3 -613.8239 0.6975577
2429.91    -635.1619 -613.8181 0.6975273
2429.92    -635.0238 -613.8123 0.6975015
2429.93    -634.8857 -613.8065 0.6974803
2429.94    -634.7476 -613.8007 0.6974655
2429.95    -634.6094 -613.7949 0.6974567
2429.96    -634.4713 -613.7891 0.6974537
2429.97    -634.3331 -613.7833 0.697456
2429.98    -634.1949 -613.7775 0.6974635
2429.99    -634.0567 -613.7718 0.6974756
2430    -633.9185 -613.7661 0.6974938
2430.01    -633.7803 -613.7604 0.6975175
2430.02    -633.6422 -613.7546 0.6975464
2430.03    -633.504 -613.7489 0.6975803
2430.04    -633.3658 -613.7432 0.6976193
2430.05    -633.2275 -613.7374 0.6976629
2430.06    -633.0893 -613.7317 0.6977108
2430.07    -632.951 -613.726 0.697763
2430.08    -632.8128 -613.7202 0.6978189
2430.09    -632.6746 -613.7145 0.6978787
2430.1    -632.5363 -613.7089 0.6979419
2430.11    -632.3981 -613.7032 0.6980084
2430.12    -632.2598 -613.6975 0.6980779
2430.13    -632.1215 -613.6918 0.6981503
2430.14    -631.9833 -613.6862 0.6982256
2430.15    -631.845 -613.6805 0.6983033
2430.16    -631.7067 -613.6749 0.6983836
2430.17    -631.5684 -613.6692 0.6984661
2430.18    -631.4301 -613.6635 0.6985508
2430.19    -631.2918 -613.6578 0.6986377
2430.2    -631.1535 -613.6522 0.6987264
2430.21    -631.0152 -613.6466 0.6988169
2430.22    -630.8769 -613.641 0.6989092
2430.23    -630.7385 -613.6354 0.699003
2430.24    -630.6002 -613.6298 0.6990985
2430.25    -630.4619 -613.6242 0.6991954
2430.26    -630.3235 -613.6186 0.6992936
2430.27    -630.1851 -613.613 0.6993932
2430.28    -630.0468 -613.6074 0.6994939
2430.29    -629.9084 -613.6017 0.6995959
2430.3    -629.77 -613.5962 0.6996988
2430.31    -629.6317 -613.5906 0.6998029
2430.32    -629.4933 -613.5851 0.6999078
2430.33    -629.3549 -613.5796 0.7000138
2430.34    -629.2165 -613.574 0.7001206
2430.35    -629.0781 -613.5685 0.7002282
2430.36    -628.9396 -613.5629 0.7003366
2430.37    -628.8012 -613.5574 0.7004457
2430.38    -628.6628 -613.5518 0.7005555
2430.39    -628.5244 -613.5463 0.700666
2430.4    -628.3859 -613.5408 0.7007771
2430.41    -628.2475 -613.5354 0.7008888
2430.42    -628.1091 -613.5299 0.701001
2430.43    -627.9706 -613.5244 0.7011138
2430.44    -627.8322 -613.5189 0.7012271
2430.45    -627.6937 -613.5134 0.7013409
2430.46    -627.5552 -613.5079 0.7014551
2430.47    -627.4167 -613.5024 0.7015697
2430.48    -627.2782 -613.4969 0.7016848
2430.49    -627.1397 -613.4915 0.7018003
2430.5    -627.0012 -613.4861 0.7019161
2430.51    -626.8627 -613.4807 0.7020323
2430.52    -626.7242 -613.4753 0.7021488
2430.53    -626.5856 -613.4698 0.7022657
2430.54    -626.4471 -613.4644 0.7023829
2430.55    -626.3086 -613.459 0.7025003
2430.56    -626.17 -613.4536 0.702618
2430.57    -626.0315 -613.4481 0.702736
2430.58    -625.8929 -613.4427 0.7028542
2430.59    -625.7544 -613.4374 0.7029727
2430.6    -625.6158 -613.432 0.7030914
2430.61    -625.4773 -613.4266 0.7032102
2430.62    -625.3387 -613.4213 0.7033294
2430.63    -625.2001 -613.4159 0.7034487
2430.64    -625.0616 -613.4105 0.7035682
2430.65    -624.923 -613.4052 0.703688
2430.66    -624.7844 -613.3998 0.7038078
2430.67    -624.6458 -613.3944 0.7039279
2430.68    -624.5071 -613.389 0.704048
2430.69    -624.3685 -613.3837 0.7041684
2430.7    -624.2299 -613.3784 0.7042888
2430.71    -624.0913 -613.3731 0.7044095
2430.72    -623.9527 -613.3678 0.7045303
2430.73    -623.8141 -613.3625 0.7046512
2430.74    -623.6755 -613.3572 0.7047721
2430.75    -623.5369 -613.3519 0.7048928
2430.76    -623.3983 -613.3466 0.7050136
2430.77    -623.2596 -613.3412 0.7051343
2430.78    -623.121 -613.3359 0.7052549
2430.79    -622.9825 -613.3306 0.7053746
2430.8    -622.8439 -613.3253 0.7054934
2430.81    -622.7053 -613.32 0.7056113
2430.82    -622.5667 -613.3147 0.7057286
2430.83    -622.4281 -613.3094 0.705845
2430.84    -622.2896 -613.3041 0.7059587
2430.85    -622.151 -613.2989 0.70607
2430.86    -622.0125 -613.2936 0.706179
2430.87    -621.8739 -613.2884 0.7062857
2430.88    -621.7353 -613.2831 0.7063902
2430.89    -621.5967 -613.278 0.7064899
2430.9    -621.4582 -613.2727 0.706585
2430.91    -621.3196 -613.2675 0.7066759
2430.92    -621.1811 -613.2622 0.7067627
2430.93    -621.0425 -613.257 0.7068456
2430.94    -620.904 -613.2517 0.7069221
2430.95    -620.7654 -613.2465 0.7069923
2430.96    -620.6269 -613.2412 0.7070569
2430.97    -620.4883 -613.236 0.7071159
2430.98    -620.3498 -613.2307 0.7071698
2430.99    -620.2112 -613.2255 0.7072189
2431    -620.0727 -613.2202 0.7072608
2431.01    -619.9341 -613.215 0.707296
2431.02    -619.7956 -613.2098 0.7073247
2431.03    -619.657 -613.2046 0.7073475
2431.04    -619.5185 -613.1994 0.7073637
2431.05    -619.3799 -613.1942 0.7073739
2431.06    -619.2414 -613.189 0.7073782
2431.07    -619.1028 -613.1838 0.7073771
2431.08    -618.9643 -613.1786 0.7073708
2431.09    -618.8258 -613.1735 0.7073596
2431.1    -618.6873 -613.1683 0.7073437
2431.11    -618.5488 -613.1631 0.7073234
2431.12    -618.4103 -613.1579 0.7072989
2431.13    -618.2718 -613.1527 0.7072704
2431.14    -618.1333 -613.1475 0.7072383
2431.15    -617.9948 -613.1423 0.7072026
2431.16    -617.8563 -613.1371 0.7071635
2431.17    -617.7178 -613.132 0.7071213
2431.18    -617.5793 -613.1268 0.7070762
2431.19    -617.4409 -613.1216 0.7070282
2431.2    -617.3024 -613.1164 0.7069774
2431.21    -617.1639 -613.1112 0.7069243
2431.22    -617.0254 -613.106 0.7068686
2431.23    -616.8869 -613.1008 0.7068108
2431.24    -616.7485 -613.0956 0.7067508
2431.25    -616.61 -613.0905 0.7066887
2431.26    -616.4716 -613.0853 0.7066247
2431.27    -616.3332 -613.0801 0.7065588
2431.28    -616.1948 -613.0749 0.7064912
2431.29    -616.0564 -613.0697 0.706422
2431.3    -615.918 -613.0645 0.7063512
2431.31    -615.7797 -613.0593 0.706279
2431.32    -615.6413 -613.0541 0.7062053
2431.33    -615.5029 -613.049 0.7061303
2431.34    -615.3646 -613.0438 0.7060541
2431.35    -615.2262 -613.0387 0.7059767
2431.36    -615.0878 -613.0336 0.7058982
2431.37    -614.9495 -613.0284 0.7058188
2431.38    -614.8111 -613.0233 0.7057383
2431.39    -614.6728 -613.0182 0.7056569
2431.4    -614.5345 -613.0131 0.7055747
2431.41    -614.3962 -613.0079 0.7054917
2431.42    -614.2579 -613.0028 0.7054079
2431.43    -614.1196 -612.9977 0.7053233
2431.44    -613.9813 -612.9926 0.705238
2431.45    -613.843 -612.9874 0.7051522
2431.46    -613.7048 -612.9823 0.7050656
2431.47    -613.5665 -612.9772 0.7049785
2431.48    -613.4283 -612.972 0.7048907
2431.49    -613.29 -612.9669 0.7048026
2431.5    -613.1518 -612.9618 0.7047138
2431.51    -613.0135 -612.9567 0.7046247
2431.52    -612.8753 -612.9515 0.704535
2431.53    -612.7371 -612.9464 0.7044449
2431.54    -612.5989 -612.9413 0.7043544
2431.55    -612.4608 -612.9362 0.7042636
2431.56    -612.3226 -612.931 0.7041724
2431.57    -612.1844 -612.9259 0.7040808
2431.58    -612.0462 -612.9208 0.703989
2431.59    -611.9081 -612.9156 0.7038969
2431.6    -611.77 -612.9105 0.7038048
2431.61    -611.6318 -612.9054 0.7037129
2431.62    -611.4937 -612.9003 0.703621
2431.63    -611.3556 -612.8951 0.7035292
2431.64    -611.2175 -612.89 0.703438
2431.65    -611.0795 -612.8849 0.7033472
2431.66    -610.9414 -612.8798 0.7032569
2431.67    -610.8033 -612.8746 0.703167
2431.68    -610.6653 -612.8695 0.7030774
2431.69    -610.5273 -612.8644 0.7029883
2431.7    -610.3893 -612.8593 0.7029005
2431.71    -610.2513 -612.8542 0.7028142
2431.72    -610.1134 -612.8492 0.7027291
2431.73    -609.9755 -612.8442 0.7026452
2431.74    -609.8375 -612.8391 0.7025636
2431.75    -609.6996 -612.834 0.702484
2431.76    -609.5617 -612.829 0.7024065
2431.77    -609.4238 -612.8239 0.7023308
2431.78    -609.2859 -612.8188 0.702257
2431.79    -609.1481 -612.8138 0.7021859
2431.8    -609.0103 -612.8087 0.7021174
2431.81    -608.8724 -612.8036 0.7020514
2431.82    -608.7346 -612.7986 0.7019879
2431.83    -608.5968 -612.7936 0.7019264
2431.84    -608.459 -612.7886 0.7018677
2431.85    -608.3213 -612.7836 0.7018115
2431.86    -608.1835 -612.7786 0.7017576
2431.87    -608.0458 -612.7736 0.7017059
2431.88    -607.908 -612.7686 0.7016564
2431.89    -607.7703 -612.7635 0.7016089
2431.9    -607.6326 -612.7585 0.7015633
2431.91    -607.4949 -612.7536 0.7015196
2431.92    -607.3572 -612.7486 0.7014775
2431.93    -607.2195 -612.7436 0.7014371
2431.94    -607.0819 -612.7386 0.7013982
2431.95    -606.9443 -612.7336 0.7013608
2431.96    -606.8066 -612.7286 0.7013248
2431.97    -606.669 -612.7236 0.7012902
2431.98    -606.5314 -612.7186 0.7012568
2431.99    -606.3938 -612.7136 0.7012246
2432    -606.2562 -612.7087 0.7011935
2432.01    -606.1187 -612.7037 0.7011635
2432.02    -605.9811 -612.6988 0.7011345
2432.03    -605.8435 -612.6938 0.7011065
2432.04    -605.7059 -612.6889 0.7010794
2432.05    -605.5684 -612.684 0.7010531
2432.06    -605.4309 -612.679 0.7010277
2432.07    -605.2934 -612.6741 0.701003
2432.08    -605.1559 -612.6691 0.7009791
2432.09    -605.0184 -612.6642 0.7009559
2432.1    -604.881 -612.6592 0.7009335
2432.11    -604.7435 -612.6543 0.7009116
2432.12    -604.6061 -612.6494 0.7008903
2432.13    -604.4686 -612.6444 0.7008697
2432.14    -604.3312 -612.6395 0.7008496
2432.15    -604.1938 -612.6345 0.7008301
2432.16    -604.0565 -612.6296 0.7008111
2432.17    -603.9191 -612.6246 0.7007927
2432.18    -603.7817 -612.6197 0.7007748
2432.19    -603.6444 -612.6147 0.7007576
2432.2    -603.5071 -612.6098 0.7007408
2432.21    -603.3698 -612.6049 0.7007245
2432.22    -603.2325 -612.5999 0.7007088
2432.23    -603.0952 -612.595 0.7006936
2432.24    -602.9579 -612.59 0.7006791
2432.25    -602.8207 -612.5851 0.7006652
2432.26    -602.6835 -612.5803 0.7006518
2432.27    -602.5463 -612.5754 0.7006391
2432.28    -602.4091 -612.5705 0.7006268
2432.29    -602.2719 -612.5656 0.700615
2432.3    -602.1347 -612.5607 0.7006041
2432.31    -601.9976 -612.5558 0.7005939
2432.32    -601.8604 -612.551 0.7005844
2432.33    -601.7233 -612.5461 0.7005755
2432.34    -601.5862 -612.5412 0.7005675
2432.35    -601.4491 -612.5363 0.7005605
2432.36    -601.312 -612.5314 0.7005541
2432.37    -601.1749 -612.5266 0.7005487
2432.38    -601.0378 -612.5217 0.7005439
2432.39    -600.9008 -612.5168 0.7005401
2432.4    -600.7638 -612.5119 0.7005371
2432.41    -600.6268 -612.507 0.7005349
2432.42    -600.4897 -612.5021 0.7005336
2432.43    -600.3527 -612.4973 0.700533
2432.44    -600.2158 -612.4924 0.7005333
2432.45    -600.0788 -612.4875 0.7005343
2432.46    -599.9418 -612.4825 0.7005361
2432.47    -599.8049 -612.4777 0.7005386
2432.48    -599.6679 -612.4728 0.7005419
2432.49    -599.5309 -612.4679 0.7005458
2432.5    -599.394 -612.463 0.7005504
2432.51    -599.2571 -612.4581 0.7005557
2432.52    -599.1202 -612.4532 0.7005617
2432.53    -598.9833 -612.4484 0.7005683
2432.54    -598.8464 -612.4435 0.7005755
2432.55    -598.7096 -612.4386 0.7005833
2432.56    -598.5728 -612.4337 0.7005918
2432.57    -598.4359 -612.4288 0.7006009
2432.58    -598.2991 -612.424 0.7006105
2432.59    -598.1623 -612.4191 0.7006208
2432.6    -598.0255 -612.4142 0.7006318
2432.61    -597.8887 -612.4093 0.7006434
2432.62    -597.752 -612.4044 0.7006558
2432.63    -597.6152 -612.3995 0.7006685
2432.64    -597.4785 -612.3947 0.7006819
2432.65    -597.3418 -612.3898 0.7006963
2432.66    -597.2051 -612.3849 0.7007117
2432.67    -597.0684 -612.3799 0.700728
2432.68    -596.9318 -612.375 0.7007452
2432.69    -596.7951 -612.3701 0.7007636
2432.7    -596.6584 -612.3651 0.700783
2432.71    -596.5219 -612.3602 0.7008036
2432.72    -596.3853 -612.3552 0.7008252
2432.73    -596.2487 -612.3503 0.7008477
2432.74    -596.1121 -612.3453 0.7008715
2432.75    -595.9755 -612.3404 0.7008965
2432.76    -595.839 -612.3354 0.7009226
2432.77    -595.7025 -612.3305 0.7009497
2432.78    -595.5659 -612.3256 0.7009779
2432.79    -595.4294 -612.3206 0.7010071
2432.8    -595.2928 -612.3157 0.7010375
2432.81    -595.1564 -612.3107 0.701069
2432.82    -595.0199 -612.3058 0.7011013
2432.83    -594.8834 -612.3008 0.7011346
2432.84    -594.7469 -612.2959 0.7011689
2432.85    -594.6105 -612.291 0.701204
2432.86    -594.474 -612.2859 0.7012399
2432.87    -594.3375 -612.281 0.7012765
2432.88    -594.2011 -612.2761 0.701314
2432.89    -594.0647 -612.2711 0.701352
2432.9    -593.9283 -612.2662 0.7013907
2432.91    -593.7919 -612.2612 0.7014301
2432.92    -593.6555 -612.2563 0.7014701
2432.93    -593.519 -612.2513 0.7015107
2432.94    -593.3827 -612.2464 0.7015517
2432.95    -593.2463 -612.2415 0.7015933
2432.96    -593.11 -612.2365 0.7016354
2432.97    -592.9736 -612.2316 0.701678
2432.98    -592.8373 -612.2266 0.7017208
2432.99    -592.7009 -612.2217 0.7017643
2433    -592.5646 -612.2167 0.7018081
2433.01    -592.4283 -612.2117 0.7018521
2433.02    -592.2921 -612.2067 0.7018967
2433.03    -592.1558 -612.2017 0.7019415
2433.04    -592.0195 -612.1967 0.7019866
2433.05    -591.8833 -612.1917 0.702032
2433.06    -591.7471 -612.1867 0.7020777
2433.07    -591.6108 -612.1816 0.7021237
2433.08    -591.4746 -612.1766 0.7021699
2433.09    -591.3384 -612.1716 0.7022164
2433.1    -591.2022 -612.1666 0.7022631
2433.11    -591.066 -612.1616 0.70231
2433.12    -590.9299 -612.1566 0.7023571
2433.13    -590.7937 -612.1516 0.7024044
2433.14    -590.6576 -612.1466 0.7024519
2433.15    -590.5215 -612.1416 0.7024996
2433.16    -590.3854 -612.1366 0.7025474
2433.17    -590.2493 -612.1316 0.7025954
2433.18    -590.1132 -612.1266 0.7026435
2433.19    -589.9771 -612.1216 0.7026917
2433.2    -589.8409 -612.1166 0.7027402
2433.21    -589.7048 -612.1116 0.7027887
2433.22    -589.5687 -612.1066 0.7028373
2433.23    -589.4326 -612.1016 0.7028862
2433.24    -589.2966 -612.0966 0.702935
2433.25    -589.1605 -612.0916 0.702984
2433.26    -589.0245 -612.0866 0.7030331
2433.27    -588.8884 -612.0816 0.7030821
2433.28    -588.7524 -612.0766 0.7031314
2433.29    -588.6163 -612.0716 0.7031808
2433.3    -588.4803 -612.0666 0.7032301
2433.31    -588.3442 -612.0616 0.7032797
2433.32    -588.2082 -612.0566 0.7033293
2433.33    -588.0721 -612.0516 0.7033788
2433.34    -587.9362 -612.0466 0.7034285
2433.35    -587.8001 -612.0416 0.7034783
2433.36    -587.6641 -612.0366 0.703528
2433.37    -587.528 -612.0316 0.7035779
2433.38    -587.392 -612.0266 0.7036279
2433.39    -587.256 -612.0215 0.7036779
2433.4    -587.12 -612.0165 0.7037279
2433.41    -586.9839 -612.0115 0.703778
2433.42    -586.8479 -612.0065 0.703828
2433.43    -586.7119 -612.0015 0.7038783
2433.44    -586.5759 -611.9965 0.7039285
2433.45    -586.4398 -611.9915 0.7039787
2433.46    -586.3038 -611.9865 0.704029
2433.47    -586.1677 -611.9815 0.7040793
2433.48    -586.0317 -611.9765 0.7041296
2433.49    -585.8956 -611.9715 0.70418
2433.5    -585.7596 -611.9665 0.7042305
2433.51    -585.6235 -611.9615 0.7042809
2433.52    -585.4875 -611.9565 0.7043313
2433.53    -585.3514 -611.9515 0.7043819
2433.54    -585.2153 -611.9465 0.7044323
2433.55    -585.0792 -611.9415 0.7044829
2433.56    -584.9431 -611.9365 0.7045335
2433.57    -584.8069 -611.9315 0.7045841
2433.58    -584.6708 -611.9265 0.7046347
2433.59    -584.5347 -611.9214 0.7046854
2433.6    -584.3986 -611.9164 0.7047361
2433.61    -584.2625 -611.9114 0.7047868
2433.62    -584.1263 -611.9064 0.7048375
2433.63    -583.9901 -611.9014 0.7048882
2433.64    -583.8539 -611.8964 0.7049389
2433.65    -583.7178 -611.8913 0.7049897
2433.66    -583.5816 -611.8862 0.7050405
2433.67    -583.4454 -611.8812 0.7050912
2433.68    -583.3092 -611.8761 0.705142
2433.69    -583.173 -611.871 0.7051929
2433.7    -583.0368 -611.866 0.7052437
2433.71    -582.9006 -611.8609 0.7052946
2433.72    -582.7643 -611.8558 0.7053455
2433.73    -582.6281 -611.8508 0.7053964
2433.74    -582.4919 -611.8457 0.7054473
2433.75    -582.3557 -611.8406 0.7054982
2433.76    -582.2194 -611.8355 0.7055491
2433.77    -582.0831 -611.8304 0.7056
2433.78    -581.9468 -611.8254 0.705651
2433.79    -581.8105 -611.8203 0.705702
2433.8    -581.6742 -611.8152 0.7057529
2433.81    -581.5379 -611.8102 0.7058039
2433.82    -581.4016 -611.8051 0.7058549
2433.83    -581.2652 -611.7999 0.7059059
2433.84    -581.1288 -611.7948 0.7059569
2433.85    -580.9925 -611.7897 0.7060079
2433.86    -580.8561 -611.7845 0.7060589
2433.87    -580.7198 -611.7794 0.70611
2433.88    -580.5834 -611.7742 0.7061611
2433.89    -580.447 -611.7691 0.706212
2433.9    -580.3106 -611.764 0.7062629
2433.91    -580.1742 -611.7589 0.7063137
2433.92    -580.0378 -611.7537 0.7063645
2433.93    -579.9014 -611.7486 0.7064152
2433.94    -579.765 -611.7435 0.7064652
2433.95    -579.6285 -611.7382 0.7065145
2433.96    -579.4921 -611.733 0.7065631
2433.97    -579.3556 -611.7278 0.706611
2433.98    -579.2191 -611.7227 0.7066583
2433.99    -579.0826 -611.7175 0.7067037
2434    -578.9462 -611.7123 0.7067472
2434.01    -578.8097 -611.7071 0.706789
2434.02    -578.6732 -611.7019 0.7068291
2434.03    -578.5366 -611.6967 0.7068677
2434.04    -578.4001 -611.6915 0.7069028
2434.05    -578.2635 -611.6863 0.7069348
2434.06    -578.127 -611.6811 0.7069637
2434.07    -577.9905 -611.6758 0.7069896
2434.08    -577.8539 -611.6706 0.707013
2434.09    -577.7173 -611.6653 0.7070314
2434.1    -577.5807 -611.6601 0.7070454
2434.11    -577.4442 -611.6548 0.707055
2434.12    -577.3076 -611.6495 0.7070605
2434.13    -577.1709 -611.6443 0.7070622
2434.14    -577.0343 -611.639 0.7070581
2434.15    -576.8976 -611.6338 0.7070485
2434.16    -576.761 -611.6285 0.7070336
2434.17    -576.6243 -611.6232 0.7070138
2434.18    -576.4876 -611.6179 0.7069894
2434.19    -576.351 -611.6126 0.7069592
2434.2    -576.2142 -611.6073 0.7069237
2434.21    -576.0775 -611.602 0.7068828
2434.22    -575.9408 -611.5966 0.7068371
2434.23    -575.804 -611.5913 0.7067868
2434.24    -575.6673 -611.586 0.7067319
2434.25    -575.5305 -611.5807 0.7066728
2434.26    -575.3937 -611.5754 0.7066095
2434.27    -575.257 -611.5701 0.7065424
2434.28    -575.1202 -611.5647 0.7064716
2434.29    -574.9834 -611.5593 0.7063972
2434.3    -574.8466 -611.554 0.7063196
2434.31    -574.7097 -611.5486 0.7062388
2434.32    -574.5729 -611.5432 0.706155
2434.33    -574.436 -611.5378 0.7060683
2434.34    -574.2992 -611.5324 0.705979
2434.35    -574.1623 -611.527 0.705887
2434.36    -574.0254 -611.5217 0.7057925
2434.37    -573.8885 -611.5163 0.7056957
2434.38    -573.7516 -611.5109 0.7055967
2434.39    -573.6147 -611.5054 0.7054957
2434.4    -573.4778 -611.5 0.7053926
2434.41    -573.3408 -611.4946 0.7052876
2434.42    -573.2039 -611.4891 0.7051806
2434.43    -573.0669 -611.4836 0.7050721
2434.44    -572.9299 -611.4782 0.704962
2434.45    -572.793 -611.4728 0.7048503
2434.46    -572.6559 -611.4673 0.7047371
2434.47    -572.5189 -611.4619 0.7046226
2434.48    -572.3819 -611.4565 0.7045068
2434.49    -572.2449 -611.451 0.70439
2434.5    -572.1078 -611.4456 0.7042724
2434.51    -571.9708 -611.4402 0.7041541
2434.52    -571.8337 -611.4348 0.7040351
2434.53    -571.6966 -611.4293 0.7039152
2434.54    -571.5595 -611.4239 0.7037959
2434.55    -571.4224 -611.4185 0.7036766
2434.56    -571.2853 -611.413 0.7035578
2434.57    -571.1481 -611.4076 0.7034392
2434.58    -571.011 -611.4022 0.7033209
2434.59    -570.8738 -611.3967 0.703204
2434.6    -570.7367 -611.3914 0.7030884
2434.61    -570.5995 -611.3859 0.7029743
2434.62    -570.4623 -611.3805 0.7028614
2434.63    -570.3251 -611.3751 0.7027496
2434.64    -570.1879 -611.3696 0.7026403
2434.65    -570.0507 -611.3642 0.7025332
2434.66    -569.9134 -611.3589 0.7024283
2434.67    -569.7761 -611.3535 0.7023254
2434.68    -569.6389 -611.3481 0.7022245
2434.69    -569.5016 -611.3428 0.7021262
2434.7    -569.3643 -611.3374 0.7020304
2434.71    -569.227 -611.3321 0.701937
2434.72    -569.0897 -611.3267 0.7018458
2434.73    -568.9523 -611.3214 0.7017568
2434.74    -568.815 -611.316 0.7016702
2434.75    -568.6777 -611.3107 0.7015858
2434.76    -568.5403 -611.3053 0.7015035
2434.77    -568.4029 -611.3 0.7014233
2434.78    -568.2655 -611.2947 0.701345
2434.79    -568.1281 -611.2894 0.7012684
2434.8    -567.9907 -611.2841 0.7011937
2434.81    -567.8533 -611.2788 0.7011204
2434.82    -567.7158 -611.2736 0.7010489
2434.83    -567.5784 -611.2682 0.7009788
2434.84    -567.4409 -611.263 0.7009102
2434.85    -567.3035 -611.2578 0.7008429
2434.86    -567.166 -611.2526 0.7007771
2434.87    -567.0284 -611.2473 0.7007124
2434.88    -566.8909 -611.2421 0.700649
2434.89    -566.7534 -611.2369 0.7005873
2434.9    -566.6159 -611.2318 0.7005273
2434.91    -566.4783 -611.2266 0.7004687
2434.92    -566.3408 -611.2214 0.7004116
2434.93    -566.2032 -611.2162 0.7003558
2434.94    -566.0656 -611.2111 0.7003025
2434.95    -565.928 -611.2061 0.7002514
2434.96    -565.7904 -611.2009 0.7002025
2434.97    -565.6528 -611.1958 0.7001556
2434.98    -565.5151 -611.1907 0.7001106
2434.99    -565.3775 -611.1857 0.700069
2435    -565.2399 -611.1806 0.7000303
2435.01    -565.1022 -611.1756 0.6999947
2435.02    -564.9645 -611.1705 0.6999619
2435.03    -564.8268 -611.1655 0.6999317
2435.04    -564.6891 -611.1606 0.6999059
2435.05    -564.5514 -611.1556 0.6998844
2435.06    -564.4136 -611.1506 0.6998668
2435.07    -564.2759 -611.1457 0.699853
2435.08    -564.1381 -611.1407 0.6998428
2435.09    -564.0004 -611.1359 0.699837
2435.1    -563.8626 -611.1309 0.6998355
2435.11    -563.7248 -611.126 0.6998382
2435.12    -563.587 -611.1212 0.6998445
2435.13    -563.4492 -611.1163 0.6998546
2435.14    -563.3113 -611.1115 0.6998681
2435.15    -563.1734 -611.1068 0.6998851
2435.16    -563.0355 -611.1019 0.6999052
2435.17    -562.8976 -611.0972 0.6999285
2435.18    -562.7598 -611.0924 0.6999548
2435.19    -562.6219 -611.0876 0.6999839
2435.2    -562.4839 -611.0829 0.7000156
2435.21    -562.346 -611.0782 0.7000498
2435.22    -562.2081 -611.0735 0.7000864
2435.23    -562.0701 -611.0689 0.7001253
2435.24    -561.9322 -611.0642 0.7001665
2435.25    -561.7942 -611.0596 0.7002096
2435.26    -561.6562 -611.055 0.7002547
2435.27    -561.5182 -611.0504 0.7003016
2435.28    -561.3802 -611.0458 0.7003504
2435.29    -561.2422 -611.0413 0.7004008
2435.3    -561.1041 -611.0367 0.7004529
2435.31    -560.9661 -611.0322 0.7005064
2435.32    -560.828 -611.0277 0.7005615
2435.33    -560.6899 -611.0233 0.7006179
2435.34    -560.5518 -611.0188 0.7006756
2435.35    -560.4137 -611.0143 0.7007346
2435.36    -560.2756 -611.0099 0.7007948
2435.37    -560.1375 -611.0056 0.700856
2435.38    -559.9993 -611.0012 0.7009184
2435.39    -559.8611 -610.9968 0.7009818
2435.4    -559.7229 -610.9925 0.7010461
2435.41    -559.5847 -610.9882 0.7011111
2435.42    -559.4465 -610.9839 0.701177
2435.43    -559.3082 -610.9797 0.7012436
2435.44    -559.17 -610.9754 0.7013109
2435.45    -559.0318 -610.9712 0.7013788
2435.46    -558.8936 -610.967 0.7014472
2435.47    -558.7553 -610.9628 0.7015164
2435.48    -558.617 -610.9587 0.7015861
2435.49    -558.4788 -610.9546 0.7016563
2435.5    -558.3405 -610.9504 0.701727
2435.51    -558.2021 -610.9464 0.7017983
2435.52    -558.0638 -610.9423 0.7018698
2435.53    -557.9255 -610.9384 0.7019418
2435.54    -557.7872 -610.9343 0.7020139
2435.55    -557.6488 -610.9304 0.7020862
2435.56    -557.5104 -610.9264 0.7021583
2435.57    -557.3721 -610.9225 0.7022306
2435.58    -557.2336 -610.9186 0.702303
2435.59    -557.0953 -610.9147 0.7023748
2435.6    -556.9568 -610.9108 0.7024462
2435.61    -556.8184 -610.907 0.702517
2435.62    -556.68 -610.9032 0.7025875
2435.63    -556.5415 -610.8994 0.7026576
2435.64    -556.403 -610.8957 0.7027274
2435.65    -556.2645 -610.892 0.7027965
2435.66    -556.126 -610.8883 0.7028649
2435.67    -555.9875 -610.8846 0.7029329
2435.68    -555.849 -610.881 0.7030004
2435.69    -555.7105 -610.8773 0.7030673
2435.7    -555.572 -610.8738 0.7031338
2435.71    -555.4334 -610.8702 0.7031999
2435.72    -555.2949 -610.8666 0.7032655
2435.73    -555.1563 -610.8631 0.7033308
2435.74    -555.0177 -610.8596 0.7033956
2435.75    -554.8791 -610.8561 0.7034602
2435.76    -554.7405 -610.8527 0.7035243
2435.77    -554.6019 -610.8493 0.7035882
2435.78    -554.4632 -610.8459 0.7036517
2435.79    -554.3246 -610.8425 0.7037149
2435.8    -554.1859 -610.8392 0.7037778
2435.81    -554.0472 -610.8359 0.7038404
2435.82    -553.9086 -610.8326 0.7039028
2435.83    -553.7698 -610.8293 0.7039649
2435.84    -553.6312 -610.8261 0.7040268
2435.85    -553.4924 -610.8229 0.7040884
2435.86    -553.3537 -610.8197 0.7041497
2435.87    -553.215 -610.8165 0.7042109
2435.88    -553.0762 -610.8134 0.7042719
2435.89    -552.9374 -610.8102 0.7043326
2435.9    -552.7986 -610.8071 0.7043931
2435.91    -552.6599 -610.8041 0.7044535
2435.92    -552.5211 -610.801 0.7045137
2435.93    -552.3822 -610.7979 0.7045737
2435.94    -552.2434 -610.7949 0.7046334
2435.95    -552.1046 -610.7919 0.7046929
2435.96    -551.9657 -610.789 0.7047521
2435.97    -551.8268 -610.786 0.7048112
2435.98    -551.6879 -610.7831 0.7048699
2435.99    -551.5491 -610.7802 0.704928
2436    -551.4102 -610.7773 0.7049857
2436.01    -551.2712 -610.7744 0.7050426
2436.02    -551.1323 -610.7716 0.7050991
2436.03    -550.9934 -610.7687 0.7051551
2436.04    -550.8545 -610.7659 0.70521
2436.05    -550.7156 -610.7631 0.705264
2436.06    -550.5766 -610.7604 0.7053171
2436.07    -550.4376 -610.7576 0.7053692
2436.08    -550.2986 -610.7548 0.7054204
2436.09    -550.1597 -610.7521 0.7054699
2436.1    -550.0207 -610.7494 0.7055179
2436.11    -549.8817 -610.7467 0.7055645
2436.12    -549.7427 -610.744 0.7056096
2436.13    -549.6037 -610.7413 0.7056534
2436.14    -549.4647 -610.7386 0.705695
2436.15    -549.3257 -610.7361 0.7057346
2436.16    -549.1866 -610.7335 0.7057722
2436.17    -549.0476 -610.7308 0.7058079
2436.18    -548.9086 -610.7282 0.705842
2436.19    -548.7695 -610.7256 0.7058735
2436.2    -548.6305 -610.7231 0.7059028
2436.21    -548.4915 -610.7206 0.7059298
2436.22    -548.3524 -610.718 0.7059548
2436.23    -548.2133 -610.7155 0.7059777
2436.24    -548.0742 -610.713 0.7059988
2436.25    -547.9351 -610.7105 0.7060178
2436.26    -547.796 -610.708 0.7060346
2436.27    -547.6569 -610.7055 0.7060494
2436.28    -547.5178 -610.7031 0.7060624
2436.29    -547.3787 -610.7006 0.7060735
2436.3    -547.2396 -610.6982 0.706083
2436.31    -547.1005 -610.6958 0.7060909
2436.32    -546.9614 -610.6934 0.7060972
2436.33    -546.8223 -610.691 0.706102
2436.34    -546.6831 -610.6886 0.7061055
2436.35    -546.5439 -610.6862 0.7061076
2436.36    -546.4048 -610.6838 0.7061084
2436.37    -546.2656 -610.6815 0.706108
2436.38    -546.1265 -610.6791 0.7061065
2436.39    -545.9873 -610.6768 0.706104
2436.4    -545.8481 -610.6744 0.7061003
2436.41    -545.709 -610.6721 0.7060958
2436.42    -545.5698 -610.6698 0.7060902
2436.43    -545.4305 -610.6675 0.7060838
2436.44    -545.2914 -610.6652 0.7060765
2436.45    -545.1522 -610.6629 0.7060684
2436.46    -545.0129 -610.6606 0.7060595
2436.47    -544.8737 -610.6584 0.7060499
2436.48    -544.7345 -610.6561 0.7060396
2436.49    -544.5953 -610.6539 0.7060286
2436.5    -544.4561 -610.6516 0.706017
2436.51    -544.3168 -610.6494 0.7060049
2436.52    -544.1776 -610.6471 0.705992
2436.53    -544.0383 -610.6448 0.7059786
2436.54    -543.899 -610.6426 0.7059647
2436.55    -543.7598 -610.6404 0.7059504
2436.56    -543.6205 -610.6382 0.7059355
2436.57    -543.4812 -610.636 0.7059202
2436.58    -543.3419 -610.6339 0.7059045
2436.59    -543.2026 -610.6317 0.7058883
2436.6    -543.0634 -610.6296 0.7058718
2436.61    -542.9241 -610.6274 0.7058548
2436.62    -542.7847 -610.6253 0.7058375
2436.63    -542.6454 -610.6232 0.70582
2436.64    -542.5061 -610.6211 0.705802
2436.65    -542.3668 -610.619 0.7057837
2436.66    -542.2274 -610.6168 0.7057652
2436.67    -542.0881 -610.6147 0.7057464
2436.68    -541.9487 -610.6125 0.7057273
2436.69    -541.8094 -610.6104 0.7057079
2436.7    -541.67 -610.6083 0.7056883
2436.71    -541.5307 -610.6063 0.7056684
2436.72    -541.3913 -610.6042 0.7056484
2436.73    -541.2519 -610.6021 0.7056281
2436.74    -541.1125 -610.6 0.7056076
2436.75    -540.9731 -610.598 0.705587
2436.76    -540.8337 -610.5959 0.7055661
2436.77    -540.6943 -610.5938 0.705545
2436.78    -540.5549 -610.5918 0.7055238
2436.79    -540.4155 -610.5898 0.7055024
2436.8    -540.2761 -610.5878 0.7054809
2436.81    -540.1367 -610.5858 0.7054592
2436.82    -539.9973 -610.5838 0.7054374
2436.83    -539.8578 -610.5818 0.7054155
2436.84    -539.7184 -610.5798 0.7053934
2436.85    -539.5789 -610.5778 0.7053711
2436.86    -539.4395 -610.5757 0.7053488
2436.87    -539.3 -610.5737 0.7053264
2436.88    -539.1605 -610.5717 0.7053038
2436.89    -539.0211 -610.5697 0.7052812
2436.9    -538.8816 -610.5677 0.7052585
2436.91    -538.7421 -610.5657 0.7052356
2436.92    -538.6027 -610.5637 0.7052127
2436.93    -538.4632 -610.5616 0.7051896
2436.94    -538.3237 -610.5596 0.7051665
2436.95    -538.1843 -610.5576 0.7051433
2436.96    -538.0447 -610.5556 0.7051201
2436.97    -537.9052 -610.5536 0.7050968
2436.98    -537.7657 -610.5516 0.7050734
2436.99    -537.6262 -610.5496 0.7050499
2437    -537.4867 -610.5477 0.7050263
2437.01    -537.3472 -610.5457 0.7050025
2437.02    -537.2076 -610.5438 0.7049788
2437.03    -537.0681 -610.5419 0.7049549
2437.04    -536.9286 -610.5399 0.704931
2437.05    -536.7891 -610.538 0.7049069
2437.06    -536.6495 -610.536 0.7048826
2437.07    -536.51 -610.5341 0.7048583
2437.08    -536.3704 -610.5321 0.7048339
2437.09    -536.2308 -610.5302 0.7048092
2437.1    -536.0913 -610.5282 0.7047846
2437.11    -535.9517 -610.5262 0.7047598
2437.12    -535.8121 -610.5243 0.7047349
2437.13    -535.6725 -610.5223 0.70471
2437.14    -535.533 -610.5204 0.7046849
2437.15    -535.3934 -610.5184 0.7046597
2437.16    -535.2538 -610.5165 0.7046343
2437.17    -535.1142 -610.5145 0.7046088
2437.18    -534.9746 -610.5126 0.7045832
2437.19    -534.835 -610.5106 0.7045571
2437.2    -534.6954 -610.5087 0.7045307
2437.21    -534.5558 -610.5067 0.7045039
2437.22    -534.4163 -610.5048 0.7044767
2437.23    -534.2766 -610.5028 0.7044491
2437.24    -534.137 -610.5009 0.7044206
2437.25    -533.9974 -610.4989 0.7043912
2437.26    -533.8578 -610.4969 0.7043609
2437.27    -533.7181 -610.495 0.7043297
2437.28    -533.5785 -610.493 0.7042978
2437.29    -533.4388 -610.4911 0.7042643
2437.3    -533.2992 -610.4893 0.7042297
2437.31    -533.1595 -610.4874 0.7041936
2437.32    -533.0199 -610.4855 0.7041563
2437.33    -532.8802 -610.4836 0.704118
2437.34    -532.7405 -610.4817 0.7040784
2437.35    -532.6009 -610.4798 0.7040373
2437.36    -532.4612 -610.4779 0.7039948
2437.37    -532.3215 -610.476 0.7039508
2437.38    -532.1818 -610.4741 0.7039053
2437.39    -532.0422 -610.4722 0.7038587
2437.4    -531.9025 -610.4703 0.7038107
2437.41    -531.7628 -610.4683 0.7037615
2437.42    -531.623 -610.4663 0.7037112
2437.43    -531.4833 -610.4644 0.7036597
2437.44    -531.3436 -610.4624 0.7036072
2437.45    -531.2039 -610.4604 0.7035537
2437.46    -531.0642 -610.4585 0.7034993
2437.47    -530.9245 -610.4565 0.7034438
2437.48    -530.7848 -610.4546 0.7033876
2437.49    -530.6451 -610.4526 0.7033304
2437.5    -530.5054 -610.4507 0.7032725
2437.51    -530.3657 -610.4487 0.7032138
2437.52    -530.2259 -610.4468 0.7031544
2437.53    -530.0861 -610.4448 0.7030942
2437.54    -529.9464 -610.4427 0.7030336
2437.55    -529.8066 -610.4407 0.7029721
2437.56    -529.6669 -610.4387 0.70291
2437.57    -529.5271 -610.4367 0.7028475
2437.58    -529.3873 -610.4346 0.7027842
2437.59    -529.2476 -610.4326 0.7027206
2437.6    -529.1078 -610.4306 0.7026564
2437.61    -528.968 -610.4286 0.7025918
2437.62    -528.8282 -610.4266 0.7025266
2437.63    -528.6884 -610.4244 0.702461
2437.64    -528.5486 -610.4224 0.702395
2437.65    -528.4089 -610.4203 0.7023286
2437.66    -528.269 -610.4182 0.7022618
2437.67    -528.1292 -610.4161 0.7021946
2437.68    -527.9894 -610.414 0.7021272
2437.69    -527.8495 -610.4119 0.7020593
2437.7    -527.7097 -610.4098 0.7019913
2437.71    -527.5699 -610.4076 0.701923
2437.72    -527.43 -610.4055 0.7018545
2437.73    -527.2901 -610.4033 0.701786
2437.74    -527.1503 -610.4011 0.7017177
2437.75    -527.0104 -610.3989 0.70165
2437.76    -526.8705 -610.3967 0.7015824
2437.77    -526.7306 -610.3945 0.7015153
2437.78    -526.5906 -610.3923 0.7014484
2437.79    -526.4507 -610.3901 0.7013831
2437.8    -526.3108 -610.3878 0.7013193
2437.81    -526.1708 -610.3855 0.7012569
2437.82    -526.0309 -610.3832 0.7011959
2437.83    -525.8909 -610.381 0.7011361
2437.84    -525.751 -610.3787 0.7010791
2437.85    -525.611 -610.3763 0.7010247
2437.86    -525.471 -610.374 0.7009727
2437.87    -525.331 -610.3716 0.7009231
2437.88    -525.191 -610.3693 0.7008756
2437.89    -525.051 -610.3669 0.7008317
2437.9    -524.9109 -610.3645 0.7007911
2437.91    -524.7709 -610.3621 0.7007536
2437.92    -524.6308 -610.3597 0.7007191
2437.93    -524.4907 -610.3572 0.7006875
2437.94    -524.3506 -610.3548 0.7006596
2437.95    -524.2106 -610.3524 0.7006356
2437.96    -524.0705 -610.3499 0.7006148
2437.97    -523.9304 -610.3474 0.7005973
2437.98    -523.7902 -610.3448 0.7005831
2437.99    -523.6501 -610.3423 0.7005727
2438    -523.5099 -610.3398 0.7005662
2438.01    -523.3698 -610.3372 0.7005633
2438.02    -523.2297 -610.3346 0.7005638
2438.03    -523.0895 -610.332 0.7005675
2438.04    -522.9493 -610.3294 0.7005748
2438.05    -522.8091 -610.3267 0.7005854
2438.06    -522.6689 -610.3241 0.7005993
2438.07    -522.5287 -610.3214 0.7006162
2438.08    -522.3885 -610.3187 0.700636
2438.09    -522.2483 -610.316 0.7006586
2438.1    -522.108 -610.3133 0.7006839
2438.11    -521.9678 -610.3105 0.7007117
2438.12    -521.8275 -610.3078 0.7007421
2438.13    -521.6873 -610.305 0.7007747
2438.14    -521.5469 -610.3022 0.7008095
2438.15    -521.4067 -610.2994 0.7008466
2438.16    -521.2664 -610.2965 0.7008856
2438.17    -521.126 -610.2936 0.7009265
2438.18    -520.9857 -610.2908 0.7009693
2438.19    -520.8454 -610.2878 0.7010138
2438.2    -520.7051 -610.2849 0.7010601
2438.21    -520.5647 -610.2819 0.701108
2438.22    -520.4243 -610.279 0.7011574
2438.23    -520.2839 -610.2761 0.7012084
2438.24    -520.1436 -610.273 0.701261
2438.25    -520.0032 -610.27 0.7013155
2438.26    -519.8628 -610.267 0.7013715
2438.27    -519.7224 -610.2639 0.701429
2438.28    -519.5819 -610.2609 0.701488
2438.29    -519.4415 -610.2578 0.7015496
2438.3    -519.301 -610.2546 0.7016134
2438.31    -519.1606 -610.2515 0.7016797
2438.32    -519.0201 -610.2484 0.7017481
2438.33    -518.8796 -610.2452 0.7018186
2438.34    -518.7391 -610.242 0.7018921
2438.35    -518.5986 -610.2387 0.7019688
2438.36    -518.4581 -610.2355 0.7020482
2438.37    -518.3175 -610.2322 0.7021304
2438.38    -518.1769 -610.2289 0.702215
2438.39    -518.0364 -610.2256 0.7023025
2438.4    -517.8958 -610.2222 0.7023926
2438.41    -517.7552 -610.2189 0.7024851
2438.42    -517.6146 -610.2155 0.7025802
2438.43    -517.474 -610.2121 0.7026774
2438.44    -517.3334 -610.2087 0.7027768
2438.45    -517.1927 -610.2053 0.7028783
2438.46    -517.0521 -610.2018 0.7029818
2438.47    -516.9114 -610.1983 0.7030871
2438.48    -516.7708 -610.1948 0.7031943
2438.49    -516.6301 -610.1913 0.7033031
2438.5    -516.4894 -610.1877 0.7034135
2438.51    -516.3487 -610.1841 0.7035255
2438.52    -516.2079 -610.1805 0.7036391
2438.53    -516.0672 -610.1769 0.7037539
2438.54    -515.9265 -610.1733 0.7038701
2438.55    -515.7857 -610.1696 0.7039876
2438.56    -515.6449 -610.1659 0.7041063
2438.57    -515.5041 -610.1622 0.7042262
2438.58    -515.3633 -610.1585 0.7043472
2438.59    -515.2225 -610.1547 0.7044692
2438.6    -515.0817 -610.1509 0.7045921
2438.61    -514.9408 -610.1471 0.7047161
2438.62    -514.7999 -610.1433 0.704841
2438.63    -514.659 -610.1395 0.7049667
2438.64    -514.5181 -610.1356 0.7050933
2438.65    -514.3771 -610.1317 0.7052205
2438.66    -514.2362 -610.1277 0.7053486
2438.67    -514.0952 -610.1238 0.7054774
2438.68    -513.9542 -610.1198 0.7056068
2438.69    -513.8132 -610.1158 0.7057368
2438.7    -513.6722 -610.1118 0.7058674
2438.71    -513.5311 -610.1077 0.7059984
2438.72    -513.39 -610.1036 0.7061299
2438.73    -513.2489 -610.0994 0.7062619
2438.74    -513.1078 -610.0953 0.7063942
2438.75    -512.9667 -610.0911 0.7065266
2438.76    -512.8255 -610.0869 0.7066593
2438.77    -512.6843 -610.0826 0.7067922
2438.78    -512.5431 -610.0783 0.7069252
2438.79    -512.4019 -610.074 0.7070576
2438.8    -512.2606 -610.0696 0.7071894
2438.81    -512.1193 -610.0652 0.7073207
2438.82    -511.978 -610.0608 0.7074515
2438.83    -511.8367 -610.0564 0.7075819
2438.84    -511.6953 -610.0519 0.7077109
2438.85    -511.5539 -610.0474 0.7078388
2438.86    -511.4125 -610.0428 0.7079656
2438.87    -511.2711 -610.0383 0.7080911
2438.88    -511.1296 -610.0337 0.7082158
2438.89    -510.9881 -610.029 0.7083386
2438.9    -510.8466 -610.0243 0.7084596
2438.91    -510.705 -610.0196 0.7085791
2438.92    -510.5635 -610.0148 0.7086969
2438.93    -510.4219 -610.01 0.7088132
2438.94    -510.2802 -610.0052 0.7089281
2438.95    -510.1385 -610.0003 0.7090409
2438.96    -509.9969 -609.9954 0.7091515
2438.97    -509.8551 -609.9904 0.7092602
2438.98    -509.7134 -609.9854 0.709367
2438.99    -509.5717 -609.9803 0.7094718
2439    -509.4299 -609.9752 0.7095748
2439.01    -509.288 -609.97 0.7096761
2439.02    -509.1461 -609.9648 0.7097759
2439.03    -509.0042 -609.9596 0.709874
2439.04    -508.8623 -609.9543 0.7099706
2439.05    -508.7204 -609.9489 0.7100658
2439.06    -508.5784 -609.9435 0.7101597
2439.07    -508.4364 -609.938 0.7102522
2439.08    -508.2943 -609.9326 0.7103436
2439.09    -508.1523 -609.927 0.7104338
2439.1    -508.0102 -609.9214 0.7105228
2439.11    -507.8681 -609.9157 0.7106107
2439.12    -507.726 -609.91 0.7106977
2439.13    -507.5837 -609.9042 0.7107836
2439.14    -507.4415 -609.8983 0.7108685
2439.15    -507.2993 -609.8925 0.7109519
2439.16    -507.157 -609.8865 0.7110338
2439.17    -507.0147 -609.8806 0.7111143
2439.18    -506.8723 -609.8745 0.7111933
2439.19    -506.73 -609.8684 0.7112701
2439.2    -506.5876 -609.8622 0.7113446
2439.21    -506.4452 -609.856 0.711417
2439.22    -506.3027 -609.8497 0.7114874
2439.23    -506.1602 -609.8433 0.7115558
2439.24    -506.0177 -609.8369 0.7116206
2439.25    -505.8752 -609.8304 0.711682
2439.26    -505.7326 -609.8239 0.7117401
2439.27    -505.59 -609.8173 0.7117951
2439.28    -505.4473 -609.8106 0.7118472
2439.29    -505.3046 -609.8038 0.7118964
2439.3    -505.162 -609.7971 0.7119401
2439.31    -505.0192 -609.7902 0.7119784
2439.32    -504.8765 -609.7833 0.7120118
2439.33    -504.7336 -609.7763 0.7120403
2439.34    -504.5908 -609.7692 0.7120627
2439.35    -504.448 -609.7621 0.7120791
2439.36    -504.3051 -609.7548 0.71209
2439.37    -504.1622 -609.7476 0.7120956
2439.38    -504.0192 -609.7402 0.7120961
2439.39    -503.8762 -609.7328 0.7120896
2439.4    -503.7332 -609.7253 0.7120764
2439.41    -503.5901 -609.7178 0.7120571
2439.42    -503.4471 -609.7102 0.7120316
2439.43    -503.304 -609.7025 0.7120005
2439.44    -503.1608 -609.6947 0.7119629
2439.45    -503.0176 -609.6869 0.7119192
2439.46    -502.8744 -609.679 0.7118698
2439.47    -502.7312 -609.671 0.7118148
2439.48    -502.5879 -609.663 0.7117546
2439.49    -502.4445 -609.6549 0.7116893
2439.5    -502.3012 -609.6467 0.7116193
2439.51    -502.1579 -609.6384 0.7115448
2439.52    -502.0144 -609.6301 0.7114661
2439.53    -501.871 -609.6218 0.7113832
2439.54    -501.7275 -609.6133 0.7112969
2439.55    -501.584 -609.6047 0.7112072
2439.56    -501.4405 -609.5961 0.7111145
2439.57    -501.2969 -609.5875 0.7110186
2439.58    -501.1533 -609.5787 0.7109199
2439.59    -501.0097 -609.5699 0.7108197
2439.6    -500.866 -609.561 0.710718
2439.61    -500.7223 -609.5521 0.7106151
2439.62    -500.5786 -609.543 0.7105109
2439.63    -500.4348 -609.5339 0.7104053
2439.64    -500.291 -609.5247 0.7102988
2439.65    -500.1471 -609.5155 0.7101928
2439.66    -500.0033 -609.5062 0.7100875
2439.67    -499.8593 -609.4968 0.7099826
2439.68    -499.7154 -609.4874 0.7098784
2439.69    -499.5715 -609.4778 0.7097754
2439.7    -499.4275 -609.4682 0.7096736
2439.71    -499.2834 -609.4586 0.709573
2439.72    -499.1393 -609.4489 0.7094736
2439.73    -498.9952 -609.4391 0.709375
2439.74    -498.8511 -609.4292 0.7092775
2439.75    -498.7069 -609.4193 0.7091811
2439.76    -498.5627 -609.4092 0.7090857
2439.77    -498.4184 -609.3992 0.7089914
2439.78    -498.2741 -609.389 0.7088979
2439.79    -498.1298 -609.3788 0.7088054
2439.8    -497.9855 -609.3686 0.7087139
2439.81    -497.8411 -609.3582 0.7086229
2439.82    -497.6967 -609.3478 0.7085329
2439.83    -497.5522 -609.3373 0.7084436
2439.84    -497.4077 -609.3267 0.7083549
2439.85    -497.2632 -609.3161 0.7082669
2439.86    -497.1187 -609.3054 0.7081795
2439.87    -496.9741 -609.2947 0.7080929
2439.88    -496.8294 -609.2838 0.7080067
2439.89    -496.6848 -609.2729 0.7079211
2439.9    -496.5401 -609.2619 0.7078361
2439.91    -496.3954 -609.2509 0.7077515
2439.92    -496.2506 -609.2397 0.7076674
2439.93    -496.1058 -609.2286 0.7075836
2439.94    -495.9609 -609.2173 0.7075004
2439.95    -495.816 -609.2061 0.7074175
2439.96    -495.6711 -609.1947 0.707335
2439.97    -495.5262 -609.1833 0.7072529
2439.98    -495.3812 -609.1718 0.7071711
2439.99    -495.2362 -609.1603 0.7070897
2440    -495.0912 -609.1486 0.7070086
2440.01    -494.9461 -609.1369 0.7069278
2440.02    -494.801 -609.1251 0.7068474
2440.03    -494.6558 -609.1133 0.7067672
2440.04    -494.5106 -609.1014 0.7066873
2440.05    -494.3654 -609.0895 0.7066081
2440.06    -494.2202 -609.0775 0.7065291
2440.07    -494.0748 -609.0654 0.7064506
2440.08    -493.9295 -609.0532 0.7063723
2440.09    -493.7841 -609.041 0.706295
2440.1    -493.6387 -609.0287 0.7062184
2440.11    -493.4933 -609.0165 0.7061424
2440.12    -493.3478 -609.0041 0.7060673
2440.13    -493.2023 -608.9916 0.7059928
2440.14    -493.0568 -608.9791 0.7059198
2440.15    -492.9112 -608.9667 0.7058483
2440.16    -492.7656 -608.9541 0.7057782
2440.17    -492.62 -608.9415 0.7057095
2440.18    -492.4743 -608.9288 0.7056419
2440.19    -492.3286 -608.9161 0.7055757
2440.2    -492.1828 -608.9033 0.7055117
2440.21    -492.037 -608.8906 0.7054501
2440.22    -491.8912 -608.8777 0.7053906
2440.23    -491.7453 -608.8648 0.7053332
2440.24    -491.5994 -608.8519 0.7052781
2440.25    -491.4535 -608.8389 0.7052251
2440.26    -491.3075 -608.8259 0.7051742
2440.27    -491.1615 -608.8129 0.7051254
2440.28    -491.0154 -608.7997 0.7050784
2440.29    -490.8694 -608.7866 0.7050332
2440.3    -490.7233 -608.7735 0.7049899
2440.31    -490.5771 -608.7603 0.704948
2440.32    -490.4309 -608.7471 0.7049077
2440.33    -490.2847 -608.7338 0.704869
2440.34    -490.1384 -608.7206 0.7048317
2440.35    -489.9921 -608.7073 0.7047958
2440.36    -489.8458 -608.694 0.7047611
2440.37    -489.6994 -608.6807 0.7047276
2440.38    -489.5529 -608.6673 0.7046954
2440.39    -489.4065 -608.6539 0.7046643
2440.4    -489.26 -608.6406 0.7046341
2440.41    -489.1135 -608.6271 0.704605
2440.42    -488.9669 -608.6137 0.7045768
2440.43    -488.8203 -608.6003 0.7045497
2440.44    -488.6736 -608.5869 0.7045233
2440.45    -488.5269 -608.5734 0.7044977
2440.46    -488.3802 -608.56 0.704473
2440.47    -488.2334 -608.5465 0.7044489
2440.48    -488.0866 -608.533 0.7044256
2440.49    -487.9398 -608.5196 0.704403
2440.5    -487.7929 -608.5061 0.704381
2440.51    -487.646 -608.4927 0.7043597
2440.52    -487.499 -608.4792 0.7043388
2440.53    -487.352 -608.4658 0.7043186
2440.54    -487.205 -608.4523 0.7042989
2440.55    -487.0579 -608.4389 0.7042797
2440.56    -486.9108 -608.4255 0.704261
2440.57    -486.7636 -608.4121 0.7042429
2440.58    -486.6164 -608.3987 0.7042251
2440.59    -486.4691 -608.3854 0.7042076
2440.6    -486.3219 -608.3719 0.7041907
2440.61    -486.1745 -608.3586 0.704174
2440.62    -486.0272 -608.3453 0.7041578
2440.63    -485.8797 -608.332 0.7041418
2440.64    -485.7323 -608.3188 0.7041262
2440.65    -485.5848 -608.3055 0.7041109
2440.66    -485.4373 -608.2923 0.704096
2440.67    -485.2897 -608.2791 0.7040812
2440.68    -485.1421 -608.2659 0.7040668
2440.69    -484.9944 -608.2528 0.7040526
2440.7    -484.8466 -608.2397 0.7040386
2440.71    -484.6989 -608.2266 0.7040249
2440.72    -484.5511 -608.2136 0.7040113
2440.73    -484.4033 -608.2006 0.703998
2440.74    -484.2554 -608.1876 0.7039848
2440.75    -484.1075 -608.1747 0.7039719
2440.76    -483.9596 -608.1619 0.7039591
2440.77    -483.8116 -608.149 0.7039465
2440.78    -483.6635 -608.1362 0.7039341
2440.79    -483.5154 -608.1235 0.7039218
2440.8    -483.3673 -608.1108 0.7039097
2440.81    -483.2191 -608.0981 0.7038977
2440.82    -483.0709 -608.0855 0.7038859
2440.83    -482.9227 -608.0729 0.7038741
2440.84    -482.7744 -608.0604 0.7038624
2440.85    -482.626 -608.048 0.7038509
2440.86    -482.4777 -608.0356 0.7038395
2440.87    -482.3292 -608.0233 0.7038282
2440.88    -482.1808 -608.011 0.703817
2440.89    -482.0322 -607.9987 0.7038059
2440.9    -481.8837 -607.9866 0.7037949
2440.91    -481.7351 -607.9744 0.703784
2440.92    -481.5865 -607.9624 0.7037731
2440.93    -481.4377 -607.9504 0.7037624
2440.94    -481.289 -607.9385 0.7037516
2440.95    -481.1403 -607.9266 0.703741
2440.96    -480.9915 -607.9149 0.7037304
2440.97    -480.8426 -607.9031 0.7037199
2440.98    -480.6937 -607.8915 0.7037094
2440.99    -480.5448 -607.8799 0.703699
2441    -480.3958 -607.8685 0.7036886
2441.01    -480.2468 -607.857 0.7036783
2441.02    -480.0977 -607.8457 0.7036681
2441.03    -479.9485 -607.8344 0.7036579
2441.04    -479.7994 -607.8232 0.7036477
2441.05    -479.6502 -607.8121 0.7036376
2441.06    -479.501 -607.8011 0.7036275
2441.07    -479.3517 -607.7902 0.7036174
2441.08    -479.2023 -607.7792 0.7036074
2441.09    -479.0529 -607.7685 0.7035974
2441.1    -478.9035 -607.7578 0.7035874
2441.11    -478.7541 -607.7471 0.7035775
2441.12    -478.6046 -607.7366 0.7035676
2441.13    -478.455 -607.7262 0.7035577
2441.14    -478.3054 -607.7158 0.7035478
2441.15    -478.1558 -607.7056 0.7035379
2441.16    -478.0061 -607.6954 0.7035282
2441.17    -477.8564 -607.6853 0.7035183
2441.18    -477.7066 -607.6752 0.7035085
2441.19    -477.5568 -607.6653 0.7034988
2441.2    -477.4069 -607.6555 0.7034891
2441.21    -477.257 -607.6458 0.7034793
2441.22    -477.1071 -607.6361 0.7034696
2441.23    -476.9571 -607.6266 0.7034599
2441.24    -476.8071 -607.6172 0.7034501
2441.25    -476.657 -607.6078 0.7034404
2441.26    -476.5069 -607.5986 0.7034308
2441.27    -476.3567 -607.5894 0.7034211
2441.28    -476.2065 -607.5804 0.7034115
2441.29    -476.0563 -607.5715 0.7034018
2441.3    -475.906 -607.5626 0.7033921
2441.31    -475.7557 -607.5538 0.7033826
2441.32    -475.6053 -607.5452 0.7033729
2441.33    -475.4549 -607.5366 0.7033632
2441.34    -475.3045 -607.5282 0.7033536
2441.35    -475.154 -607.5198 0.703344
2441.36    -475.0035 -607.5115 0.7033344
2441.37    -474.8529 -607.5034 0.7033248
2441.38    -474.7022 -607.4954 0.7033152
2441.39    -474.5516 -607.4875 0.7033056
2441.4    -474.4009 -607.4797 0.703296
2441.41    -474.2502 -607.472 0.7032864
2441.42    -474.0994 -607.4643 0.7032768
2441.43    -473.9485 -607.4568 0.7032672
2441.44    -473.7977 -607.4494 0.7032576
2441.45    -473.6468 -607.4421 0.703248
2441.46    -473.4958 -607.435 0.7032384
2441.47    -473.3448 -607.4279 0.7032288
2441.48    -473.1938 -607.421 0.7032192
2441.49    -473.0427 -607.4141 0.7032096
2441.5    -472.8916 -607.4073 0.7032
2441.51    -472.7405 -607.4007 0.7031904
2441.52    -472.5893 -607.3942 0.7031808
2441.53    -472.438 -607.3878 0.7031713
2441.54    -472.2867 -607.3815 0.7031617
2441.55    -472.1354 -607.3753 0.7031521
2441.56    -471.9841 -607.3693 0.7031425
2441.57    -471.8327 -607.3632 0.7031328
2441.58    -471.6813 -607.3574 0.7031233
2441.59    -471.5298 -607.3516 0.7031136
2441.6    -471.3783 -607.346 0.703104
2441.61    -471.2268 -607.3405 0.7030944
2441.62    -471.0751 -607.3351 0.7030848
2441.63    -470.9235 -607.3298 0.7030751
2441.64    -470.7719 -607.3246 0.7030655
2441.65    -470.6201 -607.3195 0.7030559
2441.66    -470.4684 -607.3146 0.7030463
2441.67    -470.3166 -607.3098 0.7030367
2441.68    -470.1648 -607.3051 0.7030271
2441.69    -470.0129 -607.3004 0.7030174
2441.7    -469.8611 -607.2958 0.7030077
2441.71    -469.7091 -607.2914 0.7029981
2441.72    -469.5571 -607.2872 0.7029884
2441.73    -469.4051 -607.283 0.7029787
2441.74    -469.2531 -607.279 0.7029691
2441.75    -469.101 -607.2751 0.7029594
2441.76    -468.9488 -607.2712 0.7029498
2441.77    -468.7966 -607.2675 0.70294
2441.78    -468.6444 -607.2639 0.7029304
2441.79    -468.4922 -607.2604 0.7029207
2441.8    -468.3399 -607.257 0.7029111
2441.81    -468.1876 -607.2537 0.7029014
2441.82    -468.0352 -607.2506 0.7028918
2441.83    -467.8828 -607.2476 0.7028821
2441.84    -467.7303 -607.2446 0.7028724
2441.85    -467.5779 -607.2418 0.7028627
2441.86    -467.4254 -607.2391 0.7028529
2441.87    -467.2728 -607.2365 0.7028432
2441.88    -467.1202 -607.234 0.7028335
2441.89    -466.9676 -607.2316 0.7028238
2441.9    -466.8149 -607.2294 0.702814
2441.91    -466.6622 -607.2272 0.7028043
2441.92    -466.5095 -607.2252 0.7027946
2441.93    -466.3567 -607.2233 0.7027849
2441.94    -466.2039 -607.2214 0.7027752
2441.95    -466.0511 -607.2197 0.7027655
2441.96    -465.8982 -607.2181 0.7027557
2441.97    -465.7452 -607.2166 0.702746
2441.98    -465.5923 -607.2152 0.7027363
2441.99    -465.4393 -607.2139 0.7027266
2442    -465.2863 -607.2128 0.7027169
2442.01    -465.1332 -607.2117 0.7027071
2442.02    -464.9801 -607.2108 0.7026973
2442.03    -464.827 -607.2099 0.7026875
2442.04    -464.6738 -607.2092 0.7026777
2442.05    -464.5206 -607.2086 0.702668
2442.06    -464.3674 -607.208 0.7026582
2442.07    -464.2141 -607.2076 0.7026484
2442.08    -464.0608 -607.2072 0.7026386
2442.09    -463.9074 -607.207 0.7026288
2442.1    -463.754 -607.2069 0.702619
2442.11    -463.6006 -607.2069 0.7026092
2442.12    -463.4471 -607.207 0.7025995
2442.13    -463.2936 -607.2072 0.7025898
2442.14    -463.1402 -607.2075 0.70258
2442.15    -462.9866 -607.2079 0.7025702
2442.16    -462.833 -607.2083 0.7025604
2442.17    -462.6794 -607.2089 0.7025506
2442.18    -462.5257 -607.2096 0.7025408
2442.19    -462.372 -607.2103 0.702531
2442.2    -462.2183 -607.2112 0.7025212
2442.21    -462.0645 -607.2122 0.7025114
2442.22    -461.9107 -607.2132 0.7025016
2442.23    -461.7568 -607.2143 0.7024917
2442.24    -461.603 -607.2156 0.7024819
2442.25    -461.4491 -607.2169 0.702472
2442.26    -461.2951 -607.2183 0.7024621
2442.27    -461.1411 -607.2197 0.7024523
2442.28    -460.9871 -607.2214 0.7024425
2442.29    -460.8331 -607.223 0.7024327
2442.3    -460.679 -607.2247 0.7024229
2442.31    -460.5249 -607.2266 0.702413
2442.32    -460.3707 -607.2285 0.7024032
2442.33    -460.2165 -607.2305 0.7023933
2442.34    -460.0623 -607.2325 0.7023835
2442.35    -459.9081 -607.2347 0.7023736
2442.36    -459.7538 -607.2369 0.7023638
2442.37    -459.5994 -607.2393 0.7023539
2442.38    -459.445 -607.2417 0.7023441
2442.39    -459.2906 -607.2442 0.7023342
2442.4    -459.1362 -607.2468 0.7023243
2442.41    -458.9818 -607.2494 0.7023144
2442.42    -458.8273 -607.2521 0.7023045
2442.43    -458.6727 -607.2549 0.7022947
2442.44    -458.5182 -607.2578 0.7022848
2442.45    -458.3636 -607.2608 0.7022749
2442.46    -458.209 -607.2639 0.702265
2442.47    -458.0543 -607.267 0.7022551
2442.48    -457.8996 -607.2701 0.7022452
2442.49    -457.7448 -607.2734 0.7022353
2442.5    -457.5901 -607.2767 0.7022254
2442.51    -457.4353 -607.2801 0.7022155
2442.52    -457.2804 -607.2836 0.7022055
2442.53    -457.1255 -607.2871 0.7021957
2442.54    -456.9707 -607.2907 0.7021858
2442.55    -456.8157 -607.2944 0.7021759
2442.56    -456.6608 -607.2982 0.7021659
2442.57    -456.5057 -607.302 0.702156
2442.58    -456.3507 -607.3059 0.7021461
2442.59    -456.1956 -607.3099 0.7021362
2442.6    -456.0405 -607.3139 0.7021263
2442.61    -455.8854 -607.3179 0.7021163
2442.62    -455.7302 -607.3221 0.7021064
2442.63    -455.575 -607.3263 0.7020965
2442.64    -455.4197 -607.3306 0.7020865
2442.65    -455.2645 -607.3348 0.7020765
2442.66    -455.1092 -607.3392 0.7020666
2442.67    -454.9538 -607.3437 0.7020566
2442.68    -454.7984 -607.3482 0.7020466
2442.69    -454.643 -607.3527 0.7020367
2442.7    -454.4876 -607.3574 0.7020267
2442.71    -454.3321 -607.3621 0.7020167
2442.72    -454.1766 -607.3668 0.7020068
2442.73    -454.0211 -607.3716 0.7019969
2442.74    -453.8655 -607.3764 0.7019869
2442.75    -453.7099 -607.3813 0.701977
2442.76    -453.5543 -607.3863 0.7019669
2442.77    -453.3986 -607.3912 0.701957
2442.78    -453.2429 -607.3963 0.701947
2442.79    -453.0872 -607.4014 0.701937
2442.8    -452.9315 -607.4065 0.7019271
2442.81    -452.7757 -607.4116 0.7019171
2442.82    -452.6198 -607.4169 0.7019071
2442.83    -452.464 -607.4221 0.7018971
2442.84    -452.3081 -607.4274 0.7018871
2442.85    -452.1522 -607.4327 0.7018772
2442.86    -451.9962 -607.4381 0.7018672
2442.87    -451.8403 -607.4435 0.7018571
2442.88    -451.6843 -607.449 0.7018472
2442.89    -451.5282 -607.4544 0.7018374
2442.9    -451.3722 -607.4599 0.7018276
2442.91    -451.2161 -607.4655 0.701818
2442.92    -451.0599 -607.4711 0.7018085
2442.93    -450.9038 -607.4767 0.701799
2442.94    -450.7476 -607.4823 0.7017908
2442.95    -450.5914 -607.488 0.7017837
2442.96    -450.4351 -607.4937 0.7017776
2442.97    -450.2788 -607.4995 0.7017726
2442.98    -450.1225 -607.5052 0.7017685
2442.99    -449.9662 -607.5109 0.7017654
2443    -449.8098 -607.5167 0.701766
2443.01    -449.6534 -607.5225 0.7017703
2443.02    -449.4969 -607.5284 0.701778
2443.03    -449.3405 -607.5342 0.7017891
2443.04    -449.184 -607.5401 0.701806
2443.05    -449.0275 -607.546 0.7018285
2443.06    -448.8709 -607.5519 0.7018563
2443.07    -448.7144 -607.5579 0.7018893
2443.08    -448.5577 -607.5638 0.7019271
2443.09    -448.4011 -607.5698 0.7019733
2443.1    -448.2445 -607.5758 0.7020272
2443.11    -448.0878 -607.5818 0.7020888
2443.12    -447.931 -607.5878 0.7021574
2443.13    -447.7743 -607.5939 0.7022329
2443.14    -447.6175 -607.5999 0.7023181
2443.15    -447.4607 -607.606 0.7024125
2443.16    -447.3039 -607.6121 0.7025158
2443.17    -447.147 -607.6182 0.7026274
2443.18    -446.9901 -607.6243 0.7027471
2443.19    -446.8332 -607.6304 0.7028763
2443.2    -446.6762 -607.6365 0.7030145
2443.21    -446.5192 -607.6426 0.7031613
2443.22    -446.3622 -607.6487 0.7033163
2443.23    -446.2052 -607.6548 0.7034792
2443.24    -446.0481 -607.6609 0.7036494
2443.25    -445.891 -607.6671 0.7038271
2443.26    -445.7339 -607.6733 0.704012
2443.27    -445.5768 -607.6794 0.7042037
2443.28    -445.4196 -607.6855 0.7044019
2443.29    -445.2624 -607.6917 0.7046061
2443.3    -445.1051 -607.6978 0.7048163
2443.31    -444.9479 -607.704 0.705032
2443.32    -444.7906 -607.7101 0.7052531
2443.33    -444.6333 -607.7162 0.7054793
2443.34    -444.4759 -607.7223 0.7057105
2443.35    -444.3186 -607.7284 0.7059458
2443.36    -444.1612 -607.7344 0.7061853
2443.37    -444.0038 -607.7405 0.7064288
2443.38    -443.8463 -607.7466 0.706676
2443.39    -443.6889 -607.7527 0.7069259
2443.4    -443.5314 -607.7588 0.7071782
2443.41    -443.3739 -607.7648 0.707433
2443.42    -443.2163 -607.7708 0.7076901
2443.43    -443.0587 -607.7768 0.7079495
2443.44    -442.9011 -607.7828 0.708209
2443.45    -442.7435 -607.7888 0.708469
2443.46    -442.5858 -607.7948 0.7087293
2443.47    -442.4281 -607.8007 0.7089899
2443.48    -442.2704 -607.8067 0.7092509
2443.49    -442.1127 -607.8126 0.7095099
2443.5    -441.955 -607.8185 0.7097673
2443.51    -441.7972 -607.8244 0.710023
2443.52    -441.6394 -607.8303 0.7102772
2443.53    -441.4815 -607.8361 0.7105299
2443.54    -441.3237 -607.842 0.7107812
2443.55    -441.1658 -607.8478 0.711028
2443.56    -441.0079 -607.8535 0.7112706
2443.57    -440.85 -607.8593 0.7115093
2443.58    -440.692 -607.8651 0.7117441
2443.59    -440.5341 -607.8708 0.7119725
2443.6    -440.3761 -607.8765 0.7121945
2443.61    -440.2181 -607.8821 0.7124108
2443.62    -440.0601 -607.8878 0.7126214
2443.63    -439.902 -607.8934 0.7128267
2443.64    -439.744 -607.899 0.7130244
2443.65    -439.5859 -607.9045 0.7132149
2443.66    -439.4279 -607.91 0.7133985
2443.67    -439.2697 -607.9156 0.7135755
2443.68    -439.1116 -607.921 0.7137463
2443.69    -438.9535 -607.9265 0.7139091
2443.7    -438.7953 -607.9319 0.7140642
2443.71    -438.6372 -607.9373 0.7142122
2443.72    -438.479 -607.9426 0.7143532
2443.73    -438.3209 -607.9479 0.7144877
2443.74    -438.1627 -607.9532 0.7146159
2443.75    -438.0045 -607.9585 0.7147357
2443.76    -437.8463 -607.9637 0.7148475
2443.77    -437.6881 -607.9689 0.7149517
