607.09    -647.542 -614.5508 0.7009891
607.1    -647.4103 -614.5456 0.7010027
607.11    -647.2786 -614.5403 0.7010178
607.12    -647.1469 -614.535 0.7010345
607.13    -647.0152 -614.5298 0.7010534
607.14    -646.8834 -614.5244 0.7010742
607.15    -646.7516 -614.5191 0.701097
607.16    -646.6198 -614.5138 0.7011215
607.17    -646.4879 -614.5084 0.7011479
607.18    -646.356 -614.503 0.701176
607.19    -646.2241 -614.4976 0.701206
607.2    -646.0922 -614.4921 0.7012376
607.21    -645.9603 -614.4867 0.7012708
607.22    -645.8283 -614.4813 0.7013055
607.23    -645.6964 -614.4757 0.7013416
607.24    -645.5643 -614.4702 0.7013792
607.25    -645.4323 -614.4647 0.7014177
607.26    -645.3002 -614.4592 0.7014576
607.27    -645.1682 -614.4536 0.7014986
607.28    -645.0361 -614.4481 0.7015405
607.29    -644.9039 -614.4425 0.7015831
607.3    -644.7718 -614.4368 0.7016265
607.31    -644.6396 -614.4312 0.7016707
607.32    -644.5074 -614.4256 0.7017155
607.33    -644.3752 -614.4199 0.7017605
607.34    -644.243 -614.4142 0.7018058
607.35    -644.1108 -614.4086 0.7018511
607.36    -643.9785 -614.4029 0.7018967
607.37    -643.8463 -614.3971 0.7019423
607.38    -643.714 -614.3914 0.7019873
607.39    -643.5817 -614.3856 0.7020317
607.4    -643.4493 -614.3798 0.7020754
607.41    -643.317 -614.374 0.7021185
607.42    -643.1846 -614.3682 0.7021611
607.43    -643.0522 -614.3624 0.7022032
607.44    -642.9199 -614.3566 0.7022435
607.45    -642.7875 -614.3507 0.7022821
607.46    -642.655 -614.3448 0.7023191
607.47    -642.5226 -614.339 0.7023547
607.48    -642.3901 -614.3331 0.7023888
607.49    -642.2576 -614.3271 0.7024204
607.5    -642.1251 -614.3212 0.7024497
607.51    -641.9926 -614.3153 0.7024768
607.52    -641.86 -614.3094 0.7025018
607.53    -641.7275 -614.3033 0.7025239
607.54    -641.5949 -614.2974 0.7025431
607.55    -641.4623 -614.2914 0.7025596
607.56    -641.3297 -614.2854 0.7025736
607.57    -641.1971 -614.2793 0.7025852
607.58    -641.0644 -614.2733 0.7025946
607.59    -640.9318 -614.2672 0.7026008
607.6    -640.7991 -614.2612 0.7026041
607.61    -640.6664 -614.2551 0.7026047
607.62    -640.5336 -614.2491 0.7026025
607.63    -640.4009 -614.243 0.7025977
607.64    -640.2682 -614.2369 0.7025902
607.65    -640.1354 -614.2308 0.70258
607.66    -640.0026 -614.2247 0.7025676
607.67    -639.8698 -614.2186 0.7025529
607.68    -639.737 -614.2125 0.7025359
607.69    -639.6042 -614.2064 0.7025169
607.7    -639.4713 -614.2003 0.7024958
607.71    -639.3384 -614.1942 0.7024727
607.72    -639.2056 -614.188 0.702448
607.73    -639.0727 -614.1819 0.7024215
607.74    -638.9398 -614.1758 0.7023934
607.75    -638.8068 -614.1697 0.7023638
607.76    -638.6739 -614.1636 0.7023327
607.77    -638.5409 -614.1575 0.7023003
607.78    -638.4079 -614.1513 0.7022666
607.79    -638.2749 -614.1452 0.7022317
607.8    -638.1419 -614.139 0.7021956
607.81    -638.0089 -614.1329 0.7021584
607.82    -637.8758 -614.1267 0.7021202
607.83    -637.7427 -614.1205 0.702081
607.84    -637.6097 -614.1144 0.7020409
607.85    -637.4766 -614.1082 0.7019998
607.86    -637.3435 -614.1021 0.7019581
607.87    -637.2104 -614.0959 0.7019154
607.88    -637.0773 -614.0898 0.701872
607.89    -636.9442 -614.0836 0.7018279
607.9    -636.811 -614.0775 0.7017832
607.91    -636.6779 -614.0713 0.7017378
607.92    -636.5447 -614.0651 0.7016919
607.93    -636.4115 -614.059 0.7016453
607.94    -636.2783 -614.0529 0.7015982
607.95    -636.1451 -614.0467 0.7015507
607.96    -636.012 -614.0405 0.7015026
607.97    -635.8788 -614.0344 0.7014541
607.98    -635.7455 -614.0282 0.7014051
607.99    -635.6124 -614.022 0.7013559
608    -635.4792 -614.0159 0.7013063
608.01    -635.3459 -614.0098 0.7012565
608.02    -635.2127 -614.0036 0.7012064
608.03    -635.0795 -613.9974 0.7011563
608.04    -634.9464 -613.9913 0.701106
608.05    -634.8132 -613.9851 0.7010558
608.06    -634.68 -613.9789 0.7010055
608.07    -634.5468 -613.9728 0.7009552
608.08    -634.4136 -613.9666 0.7009048
608.09    -634.2805 -613.9604 0.7008547
608.1    -634.1473 -613.9543 0.7008051
608.11    -634.0141 -613.9481 0.7007557
608.12    -633.8809 -613.942 0.7007067
608.13    -633.7478 -613.9358 0.7006585
608.14    -633.6147 -613.9296 0.7006111
608.15    -633.4816 -613.9235 0.7005642
608.16    -633.3484 -613.9173 0.7005181
608.17    -633.2153 -613.9111 0.7004725
608.18    -633.0823 -613.905 0.7004282
608.19    -632.9492 -613.8989 0.700385
608.2    -632.8162 -613.8927 0.7003428
608.21    -632.6831 -613.8865 0.7003015
608.22    -632.55 -613.8804 0.7002612
608.23    -632.4171 -613.8742 0.7002223
608.24    -632.2841 -613.868 0.7001846
608.25    -632.1511 -613.8619 0.7001481
608.26    -632.0181 -613.8557 0.7001128
608.27    -631.8852 -613.8495 0.7000784
608.28    -631.7523 -613.8434 0.7000455
608.29    -631.6193 -613.8373 0.7000139
608.3    -631.4865 -613.8312 0.6999837
608.31    -631.3536 -613.8251 0.6999545
608.32    -631.2207 -613.819 0.6999264
608.33    -631.0879 -613.8129 0.6998998
608.34    -630.9551 -613.8068 0.6998743
608.35    -630.8223 -613.8007 0.6998503
608.36    -630.6895 -613.7946 0.6998272
608.37    -630.5566 -613.7885 0.6998052
608.38    -630.4239 -613.7824 0.6997845
608.39    -630.2911 -613.7763 0.6997651
608.4    -630.1584 -613.7702 0.6997467
608.41    -630.0256 -613.7641 0.6997294
608.42    -629.8929 -613.758 0.6997131
608.43    -629.7602 -613.7519 0.6996981
608.44    -629.6275 -613.7458 0.6996843
608.45    -629.4948 -613.7397 0.6996718
608.46    -629.3621 -613.7336 0.6996604
608.47    -629.2295 -613.7275 0.6996499
608.48    -629.0969 -613.7214 0.6996406
608.49    -628.9642 -613.7153 0.6996326
608.5    -628.8317 -613.7092 0.699626
608.51    -628.6991 -613.7031 0.6996206
608.52    -628.5665 -613.697 0.6996164
608.53    -628.434 -613.6909 0.6996134
608.54    -628.3015 -613.6848 0.6996119
608.55    -628.1689 -613.6786 0.6996119
608.56    -628.0364 -613.6725 0.6996133
608.57    -627.9039 -613.6664 0.6996161
608.58    -627.7715 -613.6603 0.6996204
608.59    -627.639 -613.6542 0.6996263
608.6    -627.5066 -613.6481 0.6996337
608.61    -627.3741 -613.642 0.6996425
608.62    -627.2417 -613.6359 0.6996526
608.63    -627.1093 -613.6298 0.6996639
608.64    -626.9769 -613.6237 0.6996768
608.65    -626.8445 -613.6176 0.699691
608.66    -626.7121 -613.6115 0.6997066
608.67    -626.5798 -613.6053 0.6997235
608.68    -626.4474 -613.5992 0.6997416
608.69    -626.3151 -613.5931 0.6997609
608.7    -626.1829 -613.587 0.6997813
608.71    -626.0506 -613.5809 0.6998028
608.72    -625.9183 -613.5748 0.6998252
608.73    -625.7861 -613.5687 0.6998486
608.74    -625.6539 -613.5626 0.6998729
608.75    -625.5217 -613.5565 0.6998979
608.76    -625.3895 -613.5504 0.6999238
608.77    -625.2573 -613.5443 0.6999505
608.78    -625.1251 -613.5383 0.6999779
608.79    -624.993 -613.5322 0.7000059
608.8    -624.8608 -613.5262 0.7000346
608.81    -624.7287 -613.5201 0.7000639
608.82    -624.5966 -613.5141 0.7000937
608.83    -624.4645 -613.5081 0.700124
608.84    -624.3324 -613.502 0.7001548
608.85    -624.2003 -613.496 0.7001859
608.86    -624.0682 -613.4899 0.7002174
608.87    -623.9362 -613.4839 0.7002494
608.88    -623.8042 -613.4778 0.7002816
608.89    -623.6722 -613.4718 0.700314
608.9    -623.5402 -613.4658 0.7003465
608.91    -623.4082 -613.4597 0.700379
608.92    -623.2762 -613.4537 0.7004117
608.93    -623.1443 -613.4476 0.7004443
608.94    -623.0124 -613.4416 0.7004767
608.95    -622.8805 -613.4355 0.700509
608.96    -622.7486 -613.4295 0.7005411
608.97    -622.6167 -613.4235 0.7005732
608.98    -622.4849 -613.4175 0.7006049
608.99    -622.353 -613.4114 0.700636
609    -622.2212 -613.4054 0.7006667
609.01    -622.0894 -613.3994 0.7006971
609.02    -621.9575 -613.3933 0.7007271
609.03    -621.8257 -613.3873 0.7007567
609.04    -621.6939 -613.3813 0.7007856
609.05    -621.5621 -613.3753 0.7008137
609.06    -621.4304 -613.3693 0.7008411
609.07    -621.2986 -613.3633 0.7008679
609.08    -621.1669 -613.3574 0.7008941
609.09    -621.0352 -613.3514 0.7009192
609.1    -620.9034 -613.3455 0.7009435
609.11    -620.7718 -613.3395 0.7009669
609.12    -620.6401 -613.3335 0.7009895
609.13    -620.5085 -613.3275 0.7010109
609.14    -620.3768 -613.3215 0.7010313
609.15    -620.2452 -613.3156 0.7010508
609.16    -620.1136 -613.3096 0.7010693
609.17    -619.9821 -613.3036 0.7010869
609.18    -619.8505 -613.2977 0.7011033
609.19    -619.719 -613.2918 0.7011186
609.2    -619.5875 -613.2859 0.701133
609.21    -619.4559 -613.28 0.7011464
609.22    -619.3244 -613.274 0.7011588
609.23    -619.1929 -613.2681 0.70117
609.24    -619.0615 -613.2622 0.7011801
609.25    -618.93 -613.2563 0.701189
609.26    -618.7985 -613.2504 0.7011968
609.27    -618.6671 -613.2445 0.7012037
609.28    -618.5356 -613.2386 0.7012094
609.29    -618.4042 -613.2328 0.701214
609.3    -618.2728 -613.2269 0.7012175
609.31    -618.1414 -613.2211 0.70122
609.32    -618.0101 -613.2152 0.7012216
609.33    -617.8787 -613.2094 0.7012223
609.34    -617.7474 -613.2036 0.7012221
609.35    -617.616 -613.1977 0.7012211
609.36    -617.4847 -613.1918 0.7012193
609.37    -617.3535 -613.186 0.7012168
609.38    -617.2222 -613.1802 0.7012137
609.39    -617.0909 -613.1744 0.7012098
609.4    -616.9597 -613.1686 0.7012055
609.41    -616.8285 -613.1628 0.7012005
609.42    -616.6973 -613.157 0.7011951
609.43    -616.5661 -613.1512 0.7011895
609.44    -616.4349 -613.1454 0.7011837
609.45    -616.3038 -613.1396 0.7011778
609.46    -616.1726 -613.1339 0.7011718
609.47    -616.0414 -613.1282 0.7011656
609.48    -615.9103 -613.1225 0.7011601
609.49    -615.7792 -613.1168 0.7011549
609.5    -615.6481 -613.111 0.7011503
609.51    -615.517 -613.1053 0.7011461
609.52    -615.3859 -613.0995 0.7011423
609.53    -615.2549 -613.0939 0.7011389
609.54    -615.1238 -613.0882 0.7011369
609.55    -614.9928 -613.0825 0.7011362
609.56    -614.8618 -613.0768 0.7011368
609.57    -614.7308 -613.0712 0.7011386
609.58    -614.5998 -613.0655 0.7011426
609.59    -614.4688 -613.0598 0.7011487
609.6    -614.3379 -613.0542 0.7011567
609.61    -614.207 -613.0485 0.7011666
609.62    -614.076 -613.0429 0.7011783
609.63    -613.9451 -613.0373 0.7011916
609.64    -613.8143 -613.0317 0.7012081
609.65    -613.6834 -613.0261 0.7012274
609.66    -613.5526 -613.0204 0.7012495
609.67    -613.4217 -613.0149 0.7012743
609.68    -613.2909 -613.0093 0.7013026
609.69    -613.1601 -613.0037 0.7013344
609.7    -613.0293 -612.998 0.7013692
609.71    -612.8985 -612.9925 0.7014071
609.72    -612.7677 -612.9869 0.7014478
609.73    -612.637 -612.9814 0.7014921
609.74    -612.5062 -612.9758 0.7015399
609.75    -612.3755 -612.9703 0.7015908
609.76    -612.2448 -612.9648 0.7016449
609.77    -612.114 -612.9592 0.7017018
609.78    -611.9833 -612.9537 0.701762
609.79    -611.8527 -612.9481 0.7018253
609.8    -611.722 -612.9426 0.7018916
609.81    -611.5914 -612.937 0.7019606
609.82    -611.4608 -612.9315 0.7020322
609.83    -611.3301 -612.926 0.7021066
609.84    -611.1995 -612.9205 0.7021835
609.85    -611.069 -612.915 0.702263
609.86    -610.9384 -612.9095 0.7023447
609.87    -610.8079 -612.9041 0.7024286
609.88    -610.6773 -612.8986 0.7025146
609.89    -610.5468 -612.8931 0.7026026
609.9    -610.4163 -612.8876 0.7026926
609.91    -610.2858 -612.8821 0.7027843
609.92    -610.1553 -612.8766 0.7028777
609.93    -610.0248 -612.8712 0.7029727
609.94    -609.8944 -612.8658 0.7030693
609.95    -609.764 -612.8604 0.7031673
609.96    -609.6335 -612.8549 0.7032667
609.97    -609.5031 -612.8495 0.7033674
609.98    -609.3727 -612.8441 0.7034694
609.99    -609.2423 -612.8386 0.7035726
610    -609.1119 -612.8332 0.7036769
610.01    -608.9816 -612.8278 0.7037823
610.02    -608.8513 -612.8223 0.7038887
610.03    -608.7209 -612.8169 0.703996
610.04    -608.5906 -612.8115 0.7041044
610.05    -608.4603 -612.806 0.7042138
610.06    -608.3301 -612.8006 0.7043241
610.07    -608.1998 -612.7952 0.7044352
610.08    -608.0696 -612.7899 0.7045472
610.09    -607.9394 -612.7845 0.70466
610.1    -607.8092 -612.7791 0.7047735
610.11    -607.679 -612.7737 0.7048877
610.12    -607.5488 -612.7684 0.7050027
610.13    -607.4187 -612.763 0.7051182
610.14    -607.2886 -612.7576 0.7052343
610.15    -607.1584 -612.7523 0.705351
610.16    -607.0283 -612.7469 0.7054682
610.17    -606.8982 -612.7415 0.7055859
610.18    -606.7681 -612.7361 0.705704
610.19    -606.6381 -612.7308 0.7058225
610.2    -606.508 -612.7254 0.7059414
610.21    -606.3779 -612.72 0.7060606
610.22    -606.2479 -612.7147 0.7061802
610.23    -606.1179 -612.7093 0.7062996
610.24    -605.9879 -612.7039 0.706419
610.25    -605.8578 -612.6987 0.7065383
610.26    -605.7278 -612.6934 0.7066576
610.27    -605.5979 -612.688 0.7067769
610.28    -605.468 -612.6827 0.7068951
610.29    -605.338 -612.6774 0.7070124
610.3    -605.2081 -612.6721 0.7071289
610.31    -605.0782 -612.6668 0.7072445
610.32    -604.9484 -612.6615 0.7073595
610.33    -604.8185 -612.6562 0.7074722
610.34    -604.6887 -612.6509 0.7075827
610.35    -604.5589 -612.6456 0.7076914
610.36    -604.4291 -612.6403 0.7077982
610.37    -604.2993 -612.6349 0.7079032
610.38    -604.1695 -612.6296 0.7080048
610.39    -604.0397 -612.6243 0.7081034
610.4    -603.91 -612.619 0.7081988
610.41    -603.7802 -612.6137 0.7082915
610.42    -603.6505 -612.6084 0.7083815
610.43    -603.5208 -612.6031 0.7084674
610.44    -603.3911 -612.5978 0.7085496
610.45    -603.2614 -612.5925 0.7086281
610.46    -603.1317 -612.5872 0.7087033
610.47    -603.002 -612.5818 0.7087753
610.48    -602.8723 -612.5765 0.7088432
610.49    -602.7427 -612.5712 0.7089071
610.5    -602.613 -612.5659 0.7089673
610.51    -602.4835 -612.5606 0.7090241
610.52    -602.3539 -612.5553 0.7090775
610.53    -602.2243 -612.55 0.709128
610.54    -602.0948 -612.5448 0.7091744
610.55    -601.9653 -612.5396 0.7092171
610.56    -601.8358 -612.5343 0.7092564
610.57    -601.7062 -612.5291 0.7092923
610.58    -601.5768 -612.5238 0.7093247
610.59    -601.4473 -612.5186 0.7093537
610.6    -601.3179 -612.5133 0.7093795
610.61    -601.1884 -612.5081 0.7094023
610.62    -601.059 -612.5028 0.7094222
610.63    -600.9296 -612.4976 0.7094393
610.64    -600.8002 -612.4923 0.7094535
610.65    -600.6708 -612.4871 0.7094652
610.66    -600.5414 -612.4818 0.7094743
610.67    -600.412 -612.4766 0.7094811
610.68    -600.2827 -612.4713 0.7094857
610.69    -600.1533 -612.4661 0.709488
610.7    -600.024 -612.4608 0.7094882
610.71    -599.8947 -612.4556 0.7094864
610.72    -599.7654 -612.4503 0.7094828
610.73    -599.6361 -612.4451 0.7094773
610.74    -599.5068 -612.4398 0.7094701
610.75    -599.3776 -612.4346 0.7094612
610.76    -599.2484 -612.4293 0.7094507
610.77    -599.1192 -612.4241 0.7094388
610.78    -598.99 -612.4188 0.7094255
610.79    -598.8608 -612.4136 0.7094108
610.8    -598.7317 -612.4083 0.7093949
610.81    -598.6025 -612.4031 0.7093778
610.82    -598.4734 -612.3978 0.7093595
610.83    -598.3443 -612.3926 0.7093402
610.84    -598.2152 -612.3873 0.7093199
610.85    -598.0861 -612.3821 0.7092987
610.86    -597.957 -612.3768 0.7092766
610.87    -597.8279 -612.3716 0.7092535
610.88    -597.6989 -612.3663 0.7092297
610.89    -597.5699 -612.3611 0.7092051
610.9    -597.4409 -612.3558 0.7091798
610.91    -597.3118 -612.3506 0.7091539
610.92    -597.1828 -612.3454 0.7091272
610.93    -597.0538 -612.3402 0.7091
610.94    -596.9249 -612.335 0.7090722
610.95    -596.7959 -612.3298 0.7090437
610.96    -596.667 -612.3246 0.7090148
610.97    -596.5381 -612.3195 0.7089854
610.98    -596.4092 -612.3143 0.7089555
610.99    -596.2803 -612.3091 0.7089251
611    -596.1515 -612.304 0.7088943
611.01    -596.0226 -612.2988 0.7088631
611.02    -595.8938 -612.2936 0.7088315
611.03    -595.765 -612.2884 0.7087996
611.04    -595.6362 -612.2832 0.7087673
611.05    -595.5074 -612.278 0.7087348
611.06    -595.3787 -612.2728 0.7087018
611.07    -595.2499 -612.2676 0.7086686
611.08    -595.1212 -612.2625 0.7086351
611.09    -594.9924 -612.2573 0.7086014
611.1    -594.8637 -612.2521 0.7085674
611.11    -594.735 -612.2469 0.7085332
611.12    -594.6063 -612.2417 0.7084987
611.13    -594.4776 -612.2365 0.708464
611.14    -594.3489 -612.2313 0.7084292
611.15    -594.2203 -612.2261 0.7083941
611.16    -594.0916 -612.2209 0.7083588
611.17    -593.963 -612.2158 0.7083234
611.18    -593.8344 -612.2106 0.7082879
611.19    -593.7058 -612.2054 0.7082523
611.2    -593.5773 -612.2002 0.7082165
611.21    -593.4487 -612.195 0.7081806
611.22    -593.3202 -612.1898 0.7081447
611.23    -593.1917 -612.1846 0.7081088
611.24    -593.0632 -612.1794 0.708073
611.25    -592.9347 -612.1743 0.7080373
611.26    -592.8062 -612.1691 0.7080016
611.27    -592.6777 -612.1639 0.7079659
611.28    -592.5493 -612.1587 0.7079307
611.29    -592.4209 -612.1535 0.7078959
611.3    -592.2925 -612.1483 0.7078614
611.31    -592.1641 -612.1431 0.7078274
611.32    -592.0356 -612.1379 0.7077935
611.33    -591.9073 -612.1328 0.7077607
611.34    -591.7789 -612.1276 0.7077287
611.35    -591.6506 -612.1224 0.7076976
611.36    -591.5222 -612.1172 0.7076672
611.37    -591.3939 -612.1121 0.7076375
611.38    -591.2656 -612.1069 0.7076092
611.39    -591.1373 -612.1018 0.7075821
611.4    -591.009 -612.0967 0.7075561
611.41    -590.8807 -612.0916 0.7075313
611.42    -590.7525 -612.0864 0.7075075
611.43    -590.6243 -612.0813 0.7074845
611.44    -590.496 -612.0762 0.7074633
611.45    -590.3679 -612.071 0.7074434
611.46    -590.2397 -612.0659 0.7074249
611.47    -590.1115 -612.0608 0.7074076
611.48    -589.9834 -612.0557 0.707392
611.49    -589.8553 -612.0505 0.7073779
611.5    -589.7272 -612.0454 0.7073653
611.51    -589.5991 -612.0403 0.7073539
611.52    -589.4709 -612.0352 0.7073439
611.53    -589.3429 -612.0301 0.7073355
611.54    -589.2148 -612.025 0.7073285
611.55    -589.0868 -612.0198 0.707323
611.56    -588.9587 -612.0147 0.7073188
611.57    -588.8307 -612.0096 0.7073158
611.58    -588.7027 -612.0045 0.7073145
611.59    -588.5747 -611.9994 0.7073146
611.6    -588.4467 -611.9943 0.7073161
611.61    -588.3187 -611.9893 0.7073189
611.62    -588.1907 -611.9842 0.707323
611.63    -588.0628 -611.9791 0.7073283
611.64    -587.9349 -611.9741 0.7073351
611.65    -587.8069 -611.969 0.7073432
611.66    -587.6791 -611.9639 0.7073528
611.67    -587.5512 -611.9589 0.7073636
611.68    -587.4233 -611.9539 0.7073761
611.69    -587.2955 -611.9488 0.7073901
611.7    -587.1677 -611.9437 0.7074053
611.71    -587.0399 -611.9387 0.707422
611.72    -586.912 -611.9337 0.70744
611.73    -586.7842 -611.9286 0.7074591
611.74    -586.6565 -611.9236 0.7074799
611.75    -586.5287 -611.9186 0.7075021
611.76    -586.401 -611.9137 0.7075257
611.77    -586.2733 -611.9087 0.7075507
611.78    -586.1456 -611.9037 0.7075773
611.79    -586.0179 -611.8988 0.7076056
611.8    -585.8902 -611.8939 0.7076354
611.81    -585.7625 -611.889 0.7076666
611.82    -585.6348 -611.884 0.7076991
611.83    -585.5072 -611.8791 0.7077332
611.84    -585.3796 -611.8742 0.7077687
611.85    -585.252 -611.8694 0.7078056
611.86    -585.1243 -611.8645 0.7078438
611.87    -584.9967 -611.8596 0.7078832
611.88    -584.8691 -611.8547 0.7079238
611.89    -584.7416 -611.85 0.7079656
611.9    -584.614 -611.8452 0.7080084
611.91    -584.4865 -611.8403 0.7080522
611.92    -584.359 -611.8356 0.7080969
611.93    -584.2315 -611.8307 0.7081426
611.94    -584.104 -611.826 0.708189
611.95    -583.9766 -611.8213 0.7082363
611.96    -583.8491 -611.8165 0.7082844
611.97    -583.7217 -611.8118 0.708333
611.98    -583.5942 -611.8071 0.7083825
611.99    -583.4669 -611.8024 0.7084326
612    -583.3395 -611.7977 0.7084831
612.01    -583.2121 -611.793 0.7085344
612.02    -583.0847 -611.7883 0.7085862
612.03    -582.9573 -611.7836 0.7086384
612.04    -582.83 -611.7791 0.7086911
612.05    -582.7027 -611.7744 0.7087442
612.06    -582.5754 -611.7698 0.7087979
612.07    -582.4481 -611.7652 0.7088519
612.08    -582.3208 -611.7606 0.7089062
612.09    -582.1935 -611.756 0.7089607
612.1    -582.0663 -611.7515 0.7090155
612.11    -581.939 -611.7469 0.7090704
612.12    -581.8118 -611.7424 0.7091257
612.13    -581.6846 -611.738 0.709181
612.14    -581.5574 -611.7335 0.7092362
612.15    -581.4302 -611.7289 0.7092916
612.16    -581.303 -611.7245 0.7093469
612.17    -581.1758 -611.7201 0.7094022
612.18    -581.0487 -611.7156 0.7094573
612.19    -580.9216 -611.7112 0.7095119
612.2    -580.7944 -611.7068 0.7095664
612.21    -580.6674 -611.7025 0.7096206
612.22    -580.5403 -611.6981 0.7096745
612.23    -580.4132 -611.6937 0.7097278
612.24    -580.2861 -611.6894 0.7097803
612.25    -580.1591 -611.6851 0.7098324
612.26    -580.0321 -611.6808 0.7098838
612.27    -579.9051 -611.6765 0.7099348
612.28    -579.7781 -611.6721 0.7099848
612.29    -579.6512 -611.6679 0.7100341
612.3    -579.5242 -611.6636 0.7100827
612.31    -579.3973 -611.6594 0.7101305
612.32    -579.2703 -611.6551 0.7101775
612.33    -579.1434 -611.6509 0.7102237
612.34    -579.0165 -611.6467 0.710269
612.35    -578.8896 -611.6425 0.7103134
612.36    -578.7628 -611.6383 0.710357
612.37    -578.6359 -611.6342 0.7103998
612.38    -578.509 -611.63 0.7104417
612.39    -578.3822 -611.6259 0.7104825
612.4    -578.2554 -611.6217 0.7105225
612.41    -578.1285 -611.6176 0.7105616
612.42    -578.0017 -611.6135 0.7105999
612.43    -577.8749 -611.6094 0.7106371
612.44    -577.7482 -611.6053 0.7106733
612.45    -577.6214 -611.6013 0.7107083
612.46    -577.4946 -611.5972 0.7107425
612.47    -577.3679 -611.5932 0.7107757
612.48    -577.2412 -611.5892 0.7108082
612.49    -577.1145 -611.5851 0.7108393
612.5    -576.9879 -611.5812 0.7108694
612.51    -576.8612 -611.5772 0.7108983
612.52    -576.7346 -611.5732 0.7109262
612.53    -576.6079 -611.5693 0.7109531
612.54    -576.4813 -611.5653 0.7109786
612.55    -576.3547 -611.5613 0.7110026
612.56    -576.2281 -611.5575 0.7110257
612.57    -576.1016 -611.5536 0.7110475
612.58    -575.975 -611.5497 0.7110682
612.59    -575.8484 -611.5458 0.7110875
612.6    -575.7219 -611.5419 0.7111056
612.61    -575.5954 -611.5381 0.7111225
612.62    -575.4689 -611.5342 0.7111382
612.63    -575.3423 -611.5304 0.7111529
612.64    -575.2159 -611.5266 0.7111661
612.65    -575.0894 -611.5227 0.711178
612.66    -574.963 -611.5189 0.7111887
612.67    -574.8364 -611.5152 0.7111983
612.68    -574.71 -611.5114 0.7112064
612.69    -574.5836 -611.5076 0.7112133
612.7    -574.4572 -611.5038 0.7112189
612.71    -574.3308 -611.5001 0.7112234
612.72    -574.2044 -611.4963 0.7112267
612.73    -574.0781 -611.4927 0.711229
612.74    -573.9517 -611.489 0.7112302
612.75    -573.8254 -611.4852 0.7112302
612.76    -573.6991 -611.4815 0.7112291
612.77    -573.5728 -611.4778 0.7112271
612.78    -573.4465 -611.4742 0.7112241
612.79    -573.3203 -611.4706 0.7112202
612.8    -573.194 -611.4669 0.7112154
612.81    -573.0678 -611.4633 0.71121
612.82    -572.9416 -611.4596 0.7112036
612.83    -572.8154 -611.456 0.7111966
612.84    -572.6893 -611.4524 0.7111889
612.85    -572.5631 -611.4489 0.7111805
612.86    -572.437 -611.4453 0.7111715
612.87    -572.3108 -611.4417 0.711162
612.88    -572.1847 -611.438 0.7111518
612.89    -572.0586 -611.4345 0.7111412
612.9    -571.9325 -611.431 0.7111301
612.91    -571.8064 -611.4275 0.7111185
612.92    -571.6803 -611.424 0.7111065
612.93    -571.5542 -611.4204 0.711094
612.94    -571.4282 -611.4169 0.7110812
612.95    -571.3021 -611.4134 0.7110679
612.96    -571.1761 -611.4099 0.7110543
612.97    -571.05 -611.4064 0.7110404
612.98    -570.924 -611.403 0.7110261
612.99    -570.798 -611.3995 0.7110115
613    -570.6721 -611.3961 0.7109966
613.01    -570.5461 -611.3926 0.7109815
613.02    -570.4201 -611.3892 0.7109661
613.03    -570.2942 -611.3857 0.7109504
613.04    -570.1683 -611.3824 0.7109345
613.05    -570.0424 -611.379 0.7109183
613.06    -569.9164 -611.3755 0.710902
613.07    -569.7905 -611.3721 0.7108854
613.08    -569.6647 -611.3687 0.7108687
613.09    -569.5388 -611.3653 0.7108517
613.1    -569.413 -611.3619 0.7108346
613.11    -569.2871 -611.3585 0.7108173
613.12    -569.1613 -611.3552 0.7108
613.13    -569.0355 -611.3518 0.7107823
613.14    -568.9097 -611.3485 0.7107647
613.15    -568.7839 -611.3452 0.7107468
613.16    -568.6581 -611.3418 0.7107288
613.17    -568.5323 -611.3384 0.7107106
613.18    -568.4066 -611.3351 0.7106925
613.19    -568.2809 -611.3317 0.7106741
613.2    -568.1552 -611.3284 0.7106556
613.21    -568.0295 -611.325 0.710637
613.22    -567.9038 -611.3217 0.7106184
613.23    -567.7781 -611.3183 0.7105996
613.24    -567.6525 -611.3149 0.7105807
613.25    -567.5268 -611.3116 0.7105618
613.26    -567.4012 -611.3082 0.7105427
613.27    -567.2756 -611.3049 0.7105236
613.28    -567.15 -611.3016 0.7105044
613.29    -567.0244 -611.2983 0.7104851
613.3    -566.8988 -611.295 0.7104657
613.31    -566.7733 -611.2917 0.7104463
613.32    -566.6477 -611.2885 0.7104268
613.33    -566.5222 -611.2852 0.7104073
613.34    -566.3966 -611.2819 0.7103876
613.35    -566.2711 -611.2786 0.710368
613.36    -566.1456 -611.2752 0.7103482
613.37    -566.0201 -611.2719 0.7103285
613.38    -565.8947 -611.2686 0.7103087
613.39    -565.7692 -611.2653 0.7102888
613.4    -565.6438 -611.2619 0.7102689
613.41    -565.5184 -611.2585 0.7102489
613.42    -565.3929 -611.2552 0.7102289
613.43    -565.2675 -611.2518 0.7102089
613.44    -565.1421 -611.2485 0.7101888
613.45    -565.0167 -611.2451 0.7101686
613.46    -564.8914 -611.2417 0.7101485
613.47    -564.766 -611.2383 0.7101282
613.48    -564.6406 -611.235 0.710108
613.49    -564.5153 -611.2316 0.7100878
613.5    -564.3899 -611.2282 0.7100675
613.51    -564.2645 -611.2249 0.7100472
613.52    -564.1392 -611.2214 0.7100268
613.53    -564.0139 -611.218 0.7100064
613.54    -563.8885 -611.2146 0.709986
613.55    -563.7632 -611.2111 0.7099655
613.56    -563.6379 -611.2077 0.709945
613.57    -563.5126 -611.2043 0.7099246
613.58    -563.3874 -611.2009 0.7099041
613.59    -563.2621 -611.1974 0.7098835
613.6    -563.1369 -611.194 0.7098629
613.61    -563.0117 -611.1905 0.7098423
613.62    -562.8864 -611.187 0.7098216
613.63    -562.7612 -611.1835 0.7098011
613.64    -562.6359 -611.18 0.7097804
613.65    -562.5107 -611.1765 0.7097597
613.66    -562.3856 -611.173 0.709739
613.67    -562.2604 -611.1694 0.7097182
613.68    -562.1352 -611.1659 0.7096975
613.69    -562.01 -611.1624 0.7096767
613.7    -561.8848 -611.1588 0.7096559
613.71    -561.7597 -611.1552 0.7096351
613.72    -561.6345 -611.1517 0.7096143
613.73    -561.5094 -611.148 0.7095934
613.74    -561.3843 -611.1444 0.7095726
613.75    -561.2591 -611.1408 0.7095516
613.76    -561.1339 -611.1372 0.7095307
613.77    -561.0087 -611.1335 0.7095097
613.78    -560.8836 -611.1299 0.7094888
613.79    -560.7585 -611.1262 0.7094679
613.8    -560.6334 -611.1225 0.709447
613.81    -560.5082 -611.1188 0.7094262
613.82    -560.383 -611.1152 0.7094054
613.83    -560.2579 -611.1114 0.7093846
613.84    -560.1328 -611.1077 0.7093639
613.85    -560.0076 -611.1039 0.7093433
613.86    -559.8824 -611.1002 0.7093226
613.87    -559.7573 -611.0964 0.709302
613.88    -559.6321 -611.0927 0.7092814
613.89    -559.507 -611.0889 0.7092609
613.9    -559.3819 -611.085 0.7092404
613.91    -559.2567 -611.0812 0.70922
613.92    -559.1315 -611.0774 0.7091996
613.93    -559.0064 -611.0735 0.7091793
613.94    -558.8813 -611.0696 0.709159
613.95    -558.7562 -611.0658 0.7091388
613.96    -558.631 -611.0618 0.7091185
613.97    -558.5058 -611.0579 0.7090983
613.98    -558.3807 -611.054 0.7090782
613.99    -558.2556 -611.05 0.7090582
614    -558.1304 -611.0461 0.7090381
614.01    -558.0052 -611.0421 0.7090182
614.02    -557.88 -611.0381 0.7089983
614.03    -557.7548 -611.0341 0.7089784
614.04    -557.6296 -611.0301 0.7089586
614.05    -557.5045 -611.026 0.7089388
614.06    -557.3793 -611.022 0.7089191
614.07    -557.2541 -611.0179 0.7088996
614.08    -557.1289 -611.0138 0.70888
614.09    -557.0037 -611.0097 0.7088604
614.1    -556.8785 -611.0056 0.7088409
614.11    -556.7534 -611.0014 0.7088214
614.12    -556.6282 -610.9973 0.7088019
614.13    -556.503 -610.9931 0.7087826
614.14    -556.3778 -610.9889 0.7087633
614.15    -556.2526 -610.9847 0.708744
614.16    -556.1274 -610.9805 0.7087249
614.17    -556.0021 -610.9762 0.7087058
614.18    -555.877 -610.9719 0.7086868
614.19    -555.7517 -610.9677 0.7086678
614.2    -555.6265 -610.9633 0.708649
614.21    -555.5012 -610.959 0.7086303
614.22    -555.376 -610.9546 0.7086116
614.23    -555.2507 -610.9503 0.708593
614.24    -555.1255 -610.9459 0.7085745
614.25    -555.0002 -610.9415 0.7085561
614.26    -554.875 -610.9371 0.7085376
614.27    -554.7498 -610.9327 0.7085194
614.28    -554.6245 -610.9282 0.7085011
614.29    -554.4993 -610.9237 0.7084829
614.3    -554.374 -610.9192 0.7084648
614.31    -554.2488 -610.9147 0.7084467
614.32    -554.1235 -610.9102 0.7084288
614.33    -553.9982 -610.9056 0.7084109
614.34    -553.873 -610.901 0.7083929
614.35    -553.7477 -610.8964 0.708375
614.36    -553.6224 -610.8918 0.7083572
614.37    -553.4971 -610.8871 0.7083393
614.38    -553.3718 -610.8824 0.7083216
614.39    -553.2465 -610.8778 0.7083039
614.4    -553.1212 -610.873 0.7082862
614.41    -552.9958 -610.8683 0.7082686
614.42    -552.8705 -610.8636 0.7082511
614.43    -552.7452 -610.8588 0.7082335
614.44    -552.6199 -610.854 0.708216
614.45    -552.4946 -610.8492 0.7081986
614.46    -552.3693 -610.8444 0.7081811
614.47    -552.244 -610.8395 0.7081639
614.48    -552.1187 -610.8347 0.7081467
614.49    -551.9933 -610.8298 0.7081298
614.5    -551.868 -610.8249 0.708113
614.51    -551.7427 -610.82 0.7080965
614.52    -551.6174 -610.815 0.7080801
614.53    -551.4921 -610.8101 0.7080644
614.54    -551.3667 -610.8051 0.7080491
614.55    -551.2413 -610.8 0.7080343
614.56    -551.116 -610.795 0.70802
614.57    -550.9906 -610.7899 0.7080063
614.58    -550.8652 -610.7849 0.7079929
614.59    -550.7399 -610.7797 0.7079806
614.6    -550.6145 -610.7746 0.7079692
614.61    -550.4891 -610.7694 0.7079589
614.62    -550.3638 -610.7643 0.7079494
614.63    -550.2383 -610.7591 0.7079408
614.64    -550.113 -610.7538 0.7079337
614.65    -549.9876 -610.7487 0.707928
614.66    -549.8622 -610.7433 0.7079236
614.67    -549.7368 -610.7381 0.7079206
614.68    -549.6115 -610.7328 0.7079192
614.69    -549.4861 -610.7275 0.7079197
614.7    -549.3607 -610.7222 0.7079217
614.71    -549.2352 -610.7167 0.7079253
614.72    -549.1098 -610.7114 0.7079303
614.73    -548.9844 -610.7059 0.7079371
614.74    -548.8589 -610.7005 0.7079455
614.75    -548.7335 -610.6951 0.7079554
614.76    -548.6081 -610.6896 0.7079667
614.77    -548.4827 -610.6841 0.7079795
614.78    -548.3572 -610.6785 0.7079934
614.79    -548.2318 -610.673 0.7080088
614.8    -548.1064 -610.6675 0.7080252
614.81    -547.981 -610.6619 0.7080429
614.82    -547.8555 -610.6564 0.7080615
614.83    -547.73 -610.6508 0.7080812
614.84    -547.6046 -610.6452 0.708102
614.85    -547.4791 -610.6396 0.7081236
614.86    -547.3536 -610.6339 0.708146
614.87    -547.2281 -610.6283 0.7081694
614.88    -547.1026 -610.6226 0.7081935
614.89    -546.9771 -610.6169 0.7082183
614.9    -546.8515 -610.6112 0.708244
614.91    -546.726 -610.6055 0.7082703
614.92    -546.6003 -610.5997 0.7082971
614.93    -546.4747 -610.5939 0.7083246
614.94    -546.3491 -610.5881 0.7083527
614.95    -546.2234 -610.5823 0.7083814
614.96    -546.0978 -610.5765 0.7084106
614.97    -545.972 -610.5706 0.7084402
614.98    -545.8463 -610.5647 0.7084703
614.99    -545.7206 -610.5588 0.708501
615    -545.5948 -610.5529 0.708532
615.01    -545.469 -610.547 0.7085634
615.02    -545.3431 -610.541 0.7085953
615.03    -545.2173 -610.5351 0.7086275
615.04    -545.0914 -610.5292 0.70866
615.05    -544.9655 -610.5232 0.7086929
615.06    -544.8395 -610.5172 0.7087262
615.07    -544.7135 -610.5112 0.7087597
615.08    -544.5875 -610.5052 0.7087934
615.09    -544.4614 -610.4991 0.7088275
615.1    -544.3353 -610.493 0.7088618
615.11    -544.2093 -610.487 0.7088964
615.12    -544.0831 -610.481 0.7089312
615.13    -543.957 -610.4749 0.7089663
615.14    -543.8307 -610.4687 0.7090015
615.15    -543.7045 -610.4626 0.7090369
615.16    -543.5782 -610.4565 0.7090726
615.17    -543.452 -610.4503 0.7091085
615.18    -543.3257 -610.4442 0.7091445
615.19    -543.1993 -610.438 0.7091807
615.2    -543.0729 -610.4318 0.709217
615.21    -542.9465 -610.4256 0.7092535
615.22    -542.8201 -610.4194 0.7092902
615.23    -542.6936 -610.4131 0.7093269
615.24    -542.5671 -610.4069 0.7093636
615.25    -542.4406 -610.4007 0.7094004
615.26    -542.314 -610.3945 0.7094373
615.27    -542.1873 -610.3882 0.7094741
615.28    -542.0607 -610.382 0.7095109
615.29    -541.934 -610.3757 0.7095476
615.3    -541.8073 -610.3694 0.7095844
615.31    -541.6805 -610.3631 0.709621
615.32    -541.5538 -610.3568 0.7096577
615.33    -541.427 -610.3505 0.7096943
615.34    -541.3002 -610.3442 0.7097307
615.35    -541.1733 -610.3379 0.7097672
615.36    -541.0464 -610.3315 0.7098035
615.37    -540.9194 -610.3252 0.7098398
615.38    -540.7925 -610.3188 0.709876
615.39    -540.6655 -610.3125 0.7099121
615.4    -540.5385 -610.3062 0.709948
615.41    -540.4114 -610.2998 0.7099838
615.42    -540.2842 -610.2935 0.7100196
615.43    -540.1571 -610.2871 0.7100551
615.44    -540.03 -610.2808 0.7100903
615.45    -539.9028 -610.2744 0.7101253
615.46    -539.7755 -610.2679 0.7101602
615.47    -539.6483 -610.2615 0.7101948
615.48    -539.521 -610.2551 0.7102291
615.49    -539.3937 -610.2487 0.7102628
615.5    -539.2663 -610.2423 0.7102963
615.51    -539.1389 -610.236 0.7103294
615.52    -539.0115 -610.2296 0.7103622
615.53    -538.884 -610.2231 0.7103943
615.54    -538.7565 -610.2167 0.7104259
615.55    -538.629 -610.2103 0.710457
615.56    -538.5015 -610.2039 0.7104876
615.57    -538.3738 -610.1975 0.7105177
615.58    -538.2462 -610.1911 0.7105473
615.59    -538.1186 -610.1847 0.710576
615.6    -537.9909 -610.1783 0.7106039
615.61    -537.8632 -610.1719 0.710631
615.62    -537.7354 -610.1655 0.7106574
615.63    -537.6076 -610.1591 0.710683
615.64    -537.4798 -610.1527 0.7107077
615.65    -537.3519 -610.1463 0.7107313
615.66    -537.2241 -610.1399 0.7107542
615.67    -537.0961 -610.1335 0.710776
615.68    -536.9681 -610.1271 0.7107968
615.69    -536.8401 -610.1207 0.7108164
615.7    -536.7122 -610.1143 0.710835
615.71    -536.5841 -610.1079 0.7108525
615.72    -536.4561 -610.1015 0.7108691
615.73    -536.3279 -610.0951 0.7108844
615.74    -536.1998 -610.0887 0.7108985
615.75    -536.0717 -610.0823 0.7109114
615.76    -535.9435 -610.0759 0.7109233
615.77    -535.8152 -610.0695 0.710934
615.78    -535.687 -610.063 0.7109438
615.79    -535.5587 -610.0566 0.710952
615.8    -535.4304 -610.0503 0.7109588
615.81    -535.302 -610.0439 0.7109641
615.82    -535.1736 -610.0375 0.7109681
615.83    -535.0452 -610.0311 0.7109708
615.84    -534.9168 -610.0247 0.7109717
615.85    -534.7883 -610.0182 0.7109708
615.86    -534.6599 -610.0118 0.7109683
615.87    -534.5313 -610.0054 0.7109643
615.88    -534.4028 -609.9991 0.7109583
615.89    -534.2742 -609.9927 0.7109505
615.9    -534.1456 -609.9864 0.710941
615.91    -534.0169 -609.98 0.7109298
615.92    -533.8882 -609.9737 0.7109171
615.93    -533.7596 -609.9673 0.7109025
615.94    -533.6309 -609.961 0.7108861
615.95    -533.5021 -609.9547 0.7108681
615.96    -533.3733 -609.9484 0.7108485
615.97    -533.2444 -609.942 0.7108273
615.98    -533.1156 -609.9357 0.7108047
615.99    -532.9867 -609.9293 0.7107805
616    -532.8578 -609.923 0.7107548
616.01    -532.7288 -609.9166 0.7107276
616.02    -532.5999 -609.9103 0.7106991
616.03    -532.4709 -609.9039 0.7106692
616.04    -532.3419 -609.8977 0.710638
616.05    -532.2128 -609.8914 0.7106057
616.06    -532.0837 -609.8851 0.7105721
616.07    -531.9545 -609.8788 0.7105375
616.08    -531.8253 -609.8726 0.7105018
616.09    -531.6961 -609.8663 0.710465
616.1    -531.5668 -609.86 0.7104272
616.11    -531.4375 -609.8538 0.7103884
616.12    -531.3082 -609.8475 0.7103487
616.13    -531.1788 -609.8412 0.710308
616.14    -531.0493 -609.8349 0.7102663
616.15    -530.9198 -609.8286 0.7102237
616.16    -530.7903 -609.8223 0.7101802
616.17    -530.6607 -609.816 0.710136
616.18    -530.5311 -609.8098 0.7100905
616.19    -530.4014 -609.8036 0.7100441
616.2    -530.2716 -609.7974 0.7099966
616.21    -530.1418 -609.7911 0.7099482
616.22    -530.0119 -609.7849 0.7098989
616.23    -529.882 -609.7787 0.709848
616.24    -529.7521 -609.7725 0.7097958
616.25    -529.6221 -609.7662 0.7097421
616.26    -529.492 -609.76 0.7096872
616.27    -529.3619 -609.7538 0.7096311
616.28    -529.2317 -609.7476 0.7095729
616.29    -529.1014 -609.7414 0.7095127
616.3    -528.9711 -609.7352 0.7094505
616.31    -528.8408 -609.7289 0.7093866
616.32    -528.7103 -609.7227 0.7093211
616.33    -528.5799 -609.7166 0.7092533
616.34    -528.4493 -609.7104 0.7091833
616.35    -528.3187 -609.7043 0.7091112
616.36    -528.188 -609.6981 0.7090371
616.37    -528.0573 -609.692 0.7089612
616.38    -527.9266 -609.6858 0.7088833
616.39    -527.7958 -609.6796 0.7088034
616.4    -527.6649 -609.6735 0.7087217
616.41    -527.5339 -609.6674 0.7086382
616.42    -527.4028 -609.6612 0.7085531
616.43    -527.2718 -609.655 0.7084665
616.44    -527.1407 -609.6489 0.7083783
616.45    -527.0095 -609.6428 0.7082886
616.46    -526.8783 -609.6367 0.7081976
616.47    -526.747 -609.6307 0.7081054
616.48    -526.6157 -609.6246 0.7080118
616.49    -526.4843 -609.6185 0.707917
616.5    -526.3528 -609.6124 0.7078212
616.51    -526.2213 -609.6063 0.7077243
616.52    -526.0897 -609.6003 0.7076263
616.53    -525.958 -609.5943 0.7075274
616.54    -525.8263 -609.5883 0.7074275
616.55    -525.6945 -609.5822 0.7073267
616.56    -525.5627 -609.5762 0.707225
616.57    -525.4308 -609.5702 0.7071226
616.58    -525.2988 -609.5642 0.7070193
616.59    -525.1668 -609.5582 0.7069154
616.6    -525.0347 -609.5523 0.7068107
616.61    -524.9026 -609.5463 0.7067053
616.62    -524.7704 -609.5403 0.7065993
616.63    -524.6382 -609.5344 0.7064927
616.64    -524.5059 -609.5284 0.7063855
616.65    -524.3735 -609.5225 0.7062777
616.66    -524.241 -609.5165 0.7061694
616.67    -524.1085 -609.5106 0.7060606
616.68    -523.976 -609.5048 0.7059513
616.69    -523.8434 -609.4988 0.7058415
616.7    -523.7108 -609.4929 0.7057314
616.71    -523.5781 -609.487 0.7056207
616.72    -523.4454 -609.4811 0.7055097
616.73    -523.3126 -609.4752 0.7053983
616.74    -523.1797 -609.4694 0.7052866
616.75    -523.0468 -609.4635 0.7051744
616.76    -522.9138 -609.4577 0.7050619
616.77    -522.7807 -609.4518 0.7049491
616.78    -522.6476 -609.446 0.704836
616.79    -522.5144 -609.4401 0.7047225
616.8    -522.3812 -609.4343 0.7046087
616.81    -522.2479 -609.4284 0.7044947
616.82    -522.1145 -609.4226 0.7043805
616.83    -521.9811 -609.4167 0.7042659
616.84    -521.8476 -609.4109 0.7041512
616.85    -521.7141 -609.4052 0.7040362
616.86    -521.5804 -609.3994 0.703921
616.87    -521.4468 -609.3936 0.7038055
616.88    -521.3131 -609.3878 0.7036898
616.89    -521.1794 -609.382 0.703574
616.9    -521.0456 -609.3762 0.703458
616.91    -520.9117 -609.3704 0.7033418
616.92    -520.7778 -609.3646 0.7032253
616.93    -520.6439 -609.3588 0.7031088
616.94    -520.5098 -609.353 0.702992
616.95    -520.3757 -609.3472 0.7028752
616.96    -520.2416 -609.3415 0.7027582
616.97    -520.1074 -609.3358 0.702641
616.98    -519.9731 -609.33 0.7025237
616.99    -519.8387 -609.3243 0.7024063
617    -519.7043 -609.3185 0.7022888
617.01    -519.5699 -609.3128 0.7021711
617.02    -519.4354 -609.3071 0.7020534
617.03    -519.3008 -609.3014 0.7019356
617.04    -519.1661 -609.2957 0.7018177
617.05    -519.0314 -609.2899 0.7016997
617.06    -518.8966 -609.2842 0.7015815
617.07    -518.7617 -609.2784 0.7014632
617.08    -518.6268 -609.2727 0.7013449
617.09    -518.4918 -609.267 0.7012265
617.1    -518.3567 -609.2612 0.701108
617.11    -518.2216 -609.2555 0.7009895
617.12    -518.0863 -609.2498 0.7008709
617.13    -517.951 -609.244 0.7007522
617.14    -517.8156 -609.2383 0.7006336
617.15    -517.6802 -609.2325 0.7005152
617.16    -517.5446 -609.2268 0.7003968
617.17    -517.409 -609.2211 0.7002786
617.18    -517.2733 -609.2153 0.7001608
617.19    -517.1376 -609.2096 0.7000433
617.2    -517.0018 -609.2039 0.6999262
617.21    -516.8658 -609.1981 0.6998094
617.22    -516.7299 -609.1924 0.699693
617.23    -516.5938 -609.1866 0.6995776
617.24    -516.4577 -609.1809 0.6994632
617.25    -516.3215 -609.1752 0.6993498
617.26    -516.1852 -609.1694 0.6992373
617.27    -516.0489 -609.1637 0.6991258
617.28    -515.9125 -609.158 0.6990161
617.29    -515.776 -609.1522 0.6989083
617.3    -515.6395 -609.1465 0.6988022
617.31    -515.5028 -609.1407 0.6986978
617.32    -515.3661 -609.135 0.698595
617.33    -515.2293 -609.1293 0.698495
617.34    -515.0925 -609.1235 0.6983979
617.35    -514.9556 -609.1178 0.6983033
617.36    -514.8185 -609.1121 0.6982111
617.37    -514.6815 -609.1063 0.6981213
617.38    -514.5443 -609.1006 0.6980349
617.39    -514.4071 -609.0948 0.6979518
617.4    -514.2698 -609.0891 0.6978716
617.41    -514.1324 -609.0834 0.6977943
617.42    -513.995 -609.0776 0.6977199
617.43    -513.8575 -609.0719 0.6976486
617.44    -513.7199 -609.0662 0.6975806
617.45    -513.5823 -609.0604 0.6975156
617.46    -513.4445 -609.0547 0.6974534
617.47    -513.3067 -609.049 0.697394
617.48    -513.1688 -609.0432 0.6973374
617.49    -513.0309 -609.0375 0.6972834
617.5    -512.8928 -609.0317 0.697232
617.51    -512.7547 -609.026 0.697183
617.52    -512.6165 -609.0203 0.6971362
617.53    -512.4783 -609.0145 0.6970917
617.54    -512.34 -609.0087 0.6970493
617.55    -512.2015 -609.0029 0.6970088
617.56    -512.063 -608.9971 0.6969703
617.57    -511.9245 -608.9913 0.6969336
617.58    -511.7858 -608.9855 0.6968986
617.59    -511.6471 -608.9797 0.6968653
617.6    -511.5084 -608.9739 0.6968334
617.61    -511.3695 -608.9681 0.6968032
617.62    -511.2306 -608.9623 0.6967743
617.63    -511.0916 -608.9565 0.6967468
617.64    -510.9525 -608.9507 0.6967205
617.65    -510.8133 -608.9449 0.6966954
617.66    -510.6741 -608.9391 0.6966716
617.67    -510.5348 -608.9333 0.6966488
617.68    -510.3954 -608.9275 0.6966271
617.69    -510.256 -608.9216 0.6966065
617.7    -510.1165 -608.9158 0.6965867
617.71    -509.9769 -608.9099 0.6965678
617.72    -509.8372 -608.9041 0.6965498
617.73    -509.6974 -608.8982 0.6965327
617.74    -509.5576 -608.8923 0.6965163
617.75    -509.4178 -608.8865 0.6965007
617.76    -509.2778 -608.8806 0.6964858
617.77    -509.1378 -608.8748 0.6964716
617.78    -508.9977 -608.8689 0.696458
617.79    -508.8575 -608.863 0.6964451
617.8    -508.7172 -608.8571 0.6964328
617.81    -508.5769 -608.8511 0.696421
617.82    -508.4365 -608.8452 0.6964098
617.83    -508.296 -608.8393 0.6963992
617.84    -508.1555 -608.8334 0.6963889
617.85    -508.0148 -608.8275 0.6963791
617.86    -507.8741 -608.8215 0.6963698
617.87    -507.7334 -608.8156 0.696361
617.88    -507.5925 -608.8097 0.6963525
617.89    -507.4516 -608.8038 0.6963444
617.9    -507.3106 -608.7979 0.6963368
617.91    -507.1696 -608.7919 0.6963295
617.92    -507.0284 -608.786 0.6963225
617.93    -506.8872 -608.7801 0.6963158
617.94    -506.7459 -608.7742 0.6963095
617.95    -506.6046 -608.7682 0.6963034
617.96    -506.4632 -608.7623 0.6962976
617.97    -506.3217 -608.7564 0.696292
617.98    -506.1801 -608.7505 0.6962869
617.99    -506.0385 -608.7446 0.6962818
618    -505.8968 -608.7386 0.696277
618.01    -505.755 -608.7327 0.6962724
618.02    -505.6131 -608.7268 0.696268
618.03    -505.4712 -608.7209 0.6962638
618.04    -505.3292 -608.7149 0.6962598
618.05    -505.1871 -608.7089 0.696256
618.06    -505.045 -608.7029 0.6962523
618.07    -504.9027 -608.697 0.6962489
618.08    -504.7604 -608.691 0.6962456
618.09    -504.618 -608.685 0.6962424
618.1    -504.4756 -608.679 0.6962394
618.11    -504.3331 -608.673 0.6962364
618.12    -504.1905 -608.6671 0.6962337
618.13    -504.0479 -608.6611 0.6962311
618.14    -503.9051 -608.6551 0.6962286
618.15    -503.7623 -608.6491 0.6962262
618.16    -503.6194 -608.6431 0.6962239
618.17    -503.4765 -608.6371 0.6962216
618.18    -503.3335 -608.6311 0.6962196
618.19    -503.1904 -608.6251 0.6962175
618.2    -503.0473 -608.6191 0.6962156
618.21    -502.9041 -608.6132 0.6962138
618.22    -502.7607 -608.6071 0.6962121
618.23    -502.6174 -608.6011 0.6962103
618.24    -502.474 -608.595 0.6962087
618.25    -502.3304 -608.589 0.6962072
618.26    -502.1869 -608.5829 0.6962058
618.27    -502.0432 -608.5769 0.6962044
618.28    -501.8995 -608.5709 0.6962031
618.29    -501.7557 -608.5648 0.6962017
618.3    -501.6118 -608.5588 0.6962005
618.31    -501.4679 -608.5527 0.6961993
618.32    -501.3239 -608.5467 0.6961982
618.33    -501.1798 -608.5406 0.6961971
618.34    -501.0356 -608.5346 0.6961961
618.35    -500.8914 -608.5286 0.6961951
618.36    -500.7471 -608.5225 0.6961941
618.37    -500.6028 -608.5165 0.6961933
618.38    -500.4583 -608.5104 0.6961923
618.39    -500.3138 -608.5043 0.6961915
618.4    -500.1693 -608.4982 0.6961907
618.41    -500.0246 -608.4921 0.69619
618.42    -499.8799 -608.486 0.6961892
618.43    -499.7351 -608.4799 0.6961886
618.44    -499.5902 -608.4738 0.6961879
618.45    -499.4453 -608.4677 0.6961873
618.46    -499.3003 -608.4616 0.6961867
618.47    -499.1552 -608.4555 0.6961861
618.48    -499.0101 -608.4494 0.6961855
618.49    -498.8649 -608.4433 0.6961849
618.5    -498.7196 -608.4372 0.6961845
618.51    -498.5742 -608.4311 0.696184
618.52    -498.4287 -608.425 0.6961834
618.53    -498.2832 -608.4189 0.696183
618.54    -498.1377 -608.4127 0.6961826
618.55    -497.992 -608.4066 0.6961821
618.56    -497.8463 -608.4004 0.6961818
618.57    -497.7005 -608.3942 0.6961814
618.58    -497.5546 -608.3881 0.696181
618.59    -497.4087 -608.3819 0.6961806
618.6    -497.2627 -608.3757 0.6961803
618.61    -497.1166 -608.3696 0.6961799
618.62    -496.9704 -608.3634 0.6961796
618.63    -496.8242 -608.3572 0.6961793
618.64    -496.6779 -608.3511 0.6961789
618.65    -496.5315 -608.3449 0.6961786
618.66    -496.3851 -608.3387 0.6961783
618.67    -496.2386 -608.3326 0.696178
618.68    -496.0919 -608.3264 0.6961777
618.69    -495.9453 -608.3202 0.6961774
618.7    -495.7986 -608.314 0.6961771
618.71    -495.6518 -608.3077 0.6961769
618.72    -495.5049 -608.3015 0.6961766
618.73    -495.358 -608.2953 0.6961764
618.74    -495.211 -608.289 0.6961761
618.75    -495.0639 -608.2828 0.6961758
618.76    -494.9167 -608.2766 0.6961756
618.77    -494.7695 -608.2703 0.6961753
618.78    -494.6223 -608.2641 0.6961751
618.79    -494.4749 -608.2579 0.6961748
618.8    -494.3275 -608.2516 0.6961746
618.81    -494.18 -608.2454 0.6961743
618.82    -494.0324 -608.2392 0.696174
618.83    -493.8848 -608.2329 0.6961737
618.84    -493.7371 -608.2266 0.6961734
618.85    -493.5893 -608.2203 0.6961732
618.86    -493.4415 -608.2141 0.6961729
618.87    -493.2935 -608.2078 0.6961727
618.88    -493.1455 -608.2015 0.6961724
618.89    -492.9975 -608.1952 0.6961721
618.9    -492.8494 -608.1889 0.6961718
618.91    -492.7012 -608.1826 0.6961715
618.92    -492.5529 -608.1763 0.6961712
618.93    -492.4046 -608.17 0.6961709
618.94    -492.2562 -608.1638 0.6961706
618.95    -492.1077 -608.1575 0.6961703
618.96    -491.9591 -608.1512 0.69617
618.97    -491.8105 -608.1449 0.6961697
618.98    -491.6618 -608.1385 0.6961694
618.99    -491.5131 -608.1322 0.6961691
619    -491.3643 -608.1259 0.6961688
619.01    -491.2154 -608.1195 0.6961684
619.02    -491.0664 -608.1132 0.6961681
619.03    -490.9174 -608.1068 0.6961678
619.04    -490.7682 -608.1005 0.6961675
619.05    -490.6191 -608.0941 0.6961672
619.06    -490.4698 -608.0878 0.6961669
619.07    -490.3205 -608.0814 0.6961666
619.08    -490.1711 -608.0751 0.6961662
619.09    -490.0217 -608.0687 0.6961659
619.1    -489.8722 -608.0624 0.6961655
619.11    -489.7226 -608.056 0.6961651
619.12    -489.5729 -608.0496 0.6961648
619.13    -489.4232 -608.0432 0.6961644
619.14    -489.2734 -608.0368 0.696164
619.15    -489.1235 -608.0303 0.6961637
619.16    -488.9736 -608.0239 0.6961633
619.17    -488.8236 -608.0175 0.6961629
619.18    -488.6735 -608.0111 0.6961626
619.19    -488.5234 -608.0047 0.6961622
619.2    -488.3732 -607.9983 0.6961618
619.21    -488.2229 -607.9919 0.6961614
619.22    -488.0725 -607.9855 0.6961611
619.23    -487.9221 -607.9791 0.6961607
619.24    -487.7717 -607.9727 0.6961604
619.25    -487.6211 -607.9662 0.69616
619.26    -487.4705 -607.9598 0.6961597
619.27    -487.3198 -607.9534 0.6961593
619.28    -487.169 -607.947 0.6961589
619.29    -487.0182 -607.9407 0.6961585
619.3    -486.8673 -607.9343 0.6961582
619.31    -486.7164 -607.9279 0.6961578
619.32    -486.5653 -607.9214 0.6961575
619.33    -486.4142 -607.915 0.6961572
619.34    -486.2631 -607.9086 0.6961568
619.35    -486.1118 -607.9022 0.6961564
619.36    -485.9605 -607.8957 0.696156
619.37    -485.8091 -607.8892 0.6961557
619.38    -485.6577 -607.8828 0.6961553
619.39    -485.5062 -607.8763 0.696155
619.4    -485.3546 -607.8698 0.6961546
619.41    -485.203 -607.8633 0.6961542
619.42    -485.0513 -607.8569 0.6961538
619.43    -484.8995 -607.8504 0.6961535
619.44    -484.7477 -607.8439 0.6961531
619.45    -484.5958 -607.8375 0.6961527
619.46    -484.4438 -607.831 0.6961524
619.47    -484.2917 -607.8246 0.696152
619.48    -484.1396 -607.8181 0.6961517
619.49    -483.9874 -607.8116 0.6961513
619.5    -483.8352 -607.8052 0.696151
619.51    -483.6829 -607.7987 0.6961506
619.52    -483.5305 -607.7922 0.6961502
619.53    -483.378 -607.7858 0.6961499
619.54    -483.2255 -607.7793 0.6961495
619.55    -483.0729 -607.7728 0.6961491
619.56    -482.9202 -607.7664 0.6961488
619.57    -482.7675 -607.7599 0.6961484
619.58    -482.6147 -607.7535 0.696148
619.59    -482.4618 -607.747 0.6961477
619.6    -482.3089 -607.7405 0.6961473
619.61    -482.1559 -607.7341 0.696147
619.62    -482.0028 -607.7276 0.6961466
619.63    -481.8497 -607.7211 0.6961462
619.64    -481.6965 -607.7147 0.6961459
619.65    -481.5432 -607.7082 0.6961455
619.66    -481.3899 -607.7017 0.6961451
619.67    -481.2365 -607.6953 0.6961448
619.68    -481.083 -607.689 0.6961444
619.69    -480.9294 -607.6826 0.696144
619.7    -480.7758 -607.6761 0.6961437
619.71    -480.6222 -607.6697 0.6961433
619.72    -480.4684 -607.6633 0.6961429
619.73    -480.3146 -607.6569 0.6961426
619.74    -480.1608 -607.6505 0.6961422
619.75    -480.0068 -607.6441 0.6961418
619.76    -479.8528 -607.6377 0.6961415
619.77    -479.6988 -607.6313 0.6961411
619.78    -479.5446 -607.6249 0.6961408
619.79    -479.3904 -607.6185 0.6961404
619.8    -479.2362 -607.6121 0.69614
619.81    -479.0818 -607.6057 0.6961397
619.82    -478.9274 -607.5993 0.6961393
619.83    -478.773 -607.5929 0.6961389
619.84    -478.6185 -607.5865 0.6961386
619.85    -478.4639 -607.5801 0.6961382
619.86    -478.3092 -607.5737 0.6961378
619.87    -478.1544 -607.5673 0.6961375
619.88    -477.9996 -607.5609 0.6961371
619.89    -477.8448 -607.5545 0.6961368
619.9    -477.6898 -607.5482 0.6961364
619.91    -477.5349 -607.5418 0.6961361
619.92    -477.3798 -607.5355 0.6961356
619.93    -477.2246 -607.5291 0.6961353
619.94    -477.0695 -607.5228 0.6961349
619.95    -476.9142 -607.5165 0.6961346
619.96    -476.7589 -607.5101 0.6961342
619.97    -476.6035 -607.5038 0.6961339
619.98    -476.448 -607.4974 0.6961335
619.99    -476.2925 -607.4911 0.6961331
620    -476.1369 -607.4847 0.6961328
620.01    -475.9812 -607.4784 0.6961324
620.02    -475.8255 -607.472 0.6961319
620.03    -475.6697 -607.4658 0.6961315
620.04    -475.5139 -607.4595 0.6961311
620.05    -475.358 -607.4532 0.6961306
620.06    -475.202 -607.447 0.69613
620.07    -475.0459 -607.4407 0.6961294
620.08    -474.8898 -607.4345 0.6961287
620.09    -474.7336 -607.4283 0.6961278
620.1    -474.5774 -607.4221 0.6961267
620.11    -474.4211 -607.4158 0.6961255
620.12    -474.2646 -607.4097 0.6961241
620.13    -474.1082 -607.4035 0.6961226
620.14    -473.9517 -607.3973 0.6961207
620.15    -473.7951 -607.3912 0.696118
620.16    -473.6385 -607.3851 0.6961148
620.17    -473.4818 -607.379 0.6961112
620.18    -473.325 -607.3729 0.6961065
620.19    -473.1681 -607.3668 0.6961009
620.2    -473.0112 -607.3608 0.6960944
620.21    -472.8542 -607.3547 0.6960869
620.22    -472.6972 -607.3488 0.6960788
620.23    -472.5401 -607.3427 0.6960696
620.24    -472.383 -607.3367 0.6960595
620.25    -472.2257 -607.3308 0.6960486
620.26    -472.0684 -607.3248 0.6960367
620.27    -471.911 -607.3189 0.6960241
620.28    -471.7536 -607.313 0.6960106
620.29    -471.5961 -607.3071 0.6959966
620.3    -471.4386 -607.3013 0.6959817
620.31    -471.2809 -607.2955 0.6959661
620.32    -471.1232 -607.2896 0.6959499
620.33    -470.9655 -607.2839 0.695933
620.34    -470.8077 -607.2781 0.6959156
620.35    -470.6498 -607.2724 0.6958976
620.36    -470.4918 -607.2667 0.6958791
620.37    -470.3338 -607.2611 0.6958601
620.38    -470.1757 -607.2554 0.6958405
620.39    -470.0176 -607.2499 0.6958205
620.4    -469.8594 -607.2443 0.6957999
620.41    -469.7011 -607.2388 0.695779
620.42    -469.5427 -607.2333 0.6957577
620.43    -469.3843 -607.2278 0.6957359
620.44    -469.2258 -607.2225 0.6957138
620.45    -469.0673 -607.217 0.6956913
620.46    -468.9087 -607.2117 0.6956685
620.47    -468.75 -607.2064 0.6956453
620.48    -468.5913 -607.2012 0.6956218
620.49    -468.4325 -607.1959 0.6955982
620.5    -468.2736 -607.1907 0.6955742
620.51    -468.1147 -607.1855 0.6955502
620.52    -467.9557 -607.1804 0.6955259
620.53    -467.7967 -607.1753 0.6955014
620.54    -467.6375 -607.1702 0.6954768
620.55    -467.4784 -607.1652 0.6954522
620.56    -467.3191 -607.1602 0.6954274
620.57    -467.1598 -607.1552 0.6954025
620.58    -467.0004 -607.1503 0.6953776
620.59    -466.841 -607.1454 0.6953526
620.6    -466.6815 -607.1405 0.6953275
620.61    -466.5219 -607.1357 0.6953023
620.62    -466.3622 -607.1309 0.6952772
620.63    -466.2025 -607.1262 0.6952519
620.64    -466.0428 -607.1215 0.6952267
620.65    -465.883 -607.1168 0.6952013
620.66    -465.7231 -607.1122 0.6951759
620.67    -465.5631 -607.1077 0.6951505
620.68    -465.403 -607.1031 0.695125
620.69    -465.243 -607.0986 0.6950996
620.7    -465.0829 -607.0942 0.6950741
620.71    -464.9227 -607.0898 0.6950486
620.72    -464.7624 -607.0854 0.6950231
620.73    -464.6021 -607.0811 0.6949975
620.74    -464.4417 -607.0768 0.6949723
620.75    -464.2813 -607.0726 0.6949475
620.76    -464.1208 -607.0684 0.6949229
620.77    -463.9602 -607.0642 0.6948987
620.78    -463.7997 -607.0601 0.6948753
620.79    -463.6391 -607.0561 0.6948527
620.8    -463.4784 -607.0521 0.6948309
620.81    -463.3177 -607.048 0.6948099
620.82    -463.1569 -607.0441 0.6947895
620.83    -462.996 -607.0403 0.6947706
620.84    -462.8351 -607.0364 0.6947531
620.85    -462.6742 -607.0326 0.6947368
620.86    -462.5132 -607.0289 0.6947219
620.87    -462.3522 -607.0252 0.6947082
620.88    -462.1911 -607.0215 0.6946955
620.89    -462.0299 -607.0179 0.694685
620.9    -461.8687 -607.0143 0.6946764
620.91    -461.7075 -607.0109 0.6946697
620.92    -461.5462 -607.0073 0.6946647
620.93    -461.3849 -607.0039 0.6946616
620.94    -461.2235 -607.0005 0.6946604
620.95    -461.062 -606.9973 0.694661
620.96    -460.9006 -606.994 0.6946635
620.97    -460.739 -606.9907 0.6946677
620.98    -460.5775 -606.9875 0.6946735
620.99    -460.4159 -606.9844 0.694681
621    -460.2543 -606.9813 0.69469
621.01    -460.0926 -606.9783 0.6947004
621.02    -459.9308 -606.9753 0.6947122
621.03    -459.7691 -606.9723 0.6947253
621.04    -459.6073 -606.9694 0.6947398
621.05    -459.4454 -606.9666 0.6947554
621.06    -459.2836 -606.9637 0.6947722
621.07    -459.1216 -606.9609 0.6947901
621.08    -458.9597 -606.9583 0.6948091
621.09    -458.7977 -606.9556 0.694829
621.1    -458.6357 -606.9529 0.6948501
621.11    -458.4736 -606.9503 0.694872
621.12    -458.3116 -606.9478 0.6948949
621.13    -458.1495 -606.9453 0.6949186
621.14    -457.9874 -606.9429 0.6949431
621.15    -457.8252 -606.9405 0.6949683
621.16    -457.6631 -606.9381 0.6949944
621.17    -457.5009 -606.9359 0.6950212
621.18    -457.3387 -606.9336 0.6950487
621.19    -457.1765 -606.9314 0.6950768
621.2    -457.0143 -606.9292 0.6951057
621.21    -456.852 -606.9271 0.695135
621.22    -456.6897 -606.9251 0.695165
621.23    -456.5274 -606.923 0.6951956
621.24    -456.3651 -606.9211 0.6952267
621.25    -456.2028 -606.9192 0.6952582
621.26    -456.0405 -606.9173 0.6952903
621.27    -455.8781 -606.9155 0.6953229
621.28    -455.7158 -606.9138 0.695356
621.29    -455.5534 -606.912 0.6953895
621.3    -455.391 -606.9103 0.6954234
621.31    -455.2285 -606.9088 0.6954576
621.32    -455.0661 -606.9072 0.6954923
621.33    -454.9036 -606.9057 0.6955274
621.34    -454.7411 -606.9043 0.6955628
621.35    -454.5786 -606.903 0.6955987
621.36    -454.4161 -606.9016 0.6956349
621.37    -454.2536 -606.9003 0.6956714
621.38    -454.0911 -606.899 0.6957083
621.39    -453.9285 -606.8979 0.6957456
621.4    -453.766 -606.8968 0.6957833
621.41    -453.6034 -606.8958 0.6958214
621.42    -453.4407 -606.8948 0.6958598
621.43    -453.2781 -606.8939 0.6958987
621.44    -453.1155 -606.893 0.6959383
621.45    -452.9529 -606.8921 0.6959783
621.46    -452.7902 -606.8913 0.6960189
621.47    -452.6274 -606.8906 0.6960599
621.48    -452.4648 -606.8899 0.6961018
621.49    -452.302 -606.8893 0.6961445
621.5    -452.1393 -606.8887 0.6961879
621.51    -451.9765 -606.8882 0.6962321
621.52    -451.8138 -606.8877 0.696277
621.53    -451.651 -606.8873 0.696323
621.54    -451.4882 -606.8869 0.69637
621.55    -451.3253 -606.8866 0.696418
621.56    -451.1625 -606.8864 0.6964671
621.57    -450.9997 -606.8862 0.6965171
621.58    -450.8368 -606.886 0.6965681
621.59    -450.674 -606.8859 0.6966203
621.6    -450.5111 -606.8858 0.6966736
621.61    -450.3483 -606.8858 0.6967279
621.62    -450.1854 -606.8859 0.6967832
621.63    -450.0226 -606.886 0.6968393
621.64    -449.8597 -606.8862 0.6968966
621.65    -449.6969 -606.8864 0.6969545
621.66    -449.534 -606.8867 0.6970134
621.67    -449.3712 -606.887 0.697073
621.68    -449.2084 -606.8874 0.6971334
621.69    -449.0456 -606.8878 0.6971945
621.7    -448.8828 -606.8882 0.6972563
621.71    -448.72 -606.8888 0.6973189
621.72    -448.5572 -606.8894 0.6973822
621.73    -448.3944 -606.8901 0.697446
621.74    -448.2317 -606.8908 0.6975106
621.75    -448.069 -606.8915 0.6975759
621.76    -447.9063 -606.8924 0.6976417
621.77    -447.7436 -606.8933 0.6977082
621.78    -447.5809 -606.8943 0.6977758
621.79    -447.4182 -606.8953 0.6978444
621.8    -447.2556 -606.8963 0.6979139
621.81    -447.093 -606.8973 0.6979843
621.82    -446.9304 -606.8985 0.6980556
621.83    -446.7678 -606.8997 0.6981284
621.84    -446.6053 -606.901 0.6982027
621.85    -446.4427 -606.9023 0.6982785
621.86    -446.2802 -606.9037 0.6983556
621.87    -446.1176 -606.9052 0.6984341
621.88    -445.9552 -606.9067 0.6985145
621.89    -445.7927 -606.9082 0.6985967
621.9    -445.6302 -606.9098 0.6986807
621.91    -445.4678 -606.9114 0.6987664
621.92    -445.3054 -606.9131 0.6988536
621.93    -445.143 -606.9149 0.6989428
621.94    -444.9806 -606.9167 0.6990337
621.95    -444.8182 -606.9185 0.6991264
621.96    -444.6559 -606.9203 0.6992207
621.97    -444.4935 -606.9223 0.6993166
621.98    -444.3312 -606.9243 0.6994141
621.99    -444.1689 -606.9263 0.699513
622    -444.0067 -606.9283 0.6996135
622.01    -443.8444 -606.9304 0.6997152
622.02    -443.6822 -606.9326 0.6998183
622.03    -443.52 -606.9348 0.6999226
622.04    -443.3578 -606.937 0.7000282
622.05    -443.1956 -606.9393 0.700135
622.06    -443.0334 -606.9416 0.7002428
622.07    -442.8712 -606.944 0.7003517
622.08    -442.7091 -606.9464 0.700462
622.09    -442.547 -606.9488 0.7005737
622.1    -442.3849 -606.9512 0.7006866
622.11    -442.2228 -606.9538 0.7008007
622.12    -442.0607 -606.9563 0.700916
622.13    -441.8987 -606.9589 0.7010331
622.14    -441.7367 -606.9615 0.7011518
622.15    -441.5747 -606.9642 0.7012722
622.16    -441.4127 -606.9669 0.7013941
622.17    -441.2507 -606.9697 0.7015176
622.18    -441.0888 -606.9724 0.7016431
622.19    -440.9268 -606.9753 0.7017704
622.2    -440.7649 -606.9781 0.7018995
622.21    -440.603 -606.981 0.7020303
622.22    -440.4411 -606.9839 0.7021627
622.23    -440.2793 -606.9869 0.702297
622.24    -440.1174 -606.9899 0.7024332
622.25    -439.9556 -606.9929 0.7025709
622.26    -439.7938 -606.996 0.7027102
622.27    -439.632 -606.999 0.7028511
622.28    -439.4702 -607.0021 0.7029934
622.29    -439.3085 -607.0053 0.7031372
622.3    -439.1467 -607.0085 0.7032822
622.31    -438.985 -607.0117 0.7034286
622.32    -438.8233 -607.0149 0.7035761
622.33    -438.6616 -607.0182 0.7037246
622.34    -438.5 -607.0215 0.7038739
622.35    -438.3383 -607.0248 0.7040242
622.36    -438.1767 -607.0281 0.7041751
622.37    -438.015 -607.0315 0.7043268
622.38    -437.8535 -607.035 0.7044791
622.39    -437.6919 -607.0384 0.7046317
622.4    -437.5303 -607.0419 0.7047849
622.41    -437.3688 -607.0453 0.7049384
