1726.02    -661.1604 -614.9402 0.7082335
1726.03    -661.0223 -614.9357 0.7082264
1726.04    -660.8842 -614.9311 0.7082221
1726.05    -660.746 -614.9265 0.7082205
1726.06    -660.608 -614.9219 0.7082214
1726.07    -660.4699 -614.9173 0.7082247
1726.08    -660.3318 -614.9126 0.7082303
1726.09    -660.1938 -614.908 0.708238
1726.1    -660.0558 -614.9033 0.7082478
1726.11    -659.9178 -614.8986 0.7082587
1726.12    -659.7799 -614.8939 0.7082707
1726.13    -659.642 -614.8891 0.7082837
1726.14    -659.504 -614.8844 0.7082976
1726.15    -659.3661 -614.8796 0.7083125
1726.16    -659.2282 -614.8748 0.7083266
1726.17    -659.0903 -614.8701 0.70834
1726.18    -658.9525 -614.8652 0.7083528
1726.19    -658.8146 -614.8604 0.708365
1726.2    -658.6767 -614.8555 0.7083766
1726.21    -658.5389 -614.8507 0.7083856
1726.22    -658.4011 -614.8459 0.7083922
1726.23    -658.2632 -614.8409 0.7083966
1726.24    -658.1255 -614.8361 0.7083988
1726.25    -657.9877 -614.8312 0.708399
1726.26    -657.85 -614.8262 0.7083956
1726.27    -657.7123 -614.8213 0.7083889
1726.28    -657.5746 -614.8163 0.708379
1726.29    -657.4369 -614.8113 0.7083661
1726.3    -657.2992 -614.8063 0.7083504
1726.31    -657.1616 -614.8013 0.7083312
1726.32    -657.0239 -614.7963 0.7083088
1726.33    -656.8863 -614.7913 0.7082833
1726.34    -656.7487 -614.7862 0.7082549
1726.35    -656.611 -614.7811 0.7082238
1726.36    -656.4734 -614.776 0.7081901
1726.37    -656.3359 -614.7709 0.7081541
1726.38    -656.1983 -614.7658 0.7081159
1726.39    -656.0608 -614.7606 0.7080753
1726.4    -655.9233 -614.7555 0.7080329
1726.41    -655.7858 -614.7503 0.7079892
1726.42    -655.6483 -614.7451 0.707944
1726.43    -655.5109 -614.7399 0.7078978
1726.44    -655.3734 -614.7347 0.7078504
1726.45    -655.236 -614.7294 0.707802
1726.46    -655.0986 -614.7241 0.7077537
1726.47    -654.9612 -614.7189 0.7077057
1726.48    -654.8238 -614.7136 0.7076578
1726.49    -654.6864 -614.7083 0.7076101
1726.5    -654.549 -614.7029 0.7075626
1726.51    -654.4117 -614.6976 0.7075163
1726.52    -654.2744 -614.6922 0.7074711
1726.53    -654.1371 -614.6868 0.7074271
1726.54    -653.9998 -614.6814 0.7073842
1726.55    -653.8625 -614.676 0.7073423
1726.56    -653.7253 -614.6706 0.707302
1726.57    -653.5881 -614.6652 0.7072635
1726.58    -653.4509 -614.6597 0.7072266
1726.59    -653.3137 -614.6542 0.7071911
1726.6    -653.1765 -614.6487 0.707157
1726.61    -653.0393 -614.6432 0.7071245
1726.62    -652.9022 -614.6377 0.7070933
1726.63    -652.765 -614.6322 0.7070634
1726.64    -652.6279 -614.6266 0.7070348
1726.65    -652.4907 -614.6211 0.7070073
1726.66    -652.3536 -614.6155 0.7069806
1726.67    -652.2166 -614.6099 0.7069546
1726.68    -652.0795 -614.6042 0.7069293
1726.69    -651.9424 -614.5986 0.7069046
1726.7    -651.8054 -614.593 0.7068805
1726.71    -651.6683 -614.5873 0.706857
1726.72    -651.5314 -614.5816 0.7068328
1726.73    -651.3944 -614.5759 0.706808
1726.74    -651.2574 -614.5702 0.7067827
1726.75    -651.1205 -614.5645 0.7067568
1726.76    -650.9835 -614.5587 0.7067302
1726.77    -650.8466 -614.553 0.7067021
1726.78    -650.7097 -614.5472 0.7066724
1726.79    -650.5728 -614.5414 0.7066413
1726.8    -650.4359 -614.5356 0.7066087
1726.81    -650.2991 -614.5298 0.7065737
1726.82    -650.1622 -614.524 0.7065365
1726.83    -650.0254 -614.5182 0.7064971
1726.84    -649.8885 -614.5123 0.7064559
1726.85    -649.7518 -614.5065 0.7064126
1726.86    -649.615 -614.5005 0.7063676
1726.87    -649.4782 -614.4947 0.7063203
1726.88    -649.3415 -614.4888 0.7062709
1726.89    -649.2048 -614.4828 0.7062196
1726.9    -649.0681 -614.4769 0.7061663
1726.91    -648.9314 -614.4709 0.7061114
1726.92    -648.7947 -614.465 0.7060549
1726.93    -648.6581 -614.459 0.7059971
1726.94    -648.5214 -614.4529 0.7059379
1726.95    -648.3848 -614.447 0.7058774
1726.96    -648.2482 -614.4409 0.7058167
1726.97    -648.1116 -614.4349 0.7057559
1726.98    -647.975 -614.4288 0.7056949
1726.99    -647.8384 -614.4227 0.7056338
1727    -647.7018 -614.4167 0.7055725
1727.01    -647.5653 -614.4106 0.7055112
1727.02    -647.4288 -614.4044 0.7054515
1727.03    -647.2923 -614.3983 0.7053933
1727.04    -647.1558 -614.3922 0.7053366
1727.05    -647.0193 -614.386 0.7052813
1727.06    -646.8829 -614.3798 0.7052273
1727.07    -646.7465 -614.3737 0.7051755
1727.08    -646.61 -614.3675 0.7051259
1727.09    -646.4736 -614.3613 0.7050782
1727.1    -646.3372 -614.355 0.7050324
1727.11    -646.2009 -614.3488 0.7049887
1727.12    -646.0645 -614.3425 0.7049466
1727.13    -645.9282 -614.3363 0.7049062
1727.14    -645.7918 -614.33 0.7048675
1727.15    -645.6555 -614.3237 0.7048303
1727.16    -645.5192 -614.3174 0.7047944
1727.17    -645.3829 -614.3111 0.7047596
1727.18    -645.2467 -614.3047 0.7047259
1727.19    -645.1105 -614.2983 0.7046933
1727.2    -644.9742 -614.292 0.7046616
1727.21    -644.8381 -614.2856 0.7046302
1727.22    -644.7019 -614.2793 0.704599
1727.23    -644.5657 -614.2728 0.704568
1727.24    -644.4296 -614.2664 0.7045372
1727.25    -644.2934 -614.26 0.7045066
1727.26    -644.1573 -614.2536 0.7044753
1727.27    -644.0212 -614.2471 0.7044432
1727.28    -643.8851 -614.2406 0.7044105
1727.29    -643.749 -614.2341 0.7043772
1727.3    -643.6129 -614.2277 0.7043433
1727.31    -643.4768 -614.2211 0.7043088
1727.32    -643.3408 -614.2146 0.7042727
1727.33    -643.2047 -614.2081 0.7042353
1727.34    -643.0687 -614.2015 0.7041965
1727.35    -642.9326 -614.195 0.7041563
1727.36    -642.7966 -614.1884 0.7041149
1727.37    -642.6606 -614.1818 0.7040721
1727.38    -642.5246 -614.1752 0.7040281
1727.39    -642.3885 -614.1686 0.7039829
1727.4    -642.2524 -614.162 0.7039368
1727.41    -642.1164 -614.1554 0.7038897
1727.42    -641.9803 -614.1487 0.7038418
1727.43    -641.8442 -614.1421 0.7037933
1727.44    -641.708 -614.1354 0.703744
1727.45    -641.5718 -614.1288 0.703694
1727.46    -641.4355 -614.1221 0.7036444
1727.47    -641.2993 -614.1154 0.7035949
1727.48    -641.163 -614.1086 0.7035457
1727.49    -641.0267 -614.1019 0.7034968
1727.5    -640.8903 -614.0952 0.7034479
1727.51    -640.7539 -614.0885 0.7034006
1727.52    -640.6175 -614.0818 0.7033547
1727.53    -640.481 -614.075 0.70331
1727.54    -640.3445 -614.0682 0.7032666
1727.55    -640.2079 -614.0614 0.7032244
1727.56    -640.0713 -614.0546 0.7031833
1727.57    -639.9346 -614.0479 0.7031447
1727.58    -639.798 -614.0411 0.7031084
1727.59    -639.6613 -614.0342 0.7030743
1727.6    -639.5245 -614.0274 0.7030424
1727.61    -639.3877 -614.0206 0.7030129
1727.62    -639.2509 -614.0137 0.7029856
1727.63    -639.114 -614.0069 0.7029605
1727.64    -638.977 -614.0001 0.7029375
1727.65    -638.84 -613.9931 0.7029164
1727.66    -638.7029 -613.9862 0.7028973
1727.67    -638.5659 -613.9793 0.7028798
1727.68    -638.4287 -613.9724 0.7028641
1727.69    -638.2916 -613.9655 0.7028499
1727.7    -638.1544 -613.9586 0.7028373
1727.71    -638.0171 -613.9517 0.7028254
1727.72    -637.8798 -613.9448 0.7028144
1727.73    -637.7425 -613.9378 0.7028041
1727.74    -637.6051 -613.9308 0.7027946
1727.75    -637.4677 -613.9239 0.7027857
1727.76    -637.3302 -613.9169 0.7027765
1727.77    -637.1927 -613.91 0.702767
1727.78    -637.0551 -613.903 0.7027571
1727.79    -636.9175 -613.8961 0.702747
1727.8    -636.7798 -613.889 0.7027366
1727.81    -636.642 -613.882 0.702726
1727.82    -636.5043 -613.875 0.7027143
1727.83    -636.3665 -613.868 0.7027014
1727.84    -636.2286 -613.861 0.7026877
1727.85    -636.0906 -613.8539 0.702673
1727.86    -635.9527 -613.8469 0.7026576
1727.87    -635.8147 -613.8399 0.7026414
1727.88    -635.6766 -613.8329 0.7026247
1727.89    -635.5386 -613.8259 0.7026073
1727.9    -635.4005 -613.8188 0.7025895
1727.91    -635.2623 -613.8117 0.7025719
1727.92    -635.1241 -613.8046 0.7025546
1727.93    -634.9858 -613.7975 0.7025378
1727.94    -634.8475 -613.7905 0.7025213
1727.95    -634.7092 -613.7834 0.7025051
1727.96    -634.5708 -613.7763 0.7024907
1727.97    -634.4324 -613.7692 0.7024779
1727.98    -634.2939 -613.7621 0.7024666
1727.99    -634.1553 -613.7551 0.7024568
1728    -634.0168 -613.748 0.7024485
1728.01    -633.8782 -613.7409 0.7024414
1728.02    -633.7396 -613.7338 0.7024376
1728.03    -633.6009 -613.7267 0.702437
1728.04    -633.4622 -613.7197 0.7024392
1728.05    -633.3234 -613.7125 0.7024443
1728.06    -633.1846 -613.7054 0.7024519
1728.07    -633.0457 -613.6982 0.7024633
1728.08    -632.9068 -613.6911 0.7024781
1728.09    -632.7679 -613.684 0.7024961
1728.1    -632.6289 -613.6768 0.7025171
1728.11    -632.4899 -613.6697 0.7025412
1728.12    -632.3509 -613.6627 0.7025681
1728.13    -632.2118 -613.6556 0.7025977
1728.14    -632.0727 -613.6486 0.7026298
1728.15    -631.9335 -613.6415 0.7026644
1728.16    -631.7944 -613.6344 0.702701
1728.17    -631.6552 -613.6273 0.7027393
1728.18    -631.5159 -613.6202 0.7027793
1728.19    -631.3766 -613.6132 0.702821
1728.2    -631.2372 -613.6061 0.7028642
1728.21    -631.0979 -613.5991 0.7029079
1728.22    -630.9585 -613.592 0.7029521
1728.23    -630.819 -613.5849 0.7029969
1728.24    -630.6796 -613.5778 0.7030421
1728.25    -630.54 -613.5709 0.7030876
1728.26    -630.4005 -613.5638 0.7031322
1728.27    -630.261 -613.5568 0.7031758
1728.28    -630.1213 -613.5498 0.7032185
1728.29    -629.9817 -613.5428 0.7032604
1728.3    -629.842 -613.5358 0.7033015
1728.31    -629.7024 -613.5288 0.7033404
1728.32    -629.5627 -613.5218 0.7033769
1728.33    -629.4229 -613.5148 0.7034115
1728.34    -629.2831 -613.5079 0.7034441
1728.35    -629.1433 -613.5009 0.7034749
1728.36    -629.0035 -613.494 0.7035025
1728.37    -628.8636 -613.4871 0.7035275
1728.38    -628.7238 -613.4801 0.7035497
1728.39    -628.5838 -613.4731 0.7035694
1728.4    -628.4438 -613.4662 0.7035868
1728.41    -628.3039 -613.4594 0.7036012
1728.42    -628.1639 -613.4525 0.7036132
1728.43    -628.0239 -613.4456 0.7036226
1728.44    -627.8838 -613.4387 0.7036297
1728.45    -627.7437 -613.4318 0.7036346
1728.46    -627.6036 -613.425 0.7036376
1728.47    -627.4635 -613.4182 0.703639
1728.48    -627.3233 -613.4114 0.7036387
1728.49    -627.1831 -613.4045 0.7036369
1728.5    -627.0428 -613.3978 0.7036337
1728.51    -626.9026 -613.391 0.7036303
1728.52    -626.7623 -613.3842 0.7036269
1728.53    -626.622 -613.3775 0.7036232
1728.54    -626.4816 -613.3707 0.7036194
1728.55    -626.3412 -613.364 0.7036154
1728.56    -626.2008 -613.3573 0.7036113
1728.57    -626.0604 -613.3506 0.7036091
1728.58    -625.9199 -613.3439 0.7036087
1728.59    -625.7794 -613.3372 0.7036099
1728.6    -625.6389 -613.3306 0.7036128
1728.61    -625.4984 -613.3239 0.7036183
1728.62    -625.3578 -613.3173 0.7036263
1728.63    -625.2172 -613.3107 0.7036366
1728.64    -625.0766 -613.3041 0.703649
1728.65    -624.9359 -613.2975 0.7036636
1728.66    -624.7952 -613.291 0.7036802
1728.67    -624.6545 -613.2844 0.7036995
1728.68    -624.5138 -613.2779 0.7037212
1728.69    -624.373 -613.2714 0.7037454
1728.7    -624.2322 -613.2649 0.7037717
1728.71    -624.0914 -613.2584 0.7038001
1728.72    -623.9506 -613.2519 0.7038304
1728.73    -623.8098 -613.2455 0.7038624
1728.74    -623.6688 -613.239 0.7038961
1728.75    -623.5279 -613.2326 0.7039315
1728.76    -623.3869 -613.2263 0.7039682
1728.77    -623.2459 -613.2198 0.7040055
1728.78    -623.1049 -613.2134 0.7040434
1728.79    -622.9639 -613.2072 0.7040819
1728.8    -622.8228 -613.2008 0.7041208
1728.81    -622.6818 -613.1945 0.7041593
1728.82    -622.5406 -613.1882 0.7041973
1728.83    -622.3995 -613.1819 0.7042347
1728.84    -622.2584 -613.1757 0.7042717
1728.85    -622.1172 -613.1694 0.7043084
1728.86    -621.976 -613.1632 0.7043432
1728.87    -621.8348 -613.157 0.7043764
1728.88    -621.6937 -613.1508 0.704408
1728.89    -621.5525 -613.1447 0.7044382
1728.9    -621.4113 -613.1385 0.704467
1728.91    -621.2701 -613.1324 0.7044945
1728.92    -621.129 -613.1263 0.7045196
1728.93    -620.9878 -613.1202 0.7045425
1728.94    -620.8466 -613.1141 0.7045633
1728.95    -620.7054 -613.1082 0.704582
1728.96    -620.5643 -613.1021 0.7045987
1728.97    -620.4232 -613.0961 0.7046133
1728.98    -620.282 -613.0901 0.7046261
1728.99    -620.1409 -613.0841 0.7046371
1729    -619.9998 -613.0781 0.7046463
1729.01    -619.8587 -613.0721 0.7046542
1729.02    -619.7176 -613.0663 0.7046608
1729.03    -619.5765 -613.0604 0.7046663
1729.04    -619.4354 -613.0544 0.7046705
1729.05    -619.2943 -613.0486 0.7046738
1729.06    -619.1532 -613.0427 0.7046767
1729.07    -619.0121 -613.0369 0.7046796
1729.08    -618.8711 -613.0311 0.7046824
1729.09    -618.73 -613.0253 0.704685
1729.1    -618.5891 -613.0195 0.7046875
1729.11    -618.4481 -613.0137 0.7046911
1729.12    -618.3071 -613.008 0.7046958
1729.13    -618.1661 -613.0023 0.7047013
1729.14    -618.0252 -612.9965 0.7047078
1729.15    -617.8843 -612.9908 0.7047152
1729.16    -617.7434 -612.9852 0.7047243
1729.17    -617.6025 -612.9795 0.7047352
1729.18    -617.4617 -612.9738 0.7047476
1729.19    -617.3208 -612.9682 0.7047616
1729.2    -617.1799 -612.9626 0.704777
1729.21    -617.0391 -612.957 0.704794
1729.22    -616.8983 -612.9514 0.7048126
1729.23    -616.7575 -612.9459 0.7048328
1729.24    -616.6167 -612.9404 0.7048542
1729.25    -616.4759 -612.9348 0.7048771
1729.26    -616.3351 -612.9293 0.7049012
1729.27    -616.1944 -612.9238 0.7049263
1729.28    -616.0536 -612.9184 0.7049525
1729.29    -615.9129 -612.9129 0.7049796
1729.3    -615.7722 -612.9075 0.7050076
1729.31    -615.6315 -612.902 0.705036
1729.32    -615.4908 -612.8966 0.7050647
1729.33    -615.3502 -612.8912 0.7050936
1729.34    -615.2096 -612.8859 0.7051227
1729.35    -615.069 -612.8805 0.7051522
1729.36    -614.9283 -612.8751 0.7051818
1729.37    -614.7878 -612.8698 0.7052106
1729.38    -614.6472 -612.8645 0.7052383
1729.39    -614.5067 -612.8592 0.7052652
1729.4    -614.3661 -612.8539 0.7052913
1729.41    -614.2256 -612.8486 0.7053156
1729.42    -614.0851 -612.8433 0.7053385
1729.43    -613.9446 -612.838 0.7053598
1729.44    -613.8041 -612.8328 0.7053798
1729.45    -613.6636 -612.8276 0.7053984
1729.46    -613.5231 -612.8223 0.7054149
1729.47    -613.3827 -612.8171 0.7054295
1729.48    -613.2422 -612.812 0.7054422
1729.49    -613.1018 -612.8068 0.7054533
1729.5    -612.9614 -612.8016 0.7054626
1729.51    -612.821 -612.7964 0.7054703
1729.52    -612.6807 -612.7913 0.7054764
1729.53    -612.5403 -612.7862 0.705481
1729.54    -612.4 -612.7811 0.7054843
1729.55    -612.2597 -612.7759 0.7054861
1729.56    -612.1194 -612.7709 0.705487
1729.57    -611.9791 -612.7659 0.705487
1729.58    -611.8389 -612.7608 0.705486
1729.59    -611.6986 -612.7557 0.7054842
1729.6    -611.5583 -612.7507 0.7054816
1729.61    -611.4181 -612.7457 0.7054783
1729.62    -611.2779 -612.7407 0.7054749
1729.63    -611.1377 -612.7357 0.7054713
1729.64    -610.9975 -612.7307 0.7054679
1729.65    -610.8573 -612.7257 0.7054643
1729.66    -610.7172 -612.7208 0.7054611
1729.67    -610.577 -612.7158 0.7054584
1729.68    -610.4369 -612.7109 0.7054561
1729.69    -610.2968 -612.706 0.7054541
1729.7    -610.1567 -612.701 0.7054525
1729.71    -610.0166 -612.6961 0.7054513
1729.72    -609.8765 -612.6912 0.7054513
1729.73    -609.7365 -612.6863 0.7054525
1729.74    -609.5965 -612.6815 0.7054549
1729.75    -609.4565 -612.6766 0.7054583
1729.76    -609.3165 -612.6718 0.7054631
1729.77    -609.1765 -612.6669 0.7054692
1729.78    -609.0366 -612.6621 0.7054765
1729.79    -608.8966 -612.6573 0.705485
1729.8    -608.7567 -612.6525 0.7054945
1729.81    -608.6167 -612.6476 0.7055051
1729.82    -608.4768 -612.6429 0.7055164
1729.83    -608.3369 -612.6381 0.7055284
1729.84    -608.197 -612.6334 0.705541
1729.85    -608.0571 -612.6286 0.7055543
1729.86    -607.9173 -612.6238 0.7055675
1729.87    -607.7775 -612.6191 0.7055807
1729.88    -607.6376 -612.6144 0.7055939
1729.89    -607.4978 -612.6097 0.7056069
1729.9    -607.358 -612.605 0.7056199
1729.91    -607.2183 -612.6003 0.705632
1729.92    -607.0785 -612.5956 0.7056431
1729.93    -606.9388 -612.5909 0.7056534
1729.94    -606.7991 -612.5863 0.7056628
1729.95    -606.6594 -612.5817 0.7056715
1729.96    -606.5197 -612.5771 0.7056787
1729.97    -606.38 -612.5724 0.7056845
1729.98    -606.2404 -612.5678 0.705689
1729.99    -606.1007 -612.5632 0.7056922
1730    -605.9611 -612.5586 0.7056943
1730.01    -605.8215 -612.5541 0.705695
1730.02    -605.6819 -612.5495 0.7056946
1730.03    -605.5423 -612.5449 0.705693
1730.04    -605.4027 -612.5403 0.7056904
1730.05    -605.2631 -612.5358 0.7056867
1730.06    -605.1235 -612.5313 0.7056822
1730.07    -604.984 -612.5267 0.705677
1730.08    -604.8445 -612.5223 0.7056714
1730.09    -604.705 -612.5178 0.7056654
1730.1    -604.5655 -612.5132 0.705659
1730.11    -604.426 -612.5087 0.7056527
1730.12    -604.2866 -612.5043 0.7056466
1730.13    -604.1472 -612.4998 0.7056407
1730.14    -604.0078 -612.4954 0.705635
1730.15    -603.8683 -612.491 0.7056293
1730.16    -603.729 -612.4865 0.7056248
1730.17    -603.5897 -612.4821 0.7056211
1730.18    -603.4503 -612.4776 0.7056184
1730.19    -603.311 -612.4732 0.7056166
1730.2    -603.1716 -612.4688 0.7056155
1730.21    -603.0323 -612.4645 0.7056164
1730.22    -602.8931 -612.4601 0.705619
1730.23    -602.7538 -612.4557 0.7056234
1730.24    -602.6145 -612.4513 0.7056294
1730.25    -602.4752 -612.447 0.7056369
1730.26    -602.336 -612.4426 0.7056468
1730.27    -602.1968 -612.4383 0.7056588
1730.28    -602.0576 -612.434 0.7056729
1730.29    -601.9183 -612.4297 0.7056891
1730.3    -601.7792 -612.4254 0.705707
1730.31    -601.64 -612.4211 0.7057272
1730.32    -601.5009 -612.4168 0.7057494
1730.33    -601.3618 -612.4125 0.7057736
1730.34    -601.2227 -612.4083 0.7057996
1730.35    -601.0836 -612.4041 0.7058274
1730.36    -600.9445 -612.3998 0.7058567
1730.37    -600.8055 -612.3956 0.7058877
1730.38    -600.6664 -612.3914 0.7059201
1730.39    -600.5274 -612.3871 0.705954
1730.4    -600.3884 -612.3829 0.7059891
1730.41    -600.2493 -612.3788 0.7060255
1730.42    -600.1104 -612.3746 0.7060627
1730.43    -599.9714 -612.3704 0.7061009
1730.44    -599.8324 -612.3662 0.7061399
1730.45    -599.6934 -612.3621 0.7061797
1730.46    -599.5545 -612.3579 0.7062199
1730.47    -599.4155 -612.3538 0.7062604
1730.48    -599.2766 -612.3497 0.7063012
1730.49    -599.1377 -612.3455 0.7063424
1730.5    -598.9988 -612.3414 0.7063838
1730.51    -598.86 -612.3373 0.7064252
1730.52    -598.7211 -612.3333 0.7064665
1730.53    -598.5823 -612.3292 0.7065077
1730.54    -598.4435 -612.3251 0.7065488
1730.55    -598.3047 -612.321 0.7065898
1730.56    -598.166 -612.317 0.7066307
1730.57    -598.0273 -612.3129 0.7066714
1730.58    -597.8885 -612.3089 0.7067119
1730.59    -597.7498 -612.3049 0.7067524
1730.6    -597.6111 -612.3008 0.7067927
1730.61    -597.4724 -612.2969 0.706833
1730.62    -597.3337 -612.2928 0.7068732
1730.63    -597.1951 -612.2889 0.7069134
1730.64    -597.0564 -612.2849 0.7069534
1730.65    -596.9177 -612.2809 0.7069933
1730.66    -596.7791 -612.277 0.7070333
1730.67    -596.6405 -612.2731 0.7070733
1730.68    -596.5019 -612.2691 0.7071133
1730.69    -596.3633 -612.2651 0.7071534
1730.7    -596.2247 -612.2612 0.7071936
1730.71    -596.0862 -612.2573 0.7072338
1730.72    -595.9476 -612.2534 0.7072742
1730.73    -595.8091 -612.2495 0.7073147
1730.74    -595.6707 -612.2457 0.7073555
1730.75    -595.5322 -612.2418 0.7073963
1730.76    -595.3937 -612.2379 0.7074375
1730.77    -595.2553 -612.2341 0.7074792
1730.78    -595.1169 -612.2302 0.7075212
1730.79    -594.9785 -612.2264 0.7075636
1730.8    -594.84 -612.2225 0.7076062
1730.81    -594.7017 -612.2188 0.7076496
1730.82    -594.5633 -612.2149 0.7076935
1730.83    -594.4249 -612.2111 0.7077381
1730.84    -594.2866 -612.2073 0.7077832
1730.85    -594.1482 -612.2036 0.7078289
1730.86    -594.0098 -612.1998 0.707875
1730.87    -593.8715 -612.196 0.7079222
1730.88    -593.7331 -612.1923 0.7079702
1730.89    -593.5947 -612.1885 0.7080191
1730.9    -593.4564 -612.1848 0.7080688
1730.91    -593.318 -612.181 0.7081193
1730.92    -593.1797 -612.1773 0.7081707
1730.93    -593.0414 -612.1736 0.7082231
1730.94    -592.9031 -612.1699 0.7082764
1730.95    -592.7648 -612.1662 0.7083305
1730.96    -592.6265 -612.1625 0.7083854
1730.97    -592.4882 -612.1588 0.7084411
1730.98    -592.3499 -612.155 0.7084975
1730.99    -592.2115 -612.1514 0.7085545
1731    -592.0733 -612.1477 0.7086121
1731.01    -591.9351 -612.144 0.7086704
1731.02    -591.7968 -612.1404 0.7087294
1731.03    -591.6586 -612.1367 0.7087887
1731.04    -591.5203 -612.1331 0.7088486
1731.05    -591.3821 -612.1294 0.708909
1731.06    -591.2439 -612.1257 0.7089698
1731.07    -591.1057 -612.1221 0.7090311
1731.08    -590.9675 -612.1185 0.7090927
1731.09    -590.8293 -612.1149 0.7091548
1731.1    -590.6912 -612.1113 0.7092172
1731.11    -590.553 -612.1077 0.7092798
1731.12    -590.4148 -612.1041 0.7093427
1731.13    -590.2766 -612.1005 0.7094057
1731.14    -590.1384 -612.0969 0.709469
1731.15    -590.0002 -612.0933 0.7095324
1731.16    -589.8621 -612.0897 0.7095959
1731.17    -589.724 -612.0861 0.7096593
1731.18    -589.5859 -612.0825 0.7097226
1731.19    -589.4478 -612.0789 0.7097859
1731.2    -589.3096 -612.0753 0.7098493
1731.21    -589.1716 -612.0717 0.7099124
1731.22    -589.0335 -612.0682 0.709975
1731.23    -588.8954 -612.0646 0.7100375
1731.24    -588.7574 -612.0611 0.7100996
1731.25    -588.6193 -612.0576 0.7101615
1731.26    -588.4813 -612.054 0.7102228
1731.27    -588.3432 -612.0505 0.7102835
1731.28    -588.2051 -612.0469 0.7103437
1731.29    -588.0671 -612.0434 0.7104034
1731.3    -587.929 -612.0399 0.7104626
1731.31    -587.791 -612.0363 0.7105208
1731.32    -587.653 -612.0328 0.7105781
1731.33    -587.515 -612.0292 0.7106345
1731.34    -587.377 -612.0257 0.71069
1731.35    -587.239 -612.0222 0.7107449
1731.36    -587.1011 -612.0186 0.7107982
1731.37    -586.9631 -612.0151 0.71085
1731.38    -586.8252 -612.0116 0.7109006
1731.39    -586.6873 -612.0081 0.7109499
1731.4    -586.5493 -612.0046 0.7109979
1731.41    -586.4114 -612.0012 0.7110448
1731.42    -586.2734 -611.9977 0.7110897
1731.43    -586.1355 -611.9943 0.7111326
1731.44    -585.9976 -611.9908 0.7111738
1731.45    -585.8596 -611.9873 0.7112132
1731.46    -585.7217 -611.9838 0.7112504
1731.47    -585.5839 -611.9803 0.7112854
1731.48    -585.446 -611.9769 0.7113183
1731.49    -585.3081 -611.9734 0.7113492
1731.5    -585.1702 -611.9699 0.7113785
1731.51    -585.0324 -611.9664 0.7114055
1731.52    -584.8946 -611.963 0.7114302
1731.53    -584.7568 -611.9595 0.711453
1731.54    -584.619 -611.956 0.7114739
1731.55    -584.4811 -611.9525 0.711493
1731.56    -584.3434 -611.949 0.7115102
1731.57    -584.2056 -611.9456 0.7115256
1731.58    -584.0679 -611.9421 0.7115392
1731.59    -583.9301 -611.9386 0.7115512
1731.6    -583.7924 -611.9351 0.7115618
1731.61    -583.6547 -611.9316 0.7115709
1731.62    -583.517 -611.9282 0.7115787
1731.63    -583.3794 -611.9247 0.7115851
1731.64    -583.2418 -611.9212 0.7115905
1731.65    -583.1041 -611.9177 0.7115947
1731.66    -582.9665 -611.9142 0.7115979
1731.67    -582.8289 -611.9108 0.7116007
1731.68    -582.6913 -611.9073 0.711603
1731.69    -582.5538 -611.9038 0.7116049
1731.7    -582.4162 -611.9003 0.7116064
1731.71    -582.2787 -611.8969 0.7116084
1731.72    -582.1412 -611.8935 0.7116107
1731.73    -582.0037 -611.8901 0.7116134
1731.74    -581.8661 -611.8867 0.7116165
1731.75    -581.7286 -611.8832 0.7116199
1731.76    -581.5912 -611.8798 0.7116252
1731.77    -581.4537 -611.8764 0.7116321
1731.78    -581.3163 -611.873 0.7116407
1731.79    -581.1789 -611.8696 0.7116508
1731.8    -581.0415 -611.8661 0.7116624
1731.81    -580.9041 -611.8627 0.7116752
1731.82    -580.7668 -611.8593 0.7116908
1731.83    -580.6295 -611.8558 0.711709
1731.84    -580.4921 -611.8524 0.7117296
1731.85    -580.3548 -611.849 0.7117525
1731.86    -580.2175 -611.8456 0.7117776
1731.87    -580.0803 -611.8422 0.7118049
1731.88    -579.943 -611.8387 0.7118343
1731.89    -579.8057 -611.8353 0.7118657
1731.9    -579.6685 -611.8319 0.7118987
1731.91    -579.5313 -611.8285 0.7119331
1731.92    -579.394 -611.8251 0.7119688
1731.93    -579.2568 -611.8217 0.7120054
1731.94    -579.1196 -611.8182 0.7120431
1731.95    -578.9824 -611.8148 0.7120819
1731.96    -578.8453 -611.8114 0.7121216
1731.97    -578.7081 -611.808 0.712161
1731.98    -578.571 -611.8046 0.7122
1731.99    -578.4339 -611.8011 0.712239
1732    -578.2968 -611.7977 0.7122776
1732.01    -578.1597 -611.7943 0.7123151
1732.02    -578.0227 -611.7908 0.7123516
1732.03    -577.8857 -611.7874 0.7123871
1732.04    -577.7487 -611.7839 0.7124217
1732.05    -577.6116 -611.7804 0.7124555
1732.06    -577.4747 -611.7769 0.712487
1732.07    -577.3377 -611.7734 0.7125166
1732.08    -577.2007 -611.77 0.7125443
1732.09    -577.0638 -611.7665 0.7125703
1732.1    -576.9268 -611.763 0.7125944
1732.11    -576.7899 -611.7595 0.7126158
1732.12    -576.653 -611.756 0.7126346
1732.13    -576.5161 -611.7525 0.7126508
1732.14    -576.3792 -611.749 0.7126647
1732.15    -576.2424 -611.7455 0.7126764
1732.16    -576.1055 -611.7421 0.7126853
1732.17    -575.9687 -611.7386 0.7126917
1732.18    -575.8319 -611.7351 0.7126955
1732.19    -575.6951 -611.7316 0.7126971
1732.2    -575.5583 -611.7281 0.7126965
1732.21    -575.4216 -611.7247 0.7126938
1732.22    -575.2849 -611.7212 0.7126891
1732.23    -575.1482 -611.7177 0.7126826
1732.24    -575.0115 -611.7142 0.7126744
1732.25    -574.8748 -611.7108 0.7126645
1732.26    -574.7381 -611.7072 0.7126533
1732.27    -574.6014 -611.7037 0.7126411
1732.28    -574.4648 -611.7003 0.7126277
1732.29    -574.3281 -611.6968 0.7126133
1732.3    -574.1915 -611.6934 0.7125979
1732.31    -574.0549 -611.6899 0.712582
1732.32    -573.9183 -611.6864 0.7125655
1732.33    -573.7817 -611.6829 0.7125486
1732.34    -573.6451 -611.6795 0.7125313
1732.35    -573.5085 -611.6761 0.7125134
1732.36    -573.372 -611.6727 0.7124955
1732.37    -573.2355 -611.6693 0.7124776
1732.38    -573.099 -611.6658 0.7124595
1732.39    -572.9625 -611.6624 0.7124414
1732.4    -572.826 -611.659 0.712423
1732.41    -572.6896 -611.6556 0.7124047
1732.42    -572.5532 -611.6522 0.7123865
1732.43    -572.4167 -611.6488 0.7123685
1732.44    -572.2803 -611.6454 0.7123506
1732.45    -572.1439 -611.6421 0.7123328
1732.46    -572.0076 -611.6388 0.7123153
1732.47    -571.8712 -611.6354 0.7122979
1732.48    -571.7349 -611.6321 0.7122806
1732.49    -571.5985 -611.6287 0.7122635
1732.5    -571.4622 -611.6254 0.7122464
1732.51    -571.3259 -611.6221 0.7122295
1732.52    -571.1896 -611.6187 0.7122127
1732.53    -571.0533 -611.6154 0.7121961
1732.54    -570.917 -611.6121 0.7121795
1732.55    -570.7808 -611.6089 0.712163
1732.56    -570.6445 -611.6056 0.7121468
1732.57    -570.5083 -611.6023 0.7121308
1732.58    -570.3721 -611.5991 0.712115
1732.59    -570.236 -611.5958 0.7120994
1732.6    -570.0998 -611.5926 0.7120841
1732.61    -569.9637 -611.5894 0.7120695
1732.62    -569.8276 -611.5862 0.7120554
1732.63    -569.6915 -611.5829 0.7120421
1732.64    -569.5554 -611.5797 0.7120293
1732.65    -569.4193 -611.5766 0.7120172
1732.66    -569.2831 -611.5734 0.7120055
1732.67    -569.1471 -611.5703 0.711995
1732.68    -569.011 -611.5671 0.7119856
1732.69    -568.875 -611.564 0.7119773
1732.7    -568.739 -611.5609 0.71197
1732.71    -568.603 -611.5577 0.7119643
1732.72    -568.467 -611.5547 0.7119602
1732.73    -568.331 -611.5516 0.7119576
1732.74    -568.195 -611.5485 0.7119563
1732.75    -568.0591 -611.5455 0.7119563
1732.76    -567.9232 -611.5425 0.7119575
1732.77    -567.7872 -611.5394 0.7119607
1732.78    -567.6514 -611.5364 0.7119658
1732.79    -567.5155 -611.5334 0.7119726
1732.8    -567.3796 -611.5305 0.7119811
1732.81    -567.2438 -611.5275 0.7119917
1732.82    -567.108 -611.5245 0.7120041
1732.83    -566.9722 -611.5216 0.7120184
1732.84    -566.8364 -611.5187 0.7120344
1732.85    -566.7006 -611.5158 0.7120519
1732.86    -566.5649 -611.5129 0.7120712
1732.87    -566.4291 -611.5101 0.7120922
1732.88    -566.2934 -611.5072 0.7121146
1732.89    -566.1577 -611.5043 0.7121385
1732.9    -566.0219 -611.5015 0.7121638
1732.91    -565.8862 -611.4987 0.7121903
1732.92    -565.7505 -611.4959 0.712218
1732.93    -565.6149 -611.4931 0.7122468
1732.94    -565.4792 -611.4904 0.7122768
1732.95    -565.3436 -611.4876 0.7123079
1732.96    -565.2079 -611.4849 0.7123397
1732.97    -565.0723 -611.4822 0.7123726
1732.98    -564.9367 -611.4794 0.7124064
1732.99    -564.8011 -611.4767 0.712441
1733    -564.6656 -611.4741 0.7124763
1733.01    -564.53 -611.4714 0.7125123
1733.02    -564.3945 -611.4688 0.7125491
1733.03    -564.259 -611.4661 0.7125865
1733.04    -564.1235 -611.4636 0.7126244
1733.05    -563.988 -611.4609 0.712663
1733.06    -563.8526 -611.4583 0.7127022
1733.07    -563.7172 -611.4558 0.7127419
1733.08    -563.5817 -611.4532 0.712782
1733.09    -563.4463 -611.4507 0.7128226
1733.1    -563.3109 -611.4481 0.7128637
1733.11    -563.1755 -611.4456 0.7129052
1733.12    -563.0401 -611.4431 0.7129469
1733.13    -562.9047 -611.4406 0.712989
1733.14    -562.7693 -611.4381 0.7130314
1733.15    -562.634 -611.4356 0.7130741
1733.16    -562.4987 -611.4332 0.7131169
1733.17    -562.3633 -611.4307 0.7131599
1733.18    -562.228 -611.4283 0.713203
1733.19    -562.0928 -611.4258 0.7132461
1733.2    -561.9575 -611.4234 0.7132894
1733.21    -561.8223 -611.421 0.7133323
1733.22    -561.687 -611.4186 0.7133747
1733.23    -561.5518 -611.4163 0.7134169
1733.24    -561.4166 -611.4139 0.7134587
1733.25    -561.2814 -611.4115 0.7135002
1733.26    -561.1463 -611.4091 0.7135402
1733.27    -561.0112 -611.4068 0.7135789
1733.28    -560.876 -611.4045 0.7136163
1733.29    -560.7409 -611.4022 0.7136525
1733.3    -560.6058 -611.3999 0.7136875
1733.31    -560.4707 -611.3976 0.7137199
1733.32    -560.3356 -611.3953 0.7137498
1733.33    -560.2006 -611.393 0.7137774
1733.34    -560.0655 -611.3907 0.7138027
1733.35    -559.9304 -611.3885 0.7138259
1733.36    -559.7954 -611.3862 0.7138451
1733.37    -559.6604 -611.384 0.7138605
1733.38    -559.5254 -611.3817 0.7138724
1733.39    -559.3904 -611.3795 0.713881
1733.4    -559.2554 -611.3773 0.7138863
1733.41    -559.1205 -611.3751 0.7138888
1733.42    -558.9855 -611.3729 0.7138863
1733.43    -558.8506 -611.3707 0.7138794
1733.44    -558.7158 -611.3685 0.7138682
1733.45    -558.5809 -611.3663 0.7138529
1733.46    -558.446 -611.3641 0.7138327
1733.47    -558.3115 -611.3619 0.7138079
1733.48    -558.1773 -611.3598 0.7137786
1733.49    -558.0434 -611.3577 0.713745
1733.5    -557.9098 -611.3555 0.7137076
1733.51    -557.7766 -611.3534 0.7136654
1733.52    -557.6436 -611.3513 0.7136188
1733.53    -557.511 -611.3491 0.7135679
1733.54    -557.3787 -611.347 0.7135131
1733.55    -557.2468 -611.3448 0.7134545
1733.56    -557.1151 -611.3427 0.7133919
1733.57    -556.9838 -611.3406 0.7133255
1733.58    -556.8528 -611.3385 0.7132553
1733.59    -556.7222 -611.3364 0.7131819
1733.6    -556.5918 -611.3344 0.7131051
1733.61    -556.4618 -611.3322 0.713025
1733.62    -556.3321 -611.3301 0.7129418
1733.63    -556.2027 -611.3281 0.7128558
1733.64    -556.0736 -611.326 0.7127669
1733.65    -555.9448 -611.3239 0.7126754
1733.66    -555.8164 -611.3218 0.7125812
1733.67    -555.6883 -611.3198 0.7124845
1733.68    -555.5605 -611.3177 0.7123855
1733.69    -555.433 -611.3156 0.7122841
1733.7    -555.3058 -611.3135 0.7121807
1733.71    -555.179 -611.3114 0.7120746
1733.72    -555.0524 -611.3093 0.711966
1733.73    -554.9262 -611.3073 0.7118551
1733.74    -554.8003 -611.3051 0.7117419
1733.75    -554.6747 -611.303 0.7116268
1733.76    -554.5494 -611.301 0.7115086
1733.77    -554.4245 -611.2989 0.7113876
1733.78    -554.2999 -611.2968 0.711264
1733.79    -554.1755 -611.2947 0.7111379
1733.8    -554.0516 -611.2926 0.7110093
1733.81    -553.9279 -611.2905 0.7108775
1733.82    -553.8046 -611.2885 0.7107424
1733.83    -553.6815 -611.2863 0.7106044
1733.84    -553.5588 -611.2842 0.7104636
1733.85    -553.4365 -611.2822 0.7103201
1733.86    -553.3144 -611.28 0.7101731
1733.87    -553.1927 -611.2778 0.710023
1733.88    -553.0713 -611.2757 0.7098697
1733.89    -552.9502 -611.2735 0.7097136
1733.9    -552.8294 -611.2714 0.7095546
1733.91    -552.709 -611.2692 0.7093927
1733.92    -552.5889 -611.267 0.7092279
1733.93    -552.4691 -611.2649 0.7090605
1733.94    -552.3495 -611.2627 0.7088906
1733.95    -552.2303 -611.2604 0.7087182
1733.96    -552.1115 -611.2582 0.7085436
1733.97    -551.993 -611.256 0.7083669
1733.98    -551.8748 -611.2538 0.7081883
1733.99    -551.7568 -611.2515 0.7080078
1734    -551.6392 -611.2492 0.7078255
1734.01    -551.522 -611.2469 0.7076421
1734.02    -551.405 -611.2446 0.7074577
1734.03    -551.2884 -611.2424 0.7072722
1734.04    -551.1721 -611.2401 0.7070858
1734.05    -551.0561 -611.2377 0.7068985
1734.06    -550.9404 -611.2354 0.7067117
1734.07    -550.8251 -611.233 0.7065253
1734.08    -550.7101 -611.2307 0.7063394
1734.09    -550.5954 -611.2283 0.7061538
1734.1    -550.481 -611.2259 0.7059685
1734.11    -550.367 -611.2235 0.7057856
1734.12    -550.2533 -611.2211 0.7056049
1734.13    -550.1399 -611.2187 0.7054263
1734.14    -550.0268 -611.2162 0.7052497
1734.15    -549.914 -611.2138 0.7050748
1734.16    -549.8016 -611.2113 0.704904
1734.17    -549.6895 -611.2089 0.7047371
1734.18    -549.5776 -611.2064 0.7045736
1734.19    -549.4661 -611.2039 0.7044135
1734.2    -549.3549 -611.2014 0.7042566
1734.21    -549.2441 -611.199 0.7041049
1734.22    -549.1335 -611.1965 0.7039579
1734.23    -549.0233 -611.1939 0.7038154
1734.24    -548.9134 -611.1914 0.7036772
1734.25    -548.8038 -611.1888 0.7035431
1734.26    -548.6945 -611.1863 0.7034144
1734.27    -548.5856 -611.1838 0.7032908
1734.28    -548.4769 -611.1813 0.7031718
1734.29    -548.3687 -611.1788 0.7030575
1734.3    -548.2607 -611.1762 0.7029474
1734.31    -548.153 -611.1736 0.7028424
1734.32    -548.0457 -611.171 0.702742
1734.33    -547.9387 -611.1685 0.702646
1734.34    -547.832 -611.1658 0.7025541
1734.35    -547.7256 -611.1633 0.7024662
1734.36    -547.6196 -611.1607 0.7023826
1734.37    -547.5139 -611.1581 0.7023032
1734.38    -547.4084 -611.1555 0.7022275
1734.39    -547.3033 -611.153 0.7021555
1734.4    -547.1985 -611.1504 0.7020869
1734.41    -547.0941 -611.1478 0.7020222
1734.42    -546.99 -611.1451 0.7019612
1734.43    -546.8862 -611.1425 0.7019036
1734.44    -546.7827 -611.1398 0.7018493
1734.45    -546.6794 -611.1372 0.7017981
1734.46    -546.5766 -611.1346 0.701751
1734.47    -546.4741 -611.1319 0.7017079
1734.48    -546.3718 -611.1293 0.7016686
1734.49    -546.2699 -611.1266 0.7016327
1734.5    -546.1683 -611.124 0.7016002
1734.51    -546.067 -611.1214 0.7015724
1734.52    -545.9661 -611.1187 0.701549
1734.53    -545.8657 -611.1161 0.7015297
1734.54    -545.7655 -611.1135 0.7015143
1734.55    -545.6653 -611.1108 0.7015026
1734.56    -545.5651 -611.1082 0.7014956
1734.57    -545.465 -611.1056 0.7014931
1734.58    -545.3648 -611.1029 0.7014948
1734.59    -545.2646 -611.1002 0.7015005
1734.6    -545.1645 -611.0975 0.7015098
1734.61    -545.0644 -611.0948 0.7015234
1734.62    -544.9643 -611.0921 0.7015407
1734.63    -544.8642 -611.0894 0.7015618
1734.64    -544.7641 -611.0867 0.7015864
1734.65    -544.664 -611.084 0.7016143
1734.66    -544.564 -611.0814 0.7016451
1734.67    -544.4639 -611.0787 0.7016789
1734.68    -544.3639 -611.076 0.7017153
1734.69    -544.2639 -611.0733 0.7017543
1734.7    -544.1638 -611.0706 0.7017956
1734.71    -544.0638 -611.0679 0.7018393
1734.72    -543.9638 -611.0652 0.701884
1734.73    -543.8638 -611.0626 0.7019296
1734.74    -543.7639 -611.0599 0.7019763
1734.75    -543.6639 -611.0573 0.7020237
1734.76    -543.564 -611.0546 0.7020708
1734.77    -543.4641 -611.0519 0.7021177
1734.78    -543.3641 -611.0492 0.7021642
1734.79    -543.2642 -611.0465 0.7022104
1734.8    -543.1643 -611.0438 0.7022564
1734.81    -543.0644 -611.0411 0.7023021
1734.82    -542.9645 -611.0385 0.7023458
1734.83    -542.8647 -611.0358 0.7023878
1734.84    -542.7648 -611.0331 0.702428
1734.85    -542.665 -611.0305 0.7024665
1734.86    -542.5651 -611.0278 0.7025035
1734.87    -542.4653 -611.0251 0.7025381
1734.88    -542.3655 -611.0224 0.7025702
1734.89    -542.2657 -611.0197 0.7026001
1734.9    -542.166 -611.017 0.7026279
1734.91    -542.0662 -611.0144 0.7026536
1734.92    -541.9664 -611.0117 0.7026775
1734.93    -541.8667 -611.009 0.7026996
1734.94    -541.7669 -611.0063 0.7027201
1734.95    -541.6671 -611.0037 0.7027389
1734.96    -541.5673 -611.0011 0.7027568
1734.97    -541.4675 -610.9985 0.7027739
1734.98    -541.3677 -610.9959 0.7027903
1734.99    -541.2678 -610.9933 0.702806
1735    -541.168 -610.9907 0.702821
1735.01    -541.0681 -610.988 0.702837
1735.02    -540.9683 -610.9854 0.7028538
1735.03    -540.8683 -610.9828 0.7028714
1735.04    -540.7684 -610.9802 0.7028899
1735.05    -540.6685 -610.9776 0.7029091
1735.06    -540.5686 -610.975 0.7029307
1735.07    -540.4686 -610.9724 0.7029545
1735.08    -540.3687 -610.9697 0.7029805
1735.09    -540.2687 -610.9671 0.7030084
1735.1    -540.1686 -610.9646 0.7030382
1735.11    -540.0687 -610.962 0.7030707
1735.12    -539.9686 -610.9595 0.7031059
1735.13    -539.8686 -610.9569 0.7031435
1735.14    -539.7685 -610.9543 0.7031834
1735.15    -539.6684 -610.9518 0.7032255
1735.16    -539.5683 -610.9492 0.7032697
1735.17    -539.4682 -610.9467 0.7033159
1735.18    -539.3681 -610.9442 0.7033639
1735.19    -539.2679 -610.9416 0.7034137
1735.2    -539.1678 -610.939 0.7034652
1735.21    -539.0676 -610.9365 0.7035171
1735.22    -538.9675 -610.934 0.7035698
1735.23    -538.8672 -610.9316 0.703623
1735.24    -538.767 -610.9291 0.7036767
1735.25    -538.6667 -610.9266 0.7037309
1735.26    -538.5665 -610.9241 0.7037841
1735.27    -538.4662 -610.9216 0.7038363
1735.28    -538.366 -610.9191 0.7038875
1735.29    -538.2656 -610.9166 0.7039378
1735.3    -538.1653 -610.9141 0.7039873
1735.31    -538.0649 -610.9116 0.7040341
1735.32    -537.9646 -610.9092 0.7040785
1735.33    -537.8642 -610.9067 0.7041205
1735.34    -537.7638 -610.9043 0.7041602
1735.35    -537.6633 -610.9019 0.7041979
1735.36    -537.5629 -610.8995 0.7042319
1735.37    -537.4624 -610.897 0.7042621
1735.38    -537.3619 -610.8946 0.704289
1735.39    -537.2614 -610.8922 0.7043128
1735.4    -537.1609 -610.8897 0.7043336
1735.41    -537.0603 -610.8873 0.7043515
1735.42    -536.9597 -610.8849 0.7043655
1735.43    -536.8591 -610.8825 0.7043757
1735.44    -536.7585 -610.8801 0.7043825
1735.45    -536.6579 -610.8777 0.7043859
1735.46    -536.5573 -610.8754 0.7043864
1735.47    -536.4566 -610.873 0.704384
1735.48    -536.3559 -610.8706 0.7043791
1735.49    -536.2552 -610.8683 0.7043716
1735.5    -536.1545 -610.8659 0.7043618
1735.51    -536.0538 -610.8635 0.7043511
1735.52    -535.953 -610.8611 0.7043394
1735.53    -535.8522 -610.8588 0.7043269
1735.54    -535.7514 -610.8564 0.7043136
1735.55    -535.6506 -610.8541 0.7042996
1735.56    -535.5497 -610.8518 0.7042865
1735.57    -535.4489 -610.8495 0.7042743
1735.58    -535.348 -610.8472 0.704263
1735.59    -535.247 -610.8448 0.7042525
1735.6    -535.1461 -610.8425 0.7042428
1735.61    -535.0451 -610.8402 0.7042357
1735.62    -534.9441 -610.8379 0.704231
1735.63    -534.843 -610.8356 0.7042286
1735.64    -534.7419 -610.8333 0.7042283
1735.65    -534.6408 -610.831 0.7042302
1735.66    -534.5397 -610.8287 0.7042351
1735.67    -534.4385 -610.8264 0.7042428
1735.68    -534.3373 -610.8241 0.7042533
1735.69    -534.236 -610.8218 0.7042663
1735.7    -534.1347 -610.8196 0.7042817
1735.71    -534.0334 -610.8173 0.7042996
1735.72    -533.932 -610.8151 0.7043197
1735.73    -533.8306 -610.8128 0.7043419
1735.74    -533.7291 -610.8106 0.7043661
1735.75    -533.6276 -610.8083 0.7043923
1735.76    -533.5261 -610.8061 0.7044202
1735.77    -533.4245 -610.8038 0.7044491
1735.78    -533.3229 -610.8016 0.7044787
1735.79    -533.2212 -610.7993 0.7045092
1735.8    -533.1195 -610.7971 0.7045405
1735.81    -533.0178 -610.7948 0.704571
1735.82    -532.916 -610.7925 0.704601
1735.83    -532.8142 -610.7903 0.7046305
1735.84    -532.7123 -610.788 0.7046594
1735.85    -532.6104 -610.7858 0.7046878
1735.86    -532.5084 -610.7835 0.7047157
1735.87    -532.4064 -610.7813 0.7047407
1735.88    -532.3044 -610.779 0.7047629
1735.89    -532.2023 -610.7767 0.7047825
1735.9    -532.1001 -610.7745 0.7047997
1735.91    -531.9979 -610.7722 0.7048122
1735.92    -531.8957 -610.77 0.7048205
1735.93    -531.7934 -610.7677 0.7048247
1735.94    -531.6911 -610.7654 0.7048251
1735.95    -531.5887 -610.7632 0.7048219
1735.96    -531.4863 -610.7609 0.7048153
1735.97    -531.3839 -610.7587 0.7048038
1735.98    -531.2814 -610.7564 0.7047879
1735.99    -531.1789 -610.7542 0.7047678
1736    -531.0763 -610.7519 0.7047436
1736.01    -530.9737 -610.7496 0.7047156
1736.02    -530.871 -610.7474 0.704684
1736.03    -530.7683 -610.7451 0.704649
1736.04    -530.6655 -610.7429 0.7046107
1736.05    -530.5627 -610.7406 0.7045693
1736.06    -530.4598 -610.7383 0.704526
1736.07    -530.3569 -610.7361 0.7044808
1736.08    -530.254 -610.7338 0.7044338
1736.09    -530.1509 -610.7314 0.7043852
1736.1    -530.0479 -610.7291 0.7043349
1736.11    -529.9448 -610.7267 0.7042847
1736.12    -529.8417 -610.7244 0.7042349
1736.13    -529.7385 -610.7221 0.7041852
1736.14    -529.6353 -610.7198 0.7041357
1736.15    -529.532 -610.7175 0.7040863
1736.16    -529.4288 -610.7151 0.7040389
1736.17    -529.3254 -610.7128 0.7039935
1736.18    -529.222 -610.7104 0.7039499
1736.19    -529.1186 -610.708 0.703908
1736.2    -529.0151 -610.7056 0.7038677
1736.21    -528.9116 -610.7032 0.7038302
1736.22    -528.808 -610.7008 0.7037954
1736.23    -528.7043 -610.6984 0.703763
1736.24    -528.6006 -610.696 0.7037329
1736.25    -528.4969 -610.6937 0.703705
1736.26    -528.3931 -610.6912 0.7036795
1736.27    -528.2893 -610.6887 0.7036563
1736.28    -528.1854 -610.6863 0.7036351
1736.29    -528.0815 -610.6838 0.7036159
1736.3    -527.9776 -610.6814 0.7035986
1736.31    -527.8736 -610.6789 0.7035822
1736.32    -527.7696 -610.6765 0.7035667
1736.33    -527.6655 -610.674 0.703552
1736.34    -527.5614 -610.6715 0.7035381
1736.35    -527.4572 -610.6689 0.7035249
1736.36    -527.353 -610.6664 0.7035107
1736.37    -527.2488 -610.6639 0.7034954
1736.38    -527.1445 -610.6614 0.7034792
1736.39    -527.0401 -610.6589 0.7034621
1736.4    -526.9357 -610.6563 0.7034441
1736.41    -526.8312 -610.6537 0.7034229
1736.42    -526.7267 -610.6512 0.7033989
1736.43    -526.6223 -610.6486 0.7033721
1736.44    -526.5177 -610.646 0.7033427
1736.45    -526.4131 -610.6434 0.703311
1736.46    -526.3085 -610.6409 0.703275
1736.47    -526.2038 -610.6383 0.7032353
1736.48    -526.0991 -610.6357 0.703192
1736.49    -525.9943 -610.6331 0.7031452
1736.5    -525.8894 -610.6305 0.7030952
1736.51    -525.7845 -610.6279 0.7030423
1736.52    -525.6796 -610.6252 0.7029859
1736.53    -525.5746 -610.6226 0.7029266
1736.54    -525.4695 -610.6199 0.7028644
1736.55    -525.3645 -610.6172 0.7027994
1736.56    -525.2594 -610.6145 0.7027325
1736.57    -525.1542 -610.6118 0.7026638
1736.58    -525.0491 -610.6091 0.7025933
1736.59    -524.9438 -610.6063 0.7025211
1736.6    -524.8386 -610.6036 0.7024474
1736.61    -524.7333 -610.6008 0.7023732
1736.62    -524.6279 -610.5981 0.7022988
1736.63    -524.5225 -610.5953 0.7022241
1736.64    -524.4171 -610.5925 0.702149
1736.65    -524.3115 -610.5897 0.7020737
1736.66    -524.206 -610.5869 0.7019993
1736.67    -524.1004 -610.584 0.7019258
1736.68    -523.9948 -610.5811 0.701853
1736.69    -523.8891 -610.5783 0.7017811
1736.7    -523.7834 -610.5755 0.7017098
1736.71    -523.6776 -610.5726 0.70164
1736.72    -523.5718 -610.5697 0.7015715
1736.73    -523.466 -610.5668 0.7015041
1736.74    -523.3601 -610.564 0.701438
1736.75    -523.2542 -610.561 0.701373
1736.76    -523.1481 -610.5582 0.7013089
1736.77    -523.0422 -610.5552 0.7012458
1736.78    -522.9361 -610.5523 0.7011838
1736.79    -522.83 -610.5493 0.7011227
1736.8    -522.7238 -610.5464 0.7010624
1736.81    -522.6176 -610.5434 0.701003
1736.82    -522.5114 -610.5403 0.7009444
1736.83    -522.4052 -610.5374 0.7008864
1736.84    -522.2988 -610.5344 0.7008291
1736.85    -522.1924 -610.5313 0.7007726
1736.86    -522.0861 -610.5282 0.7007167
1736.87    -521.9796 -610.5251 0.7006616
1736.88    -521.8731 -610.5221 0.7006073
1736.89    -521.7665 -610.519 0.7005535
1736.9    -521.66 -610.5158 0.7005005
1736.91    -521.5533 -610.5127 0.7004486
1736.92    -521.4467 -610.5096 0.7003979
1736.93    -521.34 -610.5064 0.7003483
1736.94    -521.2333 -610.5032 0.7002997
1736.95    -521.1265 -610.5 0.7002521
1736.96    -521.0196 -610.4968 0.7002055
1736.97    -520.9127 -610.4935 0.7001606
1736.98    -520.8058 -610.4903 0.7001173
1736.99    -520.6988 -610.4871 0.7000756
1737    -520.5918 -610.4838 0.7000353
1737.01    -520.4847 -610.4805 0.6999965
1737.02    -520.3777 -610.4772 0.6999592
1737.03    -520.2706 -610.4739 0.6999235
1737.04    -520.1634 -610.4706 0.6998893
1737.05    -520.0562 -610.4673 0.6998565
1737.06    -519.9489 -610.4639 0.699825
1737.07    -519.8416 -610.4606 0.6997947
1737.08    -519.7343 -610.4572 0.6997654
1737.09    -519.6268 -610.4538 0.6997374
1737.1    -519.5194 -610.4504 0.6997104
1737.11    -519.4119 -610.447 0.6996843
1737.12    -519.3044 -610.4435 0.6996589
1737.13    -519.1969 -610.4401 0.6996344
1737.14    -519.0893 -610.4366 0.6996108
1737.15    -518.9816 -610.4332 0.6995878
1737.16    -518.874 -610.4296 0.6995651
1737.17    -518.7662 -610.4261 0.6995428
1737.18    -518.6584 -610.4227 0.6995208
1737.19    -518.5506 -610.4191 0.6994991
1737.2    -518.4427 -610.4155 0.6994777
1737.21    -518.3348 -610.412 0.6994561
1737.22    -518.2269 -610.4084 0.6994343
1737.23    -518.119 -610.4048 0.6994123
1737.24    -518.0109 -610.4012 0.6993901
1737.25    -517.9028 -610.3976 0.6993677
1737.26    -517.7947 -610.394 0.6993448
1737.27    -517.6866 -610.3904 0.6993213
1737.28    -517.5784 -610.3867 0.6992975
1737.29    -517.4702 -610.3831 0.6992732
1737.3    -517.3619 -610.3793 0.6992486
1737.31    -517.2536 -610.3757 0.6992235
1737.32    -517.1453 -610.3719 0.6991979
1737.33    -517.0369 -610.3682 0.699172
1737.34    -516.9284 -610.3644 0.6991457
1737.35    -516.8199 -610.3607 0.699119
1737.36    -516.7114 -610.357 0.6990921
1737.37    -516.6028 -610.3532 0.6990647
1737.38    -516.4941 -610.3494 0.6990372
1737.39    -516.3855 -610.3456 0.6990093
1737.4    -516.2768 -610.3418 0.6989812
1737.41    -516.1681 -610.3379 0.6989527
1737.42    -516.0593 -610.334 0.6989241
1737.43    -515.9505 -610.3302 0.6988952
1737.44    -515.8416 -610.3264 0.6988661
1737.45    -515.7327 -610.3224 0.6988368
1737.46    -515.6238 -610.3185 0.6988073
1737.47    -515.5148 -610.3146 0.6987776
1737.48    -515.4058 -610.3107 0.6987477
1737.49    -515.2967 -610.3067 0.6987177
1737.5    -515.1876 -610.3027 0.6986874
1737.51    -515.0784 -610.2988 0.698657
1737.52    -514.9692 -610.2947 0.6986265
1737.53    -514.86 -610.2908 0.6985958
1737.54    -514.7507 -610.2867 0.6985649
1737.55    -514.6414 -610.2827 0.698534
1737.56    -514.532 -610.2786 0.6985028
1737.57    -514.4226 -610.2746 0.6984717
1737.58    -514.3132 -610.2705 0.6984403
1737.59    -514.2037 -610.2664 0.6984088
1737.6    -514.0941 -610.2623 0.6983773
1737.61    -513.9846 -610.2582 0.6983456
1737.62    -513.8749 -610.2541 0.6983138
1737.63    -513.7653 -610.2499 0.6982819
1737.64    -513.6556 -610.2457 0.69825
1737.65    -513.5459 -610.2416 0.698218
1737.66    -513.4362 -610.2374 0.6981859
1737.67    -513.3264 -610.2332 0.6981537
1737.68    -513.2165 -610.2289 0.6981214
1737.69    -513.1066 -610.2247 0.6980891
1737.7    -512.9966 -610.2205 0.6980566
1737.71    -512.8867 -610.2162 0.6980242
1737.72    -512.7767 -610.2119 0.6979916
1737.73    -512.6666 -610.2076 0.697959
1737.74    -512.5565 -610.2033 0.6979265
1737.75    -512.4464 -610.199 0.6978937
1737.76    -512.3362 -610.1946 0.697861
1737.77    -512.226 -610.1903 0.6978281
1737.78    -512.1157 -610.1859 0.6977952
1737.79    -512.0054 -610.1815 0.6977623
1737.8    -511.8951 -610.1771 0.6977293
1737.81    -511.7846 -610.1727 0.6976963
1737.82    -511.6742 -610.1683 0.6976632
1737.83    -511.5638 -610.1639 0.6976302
1737.84    -511.4532 -610.1594 0.697597
1737.85    -511.3427 -610.1549 0.6975638
1737.86    -511.2321 -610.1505 0.6975306
1737.87    -511.1215 -610.146 0.6974974
1737.88    -511.0108 -610.1414 0.6974641
1737.89    -510.9001 -610.1369 0.6974308
1737.9    -510.7894 -610.1324 0.6973975
1737.91    -510.6786 -610.1279 0.697364
1737.92    -510.5677 -610.1232 0.6973307
1737.93    -510.4569 -610.1187 0.6972972
1737.94    -510.3459 -610.1141 0.6972637
1737.95    -510.235 -610.1095 0.6972303
1737.96    -510.124 -610.1048 0.6971968
1737.97    -510.013 -610.1002 0.6971632
1737.98    -509.9019 -610.0955 0.6971297
1737.99    -509.7908 -610.0908 0.6970961
1738    -509.6796 -610.0861 0.6970624
1738.01    -509.5684 -610.0814 0.6970289
1738.02    -509.4572 -610.0767 0.6969952
1738.03    -509.3459 -610.072 0.6969615
1738.04    -509.2346 -610.0673 0.6969278
1738.05    -509.1232 -610.0625 0.6968942
1738.06    -509.0118 -610.0577 0.6968604
1738.07    -508.9004 -610.0529 0.6968266
1738.08    -508.7889 -610.0482 0.6967929
1738.09    -508.6774 -610.0433 0.6967591
1738.1    -508.5659 -610.0385 0.6967253
1738.11    -508.4543 -610.0336 0.6966915
1738.12    -508.3427 -610.0288 0.6966577
1738.13    -508.231 -610.024 0.6966238
1738.14    -508.1193 -610.0191 0.6965899
1738.15    -508.0075 -610.0142 0.696556
1738.16    -507.8957 -610.0093 0.6965222
1738.17    -507.7839 -610.0044 0.6964884
1738.18    -507.672 -609.9995 0.6964546
1738.19    -507.5601 -609.9944 0.6964209
1738.2    -507.4482 -609.9895 0.6963872
1738.21    -507.3362 -609.9846 0.6963537
1738.22    -507.2242 -609.9796 0.6963204
1738.23    -507.1121 -609.9745 0.6962872
1738.24    -507 -609.9695 0.6962543
1738.25    -506.8878 -609.9645 0.6962215
1738.26    -506.7756 -609.9595 0.6961892
1738.27    -506.6634 -609.9545 0.6961575
1738.28    -506.5511 -609.9494 0.6961262
1738.29    -506.4388 -609.9443 0.6960954
1738.3    -506.3265 -609.9393 0.6960649
1738.31    -506.2141 -609.9342 0.6960356
1738.32    -506.1017 -609.929 0.6960071
1738.33    -505.9892 -609.9239 0.6959794
1738.34    -505.8767 -609.9188 0.6959525
1738.35    -505.7642 -609.9136 0.6959264
1738.36    -505.6516 -609.9084 0.6959018
1738.37    -505.539 -609.9033 0.6958784
1738.38    -505.4263 -609.8981 0.6958563
1738.39    -505.3136 -609.8929 0.6958354
1738.4    -505.2008 -609.8877 0.6958156
1738.41    -505.088 -609.8824 0.6957969
1738.42    -504.9752 -609.8771 0.6957808
1738.43    -504.8624 -609.8719 0.6957673
1738.44    -504.7495 -609.8666 0.6957563
1738.45    -504.6365 -609.8613 0.6957476
1738.46    -504.5236 -609.856 0.6957439
1738.47    -504.4106 -609.8507 0.6957449
1738.48    -504.2975 -609.8454 0.6957504
1738.49    -504.1844 -609.84 0.6957602
1738.5    -504.0713 -609.8347 0.695774
1738.51    -503.9582 -609.8293 0.6957916
1738.52    -503.845 -609.8239 0.6958155
1738.53    -503.7318 -609.8185 0.6958453
1738.54    -503.6185 -609.8131 0.6958807
1738.55    -503.5052 -609.8077 0.6959214
1738.56    -503.3919 -609.8022 0.6959684
1738.57    -503.2786 -609.7968 0.6960213
1738.58    -503.1652 -609.7913 0.6960799
1738.59    -503.0518 -609.7858 0.6961438
1738.6    -502.9383 -609.7803 0.6962126
1738.61    -502.8248 -609.7748 0.6962875
1738.62    -502.7113 -609.7693 0.6963678
1738.63    -502.5978 -609.7637 0.6964533
1738.64    -502.4842 -609.7582 0.6965438
1738.65    -502.3706 -609.7526 0.6966389
1738.66    -502.257 -609.747 0.696739
1738.67    -502.1433 -609.7414 0.6968436
1738.68    -502.0296 -609.7358 0.6969526
1738.69    -501.9159 -609.7301 0.6970657
1738.7    -501.8021 -609.7245 0.6971827
1738.71    -501.6884 -609.7188 0.6973033
1738.72    -501.5746 -609.7131 0.6974274
1738.73    -501.4607 -609.7074 0.6975549
1738.74    -501.3468 -609.7017 0.6976854
1738.75    -501.2329 -609.6959 0.6978189
1738.76    -501.119 -609.6902 0.6979553
1738.77    -501.005 -609.6844 0.6980942
1738.78    -500.891 -609.6786 0.6982356
1738.79    -500.7769 -609.6728 0.6983793
1738.8    -500.6629 -609.667 0.6985253
1738.81    -500.5488 -609.6611 0.6986734
1738.82    -500.4347 -609.6553 0.698823
1738.83    -500.3205 -609.6494 0.698974
1738.84    -500.2063 -609.6435 0.6991264
1738.85    -500.0921 -609.6376 0.69928
1738.86    -499.9779 -609.6317 0.699434
1738.87    -499.8636 -609.6257 0.6995885
1738.88    -499.7493 -609.6198 0.6997433
1738.89    -499.6349 -609.6138 0.6998986
1738.9    -499.5206 -609.6078 0.7000542
1738.91    -499.4062 -609.6018 0.700209
1738.92    -499.2918 -609.5957 0.7003632
1738.93    -499.1773 -609.5897 0.7005166
1738.94    -499.0628 -609.5836 0.7006695
1738.95    -498.9483 -609.5775 0.7008218
1738.96    -498.8337 -609.5714 0.7009735
1738.97    -498.7191 -609.5652 0.7011231
1738.98    -498.6046 -609.5591 0.7012711
1738.99    -498.4899 -609.553 0.7014172
1739    -498.3752 -609.5468 0.7015617
1739.01    -498.2605 -609.5406 0.7017046
1739.02    -498.1458 -609.5344 0.7018448
1739.03    -498.031 -609.5281 0.7019823
1739.04    -497.9162 -609.5219 0.7021171
1739.05    -497.8014 -609.5156 0.7022497
1739.06    -497.6866 -609.5093 0.702379
1739.07    -497.5717 -609.503 0.7025053
1739.08    -497.4568 -609.4966 0.7026286
1739.09    -497.3419 -609.4903 0.7027493
1739.1    -497.2269 -609.4839 0.7028674
1739.11    -497.1119 -609.4775 0.7029822
1739.12    -496.9969 -609.4711 0.7030939
1739.13    -496.8818 -609.4647 0.7032027
1739.14    -496.7667 -609.4583 0.7033088
1739.15    -496.6516 -609.4518 0.7034122
1739.16    -496.5364 -609.4453 0.7035128
1739.17    -496.4213 -609.4388 0.703611
1739.18    -496.3061 -609.4324 0.7037065
1739.19    -496.1908 -609.4258 0.7037998
1739.2    -496.0755 -609.4193 0.703891
1739.21    -495.9602 -609.4128 0.70398
1739.22    -495.8449 -609.4062 0.7040672
1739.23    -495.7296 -609.3997 0.7041523
1739.24    -495.6142 -609.3931 0.7042359
1739.25    -495.4987 -609.3865 0.7043177
1739.26    -495.3833 -609.3798 0.7043978
1739.27    -495.2678 -609.3732 0.7044762
1739.28    -495.1523 -609.3666 0.7045529
1739.29    -495.0368 -609.3599 0.7046282
1739.3    -494.9212 -609.3532 0.704702
1739.31    -494.8056 -609.3466 0.7047734
1739.32    -494.69 -609.3399 0.7048424
1739.33    -494.5743 -609.3332 0.7049092
1739.34    -494.4586 -609.3265 0.7049739
1739.35    -494.3429 -609.3197 0.7050366
1739.36    -494.2272 -609.313 0.7050965
1739.37    -494.1114 -609.3063 0.7051537
1739.38    -493.9956 -609.2995 0.7052084
1739.39    -493.8797 -609.2927 0.7052608
1739.4    -493.7639 -609.2859 0.7053109
1739.41    -493.648 -609.2791 0.7053587
1739.42    -493.5321 -609.2723 0.7054044
1739.43    -493.4161 -609.2656 0.7054479
1739.44    -493.3001 -609.2587 0.7054895
1739.45    -493.1841 -609.2519 0.7055293
1739.46    -493.068 -609.2451 0.7055673
1739.47    -492.952 -609.2382 0.7056036
1739.48    -492.8358 -609.2314 0.7056383
1739.49    -492.7197 -609.2245 0.7056717
1739.5    -492.6035 -609.2177 0.7057035
1739.51    -492.4873 -609.2108 0.7057341
1739.52    -492.3711 -609.2038 0.7057633
1739.53    -492.2549 -609.1969 0.7057914
1739.54    -492.1385 -609.19 0.7058184
1739.55    -492.0222 -609.1831 0.7058443
1739.56    -491.9059 -609.1762 0.7058692
1739.57    -491.7895 -609.1693 0.7058931
1739.58    -491.6731 -609.1624 0.7059162
1739.59    -491.5566 -609.1554 0.7059383
1739.6    -491.4402 -609.1484 0.7059597
1739.61    -491.3237 -609.1415 0.7059804
1739.62    -491.2072 -609.1345 0.7060005
1739.63    -491.0906 -609.1276 0.7060201
1739.64    -490.974 -609.1206 0.706039
1739.65    -490.8574 -609.1136 0.7060573
1739.66    -490.7407 -609.1067 0.7060758
1739.67    -490.6241 -609.0997 0.7060943
1739.68    -490.5074 -609.0927 0.7061129
1739.69    -490.3906 -609.0857 0.7061316
1739.7    -490.2738 -609.0787 0.7061504
1739.71    -490.157 -609.0717 0.7061691
1739.72    -490.0402 -609.0646 0.7061878
1739.73    -489.9234 -609.0576 0.7062066
1739.74    -489.8065 -609.0506 0.7062255
1739.75    -489.6895 -609.0436 0.7062443
1739.76    -489.5726 -609.0366 0.7062632
1739.77    -489.4556 -609.0295 0.7062823
1739.78    -489.3386 -609.0225 0.7063012
1739.79    -489.2216 -609.0154 0.7063202
1739.8    -489.1045 -609.0083 0.7063392
1739.81    -488.9874 -609.0012 0.7063583
1739.82    -488.8703 -608.9941 0.7063773
1739.83    -488.7531 -608.9871 0.7063964
1739.84    -488.6359 -608.98 0.7064155
1739.85    -488.5187 -608.9729 0.7064347
1739.86    -488.4015 -608.9658 0.7064539
1739.87    -488.2842 -608.9587 0.7064731
1739.88    -488.1669 -608.9517 0.7064922
1739.89    -488.0495 -608.9446 0.7065113
1739.9    -487.9322 -608.9375 0.7065305
1739.91    -487.8148 -608.9304 0.7065497
1739.92    -487.6973 -608.9233 0.706569
1739.93    -487.5799 -608.9163 0.7065882
1739.94    -487.4623 -608.9092 0.7066074
1739.95    -487.3448 -608.9022 0.7066267
1739.96    -487.2272 -608.8951 0.7066458
1739.97    -487.1096 -608.888 0.7066651
1739.98    -486.992 -608.8809 0.7066844
1739.99    -486.8743 -608.8738 0.7067036
1740    -486.7566 -608.8668 0.7067229
1740.01    -486.6388 -608.8597 0.7067422
1740.02    -486.521 -608.8526 0.7067614
1740.03    -486.4032 -608.8455 0.7067807
1740.04    -486.2853 -608.8385 0.7068
1740.05    -486.1674 -608.8314 0.7068192
1740.06    -486.0495 -608.8243 0.7068385
1740.07    -485.9315 -608.8173 0.7068578
1740.08    -485.8136 -608.8102 0.7068771
1740.09    -485.6955 -608.8031 0.7068964
1740.1    -485.5775 -608.7961 0.7069157
1740.11    -485.4594 -608.7891 0.706935
1740.12    -485.3412 -608.782 0.7069542
1740.13    -485.2231 -608.775 0.7069735
1740.14    -485.1049 -608.7681 0.7069928
1740.15    -484.9866 -608.761 0.7070121
1740.16    -484.8683 -608.754 0.7070314
1740.17    -484.75 -608.7471 0.7070507
1740.18    -484.6317 -608.7402 0.70707
1740.19    -484.5133 -608.7332 0.7070892
1740.2    -484.3949 -608.7263 0.7071085
1740.21    -484.2764 -608.7194 0.7071277
1740.22    -484.158 -608.7124 0.7071471
1740.23    -484.0394 -608.7054 0.7071663
1740.24    -483.9209 -608.6985 0.7071856
1740.25    -483.8023 -608.6917 0.7072049
1740.26    -483.6837 -608.6848 0.7072241
1740.27    -483.565 -608.6779 0.7072434
1740.28    -483.4463 -608.6711 0.7072627
1740.29    -483.3276 -608.6642 0.7072819
1740.3    -483.2088 -608.6574 0.7073012
1740.31    -483.09 -608.6506 0.7073205
1740.32    -482.9712 -608.6438 0.7073397
1740.33    -482.8523 -608.637 0.707359
1740.34    -482.7334 -608.6302 0.7073783
1740.35    -482.6144 -608.6234 0.7073975
1740.36    -482.4954 -608.6166 0.7074168
1740.37    -482.3764 -608.6099 0.707436
1740.38    -482.2574 -608.6031 0.7074553
1740.39    -482.1383 -608.5964 0.7074746
1740.4    -482.0191 -608.5897 0.7074938
1740.41    -481.9 -608.583 0.7075131
1740.42    -481.7808 -608.5764 0.7075323
1740.43    -481.6616 -608.5696 0.7075515
1740.44    -481.5423 -608.563 0.7075708
1740.45    -481.423 -608.5564 0.7075901
1740.46    -481.3036 -608.5497 0.7076093
1740.47    -481.1843 -608.5431 0.7076285
1740.48    -481.0649 -608.5365 0.7076479
1740.49    -480.9454 -608.5299 0.7076671
1740.5    -480.8259 -608.5233 0.7076863
1740.51    -480.7064 -608.5168 0.7077056
1740.52    -480.5869 -608.5102 0.7077248
1740.53    -480.4673 -608.5037 0.7077441
1740.54    -480.3477 -608.4972 0.7077633
1740.55    -480.228 -608.4907 0.7077826
1740.56    -480.1083 -608.4842 0.7078018
1740.57    -479.9886 -608.4777 0.7078211
1740.58    -479.8688 -608.4713 0.7078403
1740.59    -479.749 -608.4648 0.7078595
1740.6    -479.6292 -608.4584 0.7078787
1740.61    -479.5092 -608.452 0.707898
1740.62    -479.3893 -608.4456 0.7079172
1740.63    -479.2694 -608.4392 0.7079363
1740.64    -479.1494 -608.4329 0.7079556
1740.65    -479.0294 -608.4265 0.7079748
1740.66    -478.9094 -608.4202 0.707994
1740.67    -478.7893 -608.4139 0.7080132
1740.68    -478.6692 -608.4075 0.7080324
1740.69    -478.549 -608.4013 0.7080516
1740.7    -478.4288 -608.395 0.7080709
1740.71    -478.3086 -608.3887 0.7080901
1740.72    -478.1883 -608.3826 0.7081093
1740.73    -478.068 -608.3763 0.7081285
1740.74    -477.9476 -608.3702 0.7081476
1740.75    -477.8272 -608.364 0.7081668
1740.76    -477.7068 -608.3578 0.708186
1740.77    -477.5864 -608.3517 0.7082053
1740.78    -477.4659 -608.3455 0.7082245
1740.79    -477.3454 -608.3394 0.7082437
1740.8    -477.2248 -608.3333 0.7082629
1740.81    -477.1042 -608.3272 0.7082821
1740.82    -476.9836 -608.3212 0.7083012
1740.83    -476.863 -608.3151 0.7083204
1740.84    -476.7423 -608.3091 0.7083396
1740.85    -476.6215 -608.3031 0.7083589
1740.86    -476.5007 -608.2971 0.708378
1740.87    -476.3799 -608.2911 0.7083973
1740.88    -476.2591 -608.2852 0.7084165
1740.89    -476.1382 -608.2792 0.7084357
1740.9    -476.0173 -608.2733 0.7084548
1740.91    -475.8964 -608.2674 0.708474
1740.92    -475.7754 -608.2615 0.7084932
1740.93    -475.6544 -608.2557 0.7085124
1740.94    -475.5333 -608.2498 0.7085316
1740.95    -475.4122 -608.244 0.7085507
1740.96    -475.2911 -608.2382 0.7085699
1740.97    -475.17 -608.2325 0.7085891
1740.98    -475.0488 -608.2267 0.7086082
1740.99    -474.9276 -608.221 0.7086273
1741    -474.8063 -608.2153 0.7086465
1741.01    -474.685 -608.2095 0.7086657
1741.02    -474.5637 -608.2039 0.7086849
1741.03    -474.4423 -608.1982 0.708704
1741.04    -474.3209 -608.1926 0.7087232
1741.05    -474.1994 -608.187 0.7087423
1741.06    -474.0779 -608.1815 0.7087615
1741.07    -473.9565 -608.1758 0.7087806
1741.08    -473.8349 -608.1703 0.7087998
1741.09    -473.7133 -608.1648 0.708819
1741.1    -473.5917 -608.1594 0.708838
1741.11    -473.47 -608.1539 0.7088572
1741.12    -473.3483 -608.1484 0.7088764
1741.13    -473.2266 -608.143 0.7088954
1741.14    -473.1048 -608.1376 0.7089146
1741.15    -472.983 -608.1322 0.7089338
1741.16    -472.8612 -608.1269 0.7089529
1741.17    -472.7393 -608.1215 0.708972
1741.18    -472.6175 -608.1163 0.7089912
1741.19    -472.4955 -608.111 0.7090104
1741.2    -472.3735 -608.1057 0.7090294
1741.21    -472.2516 -608.1005 0.7090486
1741.22    -472.1295 -608.0953 0.7090677
1741.23    -472.0074 -608.0901 0.7090868
1741.24    -471.8853 -608.085 0.7091059
1741.25    -471.7632 -608.0798 0.709125
1741.26    -471.641 -608.0747 0.7091441
1741.27    -471.5188 -608.0696 0.7091632
1741.28    -471.3966 -608.0646 0.7091824
1741.29    -471.2743 -608.0596 0.7092014
1741.3    -471.1519 -608.0546 0.7092205
1741.31    -471.0296 -608.0496 0.7092395
1741.32    -470.9072 -608.0447 0.7092587
1741.33    -470.7848 -608.0397 0.7092777
1741.34    -470.6623 -608.0349 0.7092969
1741.35    -470.5398 -608.03 0.709316
1741.36    -470.4173 -608.0251 0.709335
1741.37    -470.2947 -608.0204 0.709354
1741.38    -470.1721 -608.0156 0.7093732
1741.39    -470.0495 -608.0109 0.7093922
1741.4    -469.9268 -608.0062 0.7094113
1741.41    -469.8041 -608.0015 0.7094304
1741.42    -469.6813 -607.9968 0.7094495
1741.43    -469.5586 -607.9922 0.7094686
1741.44    -469.4358 -607.9876 0.7094877
1741.45    -469.3129 -607.9831 0.7095067
1741.46    -469.19 -607.9785 0.7095258
1741.47    -469.0671 -607.9741 0.7095448
1741.48    -468.9442 -607.9696 0.7095639
1741.49    -468.8212 -607.9651 0.709583
1741.5    -468.6982 -607.9608 0.7096021
1741.51    -468.5751 -607.9564 0.7096212
1741.52    -468.452 -607.952 0.7096402
1741.53    -468.3289 -607.9478 0.7096593
1741.54    -468.2057 -607.9435 0.7096784
1741.55    -468.0825 -607.9393 0.7096974
1741.56    -467.9593 -607.935 0.7097165
1741.57    -467.8361 -607.9308 0.7097356
1741.58    -467.7128 -607.9267 0.7097546
1741.59    -467.5894 -607.9225 0.7097737
1741.6    -467.4661 -607.9185 0.7097928
1741.61    -467.3427 -607.9144 0.7098117
1741.62    -467.2193 -607.9105 0.7098309
1741.63    -467.0958 -607.9064 0.70985
1741.64    -466.9723 -607.9025 0.709869
1741.65    -466.8488 -607.8986 0.709888
1741.66    -466.7252 -607.8948 0.7099071
1741.67    -466.6017 -607.8909 0.7099261
1741.68    -466.478 -607.8871 0.7099451
1741.69    -466.3544 -607.8833 0.7099641
1741.7    -466.2307 -607.8795 0.7099832
1741.71    -466.107 -607.8759 0.7100022
1741.72    -465.9833 -607.8722 0.7100212
1741.73    -465.8595 -607.8686 0.7100402
1741.74    -465.7357 -607.8649 0.7100593
1741.75    -465.6119 -607.8614 0.7100784
1741.76    -465.4881 -607.8579 0.7100973
1741.77    -465.3642 -607.8544 0.7101163
1741.78    -465.2403 -607.851 0.7101354
1741.79    -465.1164 -607.8475 0.7101545
1741.8    -464.9924 -607.8442 0.7101735
1741.81    -464.8684 -607.8408 0.7101924
1741.82    -464.7444 -607.8375 0.7102115
1741.83    -464.6204 -607.8342 0.7102306
1741.84    -464.4963 -607.831 0.7102495
1741.85    -464.3723 -607.8278 0.7102686
1741.86    -464.2482 -607.8246 0.7102876
1741.87    -464.1241 -607.8215 0.7103066
1741.88    -463.9999 -607.8184 0.7103257
1741.89    -463.8757 -607.8152 0.7103447
1741.9    -463.7515 -607.8123 0.7103637
1741.91    -463.6273 -607.8093 0.7103828
1741.92    -463.5031 -607.8063 0.7104017
1741.93    -463.3788 -607.8033 0.7104208
1741.94    -463.2545 -607.8005 0.7104398
1741.95    -463.1302 -607.7976 0.7104588
1741.96    -463.0058 -607.7947 0.7104778
1741.97    -462.8815 -607.7919 0.7104968
1741.98    -462.7571 -607.7892 0.7105157
1741.99    -462.6327 -607.7864 0.7105347
1742    -462.5082 -607.7838 0.7105536
1742.01    -462.3838 -607.7811 0.7105726
1742.02    -462.2594 -607.7784 0.7105916
1742.03    -462.1349 -607.7759 0.7106105
1742.04    -462.0104 -607.7733 0.7106295
1742.05    -461.8859 -607.7708 0.7106485
1742.06    -461.7614 -607.7682 0.7106674
1742.07    -461.6368 -607.7657 0.7106863
1742.08    -461.5122 -607.7633 0.7107052
1742.09    -461.3877 -607.7609 0.7107242
1742.1    -461.2631 -607.7585 0.7107432
1742.11    -461.1385 -607.7562 0.7107621
1742.12    -461.0138 -607.7539 0.7107811
1742.13    -460.8892 -607.7516 0.7108001
1742.14    -460.7645 -607.7494 0.710819
1742.15    -460.6398 -607.7472 0.7108379
1742.16    -460.5151 -607.7451 0.7108569
1742.17    -460.3904 -607.7429 0.7108758
1742.18    -460.2657 -607.7408 0.7108948
1742.19    -460.1409 -607.7386 0.7109137
1742.2    -460.0161 -607.7366 0.7109327
1742.21    -459.8914 -607.7347 0.7109517
1742.22    -459.7666 -607.7327 0.7109706
1742.23    -459.6418 -607.7308 0.7109895
1742.24    -459.5169 -607.7288 0.7110084
1742.25    -459.3921 -607.727 0.7110274
1742.26    -459.2672 -607.7251 0.7110464
1742.27    -459.1424 -607.7233 0.7110653
1742.28    -459.0175 -607.7216 0.7110843
1742.29    -458.8925 -607.7198 0.7111033
1742.3    -458.7676 -607.7181 0.7111222
1742.31    -458.6427 -607.7164 0.711141
1742.32    -458.5177 -607.7147 0.7111599
1742.33    -458.3927 -607.7131 0.7111789
1742.34    -458.2677 -607.7115 0.7111978
1742.35    -458.1427 -607.71 0.7112167
1742.36    -458.0177 -607.7084 0.7112356
1742.37    -457.8926 -607.7069 0.7112545
1742.38    -457.7676 -607.7054 0.7112734
1742.39    -457.6425 -607.704 0.7112923
1742.4    -457.5174 -607.7025 0.7113112
1742.41    -457.3923 -607.7012 0.7113302
1742.42    -457.2672 -607.6998 0.7113491
1742.43    -457.142 -607.6984 0.711368
1742.44    -457.0168 -607.6971 0.7113869
1742.45    -456.8916 -607.6958 0.7114058
1742.46    -456.7664 -607.6945 0.7114247
1742.47    -456.6412 -607.6933 0.7114435
1742.48    -456.516 -607.6921 0.7114624
1742.49    -456.3908 -607.6909 0.7114814
1742.5    -456.2655 -607.6897 0.7115003
1742.51    -456.1402 -607.6885 0.7115192
1742.52    -456.015 -607.6874 0.7115381
1742.53    -455.8896 -607.6863 0.711557
1742.54    -455.7643 -607.6853 0.7115759
1742.55    -455.6389 -607.6842 0.7115948
1742.56    -455.5136 -607.6832 0.7116137
1742.57    -455.3882 -607.6822 0.7116326
1742.58    -455.2628 -607.6812 0.7116515
1742.59    -455.1374 -607.6802 0.7116704
1742.6    -455.012 -607.6793 0.7116894
1742.61    -454.8865 -607.6783 0.7117082
1742.62    -454.7611 -607.6774 0.7117271
1742.63    -454.6356 -607.6765 0.711746
1742.64    -454.5101 -607.6756 0.7117649
1742.65    -454.3846 -607.6747 0.7117838
1742.66    -454.2591 -607.674 0.7118027
1742.67    -454.1335 -607.6731 0.7118216
1742.68    -454.008 -607.6723 0.7118405
1742.69    -453.8824 -607.6715 0.7118593
1742.7    -453.7569 -607.6708 0.7118782
1742.71    -453.6313 -607.67 0.711897
1742.72    -453.5057 -607.6693 0.7119159
1742.73    -453.3801 -607.6685 0.7119347
1742.74    -453.2545 -607.6678 0.7119536
1742.75    -453.1288 -607.6671 0.7119725
1742.76    -453.0032 -607.6664 0.7119914
1742.77    -452.8776 -607.6658 0.7120103
1742.78    -452.752 -607.6651 0.712029
1742.79    -452.6264 -607.6644 0.7120479
1742.8    -452.5007 -607.6638 0.7120668
1742.81    -452.3751 -607.6631 0.7120856
1742.82    -452.2495 -607.6625 0.7121044
1742.83    -452.1239 -607.662 0.7121233
1742.84    -451.9983 -607.6614 0.7121421
1742.85    -451.8727 -607.6608 0.7121609
1742.86    -451.7471 -607.6602 0.7121798
1742.87    -451.6216 -607.6595 0.7121986
1742.88    -451.496 -607.6589 0.7122175
1742.89    -451.3705 -607.6584 0.7122362
1742.9    -451.245 -607.6578 0.7122551
1742.91    -451.1195 -607.6573 0.712274
1742.92    -450.994 -607.6567 0.7122928
1742.93    -450.8686 -607.6562 0.7123116
1742.94    -450.7431 -607.6556 0.7123304
1742.95    -450.6176 -607.6551 0.7123492
1742.96    -450.4922 -607.6545 0.7123681
1742.97    -450.3669 -607.654 0.7123868
1742.98    -450.2415 -607.6534 0.7124057
1742.99    -450.1161 -607.6528 0.7124245
1743    -449.9907 -607.6523 0.7124434
