948.41    -646.1184 -614.1921 0.7155815
948.42    -645.9825 -614.1867 0.7155943
948.43    -645.8467 -614.1813 0.7156059
948.44    -645.7108 -614.1758 0.7156166
948.45    -645.5749 -614.1704 0.7156264
948.46    -645.439 -614.165 0.7156351
948.47    -645.3031 -614.1595 0.7156417
948.48    -645.1672 -614.1541 0.7156464
948.49    -645.0314 -614.1486 0.7156491
948.5    -644.8955 -614.1432 0.71565
948.5099    -644.7596 -614.1378 0.7156491
948.52    -644.6238 -614.1323 0.715645
948.53    -644.4879 -614.1269 0.715638
948.54    -644.3521 -614.1215 0.715628
948.55    -644.2162 -614.116 0.7156153
948.56    -644.0803 -614.1106 0.7156
948.57    -643.9445 -614.1052 0.7155812
948.58    -643.8087 -614.0997 0.7155595
948.59    -643.6728 -614.0943 0.7155346
948.6    -643.5369 -614.0888 0.7155069
948.61    -643.4011 -614.0833 0.7154766
948.62    -643.2653 -614.0778 0.7154436
948.63    -643.1295 -614.0723 0.7154081
948.64    -642.9937 -614.0668 0.7153702
948.65    -642.8578 -614.0613 0.7153301
948.66    -642.722 -614.0558 0.7152879
948.67    -642.5862 -614.0504 0.7152435
948.68    -642.4504 -614.0448 0.7151972
948.69    -642.3146 -614.0393 0.7151492
948.7    -642.1788 -614.0338 0.7150993
948.71    -642.043 -614.0283 0.7150477
948.72    -641.9072 -614.0228 0.7149945
948.73    -641.7714 -614.0173 0.7149398
948.74    -641.6356 -614.0118 0.7148836
948.75    -641.4998 -614.0063 0.714826
948.7599    -641.364 -614.0009 0.7147672
948.77    -641.2283 -613.9954 0.7147071
948.78    -641.0925 -613.9899 0.7146459
948.79    -640.9568 -613.9844 0.7145833
948.8    -640.8211 -613.9789 0.7145199
948.81    -640.6854 -613.9733 0.7144554
948.82    -640.5496 -613.9678 0.7143899
948.83    -640.4139 -613.9622 0.7143234
948.84    -640.2781 -613.9567 0.7142561
948.85    -640.1424 -613.9511 0.7141879
948.86    -640.0067 -613.9456 0.714119
948.87    -639.8709 -613.9399 0.7140492
948.88    -639.7352 -613.9344 0.7139788
948.89    -639.5994 -613.9288 0.7139077
948.9    -639.4637 -613.9233 0.7138358
948.91    -639.3279 -613.9177 0.7137634
948.92    -639.1923 -613.9122 0.7136904
948.93    -639.0566 -613.9066 0.7136168
948.94    -638.9209 -613.9011 0.7135426
948.95    -638.7852 -613.8955 0.713468
948.96    -638.6495 -613.89 0.7133929
948.97    -638.5139 -613.8844 0.7133173
948.98    -638.3782 -613.8788 0.7132412
948.99    -638.2425 -613.8733 0.7131648
949    -638.1068 -613.8677 0.7130879
949.0099    -637.9711 -613.8622 0.7130107
949.02    -637.8354 -613.8566 0.7129331
949.03    -637.6998 -613.851 0.7128551
949.04    -637.5641 -613.8453 0.7127768
949.05    -637.4284 -613.8397 0.7126982
949.06    -637.2927 -613.834 0.7126194
949.07    -637.1571 -613.8284 0.7125401
949.08    -637.0215 -613.8228 0.7124607
949.09    -636.8859 -613.8172 0.7123809
949.1    -636.7502 -613.8116 0.712301
949.11    -636.6146 -613.806 0.7122206
949.12    -636.4789 -613.8004 0.7121398
949.13    -636.3433 -613.7947 0.7120582
949.14    -636.2077 -613.7891 0.711976
949.15    -636.0721 -613.7835 0.7118931
949.16    -635.9365 -613.7779 0.7118099
949.17    -635.8008 -613.7723 0.7117253
949.18    -635.6652 -613.7667 0.7116394
949.19    -635.5296 -613.761 0.7115524
949.2    -635.394 -613.7554 0.7114642
949.21    -635.2584 -613.7498 0.7113751
949.22    -635.1227 -613.7442 0.7112849
949.23    -634.9872 -613.7386 0.7111934
949.24    -634.8516 -613.733 0.7111006
949.25    -634.7159 -613.7274 0.7110065
949.2599    -634.5803 -613.7217 0.7109114
949.27    -634.4448 -613.7161 0.7108151
949.28    -634.3092 -613.7105 0.7107178
949.29    -634.1736 -613.7049 0.7106195
949.3    -634.0381 -613.6993 0.7105203
949.31    -633.9025 -613.6937 0.7104201
949.32    -633.767 -613.688 0.7103191
949.33    -633.6314 -613.6824 0.7102172
949.34    -633.4958 -613.6768 0.7101146
949.35    -633.3603 -613.6711 0.7100113
949.36    -633.2247 -613.6655 0.7099073
949.37    -633.0892 -613.6598 0.7098026
949.38    -632.9537 -613.6541 0.7096974
949.39    -632.8181 -613.6484 0.7095914
949.4    -632.6826 -613.6428 0.709485
949.41    -632.547 -613.6371 0.7093779
949.42    -632.4115 -613.6314 0.7092705
949.43    -632.276 -613.6257 0.7091627
949.44    -632.1405 -613.6201 0.7090545
949.45    -632.005 -613.6144 0.7089459
949.46    -631.8695 -613.6087 0.708837
949.47    -631.734 -613.6031 0.7087284
949.48    -631.5985 -613.5975 0.70862
949.49    -631.463 -613.5919 0.7085117
949.5    -631.3275 -613.5862 0.7084038
949.5099    -631.192 -613.5806 0.7082959
949.52    -631.0565 -613.575 0.7081881
949.53    -630.921 -613.5694 0.7080817
949.54    -630.7855 -613.5638 0.7079765
949.55    -630.65 -613.5582 0.7078723
949.56    -630.5145 -613.5526 0.7077694
949.57    -630.379 -613.5469 0.7076674
949.58    -630.2436 -613.5413 0.7075672
949.59    -630.1082 -613.5357 0.7074686
949.6    -629.9727 -613.5301 0.7073716
949.61    -629.8372 -613.5245 0.7072761
949.62    -629.7018 -613.5189 0.7071826
949.63    -629.5663 -613.5133 0.7070912
949.64    -629.4309 -613.5077 0.7070014
949.65    -629.2955 -613.5021 0.7069137
949.66    -629.16 -613.4965 0.7068274
949.67    -629.0246 -613.4908 0.7067437
949.68    -628.8892 -613.4852 0.7066621
949.69    -628.7537 -613.4796 0.7065826
949.7    -628.6183 -613.474 0.7065052
949.71    -628.4828 -613.4684 0.7064297
949.72    -628.3475 -613.4628 0.7063568
949.73    -628.212 -613.4572 0.7062864
949.74    -628.0766 -613.4516 0.7062184
949.75    -627.9412 -613.446 0.7061526
949.7599    -627.8057 -613.4405 0.7060888
949.77    -627.6702 -613.4349 0.7060271
949.78    -627.5349 -613.4294 0.7059678
949.79    -627.3995 -613.4238 0.7059109
949.8    -627.2641 -613.4183 0.7058561
949.81    -627.1287 -613.4127 0.7058035
949.82    -626.9933 -613.4072 0.705753
949.83    -626.858 -613.4016 0.7057045
949.84    -626.7226 -613.3961 0.705658
949.85    -626.5872 -613.3906 0.7056131
949.86    -626.4518 -613.385 0.7055702
949.87    -626.3165 -613.3795 0.7055287
949.88    -626.1811 -613.3739 0.7054889
949.89    -626.0457 -613.3683 0.7054506
949.9    -625.9103 -613.3628 0.7054136
949.91    -625.775 -613.3572 0.705378
949.92    -625.6396 -613.3517 0.7053436
949.93    -625.5043 -613.3461 0.7053104
949.94    -625.369 -613.3406 0.7052784
949.95    -625.2337 -613.335 0.7052475
949.96    -625.0984 -613.3295 0.7052175
949.97    -624.9631 -613.324 0.7051885
949.98    -624.8278 -613.3185 0.7051605
949.99    -624.6924 -613.313 0.7051334
950    -624.5571 -613.3076 0.7051072
950.0099    -624.4218 -613.3021 0.7050816
950.02    -624.2865 -613.2966 0.705057
950.03    -624.1512 -613.2911 0.7050331
950.04    -624.0159 -613.2856 0.7050101
950.05    -623.8806 -613.2801 0.7049876
950.06    -623.7452 -613.2746 0.7049659
950.07    -623.61 -613.2691 0.7049452
950.08    -623.4747 -613.2636 0.7049254
950.09    -623.3394 -613.2581 0.7049065
950.1    -623.2041 -613.2526 0.7048884
950.11    -623.0688 -613.2471 0.7048711
950.12    -622.9335 -613.2416 0.704855
950.13    -622.7983 -613.2361 0.7048399
950.14    -622.663 -613.2307 0.7048259
950.15    -622.5278 -613.2252 0.7048129
950.16    -622.3925 -613.2197 0.7048008
950.17    -622.2573 -613.2142 0.70479
950.18    -622.122 -613.2087 0.7047805
950.19    -621.9868 -613.2032 0.704772
950.2    -621.8515 -613.1976 0.7047647
950.21    -621.7162 -613.1921 0.7047585
950.22    -621.581 -613.1866 0.7047536
950.23    -621.4457 -613.1812 0.7047501
950.24    -621.3105 -613.1757 0.7047477
950.25    -621.1752 -613.1702 0.7047466
950.2599    -621.04 -613.1647 0.7047466
950.27    -620.9047 -613.1592 0.7047477
950.28    -620.7695 -613.1537 0.7047502
950.29    -620.6343 -613.1482 0.7047539
950.3    -620.4991 -613.1427 0.7047587
950.31    -620.364 -613.1372 0.7047648
950.32    -620.2288 -613.1317 0.7047719
950.33    -620.0936 -613.1262 0.70478
950.34    -619.9584 -613.1207 0.7047892
950.35    -619.8232 -613.1152 0.7047993
950.36    -619.688 -613.1097 0.7048102
950.37    -619.5528 -613.1042 0.704822
950.38    -619.4176 -613.0988 0.7048346
950.39    -619.2824 -613.0933 0.7048481
950.4    -619.1472 -613.0878 0.7048621
950.41    -619.012 -613.0823 0.7048769
950.42    -618.8769 -613.0768 0.7048924
950.43    -618.7418 -613.0713 0.7049084
950.44    -618.6066 -613.0658 0.7049251
950.45    -618.4714 -613.0603 0.7049425
950.46    -618.3362 -613.0548 0.7049603
950.47    -618.2011 -613.0494 0.7049786
950.48    -618.066 -613.0439 0.7049974
950.49    -617.9308 -613.0385 0.7050166
950.5    -617.7957 -613.0331 0.7050362
950.5099    -617.6606 -613.0276 0.7050564
950.52    -617.5255 -613.0222 0.7050769
950.53    -617.3903 -613.0168 0.7050977
950.54    -617.2552 -613.0114 0.705119
950.55    -617.1201 -613.006 0.7051406
950.56    -616.9849 -613.0005 0.7051625
950.57    -616.8498 -612.9951 0.7051847
950.58    -616.7147 -612.9897 0.7052073
950.59    -616.5795 -612.9843 0.7052301
950.6    -616.4444 -612.9789 0.7052531
950.61    -616.3093 -612.9736 0.7052765
950.62    -616.1742 -612.9683 0.7053
950.63    -616.0391 -612.9629 0.7053238
950.64    -615.9041 -612.9575 0.7053478
950.65    -615.769 -612.9521 0.7053721
950.66    -615.6339 -612.9468 0.7053965
950.67    -615.4988 -612.9415 0.7054212
950.68    -615.3637 -612.9361 0.7054459
950.69    -615.2286 -612.9308 0.7054709
950.7    -615.0936 -612.9255 0.705496
950.71    -614.9585 -612.9202 0.7055213
950.72    -614.8234 -612.9149 0.7055467
950.73    -614.6884 -612.9096 0.7055724
950.74    -614.5533 -612.9043 0.7055981
950.75    -614.4182 -612.899 0.7056239
950.7599    -614.2831 -612.8937 0.7056499
950.77    -614.1481 -612.8884 0.7056759
950.78    -614.0131 -612.8831 0.7057021
950.79    -613.8781 -612.8779 0.7057284
950.8    -613.743 -612.8726 0.7057547
950.81    -613.6079 -612.8674 0.7057811
950.82    -613.4729 -612.8621 0.7058076
950.83    -613.3379 -612.8569 0.7058343
950.84    -613.2029 -612.8517 0.705861
950.85    -613.0679 -612.8464 0.7058878
950.86    -612.9329 -612.8412 0.7059146
950.87    -612.7979 -612.8359 0.7059415
950.88    -612.6628 -612.8307 0.7059685
950.89    -612.5278 -612.8254 0.7059956
950.9    -612.3928 -612.8203 0.7060227
950.91    -612.2578 -612.8151 0.7060498
950.92    -612.1228 -612.8099 0.706077
950.93    -611.9878 -612.8047 0.7061043
950.94    -611.8528 -612.7996 0.7061316
950.95    -611.7178 -612.7944 0.706159
950.96    -611.5828 -612.7892 0.7061864
950.97    -611.4478 -612.784 0.7062138
950.98    -611.3129 -612.7788 0.7062412
950.99    -611.1779 -612.7736 0.7062687
951    -611.043 -612.7686 0.7062963
951.0099    -610.908 -612.7634 0.7063239
951.02    -610.773 -612.7583 0.7063514
951.03    -610.6381 -612.7532 0.7063788
951.04    -610.5031 -612.748 0.7064063
951.05    -610.3682 -612.7429 0.7064337
951.06    -610.2332 -612.7378 0.7064611
951.07    -610.0983 -612.7327 0.7064882
951.08    -609.9633 -612.7275 0.706515
951.09    -609.8284 -612.7224 0.7065414
951.1    -609.6934 -612.7173 0.7065675
951.11    -609.5585 -612.7123 0.7065935
951.12    -609.4236 -612.7073 0.7066183
951.13    -609.2886 -612.7022 0.706642
951.14    -609.1537 -612.6971 0.7066647
951.15    -609.0187 -612.6921 0.7066866
951.16    -608.8838 -612.687 0.7067075
951.17    -608.7489 -612.6819 0.7067267
951.18    -608.614 -612.6769 0.706744
951.19    -608.4791 -612.6718 0.7067596
951.2    -608.3442 -612.6667 0.7067737
951.21    -608.2094 -612.6617 0.7067862
951.22    -608.0745 -612.6567 0.7067965
951.23    -607.9396 -612.6517 0.7068047
951.24    -607.8047 -612.6467 0.706811
951.25    -607.6698 -612.6417 0.7068154
951.2599    -607.5349 -612.6367 0.706818
951.27    -607.4 -612.6317 0.7068188
951.28    -607.2651 -612.6267 0.7068179
951.29    -607.1302 -612.6217 0.7068154
951.3    -606.9954 -612.6167 0.7068114
951.31    -606.8605 -612.6117 0.7068059
951.32    -606.7256 -612.6067 0.706799
951.33    -606.5908 -612.6017 0.7067909
951.34    -606.456 -612.5967 0.7067814
951.35    -606.3212 -612.5918 0.7067708
951.36    -606.1863 -612.5869 0.706759
951.37    -606.0515 -612.5819 0.7067462
951.38    -605.9167 -612.577 0.7067324
951.39    -605.7819 -612.572 0.7067176
951.4    -605.647 -612.5671 0.7067019
951.41    -605.5122 -612.5621 0.7066853
951.42    -605.3774 -612.5572 0.706668
951.43    -605.2427 -612.5522 0.7066497
951.44    -605.1079 -612.5473 0.7066308
951.45    -604.9731 -612.5424 0.706611
951.46    -604.8384 -612.5375 0.7065905
951.47    -604.7036 -612.5325 0.7065694
951.48    -604.5688 -612.5276 0.7065477
951.49    -604.4341 -612.5227 0.7065253
951.5    -604.2993 -612.5178 0.7065023
951.5099    -604.1646 -612.5129 0.7064787
951.52    -604.0298 -612.5081 0.7064545
951.53    -603.8951 -612.5032 0.7064298
951.54    -603.7603 -612.4983 0.7064046
951.55    -603.6255 -612.4934 0.7063788
951.56    -603.4908 -612.4885 0.7063525
951.57    -603.356 -612.4836 0.7063258
951.58    -603.2213 -612.4788 0.7062986
951.59    -603.0866 -612.4739 0.706271
951.6    -602.9519 -612.469 0.7062429
951.61    -602.8172 -612.4641 0.7062145
951.62    -602.6825 -612.4592 0.7061856
951.63    -602.5478 -612.4543 0.7061564
951.64    -602.4131 -612.4495 0.7061269
951.65    -602.2784 -612.4446 0.706097
951.66    -602.1437 -612.4398 0.7060668
951.67    -602.009 -612.435 0.7060363
951.68    -601.8744 -612.4302 0.7060055
951.69    -601.7397 -612.4254 0.7059743
951.7    -601.6051 -612.4205 0.705943
951.71    -601.4705 -612.4157 0.7059114
951.72    -601.3358 -612.4109 0.7058796
951.73    -601.2012 -612.4061 0.7058474
951.74    -601.0665 -612.4012 0.7058151
951.75    -600.9319 -612.3964 0.7057826
951.7599    -600.7972 -612.3916 0.7057499
951.77    -600.6627 -612.3868 0.705717
951.78    -600.5281 -612.382 0.7056839
951.79    -600.3935 -612.3771 0.7056506
951.8    -600.2589 -612.3723 0.7056172
951.81    -600.1243 -612.3675 0.7055836
951.82    -599.9897 -612.3627 0.7055498
951.83    -599.8552 -612.3578 0.7055159
951.84    -599.7206 -612.353 0.7054818
951.85    -599.586 -612.3483 0.7054476
951.86    -599.4514 -612.3435 0.7054132
951.87    -599.3169 -612.3387 0.7053788
951.88    -599.1824 -612.334 0.7053441
951.89    -599.0479 -612.3293 0.7053094
951.9    -598.9133 -612.3245 0.7052746
951.91    -598.7788 -612.3198 0.7052395
951.92    -598.6443 -612.315 0.7052044
951.93    -598.5098 -612.3102 0.7051693
951.94    -598.3752 -612.3055 0.7051339
951.95    -598.2407 -612.3007 0.7050985
951.96    -598.1062 -612.296 0.7050629
951.97    -597.9717 -612.2912 0.7050273
951.98    -597.8373 -612.2864 0.7049916
951.99    -597.7028 -612.2817 0.7049558
952    -597.5682 -612.2769 0.7049199
952.0099    -597.4337 -612.2722 0.7048839
952.02    -597.2993 -612.2674 0.7048479
952.03    -597.1648 -612.2626 0.7048118
952.04    -597.0303 -612.2579 0.7047756
952.05    -596.8959 -612.2531 0.7047393
952.06    -596.7614 -612.2484 0.704703
952.07    -596.627 -612.2437 0.7046667
952.08    -596.4925 -612.239 0.7046303
952.09    -596.358 -612.2343 0.7045937
952.1    -596.2236 -612.2296 0.7045571
952.11    -596.0891 -612.225 0.7045205
952.12    -595.9547 -612.2203 0.7044838
952.13    -595.8203 -612.2156 0.704447
952.14    -595.6859 -612.2109 0.7044103
952.15    -595.5515 -612.2062 0.7043734
952.16    -595.4171 -612.2015 0.7043365
952.17    -595.2827 -612.1968 0.7042996
952.18    -595.1483 -612.1921 0.7042626
952.19    -595.0139 -612.1874 0.7042255
952.2    -594.8795 -612.1827 0.7041884
952.21    -594.7451 -612.178 0.7041513
952.22    -594.6108 -612.1733 0.7041141
952.23    -594.4764 -612.1686 0.7040769
952.24    -594.3421 -612.1639 0.7040396
952.25    -594.2078 -612.1592 0.7040023
952.2599    -594.0734 -612.1545 0.703965
952.27    -593.9391 -612.1498 0.7039277
952.28    -593.8047 -612.1452 0.7038903
952.29    -593.6704 -612.1406 0.7038528
952.3    -593.5361 -612.1359 0.7038154
952.31    -593.4017 -612.1313 0.7037779
952.32    -593.2675 -612.1266 0.7037404
952.33    -593.1332 -612.122 0.7037028
952.34    -592.9989 -612.1174 0.7036652
952.35    -592.8646 -612.1128 0.7036276
952.36    -592.7303 -612.1082 0.7035899
952.37    -592.5961 -612.1035 0.7035522
952.38    -592.4618 -612.0989 0.7035145
952.39    -592.3275 -612.0942 0.7034767
952.4    -592.1932 -612.0896 0.7034389
952.41    -592.059 -612.085 0.7034011
952.42    -591.9247 -612.0803 0.7033633
952.43    -591.7905 -612.0757 0.7033255
952.44    -591.6563 -612.071 0.7032875
952.45    -591.5221 -612.0664 0.7032496
952.46    -591.3879 -612.0618 0.7032117
952.47    -591.2537 -612.0571 0.7031737
952.48    -591.1194 -612.0525 0.7031357
952.49    -590.9852 -612.0479 0.7030976
952.5    -590.851 -612.0433 0.7030596
952.5099    -590.7168 -612.0388 0.7030216
952.52    -590.5826 -612.0342 0.7029834
952.53    -590.4485 -612.0296 0.7029454
952.54    -590.3143 -612.025 0.7029072
952.55    -590.1802 -612.0204 0.7028691
952.56    -590.046 -612.0159 0.7028308
952.57    -589.9119 -612.0114 0.7027926
952.58    -589.7777 -612.0068 0.7027543
952.59    -589.6436 -612.0022 0.7027161
952.6    -589.5094 -611.9976 0.7026778
952.61    -589.3752 -611.993 0.7026395
952.62    -589.2411 -611.9885 0.7026011
952.63    -589.107 -611.9839 0.7025627
952.64    -588.9729 -611.9793 0.7025244
952.65    -588.8388 -611.9747 0.7024859
952.66    -588.7047 -611.9702 0.7024475
952.67    -588.5707 -611.9656 0.702409
952.68    -588.4366 -611.961 0.7023706
952.69    -588.3026 -611.9564 0.702332
952.7    -588.1686 -611.9518 0.7022936
952.71    -588.0345 -611.9473 0.702255
952.72    -587.9005 -611.9428 0.7022164
952.73    -587.7665 -611.9383 0.7021778
952.74    -587.6324 -611.9338 0.7021393
952.75    -587.4984 -611.9293 0.7021006
952.7599    -587.3644 -611.9247 0.702062
952.77    -587.2304 -611.9202 0.7020233
952.78    -587.0964 -611.9157 0.7019846
952.79    -586.9625 -611.9113 0.7019459
952.8    -586.8285 -611.9067 0.7019071
952.81    -586.6945 -611.9022 0.7018684
952.82    -586.5605 -611.8977 0.7018297
952.83    -586.4266 -611.8932 0.7017908
952.84    -586.2926 -611.8887 0.701752
952.85    -586.1586 -611.8842 0.7017131
952.86    -586.0247 -611.8796 0.7016743
952.87    -585.8907 -611.8751 0.7016354
952.88    -585.7568 -611.8706 0.7015966
952.89    -585.6229 -611.8661 0.7015578
952.9    -585.489 -611.8616 0.7015191
952.91    -585.3551 -611.8571 0.7014803
952.92    -585.2213 -611.8525 0.7014416
952.93    -585.0874 -611.8481 0.7014029
952.94    -584.9536 -611.8436 0.7013645
952.95    -584.8197 -611.8392 0.7013259
952.96    -584.6859 -611.8347 0.7012874
952.97    -584.5521 -611.8303 0.7012492
952.98    -584.4183 -611.8258 0.7012113
952.99    -584.2845 -611.8214 0.7011735
953    -584.1507 -611.8169 0.7011359
953.0099    -584.0169 -611.8125 0.7010985
953.02    -583.8832 -611.808 0.7010614
953.03    -583.7495 -611.8036 0.7010247
953.04    -583.6157 -611.7991 0.7009882
953.05    -583.4821 -611.7947 0.700952
953.06    -583.3484 -611.7902 0.7009162
953.07    -583.2147 -611.7858 0.7008806
953.08    -583.0811 -611.7813 0.7008453
953.09    -582.9474 -611.7769 0.7008103
953.1    -582.8138 -611.7724 0.7007756
953.11    -582.6802 -611.7679 0.7007411
953.12    -582.5467 -611.7635 0.7007068
953.13    -582.4131 -611.7591 0.7006728
953.14    -582.2796 -611.7547 0.700639
953.15    -582.1461 -611.7503 0.7006055
953.16    -582.0125 -611.7459 0.700572
953.17    -581.879 -611.7415 0.7005388
953.18    -581.7455 -611.7371 0.7005057
953.19    -581.6121 -611.7327 0.7004728
953.2    -581.4786 -611.7283 0.70044
953.21    -581.3451 -611.7239 0.7004074
953.22    -581.2117 -611.7195 0.700375
953.23    -581.0782 -611.7151 0.7003427
953.24    -580.9448 -611.7108 0.7003105
953.25    -580.8114 -611.7064 0.7002783
953.2599    -580.678 -611.702 0.7002464
953.27    -580.5447 -611.6976 0.7002145
953.28    -580.4113 -611.6932 0.7001829
953.29    -580.278 -611.6888 0.7001513
953.3    -580.1447 -611.6844 0.7001197
953.31    -580.0114 -611.6801 0.7000883
953.32    -579.8782 -611.6757 0.7000575
953.33    -579.7449 -611.6713 0.700027
953.34    -579.6117 -611.667 0.6999969
953.35    -579.4785 -611.6627 0.6999673
953.36    -579.3452 -611.6583 0.699938
953.37    -579.212 -611.654 0.6999099
953.38    -579.0789 -611.6497 0.6998829
953.39    -578.9457 -611.6453 0.6998569
953.4    -578.8125 -611.641 0.699832
953.41    -578.6793 -611.6367 0.699808
953.42    -578.5462 -611.6323 0.6997859
953.43    -578.4131 -611.628 0.6997657
953.44    -578.28 -611.6237 0.6997473
953.45    -578.1469 -611.6193 0.6997304
953.46    -578.0138 -611.6151 0.6997151
953.47    -577.8807 -611.6107 0.6997026
953.48    -577.7477 -611.6064 0.6996925
953.49    -577.6147 -611.6021 0.6996848
953.5    -577.4817 -611.5977 0.6996794
953.5099    -577.3487 -611.5934 0.6996762
953.52    -577.2157 -611.5891 0.6996758
953.53    -577.0828 -611.5848 0.6996779
953.54    -576.9498 -611.5805 0.6996825
953.55    -576.8169 -611.5762 0.6996896
953.56    -576.684 -611.572 0.6996988
953.57    -576.5511 -611.5677 0.6997102
953.58    -576.4182 -611.5634 0.6997238
953.59    -576.2853 -611.5591 0.6997393
953.6    -576.1525 -611.5549 0.6997566
953.61    -576.0196 -611.5506 0.6997759
953.62    -575.8868 -611.5463 0.6997969
953.63    -575.754 -611.5421 0.6998194
953.64    -575.6212 -611.5378 0.6998436
953.65    -575.4883 -611.5335 0.6998693
953.66    -575.3555 -611.5292 0.6998965
953.67    -575.2228 -611.525 0.6999249
953.68    -575.09 -611.5208 0.6999547
953.69    -574.9573 -611.5165 0.6999859
953.7    -574.8245 -611.5122 0.7000181
953.71    -574.6918 -611.5079 0.7000515
953.72    -574.5591 -611.5037 0.700086
953.73    -574.4265 -611.4995 0.7001215
953.74    -574.2938 -611.4952 0.7001581
953.75    -574.1612 -611.491 0.7001956
953.7599    -574.0286 -611.4868 0.700234
953.77    -573.8959 -611.4826 0.7002733
953.78    -573.7634 -611.4784 0.7003134
953.79    -573.6308 -611.4742 0.7003543
953.8    -573.4982 -611.47 0.7003959
953.81    -573.3657 -611.4658 0.7004384
953.82    -573.2332 -611.4615 0.7004815
953.83    -573.1006 -611.4573 0.7005252
953.84    -572.9681 -611.4531 0.7005696
953.85    -572.8356 -611.4489 0.7006146
953.86    -572.7031 -611.4447 0.7006602
953.87    -572.5707 -611.4405 0.7007064
953.88    -572.4382 -611.4363 0.7007531
953.89    -572.3058 -611.4321 0.7008002
953.9    -572.1733 -611.4279 0.7008479
953.91    -572.0409 -611.4237 0.7008961
953.92    -571.9084 -611.4195 0.7009447
953.93    -571.776 -611.4153 0.7009937
953.94    -571.6436 -611.4112 0.7010431
953.95    -571.5111 -611.407 0.701093
953.96    -571.3787 -611.4029 0.7011431
953.97    -571.2463 -611.3987 0.7011937
953.98    -571.1139 -611.3946 0.7012447
953.99    -570.9815 -611.3904 0.7012959
954    -570.8491 -611.3863 0.7013474
954.0099    -570.7167 -611.3821 0.7013991
954.02    -570.5844 -611.378 0.7014513
954.03    -570.452 -611.3738 0.7015038
954.04    -570.3196 -611.3697 0.7015563
954.05    -570.1872 -611.3655 0.7016093
954.06    -570.0548 -611.3614 0.7016624
954.07    -569.9225 -611.3572 0.7017158
954.08    -569.7902 -611.3531 0.7017694
954.09    -569.6578 -611.3489 0.7018233
954.1    -569.5255 -611.3448 0.7018772
954.11    -569.3931 -611.3406 0.7019315
954.12    -569.2608 -611.3365 0.7019858
954.13    -569.1285 -611.3324 0.7020402
954.14    -568.9962 -611.3282 0.7020947
954.15    -568.8638 -611.3241 0.7021493
954.16    -568.7315 -611.32 0.7022039
954.17    -568.5992 -611.3159 0.7022586
954.18    -568.4669 -611.3118 0.702313
954.19    -568.3345 -611.3077 0.7023675
954.2    -568.2022 -611.3036 0.7024219
954.21    -568.0699 -611.2996 0.7024762
954.22    -567.9376 -611.2955 0.7025304
954.23    -567.8052 -611.2914 0.7025845
954.24    -567.6729 -611.2873 0.7026382
954.25    -567.5406 -611.2832 0.7026917
954.2599    -567.4083 -611.2791 0.7027451
954.27    -567.276 -611.275 0.7027977
954.28    -567.1437 -611.2709 0.7028497
954.29    -567.0115 -611.2669 0.7029011
954.3    -566.8792 -611.2628 0.7029518
954.31    -566.7469 -611.2588 0.7030021
954.32    -566.6147 -611.2548 0.7030506
954.33    -566.4824 -611.2507 0.7030974
954.34    -566.3502 -611.2467 0.7031426
954.35    -566.2179 -611.2427 0.7031864
954.36    -566.0856 -611.2386 0.7032287
954.37    -565.9534 -611.2346 0.7032687
954.38    -565.8211 -611.2306 0.7033065
954.39    -565.6888 -611.2266 0.703342
954.4    -565.5566 -611.2226 0.7033756
954.41    -565.4243 -611.2186 0.7034072
954.42    -565.2921 -611.2145 0.7034363
954.43    -565.1599 -611.2105 0.7034628
954.44    -565.0277 -611.2065 0.703487
954.45    -564.8955 -611.2025 0.7035089
954.46    -564.7633 -611.1985 0.7035286
954.47    -564.6312 -611.1946 0.7035463
954.48    -564.499 -611.1906 0.703562
954.49    -564.3669 -611.1866 0.7035757
954.5    -564.2347 -611.1827 0.7035875
954.5099    -564.1027 -611.1788 0.7035977
954.52    -563.9706 -611.1748 0.7036061
954.53    -563.8385 -611.1708 0.7036129
954.54    -563.7065 -611.1669 0.7036182
954.55    -563.5745 -611.1629 0.703622
954.56    -563.4424 -611.1589 0.7036245
954.57    -563.3105 -611.155 0.7036256
954.58    -563.1785 -611.151 0.7036254
954.59    -563.0466 -611.1471 0.703624
954.6    -562.9146 -611.1432 0.7036213
954.61    -562.7827 -611.1393 0.7036177
954.62    -562.6508 -611.1354 0.7036129
954.63    -562.5189 -611.1315 0.7036071
954.64    -562.387 -611.1276 0.7036003
954.65    -562.2551 -611.1237 0.7035926
954.66    -562.1232 -611.1198 0.703584
954.67    -561.9913 -611.1159 0.7035745
954.68    -561.8595 -611.112 0.7035643
954.69    -561.7277 -611.1081 0.7035533
954.7    -561.5958 -611.1042 0.7035415
954.71    -561.4641 -611.1004 0.7035289
954.72    -561.3322 -611.0966 0.7035157
954.73    -561.2004 -611.0927 0.7035019
954.74    -561.0687 -611.0889 0.7034875
954.75    -560.937 -611.0851 0.7034724
954.7599    -560.8052 -611.0812 0.7034568
954.77    -560.6735 -611.0774 0.7034406
954.78    -560.5419 -611.0736 0.7034239
954.79    -560.4102 -611.0698 0.7034068
954.8    -560.2786 -611.066 0.703389
954.81    -560.1469 -611.0623 0.7033709
954.82    -560.0153 -611.0585 0.7033524
954.83    -559.8837 -611.0547 0.7033334
954.84    -559.7521 -611.051 0.7033141
954.85    -559.6205 -611.0473 0.7032943
954.86    -559.489 -611.0436 0.7032741
954.87    -559.3574 -611.0399 0.7032536
954.88    -559.2259 -611.0362 0.7032328
954.89    -559.0944 -611.0325 0.7032116
954.9    -558.9628 -611.0288 0.7031902
954.91    -558.8313 -611.0252 0.7031684
954.92    -558.6998 -611.0215 0.7031463
954.93    -558.5683 -611.0179 0.703124
954.94    -558.4368 -611.0142 0.7031015
954.95    -558.3054 -611.0106 0.7030786
954.96    -558.174 -611.007 0.7030556
954.97    -558.0425 -611.0034 0.7030323
954.98    -557.9111 -610.9999 0.7030088
954.99    -557.7797 -610.9963 0.702985
955    -557.6484 -610.9927 0.7029611
955.0099    -557.517 -610.9891 0.7029369
955.02    -557.3857 -610.9857 0.7029129
955.03    -557.2543 -610.9821 0.7028889
955.04    -557.123 -610.9786 0.702865
955.05    -556.9918 -610.9751 0.702841
955.06    -556.8605 -610.9716 0.7028172
955.07    -556.7292 -610.9681 0.7027937
955.08    -556.598 -610.9647 0.7027705
955.09    -556.4668 -610.9612 0.7027476
955.1    -556.3356 -610.9578 0.702725
955.11    -556.2043 -610.9544 0.7027026
955.12    -556.0732 -610.951 0.7026806
955.13    -555.942 -610.9476 0.7026588
955.14    -555.8109 -610.9443 0.7026374
955.15    -555.6797 -610.941 0.7026162
955.16    -555.5485 -610.9376 0.7025954
955.17    -555.4174 -610.9343 0.7025747
955.18    -555.2863 -610.9309 0.7025543
955.19    -555.1552 -610.9277 0.7025342
955.2    -555.0241 -610.9244 0.7025143
955.21    -554.893 -610.9211 0.7024946
955.22    -554.762 -610.9178 0.7024752
955.23    -554.6309 -610.9146 0.702456
955.24    -554.4999 -610.9114 0.7024371
955.25    -554.3689 -610.9082 0.7024184
955.2599    -554.2379 -610.905 0.7023999
955.27    -554.1069 -610.9018 0.7023821
955.28    -553.976 -610.8987 0.702365
955.29    -553.845 -610.8955 0.7023485
955.3    -553.7141 -610.8924 0.7023326
955.31    -553.5832 -610.8893 0.7023174
955.32    -553.4523 -610.8862 0.7023026
955.33    -553.3214 -610.8831 0.7022896
955.34    -553.1906 -610.8801 0.7022781
955.35    -553.0597 -610.8771 0.7022682
955.36    -552.9288 -610.874 0.7022597
955.37    -552.798 -610.871 0.7022535
955.38    -552.6672 -610.868 0.7022495
955.39    -552.5364 -610.8651 0.7022475
955.4    -552.4056 -610.8621 0.7022476
955.41    -552.2748 -610.8591 0.7022495
955.42    -552.1441 -610.8562 0.7022542
955.43    -552.0134 -610.8533 0.7022617
955.44    -551.8826 -610.8504 0.7022716
955.45    -551.7519 -610.8475 0.702284
955.46    -551.6212 -610.8446 0.7022988
955.47    -551.4905 -610.8418 0.7023163
955.48    -551.3598 -610.8389 0.7023365
955.49    -551.2291 -610.8361 0.7023593
955.5    -551.0984 -610.8333 0.7023845
955.5099    -550.9678 -610.8305 0.7024121
955.52    -550.8372 -610.8277 0.7024419
955.53    -550.707 -610.825 0.702474
955.54    -550.577 -610.8223 0.7025082
955.55    -550.4474 -610.8195 0.7025444
955.56    -550.3181 -610.8168 0.7025825
955.57    -550.1891 -610.8141 0.7026226
955.58    -550.0604 -610.8115 0.7026644
955.59    -549.9321 -610.8089 0.702708
955.6    -549.804 -610.8063 0.7027532
955.61    -549.6763 -610.8036 0.7028
955.62    -549.5489 -610.8011 0.7028483
955.63    -549.4218 -610.7986 0.702898
955.64    -549.295 -610.796 0.702949
955.65    -549.1686 -610.7935 0.7030015
955.66    -549.0425 -610.7911 0.7030551
955.67    -548.9167 -610.7886 0.7031101
955.68    -548.7912 -610.7861 0.7031662
955.69    -548.666 -610.7838 0.7032235
955.7    -548.5412 -610.7813 0.7032818
955.71    -548.4167 -610.7789 0.7033411
955.72    -548.2925 -610.7766 0.7034013
955.73    -548.1686 -610.7743 0.7034626
955.74    -548.045 -610.772 0.7035247
955.75    -547.9218 -610.7697 0.7035877
955.7599    -547.7989 -610.7673 0.7036515
955.77    -547.6763 -610.7651 0.7037161
955.78    -547.554 -610.7629 0.7037815
955.79    -547.4321 -610.7606 0.7038476
955.8    -547.3104 -610.7584 0.7039144
955.81    -547.1891 -610.7562 0.7039818
955.82    -547.0681 -610.7541 0.7040499
955.83    -546.9474 -610.752 0.7041185
955.84    -546.8271 -610.7498 0.7041879
955.85    -546.707 -610.7477 0.7042577
955.86    -546.5873 -610.7457 0.704328
955.87    -546.4679 -610.7436 0.7043989
955.88    -546.3488 -610.7415 0.7044703
955.89    -546.23 -610.7395 0.704542
955.9    -546.1116 -610.7375 0.7046143
955.91    -545.9934 -610.7355 0.704687
955.92    -545.8756 -610.7336 0.7047601
955.93    -545.7581 -610.7316 0.7048336
955.94    -545.6409 -610.7297 0.7049074
955.95    -545.524 -610.7278 0.7049816
955.96    -545.4075 -610.7259 0.705056
955.97    -545.2913 -610.724 0.7051309
955.98    -545.1754 -610.7221 0.705206
955.99    -545.0598 -610.7203 0.7052816
956    -544.9445 -610.7185 0.7053573
956.0099    -544.8295 -610.7167 0.7054334
956.02    -544.7149 -610.7148 0.7055096
956.03    -544.6006 -610.7131 0.7055862
956.04    -544.4866 -610.7114 0.7056628
956.05    -544.3729 -610.7096 0.7057399
956.06    -544.2596 -610.7079 0.705817
956.07    -544.1465 -610.7062 0.7058944
956.08    -544.0339 -610.7045 0.7059718
956.09    -543.9215 -610.7028 0.7060493
956.1    -543.8094 -610.7011 0.706127
956.11    -543.6977 -610.6995 0.7062047
956.12    -543.5863 -610.6978 0.7062825
956.13    -543.4752 -610.6962 0.7063605
956.14    -543.3644 -610.6946 0.7064384
956.15    -543.254 -610.6929 0.7065164
956.16    -543.1438 -610.6913 0.7065945
956.17    -543.034 -610.6898 0.7066725
956.18    -542.9245 -610.6882 0.7067506
956.19    -542.8153 -610.6866 0.7068288
956.2    -542.7064 -610.685 0.7069071
956.21    -542.5978 -610.6834 0.7069852
956.22    -542.4896 -610.6818 0.7070634
956.23    -542.3817 -610.6803 0.7071412
956.24    -542.2741 -610.6788 0.7072189
956.25    -542.1668 -610.6772 0.7072966
956.2599    -542.0598 -610.6757 0.707374
956.27    -541.9532 -610.6742 0.7074508
956.28    -541.8469 -610.6727 0.7075272
956.29    -541.7408 -610.6711 0.707603
956.3    -541.6351 -610.6696 0.7076784
956.31    -541.5298 -610.6681 0.7077533
956.32    -541.4247 -610.6666 0.7078279
956.33    -541.32 -610.6652 0.7079015
956.34    -541.2156 -610.6637 0.7079744
956.35    -541.1116 -610.6622 0.7080466
956.36    -541.0078 -610.6608 0.708118
956.37    -540.9044 -610.6593 0.7081882
956.38    -540.8013 -610.6578 0.7082574
956.39    -540.6985 -610.6564 0.7083255
956.4    -540.596 -610.6549 0.7083926
956.41    -540.4938 -610.6534 0.7084588
956.42    -540.392 -610.6519 0.7085235
956.43    -540.2905 -610.6505 0.7085868
956.44    -540.1893 -610.649 0.7086487
956.45    -540.0884 -610.6475 0.7087095
956.46    -539.9879 -610.646 0.7087689
956.47    -539.8876 -610.6445 0.7088267
956.48    -539.7877 -610.6431 0.7088827
956.49    -539.6881 -610.6416 0.7089372
956.5    -539.5888 -610.6401 0.7089901
956.5099    -539.4898 -610.6386 0.7090416
956.52    -539.3912 -610.6371 0.7090913
956.53    -539.2928 -610.6357 0.7091393
956.54    -539.1948 -610.6342 0.7091857
956.55    -539.0971 -610.6327 0.7092305
956.56    -538.9998 -610.6312 0.7092738
956.57    -538.9027 -610.6298 0.7093154
956.58    -538.806 -610.6283 0.7093554
956.59    -538.7095 -610.6268 0.7093938
956.6    -538.6135 -610.6253 0.7094308
956.61    -538.5177 -610.6238 0.7094663
956.62    -538.4222 -610.6224 0.7095003
956.63    -538.3272 -610.6208 0.709533
956.64    -538.2327 -610.6194 0.7095644
956.65    -538.1382 -610.6179 0.7095945
956.66    -538.0437 -610.6164 0.7096235
956.67    -537.9493 -610.6148 0.7096512
956.68    -537.8549 -610.6133 0.7096779
956.69    -537.7604 -610.6118 0.7097034
956.7    -537.666 -610.6102 0.709728
956.71    -537.5716 -610.6086 0.7097516
956.72    -537.4772 -610.607 0.7097743
956.73    -537.3829 -610.6054 0.709796
956.74    -537.2885 -610.6038 0.7098168
956.75    -537.1942 -610.6022 0.7098368
956.7599    -537.0998 -610.6006 0.7098561
956.77    -537.0055 -610.5989 0.7098746
956.78    -536.9112 -610.5972 0.7098925
956.79    -536.8169 -610.5956 0.7099096
956.8    -536.7226 -610.5939 0.709926
956.81    -536.6283 -610.5922 0.7099418
956.82    -536.5341 -610.5906 0.709957
956.83    -536.4398 -610.5889 0.7099717
956.84    -536.3456 -610.5872 0.7099858
956.85    -536.2513 -610.5856 0.7099993
956.86    -536.1571 -610.5839 0.7100124
956.87    -536.0629 -610.5822 0.710025
956.88    -535.9688 -610.5804 0.7100371
956.89    -535.8746 -610.5787 0.7100488
956.9    -535.7804 -610.577 0.7100601
956.91    -535.6862 -610.5752 0.7100709
956.92    -535.5921 -610.5734 0.7100813
956.93    -535.498 -610.5716 0.7100914
956.94    -535.4039 -610.5698 0.7101011
956.95    -535.3098 -610.5681 0.7101104
956.96    -535.2156 -610.5662 0.7101195
956.97    -535.1215 -610.5643 0.7101282
956.98    -535.0275 -610.5625 0.7101368
956.99    -534.9334 -610.5606 0.7101449
957    -534.8394 -610.5587 0.7101528
957.0099    -534.7453 -610.5568 0.7101604
957.02    -534.6512 -610.5549 0.7101678
957.03    -534.5572 -610.553 0.710175
957.04    -534.4631 -610.551 0.7101819
957.05    -534.3691 -610.549 0.7101886
957.06    -534.275 -610.5471 0.7101951
957.07    -534.181 -610.5451 0.7102014
957.08    -534.0869 -610.5431 0.7102076
957.09    -533.9929 -610.5411 0.7102135
957.1    -533.8988 -610.5391 0.7102194
957.11    -533.8047 -610.537 0.7102251
957.12    -533.7107 -610.535 0.7102306
957.13    -533.6166 -610.5329 0.710236
957.14    -533.5226 -610.5308 0.7102414
957.15    -533.4285 -610.5287 0.7102467
957.16    -533.3344 -610.5266 0.7102519
957.17    -533.2402 -610.5245 0.710257
957.18    -533.1461 -610.5223 0.7102621
957.19    -533.052 -610.5202 0.7102671
957.2    -532.9578 -610.518 0.710272
957.21    -532.8636 -610.5159 0.7102769
957.22    -532.7695 -610.5137 0.7102818
957.23    -532.6753 -610.5114 0.7102866
957.24    -532.5811 -610.5092 0.7102914
957.25    -532.4868 -610.507 0.7102962
957.2599    -532.3925 -610.5047 0.7103009
957.27    -532.2982 -610.5024 0.7103055
957.28    -532.2039 -610.5002 0.7103102
957.29    -532.1096 -610.4979 0.7103147
957.3    -532.0151 -610.4955 0.7103193
957.31    -531.9207 -610.4932 0.7103238
957.32    -531.8262 -610.4908 0.7103283
957.33    -531.7318 -610.4885 0.7103328
957.34    -531.6372 -610.4861 0.7103372
957.35    -531.5426 -610.4838 0.7103416
957.36    -531.4479 -610.4814 0.710346
957.37    -531.3533 -610.4789 0.7103503
957.38    -531.2585 -610.4766 0.7103546
957.39    -531.1638 -610.4741 0.710359
957.4    -531.0689 -610.4716 0.7103633
957.41    -530.974 -610.4692 0.7103675
957.42    -530.8791 -610.4667 0.7103716
957.43    -530.7841 -610.4642 0.7103755
957.44    -530.6891 -610.4617 0.7103794
957.45    -530.594 -610.4592 0.7103831
957.46    -530.4988 -610.4566 0.7103866
957.47    -530.4037 -610.454 0.7103899
957.48    -530.3085 -610.4515 0.7103931
957.49    -530.2132 -610.4489 0.7103961
957.5    -530.1179 -610.4463 0.7103989
957.5099    -530.0225 -610.4437 0.7104015
957.52    -529.927 -610.441 0.7104041
957.53    -529.8315 -610.4384 0.7104065
957.54    -529.7359 -610.4357 0.7104088
957.55    -529.6403 -610.433 0.7104109
957.56    -529.5446 -610.4303 0.7104129
957.57    -529.4489 -610.4276 0.7104148
957.58    -529.353 -610.4248 0.7104166
957.59    -529.2571 -610.4221 0.7104183
957.6    -529.1612 -610.4193 0.7104199
957.61    -529.0652 -610.4165 0.7104213
957.62    -528.9691 -610.4137 0.7104228
957.63    -528.873 -610.4108 0.710424
957.64    -528.7768 -610.408 0.7104252
957.65    -528.6805 -610.4052 0.7104263
957.66    -528.5842 -610.4023 0.7104273
957.67    -528.4879 -610.3994 0.7104283
957.68    -528.3914 -610.3965 0.7104291
957.69    -528.2949 -610.3936 0.7104299
957.7    -528.1983 -610.3907 0.7104306
957.71    -528.1016 -610.3877 0.7104312
957.72    -528.0049 -610.3848 0.7104318
957.73    -527.9081 -610.3818 0.7104322
957.74    -527.8112 -610.3787 0.7104326
957.75    -527.7142 -610.3757 0.7104329
957.7599    -527.6172 -610.3727 0.7104332
957.77    -527.5201 -610.3696 0.7104334
957.78    -527.4229 -610.3666 0.7104335
957.79    -527.3257 -610.3635 0.7104336
957.8    -527.2283 -610.3604 0.7104336
957.81    -527.1309 -610.3573 0.7104336
957.82    -527.0334 -610.3541 0.7104336
957.83    -526.9359 -610.351 0.7104335
957.84    -526.8383 -610.3478 0.7104333
957.85    -526.7405 -610.3446 0.7104331
957.86    -526.6428 -610.3414 0.7104329
957.87    -526.5449 -610.3383 0.7104326
957.88    -526.447 -610.335 0.7104322
957.89    -526.349 -610.3317 0.7104319
957.9    -526.2509 -610.3285 0.7104315
957.91    -526.1528 -610.3251 0.710431
957.92    -526.0546 -610.3218 0.7104306
957.93    -525.9562 -610.3185 0.7104301
957.94    -525.8578 -610.3152 0.7104295
957.95    -525.7594 -610.3118 0.710429
957.96    -525.6608 -610.3084 0.7104284
957.97    -525.5623 -610.3051 0.7104278
957.98    -525.4636 -610.3016 0.7104271
957.99    -525.3648 -610.2982 0.7104265
958    -525.266 -610.2947 0.7104258
958.0099    -525.1671 -610.2913 0.7104251
958.02    -525.0681 -610.2878 0.7104243
958.03    -524.969 -610.2843 0.7104236
958.04    -524.8699 -610.2808 0.7104228
958.05    -524.7706 -610.2772 0.710422
958.06    -524.6713 -610.2737 0.7104211
958.07    -524.572 -610.2701 0.7104203
958.08    -524.4725 -610.2665 0.7104195
958.09    -524.373 -610.2629 0.7104186
958.1    -524.2734 -610.2592 0.7104177
958.11    -524.1738 -610.2556 0.7104169
958.12    -524.074 -610.2519 0.7104159
958.13    -523.9742 -610.2482 0.7104149
958.14    -523.8744 -610.2446 0.710414
958.15    -523.7744 -610.2408 0.710413
958.16    -523.6744 -610.2371 0.7104121
958.17    -523.5743 -610.2333 0.7104109
958.18    -523.4741 -610.2295 0.7104095
958.19    -523.3739 -610.2257 0.7104079
958.2    -523.2736 -610.2219 0.7104061
958.21    -523.1732 -610.2181 0.7104039
958.22    -523.0727 -610.2142 0.7104017
958.23    -522.9722 -610.2103 0.7103985
958.24    -522.8715 -610.2065 0.7103943
958.25    -522.7708 -610.2025 0.7103891
958.2599    -522.67 -610.1986 0.7103832
958.27    -522.5692 -610.1947 0.7103754
958.28    -522.4683 -610.1907 0.7103659
958.29    -522.3674 -610.1867 0.7103547
958.3    -522.2663 -610.1827 0.710342
958.31    -522.1652 -610.1786 0.7103278
958.32    -522.064 -610.1746 0.7103122
958.33    -521.9627 -610.1705 0.7102944
958.34    -521.8615 -610.1664 0.7102746
958.35    -521.76 -610.1624 0.7102526
958.36    -521.6585 -610.1582 0.710229
958.37    -521.5569 -610.1541 0.7102031
958.38    -521.4553 -610.1498 0.7101751
958.39    -521.3536 -610.1457 0.7101452
958.4    -521.2518 -610.1415 0.7101134
958.41    -521.15 -610.1372 0.7100799
958.42    -521.048 -610.133 0.7100446
958.43    -520.946 -610.1287 0.7100077
958.44    -520.844 -610.1244 0.709969
958.45    -520.7418 -610.1201 0.709929
958.46    -520.6396 -610.1157 0.7098873
958.47    -520.5373 -610.1114 0.7098443
958.48    -520.4349 -610.107 0.7097999
958.49    -520.3325 -610.1026 0.7097542
958.5    -520.23 -610.0981 0.7097072
958.5099    -520.1274 -610.0938 0.709659
958.52    -520.0248 -610.0893 0.7096097
958.53    -519.9221 -610.0848 0.7095593
958.54    -519.8193 -610.0803 0.7095078
958.55    -519.7165 -610.0757 0.7094553
958.56    -519.6135 -610.0712 0.7094018
958.57    -519.5106 -610.0667 0.7093473
958.58    -519.4075 -610.0621 0.7092918
958.59    -519.3043 -610.0575 0.7092352
958.6    -519.2011 -610.0529 0.7091777
958.61    -519.0978 -610.0482 0.7091193
958.62    -518.9945 -610.0435 0.7090591
958.63    -518.8911 -610.0389 0.7089971
958.64    -518.7876 -610.0342 0.7089335
958.65    -518.684 -610.0294 0.7088682
958.66    -518.5804 -610.0247 0.7088013
958.67    -518.4767 -610.0199 0.7087331
958.68    -518.3729 -610.0151 0.7086617
958.69    -518.2691 -610.0104 0.7085874
958.7    -518.1652 -610.0055 0.7085102
958.71    -518.0612 -610.0007 0.7084302
958.72    -517.9572 -609.9958 0.7083467
958.73    -517.853 -609.9909 0.7082596
958.74    -517.7488 -609.986 0.7081693
958.75    -517.6446 -609.9811 0.7080758
958.7599    -517.5403 -609.9761 0.7079793
958.77    -517.4359 -609.9711 0.7078799
958.78    -517.3315 -609.9661 0.7077773
958.79    -517.227 -609.9611 0.7076716
958.8    -517.1224 -609.9561 0.7075631
958.81    -517.0178 -609.9509 0.7074518
958.82    -516.9131 -609.9459 0.7073378
958.83    -516.8083 -609.9408 0.7072213
958.84    -516.7035 -609.9356 0.7071022
958.85    -516.5986 -609.9305 0.7069809
958.86    -516.4936 -609.9253 0.7068574
958.87    -516.3887 -609.9201 0.7067316
958.88    -516.2836 -609.9149 0.7066039
958.89    -516.1784 -609.9097 0.7064741
958.9    -516.0732 -609.9044 0.7063426
958.91    -515.9679 -609.8991 0.7062091
958.92    -515.8625 -609.8939 0.706074
958.93    -515.7571 -609.8885 0.7059372
958.94    -515.6517 -609.8832 0.7057988
958.95    -515.5461 -609.8777 0.7056589
958.96    -515.4406 -609.8724 0.7055176
958.97    -515.3348 -609.867 0.7053749
958.98    -515.2291 -609.8615 0.7052309
958.99    -515.1234 -609.8561 0.7050857
959    -515.0175 -609.8506 0.7049394
959.0099    -514.9116 -609.8451 0.704792
959.02    -514.8056 -609.8395 0.7046439
959.03    -514.6996 -609.834 0.7044954
959.04    -514.5935 -609.8285 0.7043462
959.05    -514.4873 -609.8229 0.7041966
959.06    -514.381 -609.8173 0.7040465
959.07    -514.2748 -609.8116 0.7038969
959.08    -514.1685 -609.806 0.7037477
959.09    -514.062 -609.8002 0.703599
959.1    -513.9555 -609.7946 0.7034507
959.11    -513.8489 -609.7889 0.7033029
959.12    -513.7424 -609.7831 0.7031569
959.13    -513.6357 -609.7773 0.7030128
959.14    -513.5289 -609.7715 0.7028704
959.15    -513.4221 -609.7657 0.7027296
959.16    -513.3152 -609.7598 0.7025903
959.17    -513.2083 -609.754 0.7024527
959.18    -513.1013 -609.7481 0.7023185
959.19    -512.9943 -609.7422 0.7021878
959.2    -512.8871 -609.7363 0.7020605
959.21    -512.78 -609.7303 0.7019362
959.22    -512.6727 -609.7244 0.7018149
959.23    -512.5654 -609.7184 0.7016982
959.24    -512.4581 -609.7123 0.7015859
959.25    -512.3506 -609.7064 0.7014779
959.2599    -512.2432 -609.7003 0.7013738
959.27    -512.1356 -609.6942 0.7012736
959.28    -512.028 -609.6882 0.7011779
959.29    -511.9204 -609.682 0.7010865
959.3    -511.8127 -609.6759 0.7009992
959.31    -511.7049 -609.6698 0.7009159
959.32    -511.597 -609.6636 0.7008368
959.33    -511.4892 -609.6575 0.7007619
959.34    -511.3812 -609.6513 0.7006908
959.35    -511.2732 -609.6451 0.7006236
959.36    -511.1651 -609.6389 0.7005598
959.37    -511.0569 -609.6326 0.7004998
959.38    -510.9488 -609.6263 0.7004433
959.39    -510.8405 -609.6201 0.7003903
959.4    -510.7321 -609.6138 0.7003406
959.41    -510.6237 -609.6075 0.7002939
959.42    -510.5153 -609.6012 0.7002504
959.43    -510.4068 -609.5949 0.7002101
959.44    -510.2983 -609.5886 0.7001726
959.45    -510.1896 -609.5822 0.700138
959.46    -510.081 -609.5758 0.700106
959.47    -509.9722 -609.5695 0.7000765
959.48    -509.8634 -609.563 0.7000499
959.49    -509.7545 -609.5566 0.700026
959.5    -509.6456 -609.5502 0.7000048
959.5099    -509.5366 -609.5438 0.699986
959.52    -509.4275 -609.5374 0.6999695
959.53    -509.3184 -609.5309 0.6999559
959.54    -509.2093 -609.5244 0.6999452
959.55    -509.1 -609.5179 0.6999372
959.56    -508.9907 -609.5115 0.6999316
959.57    -508.8813 -609.5049 0.6999294
959.58    -508.7719 -609.4984 0.6999301
959.59    -508.6625 -609.4918 0.6999338
959.6    -508.5529 -609.4853 0.6999403
959.61    -508.4433 -609.4788 0.6999495
959.62    -508.3337 -609.4722 0.6999617
959.63    -508.224 -609.4656 0.6999768
959.64    -508.1142 -609.459 0.6999947
959.65    -508.0044 -609.4525 0.7000151
959.66    -507.8945 -609.4459 0.7000379
959.67    -507.7845 -609.4393 0.7000632
959.68    -507.6745 -609.4326 0.7000908
959.69    -507.5645 -609.4259 0.7001206
959.7    -507.4543 -609.4193 0.7001525
959.71    -507.3441 -609.4126 0.7001864
959.72    -507.2339 -609.4059 0.7002221
959.73    -507.1236 -609.3993 0.7002598
959.74    -507.0132 -609.3926 0.7002992
959.75    -506.9028 -609.3859 0.7003402
959.7599    -506.7923 -609.3792 0.7003828
959.77    -506.6818 -609.3724 0.700427
959.78    -506.5712 -609.3657 0.7004727
959.79    -506.4605 -609.359 0.7005197
959.8    -506.3498 -609.3522 0.7005681
959.81    -506.239 -609.3455 0.7006178
959.82    -506.1282 -609.3386 0.7006688
959.83    -506.0174 -609.3318 0.7007208
959.84    -505.9064 -609.3251 0.7007741
959.85    -505.7954 -609.3183 0.7008285
959.86    -505.6844 -609.3115 0.7008839
959.87    -505.5733 -609.3047 0.7009403
959.88    -505.4622 -609.2979 0.7009977
959.89    -505.3509 -609.2911 0.7010559
959.9    -505.2396 -609.2842 0.7011151
959.91    -505.1283 -609.2774 0.7011752
959.92    -505.0169 -609.2706 0.7012359
959.93    -504.9054 -609.2637 0.7012975
959.94    -504.7939 -609.2569 0.7013599
959.95    -504.6823 -609.2501 0.7014229
959.96    -504.5707 -609.2432 0.7014867
959.97    -504.459 -609.2363 0.7015511
959.98    -504.3473 -609.2294 0.7016161
959.99    -504.2355 -609.2225 0.7016818
960    -504.1237 -609.2156 0.701748
960.0099    -504.0117 -609.2087 0.7018148
960.02    -503.8998 -609.2018 0.7018819
960.03    -503.7878 -609.1949 0.7019497
960.04    -503.6758 -609.188 0.7020178
960.05    -503.5636 -609.1812 0.7020864
960.06    -503.4514 -609.1743 0.7021553
960.07    -503.3392 -609.1674 0.7022246
960.08    -503.227 -609.1605 0.7022942
960.09    -503.1146 -609.1536 0.7023641
960.1    -503.0022 -609.1467 0.7024343
960.11    -502.8898 -609.1398 0.7025047
960.12    -502.7773 -609.1329 0.7025753
960.13    -502.6647 -609.126 0.702646
960.14    -502.5521 -609.1191 0.7027169
960.15    -502.4394 -609.1122 0.7027878
960.16    -502.3266 -609.1053 0.7028589
960.17    -502.2138 -609.0984 0.7029298
960.18    -502.101 -609.0916 0.7030007
960.19    -501.9881 -609.0847 0.7030714
960.2    -501.8751 -609.0778 0.7031421
960.21    -501.7621 -609.0709 0.7032127
960.22    -501.649 -609.064 0.703283
960.23    -501.5359 -609.0571 0.7033529
960.24    -501.4227 -609.0502 0.7034224
960.25    -501.3094 -609.0433 0.7034918
960.2599    -501.1961 -609.0364 0.7035607
960.27    -501.0827 -609.0295 0.7036296
960.28    -500.9694 -609.0226 0.7036976
960.29    -500.8559 -609.0157 0.703765
960.3    -500.7424 -609.0088 0.7038317
960.31    -500.6288 -609.0018 0.7038978
960.32    -500.5151 -608.9949 0.7039634
960.33    -500.4015 -608.988 0.7040281
960.34    -500.2878 -608.9811 0.7040918
960.35    -500.174 -608.9742 0.7041547
960.36    -500.0602 -608.9673 0.7042169
960.37    -499.9463 -608.9604 0.7042783
960.38    -499.8323 -608.9536 0.704339
960.39    -499.7184 -608.9467 0.7043985
960.4    -499.6043 -608.9398 0.704457
960.41    -499.4902 -608.9329 0.7045146
960.42    -499.376 -608.926 0.7045711
960.43    -499.2618 -608.9191 0.7046263
960.44    -499.1476 -608.9122 0.7046804
960.45    -499.0332 -608.9053 0.7047331
960.46    -498.9189 -608.8985 0.7047849
960.47    -498.8044 -608.8916 0.7048354
960.48    -498.69 -608.8848 0.7048849
960.49    -498.5755 -608.8779 0.7049327
960.5    -498.4609 -608.871 0.704979
960.5099    -498.3463 -608.8641 0.7050237
960.52    -498.2316 -608.8573 0.705067
960.53    -498.1169 -608.8504 0.7051084
960.54    -498.0022 -608.8435 0.7051477
960.55    -497.8874 -608.8366 0.7051854
960.56    -497.7725 -608.8298 0.7052213
960.57    -497.6576 -608.8229 0.7052556
960.58    -497.5426 -608.8162 0.7052876
960.59    -497.4276 -608.8093 0.7053176
960.6    -497.3126 -608.8025 0.7053456
960.61    -497.1975 -608.7957 0.7053717
960.62    -497.0823 -608.7888 0.7053961
960.63    -496.9672 -608.782 0.7054184
960.64    -496.8519 -608.7753 0.7054389
960.65    -496.7366 -608.7685 0.7054575
960.66    -496.6213 -608.7617 0.7054744
960.67    -496.5059 -608.7549 0.7054897
960.68    -496.3905 -608.7482 0.7055035
960.69    -496.275 -608.7415 0.7055157
960.7    -496.1595 -608.7347 0.7055264
960.71    -496.0439 -608.7279 0.7055358
960.72    -495.9283 -608.7212 0.7055439
960.73    -495.8127 -608.7145 0.7055507
960.74    -495.697 -608.7078 0.7055563
960.75    -495.5813 -608.7011 0.7055607
960.7599    -495.4655 -608.6944 0.7055641
960.77    -495.3496 -608.6877 0.7055663
960.78    -495.2338 -608.681 0.7055676
960.79    -495.1179 -608.6743 0.7055678
960.8    -495.0019 -608.6677 0.7055672
960.81    -494.8859 -608.661 0.7055656
960.82    -494.7699 -608.6544 0.7055632
960.83    -494.6538 -608.6478 0.70556
960.84    -494.5377 -608.6411 0.705556
960.85    -494.4215 -608.6345 0.7055513
960.86    -494.3053 -608.6278 0.7055458
960.87    -494.189 -608.6212 0.7055396
960.88    -494.0727 -608.6146 0.7055328
960.89    -493.9564 -608.608 0.7055254
960.9    -493.84 -608.6014 0.7055174
960.91    -493.7236 -608.5948 0.7055088
960.92    -493.6071 -608.5883 0.7054996
960.93    -493.4906 -608.5817 0.7054899
960.94    -493.3741 -608.5751 0.7054797
960.95    -493.2575 -608.5686 0.705469
960.96    -493.1409 -608.5621 0.7054579
960.97    -493.0243 -608.5556 0.7054462
960.98    -492.9076 -608.5491 0.7054343
960.99    -492.7909 -608.5425 0.7054218
961    -492.6741 -608.536 0.705409
961.0099    -492.5573 -608.5295 0.7053958
961.02    -492.4405 -608.5231 0.7053822
961.03    -492.3236 -608.5166 0.7053682
961.04    -492.2067 -608.5101 0.705354
961.05    -492.0898 -608.5037 0.7053394
961.06    -491.9728 -608.4973 0.7053245
961.07    -491.8558 -608.4908 0.7053094
961.08    -491.7388 -608.4844 0.705294
961.09    -491.6218 -608.4781 0.7052783
961.1    -491.5047 -608.4717 0.7052623
961.11    -491.3876 -608.4653 0.7052461
961.12    -491.2705 -608.4589 0.7052296
961.13    -491.1534 -608.4526 0.705213
961.14    -491.0362 -608.4463 0.705196
961.15    -490.9189 -608.4399 0.705179
961.16    -490.8017 -608.4337 0.7051617
961.17    -490.6844 -608.4274 0.7051442
961.18    -490.5671 -608.4211 0.7051266
961.19    -490.4498 -608.4149 0.7051088
961.2    -490.3325 -608.4086 0.7050907
961.21    -490.2151 -608.4023 0.7050726
961.22    -490.0977 -608.3962 0.7050543
961.23    -489.9803 -608.39 0.7050359
961.24    -489.8629 -608.3837 0.7050174
961.25    -489.7454 -608.3776 0.7049989
961.2599    -489.6279 -608.3715 0.7049802
961.27    -489.5104 -608.3653 0.7049615
961.28    -489.3929 -608.3592 0.7049426
961.29    -489.2753 -608.3531 0.7049239
961.3    -489.1577 -608.347 0.704905
961.31    -489.0401 -608.3409 0.7048861
961.32    -488.9224 -608.335 0.7048672
961.33    -488.8047 -608.3289 0.7048482
961.34    -488.687 -608.3229 0.7048292
961.35    -488.5693 -608.3169 0.7048101
961.36    -488.4515 -608.3109 0.704791
961.37    -488.3337 -608.305 0.7047719
961.38    -488.2159 -608.299 0.7047527
961.39    -488.0981 -608.2932 0.7047336
961.4    -487.9802 -608.2872 0.7047144
961.41    -487.8623 -608.2813 0.7046953
961.42    -487.7444 -608.2755 0.7046761
961.43    -487.6265 -608.2696 0.7046568
961.44    -487.5085 -608.2638 0.7046376
961.45    -487.3905 -608.2579 0.7046183
961.46    -487.2725 -608.2522 0.7045991
961.47    -487.1545 -608.2464 0.7045799
961.48    -487.0364 -608.2407 0.7045606
961.49    -486.9184 -608.2349 0.7045413
961.5    -486.8003 -608.2292 0.7045221
961.5099    -486.6821 -608.2235 0.7045028
961.52    -486.564 -608.2179 0.7044835
961.53    -486.4458 -608.2122 0.7044643
961.54    -486.3276 -608.2066 0.7044451
961.55    -486.2094 -608.201 0.7044259
961.56    -486.0911 -608.1954 0.7044067
961.57    -485.9728 -608.1898 0.7043876
961.58    -485.8546 -608.1843 0.7043685
961.59    -485.7362 -608.1788 0.7043496
961.6    -485.6179 -608.1732 0.7043306
961.61    -485.4995 -608.1678 0.7043117
961.62    -485.3811 -608.1623 0.704293
961.63    -485.2628 -608.1569 0.7042742
961.64    -485.1443 -608.1514 0.7042555
961.65    -485.0259 -608.1461 0.7042369
961.66    -484.9074 -608.1406 0.7042183
961.67    -484.789 -608.1353 0.7041997
961.68    -484.6705 -608.1299 0.7041812
961.69    -484.552 -608.1247 0.7041628
961.7    -484.4334 -608.1194 0.7041445
961.71    -484.3149 -608.1141 0.7041263
961.72    -484.1964 -608.1089 0.7041081
961.73    -484.0778 -608.1037 0.7040905
961.74    -483.9592 -608.0984 0.7040733
961.75    -483.8406 -608.0933 0.7040565
961.7599    -483.722 -608.0881 0.7040401
961.77    -483.6033 -608.083 0.7040241
961.78    -483.4846 -608.0779 0.7040094
961.79    -483.366 -608.0728 0.703996
961.8    -483.2473 -608.0677 0.7039838
961.81    -483.1285 -608.0627 0.7039729
961.82    -483.0098 -608.0577 0.703963
961.83    -482.8911 -608.0527 0.7039556
961.84    -482.7723 -608.0477 0.7039505
961.85    -482.6535 -608.0428 0.7039476
961.86    -482.5347 -608.0379 0.7039468
961.87    -482.4159 -608.033 0.703948
961.88    -482.297 -608.0281 0.7039526
961.89    -482.1782 -608.0233 0.7039605
961.9    -482.0593 -608.0184 0.7039715
961.91    -481.9404 -608.0137 0.7039855
961.92    -481.8215 -608.0089 0.7040023
961.93    -481.7025 -608.0042 0.7040226
961.94    -481.5836 -607.9994 0.7040463
961.95    -481.4646 -607.9947 0.7040731
961.96    -481.3456 -607.99 0.7041029
961.97    -481.2266 -607.9854 0.7041357
961.98    -481.1076 -607.9807 0.7041712
961.99    -480.9886 -607.9761 0.7042095
962    -480.8696 -607.9715 0.7042504
962.0099    -480.7505 -607.967 0.7042937
962.02    -480.6315 -607.9624 0.7043395
962.03    -480.5124 -607.9579 0.7043875
962.04    -480.3933 -607.9534 0.7044377
962.05    -480.2743 -607.9489 0.7044899
962.06    -480.1552 -607.9444 0.7045443
962.07    -480.036 -607.9399 0.7046005
962.08    -479.9169 -607.9355 0.7046585
962.09    -479.7978 -607.9311 0.7047183
962.1    -479.6786 -607.9268 0.7047797
962.11    -479.5594 -607.9224 0.7048428
962.12    -479.4403 -607.918 0.7049074
962.13    -479.3211 -607.9136 0.7049732
962.14    -479.2019 -607.9093 0.7050401
962.15    -479.0827 -607.905 0.7051083
962.16    -478.9635 -607.9007 0.7051775
962.17    -478.8443 -607.8964 0.7052479
962.18    -478.7251 -607.8921 0.7053186
962.19    -478.6059 -607.8879 0.7053899
962.2    -478.4866 -607.8836 0.7054615
962.21    -478.3673 -607.8794 0.7055335
962.22    -478.248 -607.8752 0.7056059
962.23    -478.1288 -607.871 0.7056787
962.24    -478.0095 -607.8668 0.7057511
962.25    -477.8902 -607.8627 0.7058231
962.2599    -477.7708 -607.8585 0.7058946
962.27    -477.6515 -607.8544 0.7059658
962.28    -477.5322 -607.8503 0.7060367
962.29    -477.4128 -607.8461 0.7061065
962.3    -477.2935 -607.842 0.7061755
962.31    -477.1741 -607.838 0.7062436
962.32    -477.0547 -607.8339 0.706311
962.33    -476.9353 -607.8298 0.7063774
962.34    -476.8159 -607.8258 0.7064425
962.35    -476.6965 -607.8218 0.706506
962.36    -476.5771 -607.8177 0.7065682
962.37    -476.4576 -607.8137 0.7066291
962.38    -476.3382 -607.8098 0.7066886
962.39    -476.2187 -607.8058 0.7067461
962.4    -476.0993 -607.8018 0.7068015
962.41    -475.9798 -607.7979 0.7068549
962.42    -475.8603 -607.7939 0.7069066
962.43    -475.7408 -607.7899 0.7069563
962.44    -475.6213 -607.786 0.707004
962.45    -475.5018 -607.7822 0.7070497
962.46    -475.3823 -607.7783 0.7070934
962.47    -475.2628 -607.7744 0.7071353
962.48    -475.1432 -607.7704 0.7071754
962.49    -475.0237 -607.7665 0.7072138
962.5    -474.9041 -607.7627 0.7072503
962.5099    -474.7845 -607.7589 0.7072852
