518.75    -653.4873 -614.8269 0.7032077
518.76    -653.3455 -614.8217 0.7031955
518.77    -653.2037 -614.8165 0.7031839
518.78    -653.0618 -614.8113 0.7031727
518.79    -652.92 -614.8061 0.7031623
518.8    -652.7781 -614.8008 0.7031524
518.81    -652.6363 -614.7956 0.7031429
518.82    -652.4944 -614.7903 0.7031339
518.83    -652.3526 -614.785 0.7031254
518.84    -652.2108 -614.7797 0.7031173
518.85    -652.0689 -614.7743 0.7031097
518.86    -651.9271 -614.769 0.7031028
518.87    -651.7852 -614.7636 0.7030967
518.88    -651.6434 -614.7582 0.7030915
518.89    -651.5015 -614.7528 0.7030869
518.9    -651.3597 -614.7474 0.703083
518.91    -651.2178 -614.7419 0.7030804
518.92    -651.076 -614.7365 0.7030792
518.93    -650.9341 -614.731 0.7030792
518.94    -650.7923 -614.7255 0.7030805
518.95    -650.6505 -614.72 0.703083
518.96    -650.5087 -614.7145 0.7030869
518.97    -650.3669 -614.7089 0.703092
518.98    -650.2251 -614.7034 0.7030983
518.99    -650.0833 -614.6978 0.7031057
519    -649.9414 -614.6922 0.7031142
519.01    -649.7996 -614.6866 0.7031237
519.02    -649.6578 -614.681 0.7031342
519.03    -649.516 -614.6753 0.7031455
519.04    -649.3741 -614.6696 0.7031577
519.05    -649.2323 -614.6639 0.7031707
519.06    -649.0905 -614.6582 0.7031845
519.07    -648.9487 -614.6525 0.703199
519.08    -648.8069 -614.6468 0.703214
519.09    -648.6652 -614.6411 0.7032298
519.1    -648.5234 -614.6353 0.7032462
519.11    -648.3816 -614.6295 0.7032632
519.12    -648.2398 -614.6237 0.7032806
519.13    -648.098 -614.6179 0.7032987
519.14    -647.9562 -614.6121 0.7033172
519.15    -647.8145 -614.6062 0.7033361
519.16    -647.6727 -614.6003 0.7033555
519.17    -647.5309 -614.5944 0.7033752
519.18    -647.3891 -614.5886 0.7033953
519.19    -647.2473 -614.5826 0.7034158
519.2    -647.1055 -614.5767 0.7034366
519.21    -646.9637 -614.5707 0.7034576
519.22    -646.822 -614.5648 0.7034787
519.23    -646.6802 -614.5588 0.7035001
519.24    -646.5384 -614.5529 0.7035216
519.25    -646.3966 -614.5468 0.7035429
519.26    -646.2548 -614.5408 0.703564
519.27    -646.113 -614.5348 0.7035851
519.28    -645.9713 -614.5287 0.7036059
519.29    -645.8295 -614.5226 0.7036266
519.3    -645.6877 -614.5166 0.7036464
519.31    -645.546 -614.5105 0.7036655
519.32    -645.4042 -614.5044 0.7036839
519.33    -645.2625 -614.4982 0.7037016
519.34    -645.1207 -614.4921 0.7037185
519.35    -644.9789 -614.486 0.7037342
519.36    -644.8372 -614.4799 0.7037484
519.37    -644.6955 -614.4737 0.7037614
519.38    -644.5538 -614.4675 0.7037731
519.39    -644.412 -614.4613 0.7037838
519.4    -644.2703 -614.4551 0.7037922
519.41    -644.1286 -614.4489 0.7037986
519.42    -643.9869 -614.4426 0.7038031
519.43    -643.8452 -614.4364 0.7038059
519.44    -643.7034 -614.4301 0.7038068
519.45    -643.5617 -614.4238 0.7038062
519.46    -643.42 -614.4175 0.7038035
519.47    -643.2783 -614.4113 0.7037988
519.48    -643.1365 -614.405 0.7037923
519.49    -642.9948 -614.3987 0.703784
519.5    -642.8531 -614.3923 0.703774
519.51    -642.7114 -614.3859 0.7037625
519.52    -642.5696 -614.3796 0.7037494
519.53    -642.4279 -614.3732 0.7037348
519.54    -642.2862 -614.3669 0.703719
519.55    -642.1445 -614.3605 0.7037017
519.56    -642.0029 -614.3541 0.7036834
519.57    -641.8612 -614.3477 0.7036638
519.58    -641.7195 -614.3412 0.7036431
519.59    -641.5778 -614.3348 0.7036213
519.6    -641.4361 -614.3284 0.7035985
519.61    -641.2944 -614.322 0.7035747
519.62    -641.1528 -614.3155 0.70355
519.63    -641.0111 -614.309 0.7035245
519.64    -640.8694 -614.3026 0.7034982
519.65    -640.7278 -614.296 0.7034711
519.66    -640.5861 -614.2896 0.7034432
519.67    -640.4445 -614.2831 0.7034146
519.68    -640.3028 -614.2766 0.7033854
519.69    -640.1611 -614.27 0.7033555
519.7    -640.0195 -614.2635 0.703325
519.71    -639.8778 -614.257 0.7032939
519.72    -639.7361 -614.2504 0.7032623
519.73    -639.5945 -614.2439 0.7032301
519.74    -639.4528 -614.2374 0.7031975
519.75    -639.3112 -614.2308 0.7031644
519.76    -639.1695 -614.2243 0.7031308
519.77    -639.0278 -614.2178 0.7030967
519.78    -638.8862 -614.2112 0.7030624
519.79    -638.7445 -614.2046 0.7030277
519.8    -638.6028 -614.198 0.7029924
519.81    -638.4612 -614.1914 0.702957
519.82    -638.3196 -614.1848 0.702921
519.83    -638.1779 -614.1782 0.7028849
519.84    -638.0363 -614.1716 0.7028484
519.85    -637.8946 -614.165 0.7028117
519.86    -637.753 -614.1584 0.7027747
519.87    -637.6114 -614.1519 0.7027375
519.88    -637.4698 -614.1453 0.7027
519.89    -637.3281 -614.1387 0.7026622
519.9    -637.1865 -614.1321 0.7026242
519.91    -637.0449 -614.1255 0.7025861
519.92    -636.9033 -614.1189 0.7025477
519.93    -636.7617 -614.1123 0.7025091
519.94    -636.6201 -614.1057 0.7024704
519.95    -636.4785 -614.0991 0.7024315
519.96    -636.3369 -614.0925 0.7023924
519.97    -636.1953 -614.086 0.7023531
519.98    -636.0536 -614.0794 0.7023137
519.99    -635.912 -614.0728 0.7022743
520    -635.7704 -614.0662 0.7022346
520.01    -635.6288 -614.0596 0.7021948
520.02    -635.4872 -614.053 0.7021548
520.03    -635.3456 -614.0464 0.7021149
520.04    -635.204 -614.0399 0.7020747
520.05    -635.0624 -614.0333 0.7020345
520.06    -634.9208 -614.0268 0.7019942
520.07    -634.7792 -614.0203 0.7019538
520.08    -634.6376 -614.0137 0.7019132
520.09    -634.496 -614.0072 0.7018726
520.1    -634.3544 -614.0007 0.701832
520.11    -634.2128 -613.9942 0.7017912
520.12    -634.0712 -613.9877 0.7017504
520.13    -633.9296 -613.9811 0.7017095
520.14    -633.788 -613.9746 0.7016686
520.15    -633.6465 -613.9681 0.7016276
520.16    -633.5049 -613.9616 0.7015865
520.17    -633.3634 -613.9551 0.7015454
520.18    -633.2218 -613.9485 0.7015042
520.19    -633.0802 -613.942 0.701463
520.2    -632.9387 -613.9355 0.7014217
520.21    -632.7971 -613.929 0.7013804
520.22    -632.6556 -613.9225 0.701339
520.23    -632.514 -613.9161 0.7012976
520.24    -632.3725 -613.9096 0.7012561
520.25    -632.231 -613.9031 0.701215
520.26    -632.0894 -613.8967 0.701174
520.27    -631.9479 -613.8902 0.7011333
520.28    -631.8063 -613.8837 0.7010928
520.29    -631.6648 -613.8773 0.7010525
520.3    -631.5233 -613.8708 0.7010132
520.31    -631.3817 -613.8644 0.700975
520.32    -631.2402 -613.8579 0.7009377
520.33    -631.0986 -613.8514 0.7009014
520.34    -630.9571 -613.845 0.7008659
520.35    -630.8156 -613.8385 0.7008324
520.36    -630.674 -613.832 0.7008008
520.37    -630.5325 -613.8256 0.7007709
520.38    -630.3909 -613.8191 0.7007427
520.39    -630.2494 -613.8126 0.700716
520.4    -630.1078 -613.8062 0.7006921
520.41    -629.9663 -613.7997 0.7006708
520.42    -629.8248 -613.7933 0.7006519
520.43    -629.6832 -613.7869 0.7006353
520.44    -629.5417 -613.7805 0.7006208
520.45    -629.4002 -613.774 0.7006096
520.46    -629.2587 -613.7676 0.7006012
520.47    -629.1172 -613.7612 0.7005957
520.48    -628.9756 -613.7548 0.7005929
520.49    -628.8341 -613.7484 0.7005926
520.5    -628.6926 -613.742 0.7005954
520.51    -628.5511 -613.7356 0.7006009
520.52    -628.4097 -613.7292 0.7006091
520.53    -628.2682 -613.7228 0.7006198
520.54    -628.1266 -613.7164 0.7006329
520.55    -627.9852 -613.71 0.7006484
520.56    -627.8437 -613.7036 0.700666
520.57    -627.7022 -613.6971 0.7006856
520.58    -627.5607 -613.6907 0.7007073
520.59    -627.4193 -613.6843 0.7007308
520.6    -627.2778 -613.6779 0.700756
520.61    -627.1363 -613.6715 0.700783
520.62    -626.9948 -613.6651 0.7008115
520.63    -626.8533 -613.6587 0.7008415
520.64    -626.7119 -613.6523 0.700873
520.65    -626.5704 -613.6459 0.7009059
520.66    -626.4289 -613.6395 0.7009401
520.67    -626.2874 -613.6331 0.7009755
520.68    -626.1459 -613.6268 0.7010121
520.69    -626.0045 -613.6204 0.7010498
520.7    -625.863 -613.6141 0.7010885
520.71    -625.7215 -613.6077 0.7011282
520.72    -625.58 -613.6014 0.701169
520.73    -625.4385 -613.595 0.7012107
520.74    -625.2971 -613.5887 0.7012531
520.75    -625.1556 -613.5823 0.7012965
520.76    -625.0141 -613.576 0.7013406
520.77    -624.8726 -613.5696 0.7013854
520.78    -624.7311 -613.5633 0.7014309
520.79    -624.5897 -613.5569 0.7014772
520.8    -624.4482 -613.5507 0.701524
520.81    -624.3068 -613.5444 0.7015714
520.82    -624.1653 -613.5381 0.7016194
520.83    -624.0239 -613.5319 0.701668
520.84    -623.8824 -613.5256 0.7017171
520.85    -623.741 -613.5193 0.7017666
520.86    -623.5995 -613.513 0.7018167
520.87    -623.4581 -613.5068 0.7018671
520.88    -623.3167 -613.5005 0.7019179
520.89    -623.1752 -613.4943 0.7019693
520.9    -623.0338 -613.4881 0.7020208
520.91    -622.8924 -613.4819 0.7020729
520.92    -622.751 -613.4756 0.7021251
520.93    -622.6096 -613.4695 0.7021775
520.94    -622.4681 -613.4633 0.7022303
520.95    -622.3267 -613.4571 0.7022833
520.96    -622.1853 -613.4509 0.7023366
520.97    -622.0439 -613.4448 0.7023901
520.98    -621.9025 -613.4387 0.7024439
520.99    -621.761 -613.4325 0.7024978
521    -621.6196 -613.4263 0.7025519
521.01    -621.4782 -613.4202 0.7026061
521.02    -621.3368 -613.4141 0.7026605
521.03    -621.1954 -613.408 0.702715
521.04    -621.054 -613.4019 0.7027696
521.05    -620.9125 -613.3959 0.7028241
521.06    -620.7711 -613.3898 0.7028787
521.07    -620.6297 -613.3837 0.7029331
521.08    -620.4883 -613.3777 0.7029876
521.09    -620.3469 -613.3717 0.703042
521.1    -620.2054 -613.3657 0.703096
521.11    -620.064 -613.3596 0.7031499
521.12    -619.9226 -613.3537 0.7032034
521.13    -619.7812 -613.3477 0.7032568
521.14    -619.6398 -613.3417 0.70331
521.15    -619.4984 -613.3358 0.7033625
521.16    -619.357 -613.3298 0.7034147
521.17    -619.2155 -613.3239 0.7034663
521.18    -619.0741 -613.318 0.7035175
521.19    -618.9327 -613.3121 0.7035683
521.2    -618.7913 -613.3062 0.7036183
521.21    -618.65 -613.3004 0.7036676
521.22    -618.5085 -613.2946 0.7037163
521.23    -618.3671 -613.2887 0.7037644
521.24    -618.2257 -613.2828 0.7038117
521.25    -618.0844 -613.2771 0.7038581
521.26    -617.943 -613.2713 0.7039035
521.27    -617.8016 -613.2655 0.703948
521.28    -617.6602 -613.2598 0.7039915
521.29    -617.5188 -613.254 0.7040343
521.3    -617.3774 -613.2483 0.7040755
521.31    -617.2361 -613.2426 0.7041154
521.32    -617.0947 -613.2369 0.704154
521.33    -616.9534 -613.2312 0.7041914
521.34    -616.812 -613.2256 0.7042276
521.35    -616.6707 -613.2199 0.7042618
521.36    -616.5293 -613.2142 0.7042943
521.37    -616.3879 -613.2087 0.704325
521.38    -616.2466 -613.2031 0.704354
521.39    -616.1052 -613.1974 0.7043816
521.4    -615.9639 -613.192 0.7044067
521.41    -615.8225 -613.1864 0.7044294
521.42    -615.6812 -613.1808 0.70445
521.43    -615.5398 -613.1754 0.7044684
521.44    -615.3984 -613.1699 0.7044849
521.45    -615.2571 -613.1644 0.7044986
521.46    -615.1157 -613.1589 0.7045098
521.47    -614.9744 -613.1535 0.7045186
521.48    -614.833 -613.1481 0.7045249
521.49    -614.6917 -613.1427 0.704529
521.5    -614.5503 -613.1373 0.704531
521.51    -614.4089 -613.1319 0.7045308
521.52    -614.2676 -613.1266 0.7045286
521.53    -614.1262 -613.1212 0.7045245
521.54    -613.9849 -613.1159 0.7045186
521.55    -613.8435 -613.1107 0.7045109
521.56    -613.7021 -613.1053 0.7045016
521.57    -613.5608 -613.1001 0.7044908
521.58    -613.4194 -613.0949 0.7044784
521.59    -613.2781 -613.0897 0.7044647
521.6    -613.1367 -613.0844 0.7044496
521.61    -612.9954 -613.0793 0.7044333
521.62    -612.854 -613.0741 0.7044157
521.63    -612.7126 -613.0689 0.704397
521.64    -612.5713 -613.0638 0.7043772
521.65    -612.43 -613.0587 0.7043564
521.66    -612.2887 -613.0536 0.7043346
521.67    -612.1473 -613.0485 0.7043118
521.68    -612.006 -613.0435 0.7042882
521.69    -611.8646 -613.0384 0.7042638
521.7    -611.7233 -613.0333 0.7042386
521.71    -611.582 -613.0283 0.7042126
521.72    -611.4407 -613.0233 0.7041858
521.73    -611.2994 -613.0183 0.7041584
521.74    -611.158 -613.0133 0.7041303
521.75    -611.0167 -613.0084 0.7041017
521.76    -610.8754 -613.0034 0.7040724
521.77    -610.7341 -612.9985 0.7040426
521.78    -610.5928 -612.9935 0.7040122
521.79    -610.4515 -612.9886 0.7039813
521.8    -610.3102 -612.9838 0.70395
521.81    -610.1689 -612.9789 0.7039182
521.82    -610.0276 -612.974 0.703886
521.83    -609.8863 -612.9691 0.7038532
521.84    -609.745 -612.9642 0.7038202
521.85    -609.6037 -612.9595 0.7037868
521.86    -609.4624 -612.9547 0.7037531
521.87    -609.3211 -612.9498 0.703719
521.88    -609.1798 -612.945 0.7036845
521.89    -609.0385 -612.9402 0.7036498
521.9    -608.8972 -612.9355 0.7036148
521.91    -608.7559 -612.9308 0.7035795
521.92    -608.6146 -612.926 0.7035439
521.93    -608.4733 -612.9213 0.7035081
521.94    -608.332 -612.9166 0.7034721
521.95    -608.1907 -612.9119 0.7034358
521.96    -608.0494 -612.9072 0.7033993
521.97    -607.9081 -612.9025 0.7033626
521.98    -607.7668 -612.8978 0.7033258
521.99    -607.6255 -612.8932 0.7032887
522    -607.4843 -612.8885 0.7032515
522.01    -607.343 -612.8839 0.7032143
522.02    -607.2017 -612.8793 0.7031774
522.03    -607.0604 -612.8746 0.7031405
522.04    -606.9191 -612.87 0.7031038
522.05    -606.7778 -612.8654 0.7030684
522.06    -606.6365 -612.8608 0.7030343
522.07    -606.4952 -612.8563 0.7030013
522.08    -606.3539 -612.8517 0.7029696
522.09    -606.2126 -612.8472 0.7029388
522.1    -606.0714 -612.8426 0.7029091
522.11    -605.9301 -612.8381 0.7028821
522.12    -605.7889 -612.8336 0.7028573
522.13    -605.6476 -612.829 0.7028349
522.14    -605.5063 -612.8245 0.7028146
522.15    -605.3651 -612.82 0.7027978
522.16    -605.2238 -612.8155 0.7027841
522.17    -605.0826 -612.811 0.7027734
522.18    -604.9413 -612.8066 0.7027656
522.19    -604.8001 -612.8021 0.7027605
522.2    -604.6589 -612.7977 0.7027594
522.21    -604.5176 -612.7932 0.7027623
522.22    -604.3764 -612.7888 0.7027689
522.23    -604.2352 -612.7843 0.702779
522.24    -604.0939 -612.7798 0.7027924
522.25    -603.9527 -612.7755 0.7028095
522.26    -603.8115 -612.7711 0.7028301
522.27    -603.6702 -612.7667 0.7028541
522.28    -603.529 -612.7623 0.7028812
522.29    -603.3878 -612.7579 0.7029112
522.3    -603.2465 -612.7535 0.7029442
522.31    -603.1053 -612.7491 0.7029799
522.32    -602.9641 -612.7448 0.7030182
522.33    -602.8228 -612.7404 0.7030589
522.34    -602.6816 -612.736 0.7031019
522.35    -602.5403 -612.7317 0.7031472
522.36    -602.3991 -612.7274 0.7031946
522.37    -602.2579 -612.723 0.7032438
522.38    -602.1166 -612.7187 0.7032951
522.39    -601.9754 -612.7144 0.703348
522.4    -601.8342 -612.71 0.7034022
522.41    -601.693 -612.7057 0.7034577
522.42    -601.5518 -612.7014 0.7035143
522.43    -601.4105 -612.697 0.703572
522.44    -601.2693 -612.6927 0.7036307
522.45    -601.1281 -612.6885 0.7036895
522.46    -600.9869 -612.6843 0.7037485
522.47    -600.8458 -612.68 0.7038076
522.48    -600.7045 -612.6757 0.7038668
522.49    -600.5633 -612.6714 0.7039261
522.5    -600.4221 -612.6672 0.7039847
522.51    -600.2809 -612.6629 0.7040429
522.52    -600.1398 -612.6586 0.7041004
522.53    -599.9986 -612.6544 0.7041575
522.54    -599.8574 -612.6501 0.7042141
522.55    -599.7162 -612.6459 0.7042696
522.56    -599.575 -612.6417 0.7043245
522.57    -599.4338 -612.6375 0.7043784
522.58    -599.2927 -612.6332 0.7044316
522.59    -599.1515 -612.629 0.704484
522.6    -599.0103 -612.6248 0.7045353
522.61    -598.8691 -612.6206 0.7045856
522.62    -598.728 -612.6165 0.7046348
522.63    -598.5868 -612.6122 0.7046832
522.64    -598.4456 -612.608 0.7047306
522.65    -598.3044 -612.6038 0.7047762
522.66    -598.1633 -612.5996 0.7048202
522.67    -598.0221 -612.5954 0.7048627
522.68    -597.8809 -612.5912 0.7049035
522.69    -597.7397 -612.587 0.7049431
522.7    -597.5986 -612.5828 0.7049801
522.71    -597.4574 -612.5786 0.7050146
522.72    -597.3162 -612.5745 0.7050469
522.73    -597.175 -612.5703 0.7050771
522.74    -597.0339 -612.5662 0.7051051
522.75    -596.8928 -612.562 0.7051299
522.76    -596.7516 -612.5579 0.7051516
522.77    -596.6104 -612.5537 0.7051703
522.78    -596.4692 -612.5496 0.7051862
522.79    -596.3281 -612.5454 0.7051995
522.8    -596.1869 -612.5413 0.7052103
522.81    -596.0458 -612.5371 0.7052177
522.82    -595.9047 -612.533 0.7052218
522.83    -595.7635 -612.5288 0.7052228
522.84    -595.6223 -612.5247 0.7052209
522.85    -595.4812 -612.5205 0.705216
522.86    -595.3401 -612.5164 0.7052082
522.87    -595.199 -612.5122 0.7051976
522.88    -595.0579 -612.5081 0.7051845
522.89    -594.9167 -612.5039 0.705169
522.9    -594.7756 -612.4998 0.7051511
522.91    -594.6345 -612.4956 0.705131
522.92    -594.4933 -612.4915 0.7051088
522.93    -594.3522 -612.4873 0.7050846
522.94    -594.2111 -612.4832 0.7050585
522.95    -594.07 -612.479 0.7050306
522.96    -593.9289 -612.4749 0.705001
522.97    -593.7878 -612.4707 0.7049698
522.98    -593.6467 -612.4666 0.704937
522.99    -593.5056 -612.4624 0.7049028
523    -593.3644 -612.4583 0.7048672
523.01    -593.2233 -612.4541 0.7048303
523.02    -593.0822 -612.45 0.7047922
523.03    -592.9411 -612.4458 0.7047529
523.04    -592.8 -612.4417 0.7047123
523.05    -592.6589 -612.4374 0.7046708
523.06    -592.5178 -612.4333 0.7046282
523.07    -592.3766 -612.4291 0.7045847
523.08    -592.2355 -612.425 0.7045402
523.09    -592.0944 -612.4208 0.7044948
523.1    -591.9534 -612.4167 0.7044486
523.11    -591.8123 -612.4125 0.7044016
523.12    -591.6712 -612.4084 0.7043539
523.13    -591.5301 -612.4042 0.7043055
523.14    -591.389 -612.4001 0.7042564
523.15    -591.2479 -612.3959 0.7042066
523.16    -591.1068 -612.3917 0.7041562
523.17    -590.9658 -612.3876 0.7041053
523.18    -590.8247 -612.3834 0.7040538
523.19    -590.6836 -612.3792 0.7040017
523.2    -590.5425 -612.3749 0.7039492
523.21    -590.4015 -612.3707 0.7038962
523.22    -590.2604 -612.3665 0.7038426
523.23    -590.1194 -612.3623 0.7037888
523.24    -589.9783 -612.3581 0.7037345
523.25    -589.8373 -612.3539 0.7036797
523.26    -589.6962 -612.3496 0.7036247
523.27    -589.5552 -612.3454 0.7035692
523.28    -589.4141 -612.3412 0.7035134
523.29    -589.2731 -612.337 0.7034573
523.3    -589.132 -612.3328 0.7034009
523.31    -588.991 -612.3286 0.7033442
523.32    -588.8499 -612.3243 0.7032872
523.33    -588.7089 -612.3201 0.70323
523.34    -588.5678 -612.3159 0.7031724
523.35    -588.4268 -612.3115 0.7031147
523.36    -588.2857 -612.3073 0.7030568
523.37    -588.1447 -612.303 0.7029986
523.38    -588.0036 -612.2987 0.7029402
523.39    -587.8625 -612.2944 0.7028816
523.4    -587.7216 -612.2902 0.7028229
523.41    -587.5805 -612.2859 0.7027639
523.42    -587.4395 -612.2816 0.7027048
523.43    -587.2984 -612.2773 0.7026455
523.44    -587.1573 -612.273 0.7025861
523.45    -587.0164 -612.2687 0.7025265
523.46    -586.8753 -612.2644 0.7024667
523.47    -586.7343 -612.2601 0.7024068
523.48    -586.5932 -612.2557 0.7023467
523.49    -586.4521 -612.2514 0.7022866
523.5    -586.3111 -612.2471 0.7022263
523.51    -586.17 -612.2427 0.7021659
523.52    -586.029 -612.2383 0.7021053
523.53    -585.8879 -612.234 0.7020447
523.54    -585.7469 -612.2297 0.701984
523.55    -585.6058 -612.2253 0.7019233
523.56    -585.4648 -612.2209 0.7018623
523.57    -585.3237 -612.2166 0.7018014
523.58    -585.1827 -612.2122 0.7017403
523.59    -585.0416 -612.2077 0.7016791
523.6    -584.9005 -612.2033 0.7016178
523.61    -584.7595 -612.1989 0.7015566
523.62    -584.6183 -612.1945 0.7014952
523.63    -584.4772 -612.1901 0.7014338
523.64    -584.3361 -612.1857 0.7013723
523.65    -584.195 -612.1813 0.7013107
523.66    -584.0539 -612.1768 0.7012491
523.67    -583.9128 -612.1723 0.7011874
523.68    -583.7717 -612.1678 0.7011257
523.69    -583.6306 -612.1634 0.701064
523.7    -583.4894 -612.1589 0.7010022
523.71    -583.3483 -612.1545 0.7009403
523.72    -583.2072 -612.15 0.7008784
523.73    -583.066 -612.1456 0.7008165
523.74    -582.9249 -612.1411 0.7007545
523.75    -582.7837 -612.1365 0.7006925
523.76    -582.6425 -612.132 0.7006304
523.77    -582.5013 -612.1274 0.7005683
523.78    -582.3601 -612.1229 0.7005062
523.79    -582.2189 -612.1184 0.700444
523.8    -582.0776 -612.1139 0.7003818
523.81    -581.9364 -612.1094 0.7003196
523.82    -581.7951 -612.1049 0.7002573
523.83    -581.6537 -612.1003 0.700195
523.84    -581.5124 -612.0958 0.7001327
523.85    -581.371 -612.0911 0.7000703
523.86    -581.2296 -612.0865 0.700008
523.87    -581.0881 -612.082 0.6999456
523.88    -580.9467 -612.0774 0.6998832
523.89    -580.8051 -612.0728 0.6998208
523.9    -580.6635 -612.0682 0.6997582
523.91    -580.5219 -612.0637 0.6996958
523.92    -580.3802 -612.0591 0.6996332
523.93    -580.2385 -612.0544 0.6995707
523.94    -580.0967 -612.0498 0.6995082
523.95    -579.955 -612.0452 0.6994456
523.96    -579.8131 -612.0405 0.699383
523.97    -579.6712 -612.0358 0.6993204
523.98    -579.5292 -612.0312 0.6992578
523.99    -579.3872 -612.0266 0.6991951
524    -579.2451 -612.0219 0.6991324
524.01    -579.103 -612.0172 0.6990698
524.02    -578.9608 -612.0125 0.6990071
524.03    -578.8186 -612.0078 0.6989444
524.04    -578.6763 -612.0031 0.6988816
524.05    -578.534 -611.9984 0.6988189
524.06    -578.3916 -611.9937 0.6987562
524.07    -578.2491 -611.989 0.6986934
524.08    -578.1066 -611.9843 0.6986306
524.09    -577.9641 -611.9796 0.6985677
524.1    -577.8215 -611.9747 0.698505
524.11    -577.6788 -611.97 0.6984421
524.12    -577.5361 -611.9652 0.6983793
524.13    -577.3934 -611.9604 0.6983164
524.14    -577.2505 -611.9557 0.6982536
524.15    -577.1077 -611.9509 0.6981906
524.16    -576.9648 -611.9462 0.6981277
524.17    -576.8219 -611.9414 0.6980648
524.18    -576.6789 -611.9366 0.6980019
524.19    -576.5358 -611.9318 0.697939
524.2    -576.3928 -611.927 0.697876
524.21    -576.2496 -611.9222 0.697813
524.22    -576.1064 -611.9174 0.69775
524.23    -575.9632 -611.9125 0.6976871
524.24    -575.8199 -611.9077 0.6976241
524.25    -575.6765 -611.9029 0.6975611
524.26    -575.5331 -611.8981 0.6974981
524.27    -575.3896 -611.8932 0.697435
524.28    -575.246 -611.8884 0.697372
524.29    -575.1024 -611.8836 0.697309
524.3    -574.9587 -611.8788 0.6972459
524.31    -574.815 -611.874 0.6971829
524.32    -574.6712 -611.8691 0.6971198
524.33    -574.5273 -611.8643 0.6970567
524.34    -574.3834 -611.8595 0.6969936
524.35    -574.2394 -611.8547 0.6969305
524.36    -574.0954 -611.8499 0.6968674
524.37    -573.9512 -611.845 0.6968042
524.38    -573.807 -611.8401 0.6967411
524.39    -573.6627 -611.8353 0.6966779
524.4    -573.5184 -611.8304 0.6966147
524.41    -573.374 -611.8255 0.6965516
524.42    -573.2295 -611.8206 0.6964884
524.43    -573.0849 -611.8157 0.6964252
524.44    -572.9402 -611.8109 0.696362
524.45    -572.7956 -611.806 0.6962989
524.46    -572.6508 -611.8011 0.6962357
524.47    -572.506 -611.7962 0.6961725
524.48    -572.3611 -611.7914 0.6961093
524.49    -572.2161 -611.7865 0.696046
524.5    -572.0711 -611.7816 0.6959828
524.51    -571.926 -611.7767 0.6959195
524.52    -571.7808 -611.7719 0.6958563
524.53    -571.6356 -611.767 0.695793
524.54    -571.4902 -611.7621 0.6957297
524.55    -571.3448 -611.7572 0.6956664
524.56    -571.1994 -611.7523 0.6956031
524.57    -571.0539 -611.7474 0.6955398
524.58    -570.9083 -611.7426 0.6954765
524.59    -570.7626 -611.7377 0.6954131
524.6    -570.6168 -611.7328 0.6953498
524.61    -570.471 -611.728 0.6952864
524.62    -570.3251 -611.7231 0.6952231
524.63    -570.1792 -611.7182 0.6951597
524.64    -570.0332 -611.7133 0.6950963
524.65    -569.8871 -611.7084 0.6950329
524.66    -569.741 -611.7036 0.6949695
524.67    -569.5947 -611.6987 0.6949061
524.68    -569.4484 -611.6938 0.6948427
524.69    -569.3021 -611.689 0.6947793
524.7    -569.1556 -611.6841 0.6947159
524.71    -569.0092 -611.6792 0.6946524
524.72    -568.8626 -611.6744 0.694589
524.73    -568.7159 -611.6696 0.6945255
524.74    -568.5692 -611.6647 0.6944621
524.75    -568.4224 -611.66 0.6943986
524.76    -568.2756 -611.6552 0.6943352
524.77    -568.1287 -611.6503 0.6942717
524.78    -567.9817 -611.6455 0.6942082
524.79    -567.8346 -611.6407 0.6941447
524.8    -567.6875 -611.6359 0.6940811
524.81    -567.5403 -611.631 0.6940176
524.82    -567.3931 -611.6262 0.6939541
524.83    -567.2457 -611.6214 0.6938906
524.84    -567.0983 -611.6166 0.693827
524.85    -566.9509 -611.6118 0.6937634
524.86    -566.8033 -611.6069 0.6936998
524.87    -566.6558 -611.6021 0.6936363
524.88    -566.5081 -611.5974 0.6935727
524.89    -566.3603 -611.5925 0.6935091
524.9    -566.2125 -611.5877 0.6934455
524.91    -566.0646 -611.5829 0.6933818
524.92    -565.9166 -611.5781 0.6933182
524.93    -565.7686 -611.5732 0.6932546
524.94    -565.6205 -611.5684 0.6931909
524.95    -565.4724 -611.5636 0.6931273
524.96    -565.3242 -611.5588 0.6930636
524.97    -565.1758 -611.554 0.6929999
524.98    -565.0275 -611.5491 0.6929362
524.99    -564.879 -611.5443 0.6928724
525    -564.7305 -611.5395 0.6928086
525.01    -564.582 -611.5346 0.6927449
525.02    -564.4333 -611.5297 0.6926811
525.03    -564.2846 -611.5248 0.6926172
525.04    -564.1358 -611.52 0.6925535
525.05    -563.987 -611.5151 0.6924896
525.06    -563.8381 -611.5101 0.6924257
525.07    -563.6891 -611.5052 0.6923618
525.08    -563.54 -611.5004 0.6922978
525.09    -563.3909 -611.4955 0.692234
525.1    -563.2418 -611.4906 0.6921703
525.11    -563.0925 -611.4857 0.6921068
525.12    -562.9432 -611.4808 0.6920436
525.13    -562.7938 -611.476 0.6919805
525.14    -562.6443 -611.4711 0.6919178
525.15    -562.4948 -611.4661 0.6918551
525.16    -562.3452 -611.4611 0.6917937
525.17    -562.1956 -611.4562 0.6917333
525.18    -562.0458 -611.4512 0.6916739
525.19    -561.896 -611.4463 0.6916155
525.2    -561.7462 -611.4413 0.6915584
525.21    -561.5963 -611.4364 0.6915027
525.22    -561.4462 -611.4314 0.691448
525.23    -561.2961 -611.4265 0.6913946
525.24    -561.146 -611.4215 0.6913423
525.25    -560.9958 -611.4166 0.6912912
525.26    -560.8455 -611.4116 0.6912413
525.27    -560.6952 -611.4066 0.6911926
525.28    -560.5448 -611.4016 0.6911448
525.29    -560.3943 -611.3965 0.6910981
525.3    -560.2438 -611.3915 0.6910524
525.31    -560.0932 -611.3865 0.6910079
525.32    -559.9425 -611.3815 0.6909643
525.33    -559.7917 -611.3765 0.6909217
525.34    -559.6409 -611.3715 0.69088
525.35    -559.4901 -611.3665 0.6908395
525.36    -559.3391 -611.3615 0.6908
525.37    -559.1881 -611.3565 0.6907617
525.38    -559.037 -611.3515 0.6907243
525.39    -558.8859 -611.3465 0.6906878
525.4    -558.7347 -611.3415 0.6906529
525.41    -558.5834 -611.3365 0.6906195
525.42    -558.432 -611.3315 0.6905876
525.43    -558.2806 -611.3265 0.690557
525.44    -558.1291 -611.3215 0.6905277
525.45    -557.9775 -611.3165 0.6905005
525.46    -557.8259 -611.3115 0.6904755
525.47    -557.6743 -611.3065 0.6904524
525.48    -557.5225 -611.3015 0.6904312
525.49    -557.3707 -611.2964 0.6904117
525.5    -557.2188 -611.2914 0.6903952
525.51    -557.0669 -611.2864 0.6903816
525.52    -556.9149 -611.2814 0.6903708
525.53    -556.7628 -611.2764 0.6903625
525.54    -556.6106 -611.2714 0.6903567
525.55    -556.4584 -611.2664 0.6903549
525.56    -556.3061 -611.2614 0.6903571
525.57    -556.1537 -611.2565 0.6903629
525.58    -556.0013 -611.2515 0.6903721
525.59    -555.8488 -611.2465 0.6903847
525.6    -555.6963 -611.2415 0.6904018
525.61    -555.5437 -611.2365 0.6904231
525.62    -555.391 -611.2314 0.6904486
525.63    -555.2382 -611.2264 0.6904779
525.64    -555.0854 -611.2214 0.6905108
525.65    -554.9325 -611.2165 0.6905481
525.66    -554.7795 -611.2115 0.6905892
525.67    -554.6265 -611.2065 0.6906341
525.68    -554.4734 -611.2015 0.6906827
525.69    -554.3203 -611.1965 0.6907347
525.7    -554.1671 -611.1915 0.6907899
525.71    -554.0139 -611.1865 0.6908485
525.72    -553.8605 -611.1815 0.6909099
525.73    -553.707 -611.1766 0.6909742
525.74    -553.5535 -611.1717 0.6910412
525.75    -553.4 -611.1667 0.6911108
525.76    -553.2463 -611.1618 0.6911829
525.77    -553.0927 -611.1569 0.6912572
525.78    -552.9389 -611.152 0.6913338
525.79    -552.7851 -611.147 0.6914124
525.8    -552.6312 -611.1422 0.6914932
525.81    -552.4773 -611.1373 0.6915757
525.82    -552.3233 -611.1324 0.6916601
525.83    -552.1692 -611.1276 0.6917462
525.84    -552.015 -611.1227 0.6918339
525.85    -551.8608 -611.1179 0.6919234
525.86    -551.7065 -611.113 0.6920146
525.87    -551.5522 -611.1083 0.6921074
525.88    -551.3978 -611.1035 0.6922016
525.89    -551.2433 -611.0986 0.6922973
525.9    -551.0887 -611.0939 0.6923948
525.91    -550.9341 -611.0891 0.6924939
525.92    -550.7795 -611.0844 0.6925946
525.93    -550.6248 -611.0797 0.6926969
525.94    -550.4699 -611.0749 0.6928005
525.95    -550.315 -611.0703 0.6929055
525.96    -550.1601 -611.0656 0.6930125
525.97    -550.0051 -611.0609 0.6931215
525.98    -549.8499 -611.0562 0.6932321
525.99    -549.6948 -611.0516 0.6933446
526    -549.5396 -611.047 0.693459
526.01    -549.3843 -611.0424 0.6935754
526.02    -549.2289 -611.0377 0.6936937
526.03    -549.0735 -611.0332 0.6938137
526.04    -548.9181 -611.0286 0.6939354
526.05    -548.7626 -611.0241 0.6940588
526.06    -548.607 -611.0195 0.6941836
526.07    -548.4514 -611.015 0.6943099
526.08    -548.2957 -611.0105 0.6944377
526.09    -548.1398 -611.006 0.6945667
526.1    -547.984 -611.0015 0.694697
526.11    -547.8281 -610.997 0.6948285
526.12    -547.6721 -610.9926 0.6949611
526.13    -547.5161 -610.9881 0.6950947
526.14    -547.3599 -610.9837 0.6952295
526.15    -547.2037 -610.9792 0.6953651
526.16    -547.0475 -610.9748 0.6955016
526.17    -546.8912 -610.9704 0.695639
526.18    -546.7348 -610.9661 0.6957771
526.19    -546.5784 -610.9617 0.6959161
526.2    -546.4219 -610.9573 0.6960558
526.21    -546.2653 -610.9529 0.6961961
526.22    -546.1087 -610.9485 0.6963372
526.23    -545.952 -610.9442 0.6964788
526.24    -545.7952 -610.9399 0.696621
526.25    -545.6384 -610.9355 0.6967638
526.26    -545.4816 -610.9312 0.696907
526.27    -545.3246 -610.9269 0.6970508
526.28    -545.1675 -610.9225 0.6971951
526.29    -545.0104 -610.9182 0.6973398
526.3    -544.8533 -610.9139 0.6974849
526.31    -544.6961 -610.9095 0.6976304
526.32    -544.5388 -610.9052 0.6977763
526.33    -544.3815 -610.9009 0.6979225
526.34    -544.2241 -610.8967 0.698069
526.35    -544.0666 -610.8924 0.698216
526.36    -543.9091 -610.8881 0.6983631
526.37    -543.7515 -610.8838 0.6985106
526.38    -543.5938 -610.8795 0.6986583
526.39    -543.4361 -610.8751 0.6988063
526.4    -543.2783 -610.8707 0.6989545
526.41    -543.1205 -610.8664 0.6991029
526.42    -542.9626 -610.8621 0.6992516
526.43    -542.8046 -610.8577 0.6994004
526.44    -542.6465 -610.8533 0.6995495
526.45    -542.4885 -610.849 0.6996986
526.46    -542.3303 -610.8447 0.699848
526.47    -542.1721 -610.8403 0.6999974
526.48    -542.0138 -610.8359 0.700147
526.49    -541.8554 -610.8315 0.7002966
526.5    -541.697 -610.827 0.7004462
526.51    -541.5386 -610.8226 0.7005959
526.52    -541.38 -610.8182 0.7007456
526.53    -541.2214 -610.8138 0.7008953
526.54    -541.0627 -610.8093 0.701045
526.55    -540.904 -610.8048 0.7011946
526.56    -540.7452 -610.8003 0.7013443
526.57    -540.5863 -610.7958 0.7014939
526.58    -540.4274 -610.7913 0.7016435
526.59    -540.2684 -610.7867 0.701793
526.6    -540.1094 -610.7822 0.7019425
526.61    -539.9503 -610.7776 0.7020919
526.62    -539.7911 -610.773 0.7022413
526.63    -539.6318 -610.7684 0.7023906
526.64    -539.4725 -610.7638 0.7025399
526.65    -539.3132 -610.7592 0.7026889
526.66    -539.1537 -610.7545 0.7028376
526.67    -538.9943 -610.7497 0.7029861
526.68    -538.8347 -610.745 0.7031344
526.69    -538.6751 -610.7402 0.7032825
526.7    -538.5154 -610.7354 0.7034303
526.71    -538.3557 -610.7307 0.7035773
526.72    -538.1959 -610.7258 0.7037235
526.73    -538.0361 -610.7209 0.7038689
526.74    -537.8762 -610.7161 0.7040136
526.75    -537.7162 -610.7111 0.7041572
526.76    -537.5562 -610.7062 0.7042998
526.77    -537.3961 -610.7012 0.7044414
526.78    -537.2359 -610.6962 0.7045821
526.79    -537.0757 -610.6912 0.7047219
526.8    -536.9155 -610.6862 0.7048603
526.81    -536.7552 -610.681 0.7049975
526.82    -536.5948 -610.676 0.7051334
526.83    -536.4344 -610.6708 0.7052682
526.84    -536.274 -610.6655 0.7054018
526.85    -536.1135 -610.6603 0.7055337
526.86    -535.9529 -610.655 0.7056639
526.87    -535.7923 -610.6497 0.7057924
526.88    -535.6317 -610.6443 0.7059196
526.89    -535.4709 -610.639 0.7060453
526.9    -535.3102 -610.6336 0.7061692
526.91    -535.1494 -610.6282 0.7062911
526.92    -534.9885 -610.6227 0.7064114
526.93    -534.8275 -610.6172 0.70653
526.94    -534.6666 -610.6117 0.7066471
526.95    -534.5056 -610.6061 0.7067628
526.96    -534.3445 -610.6005 0.7068768
526.97    -534.1833 -610.5948 0.7069893
526.98    -534.0222 -610.5891 0.7071003
526.99    -533.861 -610.5834 0.7072101
527    -533.6998 -610.5776 0.7073184
527.01    -533.5386 -610.5718 0.7074253
527.02    -533.3773 -610.5659 0.7075309
527.03    -533.216 -610.5601 0.7076353
527.04    -533.0546 -610.5541 0.7077385
527.05    -532.8932 -610.5482 0.7078406
527.06    -532.7318 -610.5422 0.7079412
527.07    -532.5703 -610.5361 0.7080404
527.08    -532.4088 -610.53 0.7081382
527.09    -532.2473 -610.5239 0.7082346
527.1    -532.0858 -610.5178 0.7083289
527.11    -531.9243 -610.5115 0.7084213
527.12    -531.7627 -610.5053 0.7085118
527.13    -531.6011 -610.499 0.7086005
527.14    -531.4395 -610.4927 0.7086875
527.15    -531.2779 -610.4863 0.7087728
527.16    -531.1163 -610.4799 0.7088556
527.17    -530.9547 -610.4734 0.7089357
527.18    -530.793 -610.467 0.7090133
527.19    -530.6313 -610.4604 0.7090887
527.2    -530.4697 -610.4538 0.7091614
527.21    -530.308 -610.4472 0.7092316
527.22    -530.1464 -610.4405 0.7092993
527.23    -529.9847 -610.4338 0.7093647
527.24    -529.823 -610.4271 0.7094281
527.25    -529.6613 -610.4202 0.7094891
527.26    -529.4996 -610.4133 0.7095481
527.27    -529.338 -610.4065 0.7096051
527.28    -529.1763 -610.3995 0.7096602
527.29    -529.0146 -610.3925 0.7097135
527.3    -528.8529 -610.3856 0.7097651
527.31    -528.6912 -610.3785 0.7098151
527.32    -528.5295 -610.3715 0.7098635
527.33    -528.3679 -610.3643 0.7099106
527.34    -528.2062 -610.3572 0.7099562
527.35    -528.0445 -610.35 0.7100005
527.36    -527.8828 -610.3428 0.7100436
527.37    -527.7212 -610.3355 0.7100856
527.38    -527.5596 -610.3282 0.7101264
527.39    -527.398 -610.3209 0.7101662
527.4    -527.2364 -610.3135 0.710205
527.41    -527.0748 -610.3061 0.7102427
527.42    -526.9131 -610.2987 0.7102796
527.43    -526.7515 -610.2912 0.7103158
527.44    -526.5899 -610.2838 0.710351
527.45    -526.4283 -610.2762 0.7103855
527.46    -526.2668 -610.2687 0.7104192
527.47    -526.1052 -610.2611 0.7104523
527.48    -525.9437 -610.2535 0.7104847
527.49    -525.7821 -610.2458 0.7105165
527.5    -525.6205 -610.2382 0.7105477
527.51    -525.459 -610.2305 0.7105784
527.52    -525.2974 -610.2228 0.7106085
527.53    -525.1359 -610.215 0.7106381
527.54    -524.9744 -610.2073 0.7106673
527.55    -524.8129 -610.1995 0.7106959
527.56    -524.6514 -610.1917 0.7107241
527.57    -524.4899 -610.1837 0.710752
527.58    -524.3284 -610.1758 0.7107794
527.59    -524.1669 -610.168 0.7108065
527.6    -524.0055 -610.16 0.7108333
527.61    -523.8441 -610.1521 0.7108596
527.62    -523.6826 -610.144 0.7108857
527.63    -523.5212 -610.136 0.7109115
527.64    -523.3597 -610.1281 0.710937
527.65    -523.1983 -610.12 0.7109622
527.66    -523.0369 -610.1119 0.7109872
527.67    -522.8754 -610.1039 0.7110118
527.68    -522.714 -610.0958 0.7110363
527.69    -522.5526 -610.0876 0.7110606
527.7    -522.3912 -610.0795 0.7110847
527.71    -522.2298 -610.0713 0.7111086
527.72    -522.0684 -610.0631 0.7111322
527.73    -521.907 -610.0549 0.7111556
527.74    -521.7455 -610.0467 0.711179
527.75    -521.5842 -610.0385 0.7112021
527.76    -521.4228 -610.0302 0.7112251
527.77    -521.2614 -610.022 0.7112479
527.78    -521.1 -610.0137 0.7112707
527.79    -520.9386 -610.0054 0.7112932
527.8    -520.7772 -609.9971 0.7113156
527.81    -520.6158 -609.9888 0.711338
527.82    -520.4545 -609.9804 0.7113602
527.83    -520.2931 -609.972 0.7113823
527.84    -520.1317 -609.9637 0.7114043
527.85    -519.9703 -609.9553 0.7114262
527.86    -519.809 -609.9469 0.711448
527.87    -519.6476 -609.9385 0.7114697
527.88    -519.4862 -609.9301 0.7114913
527.89    -519.3248 -609.9216 0.7115129
527.9    -519.1635 -609.9132 0.7115344
527.91    -519.0021 -609.9047 0.7115558
527.92    -518.8407 -609.8962 0.7115772
527.93    -518.6793 -609.8878 0.7115984
527.94    -518.5179 -609.8793 0.7116196
527.95    -518.3566 -609.8707 0.7116408
527.96    -518.1952 -609.8621 0.7116619
527.97    -518.0338 -609.8536 0.7116829
527.98    -517.8725 -609.845 0.7117039
527.99    -517.7112 -609.8365 0.7117248
528    -517.5499 -609.8279 0.7117457
528.01    -517.3885 -609.8193 0.7117665
528.02    -517.2272 -609.8107 0.7117873
528.03    -517.0659 -609.8021 0.7118081
528.04    -516.9046 -609.7935 0.7118288
528.05    -516.7433 -609.7849 0.7118496
528.06    -516.5821 -609.7762 0.7118702
528.07    -516.4209 -609.7676 0.7118908
528.08    -516.2597 -609.7589 0.7119114
528.09    -516.0985 -609.7502 0.7119319
528.1    -515.9373 -609.7415 0.7119524
528.11    -515.7762 -609.7328 0.711973
528.12    -515.6151 -609.7241 0.7119935
528.13    -515.4539 -609.7153 0.712014
528.14    -515.2928 -609.7066 0.7120343
528.15    -515.1317 -609.6978 0.7120548
528.16    -514.9706 -609.6891 0.7120752
528.17    -514.8096 -609.6803 0.7120955
528.18    -514.6486 -609.6715 0.7121159
528.19    -514.4875 -609.6627 0.7121362
528.2    -514.3265 -609.6539 0.7121566
528.21    -514.1656 -609.6451 0.7121768
528.22    -514.0046 -609.6362 0.7121971
528.23    -513.8437 -609.6274 0.7122174
528.24    -513.6827 -609.6185 0.7122377
528.25    -513.5219 -609.6097 0.7122579
528.26    -513.361 -609.6008 0.7122781
528.27    -513.2001 -609.5919 0.7122983
528.28    -513.0392 -609.583 0.7123186
528.29    -512.8784 -609.5741 0.7123387
528.3    -512.7175 -609.5651 0.7123589
528.31    -512.5568 -609.5562 0.712379
528.32    -512.396 -609.5473 0.7123992
528.33    -512.2352 -609.5384 0.7124194
528.34    -512.0745 -609.5294 0.7124395
528.35    -511.9138 -609.5204 0.7124597
528.36    -511.7531 -609.5114 0.7124798
528.37    -511.5924 -609.5024 0.7124999
528.38    -511.4317 -609.4935 0.71252
528.39    -511.271 -609.4844 0.7125401
528.4    -511.1104 -609.4754 0.7125602
528.41    -510.9498 -609.4664 0.7125803
528.42    -510.7892 -609.4573 0.7126004
528.43    -510.6286 -609.4483 0.7126205
528.44    -510.468 -609.4392 0.7126405
528.45    -510.3075 -609.4302 0.7126607
528.46    -510.1469 -609.4211 0.7126807
528.47    -509.9864 -609.412 0.7127008
528.48    -509.8259 -609.403 0.7127209
528.49    -509.6654 -609.3939 0.7127409
528.5    -509.5049 -609.3848 0.712761
528.51    -509.3445 -609.3756 0.712781
528.52    -509.1841 -609.3665 0.712801
528.53    -509.0237 -609.3574 0.7128211
528.54    -508.8633 -609.3483 0.7128411
528.55    -508.7029 -609.3391 0.7128611
528.56    -508.5425 -609.33 0.7128811
528.57    -508.3822 -609.3208 0.7129012
528.58    -508.2218 -609.3116 0.7129212
528.59    -508.0615 -609.3025 0.7129412
528.6    -507.9012 -609.2933 0.7129613
528.61    -507.741 -609.2841 0.7129812
528.62    -507.5807 -609.2749 0.7130013
528.63    -507.4205 -609.2657 0.7130213
528.64    -507.2602 -609.2565 0.7130413
528.65    -507.1 -609.2473 0.7130613
528.66    -506.9398 -609.238 0.7130813
528.67    -506.7797 -609.2288 0.7131013
528.68    -506.6195 -609.2196 0.7131213
528.69    -506.4594 -609.2104 0.7131413
528.7    -506.2993 -609.2011 0.7131612
528.71    -506.1392 -609.1918 0.7131813
528.72    -505.9791 -609.1826 0.7132013
528.73    -505.819 -609.1733 0.7132212
528.74    -505.6589 -609.1639 0.7132412
528.75    -505.4989 -609.1547 0.7132612
528.76    -505.3389 -609.1454 0.7132812
528.77    -505.1789 -609.1361 0.7133011
528.78    -505.019 -609.1268 0.7133211
528.79    -504.859 -609.1174 0.7133411
528.8    -504.699 -609.1081 0.7133611
528.81    -504.5391 -609.0988 0.7133811
528.82    -504.3792 -609.0894 0.713401
528.83    -504.2193 -609.0801 0.713421
528.84    -504.0594 -609.0707 0.713441
528.85    -503.8996 -609.0614 0.7134609
528.86    -503.7397 -609.0519 0.7134809
528.87    -503.5799 -609.0425 0.7135009
528.88    -503.4201 -609.0331 0.7135209
528.89    -503.2603 -609.0237 0.7135408
528.9    -503.1006 -609.0143 0.7135608
528.91    -502.9408 -609.0049 0.7135808
528.92    -502.7811 -608.9954 0.7136008
528.93    -502.6214 -608.986 0.7136207
528.94    -502.4617 -608.9764 0.7136407
528.95    -502.302 -608.967 0.7136606
528.96    -502.1424 -608.9575 0.7136806
528.97    -501.9827 -608.948 0.7137005
528.98    -501.8231 -608.9385 0.7137204
528.99    -501.6635 -608.929 0.7137403
529    -501.5039 -608.9194 0.7137603
529.01    -501.3443 -608.9099 0.7137802
529.02    -501.1848 -608.9003 0.7138001
529.03    -501.0252 -608.8908 0.7138199
529.04    -500.8657 -608.8813 0.7138398
529.05    -500.7062 -608.8718 0.7138597
529.06    -500.5467 -608.8622 0.7138796
529.07    -500.3872 -608.8525 0.7138996
529.08    -500.2278 -608.843 0.7139194
529.09    -500.0683 -608.8333 0.7139392
529.1    -499.9089 -608.8237 0.7139592
529.11    -499.7495 -608.814 0.713979
529.12    -499.5901 -608.8044 0.7139988
529.13    -499.4308 -608.7947 0.7140187
529.14    -499.2714 -608.785 0.7140386
529.15    -499.1121 -608.7754 0.7140583
529.16    -498.9528 -608.7657 0.7140782
529.17    -498.7935 -608.756 0.714098
529.18    -498.6342 -608.7463 0.7141177
529.19    -498.4749 -608.7366 0.7141375
529.2    -498.3157 -608.7269 0.7141572
529.21    -498.1565 -608.7172 0.714177
529.22    -497.9973 -608.7075 0.7141967
529.23    -497.8381 -608.6978 0.7142165
529.24    -497.6789 -608.688 0.7142363
529.25    -497.5197 -608.6783 0.714256
529.26    -497.3606 -608.6686 0.7142757
529.27    -497.2015 -608.6589 0.7142954
529.28    -497.0424 -608.6491 0.7143151
529.29    -496.8833 -608.6393 0.7143348
529.3    -496.7242 -608.6296 0.7143545
529.31    -496.5652 -608.6198 0.7143743
529.32    -496.4062 -608.61 0.714394
529.33    -496.2471 -608.6003 0.7144137
529.34    -496.0881 -608.5905 0.7144333
529.35    -495.9291 -608.5807 0.7144531
529.36    -495.7702 -608.5709 0.7144727
529.37    -495.6112 -608.5612 0.7144924
529.38    -495.4523 -608.5514 0.7145121
529.39    -495.2934 -608.5416 0.7145318
529.4    -495.1345 -608.5319 0.7145514
529.41    -494.9756 -608.5221 0.7145711
529.42    -494.8167 -608.5123 0.7145908
529.43    -494.6579 -608.5026 0.7146105
529.44    -494.4991 -608.4928 0.7146301
529.45    -494.3402 -608.483 0.7146497
529.46    -494.1815 -608.4733 0.7146694
529.47    -494.0227 -608.4635 0.714689
529.48    -493.8639 -608.4537 0.7147086
529.49    -493.7051 -608.444 0.7147282
529.5    -493.5464 -608.4342 0.7147479
529.51    -493.3877 -608.4245 0.7147675
529.52    -493.229 -608.4147 0.7147871
529.53    -493.0703 -608.405 0.7148067
529.54    -492.9117 -608.3952 0.7148263
529.55    -492.7531 -608.3854 0.714846
529.56    -492.5944 -608.3757 0.7148656
529.57    -492.4358 -608.3659 0.7148852
529.58    -492.2772 -608.3561 0.7149048
529.59    -492.1186 -608.3464 0.7149244
529.6    -491.9601 -608.3367 0.714944
529.61    -491.8015 -608.3269 0.7149636
529.62    -491.643 -608.3171 0.7149832
529.63    -491.4845 -608.3074 0.7150028
529.64    -491.326 -608.2977 0.7150224
529.65    -491.1675 -608.288 0.715042
529.66    -491.0091 -608.2783 0.7150616
529.67    -490.8506 -608.2686 0.7150812
529.68    -490.6922 -608.2589 0.7151008
529.69    -490.5338 -608.2493 0.7151204
529.7    -490.3754 -608.2396 0.71514
529.71    -490.217 -608.23 0.7151597
529.72    -490.0586 -608.2204 0.7151792
529.73    -489.9003 -608.2108 0.7151988
529.74    -489.7419 -608.2012 0.7152184
529.75    -489.5836 -608.1917 0.715238
529.76    -489.4253 -608.1821 0.7152576
529.77    -489.267 -608.1725 0.7152773
529.78    -489.1087 -608.163 0.7152968
529.79    -488.9505 -608.1535 0.7153165
529.8    -488.7922 -608.1441 0.715336
529.81    -488.634 -608.1346 0.7153556
529.82    -488.4758 -608.1252 0.7153752
529.83    -488.3176 -608.1159 0.7153948
529.84    -488.1594 -608.1065 0.7154144
529.85    -488.0013 -608.0972 0.715434
529.86    -487.8431 -608.0879 0.7154536
529.87    -487.685 -608.0786 0.7154732
529.88    -487.5269 -608.0694 0.7154928
529.89    -487.3688 -608.0601 0.7155125
529.9    -487.2107 -608.051 0.7155321
529.91    -487.0526 -608.0418 0.7155517
529.92    -486.8945 -608.0327 0.7155713
529.93    -486.7365 -608.0236 0.7155909
529.94    -486.5784 -608.0145 0.7156106
529.95    -486.4204 -608.0055 0.7156301
529.96    -486.2624 -607.9965 0.7156498
529.97    -486.1044 -607.9875 0.7156694
529.98    -485.9465 -607.9786 0.715689
529.99    -485.7885 -607.9698 0.7157086
530    -485.6306 -607.9609 0.7157282
530.01    -485.4727 -607.9521 0.7157478
530.02    -485.3148 -607.9434 0.7157674
530.03    -485.1568 -607.9346 0.715787
530.04    -484.9989 -607.926 0.7158067
530.05    -484.8411 -607.9174 0.7158263
530.06    -484.6832 -607.9088 0.7158459
530.07    -484.5254 -607.9003 0.7158656
530.08    -484.3676 -607.8918 0.7158853
530.09    -484.2097 -607.8834 0.715905
530.1    -484.052 -607.875 0.7159246
530.11    -483.8942 -607.8666 0.7159443
530.12    -483.7365 -607.8583 0.715964
530.13    -483.5787 -607.8501 0.7159836
530.14    -483.4209 -607.8419 0.7160032
530.15    -483.2632 -607.8338 0.716023
530.16    -483.1055 -607.8257 0.7160426
530.17    -482.9478 -607.8177 0.7160623
530.18    -482.7901 -607.8098 0.716082
530.19    -482.6325 -607.8018 0.7161017
530.2    -482.4749 -607.7939 0.7161214
530.21    -482.3172 -607.7861 0.716141
530.22    -482.1596 -607.7784 0.7161608
530.23    -482.002 -607.7707 0.7161804
530.24    -481.8444 -607.7631 0.7162002
530.25    -481.6868 -607.7555 0.7162199
530.26    -481.5293 -607.748 0.7162396
530.27    -481.3717 -607.7405 0.7162592
530.28    -481.2142 -607.7332 0.716279
530.29    -481.0567 -607.7258 0.7162987
530.3    -480.8992 -607.7185 0.7163185
530.31    -480.7417 -607.7112 0.7163382
530.32    -480.5843 -607.704 0.7163579
530.33    -480.4268 -607.6969 0.7163777
530.34    -480.2693 -607.6898 0.7163974
530.35    -480.1119 -607.6828 0.7164171
530.36    -479.9545 -607.6758 0.7164369
530.37    -479.7971 -607.6689 0.7164567
530.38    -479.6397 -607.6621 0.7164764
530.39    -479.4824 -607.6554 0.7164961
530.4    -479.325 -607.6487 0.7165159
530.41    -479.1677 -607.642 0.7165357
530.42    -479.0104 -607.6354 0.7165555
530.43    -478.8531 -607.6289 0.7165753
530.44    -478.6957 -607.6224 0.7165951
530.45    -478.5385 -607.616 0.7166149
530.46    -478.3812 -607.6097 0.7166347
530.47    -478.224 -607.6034 0.7166545
530.48    -478.0667 -607.5972 0.7166742
530.49    -477.9095 -607.5911 0.7166941
530.5    -477.7523 -607.585 0.7167138
530.51    -477.5951 -607.579 0.7167336
530.52    -477.4379 -607.5731 0.7167534
530.53    -477.2808 -607.5673 0.7167733
530.54    -477.1236 -607.5615 0.7167931
530.55    -476.9665 -607.5557 0.7168129
530.56    -476.8093 -607.55 0.7168327
530.57    -476.6522 -607.5444 0.7168525
530.58    -476.4951 -607.5389 0.7168723
530.59    -476.338 -607.5334 0.7168921
530.6    -476.1809 -607.528 0.7169119
530.61    -476.0238 -607.5226 0.7169316
530.62    -475.8667 -607.5173 0.7169514
530.63    -475.7097 -607.512 0.7169712
530.64    -475.5526 -607.5068 0.7169909
530.65    -475.3955 -607.5016 0.7170106
530.66    -475.2385 -607.4966 0.7170304
530.67    -475.0815 -607.4916 0.7170501
530.68    -474.9245 -607.4866 0.7170699
530.69    -474.7675 -607.4818 0.7170897
530.7    -474.6105 -607.4769 0.7171094
530.71    -474.4535 -607.4722 0.7171291
530.72    -474.2965 -607.4676 0.7171487
530.73    -474.1396 -607.463 0.7171684
530.74    -473.9826 -607.4585 0.7171881
530.75    -473.8257 -607.454 0.7172078
530.76    -473.6687 -607.4496 0.7172273
530.77    -473.5118 -607.4453 0.7172467
530.78    -473.3549 -607.441 0.7172658
530.79    -473.198 -607.4368 0.7172849
530.8    -473.0411 -607.4326 0.7173035
530.81    -472.8843 -607.4285 0.7173218
530.82    -472.7274 -607.4245 0.7173396
530.83    -472.5706 -607.4205 0.717357
530.84    -472.4137 -607.4166 0.7173742
530.85    -472.2569 -607.4128 0.7173904
530.86    -472.1001 -607.4089 0.7174058
530.87    -471.9433 -607.4052 0.7174203
530.88    -471.7865 -607.4016 0.717434
530.89    -471.6297 -607.3979 0.7174471
530.9    -471.4729 -607.3944 0.7174586
530.91    -471.3162 -607.3909 0.7174687
530.92    -471.1595 -607.3875 0.7174776
530.93    -471.0027 -607.3842 0.7174851
530.94    -470.846 -607.3809 0.7174914
530.95    -470.6892 -607.3776 0.717496
530.96    -470.5325 -607.3745 0.7174991
530.97    -470.3759 -607.3713 0.7175007
530.98    -470.2192 -607.3682 0.7175009
530.99    -470.0625 -607.3653 0.7174998
531    -469.9058 -607.3624 0.7174973
531.01    -469.7492 -607.3596 0.7174937
531.02    -469.5925 -607.3569 0.7174889
531.03    -469.4359 -607.3542 0.7174829
531.04    -469.2793 -607.3516 0.7174758
531.05    -469.1227 -607.349 0.7174678
531.06    -468.9661 -607.3465 0.7174587
531.07    -468.8095 -607.3441 0.7174488
531.08    -468.653 -607.3417 0.7174379
531.09    -468.4964 -607.3394 0.7174262
531.1    -468.3398 -607.3371 0.7174138
531.11    -468.1833 -607.3349 0.7174006
531.12    -468.0268 -607.3328 0.7173865
531.13    -467.8703 -607.3307 0.7173719
531.14    -467.7138 -607.3287 0.7173565
531.15    -467.5573 -607.3267 0.7173406
531.16    -467.4008 -607.3248 0.717324
531.17    -467.2444 -607.323 0.7173069
531.18    -467.0879 -607.3213 0.7172892
531.19    -466.9315 -607.3196 0.717271
531.2    -466.775 -607.3181 0.7172523
531.21    -466.6186 -607.3165 0.7172331
531.22    -466.4622 -607.3151 0.7172134
531.23    -466.3058 -607.3137 0.7171933
531.24    -466.1494 -607.3123 0.7171727
531.25    -465.9931 -607.311 0.7171519
531.26    -465.8367 -607.3098 0.7171306
531.27    -465.6804 -607.3087 0.717109
531.28    -465.524 -607.3076 0.717087
531.29    -465.3677 -607.3065 0.7170647
531.3    -465.2114 -607.3055 0.717042
531.31    -465.0551 -607.3046 0.7170191
531.32    -464.8989 -607.3038 0.7169958
531.33    -464.7426 -607.3031 0.7169724
531.34    -464.5863 -607.3024 0.7169486
531.35    -464.4301 -607.3018 0.7169245
531.36    -464.2739 -607.3013 0.7169003
531.37    -464.1176 -607.3008 0.7168758
531.38    -463.9615 -607.3004 0.7168511
531.39    -463.8053 -607.3 0.7168262
531.4    -463.6491 -607.2997 0.7168011
531.41    -463.493 -607.2994 0.7167757
531.42    -463.3369 -607.2993 0.7167503
531.43    -463.1807 -607.2991 0.7167246
531.44    -463.0246 -607.2991 0.7166988
531.45    -462.8686 -607.2991 0.7166728
531.46    -462.7125 -607.2991 0.7166466
531.47    -462.5565 -607.2993 0.7166203
531.48    -462.4004 -607.2994 0.7165939
531.49    -462.2444 -607.2997 0.7165673
531.5    -462.0884 -607.3 0.7165406
531.51    -461.9325 -607.3003 0.7165139
531.52    -461.7765 -607.3007 0.716487
531.53    -461.6206 -607.3012 0.7164599
531.54    -461.4646 -607.3018 0.7164328
531.55    -461.3087 -607.3024 0.7164056
531.56    -461.1529 -607.303 0.7163782
531.57    -460.997 -607.3038 0.7163509
531.58    -460.8411 -607.3045 0.7163233
531.59    -460.6853 -607.3054 0.7162957
531.6    -460.5295 -607.3062 0.7162681
531.61    -460.3737 -607.3071 0.7162403
531.62    -460.2179 -607.308 0.7162125
531.63    -460.0622 -607.3091 0.7161846
531.64    -459.9064 -607.3102 0.7161565
531.65    -459.7507 -607.3113 0.7161285
531.66    -459.595 -607.3125 0.7161004
531.67    -459.4393 -607.3137 0.7160722
531.68    -459.2836 -607.3149 0.716044
531.69    -459.128 -607.3163 0.7160157
531.7    -458.9723 -607.3176 0.7159874
531.71    -458.8167 -607.319 0.715959
531.72    -458.6611 -607.3205 0.7159306
531.73    -458.5055 -607.322 0.7159021
531.74    -458.3499 -607.3235 0.7158736
531.75    -458.1943 -607.3251 0.715845
531.76    -458.0388 -607.3267 0.7158164
531.77    -457.8833 -607.3284 0.7157877
531.78    -457.7278 -607.33 0.715759
531.79    -457.5723 -607.3318 0.7157302
531.8    -457.4168 -607.3336 0.7157015
531.81    -457.2614 -607.3354 0.7156726
531.82    -457.1059 -607.3372 0.7156438
531.83    -456.9505 -607.3391 0.7156149
531.84    -456.7951 -607.3411 0.7155859
531.85    -456.6397 -607.343 0.715557
531.86    -456.4843 -607.345 0.715528
531.87    -456.329 -607.347 0.7154989
531.88    -456.1737 -607.3491 0.7154699
531.89    -456.0183 -607.3512 0.7154408
531.9    -455.8631 -607.3533 0.7154117
531.91    -455.7078 -607.3555 0.7153826
531.92    -455.5525 -607.3577 0.7153534
531.93    -455.3973 -607.3599 0.7153242
531.94    -455.242 -607.3622 0.715295
531.95    -455.0869 -607.3644 0.7152657
531.96    -454.9317 -607.3668 0.7152364
531.97    -454.7765 -607.3691 0.7152071
531.98    -454.6213 -607.3715 0.7151778
531.99    -454.4662 -607.3739 0.7151484
532    -454.3111 -607.3763 0.7151191
532.01    -454.156 -607.3788 0.7150897
532.02    -454.0009 -607.3813 0.7150602
532.03    -453.8458 -607.3838 0.7150308
532.04    -453.6907 -607.3863 0.7150013
532.05    -453.5357 -607.3889 0.7149719
532.06    -453.3807 -607.3914 0.7149424
532.07    -453.2257 -607.394 0.7149128
532.08    -453.0707 -607.3966 0.7148833
532.09    -452.9157 -607.3992 0.7148538
532.1    -452.7608 -607.4019 0.7148243
532.11    -452.6058 -607.4046 0.7147946
532.12    -452.4509 -607.4073 0.714765
532.13    -452.296 -607.41 0.7147353
532.14    -452.1411 -607.4127 0.7147057
532.15    -451.9862 -607.4154 0.714676
532.16    -451.8314 -607.4182 0.7146463
532.17    -451.6765 -607.4209 0.7146167
532.18    -451.5217 -607.4236 0.714587
532.19    -451.3669 -607.4264 0.7145572
532.2    -451.2121 -607.4291 0.7145274
532.21    -451.0574 -607.4319 0.7144977
532.22    -450.9026 -607.4347 0.7144679
532.23    -450.7479 -607.4375 0.7144381
532.24    -450.5931 -607.4403 0.7144082
532.25    -450.4384 -607.4431 0.7143785
532.26    -450.2838 -607.4459 0.7143486
532.27    -450.1291 -607.4487 0.7143188
532.28    -449.9745 -607.4515 0.7142889
532.29    -449.8198 -607.4544 0.714259
532.3    -449.6652 -607.4573 0.7142291
532.31    -449.5106 -607.4601 0.7141992
532.32    -449.356 -607.463 0.7141693
532.33    -449.2015 -607.4658 0.7141393
532.34    -449.0469 -607.4687 0.7141094
532.35    -448.8924 -607.4716 0.7140794
532.36    -448.7379 -607.4744 0.7140494
532.37    -448.5834 -607.4772 0.7140194
532.38    -448.4289 -607.4801 0.7139894
532.39    -448.2744 -607.483 0.7139595
532.4    -448.12 -607.4858 0.7139294
532.41    -447.9655 -607.4886 0.7138993
532.42    -447.8111 -607.4915 0.7138692
532.43    -447.6567 -607.4944 0.7138392
532.44    -447.5023 -607.4973 0.7138091
532.45    -447.348 -607.5001 0.713779
532.46    -447.1936 -607.5029 0.7137489
532.47    -447.0393 -607.5058 0.7137188
532.48    -446.8849 -607.5087 0.7136886
532.49    -446.7306 -607.5115 0.7136585
532.5    -446.5764 -607.5143 0.7136284
532.51    -446.4221 -607.5171 0.7135983
532.52    -446.2678 -607.5199 0.713568
532.53    -446.1136 -607.5227 0.7135378
532.54    -445.9594 -607.5255 0.7135077
532.55    -445.8052 -607.5283 0.7134774
532.56    -445.651 -607.5311 0.7134472
532.57    -445.4968 -607.5339 0.713417
532.58    -445.3427 -607.5366 0.7133867
532.59    -445.1885 -607.5394 0.7133566
532.6    -445.0344 -607.5421 0.7133263
532.61    -444.8803 -607.5448 0.7132959
532.62    -444.7262 -607.5475 0.7132657
532.63    -444.5721 -607.5503 0.7132353
532.64    -444.4181 -607.553 0.7132051
532.65    -444.264 -607.5557 0.7131748
532.66    -444.11 -607.5583 0.7131444
532.67    -443.956 -607.561 0.7131141
532.68    -443.802 -607.5637 0.7130837
532.69    -443.648 -607.5663 0.7130534
532.7    -443.494 -607.569 0.713023
532.71    -443.3401 -607.5716 0.7129927
532.72    -443.1862 -607.5742 0.7129623
532.73    -443.0323 -607.5768 0.7129319
532.74    -442.8784 -607.5794 0.7129015
532.75    -442.7245 -607.5819 0.7128711
532.76    -442.5706 -607.5845 0.7128406
532.77    -442.4168 -607.587 0.7128102
532.78    -442.263 -607.5895 0.7127797
532.79    -442.1092 -607.592 0.7127492
532.8    -441.9554 -607.5945 0.7127188
532.81    -441.8016 -607.597 0.7126883
532.82    -441.6479 -607.5995 0.7126577
532.83    -441.4941 -607.6019 0.7126273
532.84    -441.3404 -607.6044 0.7125968
532.85    -441.1867 -607.6068 0.7125663
532.86    -441.033 -607.6091 0.7125356
532.87    -440.8793 -607.6115 0.7125052
532.88    -440.7256 -607.6138 0.7124746
532.89    -440.572 -607.6161 0.7124441
532.9    -440.4183 -607.6184 0.7124135
532.91    -440.2647 -607.6207 0.7123829
532.92    -440.1111 -607.6229 0.7123523
532.93    -439.9576 -607.6252 0.7123217
532.94    -439.804 -607.6274 0.7122911
532.95    -439.6505 -607.6295 0.7122605
532.96    -439.4969 -607.6317 0.7122298
532.97    -439.3434 -607.6338 0.7121991
532.98    -439.1899 -607.6359 0.7121685
532.99    -439.0364 -607.6379 0.7121378
533    -438.883 -607.64 0.7121071
533.01    -438.7295 -607.642 0.7120764
533.02    -438.5761 -607.644 0.7120457
533.03    -438.4227 -607.646 0.712015
533.04    -438.2693 -607.6479 0.7119843
533.05    -438.1158 -607.6498 0.7119535
533.06    -437.9625 -607.6517 0.7119228
533.07    -437.8091 -607.6536 0.711892
533.08    -437.6558 -607.6554 0.7118613
533.09    -437.5025 -607.6572 0.7118305
