916.87    -644.9135 -614.281 0.7001684
916.88    -644.777 -614.2766 0.7000878
916.89    -644.6404 -614.2721 0.7000073
916.9    -644.504 -614.2675 0.6999268
916.91    -644.3675 -614.263 0.6998463
916.92    -644.231 -614.2585 0.6997659
916.93    -644.0945 -614.254 0.6996855
916.94    -643.9581 -614.2495 0.6996052
916.95    -643.8217 -614.2449 0.6995249
916.96    -643.6852 -614.2404 0.6994446
916.97    -643.5488 -614.2358 0.6993644
916.98    -643.4124 -614.2312 0.6992842
916.99    -643.276 -614.2266 0.6992041
917    -643.1396 -614.222 0.699124
917.01    -643.0033 -614.2174 0.6990439
917.02    -642.8669 -614.2128 0.6989639
917.03    -642.7307 -614.2082 0.6988839
917.04    -642.5944 -614.2036 0.698804
917.05    -642.4581 -614.1989 0.6987241
917.06    -642.3218 -614.1943 0.6986443
917.07    -642.1856 -614.1896 0.6985645
917.08    -642.0494 -614.1849 0.6984847
917.09    -641.9131 -614.1802 0.6984051
917.1    -641.777 -614.1755 0.6983253
917.11    -641.6408 -614.1708 0.6982456
917.12    -641.5046 -614.1661 0.6981661
917.13    -641.3685 -614.1614 0.6980866
917.14    -641.2323 -614.1567 0.6980069
917.15    -641.0962 -614.152 0.6979275
917.16    -640.9601 -614.1472 0.6978481
917.17    -640.824 -614.1425 0.6977686
917.18    -640.6879 -614.1376 0.6976892
917.19    -640.5519 -614.1329 0.6976098
917.2    -640.4158 -614.1281 0.6975304
917.21    -640.2798 -614.1234 0.6974511
917.22    -640.1438 -614.1185 0.6973718
917.23    -640.0078 -614.1137 0.6972925
917.24    -639.8718 -614.1088 0.6972132
917.25    -639.7359 -614.104 0.6971339
917.26    -639.6 -614.0992 0.6970547
917.27    -639.4641 -614.0944 0.6969755
917.28    -639.3281 -614.0895 0.6968963
917.29    -639.1922 -614.0847 0.696817
917.3    -639.0563 -614.0797 0.6967379
917.31    -638.9205 -614.0748 0.6966587
917.32    -638.7846 -614.0699 0.6965796
917.33    -638.6487 -614.0651 0.6965005
917.34    -638.5129 -614.0602 0.6964214
917.35    -638.3771 -614.0552 0.6963423
917.36    -638.2413 -614.0502 0.6962632
917.37    -638.1056 -614.0453 0.696184
917.38    -637.9698 -614.0403 0.6961049
917.39    -637.8341 -614.0354 0.6960258
917.4    -637.6984 -614.0305 0.6959469
917.41    -637.5627 -614.0254 0.6958681
917.42    -637.4271 -614.0204 0.6957895
917.43    -637.2914 -614.0154 0.6957111
917.44    -637.1557 -614.0104 0.6956327
917.45    -637.02 -614.0054 0.6955546
917.46    -636.8844 -614.0004 0.6954772
917.47    -636.7488 -613.9953 0.6954007
917.48    -636.6132 -613.9902 0.695325
917.49    -636.4775 -613.9852 0.69525
917.5    -636.342 -613.9801 0.6951762
917.51    -636.2064 -613.975 0.6951038
917.52    -636.0709 -613.9699 0.6950325
917.53    -635.9354 -613.9648 0.6949623
917.54    -635.7999 -613.9597 0.6948931
917.55    -635.6644 -613.9546 0.6948253
917.56    -635.5289 -613.9495 0.6947591
917.57    -635.3935 -613.9443 0.6946942
917.58    -635.2581 -613.9391 0.6946305
917.59    -635.1226 -613.934 0.694568
917.6    -634.9872 -613.9288 0.6945068
917.61    -634.8519 -613.9236 0.6944466
917.62    -634.7165 -613.9185 0.6943875
917.63    -634.5811 -613.9132 0.6943293
917.64    -634.4457 -613.908 0.6942722
917.65    -634.3104 -613.9028 0.6942159
917.66    -634.175 -613.8976 0.6941605
917.67    -634.0397 -613.8923 0.6941058
917.68    -633.9044 -613.8871 0.694052
917.69    -633.7692 -613.8818 0.6939989
917.7    -633.6339 -613.8765 0.6939464
917.71    -633.4987 -613.8713 0.6938946
917.72    -633.3635 -613.866 0.6938434
917.73    -633.2283 -613.8607 0.6937928
917.74    -633.0931 -613.8554 0.6937428
917.75    -632.9579 -613.85 0.6936932
917.76    -632.8228 -613.8447 0.6936442
917.77    -632.6877 -613.8394 0.6935956
917.78    -632.5526 -613.8341 0.6935474
917.79    -632.4174 -613.8287 0.6934997
917.8    -632.2823 -613.8233 0.6934524
917.81    -632.1473 -613.8179 0.6934054
917.82    -632.0122 -613.8126 0.6933588
917.83    -631.8771 -613.8072 0.6933126
917.84    -631.7421 -613.8018 0.6932666
917.85    -631.6071 -613.7964 0.6932209
917.86    -631.4721 -613.7909 0.6931756
917.87    -631.3371 -613.7855 0.6931304
917.88    -631.2021 -613.78 0.6930856
917.89    -631.0672 -613.7746 0.6930409
917.9    -630.9323 -613.7692 0.6929966
917.91    -630.7974 -613.7637 0.6929523
917.92    -630.6625 -613.7582 0.6929084
917.93    -630.5276 -613.7527 0.6928647
917.94    -630.3927 -613.7472 0.692821
917.95    -630.2579 -613.7417 0.6927776
917.96    -630.123 -613.7362 0.6927344
917.97    -629.9882 -613.7307 0.6926913
917.98    -629.8534 -613.7251 0.6926482
917.99    -629.7186 -613.7195 0.6926054
918    -629.5838 -613.714 0.6925628
918.01    -629.449 -613.7084 0.6925201
918.02    -629.3143 -613.7029 0.6924777
918.03    -629.1795 -613.6973 0.6924353
918.04    -629.0448 -613.6917 0.6923931
918.05    -628.9101 -613.686 0.6923509
918.06    -628.7754 -613.6804 0.6923088
918.07    -628.6407 -613.6748 0.6922668
918.08    -628.5061 -613.6691 0.6922249
918.09    -628.3715 -613.6635 0.692183
918.1    -628.2368 -613.6579 0.6921412
918.11    -628.1022 -613.6522 0.6920995
918.12    -627.9677 -613.6465 0.6920578
918.13    -627.8331 -613.6409 0.6920162
918.14    -627.6985 -613.6351 0.6919746
918.15    -627.5639 -613.6295 0.691933
918.16    -627.4294 -613.6238 0.6918915
918.17    -627.2949 -613.618 0.69185
918.18    -627.1603 -613.6123 0.6918086
918.19    -627.0258 -613.6065 0.6917672
918.2    -626.8913 -613.6008 0.6917259
918.21    -626.7568 -613.595 0.6916845
918.22    -626.6224 -613.5893 0.6916432
918.23    -626.4879 -613.5835 0.6916019
918.24    -626.3535 -613.5777 0.6915606
918.25    -626.219 -613.5718 0.6915194
918.26    -626.0845 -613.566 0.6914781
918.27    -625.9501 -613.5602 0.6914369
918.28    -625.8156 -613.5544 0.6913957
918.29    -625.6812 -613.5486 0.6913546
918.3    -625.5468 -613.5427 0.6913134
918.31    -625.4123 -613.5368 0.6912721
918.32    -625.2778 -613.5309 0.691231
918.33    -625.1434 -613.5251 0.6911898
918.34    -625.0089 -613.5192 0.6911486
918.35    -624.8745 -613.5133 0.6911075
918.36    -624.7401 -613.5073 0.6910663
918.37    -624.6056 -613.5014 0.6910251
918.38    -624.4711 -613.4955 0.690984
918.39    -624.3367 -613.4896 0.6909428
918.4    -624.2022 -613.4836 0.6909016
918.41    -624.0677 -613.4777 0.6908605
918.42    -623.9333 -613.4716 0.6908194
918.43    -623.7988 -613.4656 0.6907783
918.44    -623.6643 -613.4597 0.6907374
918.45    -623.5298 -613.4537 0.6906964
918.46    -623.3953 -613.4477 0.6906561
918.47    -623.2607 -613.4416 0.6906167
918.48    -623.1262 -613.4355 0.6905777
918.49    -622.9917 -613.4295 0.6905395
918.5    -622.8572 -613.4235 0.6905032
918.51    -622.7227 -613.4174 0.6904685
918.52    -622.5881 -613.4113 0.6904356
918.53    -622.4535 -613.4052 0.6904042
918.54    -622.3189 -613.399 0.6903743
918.55    -622.1843 -613.3929 0.6903484
918.56    -622.0497 -613.3868 0.6903263
918.57    -621.9151 -613.3807 0.6903079
918.58    -621.7805 -613.3745 0.6902929
918.59    -621.6458 -613.3683 0.6902811
918.6    -621.5112 -613.3622 0.6902748
918.61    -621.3765 -613.356 0.6902736
918.62    -621.2418 -613.3499 0.6902774
918.63    -621.1071 -613.3436 0.6902858
918.64    -620.9724 -613.3373 0.6902987
918.65    -620.8376 -613.3311 0.6903157
918.66    -620.7029 -613.3249 0.6903391
918.67    -620.5682 -613.3187 0.6903687
918.68    -620.4334 -613.3124 0.6904039
918.69    -620.2986 -613.3061 0.6904446
918.7    -620.1638 -613.2998 0.6904905
918.71    -620.0291 -613.2935 0.6905426
918.72    -619.8942 -613.2872 0.6906006
918.73    -619.7594 -613.2809 0.6906641
918.74    -619.6246 -613.2746 0.6907329
918.75    -619.4897 -613.2682 0.6908067
918.76    -619.3549 -613.2618 0.6908855
918.77    -619.22 -613.2555 0.6909688
918.78    -619.0851 -613.2491 0.6910564
918.79    -618.9502 -613.2428 0.6911482
918.8    -618.8153 -613.2363 0.6912439
918.81    -618.6804 -613.2299 0.6913435
918.82    -618.5454 -613.2235 0.6914465
918.83    -618.4105 -613.2171 0.6915529
918.84    -618.2755 -613.2107 0.6916627
918.85    -618.1406 -613.2043 0.6917754
918.86    -618.0056 -613.1978 0.691891
918.87    -617.8705 -613.1913 0.6920094
918.88    -617.7355 -613.1848 0.6921306
918.89    -617.6005 -613.1783 0.6922542
918.9    -617.4655 -613.1719 0.6923802
918.91    -617.3304 -613.1653 0.6925085
918.92    -617.1953 -613.1588 0.6926388
918.93    -617.0602 -613.1522 0.6927713
918.94    -616.9251 -613.1457 0.6929056
918.95    -616.79 -613.1392 0.6930419
918.96    -616.6549 -613.1326 0.6931798
918.97    -616.5198 -613.126 0.6933194
918.98    -616.3846 -613.1194 0.6934605
918.99    -616.2495 -613.1128 0.6936032
919    -616.1143 -613.1062 0.6937472
919.01    -615.9791 -613.0996 0.6938927
919.02    -615.8439 -613.0929 0.6940392
919.03    -615.7087 -613.0862 0.694187
919.04    -615.5735 -613.0796 0.6943359
919.05    -615.4384 -613.0729 0.694486
919.06    -615.3031 -613.0663 0.694637
919.07    -615.1678 -613.0595 0.694789
919.08    -615.0326 -613.0528 0.6949419
919.09    -614.8973 -613.0461 0.6950957
919.1    -614.762 -613.0394 0.6952503
919.11    -614.6266 -613.0327 0.6954057
919.12    -614.4913 -613.0259 0.6955617
919.13    -614.356 -613.0191 0.6957182
919.14    -614.2206 -613.0123 0.6958755
919.15    -614.0853 -613.0056 0.6960333
919.16    -613.9499 -612.9988 0.6961914
919.17    -613.8145 -612.992 0.6963496
919.18    -613.6791 -612.9851 0.696508
919.19    -613.5437 -612.9783 0.6966666
919.2    -613.4083 -612.9714 0.6968254
919.21    -613.2728 -612.9646 0.6969835
919.22    -613.1374 -612.9578 0.6971409
919.23    -613.002 -612.9509 0.6972978
919.24    -612.8665 -612.944 0.697454
919.25    -612.731 -612.9371 0.6976086
919.26    -612.5955 -612.9302 0.697762
919.27    -612.46 -612.9233 0.6979139
919.28    -612.3244 -612.9164 0.6980644
919.29    -612.1888 -612.9095 0.6982139
919.3    -612.0533 -612.9025 0.6983605
919.31    -611.9177 -612.8956 0.6985043
919.32    -611.7822 -612.8887 0.6986457
919.33    -611.6465 -612.8817 0.6987847
919.34    -611.5109 -612.8748 0.6989214
919.35    -611.3753 -612.8678 0.6990541
919.36    -611.2397 -612.8608 0.6991829
919.37    -611.1041 -612.8539 0.699308
919.38    -610.9684 -612.8469 0.6994299
919.39    -610.8327 -612.84 0.6995484
919.4    -610.697 -612.833 0.6996621
919.41    -610.5613 -612.826 0.6997713
919.42    -610.4257 -612.8191 0.6998764
919.43    -610.2899 -612.8121 0.6999774
919.44    -610.1542 -612.8052 0.7000745
919.45    -610.0184 -612.7982 0.7001666
919.46    -609.8827 -612.7913 0.7002543
919.47    -609.7469 -612.7843 0.7003374
919.48    -609.6111 -612.7773 0.7004162
919.49    -609.4753 -612.7704 0.7004912
919.5    -609.3395 -612.7635 0.7005621
919.51    -609.2037 -612.7565 0.7006291
919.52    -609.0679 -612.7496 0.7006924
919.53    -608.932 -612.7426 0.7007522
919.54    -608.7961 -612.7357 0.7008087
919.55    -608.6602 -612.7287 0.7008622
919.56    -608.5244 -612.7218 0.7009125
919.57    -608.3884 -612.7148 0.7009602
919.58    -608.2525 -612.7079 0.701005
919.59    -608.1166 -612.7009 0.7010475
919.6    -607.9806 -612.694 0.7010874
919.61    -607.8447 -612.6871 0.7011251
919.62    -607.7087 -612.6801 0.7011608
919.63    -607.5727 -612.6732 0.7011946
919.64    -607.4367 -612.6663 0.7012264
919.65    -607.3007 -612.6595 0.7012568
919.66    -607.1647 -612.6526 0.7012858
919.67    -607.0287 -612.6457 0.7013134
919.68    -606.8926 -612.6388 0.7013398
919.69    -606.7566 -612.632 0.7013651
919.7    -606.6205 -612.6251 0.7013897
919.71    -606.4844 -612.6182 0.7014139
919.72    -606.3483 -612.6113 0.7014376
919.73    -606.2122 -612.6046 0.7014609
919.74    -606.076 -612.5977 0.7014837
919.75    -605.9399 -612.5909 0.7015065
919.76    -605.8037 -612.5841 0.7015292
919.77    -605.6675 -612.5773 0.7015517
919.78    -605.5314 -612.5704 0.7015741
919.79    -605.3951 -612.5636 0.7015966
919.8    -605.259 -612.5569 0.7016191
919.81    -605.1227 -612.5501 0.701642
919.82    -604.9865 -612.5433 0.7016651
919.83    -604.8503 -612.5366 0.7016883
919.84    -604.714 -612.5298 0.7017118
919.85    -604.5777 -612.5231 0.7017362
919.86    -604.4414 -612.5164 0.7017614
919.87    -604.3051 -612.5097 0.7017875
919.88    -604.1688 -612.503 0.7018144
919.89    -604.0324 -612.4963 0.701842
919.9    -603.8961 -612.4896 0.7018713
919.91    -603.7597 -612.4829 0.7019026
919.92    -603.6234 -612.4762 0.7019355
919.93    -603.4869 -612.4695 0.70197
919.94    -603.3505 -612.4629 0.702006
919.95    -603.2141 -612.4563 0.7020447
919.96    -603.0777 -612.4496 0.7020861
919.97    -602.9413 -612.443 0.7021299
919.98    -602.8048 -612.4363 0.702176
919.99    -602.6683 -612.4297 0.7022244
920    -602.5319 -612.4232 0.7022762
920.01    -602.3954 -612.4166 0.7023309
920.02    -602.2589 -612.41 0.7023888
920.03    -602.1224 -612.4034 0.7024493
920.04    -601.9858 -612.3968 0.7025126
920.05    -601.8493 -612.3903 0.7025796
920.06    -601.7128 -612.3837 0.7026497
920.07    -601.5762 -612.3772 0.7027231
920.08    -601.4396 -612.3707 0.7027996
920.09    -601.303 -612.3641 0.7028789
920.1    -601.1664 -612.3577 0.7029619
920.11    -601.0298 -612.3511 0.7030485
920.12    -600.8932 -612.3447 0.7031385
920.13    -600.7565 -612.3382 0.7032316
920.14    -600.6199 -612.3317 0.703328
920.15    -600.4832 -612.3253 0.7034278
920.16    -600.3466 -612.3188 0.7035312
920.17    -600.2099 -612.3124 0.703638
920.18    -600.0732 -612.306 0.7037478
920.19    -599.9365 -612.2996 0.7038606
920.2    -599.7997 -612.2932 0.7039766
920.21    -599.663 -612.2867 0.7040956
920.22    -599.5263 -612.2804 0.7042173
920.23    -599.3896 -612.274 0.7043418
920.24    -599.2528 -612.2676 0.7044688
920.25    -599.116 -612.2613 0.7045982
920.26    -598.9792 -612.2549 0.7047299
920.27    -598.8425 -612.2486 0.7048637
920.28    -598.7057 -612.2422 0.7049996
920.29    -598.5689 -612.236 0.7051376
920.3    -598.4321 -612.2297 0.7052774
920.31    -598.2953 -612.2234 0.7054189
920.32    -598.1584 -612.2171 0.7055622
920.33    -598.0216 -612.2108 0.7057071
920.34    -597.8848 -612.2045 0.7058534
920.35    -597.7479 -612.1982 0.7060012
920.36    -597.6111 -612.192 0.7061505
920.37    -597.4742 -612.1858 0.7063009
920.38    -597.3373 -612.1796 0.7064527
920.39    -597.2004 -612.1733 0.7066056
920.4    -597.0635 -612.1671 0.7067596
920.41    -596.9266 -612.1609 0.7069147
920.42    -596.7897 -612.1547 0.7070709
920.43    -596.6528 -612.1485 0.7072279
920.44    -596.5159 -612.1423 0.7073859
920.45    -596.3789 -612.1362 0.7075447
920.46    -596.2419 -612.13 0.7077044
920.47    -596.105 -612.1238 0.7078646
920.48    -595.968 -612.1177 0.7080257
920.49    -595.8311 -612.1115 0.7081873
920.5    -595.694 -612.1054 0.7083495
920.51    -595.5571 -612.0993 0.7085121
920.52    -595.42 -612.0932 0.708675
920.53    -595.283 -612.0871 0.7088381
920.54    -595.146 -612.081 0.7090015
920.55    -595.009 -612.0749 0.7091643
920.56    -594.8719 -612.0688 0.7093264
920.57    -594.7349 -612.0627 0.7094879
920.58    -594.5978 -612.0566 0.7096487
920.59    -594.4608 -612.0506 0.709809
920.6    -594.3237 -612.0446 0.7099689
920.61    -594.1866 -612.0385 0.7101263
920.62    -594.0495 -612.0325 0.7102814
920.63    -593.9124 -612.0264 0.7104343
920.64    -593.7753 -612.0204 0.7105851
920.65    -593.6382 -612.0143 0.7107324
920.66    -593.501 -612.0083 0.7108763
920.67    -593.3639 -612.0023 0.7110171
920.68    -593.2267 -611.9962 0.7111548
920.69    -593.0896 -611.9902 0.7112898
920.7    -592.9525 -611.9841 0.7114203
920.71    -592.8153 -611.9781 0.7115467
920.72    -592.6781 -611.972 0.7116691
920.73    -592.5409 -611.966 0.7117878
920.74    -592.4037 -611.96 0.711903
920.75    -592.2665 -611.954 0.7120143
920.76    -592.1293 -611.948 0.7121216
920.77    -591.9921 -611.942 0.7122254
920.78    -591.8548 -611.936 0.7123259
920.79    -591.7175 -611.9301 0.7124231
920.8    -591.5803 -611.9241 0.7125173
920.81    -591.4431 -611.9181 0.7126085
920.82    -591.3058 -611.9121 0.7126969
920.83    -591.1685 -611.9061 0.7127826
920.84    -591.0313 -611.9001 0.7128659
920.85    -590.894 -611.8942 0.7129468
920.86    -590.7567 -611.8882 0.7130254
920.87    -590.6194 -611.8822 0.7131019
920.88    -590.4821 -611.8762 0.7131764
920.89    -590.3447 -611.8702 0.7132488
920.9    -590.2074 -611.8643 0.7133196
920.91    -590.0701 -611.8583 0.7133886
920.92    -589.9327 -611.8523 0.7134559
920.93    -589.7953 -611.8463 0.7135217
920.94    -589.658 -611.8403 0.713586
920.95    -589.5206 -611.8344 0.7136488
920.96    -589.3832 -611.8284 0.7137104
920.97    -589.2458 -611.8223 0.7137706
920.98    -589.1084 -611.8163 0.7138296
920.99    -588.9709 -611.8104 0.7138875
921    -588.8336 -611.8044 0.7139443
921.01    -588.6961 -611.7984 0.714
921.02    -588.5587 -611.7924 0.7140547
921.03    -588.4212 -611.7864 0.7141085
921.04    -588.2838 -611.7805 0.7141614
921.05    -588.1463 -611.7745 0.7142134
921.06    -588.0089 -611.7685 0.7142647
921.07    -587.8714 -611.7625 0.7143151
921.08    -587.7339 -611.7565 0.7143648
921.09    -587.5964 -611.7505 0.7144138
921.1    -587.4589 -611.7446 0.714462
921.11    -587.3214 -611.7386 0.7145097
921.12    -587.1838 -611.7326 0.7145568
921.13    -587.0463 -611.7266 0.7146032
921.14    -586.9088 -611.7206 0.7146491
921.15    -586.7712 -611.7147 0.7146945
921.16    -586.6337 -611.7087 0.7147393
921.17    -586.4961 -611.7027 0.7147836
921.18    -586.3585 -611.6967 0.7148274
921.19    -586.2209 -611.6907 0.7148708
921.2    -586.0834 -611.6848 0.7149137
921.21    -585.9458 -611.6788 0.7149562
921.22    -585.8082 -611.6728 0.7149983
921.23    -585.6706 -611.6668 0.71504
921.24    -585.533 -611.6608 0.7150814
921.25    -585.3953 -611.6548 0.7151224
921.26    -585.2577 -611.6489 0.715163
921.27    -585.1201 -611.6429 0.7152033
921.28    -584.9824 -611.6369 0.7152433
921.29    -584.8447 -611.6309 0.7152831
921.3    -584.7071 -611.6249 0.7153226
921.31    -584.5694 -611.619 0.7153617
921.32    -584.4317 -611.613 0.7154007
921.33    -584.294 -611.607 0.7154394
921.34    -584.1563 -611.601 0.7154779
921.35    -584.0186 -611.595 0.7155161
921.36    -583.8809 -611.5891 0.7155542
921.37    -583.7432 -611.5831 0.7155921
921.38    -583.6055 -611.5771 0.7156297
921.39    -583.4677 -611.5712 0.7156672
921.4    -583.33 -611.5652 0.7157045
921.41    -583.1922 -611.5593 0.7157417
921.42    -583.0544 -611.5534 0.7157786
921.43    -582.9167 -611.5475 0.7158155
921.44    -582.7789 -611.5416 0.7158523
921.45    -582.6411 -611.5356 0.7158889
921.46    -582.5033 -611.5297 0.7159253
921.47    -582.3655 -611.5238 0.7159616
921.48    -582.2277 -611.5179 0.7159979
921.49    -582.0898 -611.512 0.716034
921.5    -581.952 -611.5061 0.71607
921.51    -581.8142 -611.5002 0.7161059
921.52    -581.6763 -611.4943 0.7161417
921.53    -581.5385 -611.4883 0.7161775
921.54    -581.4006 -611.4824 0.7162131
921.55    -581.2627 -611.4765 0.7162486
921.56    -581.1248 -611.4706 0.7162841
921.57    -580.9869 -611.4647 0.7163195
921.58    -580.8491 -611.4588 0.7163548
921.59    -580.7111 -611.4529 0.7163901
921.6    -580.5732 -611.447 0.7164252
921.61    -580.4353 -611.4412 0.7164603
921.62    -580.2974 -611.4353 0.7164953
921.63    -580.1594 -611.4294 0.7165303
921.64    -580.0215 -611.4236 0.7165653
921.65    -579.8835 -611.4177 0.7166002
921.66    -579.7456 -611.4119 0.716635
921.67    -579.6076 -611.4061 0.7166698
921.68    -579.4696 -611.4002 0.7167045
921.69    -579.3316 -611.3943 0.7167392
921.7    -579.1936 -611.3885 0.7167739
921.71    -579.0556 -611.3826 0.7168086
921.72    -578.9176 -611.3768 0.7168431
921.73    -578.7796 -611.3709 0.7168777
921.74    -578.6415 -611.3651 0.7169122
921.75    -578.5035 -611.3593 0.7169467
921.76    -578.3655 -611.3535 0.7169812
921.77    -578.2274 -611.3478 0.7170156
921.78    -578.0894 -611.342 0.71705
921.79    -577.9513 -611.3362 0.7170844
921.8    -577.8132 -611.3304 0.7171188
921.81    -577.6752 -611.3246 0.7171531
921.82    -577.5371 -611.3188 0.7171875
921.83    -577.399 -611.313 0.7172217
921.84    -577.2609 -611.3072 0.7172561
921.85    -577.1227 -611.3014 0.7172903
921.86    -576.9846 -611.2956 0.7173246
921.87    -576.8465 -611.2898 0.7173589
921.88    -576.7084 -611.284 0.7173932
921.89    -576.5703 -611.2782 0.7174275
921.9    -576.4321 -611.2724 0.7174618
921.91    -576.294 -611.2667 0.7174962
921.92    -576.1559 -611.2609 0.7175306
921.93    -576.0177 -611.2551 0.717565
921.94    -575.8795 -611.2494 0.7175993
921.95    -575.7413 -611.2437 0.7176338
921.96    -575.6031 -611.2379 0.7176683
921.97    -575.465 -611.2322 0.7177027
921.98    -575.3268 -611.2264 0.7177373
921.99    -575.1886 -611.2207 0.7177718
922    -575.0504 -611.215 0.7178063
922.01    -574.9122 -611.2092 0.717841
922.02    -574.774 -611.2035 0.7178755
922.03    -574.6357 -611.1978 0.7179101
922.04    -574.4975 -611.192 0.7179447
922.05    -574.3593 -611.1863 0.7179794
922.06    -574.221 -611.1805 0.718014
922.07    -574.0828 -611.1748 0.7180486
922.08    -573.9445 -611.1691 0.7180833
922.09    -573.8063 -611.1633 0.718118
922.1    -573.668 -611.1576 0.7181527
922.11    -573.5298 -611.1519 0.7181874
922.12    -573.3915 -611.1461 0.7182221
922.13    -573.2532 -611.1404 0.7182568
922.14    -573.1149 -611.1348 0.7182916
922.15    -572.9767 -611.1291 0.7183263
922.16    -572.8384 -611.1234 0.7183611
922.17    -572.7001 -611.1177 0.7183958
922.18    -572.5618 -611.1121 0.7184306
922.19    -572.4235 -611.1064 0.7184653
922.2    -572.2852 -611.1008 0.7185
922.21    -572.1469 -611.0951 0.7185347
922.22    -572.0085 -611.0894 0.7185695
922.23    -571.8702 -611.0837 0.7186043
922.24    -571.7318 -611.0781 0.718639
922.25    -571.5934 -611.0725 0.7186738
922.26    -571.4551 -611.0669 0.7187085
922.27    -571.3167 -611.0613 0.7187433
922.28    -571.1783 -611.0557 0.7187781
922.29    -571.04 -611.0501 0.7188129
922.3    -570.9016 -611.0445 0.7188477
922.31    -570.7632 -611.0389 0.7188824
922.32    -570.6249 -611.0334 0.7189172
922.33    -570.4865 -611.0278 0.7189519
922.34    -570.3481 -611.0223 0.7189867
922.35    -570.2097 -611.0168 0.7190215
922.36    -570.0713 -611.0112 0.7190562
922.37    -569.9329 -611.0057 0.719091
922.38    -569.7944 -611.0002 0.7191257
922.39    -569.656 -610.9948 0.7191605
922.4    -569.5176 -610.9893 0.7191952
922.41    -569.3792 -610.9838 0.7192298
922.42    -569.2407 -610.9783 0.7192645
922.43    -569.1023 -610.9728 0.7192991
922.44    -568.9639 -610.9674 0.7193338
922.45    -568.8254 -610.962 0.719368
922.46    -568.687 -610.9566 0.7194018
922.47    -568.5486 -610.9512 0.7194355
922.48    -568.4102 -610.9457 0.7194688
922.49    -568.2717 -610.9404 0.7195017
922.5    -568.1332 -610.9351 0.7195345
922.51    -567.9948 -610.9297 0.7195659
922.52    -567.8564 -610.9243 0.719596
922.53    -567.718 -610.919 0.7196248
922.54    -567.5795 -610.9137 0.7196525
922.55    -567.441 -610.9084 0.719678
922.56    -567.3026 -610.9031 0.7197016
922.57    -567.1642 -610.8978 0.7197232
922.58    -567.0257 -610.8925 0.719743
922.59    -566.8872 -610.8873 0.719761
922.6    -566.7487 -610.8821 0.7197773
922.61    -566.6103 -610.8768 0.7197908
922.62    -566.4719 -610.8716 0.7198014
922.63    -566.3334 -610.8665 0.7198095
922.64    -566.1949 -610.8613 0.7198151
922.65    -566.0565 -610.8561 0.7198175
922.66    -565.918 -610.851 0.7198172
922.67    -565.7795 -610.8458 0.7198139
922.68    -565.6411 -610.8408 0.7198081
922.69    -565.5026 -610.8356 0.7197998
922.7    -565.3641 -610.8305 0.7197891
922.71    -565.2256 -610.8255 0.719776
922.72    -565.0872 -610.8204 0.7197604
922.73    -564.9487 -610.8154 0.7197426
922.74    -564.8102 -610.8104 0.7197225
922.75    -564.6718 -610.8054 0.7197005
922.76    -564.5333 -610.8004 0.7196764
922.77    -564.3948 -610.7954 0.7196505
922.78    -564.2563 -610.7904 0.7196228
922.79    -564.1178 -610.7855 0.7195933
922.8    -563.9794 -610.7805 0.7195623
922.81    -563.8409 -610.7756 0.7195297
922.82    -563.7024 -610.7707 0.7194957
922.83    -563.5639 -610.7658 0.7194602
922.84    -563.4254 -610.761 0.7194233
922.85    -563.287 -610.7561 0.7193851
922.86    -563.1485 -610.7512 0.7193458
922.87    -563.01 -610.7463 0.7193053
922.88    -562.8715 -610.7416 0.7192636
922.89    -562.733 -610.7368 0.7192209
922.9    -562.5946 -610.7319 0.7191771
922.91    -562.4562 -610.7271 0.7191324
922.92    -562.3177 -610.7224 0.7190867
922.93    -562.1793 -610.7177 0.7190402
922.94    -562.0408 -610.7129 0.7189928
922.95    -561.9023 -610.7081 0.7189446
922.96    -561.7639 -610.7034 0.7188957
922.97    -561.6255 -610.6987 0.7188459
922.98    -561.4871 -610.694 0.7187955
922.99    -561.3486 -610.6893 0.7187444
923    -561.2102 -610.6846 0.7186927
923.01    -561.0718 -610.6799 0.7186404
923.02    -560.9333 -610.6753 0.7185875
923.03    -560.7949 -610.6707 0.718534
923.04    -560.6565 -610.6661 0.71848
923.05    -560.5181 -610.6614 0.7184255
923.06    -560.3796 -610.6568 0.7183706
923.07    -560.2412 -610.6522 0.7183151
923.08    -560.1028 -610.6476 0.7182592
923.09    -559.9644 -610.6431 0.7182029
923.1    -559.826 -610.6385 0.7181463
923.11    -559.6876 -610.634 0.7180891
923.12    -559.5492 -610.6295 0.7180318
923.13    -559.4108 -610.6249 0.717974
923.14    -559.2723 -610.6204 0.7179158
923.15    -559.1339 -610.6159 0.7178574
923.16    -558.9955 -610.6114 0.7177987
923.17    -558.8572 -610.6069 0.7177397
923.18    -558.7188 -610.6024 0.7176804
923.19    -558.5804 -610.598 0.7176209
923.2    -558.4421 -610.5936 0.7175612
923.21    -558.3037 -610.5891 0.7175012
923.22    -558.1653 -610.5847 0.717441
923.23    -558.027 -610.5802 0.7173806
923.24    -557.8887 -610.5757 0.7173201
923.25    -557.7504 -610.5714 0.7172594
923.26    -557.6121 -610.567 0.7171984
923.27    -557.4739 -610.5626 0.7171373
923.28    -557.3356 -610.5582 0.7170761
923.29    -557.1974 -610.5538 0.7170147
923.3    -557.0591 -610.5494 0.7169532
923.31    -556.921 -610.545 0.7168915
923.32    -556.7828 -610.5408 0.7168298
923.33    -556.6446 -610.5364 0.7167678
923.34    -556.5064 -610.5321 0.7167057
923.35    -556.3683 -610.5278 0.7166436
923.36    -556.2302 -610.5234 0.7165813
923.37    -556.092 -610.5191 0.7165189
923.38    -555.9539 -610.5148 0.7164565
923.39    -555.8158 -610.5105 0.7163938
923.4    -555.6777 -610.5062 0.7163312
923.41    -555.5397 -610.502 0.7162685
923.42    -555.4016 -610.4977 0.7162057
923.43    -555.2635 -610.4934 0.7161428
923.44    -555.1255 -610.4891 0.7160799
923.45    -554.9875 -610.4849 0.7160168
923.46    -554.8495 -610.4807 0.7159537
923.47    -554.7116 -610.4764 0.7158905
923.48    -554.5737 -610.4722 0.7158273
923.49    -554.4357 -610.468 0.715764
923.5    -554.2978 -610.4637 0.7157007
923.51    -554.1599 -610.4595 0.7156373
923.52    -554.022 -610.4553 0.7155738
923.53    -553.8842 -610.4511 0.7155104
923.54    -553.7463 -610.4469 0.7154468
923.55    -553.6084 -610.4427 0.7153832
923.56    -553.4706 -610.4385 0.7153196
923.57    -553.3328 -610.4343 0.715256
923.58    -553.1949 -610.4301 0.7151923
923.59    -553.0571 -610.4258 0.7151285
923.6    -552.9194 -610.4217 0.7150647
923.61    -552.7816 -610.4175 0.715001
923.62    -552.6439 -610.4134 0.7149371
923.63    -552.5061 -610.4092 0.7148733
923.64    -552.3684 -610.4051 0.7148094
923.65    -552.2307 -610.4009 0.7147454
923.66    -552.093 -610.3968 0.7146815
923.67    -551.9554 -610.3926 0.7146176
923.68    -551.8177 -610.3885 0.7145536
923.69    -551.6801 -610.3843 0.7144895
923.7    -551.5425 -610.3802 0.7144256
923.71    -551.405 -610.376 0.7143614
923.72    -551.2674 -610.3719 0.7142974
923.73    -551.1298 -610.3677 0.7142333
923.74    -550.9922 -610.3636 0.7141693
923.75    -550.8547 -610.3594 0.7141051
923.76    -550.7172 -610.3553 0.7140409
923.77    -550.5797 -610.3511 0.7139769
923.78    -550.4422 -610.347 0.7139127
923.79    -550.3047 -610.3428 0.7138485
923.8    -550.1672 -610.3387 0.7137843
923.81    -550.0298 -610.3345 0.7137199
923.82    -549.8923 -610.3304 0.7136555
923.83    -549.7549 -610.3262 0.713591
923.84    -549.6176 -610.322 0.7135264
923.85    -549.4802 -610.3179 0.7134615
923.86    -549.3428 -610.3137 0.7133963
923.87    -549.2054 -610.3096 0.7133309
923.88    -549.0681 -610.3054 0.7132651
923.89    -548.9308 -610.3013 0.713199
923.9    -548.7935 -610.2971 0.7131321
923.91    -548.6563 -610.2928 0.7130644
923.92    -548.519 -610.2886 0.7129958
923.93    -548.3817 -610.2844 0.7129264
923.94    -548.2444 -610.2802 0.7128564
923.95    -548.1072 -610.2759 0.7127848
923.96    -547.97 -610.2717 0.7127118
923.97    -547.8328 -610.2675 0.7126374
923.98    -547.6956 -610.2633 0.7125617
923.99    -547.5584 -610.259 0.7124848
924    -547.4213 -610.2548 0.712406
924.01    -547.2841 -610.2506 0.7123255
924.02    -547.147 -610.2464 0.7122431
924.03    -547.0099 -610.2422 0.7121592
924.04    -546.8728 -610.238 0.7120737
924.05    -546.7357 -610.2338 0.7119864
924.06    -546.5987 -610.2294 0.7118975
924.07    -546.4617 -610.2252 0.711807
924.08    -546.3246 -610.2209 0.7117149
924.09    -546.1876 -610.2166 0.7116213
924.1    -546.0507 -610.2123 0.7115265
924.11    -545.9137 -610.2081 0.7114303
924.12    -545.7767 -610.2037 0.7113328
924.13    -545.6398 -610.1995 0.7112342
924.14    -545.5028 -610.1952 0.7111344
924.15    -545.3658 -610.1909 0.7110335
924.16    -545.2289 -610.1866 0.7109317
924.17    -545.092 -610.1823 0.7108288
924.18    -544.9551 -610.1779 0.7107251
924.19    -544.8183 -610.1735 0.7106205
924.2    -544.6815 -610.1692 0.710515
924.21    -544.5446 -610.1649 0.7104087
924.22    -544.4078 -610.1605 0.7103018
924.23    -544.2711 -610.1562 0.7101941
924.24    -544.1343 -610.1518 0.7100856
924.25    -543.9976 -610.1474 0.7099768
924.26    -543.8608 -610.143 0.7098677
924.27    -543.7241 -610.1386 0.7097582
924.28    -543.5874 -610.1342 0.7096484
924.29    -543.4507 -610.1298 0.7095383
924.3    -543.314 -610.1254 0.7094279
924.31    -543.1773 -610.121 0.7093177
924.32    -543.0406 -610.1165 0.7092077
924.33    -542.904 -610.1121 0.7090979
924.34    -542.7673 -610.1076 0.7089882
924.35    -542.6307 -610.1031 0.7088791
924.36    -542.4941 -610.0986 0.7087703
924.37    -542.3575 -610.0942 0.708662
924.38    -542.221 -610.0897 0.7085541
924.39    -542.0845 -610.0851 0.7084467
924.4    -541.9479 -610.0806 0.7083399
924.41    -541.8115 -610.076 0.7082339
924.42    -541.675 -610.0715 0.7081286
924.43    -541.5385 -610.067 0.7080237
924.44    -541.402 -610.0624 0.7079196
924.45    -541.2656 -610.0578 0.7078165
924.46    -541.1292 -610.0532 0.7077146
924.47    -540.9928 -610.0486 0.7076135
924.48    -540.8564 -610.0441 0.7075135
924.49    -540.72 -610.0394 0.7074142
924.5    -540.5836 -610.0347 0.7073164
924.51    -540.4473 -610.0301 0.7072199
924.52    -540.3109 -610.0255 0.7071247
924.53    -540.1746 -610.0208 0.7070305
924.54    -540.0383 -610.0161 0.7069376
924.55    -539.902 -610.0114 0.7068464
924.56    -539.7657 -610.0067 0.7067569
924.57    -539.6294 -610.0019 0.706669
924.58    -539.4931 -609.9972 0.7065826
924.59    -539.3569 -609.9924 0.7064977
924.6    -539.2206 -609.9877 0.7064149
924.61    -539.0844 -609.9828 0.7063342
924.62    -538.9482 -609.9781 0.7062554
924.63    -538.812 -609.9733 0.7061785
924.64    -538.6757 -609.9684 0.7061034
924.65    -538.5395 -609.9636 0.70603
924.66    -538.4033 -609.9588 0.7059588
924.67    -538.2672 -609.954 0.7058901
924.68    -538.131 -609.9491 0.7058234
924.69    -537.9948 -609.9442 0.7057588
924.7    -537.8587 -609.9393 0.7056962
924.71    -537.7226 -609.9344 0.7056357
924.72    -537.5865 -609.9295 0.7055771
924.73    -537.4504 -609.9246 0.7055203
924.74    -537.3143 -609.9196 0.7054652
924.75    -537.1782 -609.9146 0.7054117
924.76    -537.0421 -609.9097 0.7053597
924.77    -536.9059 -609.9047 0.7053093
924.78    -536.7698 -609.8997 0.7052602
924.79    -536.6337 -609.8946 0.7052124
924.8    -536.4977 -609.8896 0.7051659
924.81    -536.3616 -609.8846 0.7051206
924.82    -536.2256 -609.8795 0.7050764
924.83    -536.0895 -609.8744 0.7050334
924.84    -535.9535 -609.8693 0.7049913
924.85    -535.8174 -609.8643 0.7049503
924.86    -535.6814 -609.8591 0.7049101
924.87    -535.5453 -609.8539 0.7048709
924.88    -535.4093 -609.8488 0.7048325
924.89    -535.2733 -609.8437 0.7047949
924.9    -535.1372 -609.8384 0.704758
924.91    -535.0012 -609.8333 0.7047219
924.92    -534.8651 -609.8281 0.7046865
924.93    -534.7291 -609.8228 0.7046517
924.94    -534.593 -609.8176 0.7046175
924.95    -534.457 -609.8123 0.7045839
924.96    -534.321 -609.807 0.704551
924.97    -534.185 -609.8018 0.7045186
924.98    -534.049 -609.7964 0.7044866
924.99    -533.9129 -609.7911 0.7044551
925    -533.7769 -609.7858 0.7044241
925.01    -533.6409 -609.7804 0.7043936
925.02    -533.505 -609.775 0.7043634
925.03    -533.369 -609.7696 0.7043337
925.04    -533.2329 -609.7642 0.7043043
925.05    -533.0969 -609.7588 0.7042753
925.06    -532.9609 -609.7534 0.7042466
925.07    -532.825 -609.7479 0.7042183
925.08    -532.689 -609.7424 0.7041903
925.09    -532.5529 -609.7369 0.7041625
925.1    -532.4169 -609.7314 0.7041351
925.11    -532.2809 -609.7259 0.7041079
925.12    -532.145 -609.7203 0.7040811
925.13    -532.009 -609.7147 0.7040544
925.14    -531.8729 -609.7092 0.704028
925.15    -531.7369 -609.7036 0.7040017
925.16    -531.601 -609.698 0.7039757
925.17    -531.465 -609.6923 0.7039499
925.18    -531.3289 -609.6867 0.7039243
925.19    -531.1929 -609.681 0.7038988
925.2    -531.0568 -609.6753 0.7038736
925.21    -530.9208 -609.6696 0.7038485
925.22    -530.7847 -609.6639 0.7038236
925.23    -530.6487 -609.6581 0.7037988
925.24    -530.5126 -609.6524 0.7037742
925.25    -530.3766 -609.6467 0.7037497
925.26    -530.2405 -609.6408 0.7037253
925.27    -530.1045 -609.635 0.703701
925.28    -529.9684 -609.6292 0.7036769
925.29    -529.8324 -609.6233 0.7036529
925.3    -529.6964 -609.6174 0.703629
925.31    -529.5603 -609.6116 0.7036052
925.32    -529.4243 -609.6056 0.7035815
925.33    -529.2881 -609.5997 0.7035578
925.34    -529.152 -609.5937 0.7035343
925.35    -529.0159 -609.5877 0.7035109
925.36    -528.8798 -609.5817 0.7034876
925.37    -528.7437 -609.5757 0.7034643
925.38    -528.6076 -609.5696 0.703441
925.39    -528.4715 -609.5636 0.703418
925.4    -528.3354 -609.5575 0.7033949
925.41    -528.1993 -609.5515 0.7033719
925.42    -528.0631 -609.5453 0.703349
925.43    -527.9269 -609.5392 0.7033261
925.44    -527.7908 -609.5331 0.7033033
925.45    -527.6546 -609.5269 0.7032805
925.46    -527.5184 -609.5207 0.7032578
925.47    -527.3823 -609.5145 0.7032351
925.48    -527.2461 -609.5082 0.7032124
925.49    -527.1099 -609.502 0.7031899
925.5    -526.9737 -609.4958 0.7031673
925.51    -526.8375 -609.4894 0.7031448
925.52    -526.7012 -609.4832 0.7031223
925.53    -526.565 -609.4767 0.7030999
925.54    -526.4287 -609.4704 0.7030775
925.55    -526.2925 -609.4641 0.7030551
925.56    -526.1562 -609.4576 0.7030329
925.57    -526.0199 -609.4512 0.7030106
925.58    -525.8836 -609.4448 0.7029883
925.59    -525.7473 -609.4382 0.702966
925.6    -525.611 -609.4318 0.7029438
925.61    -525.4746 -609.4252 0.7029216
925.62    -525.3383 -609.4187 0.7028995
925.63    -525.2019 -609.4122 0.7028773
925.64    -525.0656 -609.4056 0.7028552
925.65    -524.9293 -609.399 0.7028332
925.66    -524.7928 -609.3923 0.7028111
925.67    -524.6564 -609.3857 0.7027891
925.68    -524.52 -609.3791 0.702767
925.69    -524.3835 -609.3724 0.7027451
925.7    -524.2471 -609.3657 0.702723
925.71    -524.1107 -609.359 0.7027011
925.72    -523.9742 -609.3522 0.7026792
925.73    -523.8377 -609.3455 0.7026572
925.74    -523.7012 -609.3387 0.7026353
925.75    -523.5646 -609.3319 0.7026134
925.76    -523.4281 -609.3251 0.7025915
925.77    -523.2916 -609.3183 0.7025696
925.78    -523.155 -609.3114 0.7025477
925.79    -523.0184 -609.3046 0.7025259
925.8    -522.8818 -609.2977 0.702504
925.81    -522.7452 -609.2907 0.7024822
925.82    -522.6085 -609.2838 0.7024603
925.83    -522.4719 -609.2769 0.7024386
925.84    -522.3352 -609.2699 0.7024168
925.85    -522.1985 -609.2629 0.702395
925.86    -522.0619 -609.256 0.7023732
925.87    -521.9252 -609.249 0.7023514
925.88    -521.7885 -609.2421 0.7023296
925.89    -521.6517 -609.235 0.7023078
925.9    -521.515 -609.228 0.7022861
925.91    -521.3782 -609.2209 0.7022644
925.92    -521.2414 -609.2139 0.7022427
925.93    -521.1046 -609.2069 0.702221
925.94    -520.9677 -609.1999 0.7021992
925.95    -520.8309 -609.1928 0.7021775
925.96    -520.694 -609.1857 0.7021558
925.97    -520.5572 -609.1786 0.7021341
925.98    -520.4203 -609.1716 0.7021124
925.99    -520.2834 -609.1645 0.7020907
926    -520.1465 -609.1574 0.702069
926.01    -520.0096 -609.1503 0.7020474
926.02    -519.8726 -609.1432 0.7020257
926.03    -519.7357 -609.1362 0.702004
926.04    -519.5986 -609.129 0.7019824
926.05    -519.4617 -609.1219 0.7019608
926.06    -519.3246 -609.1147 0.7019391
926.07    -519.1876 -609.1076 0.7019175
926.08    -519.0505 -609.1005 0.7018958
926.09    -518.9135 -609.0933 0.7018741
926.1    -518.7764 -609.0862 0.7018526
926.11    -518.6393 -609.0791 0.7018309
926.12    -518.5021 -609.072 0.7018093
926.13    -518.365 -609.0648 0.7017877
926.14    -518.2278 -609.0577 0.7017661
926.15    -518.0907 -609.0506 0.7017444
926.16    -517.9536 -609.0435 0.7017228
926.17    -517.8163 -609.0364 0.7017013
926.18    -517.6791 -609.0293 0.7016796
926.19    -517.5419 -609.0222 0.7016581
926.2    -517.4046 -609.0151 0.7016364
926.21    -517.2673 -609.0079 0.7016149
926.22    -517.1301 -609.0009 0.7015933
926.23    -516.9927 -608.9937 0.7015717
926.24    -516.8554 -608.9866 0.7015501
926.25    -516.7181 -608.9796 0.7015285
926.26    -516.5807 -608.9725 0.701507
926.27    -516.4434 -608.9655 0.7014854
926.28    -516.306 -608.9584 0.7014638
926.29    -516.1686 -608.9514 0.7014422
926.3    -516.0311 -608.9443 0.7014207
926.31    -515.8937 -608.9373 0.7013991
926.32    -515.7562 -608.9303 0.7013775
926.33    -515.6188 -608.9233 0.7013559
926.34    -515.4813 -608.9163 0.7013344
926.35    -515.3438 -608.9093 0.7013128
926.36    -515.2062 -608.9024 0.7012911
926.37    -515.0687 -608.8954 0.7012695
926.38    -514.9311 -608.8885 0.7012479
926.39    -514.7935 -608.8816 0.7012263
926.4    -514.6559 -608.8746 0.7012047
926.41    -514.5182 -608.8677 0.7011831
926.42    -514.3806 -608.8608 0.7011615
926.43    -514.243 -608.8539 0.7011399
926.44    -514.1053 -608.847 0.7011182
926.45    -513.9676 -608.8401 0.7010965
926.46    -513.8299 -608.8333 0.7010749
926.47    -513.6922 -608.8265 0.7010531
926.48    -513.5544 -608.8197 0.7010313
926.49    -513.4167 -608.8129 0.7010096
926.5    -513.2789 -608.8062 0.7009876
926.51    -513.1412 -608.7994 0.7009655
926.52    -513.0034 -608.7927 0.7009434
926.53    -512.8655 -608.7859 0.7009211
926.54    -512.7277 -608.7792 0.7008986
926.55    -512.5898 -608.7726 0.7008761
926.56    -512.4519 -608.7659 0.7008533
926.57    -512.314 -608.7593 0.7008305
926.58    -512.1761 -608.7527 0.7008076
926.59    -512.0381 -608.7462 0.7007845
926.6    -511.9002 -608.7396 0.7007613
926.61    -511.7623 -608.733 0.7007379
926.62    -511.6243 -608.7265 0.7007144
926.63    -511.4863 -608.72 0.7006908
926.64    -511.3483 -608.7136 0.700667
926.65    -511.2102 -608.7071 0.7006432
926.66    -511.0722 -608.7007 0.7006192
926.67    -510.9341 -608.6943 0.700595
926.68    -510.7961 -608.6879 0.7005707
926.69    -510.6579 -608.6815 0.7005463
926.7    -510.5198 -608.6752 0.7005217
926.71    -510.3817 -608.6689 0.7004971
926.72    -510.2435 -608.6627 0.7004722
926.73    -510.1053 -608.6564 0.7004472
926.74    -509.9671 -608.6501 0.700422
926.75    -509.8289 -608.6439 0.7003967
926.76    -509.6907 -608.6378 0.7003711
926.77    -509.5525 -608.6316 0.7003455
926.78    -509.4142 -608.6255 0.7003196
926.79    -509.2759 -608.6193 0.7002936
926.8    -509.1376 -608.6133 0.7002674
926.81    -508.9993 -608.6072 0.7002411
926.82    -508.861 -608.6012 0.7002146
926.83    -508.7226 -608.5952 0.700188
926.84    -508.5842 -608.5891 0.7001613
926.85    -508.4459 -608.5832 0.7001345
926.86    -508.3075 -608.5772 0.7001074
926.87    -508.169 -608.5714 0.7000802
926.88    -508.0306 -608.5654 0.7000528
926.89    -507.8921 -608.5596 0.7000253
926.9    -507.7537 -608.5538 0.6999974
926.91    -507.6152 -608.548 0.6999692
926.92    -507.4767 -608.5422 0.6999407
926.93    -507.3381 -608.5364 0.6999119
926.94    -507.1996 -608.5307 0.6998829
926.95    -507.061 -608.525 0.6998532
926.96    -506.9224 -608.5193 0.699823
926.97    -506.7838 -608.5137 0.6997921
926.98    -506.6452 -608.5081 0.6997607
926.99    -506.5065 -608.5025 0.6997289
927    -506.3679 -608.4969 0.6996961
927.01    -506.2292 -608.4914 0.6996624
927.02    -506.0905 -608.4858 0.6996278
927.03    -505.9518 -608.4804 0.6995925
927.04    -505.8131 -608.4749 0.6995564
927.05    -505.6743 -608.4695 0.6995196
927.06    -505.5356 -608.4641 0.699482
927.07    -505.3968 -608.4587 0.6994438
927.08    -505.258 -608.4533 0.6994048
927.09    -505.1192 -608.448 0.6993654
927.1    -504.9804 -608.4427 0.6993253
927.11    -504.8415 -608.4374 0.6992847
927.12    -504.7027 -608.4322 0.6992435
927.13    -504.5638 -608.427 0.6992018
927.14    -504.4249 -608.4218 0.6991597
927.15    -504.2859 -608.4166 0.6991171
927.16    -504.147 -608.4114 0.6990741
927.17    -504.0081 -608.4064 0.6990306
927.18    -503.8691 -608.4012 0.6989868
927.19    -503.7301 -608.3962 0.6989427
927.2    -503.5911 -608.3912 0.6988981
927.21    -503.4521 -608.3862 0.6988533
927.22    -503.313 -608.3812 0.6988083
927.23    -503.174 -608.3763 0.6987629
927.24    -503.0349 -608.3714 0.6987173
927.25    -502.8958 -608.3665 0.6986715
927.26    -502.7567 -608.3616 0.6986259
927.27    -502.6175 -608.3568 0.6985805
927.28    -502.4784 -608.352 0.6985354
927.29    -502.3392 -608.3472 0.6984903
927.3    -502.2 -608.3425 0.6984456
927.31    -502.0608 -608.3377 0.6984014
927.32    -501.9216 -608.3331 0.6983577
927.33    -501.7823 -608.3284 0.6983144
927.34    -501.6431 -608.3238 0.6982717
927.35    -501.5038 -608.3192 0.6982294
927.36    -501.3645 -608.3146 0.6981875
927.37    -501.2252 -608.31 0.6981461
927.38    -501.0859 -608.3055 0.698105
927.39    -500.9466 -608.301 0.6980643
927.4    -500.8072 -608.2965 0.6980239
927.41    -500.6678 -608.292 0.6979839
927.42    -500.5284 -608.2875 0.6979442
927.43    -500.389 -608.2831 0.6979048
927.44    -500.2496 -608.2787 0.6978657
927.45    -500.1102 -608.2744 0.6978269
927.46    -499.9707 -608.27 0.6977885
927.47    -499.8312 -608.2657 0.6977501
927.48    -499.6917 -608.2614 0.6977121
927.49    -499.5522 -608.2571 0.6976743
927.5    -499.4127 -608.2529 0.6976368
927.51    -499.2732 -608.2487 0.6975996
927.52    -499.1336 -608.2444 0.6975628
927.53    -498.994 -608.2403 0.6975262
927.54    -498.8544 -608.2361 0.6974899
927.55    -498.7148 -608.232 0.697454
927.56    -498.5752 -608.2278 0.6974187
927.57    -498.4355 -608.2238 0.6973838
927.58    -498.2959 -608.2197 0.6973494
927.59    -498.1562 -608.2156 0.6973154
927.6    -498.0165 -608.2116 0.6972823
927.61    -497.8768 -608.2076 0.69725
927.62    -497.737 -608.2036 0.6972185
927.63    -497.5973 -608.1996 0.6971879
927.64    -497.4575 -608.1957 0.6971579
927.65    -497.3177 -608.1918 0.6971285
927.66    -497.1779 -608.1879 0.6971007
927.67    -497.0381 -608.184 0.6970742
927.68    -496.8982 -608.1802 0.697049
927.69    -496.7584 -608.1764 0.697025
927.7    -496.6184 -608.1725 0.6970021
927.71    -496.4785 -608.1688 0.6969813
927.72    -496.3387 -608.165 0.6969623
927.73    -496.1987 -608.1613 0.6969452
927.74    -496.0588 -608.1576 0.6969298
927.75    -495.9188 -608.1539 0.6969171
927.76    -495.7789 -608.1501 0.696907
927.77    -495.6389 -608.1465 0.6968993
927.78    -495.4989 -608.1429 0.6968939
927.79    -495.3588 -608.1392 0.6968907
927.8    -495.2188 -608.1356 0.6968911
927.81    -495.0788 -608.1321 0.6968947
927.82    -494.9387 -608.1285 0.6969016
927.83    -494.7986 -608.1249 0.6969114
927.84    -494.6585 -608.1214 0.6969241
927.85    -494.5184 -608.1179 0.6969411
927.86    -494.3782 -608.1144 0.6969622
927.87    -494.2381 -608.1109 0.6969871
927.88    -494.0979 -608.1074 0.6970156
927.89    -493.9577 -608.104 0.6970476
927.9    -493.8175 -608.1006 0.6970828
927.91    -493.6772 -608.0972 0.6971226
927.92    -493.537 -608.0938 0.6971665
927.93    -493.3968 -608.0904 0.6972144
927.94    -493.2565 -608.087 0.697266
927.95    -493.1161 -608.0837 0.6973214
927.96    -492.9759 -608.0803 0.6973809
927.97    -492.8355 -608.077 0.6974446
927.98    -492.6952 -608.0737 0.6975121
927.99    -492.5548 -608.0704 0.6975832
928    -492.4144 -608.0671 0.6976585
928.01    -492.274 -608.0638 0.6977376
928.02    -492.1336 -608.0607 0.6978205
928.03    -491.9932 -608.0574 0.6979069
928.04    -491.8527 -608.0542 0.6979965
928.05    -491.7123 -608.051 0.69809
928.06    -491.5718 -608.0478 0.6981868
928.07    -491.4313 -608.0447 0.698287
928.08    -491.2908 -608.0415 0.6983903
928.09    -491.1502 -608.0383 0.6984966
928.1    -491.0096 -608.0352 0.6986063
928.11    -490.8691 -608.0321 0.6987189
928.12    -490.7285 -608.0291 0.6988346
928.13    -490.5879 -608.0259 0.698953
928.14    -490.4472 -608.0229 0.699074
928.15    -490.3065 -608.0198 0.6991976
928.16    -490.1659 -608.0168 0.6993238
928.17    -490.0251 -608.0138 0.6994523
928.18    -489.8844 -608.0108 0.6995831
928.19    -489.7437 -608.0078 0.699716
928.2    -489.6029 -608.0048 0.6998509
928.21    -489.4621 -608.0018 0.6999877
928.22    -489.3213 -607.9989 0.7001263
928.23    -489.1805 -607.996 0.7002667
928.24    -489.0396 -607.993 0.7004087
928.25    -488.8987 -607.9901 0.7005522
928.26    -488.7578 -607.9872 0.7006972
928.27    -488.6169 -607.9843 0.7008436
928.28    -488.476 -607.9814 0.7009914
928.29    -488.3351 -607.9786 0.7011403
928.3    -488.1941 -607.9757 0.7012905
928.31    -488.0531 -607.9728 0.7014416
928.32    -487.912 -607.97 0.7015936
928.33    -487.771 -607.9672 0.7017465
928.34    -487.6299 -607.9644 0.7019002
928.35    -487.4888 -607.9616 0.702054
928.36    -487.3477 -607.9588 0.7022082
928.37    -487.2066 -607.956 0.7023625
928.38    -487.0654 -607.9533 0.702517
928.39    -486.9243 -607.9506 0.7026716
928.4    -486.7831 -607.9478 0.7028264
928.41    -486.6418 -607.9451 0.7029803
928.42    -486.5006 -607.9423 0.7031335
928.43    -486.3593 -607.9396 0.7032858
928.44    -486.218 -607.937 0.7034373
928.45    -486.0768 -607.9343 0.7035874
928.46    -485.9354 -607.9316 0.7037359
928.47    -485.7941 -607.929 0.703883
928.48    -485.6527 -607.9263 0.7040288
928.49    -485.5113 -607.9238 0.7041733
928.5    -485.3699 -607.9211 0.7043156
928.5099    -485.2285 -607.9185 0.7044557
928.52    -485.087 -607.9159 0.7045938
928.53    -484.9456 -607.9133 0.70473
928.54    -484.804 -607.9108 0.7048644
928.55    -484.6625 -607.9083 0.7049958
928.56    -484.521 -607.9057 0.7051243
928.57    -484.3794 -607.9031 0.70525
928.58    -484.2378 -607.9006 0.7053732
928.59    -484.0962 -607.8981 0.705494
928.6    -483.9546 -607.8956 0.7056125
928.61    -483.8129 -607.8931 0.7057274
928.62    -483.6713 -607.8906 0.7058389
928.63    -483.5296 -607.8881 0.7059472
928.64    -483.3878 -607.8857 0.7060523
928.65    -483.2461 -607.8832 0.7061545
928.66    -483.1043 -607.8809 0.7062533
928.67    -482.9626 -607.8784 0.7063488
928.68    -482.8207 -607.876 0.7064412
928.69    -482.6789 -607.8735 0.7065306
928.7    -482.537 -607.8712 0.7066172
928.71    -482.3952 -607.8688 0.7067003
928.72    -482.2533 -607.8665 0.7067801
928.73    -482.1114 -607.8641 0.7068568
928.74    -481.9695 -607.8617 0.7069305
928.75    -481.8275 -607.8593 0.7070004
928.7599    -481.6856 -607.857 0.7070668
928.77    -481.5436 -607.8547 0.7071298
928.78    -481.4016 -607.8524 0.7071896
928.79    -481.2595 -607.8501 0.7072464
928.8    -481.1175 -607.8478 0.7072991
928.81    -480.9754 -607.8455 0.707348
928.82    -480.8333 -607.8433 0.7073932
928.83    -480.6912 -607.8411 0.707435
928.84    -480.549 -607.8388 0.7074736
928.85    -480.4069 -607.8365 0.7075081
928.86    -480.2647 -607.8343 0.7075387
928.87    -480.1225 -607.8321 0.7075658
928.88    -479.9803 -607.8299 0.7075893
928.89    -479.838 -607.8278 0.7076097
928.9    -479.6957 -607.8256 0.7076268
928.91    -479.5534 -607.8234 0.7076409
928.92    -479.4111 -607.8212 0.707652
928.93    -479.2688 -607.819 0.7076604
928.94    -479.1264 -607.817 0.707666
928.95    -478.9841 -607.8148 0.7076691
928.96    -478.8417 -607.8127 0.7076699
928.97    -478.6992 -607.8105 0.7076682
928.98    -478.5568 -607.8085 0.7076645
928.99    -478.4143 -607.8064 0.7076586
929    -478.2718 -607.8044 0.7076508
929.0099    -478.1293 -607.8023 0.7076412
929.02    -477.9868 -607.8002 0.7076299
929.03    -477.8443 -607.7982 0.7076168
929.04    -477.7017 -607.7961 0.7076022
929.05    -477.5591 -607.7942 0.707586
929.06    -477.4165 -607.7922 0.7075684
929.07    -477.2739 -607.7902 0.7075494
929.08    -477.1312 -607.7881 0.7075292
929.09    -476.9885 -607.7862 0.7075077
929.1    -476.8459 -607.7843 0.707485
929.11    -476.7032 -607.7823 0.7074612
929.12    -476.5604 -607.7804 0.7074364
929.13    -476.4177 -607.7784 0.7074106
929.14    -476.2749 -607.7765 0.7073838
929.15    -476.1321 -607.7747 0.707356
929.16    -475.9893 -607.7728 0.7073275
929.17    -475.8464 -607.7709 0.707298
929.18    -475.7035 -607.769 0.7072678
929.19    -475.5606 -607.7671 0.7072369
929.2    -475.4178 -607.7653 0.7072053
929.21    -475.2748 -607.7635 0.707173
929.22    -475.1319 -607.7617 0.70714
929.23    -474.9889 -607.7598 0.7071064
929.24    -474.8459 -607.758 0.7070722
929.25    -474.7029 -607.7563 0.7070374
929.2599    -474.5599 -607.7545 0.7070021
929.27    -474.4168 -607.7527 0.7069663
929.28    -474.2738 -607.751 0.70693
929.29    -474.1307 -607.7492 0.7068932
929.3    -473.9876 -607.7476 0.706856
929.31    -473.8445 -607.7458 0.7068184
929.32    -473.7013 -607.7441 0.7067804
929.33    -473.5581 -607.7424 0.7067419
929.34    -473.4149 -607.7408 0.7067031
929.35    -473.2717 -607.7391 0.706664
929.36    -473.1284 -607.7375 0.7066246
929.37    -472.9852 -607.7358 0.7065847
929.38    -472.8419 -607.7342 0.7065446
929.39    -472.6986 -607.7326 0.7065042
929.4    -472.5553 -607.731 0.7064635
929.41    -472.412 -607.7294 0.7064226
929.42    -472.2686 -607.7278 0.7063813
929.43    -472.1252 -607.7263 0.70634
929.44    -471.9818 -607.7247 0.7062982
929.45    -471.8383 -607.7232 0.7062569
929.46    -471.6949 -607.7217 0.7062157
929.47    -471.5515 -607.7202 0.706175
929.48    -471.408 -607.7187 0.7061344
929.49    -471.2644 -607.7172 0.706094
929.5    -471.1209 -607.7157 0.7060549
929.5099    -470.9774 -607.7142 0.7060168
929.52    -470.8338 -607.7128 0.7059798
929.53    -470.6902 -607.7114 0.7059437
929.54    -470.5465 -607.7099 0.7059086
929.55    -470.4029 -607.7085 0.7058754
929.56    -470.2593 -607.7071 0.705844
929.57    -470.1156 -607.7057 0.7058142
929.58    -469.9719 -607.7043 0.7057862
929.59    -469.8282 -607.7029 0.7057597
929.6    -469.6844 -607.7016 0.705736
929.61    -469.5406 -607.7003 0.705715
929.62    -469.3969 -607.699 0.7056965
929.63    -469.2531 -607.6976 0.7056804
929.64    -469.1093 -607.6963 0.7056666
929.65    -468.9654 -607.695 0.7056569
929.66    -468.8216 -607.6937 0.705651
929.67    -468.6777 -607.6925 0.7056487
929.68    -468.5338 -607.6912 0.7056499
929.69    -468.3898 -607.6899 0.7056543
929.7    -468.2459 -607.6887 0.7056634
929.71    -468.1019 -607.6874 0.7056771
929.72    -467.9579 -607.6862 0.705695
929.73    -467.8139 -607.6851 0.7057169
929.74    -467.6699 -607.6838 0.7057427
929.75    -467.5258 -607.6826 0.7057731
929.7599    -467.3818 -607.6814 0.7058079
929.77    -467.2377 -607.6802 0.7058471
929.78    -467.0936 -607.6791 0.7058902
929.79    -466.9495 -607.678 0.7059371
929.8    -466.8054 -607.6768 0.7059883
929.81    -466.6612 -607.6757 0.7060437
929.82    -466.5171 -607.6745 0.7061029
929.83    -466.3729 -607.6734 0.7061659
929.84    -466.2286 -607.6723 0.7062322
929.85    -466.0844 -607.6712 0.7063022
929.86    -465.9402 -607.6701 0.7063757
929.87    -465.7959 -607.6691 0.7064524
929.88    -465.6516 -607.668 0.7065321
929.89    -465.5073 -607.6669 0.7066149
929.9    -465.363 -607.6658 0.7067004
929.91    -465.2187 -607.6648 0.7067886
929.92    -465.0743 -607.6638 0.7068793
929.93    -464.9299 -607.6627 0.7069725
929.94    -464.7855 -607.6617 0.707068
929.95    -464.6411 -607.6606 0.7071655
929.96    -464.4967 -607.6596 0.7072653
929.97    -464.3522 -607.6587 0.7073669
929.98    -464.2078 -607.6577 0.7074704
929.99    -464.0633 -607.6567 0.7075757
930    -463.9188 -607.6558 0.7076827
930.0099    -463.7742 -607.6548 0.7077912
930.02    -463.6297 -607.6538 0.7079013
930.03    -463.4851 -607.6528 0.7080129
930.04    -463.3405 -607.6519 0.7081258
930.05    -463.196 -607.651 0.70824
930.06    -463.0513 -607.6501 0.7083554
930.07    -462.9067 -607.6492 0.708472
930.08    -462.7621 -607.6483 0.7085897
930.09    -462.6174 -607.6474 0.7087085
930.1    -462.4727 -607.6465 0.7088283
930.11    -462.3279 -607.6456 0.708949
930.12    -462.1832 -607.6447 0.7090707
930.13    -462.0385 -607.6439 0.7091931
930.14    -461.8937 -607.643 0.7093164
930.15    -461.7489 -607.6422 0.7094405
930.16    -461.6041 -607.6413 0.7095653
930.17    -461.4593 -607.6404 0.7096908
930.18    -461.3145 -607.6396 0.7098169
930.19    -461.1696 -607.6388 0.7099437
930.2    -461.0247 -607.638 0.7100711
930.21    -460.8798 -607.6372 0.7101991
930.22    -460.7349 -607.6364 0.7103274
930.23    -460.59 -607.6356 0.7104564
930.24    -460.445 -607.6348 0.7105858
930.25    -460.3001 -607.634 0.7107157
930.2599    -460.1551 -607.6332 0.710846
930.27    -460.0101 -607.6326 0.7109768
930.28    -459.8651 -607.6318 0.7111079
930.29    -459.72 -607.6311 0.7112393
930.3    -459.575 -607.6304 0.7113711
930.31    -459.4299 -607.6296 0.7115031
930.32    -459.2848 -607.6289 0.7116354
930.33    -459.1397 -607.6282 0.7117678
930.34    -458.9946 -607.6274 0.7119004
930.35    -458.8494 -607.6268 0.7120332
930.36    -458.7043 -607.6262 0.7121654
930.37    -458.5591 -607.6255 0.7122968
930.38    -458.4139 -607.6248 0.7124276
930.39    -458.2686 -607.6241 0.712558
930.4    -458.1234 -607.6235 0.7126862
930.41    -457.9782 -607.6229 0.7128125
930.42    -457.8329 -607.6223 0.7129371
930.43    -457.6876 -607.6216 0.71306
930.44    -457.5423 -607.621 0.7131812
930.45    -457.3969 -607.6204 0.7133009
930.46    -457.2516 -607.6198 0.7134167
930.47    -457.1063 -607.6193 0.7135289
930.48    -456.9609 -607.6187 0.7136378
930.49    -456.8155 -607.6182 0.7137433
930.5    -456.67 -607.6176 0.7138439
930.5099    -456.5246 -607.6171 0.71394
930.52    -456.3792 -607.6165 0.7140315
930.53    -456.2337 -607.616 0.7141189
930.54    -456.0882 -607.6155 0.7142023
930.55    -455.9427 -607.615 0.7142801
930.56    -455.7972 -607.6145 0.7143526
930.57    -455.6516 -607.614 0.71442
930.58    -455.5061 -607.6136 0.7144827
930.59    -455.3605 -607.6131 0.7145408
930.6    -455.2149 -607.6126 0.7145934
930.61    -455.0693 -607.6122 0.7146406
930.62    -454.9237 -607.6118 0.7146828
930.63    -454.778 -607.6114 0.7147201
930.64    -454.6323 -607.611 0.714753
930.65    -454.4867 -607.6105 0.7147813
930.66    -454.341 -607.6101 0.7148052
930.67    -454.1953 -607.6097 0.7148252
930.68    -454.0495 -607.6094 0.714841
930.69    -453.9037 -607.6091 0.7148533
930.7    -453.758 -607.6087 0.714862
930.71    -453.6122 -607.6083 0.7148674
930.72    -453.4664 -607.608 0.7148696
930.73    -453.3205 -607.6077 0.7148688
930.74    -453.1747 -607.6074 0.7148651
930.75    -453.0288 -607.6071 0.7148587
930.7599    -452.8829 -607.6068 0.7148498
930.77    -452.737 -607.6065 0.7148383
930.78    -452.5911 -607.6062 0.7148246
930.79    -452.4451 -607.6059 0.7148086
930.8    -452.2992 -607.6057 0.7147906
930.81    -452.1532 -607.6055 0.7147705
930.82    -452.0072 -607.6052 0.7147486
930.83    -451.8612 -607.605 0.7147248
930.84    -451.7151 -607.6047 0.7146993
930.85    -451.5691 -607.6045 0.7146722
930.86    -451.4231 -607.6042 0.7146435
930.87    -451.277 -607.6041 0.7146133
930.88    -451.1309 -607.6039 0.7145817
930.89    -450.9847 -607.6037 0.7145488
930.9    -450.8386 -607.6035 0.7145146
930.91    -450.6925 -607.6033 0.7144791
930.92    -450.5463 -607.6031 0.7144425
930.93    -450.4001 -607.603 0.7144048
930.94    -450.2539 -607.6028 0.714366
930.95    -450.1077 -607.6026 0.7143261
930.96    -449.9614 -607.6024 0.7142854
930.97    -449.8152 -607.6023 0.7142438
930.98    -449.6689 -607.6022 0.7142012
930.99    -449.5226 -607.6021 0.7141578
931    -449.3763 -607.602 0.7141135
931.0099    -449.2299 -607.6019 0.7140685
931.02    -449.0836 -607.6017 0.7140228
931.03    -448.9372 -607.6016 0.7139764
931.04    -448.7908 -607.6015 0.7139292
931.05    -448.6444 -607.6014 0.7138816
931.06    -448.498 -607.6013 0.7138332
931.07    -448.3516 -607.6012 0.7137843
931.08    -448.2051 -607.6011 0.7137349
931.09    -448.0587 -607.6011 0.7136848
931.1    -447.9122 -607.601 0.7136344
931.11    -447.7657 -607.601 0.7135834
931.12    -447.6191 -607.6009 0.713532
931.13    -447.4726 -607.6008 0.7134801
931.14    -447.326 -607.6008 0.7134278
931.15    -447.1794 -607.6007 0.7133752
931.16    -447.0328 -607.6006 0.7133221
931.17    -446.8862 -607.6006 0.7132686
931.18    -446.7396 -607.6005 0.7132149
931.19    -446.5929 -607.6005 0.7131608
931.2    -446.4462 -607.6005 0.7131063
931.21    -446.2996 -607.6005 0.7130516
931.22    -446.1529 -607.6005 0.7129965
931.23    -446.0061 -607.6005 0.7129412
931.24    -445.8594 -607.6005 0.7128857
931.25    -445.7126 -607.6005 0.7128298
931.2599    -445.5658 -607.6005 0.7127738
931.27    -445.419 -607.6005 0.7127175
931.28    -445.2722 -607.6005 0.7126609
931.29    -445.1254 -607.6005 0.7126042
931.3    -444.9785 -607.6005 0.7125473
931.31    -444.8317 -607.6005 0.7124901
931.32    -444.6848 -607.6005 0.7124329
931.33    -444.5379 -607.6005 0.7123753
931.34    -444.3909 -607.6005 0.7123178
931.35    -444.244 -607.6005 0.7122599
931.36    -444.097 -607.6005 0.7122019
931.37    -443.9501 -607.6005 0.7121437
931.38    -443.8031 -607.6005 0.7120854
931.39    -443.6561 -607.6005 0.7120271
931.4    -443.5091 -607.6005 0.7119685
931.41    -443.362 -607.6005 0.7119098
931.42    -443.215 -607.6005 0.711851
931.43    -443.0679 -607.6005 0.7117921
931.44    -442.9208 -607.6006 0.711733
931.45    -442.7737 -607.6006 0.7116739
931.46    -442.6266 -607.6007 0.7116147
931.47    -442.4794 -607.6008 0.7115554
931.48    -442.3323 -607.6008 0.7114959
931.49    -442.1851 -607.6009 0.7114364
931.5    -442.0379 -607.601 0.7113768
931.5099    -441.8907 -607.601 0.7113171
931.52    -441.7434 -607.6011 0.7112574
931.53    -441.5962 -607.6011 0.7111976
931.54    -441.4489 -607.6012 0.7111377
931.55    -441.3016 -607.6013 0.7110776
931.56    -441.1544 -607.6013 0.7110175
931.57    -441.007 -607.6014 0.7109575
931.58    -440.8597 -607.6014 0.7108973
931.59    -440.7123 -607.6014 0.710837
931.6    -440.565 -607.6014 0.7107767
931.61    -440.4176 -607.6014 0.7107163
931.62    -440.2702 -607.6014 0.7106559
931.63    -440.1228 -607.6014 0.7105954
931.64    -439.9754 -607.6013 0.7105349
931.65    -439.8279 -607.6013 0.7104744
931.66    -439.6805 -607.6013 0.7104141
931.67    -439.533 -607.6013 0.7103539
931.68    -439.3855 -607.6013 0.7102937
931.69    -439.238 -607.6013 0.7102336
931.7    -439.0905 -607.6013 0.7101741
931.71    -438.943 -607.6013 0.7101154
931.72    -438.7954 -607.6013 0.7100572
931.73    -438.6479 -607.6012 0.7099995
931.74    -438.5003 -607.6011 0.7099425
931.75    -438.3527 -607.6011 0.7098868
931.7599    -438.2051 -607.601 0.7098325
931.77    -438.0575 -607.601 0.7097797
931.78    -437.9098 -607.6009 0.709728
